0 159
1 92
2 131
3 116
4 116
5 118
6 122
7 126
8 101
9 127
10 116
11 119
12 111
13 119
14 139
15 125
16 103
17 110
18 127
19 139
20 113
21 132
22 129
23 114
24 142
25 132
26 106
27 115
28 110
29 124
30 123
31 124
32 106
33 125
34 122
35 111
36 124
37 112
38 126
39 131
40 140
41 134
42 129
43 134
44 112
45 101
46 135
47 121
48 114
49 104
50 117
51 122
52 113
53 110
54 140
55 107
56 124
57 131
58 107
59 126
60 130
61 130
62 130
63 126
64 116
65 143
66 128
67 135
68 134
69 104
70 108
71 126
72 116
73 125
74 127
75 118
76 126
77 139
78 109
79 124
80 124
81 107
82 103
83 140
84 97
85 133
86 126
87 121
88 119
89 136
90 119
91 120
92 131
93 110
94 98
95 116
96 133
97 131
98 118
99 114
100 115
101 108
102 115
103 115
104 135
105 131
106 125
107 117
108 103
109 124
110 119
111 139
112 137
113 95
114 124
115 109
116 119
117 124
118 123
119 122
120 128
121 128
122 114
123 121
124 111
125 107
126 125
127 130
128 133
129 115
130 123
131 117
132 137
133 128
134 126
135 130
136 119
137 126
138 118
139 133
140 109
141 124
142 137
143 142
144 108
145 126
146 152
147 128
148 130
149 112
150 139
151 126
152 138
153 122
154 121
155 129
156 135
157 119
158 124
159 134
160 154
161 123
162 138
163 129
164 125
165 144
166 132
167 121
168 110
169 128
170 154
171 137
172 132
173 150
174 123
175 126
176 132
177 124
178 107
179 130
180 140
181 124
182 161
183 132
184 120
185 119
186 147
187 125
188 135
189 142
190 111
191 133
192 134
193 101
194 130
195 115
196 124
197 136
198 116
199 124
200 134
201 124
202 126
203 128
204 122
205 138
206 154
207 117
208 136
209 137
210 111
211 112
212 113
213 128
214 106
215 119
216 117
217 131
218 123
219 132
220 162
221 160
222 141
223 136
224 118
225 128
226 155
227 149
228 134
229 109
230 141
231 137
232 133
233 123
234 125
235 120
236 131
237 142
238 112
239 127
240 157
241 127
242 141
243 128
244 133
245 118
246 136
247 145
248 117
249 110
250 151
251 141
252 130
253 147
254 151
255 128
256 120
257 129
258 138
259 156
260 145
261 137
262 151
263 148
264 137
265 150
266 119
267 133
268 144
269 127
270 125
271 140
272 134
273 143
274 135
275 134
276 135
277 154
278 153
279 121
280 127
281 147
282 120
283 132
284 158
285 113
286 145
287 140
288 141
289 153
290 151
291 146
292 123
293 132
294 152
295 115
296 140
297 134
298 130
299 129
300 133
301 155
302 153
303 144
304 125
305 152
306 143
307 149
308 135
309 129
310 157
311 161
312 152
313 140
314 147
315 130
316 133
317 124
318 137
319 143
320 119
321 145
322 131
323 137
324 124
325 117
326 141
327 135
328 126
329 127
330 147
331 141
332 150
333 139
334 145
335 144
336 131
337 144
338 126
339 145
340 123
341 122
342 131
343 155
344 138
345 130
346 109
347 140
348 153
349 141
350 149
351 131
352 135
353 124
354 153
355 138
356 138
357 145
358 162
359 124
360 140
361 130
362 135
363 136
364 143
365 145
366 154
367 140
368 133
369 144
370 164
371 148
372 148
373 132
374 173
375 163
376 139
377 131
378 138
379 125
380 135
381 140
382 145
383 134
384 148
385 138
386 138
387 125
388 135
389 154
390 163
391 144
392 136
393 151
394 141
395 139
396 125
397 158
398 132
399 165
400 140
401 143
402 141
403 167
404 139
405 139
406 140
407 136
408 170
409 178
410 127
411 133
412 146
413 156
414 125
415 157
416 145
417 138
418 148
419 162
420 147
421 134
422 131
423 144
424 125
425 137
426 147
427 130
428 160
429 151
430 153
431 138
432 154
433 148
434 138
435 134
436 152
437 161
438 142
439 134
440 127
441 143
442 157
443 128
444 143
445 138
446 140
447 125
448 135
449 143
450 148
451 156
452 145
453 154
454 147
455 134
456 144
457 144
458 125
459 141
460 133
461 180
462 139
463 149
464 121
465 162
466 144
467 154
468 142
469 170
470 141
471 172
472 147
473 134
474 144
475 132
476 144
477 138
478 155
479 150
480 159
481 163
482 155
483 191
484 197
485 181
486 181
487 187
488 183
489 200
490 195
491 225
492 199
493 219
494 188
495 226
496 213
497 219
498 221
499 277
500 262
501 307
502 345
503 277
504 324
505 373
506 417
507 376
508 349
509 352
510 398
511 412
512 418
513 337
514 368
515 392
516 381
517 386
518 436
519 367
520 421
521 419
522 391
523 305
524 264
525 224
526 176
527 195
528 167
529 178
530 149
531 153
532 166
533 154
534 134
535 158
536 151
537 153
538 172
539 155
540 168
541 158
542 142
543 127
544 124
545 129
546 152
547 139
548 159
549 136
550 145
551 157
552 145
553 134
554 132
555 137
556 138
557 144
558 128
559 151
560 147
561 155
562 144
563 136
564 157
565 149
566 155
567 149
568 161
569 196
570 146
571 134
572 145
573 133
574 133
575 129
576 155
577 142
578 167
579 137
580 156
581 163
582 154
583 146
584 149
585 175
586 172
587 158
588 150
589 151
590 119
591 145
592 158
593 143
594 146
595 159
596 148
597 158
598 140
599 135
600 134
601 138
602 156
603 138
604 160
605 132
606 152
607 150
608 169
609 141
610 157
611 139
612 165
613 147
614 142
615 156
616 145
617 143
618 133
619 148
620 157
621 127
622 131
623 145
624 137
625 127
626 121
627 143
628 137
629 130
630 155
631 160
632 135
633 140
634 157
635 145
636 144
637 137
638 128
639 132
640 161
641 163
642 132
643 166
644 132
645 172
646 158
647 158
648 154
649 152
650 144
651 148
652 176
653 142
654 123
655 123
656 160
657 170
658 140
659 124
660 124
661 155
662 159
663 150
664 139
665 153
666 150
667 152
668 143
669 142
670 158
671 153
672 145
673 151
674 158
675 137
676 145
677 142
678 136
679 167
680 154
681 131
682 154
683 143
684 123
685 143
686 141
687 139
688 146
689 144
690 173
691 127
692 111
693 155
694 139
695 162
696 162
697 141
698 125
699 155
700 162
701 175
702 162
703 151
704 161
705 139
706 148
707 122
708 147
709 140
710 136
711 151
712 127
713 132
714 167
715 138
716 128
717 135
718 132
719 117
720 136
721 125
722 154
723 153
724 130
725 142
726 139
727 139
728 134
729 150
730 146
731 153
732 131
733 168
734 148
735 148
736 152
737 147
738 110
739 181
740 137
741 130
742 153
743 139
744 130
745 126
746 138
747 126
748 133
749 151
750 125
751 135
752 147
753 131
754 117
755 128
756 152
757 140
758 144
759 145
760 143
761 122
762 131
763 129
764 130
765 125
766 127
767 133
768 133
769 117
770 138
771 141
772 131
773 126
774 134
775 103
776 134
777 162
778 150
779 135
780 144
781 146
782 146
783 145
784 113
785 117
786 150
787 162
788 131
789 135
790 135
791 154
792 141
793 123
794 141
795 123
796 135
797 125
798 155
799 147
800 149
801 118
802 123
803 115
804 148
805 141
806 146
807 121
808 150
809 126
810 133
811 143
812 140
813 139
814 127
815 135
816 146
817 143
818 142
819 116
820 129
821 126
822 148
823 129
824 141
825 146
826 113
827 139
828 143
829 138
830 151
831 129
832 145
833 145
834 151
835 159
836 137
837 131
838 134
839 153
840 150
841 179
842 145
843 151
844 127
845 159
846 136
847 161
848 134
849 142
850 136
851 122
852 130
853 126
854 116
855 114
856 136
857 106
858 131
859 135
860 122
861 132
862 121
863 108
864 138
865 145
866 120
867 140
868 111
869 119
870 110
871 115
872 131
873 110
874 137
875 143
876 111
877 111
878 147
879 122
880 155
881 142
882 125
883 120
884 124
885 120
886 120
887 116
888 133
889 138
890 129
891 131
892 125
893 112
894 121
895 116
896 118
897 119
898 124
899 127
900 134
901 132
902 137
903 147
904 139
905 119
906 124
907 107
908 139
909 118
910 114
911 147
912 119
913 119
914 124
915 126
916 129
917 138
918 118
919 147
920 114
921 155
922 112
923 122
924 112
925 146
926 122
927 135
928 126
929 126
930 136
931 137
932 117
933 133
934 129
935 136
936 109
937 121
938 118
939 135
940 129
941 121
942 139
943 121
944 144
945 111
946 115
947 115
948 108
949 120
950 119
951 122
952 152
953 120
954 136
955 124
956 137
957 129
958 98
959 120
960 162
961 119
962 142
963 141
964 137
965 130
966 150
967 142
968 137
969 138
970 142
971 134
972 133
973 133
974 128
975 146
976 153
977 130
978 128
979 146
980 151
981 132
982 122
983 124
984 126
985 143
986 140
987 129
988 133
989 145
990 134
991 132
992 142
993 130
994 159
995 162
996 210
997 197
998 197
999 223
1000 245
1001 280
1002 362
1003 547
1004 567
1005 520
1006 445
1007 496
1008 521
1009 415
1010 524
1011 555
1012 666
1013 864
1014 758
1015 724
1016 837
1017 998
1018 1322
1019 1410
1020 1178
1021 1270
1022 1285
1023 1485
1024 1695
1025 2051
1026 2351
1027 1985
1028 1798
1029 1590
1030 1421
1031 1150
1032 928
1033 665
1034 516
1035 454
1036 326
1037 242
1038 239
1039 191
1040 157
1041 161
1042 140
1043 147
1044 152
1045 139
1046 145
1047 142
1048 137
1049 143
1050 133
1051 145
1052 139
1053 132
1054 135
1055 137
1056 124
1057 139
1058 112
1059 134
1060 142
1061 152
1062 142
1063 145
1064 106
1065 119
1066 116
1067 118
1068 129
1069 117
1070 131
1071 130
1072 122
1073 151
1074 108
1075 137
1076 125
1077 136
1078 122
1079 150
1080 136
1081 116
1082 125
1083 115
1084 122
1085 129
1086 142
1087 123
1088 122
1089 133
1090 100
1091 106
1092 115
1093 139
1094 143
1095 97
1096 117
1097 123
1098 124
1099 130
1100 113
1101 124
1102 128
1103 113
1104 92
1105 133
1106 130
1107 105
1108 116
1109 142
1110 118
1111 144
1112 123
1113 123
1114 145
1115 108
1116 147
1117 113
1118 92
1119 117
1120 106
1121 111
1122 107
1123 139
1124 125
1125 105
1126 144
1127 93
1128 114
1129 123
1130 119
1131 138
1132 124
1133 107
1134 117
1135 123
1136 119
1137 135
1138 136
1139 133
1140 120
1141 137
1142 138
1143 157
1144 147
1145 187
1146 189
1147 163
1148 187
1149 205
1150 222
1151 190
1152 215
1153 254
1154 307
1155 327
1156 381
1157 306
1158 346
1159 266
1160 233
1161 195
1162 217
1163 176
1164 191
1165 177
1166 170
1167 151
1168 125
1169 128
1170 132
1171 122
1172 137
1173 129
1174 117
1175 121
1176 113
1177 121
1178 122
1179 111
1180 125
1181 119
1182 126
1183 122
1184 115
1185 115
1186 109
1187 112
1188 112
1189 121
1190 128
1191 93
1192 119
1193 124
1194 125
1195 123
1196 118
1197 112
1198 114
1199 118
1200 103
1201 125
1202 122
1203 127
1204 126
1205 121
1206 119
1207 128
1208 127
1209 113
1210 117
1211 139
1212 110
1213 144
1214 120
1215 109
1216 124
1217 111
1218 118
1219 137
1220 111
1221 98
1222 90
1223 130
1224 126
1225 117
1226 109
1227 103
1228 105
1229 113
1230 112
1231 84
1232 131
1233 125
1234 102
1235 97
1236 96
1237 112
1238 110
1239 108
1240 106
1241 92
1242 120
1243 115
1244 100
1245 115
1246 113
1247 99
1248 85
1249 116
1250 110
1251 114
1252 104
1253 130
1254 120
1255 94
1256 134
1257 85
1258 93
1259 101
1260 99
1261 124
1262 99
1263 96
1264 93
1265 88
1266 80
1267 80
1268 80
1269 91
1270 72
1271 76
1272 65
1273 75
1274 60
1275 78
1276 58
1277 61
1278 55
1279 82
1280 135
1281 136
1282 128
1283 155
1284 139
1285 165
1286 164
1287 197
1288 198
1289 193
1290 225
1291 237
1292 275
1293 316
1294 315
1295 358
1296 421
1297 397
1298 547
1299 669
1300 698
1301 648
1302 741
1303 815
1304 917
1305 970
1306 975
1307 780
1308 806
1309 755
1310 950
1311 823
1312 728
1313 569
1314 487
1315 498
1316 450
1317 346
1318 351
1319 341
1320 249
1321 189
1322 140
1323 112
1324 102
1325 124
1326 102
1327 98
1328 98
1329 97
1330 89
1331 78
1332 111
1333 95
1334 80
1335 105
1336 108
1337 94
1338 86
1339 74
1340 89
1341 88
1342 88
1343 79
1344 92
1345 86
1346 111
1347 79
1348 86
1349 79
1350 84
1351 88
1352 83
1353 85
1354 75
1355 80
1356 84
1357 94
1358 102
1359 102
1360 95
1361 102
1362 85
1363 97
1364 91
1365 89
1366 100
1367 77
1368 84
1369 90
1370 83
1371 86
1372 87
1373 92
1374 87
1375 94
1376 60
1377 93
1378 103
1379 93
1380 96
1381 83
1382 85
1383 93
1384 75
1385 85
1386 85
1387 74
1388 89
1389 100
1390 93
1391 93
1392 94
1393 88
1394 88
1395 83
1396 82
1397 84
1398 90
1399 95
1400 79
1401 83
1402 93
1403 100
1404 82
1405 95
1406 82
1407 77
1408 98
1409 83
1410 78
1411 82
1412 83
1413 75
1414 74
1415 84
1416 83
1417 107
1418 108
1419 83
1420 81
1421 76
1422 97
1423 89
1424 98
1425 90
1426 65
1427 100
1428 83
1429 92
1430 77
1431 77
1432 88
1433 77
1434 91
1435 84
1436 96
1437 89
1438 83
1439 76
1440 117
1441 77
1442 79
1443 104
1444 79
1445 99
1446 81
1447 85
1448 91
1449 95
1450 100
1451 93
1452 91
1453 84
1454 97
1455 85
1456 79
1457 86
1458 90
1459 89
1460 67
1461 72
1462 92
1463 86
1464 84
1465 71
1466 84
1467 83
1468 84
1469 63
1470 91
1471 82
1472 76
1473 89
1474 72
1475 71
1476 63
1477 88
1478 76
1479 73
1480 81
1481 74
1482 74
1483 87
1484 99
1485 83
1486 103
1487 72
1488 60
1489 76
1490 89
1491 95
1492 91
1493 86
1494 75
1495 88
1496 85
1497 91
1498 73
1499 76
1500 90
1501 89
1502 78
1503 86
1504 83
1505 86
1506 89
1507 84
1508 76
1509 95
1510 98
1511 86
1512 93
1513 58
1514 59
1515 71
1516 78
1517 90
1518 86
1519 71
1520 79
1521 67
1522 80
1523 85
1524 67
1525 77
1526 78
1527 78
1528 78
1529 75
1530 69
1531 80
1532 74
1533 69
1534 76
1535 69
1536 87
1537 82
1538 88
1539 81
1540 70
1541 80
1542 81
1543 90
1544 78
1545 77
1546 88
1547 93
1548 69
1549 83
1550 66
1551 67
1552 88
1553 82
1554 83
1555 69
1556 86
1557 56
1558 78
1559 75
1560 84
1561 83
1562 92
1563 69
1564 65
1565 87
1566 78
1567 64
1568 77
1569 83
1570 75
1571 82
1572 77
1573 66
1574 81
1575 60
1576 85
1577 87
1578 87
1579 78
1580 68
1581 87
1582 70
1583 69
1584 79
1585 72
1586 88
1587 68
1588 75
1589 77
1590 79
1591 73
1592 74
1593 71
1594 97
1595 78
1596 65
1597 81
1598 64
1599 73
1600 63
1601 53
1602 71
1603 60
1604 80
1605 84
1606 87
1607 86
1608 73
1609 73
1610 88
1611 83
1612 65
1613 73
1614 55
1615 77
1616 73
1617 68
1618 66
1619 59
1620 63
1621 54
1622 80
1623 76
1624 73
1625 64
1626 71
1627 75
1628 62
1629 76
1630 82
1631 81
1632 73
1633 76
1634 77
1635 59
1636 71
1637 89
1638 79
1639 74
1640 61
1641 69
1642 79
1643 75
1644 74
1645 71
1646 64
1647 63
1648 76
1649 73
1650 67
1651 69
1652 77
1653 59
1654 76
1655 64
1656 71
1657 68
1658 56
1659 56
1660 74
1661 80
1662 74
1663 71
1664 93
1665 74
1666 61
1667 66
1668 62
1669 69
1670 66
1671 70
1672 75
1673 69
1674 69
1675 75
1676 79
1677 57
1678 77
1679 63
1680 83
1681 81
1682 73
1683 80
1684 75
1685 68
1686 78
1687 69
1688 71
1689 69
1690 78
1691 84
1692 70
1693 77
1694 83
1695 73
1696 88
1697 77
1698 76
1699 76
1700 92
1701 88
1702 106
1703 72
1704 94
1705 73
1706 97
1707 114
1708 100
1709 82
1710 98
1711 66
1712 76
1713 90
1714 100
1715 88
1716 77
1717 60
1718 79
1719 70
1720 91
1721 81
1722 97
1723 61
1724 69
1725 68
1726 80
1727 80
1728 73
1729 72
1730 67
1731 81
1732 75
1733 77
1734 88
1735 102
1736 96
1737 78
1738 93
1739 97
1740 110
1741 169
1742 196
1743 242
1744 248
1745 152
1746 186
1747 182
1748 263
1749 330
1750 380
1751 362
1752 335
1753 350
1754 354
1755 319
1756 326
1757 297
1758 335
1759 438
1760 497
1761 524
1762 517
1763 455
1764 453
1765 492
1766 507
1767 456
1768 377
1769 494
1770 395
1771 351
1772 275
1773 216
1774 210
1775 205
1776 213
1777 197
1778 167
1779 113
1780 106
1781 88
1782 94
1783 87
1784 74
1785 75
1786 58
1787 66
1788 77
1789 80
1790 78
1791 57
1792 82
1793 72
1794 77
1795 58
1796 66
1797 71
1798 75
1799 69
1800 63
1801 75
1802 63
1803 82
1804 71
1805 68
1806 79
1807 72
1808 78
1809 63
1810 66
1811 74
1812 77
1813 71
1814 50
1815 61
1816 59
1817 66
1818 87
1819 55
1820 60
1821 60
1822 69
1823 62
1824 65
1825 76
1826 58
1827 69
1828 60
1829 67
1830 64
1831 59
1832 70
1833 79
1834 77
1835 70
1836 67
1837 60
1838 62
1839 53
1840 61
1841 57
1842 73
1843 66
1844 60
1845 70
1846 68
1847 57
1848 70
1849 61
1850 57
1851 76
1852 58
1853 64
1854 54
1855 67
1856 72
1857 57
1858 68
1859 57
1860 91
1861 68
1862 52
1863 58
1864 76
1865 70
1866 69
1867 75
1868 81
1869 55
1870 80
1871 60
1872 81
1873 62
1874 77
1875 64
1876 69
1877 70
1878 81
1879 80
1880 66
1881 64
1882 76
1883 45
1884 69
1885 61
1886 61
1887 64
1888 68
1889 61
1890 81
1891 76
1892 61
1893 73
1894 73
1895 75
1896 65
1897 65
1898 65
1899 72
1900 53
1901 63
1902 69
1903 65
1904 73
1905 57
1906 73
1907 74
1908 66
1909 74
1910 66
1911 79
1912 68
1913 82
1914 73
1915 81
1916 67
1917 70
1918 76
1919 73
1920 71
1921 76
1922 79
1923 74
1924 75
1925 90
1926 114
1927 66
1928 89
1929 79
1930 87
1931 70
1932 75
1933 76
1934 110
1935 70
1936 71
1937 68
1938 101
1939 72
1940 67
1941 74
1942 75
1943 66
1944 100
1945 69
1946 80
1947 92
1948 76
1949 63
1950 75
1951 80
1952 69
1953 65
1954 55
1955 78
1956 81
1957 78
1958 88
1959 83
1960 77
1961 90
1962 72
1963 77
1964 76
1965 64
1966 69
1967 80
1968 89
1969 82
1970 81
1971 82
1972 78
1973 87
1974 63
1975 105
1976 68
1977 77
1978 87
1979 118
1980 119
1981 103
1982 92
1983 114
1984 131
1985 164
1986 165
1987 161
1988 209
1989 208
1990 249
1991 276
1992 287
1993 303
1994 348
1995 414
1996 511
1997 583
1998 603
1999 647
2000 741
2001 832
2002 1030
2003 1292
2004 1186
2005 1330
2006 1386
2007 1572
2008 1762
2009 1702
2010 1674
2011 1627
2012 1437
2013 1505
2014 1452
2015 1265
2016 1399
2017 1248
2018 1235
2019 1003
2020 1022
2021 1070
2022 973
2023 917
2024 776
2025 541
2026 513
2027 379
2028 321
2029 295
2030 241
2031 201
2032 164
2033 123
2034 114
2035 114
2036 78
2037 93
2038 75
2039 78
2040 89
2041 102
2042 94
2043 74
2044 73
2045 73
2046 71
2047 62
2048 58
2049 55
2050 59
2051 74
2052 69
2053 65
2054 65
2055 48
2056 57
2057 63
2058 67
2059 69
2060 63
2061 53
2062 58
2063 65
2064 49
2065 58
2066 79
2067 64
2068 55
2069 75
2070 63
2071 63
2072 58
2073 59
2074 54
2075 53
2076 83
2077 60
2078 58
2079 62
2080 69
2081 52
2082 58
2083 49
2084 57
2085 68
2086 60
2087 57
2088 57
2089 65
2090 54
2091 56
2092 53
2093 56
2094 66
2095 58
2096 62
2097 56
2098 59
2099 65
2100 56
2101 61
2102 51
2103 44
2104 66
2105 53
2106 60
2107 79
2108 76
2109 56
2110 59
2111 61
2112 62
2113 64
2114 63
2115 67
2116 73
2117 60
2118 65
2119 57
2120 65
2121 63
2122 62
2123 62
2124 74
2125 71
2126 57
2127 55
2128 57
2129 79
2130 59
2131 85
2132 73
2133 64
2134 64
2135 74
2136 63
2137 54
2138 57
2139 49
2140 54
2141 60
2142 50
2143 63
2144 68
2145 67
2146 54
2147 60
2148 70
2149 63
2150 83
2151 71
2152 49
2153 64
2154 54
2155 56
2156 46
2157 50
2158 45
2159 74
2160 72
2161 59
2162 63
2163 52
2164 78
2165 59
2166 57
2167 69
2168 55
2169 58
2170 45
2171 53
2172 54
2173 69
2174 61
2175 64
2176 63
2177 63
2178 68
2179 75
2180 74
2181 79
2182 82
2183 90
2184 93
2185 100
2186 112
2187 91
2188 91
2189 109
2190 122
2191 166
2192 189
2193 180
2194 193
2195 180
2196 178
2197 205
2198 191
2199 195
2200 206
2201 246
2202 270
2203 319
2204 311
2205 337
2206 319
2207 307
2208 357
2209 408
2210 408
2211 406
2212 322
2213 305
2214 318
2215 312
2216 300
2217 245
2218 216
2219 205
2220 185
2221 199
2222 197
2223 178
2224 152
2225 163
2226 136
2227 122
2228 112
2229 82
2230 79
2231 64
2232 65
2233 57
2234 47
2235 50
2236 63
2237 53
2238 68
2239 67
2240 49
2241 46
2242 65
2243 63
2244 51
2245 56
2246 55
2247 55
2248 67
2249 51
2250 56
2251 44
2252 60
2253 50
2254 52
2255 48
2256 59
2257 60
2258 53
2259 48
2260 63
2261 55
2262 51
2263 55
2264 49
2265 64
2266 55
2267 51
2268 56
2269 52
2270 46
2271 43
2272 52
2273 41
2274 50
2275 51
2276 45
2277 48
2278 41
2279 48
2280 43
2281 59
2282 55
2283 52
2284 41
2285 56
2286 39
2287 42
2288 58
2289 41
2290 43
2291 51
2292 49
2293 60
2294 54
2295 70
2296 49
2297 61
2298 49
2299 55
2300 52
2301 43
2302 71
2303 50
2304 41
2305 61
2306 45
2307 45
2308 46
2309 57
2310 55
2311 55
2312 42
2313 56
2314 61
2315 45
2316 44
2317 65
2318 54
2319 60
2320 53
2321 50
2322 59
2323 46
2324 54
2325 53
2326 46
2327 36
2328 56
2329 46
2330 61
2331 51
2332 42
2333 55
2334 51
2335 56
2336 57
2337 56
2338 54
2339 63
2340 42
2341 47
2342 60
2343 64
2344 42
2345 64
2346 60
2347 48
2348 42
2349 51
2350 49
2351 51
2352 48
2353 55
2354 52
2355 46
2356 74
2357 44
2358 54
2359 44
2360 51
2361 49
2362 51
2363 43
2364 55
2365 56
2366 37
2367 58
2368 55
2369 53
2370 55
2371 57
2372 53
2373 51
2374 55
2375 61
2376 56
2377 49
2378 51
2379 44
2380 65
2381 42
2382 52
2383 56
2384 43
2385 49
2386 45
2387 51
2388 47
2389 48
2390 61
2391 39
2392 54
2393 54
2394 54
2395 35
2396 34
2397 42
2398 43
2399 44
2400 36
2401 42
2402 38
2403 51
2404 47
2405 48
2406 39
2407 42
2408 43
2409 46
2410 53
2411 41
2412 41
2413 45
2414 34
2415 50
2416 45
2417 32
2418 49
2419 36
2420 51
2421 50
2422 43
2423 44
2424 46
2425 53
2426 60
2427 41
2428 39
2429 55
2430 42
2431 46
2432 39
2433 52
2434 37
2435 39
2436 63
2437 35
2438 59
2439 51
2440 42
2441 52
2442 49
2443 49
2444 65
2445 53
2446 45
2447 50
2448 56
2449 50
2450 61
2451 56
2452 63
2453 46
2454 65
2455 55
2456 52
2457 58
2458 52
2459 53
2460 50
2461 65
2462 57
2463 58
2464 72
2465 78
2466 100
2467 80
2468 86
2469 99
2470 123
2471 120
2472 121
2473 99
2474 119
2475 112
2476 146
2477 144
2478 221
2479 240
2480 296
2481 271
2482 224
2483 230
2484 309
2485 404
2486 478
2487 386
2488 359
2489 272
2490 240
2491 231
2492 202
2493 263
2494 202
2495 192
2496 211
2497 213
2498 244
2499 241
2500 253
2501 250
2502 234
2503 179
2504 151
2505 148
2506 114
2507 112
2508 119
2509 148
2510 138
2511 148
2512 109
2513 85
2514 68
2515 67
2516 66
2517 47
2518 59
2519 55
2520 59
2521 59
2522 46
2523 44
2524 42
2525 58
2526 47
2527 45
2528 47
2529 39
2530 49
2531 57
2532 35
2533 48
2534 47
2535 41
2536 53
2537 50
2538 48
2539 54
2540 46
2541 58
2542 44
2543 41
2544 41
2545 41
2546 56
2547 49
2548 46
2549 49
2550 56
2551 44
2552 50
2553 50
2554 43
2555 48
2556 47
2557 52
2558 61
2559 72
