0 110
1 75
2 80
3 89
4 85
5 83
6 83
7 82
8 79
9 74
10 68
11 102
12 96
13 97
14 78
15 104
16 83
17 76
18 72
19 88
20 96
21 84
22 76
23 85
24 91
25 87
26 89
27 80
28 71
29 86
30 83
31 78
32 108
33 91
34 76
35 86
36 79
37 96
38 78
39 69
40 80
41 101
42 71
43 78
44 97
45 99
46 90
47 81
48 81
49 76
50 96
51 89
52 90
53 89
54 72
55 98
56 107
57 94
58 96
59 75
60 68
61 86
62 95
63 81
64 86
65 86
66 92
67 84
68 75
69 79
70 88
71 77
72 82
73 92
74 79
75 88
76 90
77 78
78 88
79 90
80 84
81 80
82 93
83 87
84 91
85 99
86 80
87 92
88 90
89 66
90 70
91 83
92 82
93 76
94 76
95 93
96 89
97 93
98 100
99 91
100 84
101 93
102 96
103 93
104 92
105 84
106 87
107 90
108 108
109 77
110 91
111 76
112 97
113 90
114 102
115 84
116 90
117 98
118 89
119 87
120 90
121 98
122 84
123 79
124 87
125 98
126 93
127 62
128 86
129 104
130 99
131 83
132 94
133 76
134 97
135 95
136 100
137 86
138 88
139 103
140 108
141 105
142 85
143 87
144 81
145 89
146 96
147 94
148 77
149 98
150 89
151 94
152 94
153 85
154 76
155 81
156 82
157 83
158 94
159 105
160 89
161 101
162 80
163 90
164 102
165 90
166 87
167 90
168 119
169 109
170 75
171 76
172 78
173 105
174 91
175 87
176 107
177 89
178 89
179 94
180 93
181 94
182 98
183 88
184 90
185 104
186 95
187 73
188 102
189 90
190 98
191 118
192 111
193 105
194 80
195 99
196 117
197 108
198 96
199 89
200 100
201 95
202 106
203 90
204 96
205 98
206 116
207 99
208 96
209 94
210 91
211 87
212 91
213 96
214 84
215 91
216 107
217 108
218 81
219 92
220 98
221 97
222 104
223 88
224 108
225 97
226 107
227 102
228 92
229 85
230 102
231 96
232 107
233 84
234 94
235 90
236 85
237 94
238 103
239 92
240 94
241 80
242 94
243 92
244 90
245 79
246 94
247 108
248 80
249 107
250 97
251 110
252 88
253 102
254 113
255 85
256 103
257 98
258 113
259 90
260 89
261 100
262 91
263 103
264 95
265 96
266 103
267 98
268 113
269 75
270 90
271 107
272 101
273 101
274 95
275 103
276 104
277 88
278 113
279 95
280 92
281 109
282 86
283 95
284 105
285 104
286 97
287 114
288 105
289 97
290 96
291 97
292 111
293 103
294 92
295 94
296 97
297 110
298 115
299 83
300 118
301 116
302 100
303 117
304 99
305 99
306 101
307 81
308 84
309 73
310 97
311 107
312 116
313 86
314 101
315 91
316 93
317 111
318 116
319 101
320 84
321 114
322 109
323 110
324 84
325 107
326 101
327 104
328 96
329 97
330 98
331 107
332 87
333 105
334 96
335 97
336 99
337 115
338 85
339 104
340 107
341 93
342 111
343 111
344 110
345 95
346 108
347 101
348 110
349 96
350 96
351 99
352 102
353 111
354 100
355 102
356 103
357 90
358 88
359 121
360 88
361 94
362 89
363 108
364 113
365 110
366 102
367 80
368 115
369 102
370 102
371 95
372 112
373 110
374 125
375 105
376 109
377 125
378 125
379 107
380 90
381 87
382 101
383 119
384 92
385 106
386 89
387 115
388 95
389 80
390 108
391 84
392 96
393 101
394 117
395 90
396 122
397 111
398 105
399 99
400 119
401 124
402 91
403 99
404 108
405 109
406 105
407 105
408 115
409 98
410 111
411 118
412 111
413 93
414 108
415 123
416 108
417 105
418 118
419 86
420 95
421 98
422 103
423 141
424 92
425 122
426 109
427 119
428 98
429 111
430 94
431 117
432 105
433 107
434 103
435 102
436 96
437 95
438 107
439 71
440 82
441 108
442 102
443 112
444 98
445 101
446 106
447 108
448 91
449 109
450 108
451 107
452 113
453 122
454 98
455 129
456 95
457 107
458 119
459 102
460 99
461 102
462 122
463 109
464 111
465 106
466 88
467 103
468 92
469 107
470 88
471 114
472 113
473 109
474 105
475 117
476 130
477 105
478 102
479 120
480 105
481 100
482 121
483 108
484 111
485 124
486 141
487 111
488 113
489 142
490 130
491 151
492 128
493 142
494 133
495 127
496 144
497 140
498 180
499 166
500 165
501 157
502 167
503 166
504 200
505 194
506 194
507 215
508 182
509 208
510 213
511 179
512 193
513 173
514 204
515 217
516 194
517 223
518 197
519 233
520 254
521 263
522 253
523 188
524 188
525 190
526 185
527 194
528 179
529 194
530 176
531 175
532 172
533 173
534 156
535 154
536 122
537 122
538 121
539 127
540 114
541 113
542 88
543 101
544 105
545 115
546 116
547 96
548 114
549 102
550 99
551 105
552 107
553 109
554 118
555 92
556 99
557 126
558 122
559 106
560 114
561 116
562 133
563 94
564 114
565 109
566 93
567 128
568 103
569 126
570 102
571 103
572 97
573 114
574 111
575 122
576 114
577 118
578 119
579 115
580 113
581 118
582 92
583 98
584 111
585 89
586 105
587 101
588 121
589 101
590 113
591 106
592 121
593 115
594 110
595 102
596 109
597 113
598 116
599 87
600 109
601 106
602 96
603 124
604 107
605 115
606 90
607 106
608 114
609 97
610 116
611 98
612 111
613 108
614 107
615 105
616 96
617 112
618 109
619 105
620 99
621 95
622 107
623 139
624 81
625 95
626 96
627 108
628 108
629 99
630 106
631 121
632 107
633 102
634 114
635 114
636 115
637 118
638 108
639 105
640 109
641 114
642 130
643 90
644 107
645 110
646 116
647 114
648 117
649 118
650 114
651 114
652 112
653 99
654 84
655 92
656 105
657 129
658 108
659 125
660 112
661 109
662 127
663 109
664 120
665 106
666 115
667 104
668 106
669 109
670 111
671 114
672 98
673 115
674 117
675 121
676 96
677 103
678 95
679 124
680 94
681 104
682 107
683 118
684 101
685 81
686 97
687 114
688 117
689 108
690 118
691 114
692 92
693 95
694 96
695 108
696 124
697 114
698 76
699 85
700 119
701 95
702 97
703 128
704 106
705 95
706 125
707 127
708 111
709 90
710 102
711 81
712 122
713 113
714 88
715 99
716 91
717 115
718 121
719 110
720 114
721 118
722 91
723 103
724 97
725 101
726 113
727 99
728 119
729 98
730 96
731 106
732 135
733 84
734 107
735 101
736 100
737 101
738 104
739 85
740 97
741 109
742 114
743 106
744 98
745 92
746 103
747 95
748 102
749 88
750 110
751 109
752 100
753 99
754 103
755 111
756 98
757 106
758 95
759 87
760 104
761 97
762 107
763 103
764 85
765 98
766 100
767 88
768 107
769 100
770 114
771 91
772 107
773 106
774 103
775 92
776 116
777 98
778 97
779 100
780 101
781 101
782 101
783 88
784 113
785 114
786 101
787 107
788 114
789 102
790 85
791 115
792 111
793 100
794 101
795 92
796 97
797 102
798 108
799 96
800 92
801 103
802 102
803 108
804 96
805 79
806 121
807 105
808 94
809 93
810 98
811 94
812 96
813 95
814 119
815 90
816 104
817 92
818 108
819 119
820 112
821 95
822 103
823 95
824 87
825 90
826 96
827 102
828 91
829 106
830 101
831 119
832 96
833 81
834 86
835 103
836 98
837 88
838 113
839 109
840 98
841 84
842 93
843 104
844 94
845 104
846 111
847 116
848 99
849 101
850 107
851 103
852 111
853 90
854 114
855 89
856 116
857 88
858 91
859 109
860 85
861 110
862 97
863 116
864 101
865 96
866 111
867 101
868 104
869 116
870 101
871 91
872 89
873 101
874 129
875 100
876 109
877 98
878 105
879 82
880 87
881 88
882 87
883 100
884 85
885 90
886 97
887 100
888 100
889 93
890 81
891 111
892 112
893 108
894 99
895 92
896 101
897 83
898 90
899 101
900 96
901 112
902 109
903 117
904 116
905 109
906 100
907 95
908 94
909 85
910 99
911 97
912 91
913 100
914 99
915 92
916 94
917 82
918 93
919 101
920 104
921 102
922 98
923 92
924 86
925 92
926 102
927 85
928 101
929 104
930 93
931 111
932 95
933 101
934 91
935 100
936 83
937 81
938 78
939 98
940 92
941 98
942 105
943 95
944 107
945 93
946 100
947 96
948 114
949 94
950 110
951 106
952 105
953 113
954 112
955 91
956 98
957 107
958 112
959 105
960 106
961 84
962 89
963 86
964 92
965 107
966 103
967 112
968 92
969 91
970 99
971 97
972 95
973 105
974 99
975 108
976 99
977 96
978 92
979 97
980 94
981 87
982 116
983 99
984 107
985 111
986 93
987 96
988 103
989 93
990 88
991 106
992 94
993 104
994 94
995 118
996 119
997 97
998 122
999 95
1000 102
1001 121
1002 156
1003 148
1004 157
1005 171
1006 217
1007 192
1008 210
1009 221
1010 274
1011 328
1012 361
1013 464
1014 521
1015 526
1016 577
1017 557
1018 546
1019 525
1020 544
1021 627
1022 644
1023 743
1024 779
1025 725
1026 689
1027 869
1028 974
1029 1109
1030 1158
1031 1338
1032 1440
1033 1364
1034 1302
1035 1321
1036 989
1037 850
1038 881
1039 736
1040 648
1041 624
1042 437
1043 386
1044 286
1045 255
1046 167
1047 153
1048 140
1049 121
1050 124
1051 101
1052 93
1053 88
1054 84
1055 96
1056 99
1057 99
1058 93
1059 102
1060 86
1061 108
1062 89
1063 85
1064 98
1065 103
1066 98
1067 110
1068 93
1069 94
1070 86
1071 111
1072 97
1073 110
1074 92
1075 99
1076 87
1077 82
1078 104
1079 82
1080 95
1081 94
1082 91
1083 96
1084 88
1085 100
1086 103
1087 78
1088 91
1089 93
1090 120
1091 79
1092 86
1093 113
1094 76
1095 75
1096 69
1097 85
1098 85
1099 78
1100 76
1101 94
1102 84
1103 78
1104 89
1105 104
1106 100
1107 90
1108 83
1109 110
1110 85
1111 93
1112 88
1113 98
1114 101
1115 93
1116 108
1117 89
1118 97
1119 105
1120 92
1121 99
1122 88
1123 91
1124 85
1125 87
1126 85
1127 105
1128 101
1129 104
1130 94
1131 71
1132 92
1133 91
1134 94
1135 91
1136 101
1137 89
1138 97
1139 91
1140 103
1141 101
1142 106
1143 92
1144 97
1145 101
1146 92
1147 100
1148 109
1149 110
1150 120
1151 90
1152 107
1153 107
1154 139
1155 139
1156 140
1157 118
1158 113
1159 140
1160 156
1161 161
1162 159
1163 148
1164 168
1165 159
1166 180
1167 181
1168 171
1169 161
1170 151
1171 121
1172 129
1173 114
1174 88
1175 88
1176 94
1177 98
1178 79
1179 98
1180 98
1181 84
1182 80
1183 111
1184 101
1185 88
1186 73
1187 96
1188 85
1189 88
1190 86
1191 89
1192 104
1193 87
1194 96
1195 82
1196 80
1197 98
1198 67
1199 86
1200 94
1201 73
1202 110
1203 101
1204 85
1205 102
1206 82
1207 85
1208 86
1209 106
1210 84
1211 73
1212 73
1213 90
1214 95
1215 96
1216 107
1217 94
1218 91
1219 86
1220 92
1221 87
1222 86
1223 95
1224 87
1225 89
1226 76
1227 78
1228 87
1229 91
1230 91
1231 81
1232 77
1233 87
1234 86
1235 91
1236 75
1237 77
1238 93
1239 77
1240 91
1241 86
1242 86
1243 81
1244 86
1245 82
1246 66
1247 75
1248 73
1249 88
1250 83
1251 100
1252 75
1253 99
1254 91
1255 93
1256 97
1257 92
1258 70
1259 82
1260 81
1261 78
1262 82
1263 91
1264 87
1265 71
1266 85
1267 68
1268 65
1269 65
1270 71
1271 71
1272 64
1273 56
1274 55
1275 61
1276 51
1277 43
1278 41
1279 66
1280 80
1281 74
1282 78
1283 95
1284 71
1285 77
1286 78
1287 86
1288 75
1289 87
1290 90
1291 92
1292 106
1293 114
1294 98
1295 121
1296 113
1297 150
1298 192
1299 206
1300 208
1301 205
1302 212
1303 269
1304 244
1305 264
1306 292
1307 361
1308 381
1309 454
1310 456
1311 433
1312 490
1313 464
1314 450
1315 498
1316 454
1317 385
1318 385
1319 387
1320 334
1321 325
1322 297
1323 239
1324 248
1325 187
1326 215
1327 191
1328 157
1329 99
1330 94
1331 93
1332 70
1333 69
1334 65
1335 67
1336 67
1337 59
1338 85
1339 62
1340 61
1341 49
1342 63
1343 55
1344 78
1345 72
1346 60
1347 49
1348 58
1349 80
1350 56
1351 53
1352 73
1353 61
1354 48
1355 65
1356 57
1357 62
1358 55
1359 67
1360 76
1361 79
1362 66
1363 76
1364 65
1365 65
1366 60
1367 65
1368 52
1369 55
1370 73
1371 69
1372 56
1373 60
1374 65
1375 67
1376 67
1377 54
1378 60
1379 66
1380 72
1381 54
1382 48
1383 58
1384 73
1385 66
1386 63
1387 67
1388 56
1389 61
1390 52
1391 59
1392 52
1393 49
1394 59
1395 57
1396 69
1397 54
1398 53
1399 47
1400 55
1401 56
1402 52
1403 49
1404 50
1405 64
1406 61
1407 45
1408 73
1409 53
1410 63
1411 56
1412 52
1413 50
1414 71
1415 68
1416 48
1417 57
1418 50
1419 60
1420 60
1421 55
1422 61
1423 58
1424 61
1425 73
1426 50
1427 50
1428 61
1429 72
1430 64
1431 50
1432 69
1433 62
1434 61
1435 37
1436 52
1437 73
1438 59
1439 71
1440 72
1441 68
1442 76
1443 57
1444 62
1445 67
1446 56
1447 60
1448 50
1449 68
1450 67
1451 72
1452 67
1453 52
1454 58
1455 58
1456 62
1457 68
1458 59
1459 59
1460 62
1461 76
1462 56
1463 53
1464 56
1465 54
1466 60
1467 61
1468 61
1469 59
1470 60
1471 52
1472 68
1473 55
1474 59
1475 57
1476 63
1477 56
1478 63
1479 63
1480 67
1481 72
1482 72
1483 49
1484 71
1485 61
1486 69
1487 59
1488 56
1489 70
1490 56
1491 56
1492 65
1493 66
1494 58
1495 64
1496 68
1497 76
1498 67
1499 55
1500 60
1501 61
1502 36
1503 60
1504 77
1505 49
1506 59
1507 63
1508 49
1509 46
1510 47
1511 61
1512 56
1513 66
1514 56
1515 46
1516 56
1517 61
1518 58
1519 52
1520 48
1521 46
1522 53
1523 51
1524 48
1525 54
1526 56
1527 52
1528 55
1529 66
1530 60
1531 53
1532 58
1533 40
1534 46
1535 49
1536 50
1537 60
1538 41
1539 65
1540 57
1541 57
1542 58
1543 61
1544 54
1545 49
1546 48
1547 54
1548 49
1549 46
1550 56
1551 51
1552 59
1553 51
1554 58
1555 63
1556 59
1557 51
1558 49
1559 58
1560 49
1561 37
1562 46
1563 51
1564 56
1565 60
1566 75
1567 53
1568 53
1569 49
1570 54
1571 55
1572 57
1573 45
1574 59
1575 48
1576 58
1577 65
1578 53
1579 46
1580 53
1581 45
1582 50
1583 46
1584 55
1585 60
1586 64
1587 54
1588 58
1589 54
1590 56
1591 48
1592 62
1593 55
1594 50
1595 61
1596 50
1597 55
1598 59
1599 49
1600 55
1601 57
1602 63
1603 48
1604 52
1605 49
1606 71
1607 67
1608 66
1609 52
1610 58
1611 63
1612 55
1613 39
1614 54
1615 57
1616 64
1617 56
1618 45
1619 45
1620 54
1621 46
1622 49
1623 46
1624 52
1625 54
1626 56
1627 54
1628 48
1629 47
1630 58
1631 45
1632 45
1633 51
1634 64
1635 57
1636 48
1637 65
1638 51
1639 53
1640 39
1641 49
1642 54
1643 62
1644 57
1645 54
1646 50
1647 54
1648 52
1649 54
1650 50
1651 51
1652 49
1653 54
1654 57
1655 51
1656 45
1657 51
1658 55
1659 54
1660 60
1661 53
1662 45
1663 42
1664 53
1665 59
1666 41
1667 49
1668 65
1669 47
1670 59
1671 41
1672 64
1673 49
1674 48
1675 55
1676 50
1677 57
1678 56
1679 57
1680 63
1681 59
1682 62
1683 53
1684 57
1685 46
1686 45
1687 46
1688 52
1689 47
1690 44
1691 47
1692 46
1693 65
1694 48
1695 55
1696 49
1697 60
1698 43
1699 62
1700 58
1701 48
1702 59
1703 52
1704 49
1705 52
1706 59
1707 54
1708 66
1709 46
1710 65
1711 51
1712 56
1713 66
1714 64
1715 68
1716 56
1717 69
1718 58
1719 75
1720 63
1721 52
1722 63
1723 53
1724 58
1725 51
1726 56
1727 52
1728 54
1729 44
1730 49
1731 51
1732 54
1733 63
1734 62
1735 53
1736 58
1737 56
1738 53
1739 45
1740 51
1741 61
1742 56
1743 67
1744 68
1745 72
1746 65
1747 67
1748 69
1749 65
1750 72
1751 85
1752 85
1753 87
1754 102
1755 124
1756 119
1757 175
1758 233
1759 243
1760 210
1761 196
1762 217
1763 207
1764 243
1765 264
1766 230
1767 216
1768 242
1769 293
1770 274
1771 271
1772 224
1773 257
1774 212
1775 190
1776 187
1777 193
1778 213
1779 152
1780 147
1781 130
1782 134
1783 91
1784 101
1785 84
1786 118
1787 69
1788 82
1789 71
1790 65
1791 45
1792 42
1793 54
1794 59
1795 52
1796 51
1797 54
1798 47
1799 41
1800 33
1801 47
1802 54
1803 41
1804 50
1805 48
1806 50
1807 55
1808 63
1809 47
1810 34
1811 53
1812 58
1813 57
1814 56
1815 47
1816 47
1817 51
1818 54
1819 54
1820 43
1821 40
1822 57
1823 47
1824 53
1825 43
1826 43
1827 47
1828 39
1829 59
1830 44
1831 34
1832 48
1833 45
1834 34
1835 48
1836 53
1837 48
1838 44
1839 54
1840 60
1841 44
1842 47
1843 44
1844 38
1845 51
1846 46
1847 54
1848 35
1849 41
1850 46
1851 54
1852 61
1853 53
1854 44
1855 53
1856 40
1857 52
1858 59
1859 52
1860 45
1861 53
1862 51
1863 38
1864 53
1865 55
1866 45
1867 52
1868 40
1869 42
1870 44
1871 43
1872 38
1873 48
1874 42
1875 39
1876 38
1877 50
1878 43
1879 48
1880 51
1881 49
1882 46
1883 49
1884 38
1885 54
1886 48
1887 55
1888 46
1889 59
1890 57
1891 55
1892 56
1893 48
1894 41
1895 54
1896 48
1897 39
1898 45
1899 36
1900 52
1901 49
1902 45
1903 64
1904 52
1905 45
1906 44
1907 51
1908 47
1909 44
1910 53
1911 45
1912 49
1913 52
1914 53
1915 50
1916 43
1917 50
1918 54
1919 49
1920 45
1921 51
1922 55
1923 47
1924 49
1925 47
1926 47
1927 36
1928 44
1929 55
1930 46
1931 38
1932 64
1933 50
1934 59
1935 56
1936 48
1937 47
1938 52
1939 61
1940 47
1941 29
1942 47
1943 54
1944 62
1945 45
1946 56
1947 64
1948 48
1949 43
1950 56
1951 50
1952 45
1953 36
1954 55
1955 61
1956 64
1957 63
1958 53
1959 43
1960 37
1961 55
1962 53
1963 49
1964 48
1965 72
1966 47
1967 46
1968 40
1969 40
1970 42
1971 56
1972 48
1973 38
1974 50
1975 41
1976 61
1977 49
1978 44
1979 48
1980 51
1981 46
1982 58
1983 39
1984 41
1985 44
1986 53
1987 54
1988 58
1989 58
1990 72
1991 85
1992 64
1993 77
1994 86
1995 77
1996 116
1997 103
1998 140
1999 145
2000 185
2001 177
2002 198
2003 276
2004 251
2005 297
2006 356
2007 358
2008 401
2009 442
2010 593
2011 705
2012 861
2013 867
2014 915
2015 933
2016 1087
2017 1004
2018 1073
2019 1091
2020 1091
2021 961
2022 857
2023 846
2024 838
2025 775
2026 656
2027 617
2028 526
2029 477
2030 409
2031 434
2032 402
2033 343
2034 311
2035 290
2036 241
2037 204
2038 177
2039 151
2040 132
2041 99
2042 78
2043 77
2044 72
2045 67
2046 75
2047 54
2048 49
2049 61
2050 44
2051 58
2052 50
2053 37
2054 54
2055 34
2056 54
2057 64
2058 52
2059 47
2060 50
2061 45
2062 47
2063 47
2064 57
2065 52
2066 49
2067 57
2068 39
2069 54
2070 49
2071 39
2072 47
2073 46
2074 38
2075 47
2076 52
2077 45
2078 47
2079 58
2080 49
2081 37
2082 46
2083 33
2084 35
2085 31
2086 61
2087 53
2088 40
2089 32
2090 47
2091 35
2092 39
2093 36
2094 39
2095 43
2096 49
2097 34
2098 45
2099 45
2100 42
2101 34
2102 37
2103 52
2104 26
2105 48
2106 35
2107 52
2108 40
2109 40
2110 42
2111 48
2112 38
2113 42
2114 51
2115 51
2116 38
2117 45
2118 57
2119 46
2120 47
2121 36
2122 50
2123 38
2124 36
2125 35
2126 52
2127 42
2128 49
2129 46
2130 44
2131 52
2132 57
2133 50
2134 60
2135 53
2136 58
2137 47
2138 58
2139 49
2140 50
2141 52
2142 36
2143 49
2144 41
2145 35
2146 47
2147 38
2148 43
2149 49
2150 45
2151 46
2152 40
2153 50
2154 48
2155 32
2156 40
2157 34
2158 40
2159 38
2160 57
2161 44
2162 41
2163 34
2164 43
2165 46
2166 49
2167 38
2168 35
2169 31
2170 54
2171 48
2172 39
2173 42
2174 39
2175 42
2176 43
2177 36
2178 33
2179 38
2180 38
2181 37
2182 43
2183 39
2184 44
2185 47
2186 41
2187 41
2188 35
2189 47
2190 50
2191 55
2192 46
2193 62
2194 65
2195 73
2196 60
2197 84
2198 80
2199 81
2200 91
2201 88
2202 98
2203 116
2204 114
2205 120
2206 134
2207 173
2208 160
2209 156
2210 176
2211 183
2212 205
2213 225
2214 222
2215 217
2216 237
2217 210
2218 226
2219 263
2220 255
2221 275
2222 239
2223 205
2224 229
2225 163
2226 149
2227 144
2228 121
2229 137
2230 128
2231 120
2232 115
2233 111
2234 81
2235 62
2236 74
2237 67
2238 77
2239 53
2240 58
2241 58
2242 59
2243 37
2244 54
2245 46
2246 46
2247 43
2248 52
2249 45
2250 54
2251 44
2252 39
2253 40
2254 39
2255 29
2256 31
2257 40
2258 43
2259 52
2260 39
2261 40
2262 56
2263 36
2264 36
2265 36
2266 46
2267 42
2268 36
2269 38
2270 34
2271 44
2272 30
2273 40
2274 41
2275 44
2276 43
2277 43
2278 30
2279 37
2280 33
2281 31
2282 41
2283 30
2284 32
2285 39
2286 35
2287 35
2288 35
2289 39
2290 37
2291 42
2292 56
2293 46
2294 32
2295 33
2296 41
2297 32
2298 26
2299 41
2300 41
2301 31
2302 39
2303 42
2304 32
2305 37
2306 35
2307 38
2308 33
2309 34
2310 36
2311 36
2312 40
2313 34
2314 32
2315 37
2316 30
2317 29
2318 32
2319 36
2320 45
2321 35
2322 27
2323 39
2324 34
2325 44
2326 36
2327 37
2328 30
2329 32
2330 40
2331 27
2332 31
2333 36
2334 26
2335 34
2336 21
2337 38
2338 33
2339 35
2340 41
2341 35
2342 29
2343 31
2344 38
2345 44
2346 44
2347 39
2348 28
2349 35
2350 33
2351 37
2352 43
2353 48
2354 31
2355 40
2356 44
2357 41
2358 33
2359 37
2360 31
2361 29
2362 35
2363 34
2364 38
2365 33
2366 43
2367 35
2368 37
2369 38
2370 30
2371 29
2372 39
2373 38
2374 39
2375 27
2376 29
2377 32
2378 35
2379 30
2380 39
2381 45
2382 29
2383 36
2384 27
2385 35
2386 38
2387 35
2388 32
2389 38
2390 39
2391 49
2392 40
2393 24
2394 31
2395 40
2396 45
2397 37
2398 38
2399 37
2400 36
2401 39
2402 26
2403 29
2404 33
2405 39
2406 40
2407 33
2408 35
2409 30
2410 34
2411 44
2412 30
2413 24
2414 36
2415 36
2416 35
2417 36
2418 33
2419 30
2420 35
2421 30
2422 33
2423 36
2424 33
2425 36
2426 38
2427 35
2428 32
2429 34
2430 36
2431 44
2432 44
2433 31
2434 35
2435 25
2436 36
2437 31
2438 43
2439 32
2440 24
2441 38
2442 37
2443 36
2444 38
2445 36
2446 44
2447 38
2448 29
2449 50
2450 28
2451 22
2452 28
2453 27
2454 37
2455 31
2456 34
2457 41
2458 33
2459 46
2460 36
2461 26
2462 25
2463 34
2464 48
2465 34
2466 32
2467 38
2468 39
2469 40
2470 42
2471 36
2472 30
2473 36
2474 43
2475 40
2476 43
2477 45
2478 50
2479 43
2480 53
2481 43
2482 40
2483 52
2484 51
2485 78
2486 68
2487 82
2488 89
2489 84
2490 98
2491 124
2492 83
2493 99
2494 99
2495 81
2496 117
2497 140
2498 150
2499 124
2500 128
2501 141
2502 166
2503 137
2504 147
2505 130
2506 142
2507 165
2508 150
2509 130
2510 138
2511 127
2512 104
2513 85
2514 91
2515 90
2516 93
2517 86
2518 59
2519 63
2520 61
2521 61
2522 39
2523 42
2524 55
2525 42
2526 45
2527 42
2528 33
2529 33
2530 46
2531 30
2532 30
2533 35
2534 35
2535 37
2536 39
2537 22
2538 33
2539 40
2540 29
2541 37
2542 34
2543 33
2544 35
2545 22
2546 29
2547 41
2548 28
2549 40
2550 37
2551 32
2552 39
2553 41
2554 35
2555 28
2556 37
2557 32
2558 33
2559 42
