0 1012
1 712
2 744
3 771
4 841
5 813
6 813
7 825
8 870
9 850
10 789
11 831
12 808
13 885
14 854
15 819
16 822
17 823
18 866
19 882
20 875
21 855
22 896
23 836
24 874
25 843
26 905
27 942
28 817
29 828
30 835
31 860
32 907
33 835
34 862
35 861
36 854
37 875
38 867
39 814
40 858
41 835
42 873
43 883
44 890
45 853
46 851
47 857
48 906
49 913
50 845
51 814
52 844
53 897
54 936
55 938
56 819
57 884
58 800
59 788
60 847
61 869
62 869
63 830
64 890
65 827
66 843
67 905
68 850
69 869
70 892
71 905
72 865
73 879
74 830
75 884
76 854
77 805
78 891
79 892
80 900
81 824
82 908
83 927
84 862
85 901
86 889
87 901
88 860
89 849
90 847
91 881
92 853
93 860
94 842
95 842
96 891
97 928
98 875
99 920
100 804
101 871
102 883
103 881
104 839
105 871
106 924
107 880
108 803
109 910
110 921
111 914
112 868
113 922
114 909
115 856
116 939
117 829
118 882
119 908
120 853
121 870
122 829
123 892
124 914
125 868
126 867
127 969
128 881
129 922
130 909
131 955
132 937
133 996
134 959
135 930
136 854
137 989
138 946
139 933
140 974
141 973
142 896
143 927
144 904
145 970
146 971
147 910
148 988
149 926
150 899
151 1014
152 909
153 957
154 939
155 872
156 936
157 916
158 921
159 949
160 894
161 946
162 904
163 904
164 926
165 948
166 951
167 914
168 955
169 895
170 929
171 904
172 948
173 914
174 973
175 937
176 933
177 895
178 887
179 1016
180 925
181 1018
182 916
183 933
184 963
185 971
186 913
187 983
188 939
189 905
190 905
191 907
192 895
193 993
194 998
195 957
196 1013
197 988
198 918
199 888
200 948
201 967
202 949
203 897
204 899
205 901
206 951
207 925
208 926
209 950
210 942
211 931
212 932
213 1051
214 912
215 955
216 924
217 970
218 983
219 984
220 1026
221 1041
222 946
223 941
224 959
225 966
226 960
227 900
228 922
229 931
230 953
231 1008
232 1026
233 924
234 958
235 959
236 966
237 969
238 981
239 997
240 903
241 930
242 933
243 932
244 928
245 907
246 938
247 970
248 868
249 906
250 918
251 949
252 989
253 935
254 944
255 966
256 1023
257 999
258 974
259 1025
260 993
261 1016
262 998
263 991
264 1007
265 1043
266 1053
267 1045
268 1029
269 986
270 981
271 1075
272 1002
273 958
274 1042
275 969
276 1029
277 1001
278 1016
279 1084
280 1060
281 1008
282 1005
283 993
284 946
285 985
286 1002
287 977
288 1043
289 1034
290 965
291 1028
292 968
293 968
294 1051
295 1024
296 982
297 1036
298 1023
299 1043
300 967
301 1076
302 1001
303 1015
304 1053
305 1012
306 988
307 996
308 949
309 1028
310 1026
311 1072
312 1010
313 959
314 998
315 1014
316 984
317 1018
318 1036
319 997
320 962
321 1037
322 1058
323 1046
324 944
325 982
326 989
327 1028
328 1029
329 1028
330 1013
331 935
332 1000
333 994
334 1028
335 999
336 990
337 1028
338 980
339 1046
340 1006
341 1001
342 1021
343 1021
344 966
345 981
346 930
347 1016
348 1027
349 988
350 1051
351 1040
352 1099
353 1011
354 1062
355 970
356 1041
357 1036
358 974
359 980
360 1027
361 1010
362 1032
363 960
364 1060
365 1082
366 1038
367 1008
368 1022
369 979
370 1010
371 1045
372 1085
373 1023
374 1037
375 1029
376 1073
377 951
378 1010
379 998
380 1067
381 1098
382 1019
383 1028
384 1023
385 1111
386 1029
387 1055
388 1038
389 1043
390 1088
391 1059
392 983
393 1042
394 1005
395 1098
396 1023
397 1043
398 1050
399 1088
400 980
401 1004
402 1064
403 1036
404 1057
405 1120
406 1021
407 1031
408 1086
409 1083
410 1073
411 996
412 1113
413 1107
414 1036
415 1022
416 1097
417 1087
418 1058
419 1060
420 965
421 1034
422 1119
423 1091
424 1032
425 1074
426 1017
427 1048
428 993
429 1038
430 1074
431 1027
432 1030
433 1074
434 1070
435 1079
436 1047
437 1092
438 1118
439 1031
440 1036
441 1085
442 1031
443 1057
444 1073
445 1055
446 1068
447 1034
448 990
449 1072
450 1061
451 1017
452 1059
453 1029
454 1045
455 1093
456 1104
457 1082
458 1015
459 1086
460 993
461 1017
462 1099
463 1043
464 1006
465 1053
466 1051
467 1069
468 1136
469 1055
470 1028
471 1102
472 1006
473 1003
474 1018
475 1103
476 1135
477 1096
478 1155
479 1051
480 1152
481 1110
482 1194
483 1188
484 1234
485 1182
486 1265
487 1196
488 1286
489 1275
490 1343
491 1361
492 1290
493 1400
494 1355
495 1455
496 1520
497 1615
498 1711
499 1623
500 1589
501 1699
502 1839
503 1772
504 1782
505 1973
506 1996
507 2028
508 1923
509 1950
510 1961
511 1905
512 1924
513 1917
514 1910
515 1892
516 1969
517 1984
518 2032
519 2177
520 2276
521 2438
522 2700
523 2180
524 2085
525 1923
526 2002
527 1957
528 1844
529 1935
530 1798
531 1684
532 1583
533 1592
534 1410
535 1386
536 1369
537 1214
538 1154
539 1140
540 1150
541 1108
542 1080
543 1129
544 1106
545 1063
546 1020
547 1080
548 1144
549 1093
550 1088
551 1023
552 1033
553 1075
554 1055
555 1072
556 1066
557 1080
558 1086
559 1150
560 1100
561 1139
562 1148
563 1099
564 1080
565 1097
566 1080
567 1139
568 1105
569 1077
570 1156
571 1149
572 1047
573 1087
574 1078
575 1124
576 1123
577 1073
578 1084
579 1050
580 1068
581 1059
582 1080
583 1062
584 1070
585 1085
586 1034
587 1035
588 1037
589 1099
590 1119
591 1059
592 1122
593 1112
594 1090
595 1065
596 1058
597 1101
598 1130
599 1082
600 1070
601 1044
602 1087
603 1100
604 1057
605 1063
606 1025
607 1085
608 1128
609 1070
610 1068
611 1088
612 1130
613 1062
614 1058
615 1123
616 1029
617 1051
618 1040
619 1113
620 1040
621 1030
622 1128
623 1130
624 1047
625 1084
626 998
627 1049
628 1031
629 1048
630 1091
631 1059
632 1030
633 1090
634 1125
635 1058
636 1079
637 1148
638 1074
639 1074
640 1062
641 1144
642 1114
643 1136
644 1201
645 1127
646 1079
647 1170
648 1064
649 1101
650 1049
651 1120
652 1088
653 1136
654 1058
655 1054
656 1150
657 1145
658 1072
659 1164
660 1068
661 1063
662 1135
663 1119
664 1041
665 1092
666 1126
667 1062
668 1041
669 1150
670 1137
671 1114
672 1043
673 1061
674 1086
675 1138
676 1106
677 1091
678 1087
679 1072
680 1033
681 1061
682 1067
683 1092
684 1039
685 1046
686 1050
687 1055
688 1097
689 1058
690 1060
691 1017
692 1046
693 1036
694 1005
695 1046
696 1049
697 1067
698 1049
699 1033
700 1080
701 1028
702 981
703 1077
704 1062
705 1066
706 1073
707 1058
708 1075
709 997
710 1037
711 1087
712 1085
713 995
714 1111
715 989
716 1030
717 1082
718 1031
719 1073
720 1001
721 1050
722 996
723 1044
724 1025
725 1055
726 1025
727 1008
728 1025
729 1007
730 1030
731 1064
732 1003
733 1002
734 1043
735 986
736 1068
737 1006
738 1018
739 1014
740 1025
741 1029
742 999
743 1066
744 1045
745 1063
746 1051
747 1038
748 992
749 1009
750 1025
751 1080
752 1045
753 1008
754 1051
755 1040
756 1088
757 995
758 1083
759 999
760 1050
761 1020
762 1024
763 1064
764 1085
765 1005
766 912
767 1030
768 975
769 1011
770 975
771 982
772 962
773 1005
774 1033
775 1032
776 1010
777 1021
778 992
779 968
780 955
781 979
782 988
783 1061
784 1003
785 965
786 1084
787 1036
788 1063
789 1013
790 1014
791 1019
792 1064
793 992
794 1039
795 986
796 971
797 1019
798 950
799 969
800 1045
801 1011
802 974
803 972
804 996
805 1079
806 1035
807 1027
808 1024
809 949
810 975
811 962
812 963
813 1048
814 1013
815 1039
816 1021
817 972
818 1009
819 1006
820 1002
821 936
822 1023
823 1033
824 1029
825 1029
826 1018
827 985
828 1005
829 939
830 1075
831 1007
832 1005
833 1026
834 1027
835 1043
836 983
837 1036
838 978
839 1028
840 1055
841 1067
842 1072
843 1010
844 1036
845 1052
846 986
847 1023
848 1068
849 1068
850 1006
851 1067
852 1057
853 1006
854 1009
855 1033
856 1043
857 1039
858 1006
859 1030
860 993
861 1027
862 1009
863 918
864 979
865 911
866 1078
867 940
868 972
869 961
870 991
871 959
872 965
873 919
874 992
875 1036
876 970
877 962
878 963
879 977
880 997
881 949
882 952
883 911
884 957
885 993
886 969
887 945
888 958
889 945
890 999
891 974
892 970
893 885
894 951
895 944
896 975
897 916
898 912
899 911
900 964
901 917
902 981
903 1040
904 1005
905 1006
906 968
907 955
908 987
909 927
910 972
911 901
912 924
913 974
914 906
915 955
916 946
917 994
918 983
919 918
920 904
921 950
922 955
923 926
924 905
925 905
926 940
927 952
928 881
929 907
930 946
931 987
932 1001
933 959
934 924
935 941
936 924
937 902
938 976
939 952
940 972
941 921
942 989
943 993
944 894
945 994
946 991
947 955
948 917
949 935
950 973
951 908
952 988
953 892
954 903
955 918
956 921
957 944
958 912
959 977
960 893
961 921
962 976
963 1003
964 977
965 968
966 1004
967 985
968 901
969 966
970 984
971 983
972 1000
973 1031
974 1029
975 989
976 976
977 975
978 997
979 997
980 959
981 935
982 976
983 988
984 952
985 969
986 1003
987 993
988 952
989 946
990 1048
991 1015
992 1011
993 1025
994 1004
995 1021
996 986
997 1025
998 982
999 1064
1000 1098
1001 1250
1002 1387
1003 1410
1004 1633
1005 1874
1006 2014
1007 2163
1008 2280
1009 2311
1010 2632
1011 3164
1012 3608
1013 4583
1014 4931
1015 5117
1016 5726
1017 5454
1018 5294
1019 5271
1020 5261
1021 6119
1022 6579
1023 7403
1024 7899
1025 7870
1026 7791
1027 8709
1028 9575
1029 11222
1030 11915
1031 13050
1032 14304
1033 14074
1034 13324
1035 12641
1036 10654
1037 8433
1038 8419
1039 7528
1040 6514
1041 6435
1042 4641
1043 3804
1044 3057
1045 2470
1046 2022
1047 1438
1048 1229
1049 1241
1050 1170
1051 1078
1052 1097
1053 1019
1054 1060
1055 1040
1056 967
1057 968
1058 934
1059 947
1060 1009
1061 952
1062 1006
1063 998
1064 973
1065 948
1066 975
1067 923
1068 951
1069 943
1070 984
1071 908
1072 933
1073 936
1074 897
1075 968
1076 978
1077 976
1078 937
1079 974
1080 932
1081 873
1082 893
1083 941
1084 915
1085 929
1086 913
1087 876
1088 955
1089 968
1090 907
1091 876
1092 929
1093 1007
1094 852
1095 896
1096 921
1097 898
1098 917
1099 911
1100 902
1101 925
1102 863
1103 847
1104 900
1105 882
1106 940
1107 931
1108 914
1109 872
1110 898
1111 950
1112 956
1113 942
1114 891
1115 936
1116 840
1117 899
1118 928
1119 876
1120 947
1121 854
1122 900
1123 870
1124 945
1125 888
1126 899
1127 903
1128 878
1129 870
1130 853
1131 879
1132 907
1133 975
1134 879
1135 921
1136 893
1137 860
1138 850
1139 938
1140 941
1141 938
1142 1000
1143 965
1144 1064
1145 942
1146 1067
1147 1088
1148 1093
1149 1123
1150 1116
1151 994
1152 1090
1153 1149
1154 1158
1155 1243
1156 1303
1157 1288
1158 1307
1159 1283
1160 1358
1161 1602
1162 1584
1163 1427
1164 1605
1165 1592
1166 1805
1167 1817
1168 1593
1169 1660
1170 1544
1171 1300
1172 1241
1173 1118
1174 1055
1175 1093
1176 1041
1177 954
1178 924
1179 892
1180 817
1181 896
1182 867
1183 912
1184 874
1185 891
1186 839
1187 825
1188 888
1189 867
1190 854
1191 895
1192 854
1193 844
1194 815
1195 864
1196 857
1197 922
1198 867
1199 821
1200 880
1201 838
1202 867
1203 880
1204 807
1205 811
1206 846
1207 898
1208 808
1209 863
1210 828
1211 825
1212 830
1213 873
1214 793
1215 868
1216 896
1217 884
1218 844
1219 857
1220 859
1221 868
1222 900
1223 893
1224 834
1225 891
1226 913
1227 874
1228 832
1229 893
1230 886
1231 815
1232 873
1233 869
1234 790
1235 814
1236 856
1237 858
1238 834
1239 867
1240 819
1241 868
1242 789
1243 858
1244 866
1245 838
1246 821
1247 862
1248 756
1249 829
1250 802
1251 783
1252 833
1253 821
1254 825
1255 767
1256 789
1257 860
1258 790
1259 769
1260 869
1261 773
1262 762
1263 754
1264 744
1265 754
1266 690
1267 770
1268 681
1269 645
1270 680
1271 640
1272 641
1273 606
1274 635
1275 547
1276 508
1277 481
1278 450
1279 616
1280 869
1281 822
1282 738
1283 735
1284 757
1285 781
1286 797
1287 866
1288 890
1289 878
1290 940
1291 968
1292 978
1293 1044
1294 1080
1295 1087
1296 1280
1297 1319
1298 1828
1299 2052
1300 2022
1301 2088
1302 2308
1303 2467
1304 2542
1305 2718
1306 2898
1307 3397
1308 3970
1309 4304
1310 4333
1311 4591
1312 4849
1313 5018
1314 5264
1315 5012
1316 4772
1317 3917
1318 4152
1319 3685
1320 3306
1321 3193
1322 2838
1323 2715
1324 2580
1325 2110
1326 2052
1327 1887
1328 1353
1329 1096
1330 928
1331 805
1332 804
1333 728
1334 743
1335 755
1336 783
1337 671
1338 667
1339 664
1340 663
1341 678
1342 664
1343 678
1344 661
1345 695
1346 677
1347 627
1348 612
1349 585
1350 675
1351 704
1352 617
1353 631
1354 593
1355 616
1356 618
1357 659
1358 582
1359 629
1360 633
1361 620
1362 636
1363 629
1364 643
1365 626
1366 674
1367 601
1368 574
1369 625
1370 615
1371 594
1372 630
1373 628
1374 638
1375 629
1376 605
1377 624
1378 619
1379 609
1380 630
1381 586
1382 589
1383 639
1384 614
1385 630
1386 650
1387 582
1388 680
1389 578
1390 584
1391 610
1392 610
1393 629
1394 640
1395 576
1396 630
1397 613
1398 601
1399 615
1400 619
1401 581
1402 605
1403 596
1404 610
1405 636
1406 610
1407 630
1408 617
1409 638
1410 610
1411 594
1412 648
1413 598
1414 583
1415 584
1416 592
1417 579
1418 640
1419 618
1420 547
1421 594
1422 565
1423 594
1424 583
1425 591
1426 591
1427 610
1428 642
1429 623
1430 641
1431 574
1432 618
1433 596
1434 616
1435 570
1436 623
1437 629
1438 649
1439 641
1440 647
1441 617
1442 609
1443 626
1444 610
1445 652
1446 608
1447 623
1448 581
1449 635
1450 637
1451 667
1452 654
1453 667
1454 659
1455 638
1456 667
1457 611
1458 637
1459 624
1460 607
1461 663
1462 600
1463 562
1464 623
1465 553
1466 588
1467 593
1468 588
1469 598
1470 552
1471 626
1472 605
1473 567
1474 570
1475 585
1476 606
1477 633
1478 614
1479 585
1480 585
1481 599
1482 621
1483 596
1484 542
1485 538
1486 574
1487 582
1488 573
1489 581
1490 609
1491 582
1492 553
1493 588
1494 608
1495 621
1496 581
1497 578
1498 574
1499 589
1500 589
1501 607
1502 597
1503 648
1504 606
1505 580
1506 616
1507 628
1508 564
1509 592
1510 578
1511 550
1512 581
1513 566
1514 576
1515 551
1516 557
1517 553
1518 558
1519 538
1520 568
1521 575
1522 572
1523 591
1524 587
1525 547
1526 560
1527 541
1528 577
1529 544
1530 578
1531 546
1532 517
1533 516
1534 512
1535 603
1536 564
1537 556
1538 560
1539 590
1540 523
1541 528
1542 595
1543 569
1544 541
1545 544
1546 542
1547 554
1548 541
1549 519
1550 570
1551 546
1552 565
1553 536
1554 552
1555 580
1556 550
1557 537
1558 558
1559 557
1560 546
1561 523
1562 579
1563 577
1564 568
1565 560
1566 570
1567 512
1568 548
1569 533
1570 545
1571 572
1572 580
1573 544
1574 574
1575 529
1576 549
1577 568
1578 557
1579 534
1580 533
1581 583
1582 523
1583 502
1584 553
1585 561
1586 576
1587 553
1588 546
1589 560
1590 573
1591 565
1592 568
1593 533
1594 511
1595 573
1596 535
1597 510
1598 564
1599 626
1600 506
1601 526
1602 514
1603 526
1604 552
1605 567
1606 530
1607 524
1608 521
1609 522
1610 545
1611 532
1612 536
1613 496
1614 546
1615 513
1616 548
1617 530
1618 552
1619 501
1620 556
1621 555
1622 551
1623 548
1624 545
1625 519
1626 508
1627 516
1628 532
1629 543
1630 558
1631 566
1632 523
1633 569
1634 535
1635 473
1636 561
1637 525
1638 509
1639 492
1640 495
1641 541
1642 531
1643 528
1644 548
1645 516
1646 555
1647 519
1648 527
1649 483
1650 519
1651 510
1652 501
1653 489
1654 483
1655 512
1656 531
1657 524
1658 527
1659 514
1660 551
1661 497
1662 474
1663 483
1664 529
1665 509
1666 552
1667 491
1668 507
1669 522
1670 556
1671 525
1672 527
1673 562
1674 499
1675 525
1676 509
1677 479
1678 548
1679 510
1680 535
1681 498
1682 531
1683 549
1684 534
1685 538
1686 508
1687 553
1688 498
1689 589
1690 543
1691 514
1692 546
1693 582
1694 559
1695 582
1696 538
1697 574
1698 549
1699 543
1700 566
1701 556
1702 579
1703 501
1704 553
1705 552
1706 568
1707 596
1708 559
1709 542
1710 640
1711 555
1712 581
1713 603
1714 617
1715 543
1716 623
1717 648
1718 605
1719 595
1720 607
1721 557
1722 567
1723 564
1724 545
1725 561
1726 557
1727 535
1728 511
1729 531
1730 513
1731 502
1732 499
1733 517
1734 548
1735 515
1736 509
1737 502
1738 519
1739 547
1740 552
1741 559
1742 544
1743 615
1744 616
1745 644
1746 666
1747 643
1748 694
1749 747
1750 723
1751 742
1752 865
1753 978
1754 1097
1755 1093
1756 1248
1757 1640
1758 2291
1759 2413
1760 2022
1761 2033
1762 2174
1763 2283
1764 2388
1765 2668
1766 2330
1767 2292
1768 2419
1769 2801
1770 2735
1771 2538
1772 2537
1773 2284
1774 2154
1775 1931
1776 1744
1777 1875
1778 2028
1779 1513
1780 1483
1781 1560
1782 1331
1783 1128
1784 1052
1785 934
1786 871
1787 745
1788 739
1789 660
1790 619
1791 536
1792 575
1793 523
1794 558
1795 496
1796 487
1797 476
1798 518
1799 503
1800 463
1801 514
1802 481
1803 516
1804 466
1805 518
1806 500
1807 514
1808 483
1809 482
1810 465
1811 490
1812 523
1813 486
1814 484
1815 511
1816 477
1817 471
1818 466
1819 489
1820 450
1821 485
1822 484
1823 468
1824 499
1825 458
1826 455
1827 474
1828 504
1829 445
1830 463
1831 445
1832 496
1833 481
1834 487
1835 455
1836 458
1837 472
1838 482
1839 442
1840 440
1841 510
1842 491
1843 413
1844 482
1845 464
1846 441
1847 475
1848 484
1849 476
1850 462
1851 452
1852 453
1853 407
1854 459
1855 479
1856 439
1857 484
1858 484
1859 445
1860 451
1861 481
1862 464
1863 497
1864 482
1865 448
1866 419
1867 444
1868 451
1869 486
1870 491
1871 483
1872 418
1873 432
1874 469
1875 447
1876 470
1877 494
1878 463
1879 480
1880 424
1881 453
1882 449
1883 492
1884 458
1885 495
1886 490
1887 439
1888 485
1889 451
1890 451
1891 491
1892 458
1893 491
1894 460
1895 432
1896 483
1897 479
1898 445
1899 458
1900 446
1901 438
1902 453
1903 489
1904 497
1905 479
1906 489
1907 461
1908 512
1909 504
1910 450
1911 450
1912 474
1913 496
1914 457
1915 458
1916 470
1917 490
1918 506
1919 553
1920 468
1921 511
1922 499
1923 479
1924 502
1925 528
1926 521
1927 501
1928 535
1929 487
1930 518
1931 497
1932 475
1933 501
1934 480
1935 442
1936 505
1937 459
1938 540
1939 501
1940 521
1941 502
1942 479
1943 496
1944 542
1945 435
1946 527
1947 496
1948 482
1949 457
1950 487
1951 468
1952 483
1953 474
1954 487
1955 473
1956 547
1957 485
1958 485
1959 468
1960 447
1961 512
1962 532
1963 451
1964 456
1965 493
1966 488
1967 487
1968 536
1969 482
1970 477
1971 471
1972 472
1973 474
1974 486
1975 499
1976 495
1977 468
1978 476
1979 488
1980 497
1981 463
1982 501
1983 513
1984 510
1985 542
1986 512
1987 571
1988 578
1989 570
1990 646
1991 638
1992 675
1993 748
1994 794
1995 880
1996 926
1997 1072
1998 1303
1999 1427
2000 1663
2001 1708
2002 1914
2003 2364
2004 2506
2005 2978
2006 3336
2007 3605
2008 4257
2009 4677
2010 5934
2011 7032
2012 8437
2013 9301
2014 9596
2015 9417
2016 10741
2017 10311
2018 10638
2019 11022
2020 10643
2021 9545
2022 8504
2023 8640
2024 8423
2025 7613
2026 7143
2027 6310
2028 5406
2029 4673
2030 4389
2031 4640
2032 3938
2033 3319
2034 3237
2035 2993
2036 2771
2037 2161
2038 1752
2039 1525
2040 1231
2041 1006
2042 830
2043 739
2044 709
2045 678
2046 647
2047 598
2048 563
2049 521
2050 548
2051 521
2052 554
2053 505
2054 482
2055 496
2056 544
2057 518
2058 518
2059 466
2060 489
2061 518
2062 470
2063 409
2064 481
2065 426
2066 488
2067 460
2068 460
2069 453
2070 503
2071 459
2072 466
2073 441
2074 443
2075 429
2076 457
2077 472
2078 469
2079 428
2080 447
2081 457
2082 429
2083 447
2084 422
2085 430
2086 446
2087 429
2088 416
2089 453
2090 448
2091 450
2092 434
2093 430
2094 426
2095 393
2096 416
2097 424
2098 438
2099 450
2100 455
2101 449
2102 441
2103 443
2104 430
2105 433
2106 448
2107 427
2108 427
2109 403
2110 461
2111 430
2112 431
2113 430
2114 470
2115 398
2116 437
2117 435
2118 489
2119 455
2120 427
2121 407
2122 495
2123 467
2124 436
2125 455
2126 469
2127 459
2128 462
2129 462
2130 479
2131 479
2132 491
2133 495
2134 474
2135 478
2136 489
2137 500
2138 503
2139 459
2140 496
2141 492
2142 430
2143 476
2144 467
2145 429
2146 436
2147 440
2148 485
2149 427
2150 434
2151 426
2152 440
2153 411
2154 414
2155 449
2156 403
2157 406
2158 433
2159 371
2160 441
2161 386
2162 435
2163 454
2164 418
2165 425
2166 481
2167 436
2168 409
2169 396
2170 391
2171 411
2172 378
2173 385
2174 383
2175 416
2176 439
2177 425
2178 398
2179 431
2180 441
2181 399
2182 409
2183 422
2184 462
2185 444
2186 400
2187 440
2188 465
2189 436
2190 437
2191 506
2192 534
2193 527
2194 569
2195 604
2196 597
2197 649
2198 705
2199 777
2200 785
2201 869
2202 967
2203 1067
2204 1088
2205 1209
2206 1427
2207 1795
2208 1713
2209 1668
2210 1703
2211 1910
2212 1892
2213 2090
2214 2147
2215 2188
2216 2184
2217 2390
2218 2394
2219 2473
2220 2717
2221 2595
2222 2564
2223 2183
2224 1960
2225 1899
2226 1655
2227 1663
2228 1407
2229 1295
2230 1299
2231 1301
2232 998
2233 949
2234 914
2235 745
2236 778
2237 624
2238 681
2239 579
2240 547
2241 498
2242 523
2243 472
2244 430
2245 455
2246 416
2247 374
2248 415
2249 408
2250 419
2251 423
2252 380
2253 371
2254 382
2255 405
2256 378
2257 381
2258 409
2259 391
2260 374
2261 366
2262 366
2263 378
2264 400
2265 377
2266 393
2267 362
2268 402
2269 368
2270 383
2271 371
2272 405
2273 353
2274 403
2275 370
2276 360
2277 389
2278 378
2279 371
2280 349
2281 357
2282 381
2283 391
2284 345
2285 331
2286 356
2287 364
2288 375
2289 367
2290 345
2291 399
2292 407
2293 387
2294 400
2295 383
2296 385
2297 399
2298 366
2299 391
2300 409
2301 343
2302 354
2303 363
2304 382
2305 411
2306 371
2307 383
2308 362
2309 371
2310 343
2311 374
2312 353
2313 365
2314 402
2315 360
2316 352
2317 367
2318 355
2319 341
2320 363
2321 374
2322 370
2323 337
2324 394
2325 393
2326 337
2327 329
2328 357
2329 363
2330 353
2331 365
2332 365
2333 365
2334 385
2335 358
2336 384
2337 299
2338 395
2339 367
2340 378
2341 373
2342 348
2343 346
2344 374
2345 371
2346 391
2347 367
2348 356
2349 382
2350 404
2351 375
2352 409
2353 390
2354 370
2355 382
2356 356
2357 331
2358 382
2359 373
2360 361
2361 364
2362 357
2363 331
2364 337
2365 372
2366 345
2367 374
2368 383
2369 378
2370 382
2371 398
2372 365
2373 360
2374 364
2375 361
2376 350
2377 362
2378 335
2379 335
2380 340
2381 393
2382 352
2383 385
2384 373
2385 352
2386 357
2387 327
2388 368
2389 378
2390 372
2391 330
2392 365
2393 384
2394 340
2395 362
2396 354
2397 360
2398 367
2399 345
2400 368
2401 327
2402 364
2403 348
2404 372
2405 357
2406 352
2407 334
2408 354
2409 351
2410 341
2411 318
2412 370
2413 310
2414 344
2415 314
2416 331
2417 341
2418 334
2419 314
2420 337
2421 332
2422 344
2423 303
2424 367
2425 330
2426 320
2427 344
2428 333
2429 361
2430 348
2431 350
2432 352
2433 353
2434 355
2435 325
2436 334
2437 343
2438 375
2439 332
2440 345
2441 378
2442 350
2443 304
2444 383
2445 387
2446 374
2447 331
2448 333
2449 340
2450 320
2451 364
2452 332
2453 337
2454 335
2455 342
2456 333
2457 339
2458 337
2459 331
2460 356
2461 343
2462 361
2463 319
2464 338
2465 346
2466 333
2467 393
2468 359
2469 373
2470 383
2471 429
2472 353
2473 398
2474 421
2475 403
2476 404
2477 482
2478 437
2479 483
2480 535
2481 519
2482 487
2483 593
2484 672
2485 670
2486 741
2487 772
2488 828
2489 790
2490 972
2491 1082
2492 1050
2493 908
2494 979
2495 1038
2496 1166
2497 1242
2498 1305
2499 1241
2500 1375
2501 1484
2502 1586
2503 1521
2504 1541
2505 1372
2506 1341
2507 1459
2508 1428
2509 1426
2510 1174
2511 1078
2512 1141
2513 1052
2514 951
2515 966
2516 891
2517 756
2518 644
2519 663
2520 730
2521 588
2522 509
2523 441
2524 400
2525 410
2526 406
2527 411
2528 358
2529 343
2530 367
2531 387
2532 359
2533 330
2534 358
2535 314
2536 327
2537 360
2538 317
2539 359
2540 356
2541 339
2542 316
2543 327
2544 346
2545 368
2546 318
2547 330
2548 307
2549 313
2550 296
2551 359
2552 355
2553 327
2554 312
2555 297
2556 373
2557 367
2558 332
2559 415
