0 37
1 21
2 21
3 17
4 31
5 16
6 11
7 35
8 18
9 25
10 23
11 24
12 23
13 33
14 30
15 24
16 30
17 22
18 18
19 22
20 23
21 23
22 37
23 23
24 26
25 35
26 31
27 30
28 25
29 21
30 22
31 20
32 32
33 32
34 28
35 24
36 23
37 26
38 13
39 18
40 27
41 27
42 16
43 29
44 22
45 24
46 19
47 25
48 19
49 35
50 24
51 21
52 29
53 22
54 18
55 26
56 30
57 24
58 17
59 23
60 25
61 29
62 23
63 27
64 22
65 16
66 21
67 22
68 25
69 21
70 26
71 24
72 24
73 28
74 38
75 21
76 22
77 28
78 30
79 30
80 22
81 21
82 38
83 26
84 26
85 35
86 23
87 25
88 25
89 23
90 20
91 23
92 32
93 30
94 17
95 22
96 25
97 19
98 20
99 28
100 16
101 25
102 24
103 33
104 31
105 21
106 20
107 33
108 26
109 21
110 27
111 22
112 26
113 23
114 28
115 38
116 18
117 16
118 26
119 28
120 28
121 31
122 27
123 34
124 29
125 25
126 27
127 37
128 22
129 18
130 26
131 34
132 24
133 23
134 22
135 34
136 26
137 23
138 25
139 20
140 34
141 26
142 20
143 27
144 39
145 20
146 28
147 27
148 28
149 23
150 19
151 26
152 22
153 29
154 22
155 30
156 26
157 21
158 28
159 23
160 32
161 24
162 29
163 39
164 19
165 26
166 23
167 36
168 28
169 28
170 31
171 20
172 24
173 21
174 29
175 35
176 29
177 28
178 23
179 25
180 27
181 37
182 23
183 32
184 31
185 27
186 26
187 28
188 27
189 27
190 31
191 26
192 25
193 21
194 23
195 30
196 26
197 26
198 18
199 22
200 31
201 39
202 34
203 34
204 24
205 29
206 31
207 33
208 26
209 26
210 37
211 23
212 29
213 18
214 26
215 34
216 29
217 31
218 28
219 24
220 32
221 26
222 10
223 20
224 22
225 33
226 26
227 24
228 24
229 20
230 27
231 16
232 18
233 23
234 34
235 23
236 29
237 28
238 36
239 36
240 36
241 31
242 27
243 23
244 30
245 36
246 37
247 34
248 24
249 22
250 30
251 29
252 19
253 35
254 34
255 28
256 25
257 26
258 37
259 27
260 22
261 33
262 32
263 31
264 33
265 28
266 33
267 28
268 31
269 33
270 36
271 26
272 31
273 30
274 18
275 27
276 25
277 23
278 21
279 29
280 35
281 20
282 40
283 31
284 27
285 38
286 26
287 24
288 36
289 28
290 35
291 23
292 39
293 27
294 32
295 19
296 28
297 25
298 33
299 23
300 31
301 28
302 23
303 33
304 34
305 28
306 32
307 29
308 23
309 32
310 23
311 34
312 26
313 26
314 36
315 25
316 30
317 40
318 36
319 29
320 29
321 37
322 43
323 28
324 28
325 21
326 29
327 34
328 26
329 24
330 32
331 16
332 31
333 36
334 30
335 38
336 27
337 27
338 20
339 27
340 33
341 29
342 36
343 24
344 27
345 36
346 46
347 40
348 33
349 32
350 26
351 33
352 28
353 34
354 27
355 24
356 23
357 31
358 31
359 34
360 27
361 22
362 35
363 33
364 37
365 28
366 23
367 43
368 35
369 29
370 22
371 34
372 28
373 31
374 33
375 27
376 24
377 32
378 23
379 30
380 28
381 29
382 21
383 31
384 30
385 33
386 41
387 34
388 34
389 36
390 30
391 26
392 35
393 33
394 24
395 28
396 30
397 39
398 34
399 42
400 27
401 36
402 36
403 28
404 19
405 36
406 26
407 34
408 31
409 41
410 22
411 30
412 35
413 34
414 28
415 25
416 27
417 26
418 27
419 19
420 37
421 28
422 25
423 34
424 29
425 32
426 32
427 22
428 34
429 28
430 36
431 30
432 27
433 31
434 37
435 32
436 27
437 23
438 42
439 26
440 30
441 34
442 39
443 27
444 37
445 36
446 49
447 28
448 26
449 31
450 30
451 28
452 25
453 29
454 32
455 31
456 34
457 37
458 23
459 28
460 41
461 28
462 37
463 34
464 37
465 36
466 30
467 25
468 37
469 42
470 29
471 34
472 35
473 41
474 29
475 21
476 32
477 27
478 23
479 33
480 33
481 40
482 25
483 33
484 28
485 36
486 30
487 28
488 33
489 37
490 32
491 32
492 26
493 44
494 38
495 37
496 30
497 26
498 41
499 29
500 30
501 26
502 38
503 33
504 35
505 29
506 32
507 34
508 36
509 29
510 29
511 33
512 31
513 35
514 29
515 39
516 39
517 36
518 34
519 29
520 29
521 39
522 37
523 31
524 29
525 37
526 25
527 31
528 25
529 33
530 30
531 43
532 35
533 38
534 35
535 30
536 25
537 38
538 33
539 45
540 34
541 34
542 32
543 39
544 33
545 34
546 41
547 49
548 38
549 35
550 33
551 30
552 39
553 31
554 37
555 29
556 27
557 31
558 33
559 39
560 38
561 37
562 36
563 29
564 35
565 31
566 35
567 30
568 36
569 31
570 28
571 30
572 39
573 34
574 45
575 34
576 32
577 34
578 35
579 26
580 35
581 30
582 35
583 32
584 36
585 36
586 21
587 27
588 41
589 41
590 31
591 36
592 37
593 32
594 27
595 28
596 27
597 46
598 42
599 44
600 25
601 23
602 29
603 34
604 38
605 36
606 37
607 37
608 30
609 32
610 42
611 34
612 34
613 34
614 32
615 43
616 37
617 33
618 35
619 43
620 32
621 45
622 24
623 28
624 35
625 33
626 42
627 44
628 46
629 44
630 39
631 37
632 42
633 32
634 34
635 44
636 41
637 51
638 44
639 53
640 70
641 40
642 55
643 51
644 58
645 68
646 56
647 71
648 84
649 104
650 108
651 78
652 102
653 92
654 122
655 98
656 122
657 113
658 114
659 101
660 68
661 63
662 64
663 61
664 31
665 24
666 34
667 45
668 37
669 43
670 38
671 55
672 33
673 50
674 25
675 21
676 27
677 29
678 27
679 41
680 28
681 44
682 38
683 40
684 34
685 30
686 33
687 37
688 32
689 24
690 27
691 39
692 30
693 38
694 38
695 44
696 33
697 30
698 42
699 25
700 28
701 40
702 28
703 29
704 28
705 21
706 31
707 41
708 38
709 42
710 34
711 37
712 25
713 39
714 34
715 50
716 42
717 38
718 33
719 29
720 31
721 41
722 39
723 41
724 36
725 33
726 28
727 29
728 37
729 35
730 39
731 24
732 39
733 27
734 39
735 29
736 30
737 31
738 26
739 45
740 27
741 28
742 23
743 42
744 34
745 25
746 23
747 28
748 34
749 39
750 34
751 40
752 39
753 35
754 47
755 36
756 37
757 35
758 30
759 37
760 23
761 31
762 38
763 32
764 20
765 43
766 37
767 26
768 22
769 33
770 37
771 42
772 36
773 37
774 44
775 32
776 23
777 33
778 30
779 29
780 23
781 33
782 28
783 41
784 31
785 31
786 29
787 33
788 36
789 34
790 39
791 33
792 36
793 36
794 41
795 23
796 40
797 35
798 37
799 38
800 23
801 51
802 26
803 29
804 31
805 33
806 29
807 28
808 33
809 35
810 33
811 37
812 45
813 49
814 43
815 31
816 36
817 29
818 26
819 37
820 31
821 38
822 34
823 38
824 29
825 41
826 27
827 29
828 35
829 35
830 27
831 25
832 28
833 25
834 30
835 37
836 29
837 36
838 39
839 34
840 31
841 32
842 28
843 30
844 22
845 34
846 29
847 33
848 36
849 30
850 31
851 26
852 35
853 35
854 36
855 31
856 33
857 30
858 30
859 34
860 42
861 33
862 30
863 29
864 23
865 27
866 31
867 29
868 35
869 30
870 29
871 31
872 29
873 35
874 37
875 31
876 33
877 23
878 32
879 27
880 31
881 33
882 36
883 35
884 33
885 34
886 26
887 27
888 25
889 35
890 33
891 28
892 17
893 41
894 42
895 26
896 36
897 29
898 32
899 35
900 23
901 38
902 27
903 28
904 34
905 39
906 40
907 30
908 29
909 34
910 25
911 29
912 34
913 38
914 29
915 29
916 31
917 37
918 38
919 39
920 29
921 24
922 29
923 46
924 30
925 40
926 27
927 27
928 28
929 28
930 41
931 31
932 32
933 36
934 32
935 30
936 25
937 33
938 30
939 31
940 25
941 32
942 28
943 39
944 40
945 33
946 33
947 33
948 38
949 38
950 32
951 26
952 33
953 32
954 25
955 33
956 32
957 33
958 30
959 33
960 30
961 23
962 31
963 40
964 41
965 31
966 26
967 36
968 29
969 25
970 38
971 20
972 22
973 33
974 20
975 26
976 23
977 25
978 29
979 37
980 33
981 20
982 36
983 23
984 25
985 36
986 27
987 22
988 24
989 38
990 35
991 34
992 24
993 34
994 40
995 31
996 43
997 41
998 27
999 38
1000 34
1001 22
1002 28
1003 32
1004 35
1005 39
1006 28
1007 37
1008 38
1009 26
1010 33
1011 36
1012 37
1013 33
1014 43
1015 28
1016 30
1017 30
1018 34
1019 24
1020 29
1021 27
1022 32
1023 27
1024 29
1025 41
1026 29
1027 33
1028 20
1029 34
1030 34
1031 32
1032 32
1033 27
1034 24
1035 30
1036 27
1037 26
1038 30
1039 24
1040 35
1041 29
1042 35
1043 33
1044 37
1045 31
1046 36
1047 30
1048 26
1049 27
1050 31
1051 29
1052 29
1053 21
1054 30
1055 33
1056 23
1057 28
1058 41
1059 31
1060 25
1061 42
1062 29
1063 32
1064 24
1065 24
1066 35
1067 20
1068 27
1069 27
1070 34
1071 34
1072 36
1073 35
1074 30
1075 27
1076 26
1077 26
1078 31
1079 32
1080 30
1081 33
1082 32
1083 25
1084 26
1085 29
1086 28
1087 29
1088 37
1089 25
1090 28
1091 35
1092 30
1093 20
1094 37
1095 31
1096 32
1097 30
1098 34
1099 24
1100 27
1101 27
1102 32
1103 23
1104 27
1105 22
1106 31
1107 26
1108 23
1109 22
1110 27
1111 29
1112 23
1113 27
1114 30
1115 29
1116 35
1117 40
1118 33
1119 29
1120 26
1121 20
1122 36
1123 32
1124 35
1125 26
1126 29
1127 26
1128 26
1129 38
1130 17
1131 45
1132 27
1133 33
1134 34
1135 24
1136 34
1137 26
1138 38
1139 42
1140 29
1141 28
1142 41
1143 29
1144 28
1145 25
1146 30
1147 32
1148 42
1149 38
1150 32
1151 37
1152 27
1153 25
1154 26
1155 25
1156 26
1157 32
1158 32
1159 31
1160 39
1161 38
1162 33
1163 37
1164 33
1165 32
1166 24
1167 24
1168 35
1169 30
1170 38
1171 34
1172 24
1173 28
1174 31
1175 28
1176 41
1177 27
1178 28
1179 30
1180 33
1181 28
1182 29
1183 34
1184 43
1185 68
1186 68
1187 74
1188 75
1189 150
1190 213
1191 267
1192 276
1193 248
1194 268
1195 279
1196 258
1197 324
1198 341
1199 418
1200 388
1201 375
1202 463
1203 575
1204 677
1205 800
1206 747
1207 647
1208 452
1209 335
1210 270
1211 174
1212 131
1213 86
1214 63
1215 42
1216 33
1217 23
1218 44
1219 26
1220 39
1221 27
1222 33
1223 31
1224 43
1225 38
1226 30
1227 24
1228 23
1229 36
1230 41
1231 29
1232 32
1233 33
1234 28
1235 27
1236 28
1237 33
1238 23
1239 30
1240 24
1241 30
1242 30
1243 27
1244 26
1245 29
1246 15
1247 29
1248 36
1249 28
1250 39
1251 27
1252 14
1253 25
1254 18
1255 23
1256 27
1257 31
1258 27
1259 22
1260 30
1261 31
1262 30
1263 26
1264 22
1265 29
1266 24
1267 28
1268 17
1269 23
1270 32
1271 15
1272 26
1273 15
1274 16
1275 17
1276 19
1277 16
1278 8
1279 4
1280 24
1281 21
1282 17
1283 25
1284 20
1285 17
1286 19
1287 27
1288 16
1289 29
1290 21
1291 30
1292 19
1293 25
1294 11
1295 16
1296 24
1297 27
1298 22
1299 25
1300 23
1301 23
1302 17
1303 22
1304 21
1305 22
1306 29
1307 23
1308 25
1309 17
1310 27
1311 26
1312 23
1313 19
1314 26
1315 28
1316 23
1317 18
1318 25
1319 26
1320 23
1321 21
1322 24
1323 16
1324 24
1325 20
1326 26
1327 20
1328 19
1329 14
1330 18
1331 18
1332 27
1333 26
1334 19
1335 21
1336 32
1337 19
1338 21
1339 18
1340 23
1341 18
1342 24
1343 22
1344 15
1345 26
1346 20
1347 14
1348 15
1349 21
1350 24
1351 20
1352 16
1353 27
1354 23
1355 21
1356 23
1357 18
1358 23
1359 18
1360 12
1361 24
1362 22
1363 22
1364 21
1365 18
1366 23
1367 20
1368 21
1369 15
1370 17
1371 20
1372 29
1373 22
1374 14
1375 20
1376 21
1377 24
1378 19
1379 18
1380 22
1381 22
1382 22
1383 18
1384 28
1385 24
1386 16
1387 25
1388 24
1389 22
1390 17
1391 14
1392 20
1393 24
1394 18
1395 29
1396 27
1397 18
1398 21
1399 18
1400 24
1401 18
1402 25
1403 20
1404 14
1405 28
1406 20
1407 24
1408 20
1409 21
1410 15
1411 12
1412 23
1413 20
1414 23
1415 23
1416 29
1417 30
1418 35
1419 39
1420 50
1421 68
1422 43
1423 53
1424 47
1425 37
1426 47
1427 43
1428 59
1429 35
1430 44
1431 36
1432 32
1433 33
1434 24
1435 21
1436 21
1437 27
1438 21
1439 19
1440 17
1441 25
1442 18
1443 20
1444 21
1445 13
1446 23
1447 18
1448 20
1449 20
1450 25
1451 24
1452 21
1453 15
1454 12
1455 17
1456 24
1457 20
1458 22
1459 23
1460 22
1461 20
1462 17
1463 25
1464 28
1465 29
1466 17
1467 22
1468 28
1469 19
1470 23
1471 23
1472 18
1473 23
1474 20
1475 25
1476 24
1477 23
1478 20
1479 15
1480 29
1481 15
1482 30
1483 23
1484 14
1485 17
1486 17
1487 15
1488 18
1489 17
1490 25
1491 26
1492 21
1493 21
1494 26
1495 28
1496 29
1497 30
1498 35
1499 34
1500 39
1501 51
1502 43
1503 49
1504 70
1505 81
1506 93
1507 116
1508 151
1509 198
1510 238
1511 215
1512 191
1513 250
1514 328
1515 384
1516 356
1517 327
1518 264
1519 233
1520 194
1521 145
1522 130
1523 93
1524 54
1525 68
1526 68
1527 55
1528 43
1529 33
1530 36
1531 26
1532 28
1533 22
1534 18
1535 28
1536 23
1537 26
1538 18
1539 12
1540 19
1541 14
1542 25
1543 22
1544 22
1545 28
1546 26
1547 19
1548 29
1549 24
1550 17
1551 18
1552 23
1553 24
1554 24
1555 15
1556 22
1557 16
1558 20
1559 22
1560 21
1561 23
1562 13
1563 15
1564 34
1565 14
1566 20
1567 15
1568 16
1569 17
1570 20
1571 25
1572 24
1573 17
1574 15
1575 20
1576 19
1577 24
1578 23
1579 16
1580 25
1581 17
1582 13
1583 17
1584 18
1585 17
1586 16
1587 25
1588 15
1589 16
1590 25
1591 12
1592 28
1593 23
1594 13
1595 22
1596 19
1597 22
1598 17
1599 13
1600 19
1601 12
1602 12
1603 20
1604 10
1605 18
1606 15
1607 21
1608 27
1609 18
1610 21
1611 20
1612 12
1613 11
1614 21
1615 24
1616 15
1617 18
1618 13
1619 20
1620 18
1621 21
1622 15
1623 16
1624 15
1625 19
1626 17
1627 17
1628 21
1629 22
1630 12
1631 20
1632 15
1633 19
1634 20
1635 15
1636 16
1637 18
1638 25
1639 15
1640 11
1641 11
1642 16
1643 10
1644 13
1645 15
1646 16
1647 17
1648 17
1649 19
1650 10
1651 23
1652 17
1653 22
1654 16
1655 16
1656 20
1657 24
1658 17
1659 12
1660 20
1661 27
1662 15
1663 17
1664 22
1665 24
1666 15
1667 15
1668 26
1669 15
1670 25
1671 11
1672 31
1673 12
1674 14
1675 28
1676 11
1677 16
1678 11
1679 20
1680 13
1681 21
1682 13
1683 21
1684 20
1685 20
1686 17
1687 25
1688 20
1689 19
1690 16
1691 13
1692 18
1693 23
1694 16
1695 12
1696 18
1697 17
1698 15
1699 20
1700 21
1701 18
1702 17
1703 24
1704 20
1705 20
1706 17
1707 22
1708 15
1709 11
1710 17
1711 14
1712 21
1713 17
1714 16
1715 13
1716 16
1717 16
1718 14
1719 16
1720 16
1721 17
1722 19
1723 19
1724 17
1725 17
1726 14
1727 20
1728 10
1729 14
1730 19
1731 21
1732 11
1733 16
1734 19
1735 19
1736 22
1737 18
1738 13
1739 19
1740 16
1741 18
1742 20
1743 9
1744 14
1745 16
1746 16
1747 24
1748 17
1749 20
1750 12
1751 17
1752 15
1753 14
1754 14
1755 10
1756 16
1757 16
1758 18
1759 16
1760 14
1761 14
1762 11
1763 23
1764 15
1765 19
1766 17
1767 22
1768 19
1769 16
1770 13
1771 5
1772 17
1773 17
1774 15
1775 18
1776 20
1777 12
1778 9
1779 23
1780 14
1781 13
1782 15
1783 13
1784 20
1785 17
1786 15
1787 14
1788 11
1789 12
1790 19
1791 12
1792 17
1793 27
1794 19
1795 20
1796 17
1797 16
1798 16
1799 19
1800 11
1801 15
1802 14
1803 11
1804 14
1805 16
1806 18
1807 21
1808 25
1809 16
1810 19
1811 10
1812 13
1813 14
1814 22
1815 19
1816 27
1817 15
1818 21
1819 15
1820 16
1821 21
1822 18
1823 18
1824 12
1825 13
1826 13
1827 23
1828 17
1829 13
1830 18
1831 21
1832 18
1833 18
1834 12
1835 16
1836 9
1837 11
1838 18
1839 12
1840 13
1841 16
1842 19
1843 15
1844 15
1845 20
1846 11
1847 25
1848 18
1849 21
1850 19
1851 25
1852 9
1853 15
1854 17
1855 13
1856 16
1857 18
1858 11
1859 19
1860 18
1861 20
1862 21
1863 14
1864 21
1865 13
1866 18
1867 13
1868 15
1869 18
1870 18
1871 21
1872 18
1873 15
1874 17
1875 11
1876 16
1877 12
1878 14
1879 21
1880 15
1881 13
1882 17
1883 21
1884 16
1885 13
1886 18
1887 15
1888 7
1889 20
1890 17
1891 19
1892 19
1893 10
1894 16
1895 13
1896 16
1897 16
1898 14
1899 12
1900 18
1901 23
1902 18
1903 17
1904 21
1905 20
1906 19
1907 16
1908 18
1909 15
1910 16
1911 12
1912 14
1913 16
1914 13
1915 16
1916 14
1917 17
1918 16
1919 15
1920 14
1921 17
1922 13
1923 17
1924 19
1925 25
1926 27
1927 13
1928 14
1929 14
1930 17
1931 9
1932 18
1933 17
1934 24
1935 17
1936 15
1937 23
1938 26
1939 18
1940 23
1941 15
1942 26
1943 34
1944 20
1945 17
1946 11
1947 26
1948 23
1949 22
1950 20
1951 17
1952 16
1953 15
1954 18
1955 12
1956 24
1957 13
1958 22
1959 9
1960 15
1961 16
1962 19
1963 18
1964 23
1965 16
1966 21
1967 9
1968 19
1969 18
1970 12
1971 15
1972 18
1973 9
1974 12
1975 19
1976 14
1977 16
1978 14
1979 26
1980 16
1981 21
1982 25
1983 15
1984 20
1985 24
1986 20
1987 20
1988 25
1989 23
1990 21
1991 31
1992 26
1993 50
1994 59
1995 61
1996 75
1997 128
1998 199
1999 273
2000 296
2001 216
2002 160
2003 125
2004 142
2005 139
2006 105
2007 83
2008 70
2009 65
2010 62
2011 63
2012 83
2013 76
2014 60
2015 44
2016 36
2017 29
2018 34
2019 20
2020 15
2021 33
2022 18
2023 26
2024 17
2025 16
2026 17
2027 19
2028 15
2029 15
2030 13
2031 6
2032 17
2033 16
2034 16
2035 13
2036 10
2037 11
2038 15
2039 12
2040 11
2041 15
2042 26
2043 14
2044 12
2045 15
2046 17
2047 20
2048 14
2049 18
2050 14
2051 10
2052 14
2053 8
2054 15
2055 15
2056 13
2057 12
2058 15
2059 9
2060 18
2061 17
2062 12
2063 21
2064 13
2065 13
2066 14
2067 12
2068 15
2069 19
2070 14
2071 14
2072 20
2073 20
2074 14
2075 12
2076 6
2077 17
2078 12
2079 14
2080 19
2081 11
2082 19
2083 9
2084 11
2085 8
2086 8
2087 10
2088 13
2089 13
2090 14
2091 11
2092 15
2093 14
2094 8
2095 13
2096 9
2097 8
2098 9
2099 17
2100 24
2101 17
2102 15
2103 15
2104 18
2105 13
2106 9
2107 12
2108 10
2109 11
2110 18
2111 24
2112 13
2113 9
2114 12
2115 10
2116 14
2117 14
2118 6
2119 11
2120 10
2121 15
2122 13
2123 10
2124 12
2125 14
2126 8
2127 9
2128 6
2129 16
2130 18
2131 12
2132 8
2133 8
2134 18
2135 14
2136 13
2137 19
2138 13
2139 16
2140 13
2141 16
2142 14
2143 13
2144 10
2145 13
2146 11
2147 16
2148 14
2149 13
2150 19
2151 13
2152 12
2153 10
2154 10
2155 16
2156 15
2157 10
2158 11
2159 12
2160 20
2161 13
2162 19
2163 10
2164 15
2165 9
2166 20
2167 12
2168 22
2169 12
2170 16
2171 12
2172 19
2173 12
2174 21
2175 19
2176 16
2177 16
2178 21
2179 16
2180 15
2181 11
2182 16
2183 15
2184 14
2185 19
2186 14
2187 12
2188 17
2189 17
2190 14
2191 21
2192 16
2193 8
2194 14
2195 15
2196 9
2197 22
2198 17
2199 14
2200 24
2201 15
2202 17
2203 12
2204 10
2205 15
2206 16
2207 18
2208 16
2209 17
2210 13
2211 11
2212 15
2213 15
2214 6
2215 8
2216 17
2217 8
2218 15
2219 19
2220 16
2221 13
2222 10
2223 16
2224 12
2225 16
2226 16
2227 12
2228 10
2229 16
2230 13
2231 15
2232 7
2233 15
2234 8
2235 17
2236 14
2237 15
2238 20
2239 5
2240 21
2241 26
2242 26
2243 17
2244 15
2245 14
2246 21
2247 26
2248 22
2249 14
2250 21
2251 23
2252 31
2253 23
2254 34
2255 39
2256 44
2257 37
2258 63
2259 67
2260 94
2261 82
2262 92
2263 99
2264 116
2265 196
2266 225
2267 263
2268 309
2269 376
2270 424
2271 415
2272 515
2273 517
2274 628
2275 639
2276 613
2277 553
2278 549
2279 456
2280 442
2281 388
2282 405
2283 390
2284 237
2285 170
2286 142
2287 125
2288 182
2289 162
2290 94
2291 88
2292 63
2293 58
2294 38
2295 36
2296 28
2297 28
2298 20
2299 22
2300 23
2301 12
2302 20
2303 15
2304 25
2305 16
2306 13
2307 13
2308 16
2309 13
2310 16
2311 19
2312 15
2313 11
2314 13
2315 14
2316 19
2317 14
2318 16
2319 13
2320 15
2321 11
2322 10
2323 8
2324 15
2325 15
2326 14
2327 13
2328 12
2329 18
2330 12
2331 12
2332 18
2333 13
2334 12
2335 7
2336 10
2337 12
2338 11
2339 10
2340 10
2341 10
2342 12
2343 18
2344 20
2345 13
2346 14
2347 12
2348 14
2349 13
2350 15
2351 8
2352 11
2353 19
2354 18
2355 10
2356 14
2357 10
2358 8
2359 8
2360 17
2361 23
2362 15
2363 17
2364 14
2365 17
2366 17
2367 10
2368 14
2369 19
2370 12
2371 12
2372 12
2373 13
2374 10
2375 11
2376 12
2377 14
2378 17
2379 16
2380 21
2381 16
2382 16
2383 14
2384 10
2385 12
2386 12
2387 17
2388 15
2389 14
2390 18
2391 12
2392 8
2393 10
2394 12
2395 9
2396 11
2397 12
2398 17
2399 10
2400 12
2401 23
2402 13
2403 24
2404 22
2405 15
2406 9
2407 13
2408 13
2409 11
2410 9
2411 15
2412 15
2413 15
2414 8
2415 8
2416 16
2417 11
2418 18
2419 15
2420 14
2421 10
2422 17
2423 11
2424 16
2425 18
2426 16
2427 20
2428 16
2429 11
2430 18
2431 14
2432 12
2433 14
2434 8
2435 20
2436 12
2437 12
2438 16
2439 11
2440 16
2441 16
2442 11
2443 7
2444 17
2445 18
2446 8
2447 8
2448 19
2449 13
2450 11
2451 10
2452 13
2453 11
2454 11
2455 12
2456 10
2457 10
2458 14
2459 17
2460 14
2461 16
2462 10
2463 16
2464 16
2465 18
2466 19
2467 10
2468 16
2469 13
2470 17
2471 15
2472 19
2473 21
2474 29
2475 23
2476 30
2477 31
2478 32
2479 33
2480 29
2481 44
2482 44
2483 63
2484 61
2485 73
2486 70
2487 72
2488 67
2489 76
2490 70
2491 75
2492 95
2493 91
2494 115
2495 110
2496 107
2497 73
2498 54
2499 57
2500 40
2501 62
2502 57
2503 41
2504 24
2505 25
2506 20
2507 25
2508 18
2509 19
2510 14
2511 17
2512 16
2513 21
2514 12
2515 14
2516 13
2517 11
2518 12
2519 12
2520 18
2521 12
2522 12
2523 14
2524 9
2525 10
2526 10
2527 9
2528 10
2529 12
2530 10
2531 17
2532 9
2533 14
2534 14
2535 10
2536 8
2537 15
2538 9
2539 10
2540 8
2541 11
2542 13
2543 12
2544 14
2545 15
2546 8
2547 6
2548 11
2549 16
2550 13
2551 14
2552 11
2553 8
2554 12
2555 14
2556 19
2557 11
2558 12
2559 7
