0 33
1 24
2 21
3 31
4 18
5 32
6 24
7 25
8 40
9 27
10 32
11 31
12 29
13 32
14 21
15 26
16 23
17 27
18 35
19 22
20 26
21 35
22 25
23 23
24 19
25 28
26 31
27 23
28 26
29 34
30 33
31 21
32 25
33 22
34 22
35 27
36 25
37 20
38 33
39 33
40 20
41 26
42 29
43 28
44 22
45 32
46 25
47 24
48 24
49 26
50 35
51 24
52 27
53 23
54 23
55 23
56 20
57 23
58 30
59 30
60 29
61 28
62 33
63 16
64 19
65 29
66 30
67 24
68 35
69 25
70 21
71 27
72 24
73 27
74 37
75 21
76 22
77 28
78 31
79 24
80 22
81 23
82 21
83 29
84 26
85 30
86 20
87 26
88 23
89 24
90 29
91 25
92 29
93 33
94 23
95 35
96 30
97 34
98 18
99 32
100 29
101 26
102 37
103 22
104 28
105 21
106 36
107 28
108 29
109 28
110 27
111 32
112 30
113 38
114 29
115 36
116 30
117 23
118 35
119 23
120 27
121 29
122 27
123 28
124 25
125 29
126 31
127 25
128 23
129 38
130 30
131 35
132 24
133 20
134 21
135 29
136 28
137 28
138 27
139 27
140 33
141 48
142 25
143 45
144 26
145 33
146 29
147 34
148 26
149 20
150 34
151 39
152 24
153 24
154 39
155 28
156 29
157 23
158 27
159 30
160 30
161 27
162 32
163 24
164 28
165 25
166 25
167 31
168 29
169 28
170 19
171 42
172 30
173 18
174 32
175 26
176 19
177 37
178 26
179 35
180 27
181 37
182 32
183 40
184 23
185 38
186 38
187 27
188 37
189 31
190 20
191 23
192 27
193 34
194 19
195 27
196 35
197 27
198 38
199 28
200 29
201 32
202 29
203 30
204 22
205 34
206 38
207 23
208 30
209 36
210 32
211 35
212 36
213 33
214 23
215 24
216 35
217 29
218 34
219 31
220 37
221 23
222 27
223 35
224 28
225 49
226 24
227 32
228 26
229 31
230 33
231 26
232 28
233 24
234 35
235 26
236 28
237 40
238 38
239 48
240 31
241 32
242 24
243 30
244 25
245 30
246 25
247 31
248 25
249 25
250 25
251 27
252 28
253 25
254 43
255 31
256 28
257 32
258 44
259 38
260 32
261 30
262 30
263 33
264 34
265 47
266 41
267 25
268 34
269 30
270 34
271 31
272 29
273 29
274 29
275 31
276 37
277 34
278 28
279 21
280 34
281 32
282 38
283 32
284 35
285 25
286 31
287 30
288 29
289 36
290 30
291 32
292 31
293 38
294 33
295 39
296 35
297 30
298 43
299 32
300 25
301 32
302 26
303 22
304 40
305 31
306 37
307 32
308 30
309 37
310 34
311 38
312 26
313 32
314 22
315 26
316 30
317 27
318 33
319 38
320 32
321 32
322 25
323 35
324 29
325 38
326 26
327 35
328 29
329 35
330 44
331 33
332 29
333 28
334 19
335 27
336 36
337 37
338 38
339 27
340 25
341 23
342 22
343 26
344 32
345 22
346 20
347 34
348 29
349 29
350 22
351 32
352 30
353 35
354 30
355 33
356 37
357 28
358 31
359 46
360 28
361 30
362 31
363 30
364 30
365 25
366 30
367 28
368 44
369 39
370 37
371 40
372 34
373 36
374 28
375 36
376 31
377 31
378 34
379 38
380 35
381 31
382 34
383 37
384 26
385 27
386 22
387 35
388 37
389 34
390 39
391 24
392 29
393 24
394 30
395 24
396 42
397 31
398 35
399 34
400 27
401 35
402 52
403 34
404 34
405 38
406 45
407 33
408 34
409 23
410 34
411 24
412 39
413 41
414 38
415 33
416 27
417 42
418 37
419 46
420 35
421 30
422 42
423 35
424 25
425 28
426 31
427 37
428 34
429 37
430 39
431 36
432 37
433 29
434 36
435 28
436 27
437 37
438 37
439 40
440 26
441 22
442 35
443 39
444 35
445 31
446 31
447 42
448 32
449 27
450 36
451 33
452 42
453 35
454 43
455 27
456 23
457 40
458 35
459 33
460 34
461 33
462 36
463 33
464 33
465 38
466 30
467 24
468 32
469 47
470 43
471 32
472 34
473 30
474 23
475 27
476 36
477 39
478 28
479 29
480 39
481 34
482 36
483 34
484 34
485 30
486 32
487 39
488 29
489 47
490 37
491 45
492 34
493 31
494 29
495 45
496 30
497 41
498 38
499 33
500 40
501 40
502 43
503 19
504 20
505 37
506 38
507 35
508 36
509 36
510 31
511 41
512 29
513 32
514 46
515 45
516 36
517 36
518 42
519 37
520 44
521 39
522 32
523 34
524 52
525 35
526 31
527 39
528 38
529 36
530 44
531 33
532 31
533 34
534 43
535 28
536 35
537 32
538 29
539 38
540 30
541 24
542 30
543 38
544 33
545 39
546 35
547 43
548 31
549 34
550 39
551 37
552 35
553 32
554 34
555 45
556 40
557 30
558 35
559 29
560 29
561 35
562 64
563 28
564 32
565 26
566 27
567 40
568 38
569 40
570 37
571 26
572 30
573 39
574 34
575 32
576 42
577 48
578 34
579 37
580 39
581 36
582 36
583 33
584 51
585 39
586 36
587 29
588 38
589 28
590 58
591 40
592 37
593 33
594 49
595 44
596 46
597 49
598 40
599 40
600 53
601 45
602 44
603 61
604 52
605 62
606 63
607 78
608 69
609 83
610 70
611 82
612 80
613 80
614 89
615 95
616 96
617 87
618 85
619 100
620 104
621 87
622 121
623 110
624 78
625 66
626 62
627 53
628 46
629 44
630 37
631 37
632 45
633 51
634 38
635 30
636 34
637 40
638 42
639 38
640 44
641 33
642 40
643 38
644 35
645 37
646 28
647 40
648 26
649 37
650 40
651 45
652 34
653 35
654 44
655 35
656 27
657 30
658 45
659 38
660 33
661 37
662 35
663 32
664 35
665 35
666 32
667 33
668 43
669 29
670 39
671 42
672 34
673 37
674 32
675 32
676 38
677 26
678 26
679 32
680 32
681 40
682 27
683 36
684 34
685 40
686 42
687 45
688 34
689 41
690 39
691 35
692 21
693 30
694 34
695 32
696 31
697 36
698 29
699 39
700 43
701 24
702 33
703 34
704 34
705 27
706 33
707 40
708 36
709 29
710 52
711 45
712 31
713 49
714 33
715 36
716 37
717 37
718 31
719 34
720 38
721 30
722 42
723 33
724 32
725 31
726 37
727 29
728 31
729 27
730 30
731 37
732 26
733 42
734 43
735 42
736 37
737 39
738 26
739 25
740 39
741 35
742 43
743 34
744 35
745 34
746 31
747 41
748 31
749 34
750 41
751 34
752 42
753 36
754 31
755 30
756 35
757 26
758 46
759 48
760 36
761 26
762 31
763 34
764 32
765 34
766 21
767 27
768 29
769 32
770 30
771 40
772 27
773 30
774 40
775 31
776 35
777 41
778 35
779 34
780 38
781 30
782 41
783 40
784 48
785 28
786 38
787 34
788 31
789 41
790 32
791 28
792 35
793 32
794 51
795 35
796 30
797 36
798 33
799 39
800 28
801 30
802 29
803 29
804 33
805 38
806 40
807 34
808 43
809 36
810 37
811 33
812 36
813 33
814 30
815 33
816 41
817 23
818 27
819 31
820 27
821 28
822 37
823 40
824 32
825 23
826 29
827 36
828 33
829 37
830 35
831 33
832 32
833 32
834 35
835 30
836 26
837 36
838 26
839 38
840 29
841 29
842 28
843 36
844 42
845 36
846 32
847 37
848 38
849 43
850 30
851 44
852 44
853 36
854 38
855 19
856 44
857 32
858 36
859 38
860 29
861 41
862 38
863 40
864 33
865 22
866 31
867 29
868 26
869 31
870 35
871 28
872 30
873 26
874 28
875 36
876 32
877 27
878 26
879 41
880 33
881 44
882 42
883 41
884 31
885 32
886 36
887 31
888 28
889 36
890 34
891 24
892 37
893 32
894 32
895 33
896 42
897 36
898 30
899 35
900 33
901 35
902 29
903 31
904 30
905 35
906 22
907 27
908 26
909 40
910 40
911 32
912 21
913 34
914 36
915 42
916 34
917 40
918 24
919 29
920 32
921 38
922 38
923 36
924 33
925 29
926 36
927 27
928 31
929 45
930 27
931 33
932 37
933 38
934 27
935 30
936 35
937 29
938 23
939 28
940 39
941 30
942 31
943 29
944 22
945 35
946 27
947 37
948 30
949 35
950 30
951 32
952 29
953 37
954 25
955 29
956 36
957 33
958 30
959 30
960 35
961 34
962 39
963 40
964 42
965 25
966 36
967 34
968 52
969 31
970 42
971 32
972 29
973 38
974 35
975 30
976 31
977 33
978 26
979 34
980 33
981 35
982 28
983 28
984 38
985 35
986 30
987 34
988 29
989 22
990 30
991 33
992 38
993 21
994 37
995 25
996 22
997 27
998 33
999 32
1000 34
1001 41
1002 33
1003 28
1004 24
1005 21
1006 29
1007 36
1008 30
1009 30
1010 35
1011 40
1012 32
1013 30
1014 37
1015 22
1016 17
1017 30
1018 33
1019 29
1020 36
1021 30
1022 25
1023 33
1024 41
1025 42
1026 26
1027 33
1028 28
1029 25
1030 26
1031 25
1032 27
1033 33
1034 23
1035 30
1036 32
1037 36
1038 32
1039 34
1040 32
1041 35
1042 30
1043 40
1044 30
1045 31
1046 32
1047 31
1048 40
1049 28
1050 45
1051 26
1052 29
1053 27
1054 28
1055 29
1056 26
1057 21
1058 38
1059 28
1060 39
1061 35
1062 36
1063 26
1064 32
1065 18
1066 28
1067 31
1068 42
1069 29
1070 28
1071 26
1072 34
1073 22
1074 41
1075 29
1076 38
1077 41
1078 33
1079 29
1080 26
1081 29
1082 39
1083 29
1084 29
1085 35
1086 26
1087 31
1088 31
1089 25
1090 29
1091 22
1092 37
1093 33
1094 40
1095 34
1096 25
1097 30
1098 46
1099 27
1100 32
1101 31
1102 23
1103 19
1104 37
1105 36
1106 36
1107 37
1108 35
1109 30
1110 38
1111 35
1112 35
1113 48
1114 35
1115 44
1116 34
1117 26
1118 34
1119 40
1120 26
1121 23
1122 39
1123 30
1124 24
1125 34
1126 43
1127 26
1128 41
1129 41
1130 32
1131 24
1132 36
1133 53
1134 35
1135 47
1136 51
1137 69
1138 73
1139 76
1140 89
1141 102
1142 112
1143 119
1144 167
1145 223
1146 269
1147 327
1148 353
1149 352
1150 365
1151 387
1152 469
1153 562
1154 617
1155 598
1156 515
1157 459
1158 470
1159 456
1160 417
1161 323
1162 328
1163 257
1164 208
1165 147
1166 140
1167 82
1168 52
1169 28
1170 38
1171 36
1172 32
1173 33
1174 39
1175 41
1176 33
1177 44
1178 33
1179 24
1180 31
1181 44
1182 29
1183 34
1184 26
1185 36
1186 37
1187 25
1188 38
1189 30
1190 29
1191 22
1192 28
1193 28
1194 22
1195 24
1196 23
1197 31
1198 20
1199 31
1200 22
1201 35
1202 27
1203 23
1204 27
1205 36
1206 32
1207 38
1208 31
1209 36
1210 34
1211 18
1212 23
1213 31
1214 40
1215 36
1216 30
1217 37
1218 34
1219 32
1220 20
1221 28
1222 31
1223 35
1224 23
1225 25
1226 33
1227 30
1228 24
1229 26
1230 34
1231 29
1232 32
1233 27
1234 35
1235 38
1236 30
1237 23
1238 28
1239 26
1240 22
1241 37
1242 31
1243 28
1244 36
1245 31
1246 31
1247 33
1248 33
1249 28
1250 31
1251 33
1252 21
1253 22
1254 28
1255 29
1256 33
1257 24
1258 39
1259 34
1260 32
1261 35
1262 20
1263 33
1264 28
1265 37
1266 27
1267 17
1268 15
1269 24
1270 29
1271 29
1272 27
1273 17
1274 15
1275 17
1276 22
1277 21
1278 15
1279 6
1280 20
1281 24
1282 25
1283 22
1284 20
1285 27
1286 28
1287 26
1288 27
1289 31
1290 22
1291 20
1292 21
1293 25
1294 16
1295 28
1296 27
1297 10
1298 13
1299 21
1300 26
1301 24
1302 27
1303 35
1304 26
1305 18
1306 30
1307 20
1308 18
1309 17
1310 23
1311 23
1312 27
1313 30
1314 23
1315 18
1316 19
1317 22
1318 22
1319 19
1320 28
1321 21
1322 20
1323 24
1324 24
1325 25
1326 16
1327 22
1328 15
1329 26
1330 26
1331 24
1332 24
1333 21
1334 32
1335 20
1336 19
1337 16
1338 18
1339 30
1340 22
1341 22
1342 23
1343 21
1344 23
1345 25
1346 29
1347 32
1348 20
1349 26
1350 28
1351 35
1352 18
1353 21
1354 19
1355 20
1356 25
1357 14
1358 26
1359 23
1360 23
1361 22
1362 29
1363 34
1364 33
1365 34
1366 35
1367 42
1368 46
1369 36
1370 32
1371 40
1372 47
1373 37
1374 36
1375 56
1376 43
1377 37
1378 44
1379 43
1380 40
1381 26
1382 28
1383 27
1384 24
1385 25
1386 27
1387 25
1388 19
1389 28
1390 19
1391 18
1392 32
1393 23
1394 23
1395 14
1396 20
1397 25
1398 24
1399 22
1400 27
1401 21
1402 25
1403 30
1404 20
1405 24
1406 22
1407 30
1408 18
1409 25
1410 22
1411 22
1412 21
1413 19
1414 20
1415 20
1416 26
1417 23
1418 23
1419 31
1420 27
1421 18
1422 21
1423 29
1424 22
1425 17
1426 22
1427 14
1428 26
1429 25
1430 29
1431 22
1432 16
1433 20
1434 20
1435 17
1436 22
1437 25
1438 38
1439 32
1440 22
1441 27
1442 27
1443 41
1444 37
1445 50
1446 56
1447 47
1448 50
1449 62
1450 63
1451 82
1452 122
1453 124
1454 132
1455 146
1456 168
1457 186
1458 198
1459 208
1460 206
1461 198
1462 200
1463 214
1464 185
1465 215
1466 194
1467 128
1468 91
1469 43
1470 45
1471 43
1472 39
1473 39
1474 25
1475 17
1476 36
1477 29
1478 24
1479 21
1480 23
1481 17
1482 20
1483 25
1484 19
1485 22
1486 18
1487 20
1488 23
1489 22
1490 20
1491 16
1492 14
1493 23
1494 17
1495 18
1496 23
1497 21
1498 16
1499 16
1500 22
1501 17
1502 19
1503 21
1504 14
1505 22
1506 21
1507 26
1508 24
1509 19
1510 16
1511 14
1512 14
1513 26
1514 29
1515 22
1516 21
1517 16
1518 25
1519 16
1520 22
1521 24
1522 12
1523 16
1524 24
1525 20
1526 10
1527 20
1528 19
1529 24
1530 24
1531 15
1532 16
1533 11
1534 11
1535 17
1536 15
1537 18
1538 22
1539 24
1540 13
1541 27
1542 23
1543 20
1544 18
1545 24
1546 18
1547 14
1548 19
1549 23
1550 12
1551 22
1552 17
1553 25
1554 20
1555 23
1556 21
1557 24
1558 20
1559 19
1560 23
1561 18
1562 26
1563 26
1564 22
1565 20
1566 23
1567 11
1568 18
1569 23
1570 16
1571 22
1572 17
1573 15
1574 19
1575 20
1576 22
1577 21
1578 26
1579 21
1580 24
1581 13
1582 19
1583 18
1584 24
1585 28
1586 15
1587 21
1588 21
1589 21
1590 20
1591 15
1592 18
1593 18
1594 14
1595 17
1596 13
1597 21
1598 18
1599 24
1600 15
1601 16
1602 23
1603 28
1604 22
1605 17
1606 26
1607 23
1608 12
1609 20
1610 20
1611 20
1612 20
1613 17
1614 25
1615 22
1616 16
1617 19
1618 14
1619 24
1620 10
1621 25
1622 24
1623 21
1624 18
1625 12
1626 17
1627 17
1628 14
1629 30
1630 15
1631 25
1632 14
1633 26
1634 28
1635 14
1636 22
1637 19
1638 21
1639 16
1640 16
1641 18
1642 17
1643 18
1644 18
1645 24
1646 20
1647 15
1648 20
1649 13
1650 15
1651 12
1652 20
1653 14
1654 21
1655 16
1656 16
1657 13
1658 21
1659 19
1660 24
1661 22
1662 15
1663 20
1664 18
1665 22
1666 18
1667 10
1668 21
1669 15
1670 20
1671 13
1672 13
1673 17
1674 19
1675 17
1676 24
1677 14
1678 23
1679 16
1680 23
1681 13
1682 15
1683 25
1684 18
1685 17
1686 15
1687 20
1688 18
1689 16
1690 23
1691 19
1692 16
1693 20
1694 8
1695 22
1696 18
1697 21
1698 24
1699 17
1700 17
1701 17
1702 18
1703 13
1704 19
1705 11
1706 17
1707 15
1708 16
1709 16
1710 24
1711 13
1712 16
1713 22
1714 16
1715 13
1716 15
1717 10
1718 20
1719 17
1720 20
1721 13
1722 21
1723 14
1724 17
1725 13
1726 13
1727 26
1728 19
1729 22
1730 16
1731 19
1732 20
1733 21
1734 19
1735 25
1736 18
1737 16
1738 18
1739 13
1740 15
1741 15
1742 16
1743 29
1744 12
1745 20
1746 18
1747 16
1748 14
1749 11
1750 16
1751 16
1752 16
1753 12
1754 15
1755 23
1756 14
1757 16
1758 20
1759 20
1760 25
1761 24
1762 20
1763 13
1764 15
1765 17
1766 14
1767 15
1768 16
1769 21
1770 18
1771 12
1772 16
1773 7
1774 14
1775 17
1776 24
1777 15
1778 20
1779 16
1780 14
1781 16
1782 14
1783 26
1784 17
1785 12
1786 16
1787 12
1788 28
1789 20
1790 14
1791 16
1792 21
1793 12
1794 14
1795 18
1796 13
1797 11
1798 18
1799 17
1800 19
1801 19
1802 16
1803 16
1804 22
1805 13
1806 17
1807 17
1808 11
1809 20
1810 18
1811 18
1812 16
1813 22
1814 14
1815 21
1816 22
1817 16
1818 21
1819 17
1820 18
1821 16
1822 25
1823 21
1824 17
1825 14
1826 13
1827 22
1828 20
1829 14
1830 16
1831 12
1832 27
1833 22
1834 16
1835 10
1836 18
1837 10
1838 15
1839 15
1840 16
1841 15
1842 22
1843 16
1844 21
1845 17
1846 10
1847 15
1848 20
1849 18
1850 19
1851 18
1852 11
1853 11
1854 16
1855 26
1856 20
1857 21
1858 15
1859 17
1860 21
1861 12
1862 17
1863 15
1864 24
1865 22
1866 18
1867 14
1868 28
1869 17
1870 14
1871 15
1872 30
1873 20
1874 15
1875 22
1876 19
1877 14
1878 21
1879 18
1880 24
1881 21
1882 21
1883 18
1884 23
1885 14
1886 23
1887 8
1888 17
1889 19
1890 15
1891 17
1892 21
1893 28
1894 21
1895 20
1896 20
1897 19
1898 15
1899 18
1900 28
1901 16
1902 20
1903 19
1904 28
1905 19
1906 11
1907 21
1908 17
1909 19
1910 24
1911 20
1912 19
1913 16
1914 15
1915 20
1916 18
1917 20
1918 15
1919 20
1920 15
1921 16
1922 26
1923 25
1924 28
1925 26
1926 34
1927 32
1928 38
1929 53
1930 52
1931 51
1932 44
1933 55
1934 63
1935 63
1936 74
1937 76
1938 98
1939 123
1940 160
1941 132
1942 88
1943 126
1944 125
1945 165
1946 132
1947 100
1948 71
1949 68
1950 77
1951 62
1952 48
1953 54
1954 95
1955 108
1956 118
1957 52
1958 30
1959 22
1960 21
1961 19
1962 18
1963 13
1964 18
1965 19
1966 17
1967 19
1968 20
1969 9
1970 17
1971 21
1972 18
1973 23
1974 14
1975 16
1976 16
1977 16
1978 20
1979 13
1980 8
1981 8
1982 10
1983 23
1984 14
1985 13
1986 20
1987 22
1988 18
1989 15
1990 11
1991 17
1992 17
1993 19
1994 15
1995 13
1996 19
1997 14
1998 10
1999 20
2000 13
2001 22
2002 17
2003 14
2004 14
2005 16
2006 15
2007 12
2008 20
2009 9
2010 11
2011 17
2012 13
2013 14
2014 19
2015 15
2016 22
2017 14
2018 14
2019 11
2020 12
2021 7
2022 13
2023 8
2024 9
2025 17
2026 18
2027 24
2028 22
2029 15
2030 13
2031 17
2032 19
2033 12
2034 15
2035 17
2036 17
2037 11
2038 13
2039 14
2040 11
2041 11
2042 16
2043 13
2044 12
2045 10
2046 9
2047 15
2048 11
2049 12
2050 17
2051 9
2052 13
2053 19
2054 8
2055 17
2056 15
2057 7
2058 14
2059 13
2060 17
2061 17
2062 16
2063 21
2064 18
2065 17
2066 15
2067 12
2068 20
2069 15
2070 17
2071 16
2072 17
2073 14
2074 17
2075 11
2076 18
2077 6
2078 16
2079 14
2080 11
2081 16
2082 16
2083 12
2084 11
2085 13
2086 14
2087 8
2088 17
2089 16
2090 19
2091 12
2092 11
2093 20
2094 9
2095 14
2096 16
2097 7
2098 16
2099 9
2100 13
2101 10
2102 16
2103 11
2104 11
2105 16
2106 13
2107 15
2108 19
2109 20
2110 18
2111 10
2112 18
2113 13
2114 18
2115 19
2116 6
2117 17
2118 16
2119 22
2120 13
2121 7
2122 11
2123 15
2124 16
2125 14
2126 16
2127 14
2128 13
2129 9
2130 17
2131 11
2132 16
2133 15
2134 17
2135 13
2136 18
2137 18
2138 17
2139 9
2140 16
2141 13
2142 15
2143 16
2144 12
2145 9
2146 15
2147 16
2148 14
2149 11
2150 19
2151 11
2152 14
2153 18
2154 22
2155 19
2156 13
2157 20
2158 10
2159 13
2160 20
2161 21
2162 10
2163 26
2164 15
2165 14
2166 9
2167 9
2168 16
2169 18
2170 17
2171 21
2172 12
2173 24
2174 11
2175 21
2176 18
2177 27
2178 9
2179 23
2180 25
2181 28
2182 19
2183 21
2184 29
2185 32
2186 45
2187 50
2188 54
2189 56
2190 50
2191 79
2192 80
2193 78
2194 98
2195 139
2196 182
2197 209
2198 213
2199 190
2200 196
2201 223
2202 258
2203 322
2204 344
2205 438
2206 449
2207 413
2208 435
2209 406
2210 451
2211 496
2212 470
2213 444
2214 363
2215 282
2216 255
2217 271
2218 231
2219 194
2220 190
2221 117
2222 103
2223 97
2224 66
2225 59
2226 36
2227 27
2228 24
2229 18
2230 17
2231 20
2232 20
2233 17
2234 17
2235 16
2236 12
2237 27
2238 19
2239 19
2240 11
2241 11
2242 24
2243 16
2244 21
2245 14
2246 15
2247 12
2248 9
2249 13
2250 13
2251 17
2252 19
2253 18
2254 18
2255 19
2256 18
2257 12
2258 19
2259 25
2260 13
2261 18
2262 22
2263 14
2264 14
2265 12
2266 12
2267 8
2268 12
2269 9
2270 12
2271 21
2272 15
2273 24
2274 8
2275 10
2276 20
2277 8
2278 10
2279 14
2280 13
2281 18
2282 11
2283 14
2284 13
2285 22
2286 13
2287 11
2288 7
2289 12
2290 17
2291 9
2292 14
2293 9
2294 13
2295 14
2296 12
2297 20
2298 9
2299 12
2300 12
2301 14
2302 11
2303 11
2304 11
2305 12
2306 9
2307 12
2308 11
2309 14
2310 16
2311 12
2312 17
2313 17
2314 16
2315 16
2316 21
2317 16
2318 12
2319 14
2320 15
2321 13
2322 14
2323 9
2324 17
2325 15
2326 15
2327 17
2328 20
2329 12
2330 10
2331 18
2332 15
2333 13
2334 4
2335 19
2336 16
2337 13
2338 24
2339 17
2340 20
2341 8
2342 16
2343 12
2344 21
2345 10
2346 17
2347 11
2348 12
2349 13
2350 7
2351 14
2352 14
2353 14
2354 12
2355 18
2356 12
2357 9
2358 14
2359 22
2360 12
2361 11
2362 14
2363 18
2364 11
2365 13
2366 14
2367 17
2368 14
2369 10
2370 15
2371 19
2372 16
2373 21
2374 12
2375 11
2376 4
2377 13
2378 18
2379 18
2380 11
2381 22
2382 15
2383 14
2384 13
2385 12
2386 16
2387 14
2388 25
2389 18
2390 15
2391 17
2392 16
2393 16
2394 13
2395 22
2396 11
2397 24
2398 20
2399 24
2400 32
2401 22
2402 31
2403 30
2404 34
2405 24
2406 45
2407 49
2408 48
2409 37
2410 51
2411 40
2412 63
2413 75
2414 68
2415 83
2416 101
2417 122
2418 101
2419 106
2420 114
2421 102
2422 108
2423 64
2424 69
2425 67
2426 68
2427 68
2428 45
2429 35
2430 45
2431 46
2432 42
2433 36
2434 30
2435 32
2436 19
2437 19
2438 18
2439 19
2440 18
2441 11
2442 11
2443 14
2444 11
2445 12
2446 13
2447 17
2448 16
2449 9
2450 12
2451 13
2452 14
2453 14
2454 13
2455 12
2456 13
2457 14
2458 7
2459 17
2460 17
2461 19
2462 15
2463 12
2464 17
2465 14
2466 14
2467 9
2468 10
2469 14
2470 13
2471 8
2472 11
2473 12
2474 11
2475 17
2476 14
2477 19
2478 13
2479 16
2480 8
2481 11
2482 17
2483 10
2484 13
2485 6
2486 15
2487 11
2488 8
2489 13
2490 16
2491 12
2492 14
2493 16
2494 14
2495 15
2496 16
2497 17
2498 15
2499 11
2500 14
2501 13
2502 10
2503 14
2504 14
2505 9
2506 13
2507 8
2508 13
2509 17
2510 15
2511 15
2512 15
2513 12
2514 16
2515 12
2516 9
2517 16
2518 16
2519 12
2520 17
2521 17
2522 16
2523 8
2524 15
2525 17
2526 11
2527 9
2528 16
2529 9
2530 13
2531 12
2532 12
2533 17
2534 12
2535 11
2536 10
2537 10
2538 6
2539 7
2540 16
2541 12
2542 9
2543 10
2544 17
2545 10
2546 13
2547 12
2548 11
2549 15
2550 9
2551 7
2552 14
2553 6
2554 11
2555 13
2556 11
2557 14
2558 16
2559 16
