0 27
1 29
2 27
3 27
4 19
5 19
6 40
7 24
8 25
9 26
10 30
11 29
12 31
13 27
14 22
15 37
16 35
17 27
18 40
19 24
20 23
21 34
22 33
23 25
24 26
25 26
26 30
27 26
28 24
29 34
30 24
31 36
32 22
33 36
34 27
35 28
36 31
37 29
38 27
39 44
40 31
41 24
42 32
43 32
44 37
45 40
46 32
47 26
48 33
49 36
50 34
51 28
52 32
53 27
54 25
55 35
56 32
57 25
58 34
59 32
60 27
61 41
62 27
63 33
64 31
65 33
66 28
67 21
68 29
69 30
70 28
71 39
72 40
73 29
74 31
75 28
76 24
77 32
78 30
79 30
80 34
81 25
82 31
83 27
84 37
85 33
86 25
87 31
88 25
89 28
90 25
91 43
92 24
93 27
94 27
95 22
96 32
97 27
98 35
99 26
100 21
101 29
102 23
103 25
104 29
105 27
106 30
107 31
108 22
109 29
110 34
111 41
112 29
113 26
114 30
115 21
116 35
117 27
118 28
119 25
120 34
121 27
122 28
123 23
124 21
125 24
126 30
127 30
128 33
129 31
130 26
131 31
132 23
133 21
134 26
135 27
136 22
137 30
138 24
139 23
140 24
141 28
142 23
143 31
144 30
145 38
146 35
147 29
148 39
149 29
150 24
151 23
152 29
153 35
154 28
155 32
156 29
157 25
158 29
159 35
160 26
161 28
162 32
163 34
164 35
165 26
166 30
167 27
168 27
169 31
170 19
171 28
172 22
173 19
174 29
175 28
176 26
177 29
178 34
179 28
180 24
181 26
182 30
183 27
184 38
185 27
186 31
187 25
188 22
189 35
190 27
191 36
192 37
193 33
194 27
195 27
196 29
197 31
198 27
199 27
200 32
201 28
202 19
203 28
204 34
205 40
206 31
207 23
208 25
209 45
210 21
211 34
212 37
213 41
214 29
215 20
216 25
217 31
218 27
219 32
220 35
221 25
222 33
223 31
224 26
225 43
226 35
227 29
228 31
229 32
230 23
231 32
232 30
233 31
234 30
235 28
236 33
237 26
238 22
239 29
240 30
241 30
242 26
243 23
244 30
245 23
246 41
247 32
248 24
249 29
250 35
251 28
252 34
253 32
254 26
255 31
256 32
257 38
258 28
259 30
260 42
261 38
262 30
263 25
264 33
265 29
266 32
267 34
268 27
269 26
270 29
271 36
272 34
273 29
274 32
275 28
276 31
277 24
278 24
279 32
280 33
281 36
282 37
283 34
284 35
285 25
286 27
287 23
288 38
289 25
290 32
291 36
292 20
293 30
294 50
295 30
296 38
297 32
298 37
299 36
300 39
301 28
302 33
303 33
304 24
305 38
306 20
307 33
308 33
309 40
310 32
311 28
312 40
313 32
314 36
315 29
316 23
317 37
318 37
319 35
320 39
321 30
322 44
323 27
324 33
325 29
326 45
327 32
328 32
329 36
330 24
331 22
332 36
333 32
334 36
335 31
336 29
337 29
338 31
339 34
340 33
341 34
342 35
343 29
344 31
345 35
346 25
347 43
348 34
349 29
350 29
351 28
352 35
353 16
354 33
355 23
356 37
357 35
358 28
359 33
360 30
361 29
362 35
363 33
364 34
365 35
366 38
367 28
368 36
369 29
370 30
371 18
372 46
373 29
374 34
375 31
376 38
377 34
378 29
379 35
380 26
381 26
382 30
383 28
384 30
385 33
386 44
387 36
388 25
389 41
390 35
391 36
392 36
393 38
394 35
395 37
396 38
397 32
398 37
399 35
400 40
401 31
402 39
403 48
404 25
405 42
406 40
407 38
408 29
409 27
410 31
411 32
412 30
413 36
414 38
415 31
416 36
417 34
418 28
419 31
420 36
421 27
422 37
423 31
424 30
425 34
426 37
427 40
428 29
429 32
430 34
431 45
432 28
433 45
434 38
435 35
436 40
437 36
438 21
439 40
440 34
441 41
442 39
443 37
444 36
445 36
446 34
447 33
448 36
449 31
450 45
451 28
452 38
453 30
454 36
455 36
456 30
457 44
458 38
459 34
460 37
461 44
462 34
463 40
464 32
465 32
466 48
467 38
468 30
469 42
470 25
471 25
472 32
473 39
474 41
475 20
476 33
477 42
478 24
479 32
480 28
481 27
482 31
483 40
484 27
485 35
486 33
487 39
488 43
489 33
490 32
491 31
492 34
493 31
494 38
495 48
496 34
497 33
498 43
499 47
500 38
501 38
502 46
503 38
504 35
505 30
506 23
507 28
508 40
509 32
510 44
511 31
512 35
513 42
514 39
515 46
516 27
517 49
518 35
519 40
520 25
521 43
522 32
523 36
524 31
525 38
526 36
527 32
528 30
529 32
530 39
531 42
532 43
533 34
534 28
535 33
536 31
537 38
538 36
539 35
540 27
541 29
542 32
543 40
544 41
545 44
546 30
547 38
548 40
549 36
550 37
551 30
552 36
553 38
554 31
555 42
556 40
557 36
558 35
559 27
560 41
561 25
562 40
563 34
564 35
565 37
566 36
567 31
568 43
569 40
570 37
571 36
572 37
573 44
574 55
575 53
576 49
577 52
578 55
579 68
580 81
581 87
582 95
583 106
584 98
585 93
586 74
587 82
588 80
589 86
590 92
591 113
592 95
593 98
594 113
595 105
596 121
597 111
598 125
599 163
600 151
601 122
602 106
603 110
604 100
605 60
606 47
607 48
608 41
609 39
610 46
611 38
612 47
613 38
614 39
615 35
616 22
617 42
618 35
619 35
620 41
621 26
622 29
623 38
624 32
625 41
626 45
627 35
628 43
629 29
630 24
631 29
632 35
633 33
634 34
635 48
636 33
637 44
638 46
639 31
640 44
641 32
642 36
643 32
644 34
645 32
646 50
647 35
648 38
649 36
650 44
651 41
652 34
653 31
654 28
655 37
656 41
657 35
658 43
659 31
660 38
661 32
662 33
663 42
664 41
665 39
666 32
667 39
668 29
669 43
670 44
671 50
672 45
673 26
674 44
675 32
676 39
677 39
678 45
679 36
680 48
681 30
682 34
683 28
684 36
685 45
686 35
687 25
688 36
689 31
690 28
691 37
692 32
693 44
694 44
695 34
696 30
697 42
698 39
699 37
700 34
701 34
702 34
703 31
704 45
705 38
706 34
707 39
708 46
709 24
710 46
711 36
712 32
713 33
714 25
715 34
716 43
717 45
718 50
719 30
720 31
721 34
722 33
723 34
724 29
725 34
726 30
727 43
728 25
729 39
730 38
731 32
732 32
733 32
734 39
735 43
736 40
737 44
738 28
739 43
740 29
741 39
742 33
743 50
744 27
745 35
746 35
747 40
748 45
749 28
750 39
751 43
752 29
753 41
754 37
755 38
756 32
757 38
758 35
759 35
760 34
761 32
762 30
763 29
764 23
765 30
766 29
767 22
768 47
769 31
770 42
771 49
772 36
773 42
774 32
775 41
776 32
777 28
778 28
779 35
780 33
781 49
782 34
783 34
784 25
785 30
786 25
787 31
788 39
789 40
790 36
791 30
792 21
793 35
794 28
795 47
796 39
797 43
798 35
799 26
800 40
801 32
802 31
803 38
804 28
805 30
806 30
807 39
808 35
809 36
810 41
811 36
812 34
813 36
814 42
815 50
816 35
817 28
818 35
819 40
820 41
821 26
822 34
823 24
824 37
825 32
826 36
827 34
828 30
829 42
830 40
831 28
832 39
833 28
834 34
835 38
836 34
837 44
838 29
839 39
840 42
841 30
842 33
843 29
844 32
845 41
846 27
847 31
848 40
849 30
850 30
851 37
852 27
853 33
854 41
855 38
856 25
857 30
858 42
859 30
860 34
861 40
862 28
863 21
864 34
865 32
866 33
867 36
868 31
869 34
870 39
871 30
872 31
873 23
874 24
875 31
876 32
877 36
878 43
879 33
880 38
881 32
882 31
883 33
884 40
885 35
886 31
887 38
888 34
889 32
890 37
891 32
892 26
893 31
894 23
895 33
896 33
897 26
898 37
899 27
900 35
901 39
902 28
903 22
904 30
905 36
906 32
907 31
908 38
909 36
910 17
911 37
912 32
913 30
914 45
915 35
916 37
917 25
918 38
919 33
920 28
921 45
922 23
923 36
924 36
925 32
926 28
927 30
928 31
929 40
930 40
931 36
932 38
933 44
934 37
935 41
936 47
937 37
938 31
939 36
940 35
941 31
942 30
943 46
944 48
945 31
946 36
947 26
948 33
949 39
950 41
951 34
952 28
953 31
954 33
955 33
956 34
957 39
958 36
959 34
960 37
961 40
962 38
963 28
964 40
965 37
966 39
967 35
968 36
969 30
970 36
971 24
972 42
973 31
974 25
975 43
976 28
977 25
978 28
979 26
980 38
981 26
982 48
983 32
984 39
985 38
986 34
987 34
988 26
989 33
990 36
991 28
992 29
993 29
994 30
995 31
996 36
997 38
998 32
999 26
1000 23
1001 22
1002 37
1003 39
1004 37
1005 40
1006 37
1007 28
1008 42
1009 36
1010 36
1011 30
1012 33
1013 34
1014 26
1015 30
1016 26
1017 24
1018 27
1019 30
1020 34
1021 32
1022 32
1023 35
1024 35
1025 25
1026 35
1027 21
1028 38
1029 28
1030 31
1031 38
1032 28
1033 38
1034 36
1035 33
1036 45
1037 35
1038 30
1039 22
1040 29
1041 34
1042 22
1043 36
1044 32
1045 35
1046 43
1047 25
1048 30
1049 32
1050 24
1051 31
1052 36
1053 24
1054 34
1055 30
1056 42
1057 30
1058 29
1059 29
1060 29
1061 35
1062 33
1063 32
1064 30
1065 43
1066 26
1067 29
1068 32
1069 35
1070 20
1071 25
1072 42
1073 28
1074 27
1075 27
1076 36
1077 29
1078 38
1079 30
1080 33
1081 28
1082 27
1083 32
1084 32
1085 39
1086 28
1087 33
1088 29
1089 22
1090 30
1091 36
1092 35
1093 29
1094 39
1095 35
1096 46
1097 35
1098 29
1099 37
1100 37
1101 33
1102 38
1103 43
1104 46
1105 56
1106 42
1107 52
1108 59
1109 50
1110 86
1111 110
1112 113
1113 151
1114 216
1115 208
1116 259
1117 259
1118 327
1119 319
1120 353
1121 372
1122 371
1123 402
1124 452
1125 563
1126 522
1127 546
1128 497
1129 397
1130 390
1131 293
1132 270
1133 233
1134 151
1135 123
1136 96
1137 85
1138 72
1139 55
1140 48
1141 44
1142 59
1143 54
1144 51
1145 32
1146 32
1147 35
1148 24
1149 37
1150 36
1151 31
1152 21
1153 26
1154 34
1155 32
1156 27
1157 34
1158 37
1159 35
1160 25
1161 28
1162 27
1163 36
1164 34
1165 26
1166 34
1167 30
1168 24
1169 32
1170 27
1171 31
1172 34
1173 40
1174 34
1175 31
1176 29
1177 28
1178 36
1179 33
1180 28
1181 42
1182 34
1183 36
1184 23
1185 18
1186 26
1187 36
1188 28
1189 30
1190 36
1191 23
1192 23
1193 34
1194 24
1195 35
1196 34
1197 29
1198 33
1199 40
1200 25
1201 40
1202 26
1203 36
1204 30
1205 34
1206 31
1207 36
1208 33
1209 23
1210 21
1211 25
1212 39
1213 31
1214 24
1215 25
1216 38
1217 33
1218 40
1219 44
1220 39
1221 22
1222 30
1223 30
1224 27
1225 28
1226 29
1227 28
1228 23
1229 31
1230 22
1231 28
1232 15
1233 32
1234 33
1235 27
1236 28
1237 24
1238 32
1239 27
1240 33
1241 33
1242 29
1243 27
1244 25
1245 26
1246 27
1247 32
1248 36
1249 40
1250 32
1251 44
1252 25
1253 38
1254 28
1255 33
1256 40
1257 40
1258 43
1259 45
1260 53
1261 47
1262 66
1263 51
1264 65
1265 57
1266 57
1267 54
1268 76
1269 80
1270 59
1271 41
1272 45
1273 56
1274 37
1275 30
1276 30
1277 19
1278 16
1279 11
1280 28
1281 26
1282 29
1283 25
1284 14
1285 16
1286 16
1287 23
1288 22
1289 27
1290 25
1291 35
1292 19
1293 22
1294 19
1295 24
1296 20
1297 22
1298 14
1299 30
1300 22
1301 19
1302 28
1303 18
1304 21
1305 24
1306 19
1307 26
1308 20
1309 20
1310 26
1311 19
1312 29
1313 31
1314 16
1315 22
1316 25
1317 19
1318 23
1319 15
1320 24
1321 26
1322 20
1323 30
1324 26
1325 21
1326 27
1327 38
1328 34
1329 26
1330 26
1331 40
1332 41
1333 29
1334 40
1335 40
1336 28
1337 35
1338 42
1339 52
1340 48
1341 56
1342 48
1343 37
1344 36
1345 37
1346 36
1347 31
1348 41
1349 30
1350 31
1351 26
1352 20
1353 24
1354 20
1355 24
1356 18
1357 21
1358 21
1359 25
1360 31
1361 26
1362 17
1363 16
1364 21
1365 24
1366 22
1367 31
1368 22
1369 23
1370 23
1371 17
1372 25
1373 24
1374 25
1375 28
1376 26
1377 24
1378 19
1379 20
1380 20
1381 21
1382 26
1383 15
1384 24
1385 21
1386 18
1387 24
1388 24
1389 27
1390 24
1391 20
1392 18
1393 24
1394 15
1395 28
1396 21
1397 24
1398 25
1399 21
1400 20
1401 19
1402 29
1403 26
1404 34
1405 44
1406 26
1407 45
1408 36
1409 52
1410 40
1411 55
1412 54
1413 58
1414 50
1415 74
1416 115
1417 156
1418 150
1419 184
1420 193
1421 220
1422 207
1423 180
1424 147
1425 182
1426 187
1427 250
1428 265
1429 275
1430 171
1431 144
1432 93
1433 87
1434 82
1435 76
1436 55
1437 51
1438 40
1439 35
1440 34
1441 36
1442 23
1443 25
1444 22
1445 26
1446 23
1447 14
1448 15
1449 24
1450 19
1451 27
1452 19
1453 22
1454 19
1455 18
1456 25
1457 21
1458 24
1459 17
1460 21
1461 10
1462 17
1463 22
1464 29
1465 17
1466 23
1467 30
1468 23
1469 25
1470 21
1471 28
1472 20
1473 17
1474 16
1475 19
1476 20
1477 13
1478 20
1479 23
1480 26
1481 21
1482 22
1483 21
1484 23
1485 20
1486 16
1487 15
1488 15
1489 16
1490 20
1491 19
1492 19
1493 15
1494 12
1495 22
1496 11
1497 14
1498 26
1499 15
1500 24
1501 21
1502 16
1503 21
1504 26
1505 20
1506 19
1507 24
1508 35
1509 28
1510 28
1511 28
1512 20
1513 20
1514 20
1515 16
1516 15
1517 17
1518 14
1519 15
1520 10
1521 17
1522 16
1523 26
1524 27
1525 25
1526 15
1527 22
1528 27
1529 22
1530 23
1531 21
1532 26
1533 16
1534 15
1535 18
1536 18
1537 30
1538 33
1539 26
1540 24
1541 12
1542 22
1543 11
1544 11
1545 15
1546 21
1547 21
1548 24
1549 18
1550 22
1551 15
1552 18
1553 18
1554 16
1555 19
1556 17
1557 22
1558 19
1559 16
1560 17
1561 22
1562 22
1563 23
1564 30
1565 11
1566 19
1567 25
1568 19
1569 23
1570 28
1571 18
1572 13
1573 21
1574 21
1575 21
1576 21
1577 24
1578 19
1579 14
1580 17
1581 30
1582 19
1583 18
1584 13
1585 23
1586 29
1587 18
1588 20
1589 22
1590 15
1591 17
1592 26
1593 15
1594 15
1595 33
1596 21
1597 13
1598 18
1599 25
1600 19
1601 14
1602 21
1603 26
1604 19
1605 21
1606 21
1607 18
1608 18
1609 20
1610 22
1611 22
1612 25
1613 26
1614 16
1615 30
1616 18
1617 20
1618 18
1619 19
1620 24
1621 16
1622 19
1623 16
1624 17
1625 18
1626 21
1627 20
1628 16
1629 8
1630 17
1631 27
1632 24
1633 23
1634 14
1635 17
1636 23
1637 12
1638 19
1639 12
1640 19
1641 17
1642 21
1643 18
1644 25
1645 15
1646 23
1647 15
1648 14
1649 22
1650 18
1651 16
1652 12
1653 21
1654 18
1655 24
1656 17
1657 29
1658 17
1659 24
1660 20
1661 21
1662 22
1663 13
1664 19
1665 16
1666 22
1667 19
1668 21
1669 21
1670 21
1671 11
1672 18
1673 25
1674 20
1675 20
1676 18
1677 20
1678 9
1679 11
1680 19
1681 18
1682 15
1683 19
1684 21
1685 24
1686 20
1687 22
1688 16
1689 19
1690 15
1691 20
1692 17
1693 16
1694 18
1695 23
1696 24
1697 16
1698 9
1699 18
1700 14
1701 12
1702 19
1703 19
1704 22
1705 19
1706 24
1707 24
1708 21
1709 12
1710 17
1711 14
1712 13
1713 11
1714 17
1715 18
1716 11
1717 14
1718 17
1719 16
1720 19
1721 22
1722 20
1723 23
1724 20
1725 13
1726 16
1727 18
1728 20
1729 13
1730 17
1731 18
1732 14
1733 13
1734 14
1735 21
1736 18
1737 15
1738 17
1739 27
1740 11
1741 20
1742 18
1743 16
1744 18
1745 19
1746 11
1747 13
1748 16
1749 24
1750 14
1751 15
1752 13
1753 22
1754 22
1755 13
1756 12
1757 16
1758 19
1759 18
1760 15
1761 12
1762 17
1763 22
1764 13
1765 14
1766 14
1767 26
1768 23
1769 20
1770 22
1771 20
1772 23
1773 17
1774 26
1775 17
1776 20
1777 13
1778 14
1779 13
1780 19
1781 25
1782 12
1783 23
1784 14
1785 16
1786 14
1787 25
1788 18
1789 16
1790 22
1791 15
1792 23
1793 18
1794 14
1795 21
1796 20
1797 19
1798 24
1799 22
1800 23
1801 17
1802 17
1803 15
1804 15
1805 15
1806 18
1807 19
1808 20
1809 21
1810 18
1811 17
1812 17
1813 14
1814 16
1815 14
1816 11
1817 19
1818 20
1819 21
1820 15
1821 25
1822 16
1823 16
1824 33
1825 21
1826 17
1827 21
1828 20
1829 22
1830 24
1831 20
1832 22
1833 23
1834 23
1835 20
1836 17
1837 17
1838 12
1839 20
1840 20
1841 17
1842 24
1843 17
1844 21
1845 27
1846 21
1847 11
1848 26
1849 13
1850 26
1851 26
1852 11
1853 13
1854 20
1855 18
1856 25
1857 14
1858 17
1859 22
1860 14
1861 16
1862 15
1863 17
1864 18
1865 18
1866 24
1867 23
1868 13
1869 12
1870 12
1871 18
1872 17
1873 27
1874 19
1875 7
1876 21
1877 22
1878 24
1879 26
1880 17
1881 21
1882 23
1883 34
1884 25
1885 33
1886 32
1887 31
1888 39
1889 45
1890 58
1891 63
1892 114
1893 136
1894 113
1895 100
1896 108
1897 98
1898 116
1899 129
1900 136
1901 170
1902 146
1903 118
1904 100
1905 89
1906 96
1907 88
1908 77
1909 58
1910 65
1911 41
1912 41
1913 36
1914 27
1915 26
1916 29
1917 18
1918 18
1919 19
1920 27
1921 23
1922 16
1923 20
1924 21
1925 12
1926 25
1927 13
1928 18
1929 14
1930 20
1931 20
1932 23
1933 19
1934 23
1935 23
1936 28
1937 19
1938 16
1939 19
1940 16
1941 18
1942 9
1943 17
1944 29
1945 17
1946 20
1947 14
1948 16
1949 20
1950 16
1951 19
1952 17
1953 17
1954 18
1955 17
1956 21
1957 20
1958 15
1959 11
1960 16
1961 13
1962 17
1963 21
1964 7
1965 17
1966 15
1967 22
1968 15
1969 15
1970 27
1971 17
1972 15
1973 17
1974 14
1975 20
1976 16
1977 13
1978 20
1979 20
1980 20
1981 17
1982 17
1983 14
1984 13
1985 19
1986 12
1987 13
1988 13
1989 13
1990 15
1991 10
1992 11
1993 13
1994 15
1995 21
1996 15
1997 8
1998 11
1999 13
2000 22
2001 17
2002 13
2003 18
2004 10
2005 12
2006 14
2007 16
2008 17
2009 15
2010 17
2011 19
2012 17
2013 15
2014 16
2015 15
2016 16
2017 12
2018 20
2019 16
2020 21
2021 18
2022 13
2023 14
2024 15
2025 13
2026 9
2027 8
2028 16
2029 18
2030 15
2031 17
2032 8
2033 16
2034 13
2035 14
2036 14
2037 19
2038 14
2039 13
2040 13
2041 17
2042 15
2043 17
2044 13
2045 15
2046 13
2047 20
2048 14
2049 16
2050 20
2051 13
2052 20
2053 12
2054 13
2055 17
2056 26
2057 21
2058 20
2059 14
2060 17
2061 11
2062 14
2063 20
2064 15
2065 15
2066 13
2067 14
2068 12
2069 17
2070 12
2071 16
2072 18
2073 10
2074 7
2075 13
2076 11
2077 13
2078 8
2079 7
2080 9
2081 21
2082 8
2083 12
2084 11
2085 17
2086 14
2087 17
2088 12
2089 19
2090 16
2091 10
2092 16
2093 15
2094 21
2095 10
2096 14
2097 10
2098 16
2099 12
2100 13
2101 12
2102 16
2103 7
2104 10
2105 17
2106 13
2107 19
2108 11
2109 18
2110 14
2111 23
2112 12
2113 17
2114 16
2115 19
2116 22
2117 21
2118 17
2119 12
2120 24
2121 13
2122 16
2123 19
2124 20
2125 14
2126 16
2127 10
2128 9
2129 17
2130 16
2131 13
2132 26
2133 17
2134 15
2135 28
2136 14
2137 23
2138 22
2139 28
2140 40
2141 40
2142 36
2143 38
2144 51
2145 88
2146 70
2147 78
2148 93
2149 101
2150 131
2151 160
2152 175
2153 189
2154 258
2155 361
2156 369
2157 387
2158 424
2159 452
2160 526
2161 460
2162 494
2163 563
2164 571
2165 575
2166 505
2167 456
2168 352
2169 246
2170 192
2171 215
2172 208
2173 221
2174 197
2175 219
2176 187
2177 145
2178 122
2179 79
2180 68
2181 60
2182 42
2183 46
2184 39
2185 44
2186 24
2187 23
2188 13
2189 24
2190 11
2191 17
2192 16
2193 15
2194 15
2195 15
2196 15
2197 14
2198 17
2199 17
2200 16
2201 16
2202 22
2203 7
2204 18
2205 17
2206 16
2207 10
2208 15
2209 15
2210 20
2211 24
2212 20
2213 19
2214 9
2215 19
2216 16
2217 17
2218 13
2219 16
2220 15
2221 12
2222 15
2223 14
2224 19
2225 13
2226 22
2227 17
2228 12
2229 18
2230 19
2231 17
2232 10
2233 19
2234 19
2235 19
2236 8
2237 9
2238 7
2239 17
2240 11
2241 12
2242 24
2243 13
2244 12
2245 14
2246 12
2247 10
2248 10
2249 21
2250 12
2251 17
2252 16
2253 13
2254 20
2255 16
2256 14
2257 8
2258 17
2259 22
2260 7
2261 12
2262 14
2263 9
2264 13
2265 17
2266 10
2267 17
2268 12
2269 12
2270 15
2271 16
2272 18
2273 13
2274 23
2275 25
2276 15
2277 13
2278 8
2279 13
2280 18
2281 19
2282 24
2283 10
2284 19
2285 19
2286 19
2287 18
2288 20
2289 25
2290 16
2291 19
2292 17
2293 14
2294 7
2295 21
2296 20
2297 21
2298 9
2299 14
2300 13
2301 12
2302 14
2303 15
2304 13
2305 16
2306 15
2307 16
2308 17
2309 14
2310 13
2311 15
2312 12
2313 10
2314 8
2315 17
2316 17
2317 15
2318 16
2319 13
2320 11
2321 14
2322 13
2323 9
2324 14
2325 13
2326 12
2327 9
2328 12
2329 11
2330 16
2331 10
2332 18
2333 13
2334 9
2335 12
2336 21
2337 19
2338 9
2339 12
2340 11
2341 14
2342 17
2343 18
2344 14
2345 16
2346 21
2347 15
2348 15
2349 15
2350 24
2351 18
2352 24
2353 20
2354 29
2355 25
2356 20
2357 28
2358 33
2359 37
2360 37
2361 59
2362 35
2363 52
2364 71
2365 85
2366 74
2367 66
2368 72
2369 75
2370 73
2371 75
2372 83
2373 94
2374 97
2375 65
2376 47
2377 56
2378 69
2379 78
2380 70
2381 50
2382 50
2383 52
2384 36
2385 45
2386 37
2387 26
2388 34
2389 36
2390 27
2391 22
2392 18
2393 18
2394 9
2395 13
2396 14
2397 14
2398 12
2399 11
2400 9
2401 11
2402 14
2403 12
2404 14
2405 8
2406 13
2407 22
2408 12
2409 16
2410 21
2411 11
2412 12
2413 13
2414 13
2415 13
2416 9
2417 12
2418 14
2419 12
2420 14
2421 8
2422 18
2423 11
2424 9
2425 10
2426 12
2427 13
2428 17
2429 17
2430 14
2431 10
2432 13
2433 8
2434 12
2435 11
2436 14
2437 13
2438 18
2439 14
2440 10
2441 15
2442 10
2443 14
2444 13
2445 12
2446 13
2447 8
2448 9
2449 14
2450 17
2451 14
2452 11
2453 17
2454 17
2455 9
2456 12
2457 13
2458 14
2459 16
2460 15
2461 7
2462 8
2463 13
2464 12
2465 13
2466 15
2467 11
2468 8
2469 10
2470 13
2471 13
2472 8
2473 11
2474 8
2475 14
2476 12
2477 15
2478 9
2479 13
2480 18
2481 18
2482 10
2483 17
2484 12
2485 16
2486 15
2487 13
2488 13
2489 7
2490 5
2491 11
2492 11
2493 10
2494 9
2495 12
2496 9
2497 10
2498 11
2499 18
2500 12
2501 8
2502 14
2503 9
2504 16
2505 9
2506 8
2507 18
2508 11
2509 15
2510 13
2511 6
2512 16
2513 14
2514 10
2515 16
2516 10
2517 8
2518 9
2519 9
2520 17
2521 14
2522 7
2523 10
2524 14
2525 12
2526 17
2527 13
2528 12
2529 11
2530 11
2531 8
2532 6
2533 11
2534 16
2535 11
2536 7
2537 16
2538 9
2539 10
2540 17
2541 16
2542 9
2543 8
2544 15
2545 12
2546 14
2547 12
2548 12
2549 11
2550 8
2551 13
2552 11
2553 7
2554 10
2555 14
2556 14
2557 19
2558 14
2559 8
