0 33
1 22
2 24
3 33
4 23
5 33
6 29
7 23
8 26
9 36
10 27
11 37
12 30
13 32
14 30
15 30
16 32
17 35
18 37
19 37
20 24
21 32
22 20
23 25
24 25
25 30
26 27
27 29
28 26
29 38
30 37
31 28
32 29
33 29
34 34
35 36
36 25
37 26
38 33
39 32
40 26
41 17
42 31
43 36
44 27
45 32
46 26
47 23
48 32
49 24
50 38
51 26
52 25
53 31
54 37
55 31
56 34
57 26
58 29
59 37
60 42
61 30
62 35
63 26
64 24
65 35
66 27
67 40
68 32
69 33
70 17
71 25
72 23
73 24
74 22
75 27
76 30
77 32
78 33
79 22
80 34
81 28
82 38
83 37
84 26
85 34
86 37
87 22
88 23
89 42
90 50
91 28
92 33
93 27
94 25
95 32
96 26
97 34
98 42
99 31
100 31
101 36
102 20
103 35
104 38
105 20
106 43
107 28
108 45
109 36
110 26
111 32
112 36
113 38
114 31
115 32
116 30
117 43
118 24
119 29
120 41
121 34
122 41
123 24
124 25
125 35
126 31
127 30
128 31
129 24
130 33
131 36
132 29
133 39
134 37
135 35
136 32
137 36
138 31
139 33
140 46
141 38
142 25
143 40
144 39
145 32
146 27
147 31
148 14
149 31
150 30
151 35
152 29
153 38
154 32
155 31
156 34
157 37
158 34
159 41
160 42
161 24
162 28
163 26
164 28
165 42
166 24
167 44
168 32
169 26
170 32
171 45
172 39
173 29
174 34
175 37
176 45
177 37
178 23
179 35
180 34
181 38
182 30
183 25
184 32
185 35
186 33
187 27
188 20
189 27
190 32
191 31
192 20
193 31
194 26
195 28
196 36
197 28
198 37
199 35
200 41
201 31
202 40
203 34
204 36
205 29
206 40
207 30
208 40
209 33
210 38
211 34
212 29
213 33
214 27
215 27
216 40
217 33
218 29
219 30
220 40
221 35
222 35
223 36
224 34
225 38
226 44
227 26
228 39
229 36
230 27
231 36
232 39
233 34
234 30
235 29
236 30
237 32
238 26
239 33
240 38
241 30
242 45
243 31
244 40
245 33
246 34
247 34
248 23
249 26
250 26
251 46
252 34
253 41
254 25
255 36
256 37
257 48
258 33
259 25
260 34
261 38
262 31
263 35
264 46
265 34
266 40
267 36
268 29
269 22
270 43
271 34
272 30
273 29
274 42
275 39
276 27
277 33
278 39
279 33
280 35
281 35
282 34
283 33
284 42
285 31
286 25
287 33
288 32
289 39
290 29
291 29
292 24
293 27
294 34
295 39
296 45
297 32
298 39
299 40
300 31
301 34
302 30
303 44
304 32
305 42
306 41
307 34
308 38
309 39
310 39
311 42
312 47
313 31
314 37
315 34
316 28
317 30
318 33
319 28
320 41
321 30
322 44
323 37
324 35
325 44
326 36
327 24
328 32
329 31
330 40
331 32
332 38
333 26
334 41
335 42
336 40
337 43
338 32
339 43
340 31
341 45
342 37
343 38
344 29
345 35
346 37
347 38
348 44
349 34
350 34
351 36
352 30
353 46
354 36
355 33
356 30
357 39
358 38
359 40
360 36
361 40
362 35
363 31
364 32
365 31
366 36
367 32
368 38
369 39
370 37
371 36
372 40
373 41
374 48
375 35
376 28
377 44
378 40
379 42
380 32
381 22
382 30
383 28
384 39
385 45
386 39
387 40
388 36
389 36
390 22
391 40
392 46
393 43
394 34
395 36
396 28
397 39
398 39
399 35
400 36
401 43
402 26
403 45
404 26
405 36
406 33
407 36
408 35
409 33
410 42
411 40
412 49
413 45
414 28
415 36
416 39
417 38
418 25
419 36
420 30
421 30
422 34
423 39
424 32
425 33
426 54
427 43
428 38
429 34
430 40
431 37
432 31
433 40
434 42
435 38
436 36
437 32
438 25
439 29
440 47
441 31
442 28
443 35
444 31
445 29
446 46
447 42
448 42
449 40
450 36
451 39
452 44
453 43
454 45
455 49
456 24
457 50
458 46
459 36
460 35
461 48
462 45
463 42
464 33
465 31
466 46
467 29
468 34
469 37
470 32
471 45
472 36
473 26
474 28
475 32
476 29
477 35
478 34
479 27
480 37
481 40
482 33
483 35
484 39
485 35
486 40
487 49
488 38
489 34
490 36
491 48
492 33
493 36
494 47
495 32
496 27
497 36
498 34
499 37
500 24
501 38
502 44
503 25
504 44
505 34
506 37
507 40
508 35
509 31
510 40
511 40
512 30
513 39
514 36
515 39
516 34
517 41
518 42
519 41
520 43
521 51
522 38
523 52
524 40
525 36
526 43
527 41
528 29
529 45
530 37
531 49
532 33
533 38
534 55
535 29
536 52
537 44
538 50
539 40
540 56
541 50
542 55
543 48
544 44
545 48
546 54
547 67
548 68
549 63
550 65
551 78
552 84
553 64
554 83
555 103
556 101
557 87
558 91
559 80
560 66
561 69
562 83
563 87
564 74
565 90
566 85
567 70
568 52
569 69
570 63
571 58
572 51
573 38
574 43
575 40
576 35
577 46
578 40
579 42
580 37
581 31
582 39
583 46
584 30
585 46
586 45
587 34
588 47
589 37
590 35
591 42
592 41
593 31
594 34
595 33
596 20
597 31
598 46
599 47
600 46
601 48
602 29
603 40
604 35
605 35
606 36
607 34
608 38
609 28
610 39
611 45
612 39
613 37
614 44
615 40
616 34
617 48
618 31
619 39
620 31
621 46
622 47
623 40
624 47
625 32
626 30
627 42
628 43
629 37
630 45
631 38
632 51
633 47
634 39
635 42
636 48
637 40
638 41
639 32
640 42
641 35
642 37
643 34
644 45
645 37
646 41
647 34
648 44
649 39
650 37
651 37
652 40
653 38
654 38
655 40
656 40
657 30
658 25
659 38
660 34
661 36
662 39
663 42
664 40
665 44
666 38
667 39
668 36
669 43
670 41
671 40
672 41
673 33
674 42
675 39
676 31
677 38
678 33
679 43
680 42
681 46
682 44
683 36
684 35
685 27
686 38
687 50
688 36
689 31
690 49
691 47
692 36
693 36
694 35
695 36
696 41
697 32
698 33
699 28
700 32
701 37
702 30
703 39
704 32
705 36
706 44
707 44
708 41
709 35
710 54
711 42
712 41
713 35
714 34
715 34
716 38
717 30
718 35
719 47
720 28
721 35
722 37
723 40
724 42
725 51
726 44
727 43
728 42
729 37
730 39
731 37
732 51
733 39
734 35
735 39
736 35
737 31
738 35
739 28
740 34
741 32
742 33
743 45
744 36
745 28
746 34
747 25
748 33
749 34
750 41
751 20
752 32
753 43
754 28
755 38
756 39
757 34
758 33
759 37
760 31
761 31
762 36
763 41
764 43
765 40
766 36
767 31
768 33
769 43
770 41
771 46
772 31
773 42
774 43
775 35
776 40
777 32
778 33
779 34
780 36
781 27
782 27
783 36
784 37
785 36
786 27
787 39
788 25
789 32
790 42
791 35
792 37
793 37
794 28
795 40
796 38
797 40
798 28
799 36
800 37
801 42
802 62
803 30
804 21
805 42
806 34
807 46
808 39
809 36
810 40
811 41
812 31
813 37
814 41
815 44
816 30
817 36
818 38
819 32
820 44
821 35
822 22
823 43
824 39
825 35
826 32
827 35
828 33
829 25
830 40
831 32
832 49
833 33
834 39
835 26
836 40
837 28
838 34
839 32
840 51
841 32
842 31
843 30
844 32
845 38
846 28
847 33
848 29
849 50
850 35
851 31
852 30
853 30
854 38
855 33
856 38
857 32
858 40
859 39
860 40
861 36
862 37
863 43
864 32
865 36
866 37
867 23
868 32
869 37
870 40
871 32
872 37
873 46
874 32
875 42
876 34
877 41
878 37
879 43
880 28
881 26
882 31
883 31
884 30
885 30
886 27
887 32
888 39
889 39
890 42
891 41
892 38
893 43
894 35
895 34
896 42
897 31
898 32
899 36
900 50
901 36
902 41
903 28
904 34
905 34
906 33
907 44
908 22
909 29
910 37
911 32
912 37
913 48
914 29
915 33
916 31
917 34
918 26
919 32
920 24
921 26
922 40
923 31
924 33
925 28
926 33
927 40
928 39
929 22
930 23
931 25
932 40
933 31
934 34
935 32
936 38
937 30
938 26
939 28
940 30
941 34
942 39
943 41
944 30
945 21
946 40
947 25
948 24
949 23
950 44
951 32
952 32
953 42
954 29
955 40
956 43
957 34
958 32
959 31
960 31
961 28
962 41
963 39
964 32
965 33
966 27
967 35
968 34
969 33
970 26
971 28
972 29
973 33
974 28
975 28
976 20
977 39
978 31
979 41
980 28
981 27
982 28
983 44
984 29
985 27
986 27
987 27
988 22
989 29
990 35
991 30
992 31
993 30
994 36
995 35
996 20
997 34
998 29
999 39
1000 23
1001 37
1002 39
1003 26
1004 39
1005 40
1006 34
1007 35
1008 28
1009 31
1010 43
1011 36
1012 33
1013 28
1014 27
1015 28
1016 41
1017 32
1018 46
1019 44
1020 42
1021 37
1022 45
1023 41
1024 26
1025 33
1026 44
1027 37
1028 26
1029 37
1030 30
1031 40
1032 50
1033 39
1034 23
1035 33
1036 41
1037 39
1038 33
1039 23
1040 32
1041 36
1042 37
1043 32
1044 31
1045 46
1046 36
1047 38
1048 26
1049 25
1050 47
1051 25
1052 48
1053 36
1054 37
1055 38
1056 39
1057 43
1058 35
1059 46
1060 46
1061 64
1062 49
1063 49
1064 70
1065 69
1066 75
1067 96
1068 97
1069 128
1070 130
1071 176
1072 191
1073 294
1074 327
1075 299
1076 305
1077 371
1078 320
1079 431
1080 408
1081 441
1082 458
1083 503
1084 449
1085 498
1086 556
1087 597
1088 520
1089 380
1090 278
1091 235
1092 233
1093 172
1094 109
1095 73
1096 66
1097 51
1098 48
1099 38
1100 34
1101 28
1102 41
1103 38
1104 33
1105 36
1106 36
1107 34
1108 32
1109 24
1110 28
1111 34
1112 39
1113 35
1114 28
1115 34
1116 28
1117 29
1118 37
1119 33
1120 32
1121 31
1122 22
1123 18
1124 27
1125 28
1126 37
1127 28
1128 31
1129 32
1130 30
1131 30
1132 29
1133 34
1134 30
1135 36
1136 40
1137 27
1138 27
1139 35
1140 41
1141 30
1142 39
1143 24
1144 31
1145 33
1146 24
1147 31
1148 41
1149 40
1150 31
1151 30
1152 25
1153 40
1154 30
1155 25
1156 36
1157 25
1158 26
1159 36
1160 30
1161 32
1162 29
1163 26
1164 37
1165 29
1166 31
1167 32
1168 34
1169 37
1170 28
1171 22
1172 24
1173 34
1174 42
1175 25
1176 29
1177 36
1178 25
1179 27
1180 37
1181 29
1182 37
1183 33
1184 37
1185 29
1186 30
1187 30
1188 30
1189 30
1190 28
1191 40
1192 27
1193 32
1194 36
1195 47
1196 32
1197 32
1198 32
1199 39
1200 25
1201 40
1202 33
1203 34
1204 49
1205 35
1206 39
1207 43
1208 33
1209 47
1210 32
1211 46
1212 57
1213 61
1214 52
1215 54
1216 71
1217 92
1218 111
1219 115
1220 88
1221 99
1222 82
1223 77
1224 68
1225 57
1226 48
1227 50
1228 32
1229 37
1230 22
1231 28
1232 26
1233 31
1234 33
1235 31
1236 35
1237 30
1238 31
1239 30
1240 27
1241 23
1242 35
1243 35
1244 30
1245 39
1246 33
1247 39
1248 26
1249 21
1250 34
1251 32
1252 29
1253 33
1254 25
1255 33
1256 31
1257 28
1258 24
1259 29
1260 35
1261 30
1262 32
1263 22
1264 25
1265 31
1266 29
1267 23
1268 25
1269 26
1270 21
1271 22
1272 24
1273 18
1274 22
1275 21
1276 18
1277 23
1278 12
1279 16
1280 28
1281 38
1282 43
1283 40
1284 38
1285 39
1286 31
1287 45
1288 50
1289 50
1290 48
1291 48
1292 48
1293 44
1294 42
1295 40
1296 50
1297 34
1298 27
1299 19
1300 20
1301 28
1302 25
1303 22
1304 19
1305 26
1306 31
1307 25
1308 26
1309 21
1310 23
1311 24
1312 32
1313 26
1314 24
1315 23
1316 21
1317 23
1318 30
1319 32
1320 28
1321 17
1322 18
1323 39
1324 17
1325 24
1326 16
1327 23
1328 33
1329 28
1330 29
1331 20
1332 26
1333 13
1334 18
1335 17
1336 18
1337 29
1338 19
1339 26
1340 22
1341 21
1342 26
1343 26
1344 30
1345 26
1346 25
1347 26
1348 24
1349 28
1350 28
1351 24
1352 21
1353 26
1354 22
1355 36
1356 42
1357 33
1358 33
1359 31
1360 45
1361 38
1362 53
1363 64
1364 105
1365 131
1366 111
1367 123
1368 140
1369 221
1370 352
1371 378
1372 331
1373 320
1374 268
1375 256
1376 336
1377 278
1378 247
1379 241
1380 264
1381 210
1382 163
1383 120
1384 125
1385 87
1386 99
1387 76
1388 65
1389 60
1390 39
1391 33
1392 25
1393 31
1394 32
1395 32
1396 36
1397 28
1398 23
1399 19
1400 28
1401 29
1402 27
1403 23
1404 31
1405 24
1406 21
1407 20
1408 25
1409 28
1410 21
1411 28
1412 17
1413 27
1414 23
1415 22
1416 17
1417 16
1418 15
1419 23
1420 33
1421 16
1422 30
1423 24
1424 19
1425 15
1426 20
1427 23
1428 20
1429 17
1430 30
1431 23
1432 25
1433 22
1434 25
1435 22
1436 26
1437 24
1438 32
1439 17
1440 20
1441 23
1442 20
1443 16
1444 27
1445 26
1446 24
1447 24
1448 20
1449 23
1450 24
1451 28
1452 21
1453 24
1454 13
1455 17
1456 27
1457 16
1458 20
1459 22
1460 19
1461 21
1462 24
1463 19
1464 28
1465 27
1466 19
1467 24
1468 17
1469 17
1470 29
1471 29
1472 18
1473 26
1474 17
1475 22
1476 29
1477 17
1478 20
1479 24
1480 26
1481 24
1482 25
1483 27
1484 18
1485 27
1486 31
1487 30
1488 17
1489 21
1490 25
1491 18
1492 23
1493 32
1494 20
1495 19
1496 27
1497 17
1498 19
1499 18
1500 34
1501 19
1502 24
1503 22
1504 23
1505 23
1506 32
1507 21
1508 16
1509 21
1510 21
1511 10
1512 28
1513 25
1514 22
1515 20
1516 23
1517 24
1518 28
1519 22
1520 18
1521 28
1522 25
1523 19
1524 29
1525 17
1526 16
1527 16
1528 24
1529 21
1530 26
1531 22
1532 20
1533 21
1534 24
1535 19
1536 18
1537 24
1538 22
1539 25
1540 19
1541 14
1542 22
1543 16
1544 26
1545 30
1546 24
1547 23
1548 26
1549 12
1550 12
1551 23
1552 30
1553 17
1554 17
1555 19
1556 19
1557 20
1558 15
1559 15
1560 18
1561 23
1562 20
1563 18
1564 17
1565 16
1566 27
1567 17
1568 11
1569 20
1570 23
1571 24
1572 22
1573 30
1574 23
1575 16
1576 21
1577 30
1578 18
1579 26
1580 21
1581 17
1582 24
1583 22
1584 25
1585 17
1586 15
1587 23
1588 23
1589 25
1590 16
1591 17
1592 30
1593 20
1594 23
1595 19
1596 17
1597 17
1598 22
1599 15
1600 16
1601 11
1602 14
1603 12
1604 21
1605 20
1606 20
1607 23
1608 17
1609 24
1610 22
1611 18
1612 16
1613 28
1614 23
1615 24
1616 21
1617 16
1618 21
1619 20
1620 14
1621 17
1622 22
1623 18
1624 31
1625 19
1626 26
1627 19
1628 24
1629 25
1630 27
1631 19
1632 16
1633 17
1634 17
1635 17
1636 16
1637 22
1638 17
1639 17
1640 25
1641 18
1642 17
1643 17
1644 19
1645 13
1646 25
1647 20
1648 14
1649 26
1650 21
1651 13
1652 16
1653 24
1654 13
1655 28
1656 16
1657 20
1658 19
1659 31
1660 11
1661 17
1662 12
1663 16
1664 21
1665 14
1666 18
1667 19
1668 20
1669 16
1670 20
1671 24
1672 18
1673 19
1674 21
1675 18
1676 16
1677 15
1678 19
1679 12
1680 19
1681 16
1682 19
1683 12
1684 13
1685 20
1686 18
1687 20
1688 21
1689 11
1690 18
1691 19
1692 27
1693 20
1694 18
1695 29
1696 22
1697 20
1698 24
1699 24
1700 16
1701 22
1702 22
1703 26
1704 18
1705 18
1706 17
1707 28
1708 18
1709 18
1710 13
1711 17
1712 22
1713 23
1714 29
1715 18
1716 14
1717 28
1718 21
1719 24
1720 19
1721 23
1722 16
1723 22
1724 17
1725 23
1726 13
1727 17
1728 14
1729 15
1730 21
1731 19
1732 16
1733 22
1734 16
1735 15
1736 23
1737 18
1738 19
1739 18
1740 23
1741 17
1742 20
1743 24
1744 20
1745 16
1746 17
1747 24
1748 16
1749 15
1750 22
1751 12
1752 15
1753 23
1754 23
1755 27
1756 17
1757 18
1758 17
1759 14
1760 13
1761 15
1762 13
1763 18
1764 10
1765 15
1766 14
1767 13
1768 23
1769 19
1770 22
1771 20
1772 20
1773 13
1774 18
1775 19
1776 20
1777 13
1778 14
1779 22
1780 18
1781 26
1782 26
1783 26
1784 16
1785 17
1786 23
1787 19
1788 19
1789 23
1790 24
1791 23
1792 27
1793 15
1794 19
1795 22
1796 20
1797 18
1798 19
1799 14
1800 22
1801 16
1802 15
1803 14
1804 21
1805 17
1806 18
1807 20
1808 22
1809 13
1810 20
1811 15
1812 15
1813 15
1814 14
1815 14
1816 19
1817 16
1818 16
1819 18
1820 21
1821 21
1822 26
1823 22
1824 32
1825 24
1826 23
1827 30
1828 40
1829 32
1830 47
1831 46
1832 37
1833 48
1834 85
1835 85
1836 116
1837 135
1838 89
1839 75
1840 90
1841 96
1842 140
1843 189
1844 163
1845 112
1846 103
1847 79
1848 64
1849 53
1850 36
1851 44
1852 42
1853 36
1854 45
1855 53
1856 55
1857 37
1858 33
1859 25
1860 20
1861 21
1862 18
1863 15
1864 20
1865 19
1866 20
1867 12
1868 19
1869 15
1870 18
1871 27
1872 19
1873 14
1874 16
1875 18
1876 18
1877 22
1878 20
1879 14
1880 17
1881 16
1882 17
1883 20
1884 12
1885 12
1886 17
1887 14
1888 12
1889 14
1890 15
1891 21
1892 14
1893 22
1894 21
1895 24
1896 20
1897 16
1898 19
1899 18
1900 22
1901 14
1902 15
1903 16
1904 20
1905 12
1906 19
1907 21
1908 23
1909 15
1910 15
1911 18
1912 18
1913 11
1914 14
1915 15
1916 24
1917 12
1918 21
1919 16
1920 18
1921 25
1922 22
1923 18
1924 15
1925 11
1926 22
1927 17
1928 20
1929 18
1930 19
1931 18
1932 22
1933 16
1934 23
1935 15
1936 17
1937 19
1938 10
1939 21
1940 19
1941 14
1942 17
1943 19
1944 21
1945 13
1946 27
1947 24
1948 12
1949 12
1950 15
1951 19
1952 16
1953 11
1954 18
1955 15
1956 26
1957 14
1958 19
1959 22
1960 20
1961 8
1962 21
1963 17
1964 15
1965 22
1966 19
1967 12
1968 24
1969 16
1970 20
1971 21
1972 20
1973 14
1974 16
1975 15
1976 16
1977 16
1978 16
1979 19
1980 23
1981 6
1982 14
1983 25
1984 15
1985 21
1986 21
1987 15
1988 18
1989 20
1990 10
1991 21
1992 17
1993 26
1994 11
1995 12
1996 16
1997 13
1998 16
1999 17
2000 19
2001 14
2002 12
2003 19
2004 13
2005 16
2006 9
2007 14
2008 24
2009 18
2010 13
2011 12
2012 16
2013 19
2014 18
2015 17
2016 15
2017 17
2018 17
2019 17
2020 15
2021 17
2022 21
2023 15
2024 17
2025 20
2026 18
2027 19
2028 14
2029 22
2030 18
2031 22
2032 16
2033 11
2034 21
2035 16
2036 16
2037 16
2038 14
2039 14
2040 21
2041 19
2042 18
2043 17
2044 16
2045 14
2046 22
2047 14
2048 19
2049 15
2050 16
2051 14
2052 27
2053 17
2054 17
2055 17
2056 19
2057 20
2058 19
2059 17
2060 23
2061 12
2062 19
2063 23
2064 22
2065 23
2066 14
2067 19
2068 16
2069 16
2070 24
2071 20
2072 27
2073 34
2074 37
2075 31
2076 43
2077 40
2078 46
2079 56
2080 60
2081 63
2082 72
2083 81
2084 115
2085 149
2086 147
2087 163
2088 152
2089 148
2090 156
2091 182
2092 209
2093 252
2094 272
2095 292
2096 270
2097 290
2098 282
2099 257
2100 262
2101 287
2102 340
2103 422
2104 404
2105 357
2106 322
2107 284
2108 298
2109 264
2110 236
2111 191
2112 146
2113 122
2114 131
2115 85
2116 80
2117 57
2118 58
2119 42
2120 38
2121 30
2122 34
2123 28
2124 26
2125 23
2126 19
2127 27
2128 14
2129 12
2130 26
2131 18
2132 18
2133 18
2134 20
2135 10
2136 14
2137 22
2138 15
2139 15
2140 14
2141 12
2142 9
2143 13
2144 21
2145 17
2146 20
2147 19
2148 20
2149 13
2150 12
2151 18
2152 15
2153 12
2154 15
2155 18
2156 17
2157 11
2158 11
2159 13
2160 16
2161 12
2162 21
2163 16
2164 15
2165 15
2166 16
2167 16
2168 11
2169 23
2170 14
2171 16
2172 17
2173 16
2174 25
2175 12
2176 13
2177 13
2178 15
2179 14
2180 9
2181 11
2182 15
2183 9
2184 12
2185 13
2186 13
2187 14
2188 18
2189 11
2190 20
2191 12
2192 20
2193 16
2194 16
2195 11
2196 17
2197 17
2198 15
2199 17
2200 17
2201 15
2202 20
2203 16
2204 10
2205 19
2206 14
2207 12
2208 9
2209 10
2210 17
2211 20
2212 16
2213 15
2214 16
2215 13
2216 11
2217 17
2218 21
2219 14
2220 16
2221 22
2222 12
2223 15
2224 20
2225 16
2226 13
2227 13
2228 16
2229 9
2230 21
2231 17
2232 14
2233 12
2234 11
2235 19
2236 13
2237 16
2238 10
2239 12
2240 11
2241 10
2242 17
2243 16
2244 14
2245 13
2246 13
2247 13
2248 15
2249 14
2250 13
2251 12
2252 10
2253 13
2254 15
2255 18
2256 24
2257 18
2258 15
2259 17
2260 14
2261 16
2262 13
2263 10
2264 17
2265 18
2266 17
2267 10
2268 22
2269 8
2270 21
2271 9
2272 17
2273 22
2274 12
2275 16
2276 20
2277 8
2278 14
2279 22
2280 20
2281 13
2282 22
2283 24
2284 23
2285 23
2286 29
2287 35
2288 26
2289 29
2290 29
2291 45
2292 46
2293 45
2294 55
2295 60
2296 75
2297 75
2298 81
2299 79
2300 83
2301 84
2302 68
2303 72
2304 80
2305 73
2306 70
2307 60
2308 69
2309 56
2310 41
2311 54
2312 63
2313 70
2314 64
2315 51
2316 45
2317 38
2318 36
2319 25
2320 26
2321 22
2322 21
2323 10
2324 19
2325 16
2326 14
2327 16
2328 18
2329 18
2330 14
2331 16
2332 14
2333 13
2334 21
2335 15
2336 9
2337 17
2338 14
2339 11
2340 21
2341 12
2342 13
2343 20
2344 14
2345 16
2346 11
2347 14
2348 13
2349 9
2350 11
2351 11
2352 13
2353 5
2354 14
2355 12
2356 12
2357 12
2358 8
2359 7
2360 16
2361 8
2362 8
2363 16
2364 15
2365 17
2366 17
2367 15
2368 17
2369 11
2370 14
2371 10
2372 20
2373 13
2374 13
2375 13
2376 12
2377 10
2378 15
2379 16
2380 13
2381 8
2382 10
2383 16
2384 15
2385 10
2386 13
2387 8
2388 9
2389 14
2390 12
2391 18
2392 11
2393 18
2394 17
2395 20
2396 14
2397 19
2398 9
2399 17
2400 11
2401 13
2402 13
2403 10
2404 15
2405 8
2406 9
2407 10
2408 13
2409 14
2410 13
2411 9
2412 9
2413 12
2414 11
2415 15
2416 6
2417 14
2418 9
2419 16
2420 13
2421 11
2422 11
2423 12
2424 13
2425 14
2426 19
2427 7
2428 14
2429 13
2430 7
2431 7
2432 5
2433 7
2434 17
2435 13
2436 12
2437 10
2438 8
2439 14
2440 11
2441 10
2442 7
2443 11
2444 21
2445 15
2446 14
2447 13
2448 13
2449 15
2450 12
2451 11
2452 9
2453 19
2454 12
2455 12
2456 11
2457 11
2458 11
2459 11
2460 12
2461 12
2462 8
2463 18
2464 12
2465 10
2466 11
2467 11
2468 11
2469 15
2470 7
2471 13
2472 13
2473 9
2474 17
2475 9
2476 15
2477 10
2478 15
2479 5
2480 14
2481 20
2482 9
2483 13
2484 9
2485 10
2486 15
2487 11
2488 13
2489 18
2490 14
2491 18
2492 22
2493 11
2494 11
2495 15
2496 10
2497 10
2498 14
2499 13
2500 16
2501 10
2502 20
2503 13
2504 7
2505 12
2506 10
2507 10
2508 12
2509 13
2510 9
2511 8
2512 16
2513 12
2514 10
2515 4
2516 8
2517 5
2518 10
2519 9
2520 16
2521 15
2522 11
2523 10
2524 13
2525 14
2526 14
2527 5
2528 13
2529 12
2530 10
2531 11
2532 9
2533 9
2534 11
2535 6
2536 6
2537 7
2538 11
2539 16
2540 16
2541 15
2542 15
2543 16
2544 11
2545 15
2546 14
2547 11
2548 7
2549 14
2550 12
2551 17
2552 14
2553 3
2554 6
2555 14
2556 17
2557 18
2558 13
2559 24
