0 40
1 29
2 27
3 28
4 22
5 20
6 17
7 27
8 30
9 25
10 27
11 32
12 30
13 34
14 27
15 27
16 25
17 33
18 29
19 23
20 28
21 25
22 19
23 33
24 30
25 25
26 30
27 28
28 26
29 25
30 34
31 22
32 29
33 30
34 25
35 26
36 24
37 35
38 24
39 25
40 20
41 25
42 37
43 32
44 20
45 30
46 20
47 22
48 15
49 32
50 25
51 26
52 31
53 28
54 29
55 31
56 29
57 24
58 30
59 31
60 34
61 40
62 36
63 24
64 29
65 27
66 27
67 31
68 30
69 34
70 34
71 25
72 24
73 24
74 21
75 24
76 19
77 35
78 34
79 21
80 21
81 29
82 31
83 29
84 22
85 23
86 33
87 19
88 34
89 28
90 30
91 33
92 27
93 29
94 29
95 30
96 21
97 25
98 22
99 43
100 25
101 34
102 29
103 46
104 28
105 29
106 29
107 24
108 27
109 29
110 40
111 27
112 27
113 25
114 25
115 33
116 19
117 36
118 20
119 25
120 38
121 41
122 27
123 33
124 26
125 22
126 37
127 33
128 26
129 27
130 36
131 32
132 36
133 38
134 29
135 27
136 31
137 32
138 37
139 33
140 29
141 34
142 30
143 34
144 27
145 33
146 39
147 23
148 35
149 43
150 38
151 39
152 30
153 36
154 30
155 27
156 33
157 49
158 32
159 30
160 26
161 33
162 29
163 22
164 34
165 35
166 40
167 24
168 35
169 30
170 25
171 30
172 27
173 25
174 30
175 32
176 26
177 38
178 32
179 34
180 26
181 27
182 27
183 29
184 27
185 38
186 21
187 30
188 39
189 35
190 38
191 29
192 31
193 34
194 27
195 32
196 28
197 34
198 36
199 27
200 30
201 24
202 26
203 34
204 23
205 37
206 30
207 40
208 31
209 28
210 33
211 34
212 33
213 29
214 22
215 42
216 29
217 30
218 35
219 23
220 28
221 34
222 31
223 23
224 30
225 30
226 25
227 22
228 27
229 40
230 37
231 50
232 27
233 25
234 21
235 31
236 36
237 35
238 34
239 21
240 28
241 37
242 28
243 20
244 32
245 36
246 33
247 33
248 34
249 33
250 26
251 44
252 31
253 29
254 35
255 53
256 33
257 36
258 18
259 38
260 36
261 27
262 33
263 39
264 29
265 42
266 27
267 34
268 25
269 22
270 32
271 32
272 41
273 35
274 34
275 20
276 33
277 30
278 36
279 26
280 26
281 28
282 34
283 31
284 35
285 35
286 41
287 29
288 30
289 34
290 25
291 31
292 23
293 31
294 28
295 33
296 38
297 28
298 39
299 36
300 29
301 23
302 30
303 33
304 32
305 36
306 33
307 38
308 30
309 31
310 19
311 39
312 30
313 22
314 51
315 33
316 29
317 29
318 38
319 36
320 34
321 40
322 35
323 38
324 33
325 27
326 23
327 33
328 21
329 47
330 35
331 47
332 32
333 23
334 39
335 32
336 25
337 27
338 47
339 37
340 34
341 40
342 30
343 26
344 35
345 41
346 42
347 25
348 36
349 29
350 29
351 29
352 29
353 40
354 24
355 28
356 35
357 32
358 40
359 34
360 31
361 21
362 24
363 28
364 26
365 30
366 34
367 37
368 45
369 38
370 42
371 27
372 30
373 28
374 28
375 32
376 36
377 37
378 31
379 34
380 33
381 37
382 35
383 29
384 31
385 33
386 31
387 24
388 34
389 19
390 33
391 26
392 29
393 40
394 38
395 36
396 32
397 38
398 36
399 34
400 34
401 36
402 35
403 36
404 41
405 43
406 39
407 34
408 32
409 40
410 28
411 25
412 28
413 38
414 32
415 34
416 35
417 36
418 35
419 29
420 39
421 31
422 37
423 36
424 44
425 32
426 32
427 32
428 35
429 33
430 35
431 42
432 33
433 22
434 33
435 40
436 34
437 43
438 35
439 32
440 33
441 48
442 42
443 34
444 29
445 37
446 34
447 37
448 56
449 31
450 35
451 28
452 36
453 28
454 29
455 39
456 32
457 28
458 43
459 30
460 27
461 24
462 29
463 28
464 36
465 30
466 42
467 42
468 34
469 32
470 38
471 49
472 39
473 30
474 43
475 40
476 39
477 39
478 34
479 44
480 31
481 40
482 33
483 31
484 25
485 28
486 51
487 44
488 41
489 40
490 23
491 34
492 38
493 43
494 39
495 43
496 26
497 31
498 34
499 37
500 30
501 38
502 40
503 31
504 40
505 40
506 36
507 34
508 24
509 26
510 37
511 35
512 42
513 32
514 40
515 54
516 50
517 32
518 40
519 34
520 26
521 36
522 47
523 37
524 32
525 43
526 40
527 31
528 40
529 27
530 39
531 36
532 43
533 37
534 46
535 26
536 32
537 46
538 28
539 42
540 56
541 33
542 31
543 46
544 31
545 52
546 36
547 43
548 42
549 32
550 51
551 37
552 35
553 36
554 29
555 46
556 28
557 31
558 33
559 40
560 29
561 27
562 30
563 43
564 48
565 33
566 34
567 44
568 47
569 35
570 47
571 40
572 41
573 47
574 42
575 44
576 58
577 61
578 63
579 54
580 88
581 102
582 72
583 64
584 78
585 78
586 89
587 77
588 108
589 101
590 75
591 90
592 102
593 84
594 90
595 106
596 138
597 113
598 107
599 110
600 100
601 103
602 90
603 77
604 55
605 33
606 27
607 36
608 48
609 28
610 36
611 41
612 43
613 32
614 33
615 24
616 45
617 38
618 38
619 29
620 40
621 34
622 29
623 38
624 32
625 38
626 48
627 39
628 44
629 37
630 40
631 37
632 48
633 24
634 42
635 30
636 28
637 36
638 32
639 27
640 42
641 36
642 41
643 42
644 34
645 43
646 41
647 40
648 46
649 34
650 29
651 19
652 39
653 27
654 37
655 39
656 34
657 39
658 49
659 41
660 40
661 37
662 36
663 29
664 37
665 32
666 38
667 47
668 43
669 35
670 40
671 37
672 34
673 35
674 23
675 33
676 35
677 47
678 34
679 42
680 43
681 51
682 24
683 44
684 33
685 44
686 42
687 41
688 35
689 36
690 33
691 38
692 35
693 38
694 25
695 30
696 29
697 32
698 44
699 36
700 34
701 37
702 42
703 24
704 29
705 31
706 42
707 44
708 42
709 25
710 49
711 43
712 42
713 34
714 34
715 35
716 38
717 33
718 35
719 39
720 29
721 24
722 38
723 39
724 28
725 48
726 35
727 41
728 32
729 41
730 37
731 29
732 36
733 28
734 49
735 28
736 37
737 43
738 35
739 37
740 45
741 38
742 36
743 30
744 33
745 40
746 38
747 34
748 40
749 48
750 34
751 34
752 22
753 31
754 30
755 37
756 31
757 31
758 27
759 28
760 38
761 36
762 54
763 37
764 33
765 38
766 39
767 39
768 35
769 35
770 37
771 47
772 39
773 39
774 33
775 25
776 31
777 35
778 37
779 38
780 46
781 45
782 39
783 44
784 46
785 36
786 31
787 35
788 30
789 47
790 38
791 39
792 39
793 52
794 32
795 36
796 27
797 45
798 35
799 33
800 34
801 30
802 32
803 36
804 32
805 37
806 24
807 38
808 44
809 50
810 33
811 38
812 37
813 36
814 40
815 39
816 28
817 29
818 26
819 29
820 34
821 34
822 32
823 30
824 40
825 30
826 32
827 46
828 22
829 26
830 35
831 33
832 32
833 31
834 38
835 43
836 33
837 44
838 36
839 28
840 34
841 37
842 33
843 48
844 34
845 29
846 35
847 34
848 31
849 26
850 38
851 35
852 42
853 43
854 37
855 33
856 32
857 38
858 33
859 28
860 33
861 39
862 41
863 32
864 27
865 35
866 30
867 30
868 29
869 31
870 42
871 29
872 39
873 44
874 30
875 26
876 29
877 28
878 36
879 24
880 27
881 33
882 34
883 36
884 31
885 24
886 24
887 30
888 32
889 26
890 28
891 39
892 30
893 23
894 40
895 34
896 39
897 36
898 40
899 41
900 43
901 38
902 35
903 34
904 31
905 40
906 26
907 27
908 39
909 41
910 34
911 37
912 28
913 35
914 29
915 36
916 24
917 38
918 38
919 41
920 31
921 35
922 43
923 35
924 31
925 29
926 42
927 30
928 34
929 30
930 39
931 22
932 38
933 39
934 35
935 30
936 36
937 33
938 34
939 32
940 41
941 36
942 35
943 21
944 43
945 29
946 34
947 23
948 35
949 44
950 27
951 32
952 38
953 33
954 30
955 35
956 40
957 24
958 40
959 29
960 32
961 46
962 23
963 23
964 30
965 32
966 27
967 27
968 33
969 34
970 50
971 37
972 33
973 29
974 25
975 32
976 28
977 36
978 51
979 26
980 27
981 23
982 36
983 34
984 32
985 46
986 35
987 39
988 27
989 33
990 36
991 34
992 36
993 25
994 24
995 29
996 32
997 25
998 22
999 32
1000 33
1001 25
1002 38
1003 29
1004 32
1005 33
1006 41
1007 35
1008 34
1009 25
1010 34
1011 36
1012 31
1013 29
1014 30
1015 29
1016 29
1017 31
1018 19
1019 29
1020 46
1021 25
1022 23
1023 26
1024 33
1025 44
1026 32
1027 35
1028 33
1029 32
1030 35
1031 24
1032 26
1033 36
1034 32
1035 38
1036 36
1037 23
1038 37
1039 21
1040 31
1041 23
1042 35
1043 25
1044 41
1045 33
1046 43
1047 36
1048 27
1049 47
1050 33
1051 31
1052 26
1053 23
1054 33
1055 34
1056 28
1057 41
1058 34
1059 27
1060 36
1061 33
1062 25
1063 42
1064 31
1065 39
1066 44
1067 42
1068 34
1069 39
1070 44
1071 34
1072 38
1073 32
1074 38
1075 31
1076 29
1077 29
1078 40
1079 34
1080 47
1081 33
1082 29
1083 32
1084 30
1085 22
1086 29
1087 36
1088 25
1089 36
1090 31
1091 32
1092 30
1093 40
1094 38
1095 35
1096 36
1097 40
1098 45
1099 41
1100 33
1101 39
1102 50
1103 59
1104 55
1105 54
1106 54
1107 56
1108 75
1109 96
1110 132
1111 162
1112 210
1113 259
1114 264
1115 315
1116 305
1117 357
1118 407
1119 412
1120 365
1121 332
1122 444
1123 513
1124 563
1125 627
1126 563
1127 503
1128 359
1129 297
1130 250
1131 186
1132 157
1133 118
1134 62
1135 78
1136 53
1137 35
1138 33
1139 34
1140 45
1141 37
1142 36
1143 35
1144 45
1145 35
1146 46
1147 24
1148 31
1149 31
1150 31
1151 28
1152 37
1153 33
1154 27
1155 32
1156 23
1157 41
1158 27
1159 41
1160 35
1161 42
1162 24
1163 35
1164 37
1165 28
1166 18
1167 30
1168 33
1169 41
1170 26
1171 27
1172 34
1173 24
1174 33
1175 31
1176 33
1177 38
1178 28
1179 36
1180 39
1181 33
1182 36
1183 16
1184 40
1185 23
1186 30
1187 25
1188 31
1189 20
1190 30
1191 28
1192 27
1193 18
1194 44
1195 26
1196 36
1197 34
1198 37
1199 37
1200 21
1201 32
1202 44
1203 35
1204 23
1205 24
1206 42
1207 41
1208 28
1209 32
1210 36
1211 22
1212 28
1213 30
1214 25
1215 28
1216 31
1217 29
1218 36
1219 31
1220 28
1221 40
1222 39
1223 22
1224 34
1225 21
1226 37
1227 17
1228 27
1229 24
1230 26
1231 25
1232 22
1233 33
1234 27
1235 25
1236 34
1237 32
1238 23
1239 28
1240 33
1241 30
1242 36
1243 36
1244 32
1245 34
1246 40
1247 33
1248 45
1249 30
1250 34
1251 36
1252 33
1253 45
1254 44
1255 36
1256 31
1257 39
1258 54
1259 39
1260 38
1261 58
1262 74
1263 68
1264 78
1265 64
1266 71
1267 60
1268 63
1269 56
1270 35
1271 37
1272 45
1273 39
1274 42
1275 19
1276 15
1277 17
1278 18
1279 11
1280 27
1281 24
1282 24
1283 25
1284 22
1285 34
1286 25
1287 31
1288 32
1289 19
1290 18
1291 26
1292 29
1293 28
1294 22
1295 28
1296 26
1297 21
1298 21
1299 21
1300 25
1301 22
1302 26
1303 22
1304 33
1305 22
1306 21
1307 20
1308 23
1309 16
1310 19
1311 24
1312 15
1313 17
1314 13
1315 26
1316 27
1317 21
1318 27
1319 26
1320 20
1321 17
1322 31
1323 42
1324 30
1325 34
1326 20
1327 33
1328 41
1329 36
1330 31
1331 30
1332 33
1333 47
1334 40
1335 50
1336 47
1337 27
1338 43
1339 48
1340 54
1341 36
1342 35
1343 32
1344 34
1345 33
1346 37
1347 27
1348 25
1349 27
1350 25
1351 19
1352 32
1353 21
1354 24
1355 26
1356 29
1357 21
1358 20
1359 24
1360 27
1361 20
1362 25
1363 28
1364 32
1365 30
1366 30
1367 30
1368 34
1369 22
1370 30
1371 32
1372 25
1373 25
1374 17
1375 24
1376 19
1377 21
1378 23
1379 23
1380 25
1381 20
1382 30
1383 33
1384 26
1385 25
1386 25
1387 26
1388 16
1389 26
1390 26
1391 27
1392 21
1393 14
1394 20
1395 27
1396 15
1397 28
1398 24
1399 20
1400 36
1401 30
1402 22
1403 36
1404 34
1405 43
1406 42
1407 52
1408 40
1409 50
1410 48
1411 54
1412 69
1413 74
1414 78
1415 106
1416 141
1417 156
1418 214
1419 227
1420 223
1421 217
1422 187
1423 171
1424 172
1425 170
1426 162
1427 207
1428 214
1429 161
1430 135
1431 110
1432 72
1433 62
1434 48
1435 36
1436 49
1437 37
1438 29
1439 43
1440 20
1441 20
1442 19
1443 28
1444 24
1445 23
1446 22
1447 32
1448 24
1449 21
1450 22
1451 35
1452 19
1453 28
1454 31
1455 18
1456 22
1457 23
1458 23
1459 23
1460 23
1461 22
1462 12
1463 21
1464 35
1465 18
1466 20
1467 22
1468 11
1469 19
1470 19
1471 16
1472 25
1473 28
1474 16
1475 22
1476 30
1477 28
1478 18
1479 18
1480 18
1481 20
1482 24
1483 27
1484 20
1485 20
1486 23
1487 22
1488 28
1489 25
1490 24
1491 21
1492 27
1493 27
1494 21
1495 21
1496 23
1497 18
1498 20
1499 14
1500 22
1501 25
1502 14
1503 17
1504 18
1505 19
1506 32
1507 21
1508 24
1509 21
1510 19
1511 18
1512 15
1513 16
1514 16
1515 16
1516 23
1517 19
1518 19
1519 14
1520 24
1521 17
1522 13
1523 19
1524 19
1525 23
1526 23
1527 22
1528 25
1529 20
1530 18
1531 11
1532 10
1533 28
1534 21
1535 19
1536 18
1537 14
1538 23
1539 26
1540 17
1541 19
1542 15
1543 17
1544 21
1545 25
1546 16
1547 16
1548 22
1549 18
1550 14
1551 19
1552 24
1553 30
1554 26
1555 16
1556 23
1557 18
1558 26
1559 28
1560 22
1561 23
1562 23
1563 19
1564 23
1565 23
1566 16
1567 22
1568 23
1569 26
1570 31
1571 21
1572 21
1573 32
1574 20
1575 22
1576 17
1577 18
1578 29
1579 21
1580 17
1581 10
1582 16
1583 22
1584 15
1585 19
1586 27
1587 21
1588 20
1589 18
1590 21
1591 18
1592 13
1593 15
1594 17
1595 18
1596 20
1597 23
1598 11
1599 20
1600 21
1601 16
1602 22
1603 18
1604 24
1605 27
1606 17
1607 24
1608 15
1609 26
1610 29
1611 17
1612 16
1613 25
1614 25
1615 17
1616 26
1617 20
1618 25
1619 19
1620 20
1621 15
1622 19
1623 19
1624 19
1625 14
1626 19
1627 25
1628 11
1629 16
1630 22
1631 19
1632 20
1633 26
1634 15
1635 20
1636 24
1637 16
1638 20
1639 16
1640 11
1641 25
1642 18
1643 18
1644 17
1645 22
1646 20
1647 18
1648 14
1649 21
1650 12
1651 16
1652 16
1653 20
1654 15
1655 12
1656 18
1657 14
1658 14
1659 18
1660 16
1661 16
1662 22
1663 18
1664 21
1665 21
1666 17
1667 12
1668 17
1669 13
1670 15
1671 18
1672 24
1673 21
1674 30
1675 12
1676 13
1677 22
1678 14
1679 15
1680 17
1681 19
1682 17
1683 12
1684 26
1685 13
1686 12
1687 22
1688 21
1689 24
1690 18
1691 19
1692 22
1693 20
1694 22
1695 25
1696 22
1697 22
1698 17
1699 26
1700 18
1701 20
1702 20
1703 23
1704 13
1705 20
1706 21
1707 17
1708 17
1709 24
1710 13
1711 17
1712 16
1713 16
1714 17
1715 23
1716 9
1717 14
1718 16
1719 19
1720 24
1721 15
1722 15
1723 17
1724 21
1725 23
1726 13
1727 22
1728 12
1729 18
1730 16
1731 26
1732 25
1733 14
1734 14
1735 25
1736 17
1737 22
1738 25
1739 14
1740 18
1741 11
1742 12
1743 13
1744 18
1745 17
1746 14
1747 10
1748 17
1749 14
1750 19
1751 12
1752 20
1753 19
1754 17
1755 13
1756 21
1757 20
1758 13
1759 19
1760 13
1761 21
1762 19
1763 21
1764 16
1765 17
1766 17
1767 15
1768 23
1769 27
1770 18
1771 21
1772 8
1773 18
1774 18
1775 14
1776 15
1777 21
1778 8
1779 20
1780 20
1781 11
1782 15
1783 14
1784 16
1785 8
1786 20
1787 21
1788 16
1789 13
1790 15
1791 11
1792 22
1793 17
1794 14
1795 11
1796 19
1797 19
1798 16
1799 17
1800 18
1801 18
1802 18
1803 18
1804 20
1805 13
1806 21
1807 17
1808 17
1809 22
1810 19
1811 18
1812 12
1813 17
1814 11
1815 12
1816 21
1817 20
1818 17
1819 25
1820 25
1821 19
1822 17
1823 12
1824 14
1825 14
1826 10
1827 21
1828 24
1829 25
1830 14
1831 11
1832 21
1833 13
1834 19
1835 26
1836 13
1837 23
1838 17
1839 16
1840 25
1841 26
1842 21
1843 16
1844 30
1845 16
1846 25
1847 19
1848 16
1849 23
1850 27
1851 23
1852 20
1853 16
1854 14
1855 28
1856 23
1857 16
1858 14
1859 20
1860 20
1861 9
1862 16
1863 13
1864 17
1865 17
1866 24
1867 15
1868 19
1869 17
1870 19
1871 20
1872 19
1873 18
1874 18
1875 18
1876 33
1877 31
1878 19
1879 23
1880 30
1881 26
1882 33
1883 41
1884 50
1885 42
1886 32
1887 60
1888 63
1889 79
1890 88
1891 93
1892 128
1893 158
1894 146
1895 97
1896 95
1897 117
1898 165
1899 129
1900 148
1901 122
1902 132
1903 110
1904 111
1905 81
1906 82
1907 65
1908 49
1909 52
1910 35
1911 44
1912 26
1913 26
1914 16
1915 23
1916 18
1917 22
1918 15
1919 14
1920 18
1921 18
1922 19
1923 11
1924 20
1925 23
1926 20
1927 17
1928 17
1929 17
1930 11
1931 15
1932 12
1933 23
1934 18
1935 20
1936 15
1937 19
1938 14
1939 19
1940 15
1941 11
1942 19
1943 16
1944 33
1945 15
1946 21
1947 21
1948 15
1949 19
1950 15
1951 14
1952 12
1953 11
1954 18
1955 22
1956 23
1957 14
1958 20
1959 8
1960 15
1961 9
1962 16
1963 20
1964 14
1965 13
1966 19
1967 16
1968 14
1969 15
1970 15
1971 17
1972 14
1973 19
1974 13
1975 23
1976 18
1977 18
1978 13
1979 19
1980 15
1981 10
1982 14
1983 13
1984 10
1985 13
1986 15
1987 11
1988 15
1989 13
1990 14
1991 14
1992 12
1993 14
1994 14
1995 11
1996 16
1997 17
1998 13
1999 15
2000 15
2001 12
2002 17
2003 21
2004 18
2005 13
2006 12
2007 13
2008 15
2009 16
2010 24
2011 16
2012 16
2013 16
2014 17
2015 10
2016 23
2017 13
2018 11
2019 13
2020 9
2021 14
2022 10
2023 19
2024 21
2025 20
2026 15
2027 20
2028 15
2029 14
2030 12
2031 12
2032 12
2033 12
2034 13
2035 19
2036 14
2037 18
2038 12
2039 12
2040 15
2041 21
2042 15
2043 14
2044 9
2045 25
2046 15
2047 15
2048 8
2049 13
2050 11
2051 12
2052 16
2053 9
2054 12
2055 17
2056 23
2057 22
2058 23
2059 18
2060 15
2061 16
2062 23
2063 11
2064 12
2065 12
2066 18
2067 23
2068 13
2069 16
2070 14
2071 14
2072 15
2073 16
2074 17
2075 13
2076 10
2077 11
2078 14
2079 16
2080 21
2081 16
2082 23
2083 13
2084 7
2085 8
2086 15
2087 15
2088 15
2089 12
2090 14
2091 17
2092 13
2093 13
2094 19
2095 17
2096 26
2097 16
2098 13
2099 16
2100 23
2101 18
2102 22
2103 19
2104 16
2105 22
2106 20
2107 23
2108 11
2109 15
2110 12
2111 19
2112 13
2113 13
2114 13
2115 12
2116 10
2117 12
2118 17
2119 9
2120 19
2121 9
2122 14
2123 14
2124 23
2125 17
2126 20
2127 24
2128 17
2129 24
2130 19
2131 25
2132 19
2133 31
2134 27
2135 32
2136 28
2137 37
2138 63
2139 43
2140 50
2141 54
2142 56
2143 77
2144 97
2145 124
2146 132
2147 123
2148 130
2149 194
2150 219
2151 238
2152 245
2153 261
2154 346
2155 406
2156 470
2157 436
2158 478
2159 481
2160 559
2161 537
2162 506
2163 564
2164 574
2165 502
2166 367
2167 298
2168 218
2169 174
2170 144
2171 161
2172 177
2173 126
2174 130
2175 98
2176 95
2177 68
2178 43
2179 55
2180 43
2181 29
2182 30
2183 28
2184 30
2185 21
2186 22
2187 15
2188 18
2189 22
2190 17
2191 15
2192 15
2193 23
2194 20
2195 10
2196 19
2197 19
2198 17
2199 19
2200 11
2201 16
2202 11
2203 15
2204 8
2205 15
2206 27
2207 17
2208 18
2209 13
2210 28
2211 19
2212 16
2213 7
2214 16
2215 17
2216 15
2217 13
2218 12
2219 17
2220 16
2221 10
2222 10
2223 9
2224 19
2225 9
2226 17
2227 13
2228 14
2229 12
2230 10
2231 24
2232 19
2233 12
2234 14
2235 15
2236 16
2237 13
2238 13
2239 21
2240 12
2241 15
2242 15
2243 9
2244 18
2245 11
2246 17
2247 10
2248 19
2249 14
2250 15
2251 16
2252 15
2253 13
2254 15
2255 12
2256 11
2257 13
2258 13
2259 19
2260 11
2261 12
2262 18
2263 15
2264 14
2265 13
2266 16
2267 10
2268 12
2269 15
2270 17
2271 16
2272 13
2273 18
2274 9
2275 14
2276 13
2277 14
2278 17
2279 22
2280 19
2281 20
2282 15
2283 12
2284 13
2285 15
2286 18
2287 19
2288 18
2289 23
2290 15
2291 10
2292 14
2293 12
2294 21
2295 21
2296 21
2297 15
2298 14
2299 15
2300 14
2301 8
2302 11
2303 13
2304 13
2305 16
2306 13
2307 16
2308 9
2309 18
2310 14
2311 16
2312 15
2313 25
2314 20
2315 17
2316 6
2317 17
2318 13
2319 8
2320 17
2321 12
2322 17
2323 19
2324 14
2325 11
2326 13
2327 7
2328 14
2329 19
2330 9
2331 14
2332 13
2333 17
2334 18
2335 13
2336 15
2337 14
2338 14
2339 10
2340 15
2341 20
2342 21
2343 20
2344 16
2345 18
2346 20
2347 28
2348 15
2349 16
2350 31
2351 33
2352 38
2353 39
2354 36
2355 36
2356 46
2357 39
2358 56
2359 54
2360 65
2361 80
2362 86
2363 70
2364 85
2365 81
2366 77
2367 66
2368 69
2369 71
2370 77
2371 82
2372 78
2373 63
2374 63
2375 65
2376 65
2377 53
2378 57
2379 47
2380 34
2381 36
2382 27
2383 36
2384 23
2385 26
2386 16
2387 27
2388 21
2389 21
2390 20
2391 16
2392 17
2393 24
2394 24
2395 16
2396 10
2397 23
2398 22
2399 8
2400 12
2401 11
2402 14
2403 8
2404 11
2405 13
2406 12
2407 24
2408 12
2409 11
2410 8
2411 11
2412 17
2413 11
2414 19
2415 15
2416 15
2417 13
2418 12
2419 7
2420 10
2421 9
2422 14
2423 10
2424 9
2425 10
2426 9
2427 14
2428 10
2429 6
2430 13
2431 20
2432 19
2433 16
2434 16
2435 11
2436 6
2437 6
2438 10
2439 8
2440 13
2441 16
2442 9
2443 9
2444 13
2445 10
2446 9
2447 12
2448 15
2449 9
2450 10
2451 15
2452 14
2453 11
2454 14
2455 16
2456 14
2457 14
2458 11
2459 17
2460 22
2461 7
2462 10
2463 15
2464 12
2465 9
2466 13
2467 14
2468 10
2469 16
2470 7
2471 16
2472 14
2473 18
2474 9
2475 12
2476 9
2477 11
2478 13
2479 15
2480 11
2481 10
2482 8
2483 14
2484 11
2485 12
2486 8
2487 11
2488 15
2489 10
2490 14
2491 16
2492 11
2493 19
2494 8
2495 9
2496 7
2497 11
2498 17
2499 15
2500 9
2501 8
2502 7
2503 10
2504 10
2505 8
2506 15
2507 8
2508 17
2509 19
2510 6
2511 17
2512 9
2513 16
2514 11
2515 9
2516 10
2517 7
2518 8
2519 15
2520 10
2521 13
2522 9
2523 11
2524 10
2525 12
2526 8
2527 11
2528 7
2529 12
2530 15
2531 14
2532 15
2533 11
2534 4
2535 6
2536 11
2537 15
2538 12
2539 15
2540 15
2541 16
2542 8
2543 8
2544 15
2545 10
2546 8
2547 9
2548 19
2549 12
2550 11
2551 15
2552 11
2553 11
2554 13
2555 12
2556 10
2557 16
2558 10
2559 5
