0 29
1 24
2 20
3 24
4 20
5 25
6 30
7 34
8 24
9 28
10 27
11 30
12 34
13 24
14 22
15 31
16 27
17 20
18 31
19 32
20 23
21 16
22 29
23 32
24 22
25 25
26 29
27 25
28 34
29 27
30 18
31 24
32 33
33 24
34 35
35 29
36 33
37 22
38 25
39 35
40 35
41 33
42 30
43 15
44 20
45 35
46 39
47 31
48 26
49 28
50 32
51 26
52 28
53 32
54 19
55 23
56 26
57 37
58 37
59 24
60 24
61 35
62 33
63 30
64 23
65 29
66 32
67 19
68 24
69 25
70 32
71 27
72 35
73 25
74 34
75 31
76 25
77 32
78 22
79 36
80 33
81 28
82 22
83 24
84 38
85 24
86 31
87 33
88 24
89 29
90 27
91 33
92 32
93 32
94 26
95 28
96 29
97 28
98 26
99 32
100 32
101 30
102 26
103 30
104 23
105 34
106 32
107 28
108 36
109 39
110 28
111 36
112 21
113 26
114 29
115 29
116 33
117 23
118 28
119 33
120 31
121 26
122 27
123 32
124 23
125 24
126 30
127 19
128 36
129 22
130 36
131 25
132 27
133 25
134 23
135 24
136 19
137 27
138 27
139 26
140 22
141 24
142 22
143 31
144 32
145 30
146 38
147 35
148 32
149 33
150 35
151 33
152 33
153 25
154 22
155 32
156 30
157 29
158 34
159 36
160 23
161 32
162 31
163 19
164 39
165 33
166 23
167 31
168 30
169 28
170 34
171 23
172 28
173 23
174 35
175 39
176 42
177 35
178 32
179 37
180 29
181 33
182 25
183 40
184 30
185 30
186 26
187 27
188 32
189 28
190 21
191 25
192 36
193 27
194 30
195 33
196 30
197 32
198 37
199 24
200 28
201 30
202 32
203 28
204 15
205 36
206 43
207 28
208 34
209 30
210 27
211 37
212 38
213 25
214 33
215 34
216 35
217 24
218 37
219 27
220 32
221 29
222 33
223 27
224 24
225 32
226 28
227 39
228 27
229 27
230 48
231 27
232 22
233 23
234 35
235 36
236 24
237 33
238 36
239 40
240 25
241 35
242 38
243 37
244 25
245 38
246 36
247 31
248 32
249 30
250 29
251 26
252 31
253 34
254 35
255 35
256 23
257 37
258 23
259 37
260 42
261 30
262 25
263 31
264 35
265 34
266 37
267 31
268 41
269 39
270 31
271 41
272 35
273 39
274 28
275 42
276 32
277 26
278 24
279 34
280 37
281 39
282 28
283 33
284 32
285 28
286 37
287 26
288 43
289 32
290 23
291 31
292 34
293 40
294 35
295 29
296 23
297 29
298 42
299 32
300 45
301 40
302 22
303 34
304 21
305 32
306 30
307 29
308 29
309 37
310 32
311 29
312 33
313 37
314 30
315 32
316 34
317 24
318 50
319 38
320 21
321 28
322 32
323 38
324 26
325 28
326 34
327 38
328 28
329 36
330 21
331 29
332 33
333 26
334 36
335 35
336 41
337 32
338 33
339 30
340 34
341 36
342 29
343 34
344 45
345 33
346 23
347 26
348 29
349 37
350 33
351 24
352 35
353 25
354 29
355 48
356 24
357 26
358 33
359 31
360 35
361 29
362 39
363 36
364 34
365 29
366 32
367 46
368 40
369 36
370 32
371 28
372 25
373 32
374 32
375 28
376 31
377 26
378 36
379 25
380 35
381 36
382 26
383 29
384 31
385 27
386 41
387 37
388 37
389 37
390 40
391 39
392 37
393 30
394 29
395 36
396 29
397 27
398 52
399 28
400 29
401 30
402 36
403 37
404 32
405 43
406 31
407 31
408 33
409 38
410 33
411 31
412 39
413 43
414 43
415 36
416 37
417 35
418 42
419 37
420 36
421 41
422 38
423 34
424 41
425 39
426 27
427 26
428 51
429 43
430 32
431 27
432 38
433 37
434 35
435 41
436 44
437 29
438 33
439 38
440 36
441 41
442 31
443 36
444 42
445 37
446 38
447 36
448 43
449 39
450 40
451 23
452 35
453 33
454 37
455 39
456 35
457 41
458 32
459 32
460 33
461 30
462 28
463 35
464 41
465 33
466 34
467 33
468 30
469 27
470 25
471 40
472 31
473 29
474 32
475 33
476 33
477 27
478 30
479 33
480 29
481 39
482 28
483 34
484 30
485 21
486 44
487 38
488 34
489 29
490 46
491 36
492 43
493 46
494 46
495 37
496 42
497 43
498 27
499 39
500 39
501 36
502 28
503 35
504 36
505 27
506 37
507 35
508 37
509 32
510 40
511 33
512 42
513 28
514 28
515 40
516 37
517 36
518 45
519 33
520 36
521 28
522 35
523 31
524 35
525 32
526 42
527 23
528 34
529 38
530 30
531 46
532 41
533 35
534 37
535 34
536 42
537 44
538 42
539 34
540 36
541 36
542 35
543 20
544 28
545 37
546 38
547 30
548 36
549 35
550 27
551 27
552 32
553 28
554 26
555 41
556 34
557 40
558 33
559 43
560 39
561 24
562 44
563 43
564 34
565 40
566 37
567 35
568 47
569 43
570 39
571 43
572 40
573 33
574 37
575 37
576 48
577 47
578 50
579 56
580 67
581 61
582 50
583 49
584 75
585 62
586 47
587 65
588 81
589 80
590 73
591 79
592 94
593 95
594 82
595 121
596 92
597 132
598 98
599 107
600 125
601 100
602 89
603 96
604 109
605 125
606 88
607 86
608 80
609 60
610 48
611 62
612 49
613 51
614 43
615 44
616 34
617 41
618 26
619 28
620 42
621 36
622 38
623 41
624 38
625 28
626 38
627 31
628 27
629 28
630 37
631 43
632 35
633 27
634 34
635 27
636 38
637 40
638 44
639 39
640 41
641 31
642 42
643 43
644 43
645 24
646 29
647 42
648 35
649 42
650 41
651 34
652 43
653 41
654 47
655 36
656 47
657 34
658 33
659 34
660 26
661 37
662 48
663 42
664 43
665 36
666 49
667 39
668 47
669 37
670 39
671 35
672 25
673 29
674 39
675 37
676 47
677 44
678 42
679 32
680 46
681 40
682 38
683 44
684 41
685 42
686 42
687 42
688 40
689 29
690 40
691 52
692 40
693 34
694 42
695 39
696 39
697 41
698 39
699 33
700 41
701 27
702 41
703 37
704 38
705 38
706 37
707 37
708 46
709 42
710 49
711 40
712 31
713 39
714 41
715 27
716 31
717 38
718 46
719 39
720 31
721 33
722 34
723 36
724 36
725 37
726 41
727 31
728 30
729 40
730 31
731 41
732 30
733 39
734 35
735 32
736 38
737 44
738 37
739 36
740 41
741 41
742 51
743 37
744 33
745 30
746 32
747 36
748 43
749 39
750 28
751 24
752 34
753 36
754 37
755 52
756 33
757 42
758 30
759 31
760 29
761 41
762 33
763 45
764 32
765 36
766 36
767 35
768 33
769 28
770 45
771 30
772 27
773 33
774 39
775 41
776 39
777 35
778 44
779 38
780 28
781 32
782 50
783 24
784 39
785 33
786 40
787 33
788 38
789 38
790 35
791 36
792 34
793 28
794 37
795 45
796 30
797 36
798 38
799 39
800 40
801 34
802 50
803 27
804 22
805 34
806 37
807 34
808 36
809 40
810 43
811 28
812 32
813 27
814 37
815 30
816 39
817 36
818 24
819 37
820 35
821 26
822 39
823 30
824 36
825 28
826 34
827 32
828 44
829 41
830 34
831 28
832 31
833 21
834 28
835 31
836 22
837 44
838 37
839 35
840 39
841 29
842 43
843 29
844 36
845 33
846 30
847 48
848 33
849 37
850 28
851 36
852 31
853 25
854 24
855 39
856 23
857 31
858 49
859 40
860 29
861 32
862 36
863 33
864 30
865 26
866 43
867 32
868 28
869 28
870 34
871 32
872 26
873 30
874 40
875 26
876 24
877 26
878 35
879 43
880 34
881 39
882 37
883 31
884 31
885 20
886 38
887 21
888 34
889 35
890 19
891 30
892 32
893 22
894 28
895 29
896 43
897 41
898 40
899 28
900 37
901 25
902 28
903 26
904 24
905 41
906 47
907 41
908 32
909 32
910 29
911 32
912 28
913 32
914 27
915 21
916 35
917 28
918 30
919 41
920 33
921 33
922 33
923 40
924 32
925 32
926 25
927 39
928 41
929 28
930 23
931 30
932 35
933 28
934 30
935 31
936 29
937 37
938 41
939 34
940 39
941 25
942 41
943 37
944 29
945 37
946 40
947 50
948 34
949 34
950 40
951 36
952 34
953 26
954 33
955 41
956 38
957 40
958 38
959 31
960 20
961 39
962 36
963 33
964 26
965 32
966 34
967 36
968 39
969 36
970 31
971 26
972 29
973 26
974 31
975 42
976 30
977 41
978 32
979 29
980 37
981 30
982 32
983 32
984 38
985 31
986 30
987 32
988 28
989 43
990 28
991 28
992 31
993 31
994 38
995 33
996 28
997 27
998 40
999 32
1000 30
1001 36
1002 22
1003 26
1004 37
1005 31
1006 27
1007 35
1008 32
1009 26
1010 31
1011 27
1012 31
1013 29
1014 29
1015 24
1016 26
1017 30
1018 35
1019 31
1020 28
1021 32
1022 29
1023 30
1024 38
1025 39
1026 24
1027 21
1028 32
1029 39
1030 26
1031 29
1032 27
1033 26
1034 34
1035 34
1036 38
1037 29
1038 26
1039 28
1040 35
1041 36
1042 35
1043 30
1044 28
1045 43
1046 25
1047 34
1048 29
1049 34
1050 36
1051 26
1052 34
1053 43
1054 44
1055 33
1056 32
1057 22
1058 30
1059 30
1060 32
1061 23
1062 37
1063 36
1064 31
1065 18
1066 38
1067 44
1068 34
1069 35
1070 38
1071 31
1072 27
1073 27
1074 33
1075 33
1076 31
1077 25
1078 38
1079 38
1080 26
1081 35
1082 26
1083 35
1084 34
1085 39
1086 40
1087 30
1088 33
1089 32
1090 24
1091 37
1092 43
1093 43
1094 28
1095 36
1096 35
1097 32
1098 32
1099 41
1100 32
1101 25
1102 23
1103 33
1104 36
1105 28
1106 38
1107 29
1108 40
1109 31
1110 31
1111 46
1112 38
1113 44
1114 52
1115 48
1116 57
1117 82
1118 92
1119 85
1120 94
1121 105
1122 107
1123 169
1124 179
1125 210
1126 252
1127 276
1128 330
1129 388
1130 398
1131 457
1132 485
1133 485
1134 464
1135 558
1136 589
1137 652
1138 551
1139 498
1140 538
1141 405
1142 337
1143 257
1144 178
1145 108
1146 84
1147 63
1148 49
1149 33
1150 41
1151 34
1152 36
1153 42
1154 35
1155 38
1156 35
1157 39
1158 27
1159 23
1160 31
1161 23
1162 30
1163 29
1164 49
1165 27
1166 37
1167 18
1168 36
1169 37
1170 32
1171 30
1172 30
1173 31
1174 31
1175 32
1176 31
1177 38
1178 23
1179 36
1180 39
1181 33
1182 39
1183 27
1184 34
1185 39
1186 36
1187 35
1188 25
1189 26
1190 36
1191 29
1192 29
1193 38
1194 29
1195 26
1196 24
1197 41
1198 22
1199 25
1200 18
1201 22
1202 30
1203 39
1204 23
1205 22
1206 21
1207 39
1208 25
1209 26
1210 32
1211 30
1212 39
1213 29
1214 34
1215 27
1216 26
1217 39
1218 35
1219 25
1220 21
1221 31
1222 24
1223 34
1224 23
1225 32
1226 46
1227 27
1228 28
1229 23
1230 35
1231 25
1232 26
1233 29
1234 31
1235 33
1236 25
1237 30
1238 25
1239 28
1240 40
1241 31
1242 25
1243 30
1244 33
1245 22
1246 28
1247 38
1248 27
1249 28
1250 18
1251 25
1252 34
1253 23
1254 44
1255 28
1256 27
1257 27
1258 34
1259 40
1260 35
1261 37
1262 48
1263 36
1264 28
1265 38
1266 45
1267 33
1268 37
1269 46
1270 44
1271 62
1272 64
1273 117
1274 95
1275 81
1276 82
1277 46
1278 45
1279 12
1280 35
1281 33
1282 18
1283 26
1284 20
1285 20
1286 17
1287 24
1288 25
1289 21
1290 20
1291 27
1292 28
1293 19
1294 23
1295 29
1296 26
1297 29
1298 22
1299 22
1300 21
1301 21
1302 21
1303 31
1304 26
1305 19
1306 24
1307 19
1308 19
1309 26
1310 30
1311 29
1312 22
1313 16
1314 24
1315 14
1316 26
1317 23
1318 26
1319 24
1320 26
1321 24
1322 26
1323 29
1324 18
1325 20
1326 22
1327 21
1328 29
1329 18
1330 21
1331 29
1332 36
1333 35
1334 24
1335 22
1336 32
1337 29
1338 29
1339 29
1340 27
1341 41
1342 29
1343 34
1344 34
1345 46
1346 55
1347 43
1348 45
1349 49
1350 49
1351 47
1352 42
1353 45
1354 44
1355 40
1356 35
1357 24
1358 23
1359 25
1360 21
1361 24
1362 29
1363 27
1364 21
1365 30
1366 24
1367 21
1368 21
1369 27
1370 21
1371 25
1372 32
1373 25
1374 20
1375 24
1376 21
1377 24
1378 20
1379 15
1380 26
1381 22
1382 24
1383 16
1384 25
1385 26
1386 17
1387 19
1388 24
1389 28
1390 19
1391 22
1392 22
1393 22
1394 26
1395 21
1396 32
1397 17
1398 15
1399 29
1400 21
1401 27
1402 15
1403 12
1404 28
1405 28
1406 29
1407 27
1408 21
1409 25
1410 21
1411 23
1412 31
1413 28
1414 23
1415 23
1416 23
1417 30
1418 39
1419 53
1420 53
1421 63
1422 70
1423 75
1424 62
1425 62
1426 93
1427 122
1428 168
1429 222
1430 188
1431 195
1432 199
1433 218
1434 257
1435 262
1436 276
1437 256
1438 266
1439 278
1440 230
1441 164
1442 177
1443 130
1444 91
1445 74
1446 58
1447 38
1448 38
1449 31
1450 32
1451 23
1452 21
1453 33
1454 33
1455 18
1456 23
1457 25
1458 22
1459 26
1460 25
1461 28
1462 27
1463 18
1464 23
1465 17
1466 28
1467 20
1468 21
1469 23
1470 29
1471 27
1472 19
1473 16
1474 29
1475 21
1476 27
1477 17
1478 18
1479 19
1480 22
1481 24
1482 15
1483 17
1484 23
1485 25
1486 15
1487 17
1488 24
1489 19
1490 20
1491 26
1492 21
1493 12
1494 28
1495 22
1496 24
1497 21
1498 22
1499 18
1500 23
1501 27
1502 17
1503 18
1504 20
1505 13
1506 31
1507 24
1508 17
1509 14
1510 23
1511 22
1512 25
1513 20
1514 29
1515 29
1516 21
1517 18
1518 21
1519 21
1520 23
1521 14
1522 25
1523 18
1524 15
1525 23
1526 17
1527 21
1528 17
1529 28
1530 17
1531 23
1532 25
1533 19
1534 19
1535 16
1536 15
1537 16
1538 21
1539 19
1540 18
1541 22
1542 24
1543 22
1544 22
1545 20
1546 12
1547 23
1548 27
1549 19
1550 13
1551 19
1552 22
1553 25
1554 26
1555 17
1556 25
1557 17
1558 24
1559 21
1560 21
1561 18
1562 23
1563 25
1564 13
1565 22
1566 14
1567 15
1568 14
1569 25
1570 22
1571 28
1572 22
1573 28
1574 15
1575 24
1576 22
1577 27
1578 22
1579 23
1580 18
1581 30
1582 16
1583 21
1584 19
1585 30
1586 15
1587 22
1588 25
1589 21
1590 13
1591 19
1592 22
1593 20
1594 18
1595 17
1596 27
1597 27
1598 18
1599 24
1600 12
1601 16
1602 22
1603 23
1604 16
1605 13
1606 16
1607 21
1608 23
1609 12
1610 20
1611 26
1612 11
1613 12
1614 16
1615 15
1616 18
1617 21
1618 17
1619 32
1620 18
1621 17
1622 17
1623 16
1624 12
1625 29
1626 19
1627 22
1628 18
1629 25
1630 18
1631 18
1632 19
1633 16
1634 19
1635 19
1636 26
1637 29
1638 23
1639 23
1640 12
1641 20
1642 20
1643 12
1644 14
1645 14
1646 19
1647 21
1648 16
1649 23
1650 15
1651 19
1652 17
1653 19
1654 24
1655 19
1656 22
1657 7
1658 11
1659 21
1660 12
1661 19
1662 22
1663 22
1664 21
1665 20
1666 19
1667 12
1668 16
1669 16
1670 20
1671 18
1672 12
1673 15
1674 14
1675 15
1676 19
1677 19
1678 16
1679 15
1680 16
1681 20
1682 20
1683 17
1684 12
1685 25
1686 16
1687 20
1688 13
1689 21
1690 15
1691 21
1692 17
1693 22
1694 20
1695 11
1696 21
1697 17
1698 25
1699 18
1700 16
1701 17
1702 10
1703 16
1704 11
1705 21
1706 18
1707 11
1708 22
1709 17
1710 22
1711 14
1712 21
1713 15
1714 13
1715 21
1716 14
1717 14
1718 20
1719 19
1720 18
1721 22
1722 16
1723 13
1724 17
1725 12
1726 15
1727 18
1728 18
1729 20
1730 18
1731 15
1732 18
1733 14
1734 18
1735 23
1736 20
1737 19
1738 15
1739 21
1740 14
1741 19
1742 12
1743 14
1744 16
1745 17
1746 15
1747 15
1748 16
1749 15
1750 9
1751 14
1752 16
1753 20
1754 18
1755 16
1756 14
1757 13
1758 14
1759 19
1760 15
1761 20
1762 27
1763 20
1764 21
1765 17
1766 22
1767 16
1768 11
1769 21
1770 16
1771 17
1772 20
1773 16
1774 20
1775 22
1776 13
1777 19
1778 19
1779 15
1780 25
1781 28
1782 16
1783 14
1784 17
1785 21
1786 15
1787 21
1788 12
1789 23
1790 16
1791 20
1792 21
1793 20
1794 14
1795 17
1796 18
1797 19
1798 14
1799 19
1800 16
1801 12
1802 18
1803 17
1804 14
1805 17
1806 17
1807 24
1808 13
1809 19
1810 18
1811 16
1812 19
1813 21
1814 24
1815 20
1816 18
1817 10
1818 18
1819 23
1820 16
1821 22
1822 15
1823 17
1824 15
1825 17
1826 18
1827 21
1828 22
1829 18
1830 22
1831 19
1832 21
1833 17
1834 22
1835 16
1836 12
1837 11
1838 17
1839 30
1840 19
1841 19
1842 14
1843 16
1844 26
1845 23
1846 19
1847 17
1848 11
1849 23
1850 22
1851 17
1852 23
1853 19
1854 18
1855 18
1856 33
1857 26
1858 29
1859 23
1860 13
1861 21
1862 17
1863 12
1864 17
1865 16
1866 18
1867 21
1868 16
1869 16
1870 21
1871 15
1872 20
1873 21
1874 16
1875 22
1876 16
1877 19
1878 26
1879 16
1880 13
1881 15
1882 19
1883 12
1884 21
1885 19
1886 24
1887 20
1888 25
1889 16
1890 27
1891 19
1892 26
1893 30
1894 23
1895 28
1896 33
1897 20
1898 39
1899 51
1900 63
1901 72
1902 71
1903 87
1904 102
1905 111
1906 123
1907 105
1908 96
1909 110
1910 97
1911 95
1912 99
1913 100
1914 92
1915 104
1916 132
1917 191
1918 104
1919 72
1920 57
1921 55
1922 67
1923 50
1924 37
1925 41
1926 27
1927 28
1928 21
1929 16
1930 29
1931 21
1932 14
1933 17
1934 23
1935 19
1936 14
1937 14
1938 19
1939 18
1940 13
1941 13
1942 18
1943 17
1944 24
1945 25
1946 25
1947 19
1948 14
1949 16
1950 15
1951 12
1952 21
1953 12
1954 14
1955 13
1956 14
1957 19
1958 14
1959 11
1960 15
1961 17
1962 20
1963 18
1964 28
1965 19
1966 20
1967 19
1968 22
1969 11
1970 17
1971 19
1972 15
1973 18
1974 17
1975 9
1976 18
1977 16
1978 22
1979 29
1980 15
1981 12
1982 17
1983 16
1984 17
1985 14
1986 15
1987 15
1988 17
1989 14
1990 20
1991 21
1992 20
1993 22
1994 13
1995 16
1996 12
1997 18
1998 21
1999 17
2000 14
2001 11
2002 12
2003 20
2004 19
2005 20
2006 11
2007 17
2008 15
2009 19
2010 15
2011 12
2012 10
2013 12
2014 16
2015 10
2016 12
2017 11
2018 21
2019 16
2020 20
2021 15
2022 11
2023 19
2024 16
2025 18
2026 12
2027 22
2028 16
2029 5
2030 20
2031 24
2032 14
2033 16
2034 20
2035 21
2036 10
2037 18
2038 19
2039 7
2040 15
2041 15
2042 11
2043 22
2044 12
2045 12
2046 11
2047 21
2048 11
2049 18
2050 19
2051 17
2052 13
2053 13
2054 18
2055 10
2056 12
2057 8
2058 17
2059 17
2060 8
2061 12
2062 16
2063 16
2064 13
2065 18
2066 18
2067 11
2068 10
2069 14
2070 9
2071 21
2072 12
2073 18
2074 19
2075 11
2076 10
2077 13
2078 21
2079 13
2080 13
2081 12
2082 18
2083 13
2084 18
2085 23
2086 17
2087 19
2088 16
2089 9
2090 17
2091 19
2092 8
2093 14
2094 21
2095 15
2096 14
2097 15
2098 14
2099 15
2100 10
2101 15
2102 11
2103 12
2104 10
2105 12
2106 15
2107 18
2108 20
2109 13
2110 16
2111 18
2112 9
2113 16
2114 12
2115 19
2116 22
2117 16
2118 17
2119 11
2120 18
2121 13
2122 9
2123 19
2124 16
2125 13
2126 16
2127 23
2128 17
2129 17
2130 18
2131 20
2132 16
2133 15
2134 16
2135 14
2136 20
2137 14
2138 14
2139 19
2140 18
2141 16
2142 22
2143 24
2144 17
2145 18
2146 18
2147 22
2148 20
2149 28
2150 31
2151 33
2152 26
2153 34
2154 35
2155 63
2156 69
2157 91
2158 89
2159 81
2160 91
2161 85
2162 106
2163 133
2164 153
2165 163
2166 194
2167 195
2168 223
2169 288
2170 370
2171 439
2172 490
2173 535
2174 516
2175 499
2176 420
2177 382
2178 477
2179 503
2180 503
2181 494
2182 423
2183 350
2184 267
2185 205
2186 171
2187 184
2188 154
2189 189
2190 153
2191 112
2192 109
2193 61
2194 58
2195 29
2196 37
2197 31
2198 24
2199 21
2200 28
2201 26
2202 16
2203 18
2204 26
2205 16
2206 22
2207 27
2208 21
2209 23
2210 14
2211 22
2212 23
2213 23
2214 14
2215 22
2216 16
2217 12
2218 13
2219 16
2220 11
2221 12
2222 14
2223 18
2224 21
2225 12
2226 4
2227 14
2228 16
2229 24
2230 15
2231 13
2232 16
2233 11
2234 8
2235 16
2236 14
2237 13
2238 16
2239 8
2240 8
2241 17
2242 15
2243 14
2244 14
2245 11
2246 10
2247 12
2248 14
2249 10
2250 19
2251 13
2252 18
2253 14
2254 13
2255 14
2256 18
2257 19
2258 12
2259 13
2260 8
2261 14
2262 16
2263 13
2264 19
2265 14
2266 11
2267 13
2268 15
2269 9
2270 15
2271 20
2272 9
2273 11
2274 15
2275 13
2276 17
2277 19
2278 19
2279 17
2280 12
2281 7
2282 13
2283 17
2284 17
2285 15
2286 16
2287 20
2288 20
2289 17
2290 9
2291 23
2292 14
2293 13
2294 24
2295 21
2296 20
2297 11
2298 15
2299 22
2300 19
2301 12
2302 11
2303 11
2304 18
2305 14
2306 14
2307 16
2308 14
2309 11
2310 14
2311 7
2312 14
2313 15
2314 18
2315 22
2316 24
2317 20
2318 13
2319 12
2320 13
2321 24
2322 18
2323 16
2324 13
2325 10
2326 10
2327 18
2328 12
2329 10
2330 15
2331 19
2332 13
2333 15
2334 14
2335 15
2336 12
2337 18
2338 14
2339 6
2340 10
2341 9
2342 12
2343 16
2344 16
2345 15
2346 16
2347 14
2348 15
2349 20
2350 15
2351 11
2352 21
2353 19
2354 14
2355 13
2356 13
2357 11
2358 10
2359 26
2360 21
2361 18
2362 18
2363 25
2364 22
2365 23
2366 25
2367 30
2368 31
2369 30
2370 33
2371 31
2372 32
2373 30
2374 41
2375 38
2376 52
2377 49
2378 60
2379 81
2380 87
2381 69
2382 88
2383 77
2384 115
2385 113
2386 122
2387 119
2388 121
2389 91
2390 80
2391 68
2392 61
2393 90
2394 91
2395 66
2396 51
2397 45
2398 48
2399 51
2400 42
2401 29
2402 25
2403 24
2404 23
2405 16
2406 10
2407 16
2408 20
2409 17
2410 15
2411 9
2412 16
2413 15
2414 15
2415 10
2416 8
2417 8
2418 17
2419 14
2420 16
2421 12
2422 12
2423 8
2424 13
2425 10
2426 12
2427 11
2428 12
2429 20
2430 8
2431 12
2432 10
2433 9
2434 11
2435 9
2436 10
2437 11
2438 18
2439 16
2440 19
2441 17
2442 16
2443 8
2444 11
2445 7
2446 18
2447 14
2448 10
2449 9
2450 16
2451 12
2452 15
2453 15
2454 15
2455 7
2456 10
2457 10
2458 6
2459 13
2460 11
2461 9
2462 8
2463 16
2464 16
2465 11
2466 4
2467 8
2468 12
2469 12
2470 18
2471 10
2472 12
2473 9
2474 8
2475 12
2476 12
2477 10
2478 17
2479 10
2480 12
2481 11
2482 14
2483 16
2484 9
2485 15
2486 11
2487 11
2488 16
2489 10
2490 13
2491 14
2492 13
2493 15
2494 6
2495 11
2496 11
2497 17
2498 9
2499 16
2500 11
2501 8
2502 19
2503 15
2504 10
2505 15
2506 14
2507 11
2508 8
2509 12
2510 11
2511 12
2512 7
2513 13
2514 9
2515 12
2516 6
2517 8
2518 13
2519 4
2520 10
2521 11
2522 5
2523 14
2524 7
2525 8
2526 13
2527 11
2528 15
2529 13
2530 9
2531 11
2532 11
2533 8
2534 10
2535 9
2536 10
2537 14
2538 14
2539 16
2540 23
2541 12
2542 10
2543 15
2544 14
2545 9
2546 13
2547 13
2548 12
2549 9
2550 13
2551 14
2552 17
2553 13
2554 13
2555 15
2556 19
2557 15
2558 10
2559 14
