0 33
1 19
2 23
3 23
4 31
5 32
6 28
7 24
8 27
9 21
10 27
11 28
12 30
13 30
14 31
15 30
16 31
17 32
18 31
19 26
20 28
21 24
22 25
23 41
24 26
25 26
26 31
27 29
28 29
29 29
30 27
31 26
32 25
33 29
34 32
35 25
36 28
37 24
38 37
39 26
40 33
41 21
42 30
43 29
44 39
45 37
46 23
47 27
48 32
49 30
50 22
51 31
52 33
53 23
54 29
55 29
56 30
57 31
58 30
59 34
60 34
61 33
62 21
63 23
64 37
65 33
66 38
67 32
68 31
69 27
70 31
71 34
72 31
73 28
74 31
75 36
76 28
77 26
78 30
79 24
80 33
81 22
82 25
83 30
84 29
85 23
86 27
87 36
88 25
89 27
90 29
91 41
92 20
93 24
94 31
95 30
96 30
97 30
98 27
99 30
100 34
101 29
102 26
103 37
104 22
105 23
106 30
107 31
108 30
109 34
110 25
111 36
112 24
113 29
114 26
115 38
116 30
117 41
118 32
119 27
120 40
121 33
122 23
123 36
124 30
125 35
126 36
127 37
128 28
129 36
130 33
131 37
132 31
133 31
134 23
135 25
136 45
137 33
138 32
139 30
140 25
141 30
142 33
143 38
144 25
145 30
146 27
147 26
148 32
149 24
150 30
151 40
152 28
153 28
154 45
155 25
156 29
157 33
158 30
159 34
160 34
161 38
162 27
163 37
164 37
165 34
166 30
167 25
168 39
169 34
170 35
171 33
172 32
173 23
174 34
175 30
176 26
177 29
178 32
179 38
180 29
181 27
182 26
183 25
184 27
185 24
186 28
187 31
188 34
189 27
190 34
191 29
192 30
193 24
194 22
195 30
196 34
197 28
198 33
199 31
200 39
201 35
202 40
203 37
204 30
205 32
206 40
207 43
208 41
209 47
210 33
211 33
212 42
213 30
214 33
215 32
216 43
217 30
218 40
219 36
220 24
221 27
222 43
223 34
224 31
225 43
226 28
227 42
228 24
229 42
230 37
231 31
232 38
233 48
234 27
235 34
236 31
237 43
238 37
239 30
240 39
241 30
242 38
243 35
244 34
245 31
246 25
247 29
248 34
249 33
250 31
251 36
252 38
253 32
254 27
255 35
256 40
257 39
258 36
259 45
260 37
261 34
262 32
263 39
264 29
265 30
266 36
267 33
268 31
269 40
270 31
271 34
272 35
273 33
274 39
275 35
276 35
277 38
278 30
279 31
280 42
281 33
282 45
283 28
284 32
285 38
286 37
287 34
288 45
289 22
290 41
291 36
292 29
293 34
294 29
295 36
296 37
297 36
298 28
299 48
300 33
301 29
302 31
303 37
304 39
305 35
306 34
307 32
308 35
309 29
310 38
311 35
312 42
313 32
314 28
315 41
316 33
317 37
318 36
319 28
320 27
321 36
322 39
323 32
324 44
325 36
326 35
327 29
328 29
329 35
330 50
331 30
332 34
333 48
334 37
335 34
336 40
337 34
338 31
339 28
340 29
341 41
342 27
343 30
344 39
345 39
346 34
347 33
348 39
349 38
350 34
351 28
352 42
353 35
354 33
355 42
356 28
357 29
358 34
359 44
360 39
361 25
362 44
363 37
364 41
365 37
366 35
367 45
368 35
369 41
370 44
371 36
372 34
373 36
374 25
375 43
376 30
377 31
378 36
379 35
380 36
381 38
382 28
383 25
384 32
385 27
386 52
387 37
388 47
389 31
390 31
391 38
392 22
393 31
394 32
395 27
396 38
397 41
398 31
399 49
400 26
401 42
402 17
403 39
404 40
405 29
406 31
407 35
408 30
409 52
410 30
411 38
412 26
413 33
414 44
415 34
416 40
417 36
418 24
419 29
420 29
421 53
422 35
423 32
424 50
425 32
426 45
427 33
428 39
429 38
430 43
431 45
432 39
433 46
434 35
435 60
436 31
437 34
438 32
439 39
440 32
441 42
442 30
443 36
444 28
445 42
446 32
447 42
448 35
449 32
450 37
451 38
452 39
453 36
454 43
455 42
456 39
457 47
458 37
459 30
460 33
461 34
462 37
463 33
464 24
465 33
466 36
467 35
468 36
469 32
470 32
471 33
472 37
473 44
474 33
475 47
476 42
477 41
478 39
479 45
480 35
481 38
482 35
483 44
484 39
485 39
486 43
487 47
488 32
489 36
490 41
491 44
492 30
493 31
494 32
495 34
496 36
497 41
498 29
499 28
500 36
501 35
502 37
503 44
504 38
505 30
506 32
507 32
508 37
509 32
510 34
511 36
512 48
513 32
514 35
515 42
516 48
517 39
518 41
519 49
520 45
521 45
522 46
523 31
524 36
525 44
526 35
527 38
528 41
529 39
530 41
531 50
532 26
533 48
534 41
535 41
536 37
537 45
538 49
539 37
540 47
541 44
542 48
543 55
544 49
545 57
546 34
547 40
548 54
549 50
550 56
551 42
552 56
553 50
554 41
555 64
556 60
557 67
558 84
559 83
560 77
561 59
562 72
563 76
564 66
565 84
566 93
567 97
568 82
569 86
570 76
571 85
572 97
573 89
574 65
575 77
576 69
577 68
578 38
579 39
580 40
581 30
582 37
583 37
584 27
585 46
586 29
587 32
588 58
589 43
590 33
591 23
592 30
593 37
594 33
595 35
596 44
597 37
598 40
599 39
600 45
601 39
602 33
603 38
604 36
605 40
606 30
607 47
608 32
609 23
610 31
611 39
612 24
613 37
614 37
615 28
616 33
617 42
618 47
619 37
620 46
621 35
622 45
623 37
624 44
625 53
626 38
627 39
628 46
629 33
630 40
631 39
632 40
633 52
634 33
635 41
636 34
637 23
638 31
639 30
640 33
641 48
642 41
643 47
644 39
645 35
646 30
647 31
648 36
649 42
650 37
651 38
652 33
653 37
654 50
655 38
656 34
657 30
658 32
659 32
660 42
661 38
662 43
663 48
664 34
665 23
666 33
667 40
668 37
669 30
670 43
671 46
672 43
673 43
674 32
675 36
676 30
677 30
678 44
679 38
680 40
681 49
682 33
683 34
684 51
685 50
686 41
687 32
688 37
689 38
690 33
691 31
692 42
693 40
694 27
695 31
696 38
697 37
698 32
699 32
700 34
701 32
702 33
703 31
704 30
705 49
706 44
707 39
708 34
709 38
710 38
711 35
712 42
713 33
714 34
715 36
716 39
717 38
718 35
719 43
720 32
721 38
722 34
723 33
724 37
725 48
726 34
727 29
728 35
729 38
730 36
731 37
732 37
733 44
734 33
735 33
736 46
737 39
738 29
739 37
740 31
741 47
742 30
743 40
744 30
745 32
746 43
747 32
748 24
749 42
750 42
751 46
752 45
753 25
754 46
755 39
756 30
757 30
758 41
759 39
760 25
761 51
762 34
763 36
764 42
765 36
766 41
767 33
768 42
769 36
770 29
771 36
772 37
773 27
774 43
775 34
776 31
777 29
778 40
779 50
780 30
781 30
782 35
783 35
784 33
785 36
786 37
787 44
788 35
789 31
790 38
791 41
792 42
793 43
794 34
795 37
796 34
797 26
798 35
799 35
800 37
801 45
802 46
803 33
804 26
805 40
806 41
807 29
808 34
809 37
810 37
811 34
812 43
813 35
814 40
815 39
816 46
817 37
818 34
819 33
820 25
821 34
822 30
823 33
824 32
825 29
826 41
827 36
828 37
829 37
830 36
831 27
832 38
833 37
834 26
835 36
836 36
837 43
838 37
839 33
840 30
841 36
842 34
843 24
844 30
845 33
846 29
847 29
848 34
849 36
850 30
851 29
852 34
853 30
854 31
855 34
856 42
857 47
858 26
859 46
860 41
861 28
862 36
863 31
864 27
865 35
866 32
867 37
868 35
869 43
870 27
871 42
872 33
873 37
874 31
875 29
876 37
877 39
878 49
879 38
880 35
881 28
882 42
883 35
884 43
885 26
886 33
887 27
888 37
889 35
890 32
891 45
892 46
893 24
894 44
895 29
896 27
897 23
898 30
899 29
900 39
901 28
902 36
903 45
904 32
905 38
906 37
907 40
908 43
909 39
910 37
911 35
912 30
913 32
914 29
915 36
916 29
917 31
918 33
919 41
920 32
921 41
922 38
923 34
924 26
925 42
926 35
927 28
928 33
929 47
930 42
931 36
932 32
933 39
934 33
935 45
936 36
937 36
938 39
939 25
940 35
941 30
942 21
943 37
944 42
945 26
946 25
947 39
948 42
949 34
950 34
951 44
952 25
953 30
954 28
955 41
956 23
957 33
958 34
959 44
960 25
961 41
962 35
963 32
964 43
965 40
966 34
967 28
968 35
969 35
970 35
971 43
972 23
973 27
974 28
975 30
976 21
977 34
978 36
979 39
980 36
981 28
982 26
983 33
984 38
985 35
986 35
987 33
988 27
989 46
990 28
991 33
992 36
993 25
994 18
995 29
996 45
997 21
998 30
999 27
1000 31
1001 32
1002 42
1003 28
1004 40
1005 30
1006 28
1007 32
1008 33
1009 26
1010 40
1011 34
1012 23
1013 39
1014 34
1015 34
1016 38
1017 36
1018 26
1019 29
1020 34
1021 20
1022 30
1023 38
1024 40
1025 31
1026 28
1027 40
1028 39
1029 29
1030 35
1031 33
1032 51
1033 39
1034 35
1035 48
1036 35
1037 42
1038 34
1039 49
1040 38
1041 43
1042 35
1043 44
1044 48
1045 53
1046 27
1047 30
1048 28
1049 40
1050 42
1051 37
1052 40
1053 30
1054 27
1055 36
1056 52
1057 30
1058 50
1059 47
1060 29
1061 37
1062 42
1063 30
1064 46
1065 32
1066 43
1067 34
1068 31
1069 45
1070 48
1071 46
1072 73
1073 63
1074 79
1075 77
1076 113
1077 121
1078 142
1079 162
1080 169
1081 177
1082 169
1083 202
1084 240
1085 263
1086 282
1087 328
1088 354
1089 364
1090 399
1091 404
1092 412
1093 387
1094 410
1095 453
1096 453
1097 413
1098 340
1099 324
1100 246
1101 214
1102 177
1103 137
1104 103
1105 56
1106 54
1107 49
1108 30
1109 38
1110 33
1111 34
1112 31
1113 35
1114 48
1115 37
1116 36
1117 39
1118 37
1119 31
1120 32
1121 33
1122 26
1123 37
1124 42
1125 35
1126 33
1127 24
1128 45
1129 35
1130 29
1131 27
1132 30
1133 35
1134 22
1135 41
1136 28
1137 23
1138 26
1139 34
1140 38
1141 27
1142 44
1143 35
1144 26
1145 28
1146 27
1147 28
1148 30
1149 38
1150 31
1151 27
1152 36
1153 32
1154 36
1155 21
1156 24
1157 40
1158 32
1159 34
1160 40
1161 41
1162 30
1163 24
1164 33
1165 32
1166 40
1167 30
1168 36
1169 28
1170 38
1171 27
1172 35
1173 36
1174 31
1175 24
1176 36
1177 31
1178 29
1179 33
1180 37
1181 31
1182 38
1183 40
1184 32
1185 41
1186 25
1187 31
1188 20
1189 26
1190 47
1191 40
1192 35
1193 32
1194 29
1195 38
1196 35
1197 39
1198 31
1199 28
1200 20
1201 33
1202 43
1203 32
1204 40
1205 18
1206 35
1207 33
1208 34
1209 33
1210 37
1211 31
1212 24
1213 35
1214 25
1215 41
1216 39
1217 32
1218 24
1219 46
1220 48
1221 45
1222 66
1223 75
1224 80
1225 74
1226 66
1227 82
1228 63
1229 49
1230 52
1231 82
1232 78
1233 74
1234 74
1235 98
1236 60
1237 53
1238 40
1239 64
1240 44
1241 41
1242 30
1243 28
1244 25
1245 21
1246 33
1247 16
1248 18
1249 27
1250 21
1251 31
1252 29
1253 19
1254 26
1255 32
1256 31
1257 31
1258 30
1259 37
1260 25
1261 28
1262 29
1263 15
1264 20
1265 21
1266 30
1267 25
1268 25
1269 28
1270 19
1271 20
1272 24
1273 21
1274 18
1275 18
1276 18
1277 18
1278 14
1279 17
1280 21
1281 28
1282 35
1283 29
1284 26
1285 24
1286 20
1287 26
1288 31
1289 27
1290 21
1291 28
1292 22
1293 31
1294 28
1295 30
1296 32
1297 36
1298 48
1299 44
1300 33
1301 40
1302 45
1303 38
1304 44
1305 48
1306 36
1307 35
1308 31
1309 31
1310 37
1311 31
1312 28
1313 21
1314 31
1315 28
1316 17
1317 20
1318 15
1319 20
1320 22
1321 22
1322 18
1323 25
1324 26
1325 27
1326 14
1327 27
1328 25
1329 28
1330 30
1331 27
1332 24
1333 29
1334 26
1335 28
1336 21
1337 26
1338 26
1339 19
1340 23
1341 26
1342 26
1343 20
1344 24
1345 24
1346 30
1347 24
1348 29
1349 26
1350 21
1351 25
1352 30
1353 25
1354 24
1355 30
1356 15
1357 33
1358 28
1359 30
1360 31
1361 30
1362 25
1363 31
1364 24
1365 30
1366 32
1367 20
1368 42
1369 41
1370 41
1371 41
1372 42
1373 60
1374 85
1375 83
1376 76
1377 109
1378 112
1379 136
1380 140
1381 120
1382 167
1383 199
1384 237
1385 251
1386 295
1387 331
1388 428
1389 358
1390 237
1391 173
1392 172
1393 165
1394 145
1395 120
1396 81
1397 74
1398 47
1399 51
1400 62
1401 40
1402 23
1403 32
1404 32
1405 27
1406 34
1407 32
1408 31
1409 27
1410 20
1411 23
1412 27
1413 19
1414 17
1415 30
1416 22
1417 21
1418 23
1419 19
1420 20
1421 26
1422 33
1423 25
1424 27
1425 25
1426 22
1427 31
1428 30
1429 21
1430 25
1431 27
1432 31
1433 21
1434 27
1435 24
1436 23
1437 22
1438 17
1439 17
1440 26
1441 15
1442 20
1443 22
1444 24
1445 15
1446 18
1447 23
1448 27
1449 16
1450 24
1451 27
1452 15
1453 18
1454 17
1455 20
1456 26
1457 19
1458 19
1459 18
1460 25
1461 23
1462 14
1463 19
1464 22
1465 20
1466 22
1467 21
1468 17
1469 22
1470 29
1471 26
1472 24
1473 16
1474 30
1475 25
1476 26
1477 19
1478 22
1479 19
1480 20
1481 19
1482 19
1483 21
1484 26
1485 27
1486 22
1487 23
1488 24
1489 25
1490 31
1491 18
1492 19
1493 26
1494 18
1495 31
1496 23
1497 13
1498 14
1499 26
1500 23
1501 19
1502 33
1503 21
1504 16
1505 20
1506 28
1507 26
1508 19
1509 23
1510 17
1511 16
1512 25
1513 32
1514 21
1515 16
1516 18
1517 17
1518 20
1519 16
1520 24
1521 21
1522 21
1523 20
1524 13
1525 19
1526 19
1527 28
1528 25
1529 18
1530 9
1531 21
1532 27
1533 22
1534 13
1535 22
1536 27
1537 27
1538 23
1539 22
1540 16
1541 22
1542 23
1543 20
1544 21
1545 13
1546 20
1547 21
1548 27
1549 23
1550 23
1551 21
1552 21
1553 18
1554 32
1555 16
1556 21
1557 28
1558 23
1559 26
1560 21
1561 25
1562 30
1563 27
1564 22
1565 21
1566 28
1567 19
1568 16
1569 20
1570 26
1571 34
1572 16
1573 21
1574 20
1575 18
1576 27
1577 18
1578 19
1579 19
1580 22
1581 23
1582 22
1583 18
1584 27
1585 27
1586 18
1587 24
1588 16
1589 22
1590 21
1591 13
1592 23
1593 18
1594 18
1595 18
1596 24
1597 12
1598 28
1599 24
1600 33
1601 15
1602 21
1603 16
1604 20
1605 23
1606 17
1607 20
1608 27
1609 20
1610 20
1611 19
1612 18
1613 20
1614 19
1615 17
1616 27
1617 15
1618 18
1619 21
1620 14
1621 17
1622 26
1623 17
1624 17
1625 15
1626 24
1627 25
1628 10
1629 21
1630 16
1631 23
1632 12
1633 19
1634 17
1635 18
1636 18
1637 21
1638 21
1639 9
1640 21
1641 14
1642 21
1643 25
1644 24
1645 32
1646 21
1647 16
1648 16
1649 17
1650 21
1651 18
1652 17
1653 18
1654 23
1655 20
1656 15
1657 28
1658 16
1659 20
1660 17
1661 23
1662 22
1663 16
1664 24
1665 26
1666 27
1667 30
1668 22
1669 25
1670 21
1671 17
1672 11
1673 20
1674 24
1675 19
1676 20
1677 17
1678 29
1679 16
1680 19
1681 24
1682 19
1683 17
1684 20
1685 11
1686 11
1687 23
1688 25
1689 17
1690 15
1691 22
1692 21
1693 14
1694 15
1695 19
1696 19
1697 15
1698 17
1699 19
1700 13
1701 19
1702 16
1703 18
1704 17
1705 18
1706 28
1707 19
1708 28
1709 21
1710 20
1711 9
1712 18
1713 20
1714 14
1715 14
1716 21
1717 18
1718 20
1719 18
1720 23
1721 20
1722 23
1723 16
1724 19
1725 13
1726 15
1727 17
1728 20
1729 20
1730 25
1731 12
1732 18
1733 23
1734 16
1735 19
1736 19
1737 24
1738 19
1739 14
1740 21
1741 23
1742 22
1743 16
1744 26
1745 19
1746 21
1747 24
1748 19
1749 25
1750 22
1751 23
1752 24
1753 25
1754 20
1755 12
1756 21
1757 25
1758 18
1759 16
1760 22
1761 8
1762 20
1763 18
1764 11
1765 26
1766 18
1767 20
1768 23
1769 20
1770 19
1771 22
1772 21
1773 20
1774 18
1775 21
1776 19
1777 17
1778 13
1779 17
1780 16
1781 12
1782 20
1783 24
1784 23
1785 16
1786 19
1787 11
1788 21
1789 11
1790 19
1791 12
1792 26
1793 17
1794 21
1795 22
1796 23
1797 15
1798 17
1799 19
1800 25
1801 28
1802 23
1803 19
1804 19
1805 13
1806 17
1807 19
1808 23
1809 21
1810 19
1811 20
1812 26
1813 18
1814 10
1815 15
1816 24
1817 20
1818 23
1819 19
1820 17
1821 19
1822 21
1823 14
1824 21
1825 30
1826 18
1827 13
1828 20
1829 14
1830 18
1831 17
1832 21
1833 25
1834 22
1835 19
1836 33
1837 32
1838 22
1839 28
1840 36
1841 28
1842 38
1843 31
1844 39
1845 50
1846 59
1847 70
1848 64
1849 60
1850 53
1851 51
1852 54
1853 71
1854 121
1855 121
1856 107
1857 91
1858 88
1859 93
1860 104
1861 90
1862 74
1863 47
1864 42
1865 48
1866 46
1867 66
1868 52
1869 35
1870 25
1871 26
1872 24
1873 27
1874 23
1875 17
1876 25
1877 18
1878 19
1879 16
1880 22
1881 21
1882 22
1883 18
1884 15
1885 26
1886 18
1887 12
1888 24
1889 19
1890 14
1891 19
1892 12
1893 21
1894 17
1895 19
1896 16
1897 15
1898 15
1899 18
1900 19
1901 16
1902 17
1903 21
1904 17
1905 14
1906 14
1907 18
1908 25
1909 23
1910 16
1911 19
1912 17
1913 16
1914 17
1915 15
1916 21
1917 15
1918 18
1919 15
1920 12
1921 14
1922 16
1923 18
1924 19
1925 25
1926 13
1927 20
1928 21
1929 9
1930 20
1931 12
1932 9
1933 7
1934 24
1935 18
1936 11
1937 24
1938 25
1939 16
1940 18
1941 17
1942 20
1943 15
1944 15
1945 23
1946 22
1947 20
1948 16
1949 16
1950 20
1951 15
1952 15
1953 17
1954 17
1955 21
1956 21
1957 13
1958 19
1959 17
1960 14
1961 15
1962 13
1963 11
1964 12
1965 12
1966 18
1967 12
1968 18
1969 20
1970 17
1971 12
1972 19
1973 20
1974 19
1975 21
1976 15
1977 16
1978 15
1979 18
1980 13
1981 14
1982 15
1983 18
1984 13
1985 22
1986 14
1987 11
1988 18
1989 13
1990 15
1991 18
1992 9
1993 19
1994 18
1995 12
1996 10
1997 15
1998 13
1999 12
2000 15
2001 16
2002 21
2003 16
2004 11
2005 18
2006 17
2007 18
2008 19
2009 13
2010 13
2011 15
2012 17
2013 19
2014 15
2015 20
2016 17
2017 17
2018 18
2019 15
2020 19
2021 14
2022 21
2023 15
2024 17
2025 18
2026 17
2027 19
2028 18
2029 13
2030 11
2031 20
2032 15
2033 16
2034 26
2035 17
2036 15
2037 24
2038 19
2039 13
2040 18
2041 17
2042 19
2043 21
2044 11
2045 12
2046 15
2047 18
2048 11
2049 21
2050 14
2051 23
2052 13
2053 13
2054 24
2055 18
2056 20
2057 25
2058 16
2059 20
2060 17
2061 17
2062 19
2063 17
2064 20
2065 12
2066 16
2067 13
2068 17
2069 14
2070 19
2071 14
2072 21
2073 26
2074 15
2075 18
2076 15
2077 16
2078 17
2079 21
2080 26
2081 19
2082 19
2083 21
2084 23
2085 25
2086 27
2087 32
2088 30
2089 24
2090 32
2091 26
2092 40
2093 46
2094 44
2095 51
2096 72
2097 72
2098 75
2099 94
2100 98
2101 153
2102 157
2103 181
2104 163
2105 237
2106 260
2107 308
2108 278
2109 282
2110 315
2111 380
2112 353
2113 347
2114 371
2115 324
2116 349
2117 367
2118 434
2119 435
2120 357
2121 342
2122 346
2123 302
2124 271
2125 174
2126 164
2127 129
2128 124
2129 145
2130 152
2131 81
2132 66
2133 47
2134 58
2135 33
2136 38
2137 21
2138 28
2139 32
2140 29
2141 21
2142 23
2143 20
2144 20
2145 23
2146 23
2147 18
2148 19
2149 11
2150 17
2151 19
2152 18
2153 30
2154 11
2155 15
2156 14
2157 18
2158 16
2159 14
2160 13
2161 15
2162 15
2163 19
2164 12
2165 10
2166 9
2167 17
2168 12
2169 16
2170 18
2171 23
2172 13
2173 17
2174 16
2175 12
2176 16
2177 20
2178 10
2179 21
2180 21
2181 15
2182 11
2183 11
2184 20
2185 24
2186 11
2187 13
2188 12
2189 17
2190 17
2191 7
2192 12
2193 18
2194 18
2195 11
2196 18
2197 12
2198 14
2199 26
2200 10
2201 20
2202 10
2203 20
2204 17
2205 14
2206 15
2207 18
2208 9
2209 16
2210 9
2211 23
2212 17
2213 23
2214 18
2215 15
2216 13
2217 17
2218 19
2219 16
2220 24
2221 18
2222 11
2223 14
2224 18
2225 13
2226 14
2227 19
2228 17
2229 14
2230 15
2231 16
2232 20
2233 20
2234 12
2235 27
2236 21
2237 21
2238 25
2239 21
2240 20
2241 12
2242 22
2243 13
2244 19
2245 20
2246 18
2247 13
2248 10
2249 13
2250 12
2251 17
2252 12
2253 13
2254 16
2255 16
2256 22
2257 14
2258 16
2259 17
2260 14
2261 13
2262 13
2263 17
2264 16
2265 20
2266 21
2267 13
2268 17
2269 12
2270 15
2271 8
2272 19
2273 16
2274 18
2275 11
2276 11
2277 15
2278 14
2279 13
2280 11
2281 13
2282 16
2283 13
2284 13
2285 7
2286 14
2287 6
2288 20
2289 15
2290 14
2291 13
2292 14
2293 17
2294 16
2295 18
2296 21
2297 24
2298 23
2299 25
2300 23
2301 25
2302 24
2303 17
2304 20
2305 23
2306 27
2307 37
2308 37
2309 27
2310 44
2311 55
2312 56
2313 72
2314 65
2315 57
2316 63
2317 53
2318 48
2319 66
2320 57
2321 48
2322 52
2323 66
2324 58
2325 72
2326 75
2327 88
2328 85
2329 57
2330 56
2331 49
2332 51
2333 66
2334 52
2335 39
2336 34
2337 32
2338 23
2339 19
2340 31
2341 16
2342 18
2343 20
2344 12
2345 22
2346 17
2347 12
2348 13
2349 13
2350 14
2351 15
2352 15
2353 13
2354 15
2355 11
2356 14
2357 12
2358 16
2359 14
2360 18
2361 12
2362 12
2363 16
2364 11
2365 10
2366 16
2367 14
2368 7
2369 16
2370 12
2371 19
2372 14
2373 9
2374 8
2375 11
2376 10
2377 14
2378 8
2379 24
2380 11
2381 13
2382 12
2383 10
2384 12
2385 16
2386 10
2387 6
2388 6
2389 15
2390 10
2391 16
2392 16
2393 18
2394 12
2395 14
2396 18
2397 14
2398 15
2399 14
2400 14
2401 13
2402 13
2403 8
2404 16
2405 17
2406 14
2407 12
2408 11
2409 16
2410 13
2411 12
2412 13
2413 12
2414 12
2415 13
2416 17
2417 13
2418 10
2419 9
2420 5
2421 13
2422 18
2423 8
2424 11
2425 16
2426 20
2427 17
2428 7
2429 12
2430 12
2431 9
2432 10
2433 19
2434 17
2435 12
2436 10
2437 14
2438 18
2439 13
2440 8
2441 14
2442 13
2443 12
2444 17
2445 10
2446 12
2447 14
2448 9
2449 15
2450 9
2451 12
2452 14
2453 11
2454 13
2455 8
2456 10
2457 9
2458 12
2459 10
2460 8
2461 11
2462 10
2463 17
2464 11
2465 16
2466 11
2467 15
2468 12
2469 16
2470 9
2471 9
2472 13
2473 12
2474 12
2475 12
2476 13
2477 11
2478 13
2479 18
2480 8
2481 6
2482 14
2483 9
2484 10
2485 11
2486 12
2487 11
2488 16
2489 10
2490 13
2491 16
2492 10
2493 14
2494 13
2495 9
2496 10
2497 8
2498 12
2499 10
2500 10
2501 14
2502 12
2503 9
2504 15
2505 16
2506 5
2507 8
2508 10
2509 11
2510 15
2511 14
2512 9
2513 10
2514 11
2515 12
2516 12
2517 23
2518 16
2519 14
2520 8
2521 13
2522 15
2523 12
2524 10
2525 7
2526 15
2527 11
2528 11
2529 19
2530 16
2531 13
2532 14
2533 11
2534 11
2535 7
2536 13
2537 13
2538 9
2539 12
2540 8
2541 10
2542 7
2543 18
2544 10
2545 8
2546 11
2547 10
2548 9
2549 10
2550 7
2551 12
2552 11
2553 11
2554 13
2555 11
2556 13
2557 11
2558 18
2559 17
