0 34
1 24
2 30
3 25
4 25
5 31
6 32
7 16
8 26
9 24
10 25
11 20
12 32
13 26
14 31
15 23
16 29
17 31
18 26
19 21
20 32
21 29
22 26
23 27
24 28
25 28
26 27
27 28
28 33
29 23
30 27
31 30
32 31
33 29
34 29
35 32
36 30
37 27
38 19
39 28
40 22
41 31
42 21
43 27
44 31
45 25
46 30
47 25
48 26
49 24
50 21
51 31
52 27
53 32
54 26
55 32
56 28
57 37
58 25
59 37
60 38
61 33
62 28
63 29
64 23
65 25
66 32
67 27
68 25
69 39
70 33
71 33
72 32
73 30
74 24
75 36
76 41
77 22
78 25
79 27
80 23
81 28
82 42
83 32
84 32
85 38
86 34
87 19
88 29
89 26
90 24
91 32
92 23
93 29
94 32
95 31
96 26
97 28
98 37
99 24
100 25
101 35
102 32
103 47
104 30
105 35
106 38
107 27
108 27
109 23
110 27
111 35
112 25
113 28
114 25
115 34
116 35
117 30
118 48
119 26
120 32
121 32
122 23
123 21
124 34
125 26
126 27
127 32
128 28
129 34
130 32
131 25
132 38
133 37
134 32
135 49
136 31
137 27
138 32
139 33
140 26
141 22
142 24
143 30
144 18
145 34
146 25
147 32
148 31
149 34
150 36
151 34
152 27
153 39
154 37
155 32
156 31
157 20
158 20
159 43
160 24
161 30
162 46
163 30
164 41
165 42
166 31
167 36
168 34
169 26
170 45
171 27
172 33
173 44
174 27
175 25
176 36
177 29
178 31
179 28
180 37
181 32
182 23
183 17
184 26
185 36
186 35
187 31
188 32
189 33
190 34
191 41
192 41
193 31
194 22
195 37
196 34
197 27
198 42
199 35
200 40
201 36
202 39
203 27
204 32
205 35
206 18
207 31
208 31
209 26
210 30
211 33
212 28
213 27
214 32
215 25
216 34
217 28
218 34
219 30
220 31
221 36
222 39
223 39
224 24
225 35
226 39
227 35
228 32
229 38
230 39
231 32
232 27
233 29
234 36
235 29
236 31
237 39
238 25
239 30
240 26
241 35
242 29
243 34
244 31
245 35
246 35
247 30
248 37
249 40
250 39
251 32
252 40
253 34
254 26
255 33
256 26
257 38
258 46
259 36
260 31
261 33
262 34
263 30
264 35
265 28
266 34
267 32
268 28
269 28
270 35
271 38
272 37
273 29
274 41
275 33
276 18
277 30
278 28
279 37
280 32
281 36
282 42
283 49
284 35
285 33
286 35
287 42
288 31
289 30
290 33
291 36
292 29
293 35
294 43
295 35
296 42
297 37
298 33
299 33
300 32
301 33
302 28
303 34
304 39
305 31
306 39
307 36
308 36
309 35
310 24
311 40
312 33
313 28
314 33
315 31
316 39
317 33
318 36
319 41
320 29
321 35
322 28
323 35
324 39
325 38
326 40
327 34
328 34
329 44
330 41
331 34
332 26
333 36
334 44
335 35
336 28
337 32
338 27
339 40
340 31
341 36
342 32
343 35
344 42
345 37
346 41
347 31
348 33
349 23
350 35
351 42
352 34
353 34
354 34
355 31
356 37
357 28
358 27
359 31
360 46
361 37
362 31
363 39
364 32
365 38
366 34
367 33
368 36
369 30
370 37
371 31
372 35
373 24
374 41
375 35
376 43
377 34
378 35
379 35
380 41
381 28
382 33
383 38
384 31
385 40
386 38
387 37
388 36
389 38
390 32
391 35
392 35
393 33
394 43
395 53
396 43
397 27
398 33
399 39
400 41
401 38
402 36
403 35
404 43
405 41
406 40
407 39
408 41
409 25
410 33
411 30
412 32
413 47
414 29
415 36
416 40
417 33
418 38
419 44
420 24
421 36
422 34
423 51
424 43
425 47
426 31
427 31
428 31
429 33
430 31
431 40
432 38
433 37
434 58
435 33
436 29
437 34
438 30
439 40
440 32
441 32
442 35
443 35
444 32
445 40
446 50
447 37
448 34
449 39
450 38
451 35
452 37
453 30
454 34
455 54
456 41
457 33
458 35
459 37
460 24
461 31
462 29
463 31
464 37
465 30
466 40
467 41
468 30
469 49
470 40
471 42
472 37
473 38
474 42
475 27
476 26
477 44
478 36
479 46
480 35
481 25
482 41
483 32
484 28
485 40
486 37
487 44
488 36
489 36
490 28
491 35
492 54
493 43
494 40
495 42
496 32
497 35
498 36
499 32
500 39
501 40
502 39
503 30
504 33
505 35
506 39
507 30
508 39
509 42
510 36
511 26
512 36
513 40
514 29
515 37
516 48
517 42
518 52
519 38
520 24
521 31
522 39
523 43
524 35
525 31
526 25
527 34
528 41
529 44
530 48
531 38
532 49
533 38
534 35
535 39
536 40
537 40
538 26
539 33
540 25
541 43
542 51
543 39
544 30
545 45
546 48
547 45
548 56
549 45
550 55
551 64
552 51
553 60
554 39
555 45
556 48
557 62
558 50
559 50
560 63
561 94
562 90
563 95
564 85
565 81
566 94
567 81
568 53
569 96
570 103
571 85
572 88
573 101
574 105
575 97
576 108
577 109
578 95
579 70
580 63
581 61
582 63
583 47
584 42
585 37
586 30
587 41
588 51
589 38
590 35
591 40
592 38
593 34
594 45
595 34
596 38
597 47
598 38
599 47
600 29
601 33
602 29
603 47
604 31
605 52
606 33
607 42
608 42
609 33
610 41
611 39
612 38
613 38
614 37
615 37
616 31
617 25
618 39
619 29
620 45
621 31
622 39
623 44
624 41
625 33
626 52
627 35
628 49
629 40
630 44
631 47
632 36
633 38
634 51
635 40
636 34
637 24
638 42
639 47
640 31
641 44
642 34
643 33
644 40
645 41
646 40
647 39
648 38
649 31
650 42
651 37
652 36
653 46
654 38
655 33
656 37
657 46
658 34
659 34
660 31
661 35
662 40
663 38
664 30
665 33
666 42
667 40
668 20
669 34
670 43
671 45
672 40
673 38
674 34
675 52
676 32
677 47
678 29
679 42
680 38
681 41
682 33
683 51
684 40
685 30
686 35
687 41
688 38
689 39
690 39
691 40
692 39
693 39
694 45
695 35
696 39
697 39
698 34
699 37
700 39
701 32
702 46
703 30
704 42
705 37
706 44
707 47
708 37
709 25
710 39
711 44
712 39
713 42
714 27
715 40
716 43
717 27
718 42
719 37
720 38
721 40
722 43
723 45
724 45
725 38
726 45
727 32
728 26
729 37
730 41
731 28
732 31
733 42
734 42
735 37
736 40
737 34
738 38
739 36
740 34
741 38
742 36
743 31
744 23
745 27
746 35
747 26
748 30
749 27
750 32
751 41
752 29
753 26
754 42
755 48
756 36
757 40
758 30
759 33
760 38
761 40
762 36
763 34
764 38
765 34
766 34
767 27
768 40
769 36
770 32
771 35
772 30
773 27
774 32
775 39
776 40
777 35
778 44
779 38
780 48
781 43
782 35
783 34
784 39
785 34
786 37
787 39
788 48
789 41
790 28
791 35
792 40
793 34
794 38
795 39
796 36
797 32
798 28
799 31
800 39
801 22
802 24
803 29
804 37
805 30
806 40
807 34
808 35
809 28
810 38
811 24
812 39
813 34
814 33
815 40
816 40
817 30
818 24
819 35
820 30
821 28
822 23
823 34
824 40
825 29
826 35
827 37
828 41
829 31
830 32
831 30
832 43
833 37
834 37
835 44
836 38
837 44
838 30
839 27
840 41
841 43
842 34
843 39
844 32
845 24
846 37
847 32
848 25
849 41
850 38
851 21
852 35
853 35
854 37
855 37
856 30
857 44
858 42
859 39
860 27
861 37
862 38
863 37
864 23
865 33
866 29
867 28
868 34
869 42
870 39
871 29
872 39
873 28
874 46
875 29
876 35
877 31
878 33
879 25
880 36
881 30
882 31
883 38
884 37
885 35
886 33
887 27
888 23
889 47
890 30
891 34
892 32
893 30
894 31
895 28
896 46
897 37
898 40
899 26
900 37
901 27
902 40
903 30
904 44
905 30
906 48
907 34
908 42
909 27
910 39
911 40
912 45
913 40
914 49
915 30
916 44
917 41
918 48
919 24
920 36
921 35
922 31
923 47
924 26
925 36
926 28
927 33
928 29
929 28
930 33
931 32
932 35
933 34
934 21
935 27
936 27
937 25
938 36
939 31
940 34
941 23
942 33
943 29
944 36
945 35
946 25
947 37
948 37
949 26
950 29
951 47
952 41
953 42
954 37
955 24
956 33
957 36
958 32
959 29
960 31
961 23
962 28
963 38
964 31
965 30
966 32
967 26
968 39
969 33
970 27
971 26
972 33
973 41
974 35
975 38
976 36
977 29
978 30
979 37
980 34
981 31
982 45
983 36
984 40
985 37
986 31
987 29
988 31
989 36
990 37
991 36
992 42
993 39
994 31
995 22
996 34
997 42
998 27
999 27
1000 31
1001 21
1002 33
1003 26
1004 30
1005 35
1006 37
1007 28
1008 34
1009 32
1010 20
1011 31
1012 29
1013 31
1014 42
1015 41
1016 37
1017 31
1018 42
1019 32
1020 36
1021 38
1022 20
1023 27
1024 29
1025 30
1026 27
1027 39
1028 34
1029 28
1030 31
1031 35
1032 37
1033 28
1034 50
1035 28
1036 21
1037 36
1038 38
1039 27
1040 34
1041 42
1042 46
1043 36
1044 34
1045 45
1046 34
1047 27
1048 40
1049 32
1050 36
1051 43
1052 36
1053 25
1054 40
1055 33
1056 27
1057 35
1058 29
1059 28
1060 17
1061 30
1062 37
1063 39
1064 43
1065 37
1066 43
1067 42
1068 40
1069 36
1070 35
1071 30
1072 39
1073 47
1074 34
1075 46
1076 46
1077 51
1078 46
1079 55
1080 58
1081 61
1082 65
1083 88
1084 117
1085 119
1086 130
1087 170
1088 192
1089 220
1090 233
1091 256
1092 267
1093 290
1094 374
1095 370
1096 437
1097 475
1098 467
1099 401
1100 415
1101 445
1102 446
1103 346
1104 279
1105 245
1106 220
1107 153
1108 96
1109 74
1110 50
1111 58
1112 35
1113 38
1114 38
1115 48
1116 39
1117 25
1118 46
1119 24
1120 30
1121 42
1122 28
1123 34
1124 43
1125 47
1126 25
1127 31
1128 35
1129 27
1130 37
1131 29
1132 20
1133 18
1134 31
1135 38
1136 33
1137 21
1138 32
1139 43
1140 35
1141 32
1142 25
1143 31
1144 24
1145 32
1146 27
1147 37
1148 29
1149 35
1150 22
1151 36
1152 29
1153 32
1154 33
1155 33
1156 35
1157 22
1158 23
1159 32
1160 42
1161 35
1162 36
1163 29
1164 30
1165 33
1166 30
1167 26
1168 36
1169 22
1170 31
1171 26
1172 36
1173 36
1174 29
1175 26
1176 34
1177 31
1178 37
1179 25
1180 20
1181 24
1182 43
1183 36
1184 30
1185 41
1186 43
1187 25
1188 33
1189 19
1190 34
1191 30
1192 34
1193 27
1194 27
1195 19
1196 25
1197 29
1198 46
1199 18
1200 38
1201 32
1202 36
1203 30
1204 33
1205 31
1206 23
1207 32
1208 32
1209 36
1210 36
1211 37
1212 29
1213 33
1214 21
1215 44
1216 24
1217 30
1218 31
1219 31
1220 27
1221 41
1222 49
1223 46
1224 43
1225 47
1226 42
1227 60
1228 36
1229 43
1230 48
1231 58
1232 67
1233 78
1234 85
1235 78
1236 62
1237 88
1238 86
1239 90
1240 72
1241 58
1242 50
1243 36
1244 39
1245 43
1246 47
1247 41
1248 38
1249 30
1250 29
1251 40
1252 29
1253 30
1254 25
1255 20
1256 20
1257 32
1258 28
1259 28
1260 28
1261 30
1262 33
1263 24
1264 25
1265 29
1266 25
1267 25
1268 24
1269 34
1270 22
1271 27
1272 26
1273 18
1274 19
1275 15
1276 21
1277 16
1278 13
1279 26
1280 32
1281 23
1282 29
1283 32
1284 28
1285 32
1286 19
1287 23
1288 23
1289 29
1290 26
1291 33
1292 25
1293 23
1294 31
1295 23
1296 37
1297 19
1298 26
1299 25
1300 34
1301 42
1302 54
1303 31
1304 36
1305 50
1306 38
1307 37
1308 47
1309 50
1310 35
1311 27
1312 51
1313 52
1314 29
1315 39
1316 35
1317 30
1318 24
1319 22
1320 32
1321 23
1322 23
1323 31
1324 21
1325 22
1326 38
1327 26
1328 31
1329 21
1330 16
1331 30
1332 19
1333 25
1334 19
1335 25
1336 28
1337 18
1338 19
1339 35
1340 27
1341 29
1342 19
1343 17
1344 31
1345 22
1346 30
1347 22
1348 16
1349 17
1350 28
1351 24
1352 21
1353 20
1354 31
1355 23
1356 28
1357 18
1358 24
1359 20
1360 20
1361 20
1362 18
1363 18
1364 27
1365 20
1366 25
1367 27
1368 24
1369 27
1370 33
1371 32
1372 36
1373 31
1374 29
1375 34
1376 54
1377 59
1378 58
1379 46
1380 57
1381 63
1382 65
1383 88
1384 121
1385 140
1386 200
1387 252
1388 251
1389 204
1390 266
1391 268
1392 212
1393 211
1394 202
1395 221
1396 189
1397 182
1398 233
1399 164
1400 132
1401 101
1402 100
1403 72
1404 75
1405 48
1406 32
1407 31
1408 32
1409 23
1410 22
1411 25
1412 19
1413 25
1414 30
1415 21
1416 22
1417 19
1418 27
1419 25
1420 20
1421 23
1422 31
1423 29
1424 24
1425 25
1426 26
1427 23
1428 20
1429 21
1430 15
1431 17
1432 25
1433 20
1434 19
1435 23
1436 28
1437 23
1438 18
1439 24
1440 27
1441 21
1442 26
1443 23
1444 24
1445 15
1446 16
1447 27
1448 19
1449 19
1450 22
1451 26
1452 29
1453 16
1454 19
1455 23
1456 26
1457 24
1458 29
1459 25
1460 28
1461 21
1462 18
1463 22
1464 15
1465 22
1466 19
1467 28
1468 24
1469 16
1470 18
1471 17
1472 23
1473 18
1474 15
1475 21
1476 21
1477 17
1478 25
1479 21
1480 20
1481 20
1482 31
1483 16
1484 21
1485 17
1486 21
1487 23
1488 18
1489 23
1490 28
1491 18
1492 26
1493 17
1494 24
1495 19
1496 25
1497 19
1498 17
1499 23
1500 17
1501 30
1502 25
1503 26
1504 20
1505 19
1506 28
1507 24
1508 27
1509 28
1510 23
1511 21
1512 18
1513 23
1514 24
1515 24
1516 22
1517 20
1518 16
1519 18
1520 18
1521 27
1522 28
1523 24
1524 23
1525 18
1526 24
1527 20
1528 21
1529 18
1530 29
1531 19
1532 16
1533 15
1534 29
1535 30
1536 39
1537 21
1538 34
1539 25
1540 30
1541 23
1542 29
1543 24
1544 21
1545 30
1546 18
1547 18
1548 24
1549 13
1550 21
1551 21
1552 18
1553 10
1554 23
1555 19
1556 15
1557 18
1558 16
1559 26
1560 19
1561 14
1562 18
1563 26
1564 16
1565 21
1566 25
1567 17
1568 21
1569 11
1570 28
1571 22
1572 17
1573 20
1574 17
1575 13
1576 17
1577 18
1578 20
1579 24
1580 10
1581 18
1582 19
1583 18
1584 19
1585 20
1586 19
1587 16
1588 20
1589 27
1590 17
1591 20
1592 19
1593 20
1594 18
1595 23
1596 29
1597 21
1598 32
1599 23
1600 14
1601 29
1602 16
1603 15
1604 20
1605 21
1606 14
1607 24
1608 18
1609 18
1610 23
1611 11
1612 18
1613 13
1614 20
1615 21
1616 18
1617 18
1618 18
1619 15
1620 14
1621 17
1622 19
1623 22
1624 16
1625 18
1626 15
1627 21
1628 22
1629 18
1630 16
1631 14
1632 16
1633 18
1634 21
1635 21
1636 20
1637 15
1638 20
1639 14
1640 13
1641 20
1642 19
1643 23
1644 22
1645 16
1646 21
1647 24
1648 21
1649 16
1650 24
1651 23
1652 19
1653 17
1654 18
1655 15
1656 19
1657 12
1658 18
1659 16
1660 13
1661 20
1662 16
1663 20
1664 17
1665 13
1666 17
1667 20
1668 14
1669 18
1670 18
1671 17
1672 17
1673 20
1674 20
1675 14
1676 15
1677 16
1678 19
1679 18
1680 22
1681 27
1682 22
1683 13
1684 31
1685 15
1686 21
1687 24
1688 18
1689 16
1690 10
1691 12
1692 17
1693 10
1694 18
1695 10
1696 16
1697 14
1698 17
1699 13
1700 13
1701 13
1702 14
1703 15
1704 23
1705 20
1706 19
1707 24
1708 18
1709 23
1710 19
1711 20
1712 17
1713 11
1714 14
1715 11
1716 14
1717 22
1718 20
1719 21
1720 16
1721 14
1722 21
1723 22
1724 16
1725 21
1726 9
1727 17
1728 19
1729 18
1730 18
1731 14
1732 21
1733 12
1734 21
1735 15
1736 18
1737 19
1738 11
1739 21
1740 17
1741 17
1742 14
1743 19
1744 16
1745 16
1746 20
1747 21
1748 13
1749 18
1750 23
1751 14
1752 19
1753 24
1754 16
1755 23
1756 16
1757 25
1758 23
1759 23
1760 23
1761 17
1762 20
1763 14
1764 15
1765 12
1766 19
1767 21
1768 20
1769 20
1770 16
1771 16
1772 21
1773 18
1774 14
1775 15
1776 19
1777 27
1778 15
1779 11
1780 23
1781 14
1782 12
1783 19
1784 15
1785 18
1786 27
1787 9
1788 19
1789 18
1790 15
1791 17
1792 22
1793 14
1794 19
1795 20
1796 22
1797 24
1798 15
1799 20
1800 16
1801 13
1802 22
1803 19
1804 16
1805 21
1806 28
1807 24
1808 25
1809 20
1810 16
1811 24
1812 26
1813 21
1814 17
1815 13
1816 12
1817 19
1818 11
1819 22
1820 17
1821 15
1822 17
1823 12
1824 14
1825 22
1826 22
1827 20
1828 20
1829 27
1830 12
1831 15
1832 19
1833 10
1834 23
1835 18
1836 18
1837 12
1838 26
1839 25
1840 22
1841 19
1842 27
1843 18
1844 20
1845 19
1846 19
1847 37
1848 31
1849 36
1850 29
1851 29
1852 41
1853 59
1854 56
1855 55
1856 63
1857 76
1858 61
1859 83
1860 115
1861 121
1862 110
1863 96
1864 67
1865 68
1866 81
1867 105
1868 113
1869 86
1870 76
1871 88
1872 61
1873 54
1874 43
1875 35
1876 32
1877 27
1878 44
1879 38
1880 34
1881 30
1882 15
1883 22
1884 15
1885 15
1886 25
1887 17
1888 24
1889 23
1890 20
1891 13
1892 20
1893 25
1894 24
1895 18
1896 23
1897 19
1898 12
1899 15
1900 20
1901 13
1902 23
1903 25
1904 10
1905 18
1906 26
1907 20
1908 22
1909 18
1910 16
1911 22
1912 12
1913 16
1914 14
1915 13
1916 15
1917 19
1918 22
1919 14
1920 15
1921 13
1922 22
1923 20
1924 18
1925 15
1926 13
1927 11
1928 18
1929 10
1930 12
1931 16
1932 24
1933 14
1934 15
1935 17
1936 13
1937 17
1938 19
1939 14
1940 14
1941 20
1942 16
1943 17
1944 20
1945 14
1946 24
1947 19
1948 23
1949 16
1950 17
1951 24
1952 12
1953 16
1954 18
1955 13
1956 21
1957 11
1958 15
1959 12
1960 8
1961 16
1962 8
1963 9
1964 18
1965 15
1966 28
1967 22
1968 10
1969 19
1970 15
1971 20
1972 9
1973 10
1974 14
1975 19
1976 23
1977 11
1978 16
1979 18
1980 16
1981 24
1982 17
1983 18
1984 16
1985 17
1986 19
1987 19
1988 24
1989 21
1990 15
1991 16
1992 13
1993 18
1994 9
1995 14
1996 17
1997 13
1998 22
1999 7
2000 16
2001 12
2002 17
2003 19
2004 9
2005 18
2006 12
2007 18
2008 11
2009 30
2010 14
2011 21
2012 15
2013 21
2014 17
2015 9
2016 16
2017 15
2018 15
2019 12
2020 23
2021 10
2022 23
2023 21
2024 24
2025 9
2026 10
2027 16
2028 13
2029 12
2030 12
2031 23
2032 16
2033 16
2034 19
2035 12
2036 22
2037 16
2038 22
2039 20
2040 14
2041 14
2042 19
2043 21
2044 15
2045 18
2046 15
2047 17
2048 16
2049 17
2050 15
2051 13
2052 15
2053 17
2054 13
2055 15
2056 13
2057 23
2058 16
2059 11
2060 9
2061 16
2062 24
2063 17
2064 16
2065 16
2066 22
2067 11
2068 18
2069 9
2070 14
2071 18
2072 15
2073 14
2074 19
2075 12
2076 15
2077 25
2078 16
2079 19
2080 16
2081 12
2082 16
2083 12
2084 13
2085 18
2086 19
2087 14
2088 19
2089 16
2090 21
2091 27
2092 25
2093 15
2094 24
2095 26
2096 30
2097 32
2098 28
2099 44
2100 32
2101 50
2102 53
2103 73
2104 56
2105 73
2106 93
2107 110
2108 117
2109 134
2110 138
2111 141
2112 159
2113 169
2114 211
2115 238
2116 331
2117 296
2118 317
2119 473
2120 476
2121 419
2122 448
2123 393
2124 445
2125 451
2126 416
2127 376
2128 311
2129 317
2130 266
2131 169
2132 168
2133 190
2134 200
2135 156
2136 164
2137 141
2138 139
2139 96
2140 80
2141 51
2142 46
2143 39
2144 25
2145 24
2146 29
2147 26
2148 22
2149 26
2150 21
2151 20
2152 19
2153 20
2154 20
2155 12
2156 21
2157 13
2158 15
2159 16
2160 19
2161 24
2162 24
2163 16
2164 15
2165 22
2166 16
2167 17
2168 13
2169 11
2170 15
2171 16
2172 10
2173 9
2174 16
2175 20
2176 16
2177 12
2178 18
2179 20
2180 16
2181 10
2182 13
2183 9
2184 12
2185 11
2186 10
2187 17
2188 13
2189 11
2190 8
2191 12
2192 11
2193 13
2194 13
2195 14
2196 12
2197 19
2198 18
2199 12
2200 21
2201 19
2202 16
2203 20
2204 16
2205 14
2206 11
2207 6
2208 16
2209 11
2210 9
2211 12
2212 14
2213 18
2214 16
2215 16
2216 22
2217 18
2218 19
2219 16
2220 9
2221 12
2222 8
2223 11
2224 10
2225 14
2226 20
2227 12
2228 15
2229 18
2230 12
2231 14
2232 16
2233 10
2234 14
2235 13
2236 17
2237 21
2238 9
2239 18
2240 16
2241 11
2242 18
2243 11
2244 17
2245 15
2246 23
2247 15
2248 13
2249 12
2250 14
2251 13
2252 19
2253 16
2254 17
2255 13
2256 11
2257 9
2258 14
2259 14
2260 18
2261 14
2262 13
2263 12
2264 14
2265 14
2266 13
2267 18
2268 13
2269 13
2270 19
2271 13
2272 11
2273 11
2274 15
2275 11
2276 10
2277 6
2278 19
2279 8
2280 15
2281 13
2282 11
2283 12
2284 18
2285 10
2286 7
2287 14
2288 15
2289 14
2290 11
2291 17
2292 16
2293 13
2294 11
2295 13
2296 13
2297 15
2298 15
2299 13
2300 21
2301 15
2302 16
2303 17
2304 20
2305 15
2306 25
2307 23
2308 22
2309 27
2310 27
2311 31
2312 29
2313 26
2314 26
2315 28
2316 42
2317 40
2318 41
2319 39
2320 43
2321 45
2322 39
2323 52
2324 70
2325 98
2326 84
2327 70
2328 80
2329 84
2330 82
2331 90
2332 79
2333 88
2334 87
2335 89
2336 117
2337 82
2338 74
2339 71
2340 59
2341 53
2342 45
2343 36
2344 47
2345 30
2346 35
2347 24
2348 23
2349 30
2350 24
2351 19
2352 19
2353 14
2354 23
2355 19
2356 22
2357 15
2358 14
2359 12
2360 15
2361 16
2362 14
2363 18
2364 15
2365 22
2366 7
2367 6
2368 19
2369 7
2370 25
2371 12
2372 14
2373 12
2374 14
2375 11
2376 9
2377 16
2378 12
2379 5
2380 14
2381 13
2382 16
2383 20
2384 16
2385 11
2386 18
2387 13
2388 19
2389 13
2390 10
2391 10
2392 10
2393 14
2394 10
2395 11
2396 14
2397 14
2398 14
2399 10
2400 21
2401 12
2402 9
2403 18
2404 12
2405 11
2406 16
2407 11
2408 11
2409 17
2410 7
2411 6
2412 11
2413 12
2414 15
2415 14
2416 18
2417 10
2418 14
2419 10
2420 10
2421 7
2422 12
2423 9
2424 10
2425 9
2426 11
2427 5
2428 8
2429 12
2430 14
2431 15
2432 10
2433 15
2434 16
2435 11
2436 10
2437 17
2438 6
2439 11
2440 13
2441 12
2442 11
2443 11
2444 16
2445 11
2446 16
2447 14
2448 10
2449 12
2450 19
2451 16
2452 12
2453 12
2454 12
2455 15
2456 14
2457 12
2458 8
2459 13
2460 11
2461 11
2462 4
2463 15
2464 9
2465 10
2466 13
2467 11
2468 13
2469 21
2470 10
2471 18
2472 15
2473 8
2474 13
2475 14
2476 12
2477 14
2478 13
2479 13
2480 10
2481 9
2482 11
2483 16
2484 8
2485 21
2486 19
2487 11
2488 9
2489 11
2490 17
2491 13
2492 11
2493 15
2494 17
2495 18
2496 15
2497 14
2498 12
2499 11
2500 14
2501 15
2502 12
2503 14
2504 9
2505 10
2506 10
2507 10
2508 14
2509 15
2510 11
2511 11
2512 9
2513 12
2514 13
2515 23
2516 14
2517 13
2518 17
2519 12
2520 12
2521 12
2522 17
2523 8
2524 10
2525 11
2526 14
2527 13
2528 17
2529 11
2530 11
2531 12
2532 7
2533 6
2534 13
2535 10
2536 9
2537 5
2538 13
2539 10
2540 11
2541 12
2542 15
2543 10
2544 10
2545 16
2546 11
2547 7
2548 16
2549 10
2550 14
2551 11
2552 19
2553 17
2554 9
2555 9
2556 8
2557 20
2558 14
2559 10
