0 51
1 38
2 25
3 39
4 38
5 30
6 29
7 33
8 21
9 42
10 19
11 25
12 27
13 36
14 40
15 45
16 34
17 37
18 39
19 29
20 32
21 35
22 36
23 27
24 30
25 29
26 41
27 35
28 38
29 34
30 23
31 36
32 42
33 35
34 34
35 38
36 41
37 32
38 33
39 28
40 29
41 33
42 34
43 44
44 36
45 29
46 38
47 39
48 34
49 28
50 37
51 26
52 38
53 28
54 26
55 35
56 35
57 35
58 27
59 33
60 32
61 29
62 36
63 37
64 28
65 34
66 28
67 34
68 25
69 37
70 30
71 37
72 30
73 32
74 32
75 37
76 40
77 32
78 27
79 28
80 33
81 42
82 37
83 39
84 36
85 38
86 42
87 23
88 35
89 27
90 34
91 41
92 31
93 24
94 23
95 28
96 22
97 24
98 40
99 44
100 35
101 47
102 39
103 39
104 40
105 37
106 42
107 40
108 37
109 36
110 44
111 29
112 41
113 31
114 31
115 30
116 21
117 31
118 25
119 39
120 31
121 26
122 25
123 38
124 36
125 33
126 27
127 41
128 43
129 36
130 45
131 49
132 33
133 50
134 37
135 34
136 24
137 38
138 29
139 39
140 31
141 38
142 31
143 30
144 26
145 42
146 47
147 29
148 41
149 33
150 30
151 29
152 25
153 32
154 29
155 22
156 41
157 38
158 37
159 48
160 40
161 38
162 36
163 38
164 46
165 45
166 33
167 41
168 44
169 39
170 37
171 27
172 33
173 44
174 29
175 44
176 40
177 42
178 45
179 32
180 38
181 38
182 46
183 44
184 44
185 39
186 33
187 31
188 32
189 40
190 43
191 33
192 30
193 25
194 25
195 31
196 34
197 36
198 38
199 38
200 34
201 28
202 40
203 34
204 40
205 35
206 44
207 41
208 39
209 36
210 44
211 47
212 41
213 37
214 34
215 34
216 37
217 26
218 30
219 24
220 31
221 35
222 33
223 24
224 42
225 37
226 32
227 29
228 37
229 27
230 30
231 34
232 42
233 27
234 36
235 42
236 26
237 31
238 36
239 29
240 41
241 34
242 38
243 38
244 38
245 44
246 35
247 42
248 28
249 43
250 39
251 26
252 17
253 28
254 32
255 34
256 39
257 36
258 34
259 43
260 43
261 46
262 50
263 40
264 40
265 43
266 45
267 30
268 38
269 46
270 30
271 41
272 38
273 48
274 43
275 39
276 44
277 42
278 32
279 26
280 41
281 41
282 45
283 41
284 31
285 37
286 39
287 34
288 33
289 33
290 46
291 46
292 37
293 43
294 43
295 28
296 47
297 52
298 33
299 34
300 41
301 37
302 38
303 35
304 48
305 42
306 32
307 30
308 37
309 41
310 36
311 40
312 46
313 32
314 43
315 36
316 35
317 30
318 38
319 25
320 36
321 39
322 39
323 28
324 40
325 47
326 43
327 47
328 32
329 49
330 47
331 29
332 48
333 44
334 51
335 38
336 31
337 40
338 36
339 42
340 39
341 30
342 38
343 36
344 32
345 29
346 39
347 36
348 51
349 41
350 49
351 42
352 35
353 49
354 36
355 36
356 46
357 51
358 34
359 49
360 42
361 38
362 40
363 34
364 39
365 34
366 38
367 35
368 33
369 46
370 39
371 43
372 67
373 38
374 33
375 47
376 44
377 39
378 40
379 38
380 40
381 38
382 47
383 38
384 35
385 37
386 36
387 38
388 36
389 48
390 42
391 38
392 32
393 37
394 50
395 45
396 38
397 38
398 44
399 50
400 42
401 38
402 43
403 33
404 41
405 38
406 33
407 41
408 40
409 45
410 35
411 49
412 48
413 45
414 39
415 55
416 41
417 50
418 36
419 41
420 44
421 39
422 36
423 46
424 34
425 42
426 44
427 38
428 35
429 39
430 43
431 42
432 37
433 40
434 34
435 55
436 47
437 38
438 28
439 39
440 33
441 35
442 52
443 42
444 55
445 41
446 36
447 35
448 48
449 38
450 37
451 30
452 37
453 47
454 60
455 40
456 29
457 40
458 41
459 37
460 49
461 40
462 27
463 43
464 30
465 45
466 48
467 47
468 26
469 43
470 34
471 47
472 44
473 34
474 43
475 45
476 45
477 49
478 39
479 38
480 37
481 45
482 50
483 33
484 42
485 44
486 32
487 46
488 45
489 39
490 53
491 46
492 44
493 49
494 39
495 52
496 45
497 40
498 42
499 48
500 50
501 52
502 43
503 59
504 62
505 72
506 76
507 72
508 96
509 95
510 84
511 84
512 68
513 67
514 79
515 76
516 86
517 88
518 104
519 167
520 143
521 156
522 155
523 97
524 90
525 59
526 57
527 33
528 59
529 54
530 33
531 38
532 31
533 52
534 32
535 58
536 43
537 44
538 51
539 39
540 29
541 30
542 46
543 43
544 44
545 38
546 26
547 45
548 48
549 45
550 43
551 43
552 36
553 34
554 38
555 39
556 53
557 57
558 40
559 47
560 31
561 38
562 34
563 46
564 43
565 38
566 37
567 35
568 39
569 37
570 49
571 42
572 36
573 38
574 56
575 24
576 35
577 41
578 36
579 45
580 34
581 32
582 39
583 43
584 46
585 46
586 38
587 35
588 40
589 47
590 48
591 34
592 39
593 36
594 41
595 39
596 41
597 48
598 52
599 26
600 45
601 30
602 38
603 35
604 44
605 49
606 32
607 41
608 39
609 41
610 39
611 43
612 38
613 38
614 38
615 40
616 38
617 34
618 34
619 30
620 27
621 28
622 44
623 53
624 39
625 37
626 40
627 35
628 45
629 41
630 42
631 53
632 45
633 45
634 39
635 46
636 32
637 48
638 33
639 44
640 30
641 54
642 38
643 37
644 38
645 40
646 52
647 37
648 33
649 40
650 50
651 36
652 36
653 47
654 37
655 51
656 43
657 38
658 41
659 49
660 37
661 47
662 48
663 42
664 44
665 38
666 46
667 40
668 38
669 42
670 45
671 36
672 34
673 27
674 44
675 36
676 44
677 37
678 52
679 43
680 44
681 51
682 37
683 40
684 38
685 45
686 40
687 36
688 45
689 48
690 44
691 32
692 41
693 41
694 44
695 46
696 46
697 34
698 27
699 35
700 47
701 45
702 42
703 37
704 32
705 42
706 37
707 48
708 43
709 41
710 39
711 34
712 43
713 34
714 38
715 43
716 38
717 46
718 45
719 39
720 38
721 36
722 47
723 37
724 27
725 41
726 48
727 52
728 33
729 46
730 39
731 35
732 40
733 36
734 42
735 36
736 30
737 31
738 29
739 32
740 34
741 45
742 34
743 29
744 37
745 39
746 43
747 46
748 40
749 40
750 33
751 36
752 43
753 26
754 34
755 35
756 35
757 43
758 38
759 41
760 33
761 44
762 31
763 37
764 41
765 44
766 34
767 35
768 28
769 44
770 25
771 36
772 45
773 37
774 38
775 39
776 44
777 38
778 38
779 27
780 34
781 41
782 42
783 39
784 35
785 35
786 37
787 41
788 38
789 37
790 30
791 42
792 47
793 36
794 41
795 34
796 41
797 37
798 44
799 30
800 38
801 48
802 35
803 43
804 35
805 45
806 32
807 42
808 39
809 32
810 52
811 41
812 35
813 38
814 37
815 46
816 43
817 49
818 37
819 44
820 39
821 23
822 51
823 44
824 43
825 44
826 37
827 48
828 53
829 36
830 32
831 37
832 31
833 40
834 37
835 48
836 39
837 48
838 29
839 40
840 29
841 43
842 42
843 33
844 38
845 43
846 35
847 50
848 36
849 29
850 48
851 36
852 46
853 43
854 34
855 41
856 40
857 37
858 37
859 34
860 48
861 36
862 35
863 48
864 44
865 46
866 50
867 43
868 32
869 29
870 40
871 23
872 38
873 42
874 40
875 37
876 32
877 41
878 37
879 43
880 31
881 36
882 43
883 41
884 42
885 35
886 39
887 46
888 36
889 39
890 37
891 34
892 39
893 43
894 34
895 44
896 41
897 22
898 27
899 39
900 38
901 28
902 30
903 46
904 36
905 45
906 48
907 45
908 30
909 34
910 45
911 41
912 32
913 32
914 36
915 33
916 44
917 36
918 36
919 27
920 38
921 35
922 37
923 35
924 44
925 36
926 34
927 30
928 34
929 38
930 37
931 31
932 37
933 43
934 35
935 35
936 31
937 33
938 45
939 33
940 41
941 31
942 34
943 29
944 48
945 38
946 41
947 42
948 37
949 31
950 36
951 39
952 31
953 36
954 41
955 32
956 29
957 39
958 38
959 39
960 42
961 33
962 40
963 38
964 45
965 32
966 35
967 35
968 30
969 41
970 37
971 31
972 40
973 34
974 38
975 35
976 37
977 33
978 34
979 43
980 34
981 33
982 38
983 44
984 27
985 48
986 38
987 32
988 39
989 36
990 29
991 41
992 30
993 35
994 40
995 43
996 32
997 52
998 40
999 37
1000 44
1001 48
1002 46
1003 44
1004 43
1005 64
1006 71
1007 99
1008 77
1009 73
1010 80
1011 97
1012 124
1013 118
1014 112
1015 111
1016 130
1017 112
1018 143
1019 208
1020 253
1021 256
1022 278
1023 258
1024 226
1025 260
1026 337
1027 405
1028 453
1029 432
1030 506
1031 597
1032 539
1033 586
1034 635
1035 478
1036 385
1037 282
1038 241
1039 165
1040 161
1041 101
1042 71
1043 53
1044 53
1045 44
1046 44
1047 44
1048 50
1049 42
1050 48
1051 44
1052 38
1053 37
1054 45
1055 39
1056 43
1057 44
1058 29
1059 21
1060 29
1061 50
1062 35
1063 27
1064 40
1065 36
1066 41
1067 37
1068 38
1069 33
1070 36
1071 36
1072 36
1073 41
1074 32
1075 31
1076 27
1077 40
1078 32
1079 51
1080 23
1081 29
1082 42
1083 28
1084 42
1085 39
1086 33
1087 30
1088 38
1089 43
1090 29
1091 42
1092 26
1093 41
1094 37
1095 38
1096 49
1097 23
1098 33
1099 37
1100 23
1101 29
1102 39
1103 39
1104 36
1105 29
1106 39
1107 38
1108 34
1109 28
1110 35
1111 42
1112 29
1113 38
1114 28
1115 20
1116 25
1117 32
1118 33
1119 43
1120 31
1121 42
1122 32
1123 32
1124 34
1125 40
1126 46
1127 28
1128 37
1129 20
1130 24
1131 39
1132 36
1133 43
1134 41
1135 49
1136 48
1137 30
1138 33
1139 38
1140 34
1141 37
1142 34
1143 41
1144 33
1145 36
1146 26
1147 34
1148 33
1149 40
1150 58
1151 62
1152 53
1153 60
1154 49
1155 51
1156 56
1157 80
1158 72
1159 71
1160 77
1161 96
1162 67
1163 68
1164 75
1165 69
1166 38
1167 52
1168 45
1169 61
1170 44
1171 39
1172 46
1173 41
1174 29
1175 31
1176 35
1177 31
1178 44
1179 32
1180 36
1181 29
1182 28
1183 39
1184 35
1185 33
1186 32
1187 40
1188 43
1189 32
1190 37
1191 28
1192 35
1193 32
1194 31
1195 34
1196 26
1197 35
1198 24
1199 35
1200 34
1201 39
1202 46
1203 37
1204 30
1205 27
1206 29
1207 31
1208 24
1209 15
1210 26
1211 40
1212 34
1213 29
1214 42
1215 27
1216 32
1217 32
1218 37
1219 39
1220 29
1221 38
1222 35
1223 38
1224 27
1225 28
1226 39
1227 37
1228 46
1229 31
1230 26
1231 38
1232 30
1233 36
1234 35
1235 30
1236 26
1237 37
1238 29
1239 30
1240 26
1241 28
1242 42
1243 38
1244 27
1245 35
1246 36
1247 32
1248 26
1249 34
1250 20
1251 32
1252 32
1253 29
1254 28
1255 27
1256 27
1257 34
1258 29
1259 30
1260 32
1261 39
1262 37
1263 35
1264 34
1265 27
1266 33
1267 23
1268 37
1269 34
1270 25
1271 25
1272 21
1273 22
1274 20
1275 26
1276 18
1277 23
1278 14
1279 34
1280 34
1281 24
1282 30
1283 30
1284 19
1285 33
1286 30
1287 30
1288 30
1289 41
1290 38
1291 34
1292 34
1293 46
1294 41
1295 54
1296 72
1297 65
1298 83
1299 62
1300 78
1301 115
1302 91
1303 122
1304 140
1305 174
1306 221
1307 251
1308 209
1309 186
1310 187
1311 218
1312 225
1313 185
1314 203
1315 189
1316 223
1317 208
1318 181
1319 135
1320 121
1321 117
1322 110
1323 102
1324 62
1325 48
1326 39
1327 23
1328 29
1329 28
1330 35
1331 27
1332 30
1333 32
1334 28
1335 26
1336 23
1337 26
1338 24
1339 37
1340 32
1341 23
1342 18
1343 26
1344 30
1345 18
1346 21
1347 20
1348 26
1349 29
1350 33
1351 26
1352 37
1353 28
1354 26
1355 19
1356 18
1357 20
1358 30
1359 18
1360 16
1361 19
1362 18
1363 20
1364 20
1365 28
1366 23
1367 21
1368 32
1369 14
1370 25
1371 26
1372 20
1373 26
1374 23
1375 25
1376 24
1377 26
1378 20
1379 12
1380 22
1381 17
1382 22
1383 34
1384 29
1385 22
1386 19
1387 20
1388 28
1389 17
1390 30
1391 24
1392 24
1393 25
1394 26
1395 17
1396 23
1397 19
1398 20
1399 18
1400 29
1401 30
1402 28
1403 28
1404 29
1405 21
1406 25
1407 24
1408 25
1409 20
1410 18
1411 14
1412 22
1413 19
1414 17
1415 17
1416 32
1417 17
1418 20
1419 18
1420 17
1421 22
1422 27
1423 16
1424 28
1425 26
1426 24
1427 19
1428 22
1429 26
1430 21
1431 28
1432 34
1433 32
1434 24
1435 18
1436 27
1437 19
1438 30
1439 22
1440 28
1441 21
1442 20
1443 19
1444 21
1445 20
1446 22
1447 31
1448 19
1449 25
1450 22
1451 30
1452 27
1453 28
1454 25
1455 19
1456 19
1457 26
1458 32
1459 24
1460 19
1461 17
1462 21
1463 19
1464 18
1465 25
1466 26
1467 20
1468 21
1469 26
1470 32
1471 23
1472 21
1473 22
1474 18
1475 28
1476 27
1477 16
1478 25
1479 27
1480 27
1481 16
1482 18
1483 32
1484 27
1485 21
1486 19
1487 24
1488 15
1489 24
1490 23
1491 25
1492 19
1493 18
1494 23
1495 22
1496 29
1497 26
1498 19
1499 26
1500 20
1501 32
1502 28
1503 21
1504 19
1505 18
1506 28
1507 30
1508 14
1509 24
1510 18
1511 21
1512 15
1513 22
1514 20
1515 20
1516 24
1517 26
1518 22
1519 33
1520 21
1521 29
1522 27
1523 23
1524 27
1525 13
1526 13
1527 23
1528 21
1529 25
1530 22
1531 20
1532 19
1533 30
1534 24
1535 24
1536 18
1537 21
1538 24
1539 15
1540 23
1541 26
1542 23
1543 36
1544 21
1545 27
1546 10
1547 15
1548 24
1549 22
1550 23
1551 23
1552 17
1553 23
1554 21
1555 22
1556 19
1557 16
1558 18
1559 19
1560 28
1561 29
1562 30
1563 24
1564 21
1565 19
1566 16
1567 15
1568 20
1569 13
1570 17
1571 16
1572 31
1573 28
1574 23
1575 18
1576 18
1577 19
1578 25
1579 26
1580 19
1581 18
1582 18
1583 22
1584 26
1585 23
1586 24
1587 20
1588 21
1589 22
1590 24
1591 22
1592 17
1593 26
1594 18
1595 18
1596 27
1597 19
1598 23
1599 23
1600 30
1601 21
1602 23
1603 22
1604 20
1605 28
1606 22
1607 20
1608 26
1609 14
1610 27
1611 18
1612 19
1613 19
1614 24
1615 18
1616 14
1617 20
1618 17
1619 17
1620 19
1621 24
1622 15
1623 17
1624 27
1625 19
1626 22
1627 20
1628 25
1629 15
1630 15
1631 14
1632 19
1633 26
1634 24
1635 16
1636 23
1637 16
1638 16
1639 17
1640 23
1641 12
1642 20
1643 21
1644 26
1645 20
1646 15
1647 16
1648 22
1649 23
1650 19
1651 13
1652 33
1653 27
1654 25
1655 22
1656 19
1657 24
1658 20
1659 16
1660 25
1661 21
1662 17
1663 15
1664 19
1665 17
1666 15
1667 9
1668 16
1669 25
1670 19
1671 14
1672 15
1673 17
1674 15
1675 16
1676 14
1677 13
1678 33
1679 20
1680 25
1681 14
1682 21
1683 18
1684 20
1685 18
1686 14
1687 23
1688 20
1689 16
1690 15
1691 27
1692 26
1693 23
1694 11
1695 19
1696 35
1697 21
1698 24
1699 20
1700 19
1701 11
1702 21
1703 16
1704 17
1705 15
1706 18
1707 17
1708 23
1709 25
1710 20
1711 16
1712 30
1713 23
1714 21
1715 18
1716 30
1717 25
1718 28
1719 20
1720 23
1721 22
1722 29
1723 22
1724 20
1725 16
1726 13
1727 17
1728 15
1729 20
1730 18
1731 11
1732 21
1733 24
1734 32
1735 20
1736 25
1737 19
1738 19
1739 23
1740 21
1741 24
1742 21
1743 25
1744 20
1745 26
1746 26
1747 25
1748 19
1749 30
1750 19
1751 29
1752 35
1753 43
1754 42
1755 45
1756 45
1757 61
1758 67
1759 53
1760 69
1761 70
1762 89
1763 103
1764 97
1765 64
1766 102
1767 81
1768 88
1769 104
1770 102
1771 94
1772 88
1773 92
1774 121
1775 81
1776 91
1777 83
1778 62
1779 72
1780 75
1781 53
1782 47
1783 42
1784 39
1785 28
1786 27
1787 31
1788 12
1789 21
1790 15
1791 22
1792 18
1793 15
1794 27
1795 17
1796 13
1797 15
1798 22
1799 17
1800 24
1801 14
1802 15
1803 13
1804 25
1805 21
1806 13
1807 18
1808 21
1809 20
1810 13
1811 26
1812 21
1813 31
1814 16
1815 20
1816 14
1817 15
1818 14
1819 15
1820 16
1821 14
1822 20
1823 15
1824 19
1825 21
1826 13
1827 21
1828 23
1829 17
1830 13
1831 27
1832 17
1833 15
1834 15
1835 10
1836 23
1837 14
1838 18
1839 19
1840 16
1841 19
1842 15
1843 14
1844 22
1845 16
1846 12
1847 12
1848 18
1849 20
1850 17
1851 13
1852 16
1853 21
1854 22
1855 14
1856 15
1857 16
1858 27
1859 19
1860 16
1861 15
1862 16
1863 20
1864 10
1865 20
1866 16
1867 17
1868 10
1869 9
1870 23
1871 17
1872 20
1873 20
1874 26
1875 18
1876 20
1877 21
1878 15
1879 28
1880 20
1881 13
1882 21
1883 25
1884 18
1885 18
1886 14
1887 20
1888 12
1889 14
1890 17
1891 24
1892 19
1893 18
1894 23
1895 16
1896 26
1897 16
1898 22
1899 12
1900 14
1901 21
1902 14
1903 12
1904 16
1905 15
1906 22
1907 9
1908 26
1909 23
1910 17
1911 22
1912 17
1913 12
1914 13
1915 13
1916 22
1917 16
1918 15
1919 17
1920 18
1921 16
1922 26
1923 17
1924 20
1925 23
1926 24
1927 15
1928 18
1929 22
1930 23
1931 22
1932 15
1933 18
1934 28
1935 21
1936 22
1937 18
1938 14
1939 24
1940 21
1941 18
1942 19
1943 23
1944 20
1945 21
1946 12
1947 13
1948 21
1949 19
1950 22
1951 19
1952 23
1953 21
1954 13
1955 15
1956 17
1957 18
1958 17
1959 14
1960 25
1961 12
1962 15
1963 13
1964 24
1965 20
1966 24
1967 20
1968 23
1969 20
1970 26
1971 14
1972 19
1973 18
1974 25
1975 28
1976 14
1977 17
1978 24
1979 35
1980 20
1981 20
1982 20
1983 23
1984 21
1985 13
1986 13
1987 24
1988 43
1989 22
1990 25
1991 27
1992 26
1993 23
1994 26
1995 30
1996 36
1997 39
1998 47
1999 61
2000 59
2001 81
2002 92
2003 103
2004 95
2005 107
2006 92
2007 90
2008 117
2009 130
2010 205
2011 241
2012 239
2013 254
2014 276
2015 289
2016 401
2017 365
2018 389
2019 361
2020 405
2021 445
2022 394
2023 377
2024 347
2025 381
2026 388
2027 346
2028 300
2029 235
2030 205
2031 178
2032 149
2033 86
2034 96
2035 86
2036 85
2037 59
2038 71
2039 64
2040 65
2041 47
2042 32
2043 37
2044 32
2045 25
2046 27
2047 19
2048 17
2049 28
2050 20
2051 16
2052 23
2053 25
2054 19
2055 20
2056 15
2057 24
2058 19
2059 13
2060 18
2061 18
2062 15
2063 18
2064 19
2065 17
2066 13
2067 10
2068 18
2069 14
2070 21
2071 20
2072 18
2073 18
2074 15
2075 11
2076 16
2077 16
2078 17
2079 13
2080 16
2081 16
2082 14
2083 13
2084 15
2085 24
2086 14
2087 19
2088 15
2089 23
2090 18
2091 14
2092 8
2093 16
2094 19
2095 16
2096 19
2097 22
2098 17
2099 17
2100 11
2101 15
2102 15
2103 18
2104 16
2105 12
2106 18
2107 15
2108 16
2109 19
2110 17
2111 25
2112 19
2113 19
2114 21
2115 16
2116 26
2117 16
2118 15
2119 13
2120 20
2121 8
2122 15
2123 12
2124 15
2125 25
2126 20
2127 17
2128 19
2129 17
2130 18
2131 34
2132 17
2133 23
2134 18
2135 17
2136 14
2137 14
2138 9
2139 19
2140 17
2141 11
2142 25
2143 14
2144 11
2145 15
2146 22
2147 10
2148 15
2149 19
2150 14
2151 12
2152 16
2153 20
2154 16
2155 13
2156 25
2157 15
2158 15
2159 13
2160 17
2161 15
2162 18
2163 12
2164 13
2165 18
2166 23
2167 11
2168 16
2169 10
2170 11
2171 16
2172 22
2173 19
2174 17
2175 12
2176 15
2177 11
2178 20
2179 11
2180 14
2181 11
2182 16
2183 9
2184 13
2185 21
2186 22
2187 17
2188 18
2189 13
2190 17
2191 21
2192 24
2193 23
2194 13
2195 26
2196 22
2197 23
2198 23
2199 27
2200 23
2201 28
2202 22
2203 24
2204 20
2205 38
2206 39
2207 53
2208 46
2209 51
2210 63
2211 59
2212 57
2213 88
2214 76
2215 77
2216 87
2217 91
2218 84
2219 86
2220 133
2221 98
2222 110
2223 102
2224 97
2225 72
2226 84
2227 74
2228 83
2229 97
2230 95
2231 76
2232 49
2233 41
2234 47
2235 38
2236 43
2237 37
2238 39
2239 31
2240 17
2241 29
2242 26
2243 24
2244 15
2245 22
2246 15
2247 11
2248 26
2249 16
2250 19
2251 13
2252 16
2253 13
2254 11
2255 14
2256 14
2257 17
2258 15
2259 11
2260 8
2261 13
2262 12
2263 6
2264 15
2265 17
2266 10
2267 8
2268 15
2269 11
2270 18
2271 11
2272 15
2273 17
2274 19
2275 14
2276 16
2277 13
2278 20
2279 15
2280 14
2281 18
2282 18
2283 8
2284 16
2285 7
2286 12
2287 15
2288 12
2289 10
2290 17
2291 16
2292 9
2293 15
2294 15
2295 14
2296 16
2297 16
2298 10
2299 16
2300 11
2301 15
2302 15
2303 6
2304 15
2305 20
2306 11
2307 20
2308 10
2309 7
2310 8
2311 10
2312 8
2313 12
2314 13
2315 13
2316 12
2317 13
2318 11
2319 11
2320 17
2321 21
2322 16
2323 7
2324 13
2325 12
2326 16
2327 8
2328 14
2329 14
2330 11
2331 12
2332 14
2333 14
2334 9
2335 9
2336 12
2337 10
2338 15
2339 24
2340 14
2341 16
2342 11
2343 17
2344 8
2345 15
2346 14
2347 14
2348 12
2349 17
2350 12
2351 10
2352 12
2353 12
2354 9
2355 10
2356 13
2357 19
2358 15
2359 18
2360 10
2361 18
2362 7
2363 19
2364 16
2365 19
2366 20
2367 9
2368 16
2369 11
2370 5
2371 12
2372 11
2373 16
2374 10
2375 13
2376 11
2377 9
2378 11
2379 11
2380 9
2381 20
2382 14
2383 7
2384 10
2385 19
2386 12
2387 16
2388 14
2389 11
2390 10
2391 13
2392 15
2393 16
2394 10
2395 8
2396 17
2397 16
2398 6
2399 14
2400 11
2401 10
2402 15
2403 15
2404 11
2405 14
2406 11
2407 14
2408 15
2409 20
2410 12
2411 14
2412 19
2413 7
2414 10
2415 11
2416 21
2417 16
2418 14
2419 6
2420 16
2421 13
2422 6
2423 16
2424 21
2425 16
2426 17
2427 12
2428 10
2429 7
2430 18
2431 15
2432 11
2433 18
2434 12
2435 13
2436 16
2437 12
2438 12
2439 12
2440 8
2441 11
2442 8
2443 13
2444 19
2445 22
2446 15
2447 14
2448 12
2449 17
2450 18
2451 12
2452 13
2453 18
2454 10
2455 16
2456 8
2457 9
2458 6
2459 9
2460 11
2461 10
2462 15
2463 12
2464 13
2465 13
2466 12
2467 17
2468 22
2469 19
2470 16
2471 15
2472 11
2473 14
2474 13
2475 14
2476 13
2477 14
2478 16
2479 11
2480 18
2481 12
2482 21
2483 23
2484 15
2485 19
2486 22
2487 10
2488 18
2489 21
2490 20
2491 23
2492 20
2493 29
2494 30
2495 30
2496 38
2497 54
2498 41
2499 50
2500 39
2501 43
2502 45
2503 63
2504 57
2505 52
2506 51
2507 56
2508 57
2509 75
2510 72
2511 62
2512 60
2513 80
2514 78
2515 57
2516 60
2517 49
2518 47
2519 56
2520 46
2521 50
2522 41
2523 23
2524 27
2525 37
2526 37
2527 33
2528 19
2529 25
2530 23
2531 20
2532 18
2533 21
2534 22
2535 10
2536 16
2537 14
2538 9
2539 14
2540 6
2541 7
2542 16
2543 13
2544 16
2545 10
2546 15
2547 9
2548 9
2549 9
2550 8
2551 6
2552 12
2553 12
2554 10
2555 17
2556 16
2557 11
2558 17
2559 16
