0 37
1 33
2 27
3 31
4 27
5 39
6 24
7 24
8 31
9 32
10 28
11 33
12 27
13 29
14 44
15 35
16 27
17 33
18 35
19 38
20 27
21 24
22 21
23 34
24 25
25 28
26 31
27 39
28 19
29 26
30 36
31 18
32 29
33 29
34 26
35 25
36 22
37 30
38 24
39 30
40 31
41 28
42 32
43 19
44 35
45 28
46 28
47 28
48 39
49 38
50 28
51 37
52 27
53 39
54 30
55 27
56 41
57 27
58 36
59 39
60 37
61 30
62 37
63 33
64 37
65 34
66 23
67 31
68 20
69 48
70 22
71 36
72 22
73 29
74 35
75 30
76 43
77 35
78 42
79 22
80 27
81 31
82 32
83 34
84 26
85 37
86 41
87 29
88 31
89 29
90 32
91 37
92 34
93 30
94 31
95 36
96 24
97 26
98 31
99 35
100 42
101 33
102 35
103 34
104 24
105 22
106 28
107 33
108 39
109 28
110 29
111 42
112 32
113 35
114 33
115 31
116 26
117 34
118 26
119 23
120 33
121 35
122 34
123 31
124 31
125 34
126 24
127 37
128 31
129 28
130 41
131 41
132 29
133 29
134 33
135 34
136 29
137 39
138 33
139 34
140 36
141 32
142 25
143 31
144 37
145 33
146 41
147 27
148 37
149 31
150 32
151 37
152 29
153 30
154 34
155 31
156 31
157 37
158 30
159 32
160 40
161 31
162 45
163 36
164 22
165 32
166 34
167 36
168 35
169 29
170 35
171 36
172 29
173 40
174 31
175 32
176 28
177 35
178 38
179 36
180 21
181 39
182 37
183 38
184 33
185 29
186 37
187 30
188 34
189 31
190 37
191 37
192 42
193 32
194 42
195 33
196 23
197 42
198 40
199 39
200 30
201 38
202 29
203 30
204 35
205 34
206 38
207 35
208 44
209 34
210 30
211 36
212 24
213 41
214 36
215 33
216 34
217 34
218 29
219 41
220 29
221 32
222 46
223 36
224 44
225 26
226 37
227 37
228 45
229 32
230 31
231 35
232 44
233 35
234 39
235 49
236 31
237 35
238 33
239 27
240 39
241 37
242 40
243 53
244 37
245 28
246 34
247 37
248 31
249 40
250 34
251 45
252 31
253 41
254 43
255 25
256 22
257 35
258 36
259 31
260 49
261 33
262 32
263 34
264 33
265 38
266 37
267 35
268 42
269 31
270 31
271 32
272 35
273 27
274 45
275 28
276 40
277 30
278 38
279 28
280 32
281 34
282 34
283 25
284 40
285 36
286 38
287 32
288 25
289 34
290 32
291 24
292 51
293 30
294 33
295 47
296 37
297 36
298 33
299 27
300 22
301 38
302 37
303 32
304 35
305 31
306 30
307 38
308 40
309 41
310 39
311 38
312 34
313 24
314 44
315 42
316 38
317 30
318 36
319 43
320 32
321 41
322 30
323 27
324 33
325 46
326 33
327 45
328 45
329 28
330 34
331 37
332 35
333 35
334 26
335 37
336 39
337 40
338 41
339 34
340 32
341 41
342 38
343 34
344 28
345 35
346 37
347 31
348 26
349 36
350 31
351 31
352 44
353 43
354 35
355 40
356 39
357 36
358 33
359 30
360 40
361 37
362 39
363 30
364 32
365 39
366 38
367 36
368 36
369 60
370 37
371 33
372 37
373 39
374 33
375 33
376 32
377 39
378 38
379 49
380 32
381 29
382 32
383 40
384 36
385 38
386 45
387 32
388 40
389 49
390 40
391 36
392 30
393 43
394 41
395 39
396 46
397 39
398 43
399 36
400 27
401 33
402 50
403 40
404 45
405 42
406 30
407 41
408 28
409 46
410 39
411 26
412 40
413 36
414 39
415 36
416 32
417 39
418 39
419 37
420 31
421 32
422 38
423 42
424 42
425 39
426 40
427 40
428 42
429 37
430 43
431 44
432 41
433 37
434 37
435 32
436 33
437 23
438 41
439 39
440 48
441 43
442 34
443 25
444 38
445 34
446 42
447 44
448 35
449 30
450 32
451 30
452 41
453 33
454 23
455 39
456 36
457 28
458 41
459 29
460 31
461 43
462 34
463 48
464 39
465 41
466 42
467 38
468 25
469 40
470 36
471 41
472 30
473 33
474 33
475 41
476 43
477 31
478 41
479 35
480 34
481 34
482 41
483 32
484 38
485 36
486 34
487 38
488 42
489 43
490 36
491 33
492 42
493 44
494 38
495 41
496 35
497 43
498 38
499 32
500 48
501 46
502 40
503 38
504 48
505 39
506 39
507 37
508 41
509 37
510 33
511 42
512 44
513 47
514 42
515 55
516 39
517 50
518 44
519 40
520 46
521 44
522 46
523 41
524 51
525 46
526 52
527 54
528 64
529 53
530 52
531 51
532 63
533 65
534 64
535 70
536 60
537 65
538 77
539 81
540 78
541 57
542 68
543 82
544 88
545 92
546 79
547 110
548 100
549 89
550 115
551 85
552 95
553 86
554 72
555 86
556 77
557 53
558 54
559 50
560 44
561 30
562 48
563 38
564 50
565 41
566 39
567 40
568 45
569 43
570 41
571 49
572 37
573 21
574 40
575 45
576 46
577 56
578 38
579 41
580 31
581 43
582 44
583 50
584 37
585 45
586 39
587 41
588 37
589 31
590 39
591 38
592 39
593 36
594 42
595 34
596 37
597 37
598 37
599 29
600 37
601 50
602 48
603 50
604 36
605 33
606 43
607 38
608 45
609 35
610 35
611 36
612 38
613 33
614 32
615 27
616 33
617 35
618 29
619 42
620 43
621 35
622 34
623 40
624 35
625 40
626 36
627 28
628 37
629 42
630 40
631 37
632 36
633 36
634 43
635 39
636 53
637 62
638 32
639 48
640 38
641 32
642 39
643 31
644 35
645 36
646 33
647 47
648 40
649 39
650 46
651 39
652 41
653 51
654 43
655 38
656 51
657 59
658 45
659 44
660 53
661 31
662 26
663 36
664 37
665 48
666 35
667 37
668 35
669 43
670 41
671 42
672 40
673 50
674 41
675 39
676 31
677 47
678 44
679 34
680 41
681 35
682 40
683 40
684 32
685 37
686 36
687 36
688 48
689 33
690 41
691 47
692 38
693 44
694 34
695 35
696 47
697 41
698 41
699 45
700 46
701 40
702 44
703 45
704 37
705 49
706 39
707 43
708 38
709 27
710 29
711 40
712 38
713 31
714 41
715 48
716 32
717 43
718 33
719 29
720 29
721 38
722 33
723 39
724 42
725 41
726 40
727 37
728 36
729 30
730 41
731 48
732 51
733 28
734 38
735 37
736 40
737 35
738 31
739 35
740 36
741 32
742 34
743 32
744 47
745 36
746 38
747 52
748 33
749 38
750 48
751 33
752 39
753 43
754 34
755 39
756 50
757 38
758 28
759 37
760 40
761 36
762 43
763 46
764 50
765 34
766 34
767 42
768 46
769 35
770 40
771 38
772 42
773 39
774 45
775 34
776 48
777 47
778 47
779 39
780 39
781 45
782 47
783 36
784 37
785 32
786 30
787 35
788 38
789 33
790 50
791 38
792 23
793 41
794 44
795 46
796 25
797 32
798 27
799 37
800 39
801 38
802 27
803 37
804 39
805 40
806 36
807 42
808 43
809 35
810 39
811 49
812 43
813 42
814 42
815 38
816 44
817 33
818 44
819 32
820 31
821 39
822 38
823 47
824 39
825 38
826 43
827 43
828 34
829 36
830 38
831 44
832 36
833 31
834 37
835 28
836 38
837 41
838 31
839 29
840 45
841 43
842 40
843 35
844 40
845 33
846 36
847 39
848 43
849 28
850 28
851 19
852 42
853 24
854 33
855 33
856 36
857 41
858 37
859 39
860 44
861 29
862 44
863 31
864 42
865 22
866 34
867 31
868 34
869 34
870 37
871 34
872 31
873 39
874 36
875 31
876 31
877 47
878 37
879 38
880 36
881 50
882 46
883 29
884 37
885 51
886 37
887 33
888 34
889 37
890 36
891 39
892 35
893 48
894 33
895 38
896 34
897 30
898 47
899 40
900 38
901 28
902 38
903 39
904 26
905 28
906 32
907 37
908 28
909 34
910 40
911 39
912 28
913 35
914 31
915 37
916 34
917 39
918 43
919 43
920 36
921 40
922 42
923 33
924 35
925 31
926 24
927 41
928 30
929 26
930 36
931 35
932 38
933 36
934 31
935 42
936 27
937 39
938 30
939 32
940 26
941 37
942 51
943 41
944 32
945 33
946 47
947 38
948 36
949 34
950 28
951 49
952 29
953 44
954 31
955 26
956 43
957 31
958 30
959 24
960 42
961 42
962 40
963 33
964 27
965 31
966 42
967 33
968 23
969 25
970 37
971 41
972 28
973 46
974 45
975 38
976 34
977 33
978 35
979 37
980 32
981 31
982 29
983 41
984 32
985 27
986 36
987 22
988 49
989 50
990 31
991 22
992 36
993 39
994 34
995 29
996 40
997 40
998 45
999 53
1000 30
1001 41
1002 46
1003 42
1004 33
1005 35
1006 31
1007 38
1008 27
1009 29
1010 34
1011 37
1012 48
1013 37
1014 33
1015 36
1016 43
1017 32
1018 42
1019 32
1020 31
1021 33
1022 37
1023 42
1024 32
1025 33
1026 24
1027 46
1028 36
1029 35
1030 37
1031 34
1032 32
1033 39
1034 34
1035 30
1036 42
1037 38
1038 33
1039 44
1040 43
1041 43
1042 63
1043 60
1044 63
1045 65
1046 66
1047 62
1048 78
1049 75
1050 111
1051 160
1052 201
1053 190
1054 184
1055 227
1056 216
1057 220
1058 293
1059 354
1060 436
1061 495
1062 461
1063 528
1064 544
1065 577
1066 579
1067 508
1068 519
1069 479
1070 519
1071 451
1072 288
1073 244
1074 148
1075 153
1076 126
1077 75
1078 69
1079 46
1080 41
1081 54
1082 38
1083 42
1084 44
1085 53
1086 46
1087 29
1088 28
1089 28
1090 41
1091 27
1092 29
1093 45
1094 45
1095 39
1096 34
1097 29
1098 40
1099 34
1100 32
1101 39
1102 28
1103 33
1104 34
1105 37
1106 37
1107 38
1108 36
1109 28
1110 29
1111 33
1112 23
1113 29
1114 40
1115 35
1116 27
1117 41
1118 27
1119 40
1120 36
1121 31
1122 35
1123 40
1124 38
1125 32
1126 21
1127 33
1128 39
1129 33
1130 27
1131 37
1132 26
1133 27
1134 32
1135 26
1136 33
1137 38
1138 46
1139 32
1140 35
1141 33
1142 33
1143 33
1144 33
1145 28
1146 38
1147 34
1148 31
1149 35
1150 36
1151 28
1152 44
1153 41
1154 42
1155 33
1156 33
1157 39
1158 31
1159 38
1160 41
1161 32
1162 20
1163 29
1164 22
1165 29
1166 33
1167 44
1168 32
1169 31
1170 23
1171 45
1172 31
1173 30
1174 41
1175 37
1176 35
1177 37
1178 25
1179 28
1180 30
1181 27
1182 38
1183 42
1184 29
1185 44
1186 35
1187 41
1188 34
1189 50
1190 43
1191 29
1192 30
1193 42
1194 53
1195 68
1196 53
1197 58
1198 65
1199 72
1200 75
1201 67
1202 73
1203 73
1204 75
1205 71
1206 47
1207 43
1208 40
1209 48
1210 54
1211 40
1212 50
1213 31
1214 28
1215 38
1216 38
1217 28
1218 27
1219 34
1220 21
1221 29
1222 27
1223 40
1224 30
1225 40
1226 30
1227 33
1228 33
1229 27
1230 31
1231 29
1232 33
1233 28
1234 40
1235 34
1236 27
1237 24
1238 28
1239 34
1240 29
1241 36
1242 34
1243 22
1244 42
1245 28
1246 27
1247 26
1248 22
1249 45
1250 35
1251 28
1252 25
1253 22
1254 36
1255 28
1256 24
1257 31
1258 30
1259 38
1260 29
1261 37
1262 36
1263 30
1264 33
1265 32
1266 42
1267 33
1268 20
1269 32
1270 36
1271 19
1272 26
1273 20
1274 19
1275 18
1276 27
1277 10
1278 10
1279 21
1280 36
1281 26
1282 34
1283 30
1284 28
1285 19
1286 30
1287 30
1288 31
1289 19
1290 21
1291 34
1292 26
1293 22
1294 26
1295 11
1296 25
1297 18
1298 39
1299 25
1300 20
1301 21
1302 22
1303 20
1304 20
1305 35
1306 24
1307 17
1308 24
1309 28
1310 25
1311 28
1312 23
1313 29
1314 24
1315 29
1316 29
1317 32
1318 31
1319 20
1320 19
1321 26
1322 35
1323 23
1324 21
1325 28
1326 34
1327 32
1328 33
1329 27
1330 27
1331 31
1332 30
1333 44
1334 51
1335 36
1336 33
1337 49
1338 57
1339 69
1340 52
1341 61
1342 56
1343 68
1344 111
1345 139
1346 168
1347 176
1348 183
1349 183
1350 217
1351 207
1352 221
1353 222
1354 178
1355 202
1356 297
1357 344
1358 234
1359 170
1360 159
1361 178
1362 91
1363 76
1364 75
1365 58
1366 51
1367 56
1368 28
1369 32
1370 27
1371 34
1372 25
1373 23
1374 18
1375 29
1376 20
1377 24
1378 27
1379 30
1380 29
1381 26
1382 21
1383 16
1384 23
1385 19
1386 21
1387 28
1388 28
1389 32
1390 25
1391 20
1392 36
1393 25
1394 25
1395 23
1396 18
1397 19
1398 32
1399 25
1400 21
1401 16
1402 22
1403 19
1404 20
1405 23
1406 24
1407 25
1408 27
1409 31
1410 26
1411 27
1412 29
1413 16
1414 22
1415 10
1416 21
1417 30
1418 23
1419 28
1420 23
1421 23
1422 19
1423 24
1424 17
1425 27
1426 26
1427 22
1428 25
1429 27
1430 18
1431 22
1432 20
1433 24
1434 16
1435 21
1436 25
1437 24
1438 23
1439 26
1440 19
1441 17
1442 21
1443 23
1444 24
1445 30
1446 24
1447 19
1448 20
1449 18
1450 18
1451 24
1452 20
1453 25
1454 19
1455 21
1456 19
1457 19
1458 21
1459 28
1460 18
1461 25
1462 22
1463 23
1464 24
1465 17
1466 27
1467 17
1468 28
1469 23
1470 24
1471 25
1472 29
1473 26
1474 21
1475 26
1476 19
1477 26
1478 21
1479 16
1480 22
1481 13
1482 21
1483 32
1484 16
1485 18
1486 23
1487 24
1488 22
1489 28
1490 21
1491 18
1492 22
1493 25
1494 20
1495 28
1496 33
1497 22
1498 16
1499 16
1500 21
1501 25
1502 15
1503 16
1504 17
1505 35
1506 22
1507 20
1508 14
1509 14
1510 31
1511 19
1512 25
1513 20
1514 24
1515 20
1516 18
1517 28
1518 18
1519 16
1520 17
1521 20
1522 26
1523 26
1524 19
1525 23
1526 29
1527 19
1528 12
1529 21
1530 15
1531 16
1532 22
1533 25
1534 20
1535 11
1536 23
1537 25
1538 25
1539 27
1540 26
1541 19
1542 15
1543 24
1544 19
1545 14
1546 20
1547 17
1548 14
1549 25
1550 24
1551 11
1552 23
1553 23
1554 17
1555 19
1556 22
1557 16
1558 21
1559 22
1560 25
1561 20
1562 26
1563 27
1564 31
1565 22
1566 18
1567 23
1568 17
1569 22
1570 18
1571 14
1572 21
1573 17
1574 23
1575 15
1576 18
1577 30
1578 18
1579 14
1580 26
1581 25
1582 27
1583 21
1584 20
1585 19
1586 25
1587 19
1588 26
1589 18
1590 20
1591 26
1592 22
1593 18
1594 15
1595 14
1596 12
1597 8
1598 18
1599 23
1600 19
1601 25
1602 21
1603 20
1604 17
1605 18
1606 26
1607 23
1608 24
1609 20
1610 19
1611 18
1612 17
1613 18
1614 22
1615 19
1616 16
1617 14
1618 15
1619 22
1620 11
1621 18
1622 22
1623 19
1624 23
1625 17
1626 21
1627 11
1628 14
1629 17
1630 20
1631 14
1632 20
1633 16
1634 13
1635 14
1636 19
1637 12
1638 16
1639 24
1640 14
1641 25
1642 19
1643 12
1644 13
1645 17
1646 20
1647 23
1648 11
1649 22
1650 17
1651 19
1652 21
1653 21
1654 17
1655 22
1656 25
1657 15
1658 23
1659 21
1660 28
1661 33
1662 24
1663 23
1664 21
1665 19
1666 27
1667 17
1668 19
1669 30
1670 23
1671 24
1672 14
1673 15
1674 17
1675 16
1676 21
1677 22
1678 24
1679 17
1680 17
1681 21
1682 25
1683 11
1684 19
1685 12
1686 15
1687 25
1688 18
1689 19
1690 22
1691 19
1692 15
1693 19
1694 13
1695 12
1696 19
1697 15
1698 15
1699 20
1700 15
1701 28
1702 22
1703 19
1704 27
1705 23
1706 26
1707 22
1708 22
1709 27
1710 22
1711 11
1712 16
1713 19
1714 10
1715 8
1716 18
1717 17
1718 18
1719 19
1720 14
1721 16
1722 19
1723 14
1724 20
1725 18
1726 24
1727 14
1728 9
1729 13
1730 18
1731 23
1732 21
1733 16
1734 14
1735 16
1736 25
1737 14
1738 16
1739 15
1740 20
1741 26
1742 18
1743 14
1744 26
1745 21
1746 18
1747 14
1748 16
1749 12
1750 17
1751 25
1752 32
1753 16
1754 17
1755 20
1756 22
1757 11
1758 12
1759 19
1760 16
1761 10
1762 16
1763 22
1764 24
1765 15
1766 21
1767 23
1768 20
1769 24
1770 16
1771 14
1772 18
1773 16
1774 22
1775 22
1776 24
1777 21
1778 16
1779 16
1780 22
1781 14
1782 17
1783 26
1784 11
1785 24
1786 22
1787 21
1788 14
1789 19
1790 20
1791 28
1792 18
1793 24
1794 23
1795 31
1796 25
1797 46
1798 43
1799 40
1800 34
1801 36
1802 42
1803 77
1804 88
1805 70
1806 65
1807 104
1808 107
1809 119
1810 133
1811 110
1812 105
1813 102
1814 109
1815 143
1816 171
1817 122
1818 112
1819 137
1820 147
1821 87
1822 77
1823 90
1824 62
1825 52
1826 40
1827 41
1828 42
1829 34
1830 36
1831 27
1832 29
1833 22
1834 20
1835 20
1836 22
1837 17
1838 10
1839 15
1840 10
1841 11
1842 18
1843 16
1844 28
1845 20
1846 19
1847 10
1848 16
1849 17
1850 16
1851 19
1852 15
1853 13
1854 16
1855 17
1856 22
1857 25
1858 22
1859 18
1860 16
1861 19
1862 13
1863 14
1864 14
1865 14
1866 17
1867 18
1868 20
1869 17
1870 19
1871 15
1872 13
1873 14
1874 18
1875 14
1876 18
1877 17
1878 27
1879 18
1880 13
1881 16
1882 10
1883 14
1884 17
1885 18
1886 23
1887 23
1888 13
1889 12
1890 15
1891 11
1892 14
1893 20
1894 16
1895 15
1896 10
1897 26
1898 20
1899 23
1900 23
1901 14
1902 20
1903 30
1904 21
1905 18
1906 23
1907 22
1908 15
1909 19
1910 16
1911 17
1912 22
1913 21
1914 20
1915 17
1916 24
1917 20
1918 18
1919 18
1920 6
1921 12
1922 16
1923 14
1924 20
1925 17
1926 21
1927 19
1928 14
1929 9
1930 14
1931 10
1932 19
1933 11
1934 20
1935 29
1936 16
1937 11
1938 19
1939 12
1940 18
1941 15
1942 13
1943 12
1944 24
1945 13
1946 16
1947 15
1948 10
1949 16
1950 17
1951 14
1952 11
1953 17
1954 22
1955 17
1956 28
1957 19
1958 18
1959 17
1960 16
1961 19
1962 18
1963 30
1964 17
1965 18
1966 20
1967 26
1968 26
1969 14
1970 21
1971 19
1972 21
1973 12
1974 14
1975 23
1976 27
1977 13
1978 15
1979 18
1980 16
1981 18
1982 17
1983 15
1984 17
1985 18
1986 21
1987 28
1988 16
1989 16
1990 21
1991 16
1992 20
1993 19
1994 14
1995 22
1996 16
1997 15
1998 14
1999 14
2000 16
2001 16
2002 21
2003 14
2004 19
2005 16
2006 19
2007 18
2008 16
2009 16
2010 16
2011 22
2012 20
2013 22
2014 20
2015 20
2016 14
2017 15
2018 18
2019 17
2020 20
2021 24
2022 13
2023 25
2024 17
2025 15
2026 18
2027 19
2028 14
2029 16
2030 20
2031 13
2032 16
2033 11
2034 15
2035 9
2036 12
2037 27
2038 21
2039 16
2040 12
2041 19
2042 21
2043 26
2044 20
2045 27
2046 30
2047 39
2048 38
2049 35
2050 42
2051 46
2052 78
2053 72
2054 85
2055 131
2056 149
2057 102
2058 128
2059 115
2060 130
2061 166
2062 132
2063 153
2064 205
2065 178
2066 215
2067 195
2068 284
2069 362
2070 476
2071 507
2072 498
2073 570
2074 522
2075 543
2076 597
2077 407
2078 311
2079 283
2080 282
2081 271
2082 285
2083 213
2084 187
2085 161
2086 118
2087 105
2088 78
2089 59
2090 82
2091 64
2092 44
2093 36
2094 35
2095 26
2096 28
2097 25
2098 16
2099 13
2100 20
2101 17
2102 13
2103 24
2104 18
2105 16
2106 18
2107 8
2108 17
2109 14
2110 20
2111 16
2112 19
2113 11
2114 17
2115 19
2116 19
2117 14
2118 14
2119 21
2120 21
2121 23
2122 10
2123 11
2124 9
2125 11
2126 19
2127 10
2128 19
2129 18
2130 12
2131 14
2132 15
2133 13
2134 14
2135 12
2136 18
2137 16
2138 25
2139 14
2140 14
2141 15
2142 8
2143 12
2144 11
2145 18
2146 16
2147 15
2148 16
2149 17
2150 14
2151 21
2152 18
2153 17
2154 13
2155 14
2156 18
2157 16
2158 14
2159 18
2160 21
2161 13
2162 13
2163 21
2164 13
2165 17
2166 20
2167 18
2168 16
2169 16
2170 14
2171 19
2172 22
2173 15
2174 14
2175 10
2176 13
2177 10
2178 15
2179 14
2180 20
2181 20
2182 19
2183 12
2184 9
2185 21
2186 10
2187 20
2188 15
2189 16
2190 22
2191 19
2192 8
2193 21
2194 27
2195 18
2196 14
2197 12
2198 17
2199 19
2200 15
2201 22
2202 20
2203 12
2204 18
2205 13
2206 15
2207 10
2208 12
2209 14
2210 16
2211 14
2212 14
2213 12
2214 17
2215 14
2216 22
2217 14
2218 13
2219 11
2220 8
2221 13
2222 12
2223 18
2224 19
2225 13
2226 17
2227 14
2228 12
2229 18
2230 15
2231 15
2232 13
2233 20
2234 14
2235 11
2236 24
2237 15
2238 21
2239 15
2240 14
2241 15
2242 14
2243 20
2244 9
2245 18
2246 18
2247 15
2248 16
2249 18
2250 24
2251 25
2252 24
2253 23
2254 20
2255 19
2256 25
2257 26
2258 35
2259 34
2260 33
2261 34
2262 54
2263 62
2264 65
2265 39
2266 60
2267 47
2268 71
2269 65
2270 83
2271 88
2272 94
2273 84
2274 108
2275 98
2276 74
2277 57
2278 100
2279 93
2280 77
2281 90
2282 91
2283 84
2284 50
2285 60
2286 55
2287 44
2288 45
2289 44
2290 38
2291 42
2292 38
2293 34
2294 27
2295 22
2296 25
2297 28
2298 20
2299 14
2300 14
2301 15
2302 15
2303 17
2304 11
2305 17
2306 11
2307 15
2308 11
2309 17
2310 18
2311 9
2312 12
2313 15
2314 14
2315 13
2316 10
2317 10
2318 10
2319 22
2320 9
2321 10
2322 17
2323 11
2324 20
2325 11
2326 11
2327 16
2328 21
2329 13
2330 11
2331 9
2332 18
2333 10
2334 15
2335 9
2336 19
2337 11
2338 19
2339 13
2340 20
2341 16
2342 16
2343 14
2344 14
2345 13
2346 12
2347 12
2348 16
2349 16
2350 9
2351 7
2352 6
2353 13
2354 14
2355 12
2356 15
2357 17
2358 13
2359 17
2360 8
2361 14
2362 14
2363 15
2364 18
2365 9
2366 9
2367 6
2368 9
2369 11
2370 15
2371 16
2372 14
2373 12
2374 14
2375 15
2376 12
2377 8
2378 18
2379 20
2380 18
2381 9
2382 16
2383 13
2384 15
2385 8
2386 6
2387 9
2388 14
2389 13
2390 11
2391 7
2392 15
2393 15
2394 15
2395 15
2396 13
2397 11
2398 12
2399 7
2400 4
2401 14
2402 15
2403 17
2404 14
2405 16
2406 4
2407 11
2408 12
2409 17
2410 9
2411 19
2412 19
2413 12
2414 11
2415 8
2416 9
2417 10
2418 11
2419 19
2420 9
2421 12
2422 12
2423 9
2424 15
2425 10
2426 19
2427 13
2428 10
2429 13
2430 16
2431 11
2432 14
2433 15
2434 18
2435 8
2436 11
2437 14
2438 13
2439 8
2440 16
2441 9
2442 19
2443 13
2444 14
2445 7
2446 8
2447 7
2448 13
2449 12
2450 12
2451 12
2452 15
2453 12
2454 10
2455 12
2456 10
2457 16
2458 10
2459 12
2460 18
2461 9
2462 14
2463 11
2464 8
2465 11
2466 13
2467 11
2468 11
2469 7
2470 10
2471 14
2472 15
2473 6
2474 16
2475 12
2476 14
2477 13
2478 20
2479 5
2480 12
2481 11
2482 11
2483 16
2484 14
2485 10
2486 10
2487 6
2488 6
2489 8
2490 13
2491 17
2492 16
2493 6
2494 7
2495 22
2496 10
2497 7
2498 13
2499 8
2500 8
2501 15
2502 16
2503 8
2504 15
2505 12
2506 8
2507 9
2508 7
2509 12
2510 8
2511 11
2512 11
2513 16
2514 4
2515 7
2516 14
2517 12
2518 6
2519 19
2520 11
2521 12
2522 8
2523 13
2524 14
2525 13
2526 9
2527 9
2528 14
2529 15
2530 9
2531 14
2532 14
2533 9
2534 11
2535 9
2536 7
2537 13
2538 11
2539 17
2540 15
2541 14
2542 13
2543 13
2544 17
2545 14
2546 13
2547 17
2548 22
2549 24
2550 16
2551 17
2552 21
2553 17
2554 24
2555 37
2556 34
2557 43
2558 38
2559 49
