0 29
1 36
2 23
3 28
4 37
5 29
6 24
7 33
8 24
9 32
10 27
11 19
12 20
13 35
14 30
15 22
16 20
17 25
18 25
19 33
20 20
21 20
22 15
23 25
24 38
25 24
26 26
27 29
28 22
29 30
30 18
31 18
32 31
33 20
34 29
35 28
36 29
37 26
38 18
39 19
40 27
41 24
42 29
43 24
44 26
45 26
46 22
47 25
48 30
49 28
50 31
51 36
52 23
53 29
54 37
55 27
56 24
57 41
58 28
59 25
60 22
61 23
62 30
63 29
64 17
65 28
66 28
67 24
68 23
69 37
70 17
71 15
72 32
73 25
74 29
75 23
76 27
77 30
78 29
79 23
80 18
81 24
82 27
83 27
84 34
85 32
86 21
87 27
88 25
89 22
90 26
91 47
92 27
93 28
94 25
95 27
96 30
97 28
98 39
99 33
100 15
101 23
102 22
103 17
104 31
105 41
106 24
107 23
108 21
109 24
110 26
111 25
112 34
113 31
114 32
115 26
116 41
117 23
118 28
119 28
120 23
121 27
122 23
123 27
124 45
125 23
126 27
127 37
128 33
129 30
130 19
131 29
132 29
133 34
134 32
135 36
136 32
137 26
138 26
139 25
140 34
141 25
142 20
143 49
144 27
145 23
146 25
147 21
148 25
149 33
150 34
151 30
152 33
153 36
154 32
155 29
156 28
157 31
158 31
159 36
160 38
161 25
162 24
163 31
164 36
165 26
166 33
167 29
168 29
169 28
170 30
171 27
172 35
173 29
174 31
175 34
176 27
177 25
178 33
179 47
180 34
181 21
182 35
183 37
184 30
185 39
186 23
187 26
188 26
189 37
190 44
191 35
192 35
193 42
194 37
195 41
196 26
197 32
198 26
199 41
200 31
201 29
202 26
203 43
204 22
205 27
206 31
207 30
208 23
209 35
210 26
211 44
212 49
213 36
214 38
215 29
216 21
217 36
218 29
219 37
220 32
221 27
222 42
223 29
224 27
225 33
226 36
227 29
228 32
229 30
230 33
231 20
232 34
233 35
234 35
235 37
236 27
237 31
238 27
239 29
240 32
241 17
242 28
243 36
244 41
245 28
246 24
247 32
248 29
249 22
250 31
251 25
252 20
253 27
254 39
255 35
256 31
257 42
258 46
259 40
260 37
261 27
262 26
263 46
264 25
265 32
266 30
267 33
268 30
269 33
270 33
271 38
272 43
273 30
274 26
275 39
276 40
277 33
278 35
279 42
280 40
281 38
282 36
283 36
284 38
285 38
286 38
287 22
288 32
289 38
290 31
291 22
292 39
293 28
294 27
295 38
296 46
297 33
298 42
299 24
300 27
301 30
302 38
303 30
304 24
305 29
306 27
307 42
308 29
309 25
310 27
311 37
312 32
313 26
314 32
315 30
316 29
317 36
318 28
319 36
320 29
321 40
322 36
323 37
324 23
325 39
326 38
327 37
328 36
329 31
330 33
331 44
332 27
333 34
334 43
335 32
336 42
337 26
338 41
339 33
340 33
341 21
342 21
343 29
344 18
345 27
346 43
347 29
348 35
349 26
350 40
351 31
352 29
353 38
354 43
355 30
356 31
357 37
358 27
359 31
360 34
361 26
362 38
363 27
364 29
365 23
366 35
367 26
368 29
369 29
370 32
371 25
372 31
373 45
374 38
375 49
376 31
377 42
378 34
379 27
380 31
381 35
382 35
383 37
384 23
385 29
386 33
387 36
388 25
389 36
390 35
391 39
392 28
393 34
394 26
395 32
396 28
397 34
398 35
399 37
400 33
401 50
402 55
403 34
404 33
405 26
406 33
407 30
408 33
409 37
410 33
411 25
412 31
413 31
414 45
415 36
416 22
417 32
418 33
419 34
420 33
421 29
422 24
423 43
424 33
425 38
426 35
427 34
428 35
429 34
430 28
431 37
432 28
433 33
434 32
435 26
436 25
437 29
438 32
439 35
440 41
441 35
442 36
443 32
444 36
445 34
446 33
447 34
448 22
449 33
450 33
451 26
452 25
453 33
454 36
455 25
456 29
457 37
458 32
459 40
460 38
461 41
462 35
463 41
464 36
465 39
466 41
467 30
468 35
469 38
470 38
471 22
472 41
473 43
474 30
475 34
476 36
477 44
478 56
479 38
480 26
481 35
482 26
483 35
484 27
485 40
486 28
487 34
488 34
489 31
490 22
491 30
492 39
493 41
494 37
495 32
496 32
497 32
498 29
499 43
500 33
501 30
502 48
503 36
504 43
505 34
506 30
507 50
508 44
509 37
510 40
511 26
512 37
513 28
514 38
515 34
516 42
517 25
518 30
519 26
520 36
521 39
522 42
523 29
524 29
525 35
526 38
527 25
528 30
529 33
530 25
531 49
532 34
533 43
534 34
535 36
536 30
537 45
538 38
539 46
540 34
541 25
542 36
543 39
544 42
545 34
546 26
547 31
548 29
549 45
550 33
551 31
552 35
553 36
554 48
555 30
556 23
557 29
558 35
559 39
560 38
561 47
562 35
563 34
564 33
565 38
566 30
567 25
568 38
569 31
570 50
571 27
572 53
573 30
574 27
575 35
576 36
577 52
578 28
579 46
580 38
581 48
582 53
583 55
584 71
585 61
586 65
587 66
588 61
589 76
590 63
591 70
592 83
593 59
594 76
595 104
596 82
597 108
598 95
599 91
600 84
601 81
602 99
603 80
604 82
605 87
606 90
607 102
608 113
609 93
610 75
611 62
612 53
613 50
614 48
615 43
616 45
617 29
618 38
619 36
620 53
621 38
622 39
623 47
624 46
625 27
626 32
627 34
628 42
629 41
630 36
631 36
632 35
633 20
634 42
635 40
636 45
637 31
638 29
639 35
640 39
641 29
642 40
643 49
644 45
645 45
646 42
647 34
648 40
649 43
650 32
651 35
652 44
653 37
654 35
655 36
656 50
657 38
658 32
659 30
660 34
661 41
662 39
663 37
664 49
665 43
666 44
667 43
668 45
669 39
670 44
671 37
672 40
673 43
674 30
675 52
676 42
677 27
678 45
679 43
680 38
681 42
682 42
683 37
684 32
685 42
686 39
687 36
688 33
689 44
690 29
691 32
692 33
693 47
694 54
695 36
696 43
697 33
698 39
699 36
700 49
701 32
702 41
703 29
704 53
705 25
706 38
707 33
708 32
709 27
710 37
711 53
712 55
713 31
714 39
715 30
716 40
717 28
718 31
719 36
720 46
721 39
722 40
723 40
724 26
725 28
726 35
727 29
728 39
729 34
730 26
731 41
732 39
733 33
734 37
735 28
736 27
737 30
738 39
739 31
740 31
741 30
742 36
743 40
744 42
745 46
746 25
747 33
748 43
749 42
750 34
751 22
752 32
753 18
754 33
755 31
756 31
757 31
758 24
759 46
760 32
761 42
762 33
763 41
764 35
765 29
766 33
767 36
768 42
769 52
770 46
771 39
772 27
773 40
774 48
775 43
776 33
777 36
778 40
779 40
780 35
781 26
782 33
783 28
784 32
785 32
786 38
787 33
788 32
789 35
790 41
791 40
792 32
793 40
794 39
795 25
796 31
797 39
798 27
799 44
800 39
801 27
802 43
803 40
804 38
805 33
806 26
807 33
808 33
809 31
810 31
811 35
812 38
813 29
814 31
815 31
816 33
817 37
818 39
819 35
820 32
821 29
822 33
823 29
824 39
825 34
826 35
827 44
828 33
829 40
830 30
831 43
832 32
833 38
834 39
835 35
836 33
837 32
838 41
839 31
840 28
841 42
842 54
843 34
844 39
845 29
846 25
847 34
848 34
849 36
850 38
851 29
852 24
853 39
854 47
855 25
856 30
857 34
858 41
859 33
860 42
861 31
862 40
863 31
864 38
865 31
866 36
867 34
868 37
869 42
870 32
871 28
872 31
873 36
874 35
875 29
876 33
877 21
878 38
879 31
880 27
881 43
882 34
883 28
884 29
885 36
886 22
887 35
888 39
889 39
890 39
891 43
892 36
893 31
894 40
895 39
896 33
897 25
898 35
899 23
900 37
901 31
902 37
903 32
904 30
905 34
906 36
907 43
908 33
909 22
910 33
911 34
912 26
913 37
914 26
915 35
916 30
917 37
918 34
919 39
920 29
921 33
922 21
923 29
924 30
925 16
926 33
927 40
928 31
929 48
930 39
931 34
932 29
933 37
934 31
935 29
936 47
937 22
938 29
939 34
940 30
941 33
942 28
943 32
944 37
945 37
946 41
947 35
948 31
949 37
950 37
951 45
952 45
953 40
954 39
955 38
956 38
957 27
958 31
959 21
960 32
961 23
962 29
963 27
964 27
965 37
966 38
967 33
968 40
969 36
970 33
971 27
972 29
973 36
974 33
975 31
976 29
977 36
978 28
979 34
980 30
981 23
982 31
983 38
984 30
985 35
986 35
987 34
988 37
989 28
990 21
991 34
992 34
993 29
994 28
995 26
996 44
997 19
998 33
999 30
1000 40
1001 42
1002 31
1003 22
1004 34
1005 38
1006 27
1007 41
1008 27
1009 29
1010 29
1011 24
1012 31
1013 27
1014 33
1015 27
1016 37
1017 31
1018 36
1019 29
1020 33
1021 35
1022 28
1023 21
1024 30
1025 35
1026 29
1027 27
1028 28
1029 22
1030 40
1031 28
1032 37
1033 33
1034 23
1035 31
1036 32
1037 23
1038 39
1039 34
1040 34
1041 25
1042 28
1043 34
1044 39
1045 36
1046 36
1047 27
1048 43
1049 34
1050 32
1051 26
1052 44
1053 36
1054 39
1055 42
1056 32
1057 39
1058 33
1059 25
1060 36
1061 32
1062 30
1063 24
1064 36
1065 19
1066 30
1067 29
1068 35
1069 31
1070 37
1071 32
1072 35
1073 39
1074 29
1075 31
1076 34
1077 36
1078 38
1079 30
1080 35
1081 40
1082 40
1083 40
1084 27
1085 30
1086 39
1087 30
1088 33
1089 28
1090 40
1091 33
1092 38
1093 31
1094 32
1095 40
1096 24
1097 28
1098 34
1099 33
1100 29
1101 28
1102 35
1103 44
1104 37
1105 27
1106 36
1107 34
1108 37
1109 23
1110 24
1111 32
1112 32
1113 30
1114 39
1115 36
1116 38
1117 41
1118 63
1119 51
1120 71
1121 59
1122 88
1123 100
1124 113
1125 143
1126 186
1127 279
1128 287
1129 278
1130 262
1131 323
1132 369
1133 398
1134 453
1135 464
1136 471
1137 629
1138 664
1139 833
1140 771
1141 690
1142 671
1143 496
1144 410
1145 327
1146 246
1147 177
1148 118
1149 84
1150 60
1151 47
1152 49
1153 51
1154 32
1155 41
1156 43
1157 47
1158 26
1159 36
1160 37
1161 28
1162 51
1163 31
1164 29
1165 28
1166 40
1167 29
1168 33
1169 26
1170 31
1171 32
1172 31
1173 31
1174 23
1175 35
1176 30
1177 42
1178 29
1179 33
1180 31
1181 44
1182 36
1183 31
1184 25
1185 35
1186 39
1187 34
1188 30
1189 34
1190 22
1191 35
1192 35
1193 38
1194 33
1195 35
1196 30
1197 30
1198 41
1199 35
1200 21
1201 32
1202 21
1203 36
1204 26
1205 36
1206 27
1207 25
1208 26
1209 31
1210 25
1211 34
1212 28
1213 28
1214 27
1215 33
1216 34
1217 37
1218 33
1219 35
1220 28
1221 39
1222 27
1223 21
1224 36
1225 31
1226 31
1227 34
1228 29
1229 33
1230 31
1231 35
1232 34
1233 32
1234 25
1235 18
1236 34
1237 28
1238 29
1239 33
1240 33
1241 28
1242 27
1243 22
1244 28
1245 25
1246 36
1247 34
1248 29
1249 43
1250 32
1251 31
1252 27
1253 39
1254 21
1255 29
1256 25
1257 24
1258 35
1259 47
1260 29
1261 28
1262 24
1263 26
1264 34
1265 29
1266 48
1267 35
1268 23
1269 27
1270 36
1271 33
1272 47
1273 65
1274 89
1275 75
1276 57
1277 69
1278 79
1279 12
1280 36
1281 30
1282 30
1283 21
1284 18
1285 19
1286 25
1287 21
1288 23
1289 32
1290 30
1291 20
1292 21
1293 21
1294 30
1295 20
1296 16
1297 17
1298 19
1299 22
1300 29
1301 27
1302 17
1303 16
1304 36
1305 20
1306 21
1307 21
1308 21
1309 22
1310 21
1311 28
1312 23
1313 36
1314 27
1315 18
1316 20
1317 20
1318 27
1319 28
1320 24
1321 23
1322 21
1323 23
1324 23
1325 17
1326 22
1327 19
1328 13
1329 19
1330 27
1331 19
1332 21
1333 22
1334 28
1335 18
1336 22
1337 33
1338 25
1339 14
1340 27
1341 28
1342 31
1343 27
1344 24
1345 38
1346 42
1347 33
1348 50
1349 46
1350 46
1351 55
1352 48
1353 64
1354 49
1355 42
1356 46
1357 45
1358 32
1359 36
1360 34
1361 32
1362 24
1363 23
1364 27
1365 18
1366 21
1367 18
1368 21
1369 26
1370 25
1371 16
1372 20
1373 21
1374 23
1375 24
1376 17
1377 33
1378 22
1379 15
1380 16
1381 15
1382 27
1383 23
1384 24
1385 20
1386 32
1387 22
1388 22
1389 20
1390 21
1391 22
1392 24
1393 29
1394 23
1395 17
1396 18
1397 19
1398 32
1399 22
1400 21
1401 34
1402 17
1403 15
1404 13
1405 22
1406 22
1407 17
1408 13
1409 18
1410 13
1411 27
1412 31
1413 17
1414 25
1415 22
1416 25
1417 27
1418 20
1419 26
1420 36
1421 35
1422 42
1423 52
1424 48
1425 69
1426 73
1427 76
1428 83
1429 116
1430 124
1431 158
1432 182
1433 205
1434 198
1435 230
1436 292
1437 293
1438 267
1439 294
1440 276
1441 225
1442 204
1443 258
1444 182
1445 154
1446 141
1447 98
1448 82
1449 99
1450 69
1451 57
1452 43
1453 36
1454 26
1455 24
1456 24
1457 22
1458 19
1459 23
1460 22
1461 26
1462 22
1463 25
1464 24
1465 17
1466 15
1467 20
1468 28
1469 20
1470 27
1471 16
1472 24
1473 23
1474 26
1475 14
1476 25
1477 23
1478 23
1479 22
1480 29
1481 20
1482 25
1483 28
1484 22
1485 19
1486 15
1487 18
1488 19
1489 26
1490 20
1491 23
1492 16
1493 25
1494 20
1495 25
1496 21
1497 21
1498 21
1499 21
1500 20
1501 18
1502 16
1503 18
1504 23
1505 14
1506 27
1507 25
1508 17
1509 18
1510 16
1511 17
1512 19
1513 32
1514 15
1515 18
1516 16
1517 22
1518 9
1519 20
1520 13
1521 22
1522 21
1523 19
1524 15
1525 15
1526 20
1527 20
1528 21
1529 15
1530 21
1531 16
1532 9
1533 25
1534 20
1535 29
1536 18
1537 22
1538 22
1539 14
1540 19
1541 23
1542 15
1543 25
1544 20
1545 23
1546 21
1547 35
1548 29
1549 22
1550 12
1551 25
1552 17
1553 19
1554 20
1555 24
1556 22
1557 21
1558 22
1559 24
1560 19
1561 13
1562 27
1563 15
1564 21
1565 19
1566 14
1567 16
1568 18
1569 23
1570 16
1571 18
1572 21
1573 19
1574 20
1575 25
1576 22
1577 26
1578 24
1579 21
1580 20
1581 17
1582 17
1583 22
1584 23
1585 29
1586 19
1587 25
1588 25
1589 15
1590 22
1591 21
1592 27
1593 17
1594 18
1595 21
1596 18
1597 23
1598 17
1599 24
1600 20
1601 20
1602 24
1603 19
1604 24
1605 13
1606 9
1607 21
1608 19
1609 23
1610 14
1611 15
1612 25
1613 11
1614 18
1615 18
1616 20
1617 16
1618 19
1619 14
1620 14
1621 13
1622 17
1623 19
1624 20
1625 21
1626 19
1627 20
1628 21
1629 20
1630 17
1631 22
1632 25
1633 26
1634 19
1635 22
1636 27
1637 15
1638 26
1639 20
1640 18
1641 22
1642 20
1643 25
1644 19
1645 15
1646 23
1647 18
1648 23
1649 14
1650 21
1651 18
1652 17
1653 24
1654 18
1655 21
1656 23
1657 19
1658 15
1659 14
1660 21
1661 10
1662 12
1663 22
1664 14
1665 28
1666 19
1667 22
1668 22
1669 23
1670 18
1671 24
1672 19
1673 21
1674 24
1675 18
1676 14
1677 25
1678 19
1679 21
1680 24
1681 22
1682 24
1683 25
1684 13
1685 20
1686 10
1687 11
1688 20
1689 20
1690 18
1691 19
1692 16
1693 18
1694 22
1695 16
1696 19
1697 18
1698 25
1699 20
1700 21
1701 17
1702 16
1703 13
1704 23
1705 13
1706 19
1707 20
1708 18
1709 21
1710 16
1711 9
1712 19
1713 17
1714 12
1715 16
1716 22
1717 11
1718 15
1719 25
1720 20
1721 20
1722 19
1723 19
1724 15
1725 20
1726 16
1727 19
1728 10
1729 11
1730 19
1731 15
1732 15
1733 16
1734 27
1735 23
1736 22
1737 16
1738 16
1739 21
1740 13
1741 18
1742 24
1743 22
1744 23
1745 21
1746 18
1747 20
1748 14
1749 21
1750 18
1751 13
1752 16
1753 19
1754 25
1755 15
1756 20
1757 13
1758 26
1759 18
1760 21
1761 18
1762 14
1763 19
1764 18
1765 19
1766 20
1767 20
1768 14
1769 15
1770 11
1771 19
1772 13
1773 16
1774 19
1775 17
1776 24
1777 19
1778 14
1779 18
1780 21
1781 15
1782 16
1783 11
1784 11
1785 11
1786 24
1787 15
1788 12
1789 20
1790 13
1791 21
1792 20
1793 18
1794 15
1795 8
1796 16
1797 17
1798 15
1799 23
1800 20
1801 15
1802 21
1803 20
1804 24
1805 21
1806 23
1807 24
1808 23
1809 15
1810 14
1811 24
1812 20
1813 17
1814 14
1815 17
1816 19
1817 14
1818 30
1819 19
1820 18
1821 17
1822 17
1823 19
1824 15
1825 21
1826 18
1827 18
1828 13
1829 18
1830 18
1831 20
1832 7
1833 19
1834 25
1835 19
1836 15
1837 12
1838 19
1839 26
1840 20
1841 21
1842 24
1843 18
1844 15
1845 12
1846 10
1847 21
1848 18
1849 18
1850 18
1851 19
1852 23
1853 13
1854 12
1855 25
1856 27
1857 20
1858 15
1859 16
1860 11
1861 12
1862 16
1863 13
1864 21
1865 13
1866 27
1867 19
1868 18
1869 18
1870 17
1871 26
1872 19
1873 21
1874 18
1875 12
1876 25
1877 16
1878 14
1879 29
1880 16
1881 19
1882 15
1883 17
1884 15
1885 17
1886 16
1887 17
1888 11
1889 12
1890 18
1891 24
1892 28
1893 16
1894 19
1895 16
1896 18
1897 23
1898 26
1899 26
1900 37
1901 41
1902 46
1903 34
1904 52
1905 53
1906 67
1907 73
1908 81
1909 84
1910 102
1911 80
1912 88
1913 123
1914 122
1915 137
1916 112
1917 113
1918 108
1919 102
1920 80
1921 79
1922 122
1923 101
1924 56
1925 56
1926 63
1927 45
1928 47
1929 36
1930 43
1931 17
1932 24
1933 29
1934 19
1935 18
1936 25
1937 20
1938 20
1939 18
1940 14
1941 12
1942 22
1943 15
1944 19
1945 21
1946 18
1947 21
1948 13
1949 16
1950 15
1951 15
1952 19
1953 20
1954 13
1955 19
1956 19
1957 19
1958 18
1959 17
1960 18
1961 18
1962 17
1963 19
1964 8
1965 10
1966 21
1967 21
1968 11
1969 17
1970 16
1971 20
1972 13
1973 19
1974 24
1975 11
1976 19
1977 20
1978 9
1979 22
1980 14
1981 13
1982 17
1983 8
1984 18
1985 14
1986 12
1987 16
1988 15
1989 17
1990 18
1991 23
1992 22
1993 20
1994 16
1995 15
1996 13
1997 14
1998 20
1999 15
2000 22
2001 10
2002 19
2003 10
2004 18
2005 20
2006 13
2007 9
2008 17
2009 14
2010 18
2011 16
2012 12
2013 12
2014 21
2015 17
2016 17
2017 15
2018 13
2019 11
2020 14
2021 10
2022 17
2023 17
2024 17
2025 14
2026 11
2027 13
2028 16
2029 19
2030 15
2031 17
2032 13
2033 11
2034 19
2035 14
2036 21
2037 25
2038 12
2039 20
2040 14
2041 20
2042 11
2043 9
2044 12
2045 18
2046 13
2047 18
2048 17
2049 13
2050 17
2051 10
2052 21
2053 13
2054 10
2055 14
2056 12
2057 13
2058 16
2059 11
2060 14
2061 14
2062 14
2063 15
2064 13
2065 7
2066 16
2067 17
2068 16
2069 23
2070 24
2071 26
2072 18
2073 13
2074 15
2075 15
2076 18
2077 10
2078 15
2079 14
2080 15
2081 12
2082 16
2083 13
2084 20
2085 18
2086 17
2087 18
2088 15
2089 16
2090 14
2091 15
2092 13
2093 13
2094 12
2095 9
2096 14
2097 12
2098 19
2099 18
2100 8
2101 12
2102 11
2103 16
2104 14
2105 11
2106 23
2107 21
2108 13
2109 12
2110 17
2111 13
2112 14
2113 18
2114 13
2115 17
2116 15
2117 12
2118 15
2119 9
2120 15
2121 20
2122 13
2123 15
2124 19
2125 14
2126 17
2127 14
2128 17
2129 22
2130 15
2131 14
2132 21
2133 13
2134 22
2135 20
2136 16
2137 15
2138 12
2139 12
2140 14
2141 19
2142 19
2143 14
2144 20
2145 16
2146 18
2147 20
2148 18
2149 28
2150 19
2151 27
2152 13
2153 17
2154 23
2155 32
2156 38
2157 44
2158 43
2159 47
2160 50
2161 40
2162 57
2163 77
2164 67
2165 96
2166 104
2167 110
2168 129
2169 141
2170 195
2171 242
2172 256
2173 345
2174 467
2175 552
2176 596
2177 500
2178 384
2179 390
2180 480
2181 565
2182 561
2183 541
2184 470
2185 350
2186 336
2187 308
2188 341
2189 362
2190 353
2191 314
2192 246
2193 191
2194 133
2195 91
2196 64
2197 61
2198 53
2199 38
2200 42
2201 26
2202 28
2203 24
2204 18
2205 21
2206 19
2207 28
2208 15
2209 15
2210 19
2211 28
2212 15
2213 19
2214 13
2215 16
2216 20
2217 16
2218 11
2219 22
2220 9
2221 14
2222 12
2223 14
2224 14
2225 10
2226 11
2227 17
2228 16
2229 19
2230 10
2231 19
2232 16
2233 13
2234 11
2235 13
2236 19
2237 17
2238 17
2239 15
2240 16
2241 15
2242 17
2243 14
2244 14
2245 14
2246 7
2247 14
2248 22
2249 20
2250 9
2251 14
2252 16
2253 16
2254 17
2255 16
2256 13
2257 17
2258 16
2259 18
2260 9
2261 11
2262 12
2263 13
2264 8
2265 14
2266 12
2267 12
2268 11
2269 12
2270 15
2271 15
2272 12
2273 10
2274 9
2275 8
2276 11
2277 12
2278 13
2279 16
2280 12
2281 14
2282 17
2283 17
2284 16
2285 12
2286 15
2287 14
2288 12
2289 24
2290 15
2291 13
2292 10
2293 26
2294 11
2295 15
2296 14
2297 15
2298 5
2299 18
2300 16
2301 13
2302 17
2303 19
2304 20
2305 15
2306 18
2307 13
2308 19
2309 13
2310 16
2311 13
2312 10
2313 16
2314 13
2315 6
2316 7
2317 16
2318 16
2319 12
2320 10
2321 14
2322 11
2323 14
2324 7
2325 10
2326 17
2327 17
2328 14
2329 10
2330 17
2331 10
2332 13
2333 15
2334 11
2335 14
2336 14
2337 8
2338 13
2339 16
2340 17
2341 12
2342 7
2343 16
2344 18
2345 10
2346 19
2347 9
2348 14
2349 13
2350 18
2351 25
2352 14
2353 14
2354 18
2355 17
2356 11
2357 7
2358 12
2359 18
2360 20
2361 12
2362 14
2363 17
2364 16
2365 21
2366 20
2367 14
2368 18
2369 27
2370 29
2371 29
2372 32
2373 24
2374 33
2375 33
2376 32
2377 32
2378 47
2379 50
2380 47
2381 59
2382 49
2383 62
2384 84
2385 87
2386 109
2387 97
2388 78
2389 95
2390 91
2391 82
2392 94
2393 81
2394 99
2395 97
2396 87
2397 75
2398 94
2399 75
2400 78
2401 36
2402 42
2403 34
2404 32
2405 38
2406 30
2407 33
2408 27
2409 20
2410 19
2411 19
2412 24
2413 17
2414 15
2415 14
2416 10
2417 10
2418 17
2419 8
2420 15
2421 9
2422 10
2423 14
2424 17
2425 12
2426 12
2427 20
2428 9
2429 16
2430 12
2431 17
2432 8
2433 12
2434 17
2435 14
2436 10
2437 8
2438 17
2439 7
2440 11
2441 15
2442 9
2443 12
2444 13
2445 20
2446 8
2447 18
2448 12
2449 13
2450 17
2451 16
2452 10
2453 11
2454 13
2455 7
2456 10
2457 6
2458 8
2459 10
2460 8
2461 12
2462 16
2463 15
2464 10
2465 10
2466 13
2467 9
2468 7
2469 11
2470 14
2471 13
2472 13
2473 4
2474 8
2475 14
2476 11
2477 11
2478 12
2479 9
2480 10
2481 15
2482 9
2483 15
2484 7
2485 15
2486 16
2487 12
2488 19
2489 6
2490 8
2491 14
2492 7
2493 12
2494 10
2495 7
2496 12
2497 7
2498 16
2499 6
2500 13
2501 9
2502 13
2503 13
2504 8
2505 10
2506 11
2507 15
2508 7
2509 13
2510 15
2511 12
2512 15
2513 10
2514 13
2515 18
2516 11
2517 16
2518 10
2519 7
2520 18
2521 12
2522 7
2523 16
2524 6
2525 9
2526 8
2527 12
2528 8
2529 11
2530 13
2531 12
2532 13
2533 9
2534 13
2535 13
2536 10
2537 13
2538 8
2539 14
2540 9
2541 12
2542 11
2543 14
2544 14
2545 13
2546 7
2547 11
2548 5
2549 15
2550 6
2551 11
2552 18
2553 12
2554 10
2555 13
2556 8
2557 9
2558 16
2559 14
