0 38
1 20
2 24
3 28
4 16
5 29
6 25
7 25
8 24
9 28
10 33
11 29
12 17
13 37
14 23
15 26
16 31
17 25
18 19
19 28
20 22
21 33
22 30
23 26
24 26
25 28
26 23
27 19
28 20
29 18
30 33
31 36
32 21
33 17
34 35
35 23
36 22
37 27
38 32
39 24
40 18
41 18
42 22
43 26
44 24
45 24
46 27
47 21
48 18
49 22
50 22
51 23
52 17
53 16
54 27
55 27
56 19
57 28
58 25
59 24
60 19
61 23
62 30
63 23
64 23
65 27
66 22
67 29
68 26
69 19
70 24
71 29
72 26
73 25
74 36
75 24
76 31
77 22
78 20
79 19
80 26
81 32
82 21
83 39
84 38
85 24
86 37
87 23
88 32
89 27
90 30
91 35
92 37
93 24
94 22
95 25
96 32
97 22
98 29
99 24
100 18
101 23
102 27
103 25
104 25
105 31
106 22
107 39
108 19
109 31
110 28
111 43
112 23
113 34
114 24
115 23
116 33
117 25
118 26
119 28
120 20
121 31
122 30
123 27
124 25
125 28
126 30
127 31
128 29
129 34
130 35
131 28
132 24
133 38
134 27
135 28
136 25
137 24
138 27
139 24
140 34
141 29
142 24
143 31
144 32
145 22
146 24
147 27
148 32
149 28
150 34
151 35
152 34
153 37
154 17
155 21
156 24
157 27
158 36
159 27
160 31
161 31
162 26
163 23
164 38
165 27
166 25
167 27
168 35
169 31
170 30
171 31
172 33
173 21
174 27
175 32
176 22
177 14
178 23
179 25
180 35
181 26
182 25
183 38
184 31
185 30
186 27
187 35
188 29
189 38
190 21
191 26
192 24
193 22
194 29
195 30
196 25
197 35
198 25
199 29
200 31
201 37
202 24
203 28
204 19
205 32
206 26
207 33
208 26
209 30
210 33
211 25
212 39
213 28
214 26
215 34
216 17
217 18
218 27
219 30
220 40
221 30
222 28
223 21
224 31
225 34
226 29
227 25
228 31
229 30
230 28
231 29
232 41
233 25
234 29
235 32
236 37
237 22
238 26
239 28
240 24
241 23
242 23
243 35
244 27
245 34
246 25
247 34
248 28
249 26
250 26
251 29
252 29
253 33
254 32
255 24
256 23
257 43
258 29
259 33
260 27
261 38
262 21
263 33
264 25
265 26
266 36
267 26
268 17
269 22
270 37
271 37
272 29
273 31
274 31
275 21
276 30
277 29
278 26
279 15
280 37
281 18
282 37
283 28
284 29
285 24
286 41
287 30
288 37
289 25
290 29
291 35
292 28
293 31
294 28
295 34
296 22
297 26
298 41
299 39
300 21
301 28
302 30
303 34
304 32
305 31
306 31
307 31
308 49
309 46
310 31
311 32
312 25
313 23
314 35
315 27
316 22
317 23
318 25
319 31
320 37
321 38
322 38
323 34
324 30
325 43
326 28
327 29
328 28
329 35
330 20
331 27
332 22
333 29
334 36
335 26
336 29
337 41
338 19
339 29
340 25
341 32
342 34
343 30
344 19
345 27
346 23
347 29
348 41
349 28
350 20
351 29
352 30
353 31
354 23
355 32
356 41
357 25
358 32
359 34
360 34
361 22
362 44
363 36
364 36
365 39
366 29
367 24
368 38
369 34
370 30
371 22
372 25
373 37
374 32
375 27
376 28
377 45
378 38
379 28
380 32
381 35
382 36
383 21
384 25
385 40
386 29
387 32
388 37
389 32
390 33
391 28
392 38
393 28
394 34
395 30
396 20
397 27
398 30
399 33
400 31
401 24
402 37
403 27
404 37
405 23
406 30
407 45
408 28
409 26
410 41
411 36
412 26
413 27
414 39
415 27
416 32
417 30
418 37
419 34
420 36
421 33
422 25
423 45
424 35
425 31
426 28
427 21
428 27
429 21
430 35
431 27
432 29
433 33
434 30
435 28
436 34
437 22
438 39
439 32
440 41
441 33
442 39
443 32
444 24
445 24
446 37
447 18
448 39
449 40
450 32
451 29
452 25
453 40
454 38
455 29
456 25
457 34
458 27
459 32
460 31
461 30
462 39
463 27
464 31
465 33
466 37
467 35
468 50
469 42
470 31
471 35
472 29
473 39
474 35
475 34
476 39
477 44
478 32
479 34
480 39
481 34
482 27
483 34
484 28
485 44
486 34
487 50
488 27
489 30
490 40
491 44
492 47
493 29
494 34
495 36
496 31
497 48
498 37
499 26
500 33
501 28
502 48
503 33
504 30
505 31
506 32
507 35
508 31
509 34
510 48
511 31
512 34
513 37
514 32
515 33
516 29
517 24
518 26
519 29
520 37
521 28
522 27
523 25
524 29
525 35
526 25
527 28
528 39
529 19
530 28
531 32
532 32
533 40
534 49
535 30
536 36
537 40
538 33
539 38
540 42
541 36
542 32
543 39
544 22
545 33
546 33
547 40
548 33
549 39
550 33
551 28
552 30
553 38
554 33
555 39
556 30
557 37
558 31
559 27
560 28
561 39
562 26
563 25
564 39
565 29
566 38
567 39
568 31
569 35
570 30
571 28
572 27
573 35
574 40
575 38
576 45
577 38
578 27
579 32
580 25
581 34
582 45
583 39
584 33
585 26
586 26
587 34
588 32
589 41
590 49
591 34
592 28
593 37
594 42
595 32
596 38
597 29
598 38
599 31
600 40
601 28
602 31
603 40
604 33
605 41
606 36
607 27
608 37
609 38
610 32
611 43
612 30
613 36
614 39
615 48
616 28
617 43
618 39
619 38
620 37
621 49
622 67
623 68
624 65
625 60
626 69
627 67
628 82
629 85
630 103
631 100
632 112
633 113
634 101
635 87
636 104
637 100
638 95
639 105
640 91
641 105
642 106
643 115
644 127
645 102
646 102
647 90
648 92
649 46
650 63
651 53
652 56
653 47
654 45
655 28
656 37
657 27
658 41
659 35
660 36
661 39
662 26
663 27
664 37
665 24
666 37
667 37
668 32
669 39
670 40
671 36
672 27
673 37
674 32
675 23
676 23
677 27
678 35
679 31
680 41
681 37
682 36
683 31
684 45
685 31
686 33
687 36
688 48
689 40
690 37
691 35
692 36
693 42
694 36
695 34
696 22
697 28
698 35
699 23
700 30
701 39
702 44
703 26
704 32
705 36
706 40
707 23
708 45
709 34
710 38
711 40
712 40
713 31
714 46
715 36
716 38
717 35
718 35
719 37
720 41
721 40
722 24
723 32
724 37
725 33
726 34
727 25
728 21
729 32
730 31
731 28
732 33
733 37
734 41
735 30
736 25
737 24
738 30
739 31
740 32
741 42
742 36
743 30
744 44
745 38
746 27
747 30
748 29
749 32
750 42
751 41
752 39
753 41
754 32
755 25
756 36
757 29
758 20
759 39
760 34
761 27
762 31
763 39
764 31
765 32
766 29
767 22
768 30
769 32
770 33
771 45
772 42
773 30
774 29
775 32
776 26
777 35
778 30
779 35
780 30
781 26
782 41
783 22
784 35
785 40
786 44
787 34
788 36
789 32
790 27
791 36
792 29
793 33
794 26
795 31
796 36
797 33
798 32
799 31
800 35
801 27
802 26
803 33
804 38
805 35
806 32
807 47
808 32
809 23
810 37
811 41
812 33
813 35
814 34
815 32
816 38
817 36
818 41
819 35
820 37
821 29
822 36
823 37
824 41
825 33
826 33
827 31
828 33
829 34
830 49
831 35
832 34
833 31
834 27
835 32
836 42
837 33
838 39
839 33
840 35
841 37
842 35
843 34
844 28
845 35
846 38
847 34
848 32
849 37
850 36
851 33
852 24
853 31
854 26
855 39
856 31
857 45
858 29
859 24
860 39
861 27
862 29
863 24
864 35
865 39
866 28
867 39
868 42
869 35
870 34
871 33
872 35
873 34
874 35
875 28
876 41
877 39
878 31
879 30
880 34
881 38
882 27
883 38
884 25
885 30
886 22
887 27
888 33
889 30
890 25
891 27
892 38
893 39
894 30
895 35
896 40
897 37
898 36
899 27
900 41
901 36
902 38
903 31
904 31
905 36
906 33
907 39
908 29
909 35
910 35
911 41
912 38
913 29
914 34
915 25
916 34
917 27
918 20
919 31
920 26
921 21
922 26
923 33
924 32
925 31
926 22
927 44
928 35
929 22
930 30
931 31
932 38
933 30
934 36
935 35
936 23
937 28
938 35
939 24
940 42
941 33
942 24
943 29
944 30
945 36
946 26
947 27
948 36
949 34
950 19
951 18
952 32
953 31
954 25
955 30
956 36
957 41
958 44
959 33
960 24
961 31
962 39
963 26
964 20
965 31
966 24
967 26
968 26
969 31
970 28
971 27
972 28
973 33
974 35
975 33
976 20
977 25
978 27
979 33
980 34
981 27
982 30
983 32
984 23
985 32
986 36
987 37
988 33
989 27
990 35
991 30
992 27
993 33
994 40
995 38
996 36
997 35
998 32
999 30
1000 45
1001 19
1002 28
1003 29
1004 33
1005 24
1006 31
1007 35
1008 21
1009 26
1010 25
1011 40
1012 31
1013 25
1014 26
1015 23
1016 32
1017 29
1018 30
1019 38
1020 33
1021 20
1022 28
1023 27
1024 34
1025 33
1026 32
1027 42
1028 39
1029 32
1030 29
1031 20
1032 19
1033 22
1034 32
1035 36
1036 23
1037 29
1038 23
1039 31
1040 43
1041 26
1042 35
1043 27
1044 28
1045 24
1046 27
1047 26
1048 17
1049 30
1050 30
1051 31
1052 27
1053 34
1054 39
1055 32
1056 28
1057 33
1058 20
1059 27
1060 32
1061 28
1062 32
1063 24
1064 25
1065 27
1066 26
1067 31
1068 33
1069 25
1070 38
1071 27
1072 31
1073 30
1074 18
1075 28
1076 24
1077 31
1078 33
1079 39
1080 32
1081 46
1082 23
1083 30
1084 24
1085 28
1086 29
1087 33
1088 25
1089 25
1090 38
1091 33
1092 25
1093 36
1094 28
1095 38
1096 38
1097 30
1098 26
1099 22
1100 30
1101 24
1102 24
1103 33
1104 26
1105 29
1106 26
1107 25
1108 35
1109 24
1110 36
1111 28
1112 30
1113 26
1114 41
1115 36
1116 24
1117 31
1118 36
1119 26
1120 26
1121 24
1122 37
1123 29
1124 30
1125 30
1126 38
1127 30
1128 26
1129 28
1130 36
1131 39
1132 35
1133 34
1134 23
1135 34
1136 28
1137 25
1138 23
1139 38
1140 24
1141 28
1142 30
1143 23
1144 32
1145 35
1146 38
1147 39
1148 40
1149 25
1150 34
1151 28
1152 22
1153 38
1154 24
1155 25
1156 22
1157 24
1158 31
1159 25
1160 37
1161 30
1162 32
1163 42
1164 41
1165 39
1166 32
1167 47
1168 44
1169 54
1170 47
1171 65
1172 92
1173 89
1174 108
1175 121
1176 147
1177 182
1178 189
1179 199
1180 228
1181 253
1182 280
1183 305
1184 305
1185 341
1186 380
1187 395
1188 450
1189 515
1190 505
1191 399
1192 324
1193 241
1194 192
1195 152
1196 135
1197 141
1198 111
1199 54
1200 60
1201 50
1202 45
1203 44
1204 29
1205 30
1206 30
1207 32
1208 24
1209 31
1210 29
1211 34
1212 40
1213 21
1214 27
1215 27
1216 41
1217 30
1218 24
1219 36
1220 32
1221 24
1222 37
1223 38
1224 27
1225 28
1226 27
1227 19
1228 21
1229 33
1230 29
1231 21
1232 21
1233 28
1234 29
1235 28
1236 33
1237 34
1238 22
1239 31
1240 43
1241 34
1242 26
1243 29
1244 21
1245 21
1246 31
1247 21
1248 23
1249 32
1250 26
1251 29
1252 29
1253 29
1254 23
1255 36
1256 34
1257 27
1258 29
1259 36
1260 33
1261 30
1262 25
1263 20
1264 23
1265 28
1266 25
1267 29
1268 30
1269 23
1270 17
1271 17
1272 17
1273 22
1274 21
1275 21
1276 14
1277 20
1278 9
1279 2
1280 27
1281 25
1282 24
1283 28
1284 13
1285 24
1286 30
1287 20
1288 16
1289 21
1290 21
1291 26
1292 22
1293 24
1294 19
1295 20
1296 18
1297 20
1298 17
1299 25
1300 25
1301 26
1302 26
1303 28
1304 21
1305 15
1306 14
1307 16
1308 20
1309 24
1310 23
1311 16
1312 21
1313 14
1314 21
1315 33
1316 31
1317 23
1318 18
1319 15
1320 17
1321 27
1322 15
1323 18
1324 23
1325 21
1326 17
1327 26
1328 22
1329 21
1330 19
1331 19
1332 22
1333 26
1334 22
1335 18
1336 20
1337 15
1338 21
1339 23
1340 18
1341 24
1342 20
1343 16
1344 26
1345 30
1346 23
1347 19
1348 25
1349 26
1350 29
1351 28
1352 29
1353 13
1354 14
1355 14
1356 23
1357 23
1358 21
1359 25
1360 20
1361 15
1362 25
1363 18
1364 19
1365 17
1366 19
1367 26
1368 30
1369 19
1370 16
1371 25
1372 18
1373 17
1374 25
1375 17
1376 18
1377 19
1378 18
1379 29
1380 21
1381 23
1382 26
1383 12
1384 20
1385 18
1386 19
1387 20
1388 23
1389 20
1390 22
1391 28
1392 21
1393 21
1394 27
1395 20
1396 26
1397 14
1398 25
1399 18
1400 27
1401 39
1402 24
1403 25
1404 25
1405 31
1406 31
1407 44
1408 36
1409 33
1410 36
1411 35
1412 35
1413 42
1414 32
1415 33
1416 23
1417 27
1418 28
1419 31
1420 26
1421 26
1422 29
1423 19
1424 18
1425 28
1426 20
1427 30
1428 19
1429 24
1430 27
1431 23
1432 19
1433 26
1434 21
1435 20
1436 22
1437 21
1438 17
1439 16
1440 13
1441 20
1442 11
1443 24
1444 23
1445 20
1446 17
1447 16
1448 10
1449 23
1450 15
1451 16
1452 19
1453 14
1454 17
1455 21
1456 22
1457 28
1458 23
1459 22
1460 14
1461 22
1462 21
1463 24
1464 26
1465 27
1466 24
1467 14
1468 24
1469 21
1470 23
1471 21
1472 24
1473 25
1474 24
1475 20
1476 21
1477 27
1478 30
1479 27
1480 30
1481 32
1482 37
1483 29
1484 50
1485 49
1486 49
1487 67
1488 70
1489 94
1490 159
1491 146
1492 127
1493 160
1494 193
1495 262
1496 224
1497 168
1498 204
1499 208
1500 155
1501 133
1502 122
1503 107
1504 96
1505 70
1506 77
1507 63
1508 39
1509 23
1510 23
1511 30
1512 19
1513 17
1514 21
1515 19
1516 31
1517 20
1518 18
1519 29
1520 19
1521 20
1522 11
1523 29
1524 27
1525 19
1526 23
1527 12
1528 22
1529 29
1530 22
1531 12
1532 20
1533 18
1534 18
1535 27
1536 16
1537 16
1538 14
1539 19
1540 22
1541 20
1542 18
1543 19
1544 12
1545 14
1546 21
1547 17
1548 19
1549 20
1550 20
1551 20
1552 19
1553 14
1554 16
1555 21
1556 21
1557 16
1558 27
1559 19
1560 17
1561 13
1562 17
1563 19
1564 20
1565 25
1566 21
1567 18
1568 16
1569 23
1570 19
1571 26
1572 15
1573 20
1574 19
1575 14
1576 16
1577 16
1578 15
1579 12
1580 17
1581 17
1582 21
1583 17
1584 21
1585 16
1586 20
1587 17
1588 22
1589 12
1590 29
1591 21
1592 17
1593 22
1594 20
1595 19
1596 24
1597 20
1598 23
1599 15
1600 23
1601 14
1602 16
1603 16
1604 18
1605 12
1606 13
1607 16
1608 15
1609 19
1610 19
1611 19
1612 16
1613 17
1614 17
1615 12
1616 11
1617 19
1618 17
1619 16
1620 16
1621 16
1622 27
1623 19
1624 21
1625 19
1626 14
1627 24
1628 23
1629 21
1630 24
1631 25
1632 18
1633 20
1634 14
1635 14
1636 15
1637 12
1638 27
1639 17
1640 19
1641 12
1642 22
1643 28
1644 17
1645 12
1646 27
1647 21
1648 29
1649 13
1650 14
1651 14
1652 23
1653 12
1654 26
1655 12
1656 26
1657 18
1658 21
1659 20
1660 13
1661 17
1662 22
1663 14
1664 27
1665 19
1666 13
1667 19
1668 14
1669 23
1670 19
1671 28
1672 18
1673 13
1674 26
1675 25
1676 22
1677 21
1678 17
1679 16
1680 22
1681 18
1682 15
1683 21
1684 19
1685 19
1686 22
1687 18
1688 20
1689 17
1690 21
1691 19
1692 17
1693 12
1694 15
1695 25
1696 13
1697 13
1698 20
1699 18
1700 20
1701 18
1702 10
1703 19
1704 15
1705 23
1706 22
1707 23
1708 16
1709 25
1710 14
1711 13
1712 13
1713 12
1714 9
1715 25
1716 11
1717 23
1718 15
1719 17
1720 16
1721 15
1722 18
1723 15
1724 19
1725 11
1726 27
1727 24
1728 21
1729 15
1730 13
1731 18
1732 13
1733 14
1734 15
1735 16
1736 20
1737 11
1738 11
1739 18
1740 22
1741 20
1742 13
1743 14
1744 23
1745 19
1746 23
1747 25
1748 16
1749 11
1750 14
1751 15
1752 10
1753 15
1754 24
1755 12
1756 15
1757 18
1758 15
1759 4
1760 12
1761 17
1762 23
1763 13
1764 14
1765 12
1766 16
1767 12
1768 20
1769 13
1770 19
1771 21
1772 8
1773 12
1774 22
1775 17
1776 14
1777 22
1778 11
1779 20
1780 17
1781 15
1782 22
1783 17
1784 26
1785 15
1786 14
1787 14
1788 13
1789 14
1790 14
1791 13
1792 13
1793 16
1794 17
1795 10
1796 17
1797 16
1798 23
1799 18
1800 26
1801 16
1802 17
1803 14
1804 15
1805 20
1806 11
1807 14
1808 15
1809 14
1810 20
1811 18
1812 16
1813 14
1814 16
1815 19
1816 16
1817 17
1818 26
1819 16
1820 14
1821 20
1822 22
1823 16
1824 21
1825 18
1826 15
1827 19
1828 17
1829 26
1830 16
1831 12
1832 12
1833 19
1834 20
1835 15
1836 20
1837 10
1838 16
1839 10
1840 16
1841 17
1842 11
1843 21
1844 18
1845 14
1846 21
1847 17
1848 12
1849 14
1850 18
1851 17
1852 14
1853 18
1854 16
1855 21
1856 14
1857 23
1858 15
1859 15
1860 17
1861 20
1862 16
1863 20
1864 15
1865 9
1866 12
1867 17
1868 8
1869 18
1870 13
1871 15
1872 19
1873 22
1874 22
1875 17
1876 18
1877 11
1878 25
1879 14
1880 10
1881 11
1882 14
1883 16
1884 18
1885 22
1886 12
1887 13
1888 16
1889 18
1890 19
1891 11
1892 15
1893 15
1894 21
1895 15
1896 17
1897 17
1898 15
1899 18
1900 16
1901 16
1902 11
1903 21
1904 13
1905 14
1906 16
1907 14
1908 10
1909 15
1910 14
1911 22
1912 14
1913 17
1914 18
1915 17
1916 11
1917 14
1918 17
1919 17
1920 12
1921 22
1922 16
1923 25
1924 26
1925 24
1926 25
1927 18
1928 17
1929 22
1930 21
1931 14
1932 18
1933 18
1934 23
1935 16
1936 12
1937 19
1938 16
1939 15
1940 23
1941 18
1942 16
1943 22
1944 31
1945 22
1946 14
1947 12
1948 13
1949 14
1950 12
1951 10
1952 13
1953 16
1954 21
1955 21
1956 22
1957 23
1958 17
1959 12
1960 18
1961 16
1962 18
1963 17
1964 18
1965 17
1966 24
1967 30
1968 32
1969 34
1970 34
1971 27
1972 40
1973 37
1974 60
1975 64
1976 63
1977 85
1978 102
1979 111
1980 121
1981 94
1982 117
1983 115
1984 109
1985 129
1986 154
1987 133
1988 111
1989 87
1990 48
1991 60
1992 44
1993 50
1994 33
1995 33
1996 36
1997 42
1998 34
1999 16
2000 26
2001 20
2002 28
2003 20
2004 13
2005 16
2006 15
2007 7
2008 10
2009 18
2010 19
2011 13
2012 25
2013 15
2014 16
2015 14
2016 19
2017 18
2018 14
2019 17
2020 15
2021 21
2022 15
2023 22
2024 17
2025 18
2026 18
2027 22
2028 16
2029 23
2030 13
2031 16
2032 15
2033 18
2034 13
2035 10
2036 17
2037 8
2038 10
2039 12
2040 13
2041 14
2042 10
2043 16
2044 13
2045 16
2046 9
2047 16
2048 11
2049 11
2050 15
2051 10
2052 14
2053 10
2054 9
2055 14
2056 14
2057 8
2058 11
2059 10
2060 8
2061 15
2062 18
2063 14
2064 11
2065 15
2066 13
2067 14
2068 17
2069 11
2070 17
2071 8
2072 10
2073 14
2074 17
2075 16
2076 13
2077 8
2078 13
2079 9
2080 17
2081 10
2082 10
2083 9
2084 19
2085 23
2086 19
2087 7
2088 20
2089 20
2090 21
2091 9
2092 15
2093 13
2094 9
2095 16
2096 10
2097 7
2098 22
2099 14
2100 10
2101 14
2102 9
2103 8
2104 11
2105 15
2106 16
2107 10
2108 16
2109 13
2110 6
2111 19
2112 14
2113 16
2114 15
2115 13
2116 15
2117 25
2118 20
2119 8
2120 17
2121 14
2122 18
2123 10
2124 11
2125 12
2126 9
2127 12
2128 13
2129 13
2130 17
2131 9
2132 16
2133 13
2134 9
2135 24
2136 20
2137 14
2138 18
2139 14
2140 18
2141 21
2142 15
2143 20
2144 21
2145 16
2146 18
2147 15
2148 13
2149 8
2150 21
2151 7
2152 6
2153 14
2154 14
2155 9
2156 23
2157 21
2158 14
2159 13
2160 15
2161 7
2162 17
2163 9
2164 19
2165 22
2166 21
2167 16
2168 10
2169 16
2170 9
2171 9
2172 13
2173 10
2174 15
2175 13
2176 10
2177 15
2178 14
2179 14
2180 15
2181 8
2182 10
2183 19
2184 22
2185 14
2186 7
2187 17
2188 16
2189 12
2190 13
2191 11
2192 12
2193 17
2194 12
2195 12
2196 13
2197 14
2198 10
2199 10
2200 11
2201 13
2202 10
2203 17
2204 18
2205 8
2206 11
2207 14
2208 18
2209 12
2210 16
2211 13
2212 18
2213 8
2214 19
2215 13
2216 20
2217 19
2218 19
2219 16
2220 16
2221 19
2222 14
2223 17
2224 21
2225 13
2226 23
2227 25
2228 22
2229 24
2230 28
2231 41
2232 29
2233 47
2234 43
2235 41
2236 56
2237 58
2238 83
2239 93
2240 131
2241 174
2242 186
2243 192
2244 230
2245 299
2246 319
2247 406
2248 448
2249 553
2250 577
2251 487
2252 483
2253 575
2254 704
2255 560
2256 487
2257 487
2258 577
2259 508
2260 407
2261 403
2262 312
2263 226
2264 134
2265 133
2266 138
2267 105
2268 98
2269 72
2270 82
2271 58
2272 27
2273 36
2274 22
2275 24
2276 26
2277 21
2278 17
2279 14
2280 20
2281 14
2282 13
2283 17
2284 16
2285 18
2286 18
2287 17
2288 14
2289 12
2290 14
2291 21
2292 9
2293 17
2294 11
2295 10
2296 23
2297 14
2298 15
2299 14
2300 15
2301 15
2302 20
2303 21
2304 14
2305 13
2306 18
2307 16
2308 16
2309 20
2310 16
2311 17
2312 19
2313 15
2314 11
2315 21
2316 16
2317 7
2318 13
2319 20
2320 13
2321 14
2322 16
2323 13
2324 15
2325 16
2326 13
2327 20
2328 14
2329 19
2330 15
2331 14
2332 13
2333 9
2334 17
2335 14
2336 18
2337 16
2338 20
2339 14
2340 16
2341 14
2342 12
2343 22
2344 16
2345 15
2346 21
2347 10
2348 10
2349 15
2350 15
2351 13
2352 7
2353 12
2354 15
2355 13
2356 17
2357 20
2358 15
2359 16
2360 8
2361 13
2362 12
2363 7
2364 13
2365 15
2366 14
2367 13
2368 15
2369 16
2370 13
2371 17
2372 20
2373 18
2374 15
2375 21
2376 10
2377 20
2378 10
2379 14
2380 17
2381 11
2382 15
2383 15
2384 13
2385 14
2386 15
2387 15
2388 13
2389 16
2390 13
2391 15
2392 10
2393 12
2394 13
2395 15
2396 18
2397 14
2398 9
2399 14
2400 9
2401 10
2402 13
2403 12
2404 11
2405 14
2406 16
2407 16
2408 17
2409 10
2410 11
2411 14
2412 10
2413 16
2414 11
2415 8
2416 7
2417 13
2418 10
2419 15
2420 15
2421 7
2422 7
2423 11
2424 15
2425 12
2426 16
2427 10
2428 7
2429 17
2430 16
2431 17
2432 10
2433 17
2434 14
2435 9
2436 15
2437 9
2438 13
2439 13
2440 13
2441 17
2442 21
2443 20
2444 22
2445 9
2446 20
2447 16
2448 12
2449 14
2450 37
2451 23
2452 28
2453 33
2454 41
2455 41
2456 54
2457 50
2458 37
2459 64
2460 68
2461 82
2462 85
2463 71
2464 77
2465 93
2466 60
2467 66
2468 76
2469 98
2470 75
2471 76
2472 63
2473 57
2474 46
2475 52
2476 41
2477 48
2478 51
2479 44
2480 40
2481 26
2482 32
2483 33
2484 22
2485 13
2486 25
2487 15
2488 16
2489 13
2490 8
2491 20
2492 11
2493 11
2494 8
2495 15
2496 13
2497 12
2498 15
2499 9
2500 12
2501 17
2502 13
2503 14
2504 15
2505 19
2506 12
2507 14
2508 18
2509 10
2510 13
2511 12
2512 13
2513 10
2514 10
2515 12
2516 14
2517 13
2518 15
2519 13
2520 10
2521 14
2522 14
2523 10
2524 13
2525 14
2526 14
2527 21
2528 7
2529 11
2530 17
2531 13
2532 11
2533 9
2534 8
2535 8
2536 12
2537 11
2538 10
2539 9
2540 15
2541 12
2542 8
2543 11
2544 10
2545 9
2546 12
2547 15
2548 17
2549 11
2550 12
2551 13
2552 8
2553 15
2554 9
2555 14
2556 17
2557 13
2558 7
2559 12
