0 24
1 20
2 23
3 17
4 25
5 28
6 25
7 31
8 23
9 36
10 15
11 33
12 28
13 29
14 23
15 21
16 21
17 25
18 17
19 32
20 20
21 30
22 16
23 16
24 23
25 18
26 18
27 26
28 29
29 21
30 27
31 24
32 28
33 27
34 24
35 28
36 17
37 27
38 20
39 26
40 24
41 27
42 26
43 22
44 30
45 19
46 28
47 39
48 26
49 21
50 26
51 31
52 31
53 23
54 28
55 28
56 35
57 26
58 30
59 26
60 28
61 20
62 24
63 25
64 20
65 20
66 18
67 32
68 25
69 17
70 31
71 26
72 20
73 24
74 22
75 25
76 26
77 26
78 29
79 32
80 31
81 25
82 20
83 22
84 20
85 23
86 31
87 27
88 30
89 22
90 23
91 25
92 27
93 17
94 13
95 23
96 25
97 26
98 24
99 26
100 21
101 34
102 20
103 28
104 14
105 24
106 24
107 25
108 29
109 21
110 30
111 16
112 29
113 26
114 21
115 20
116 29
117 19
118 32
119 22
120 25
121 21
122 30
123 22
124 21
125 33
126 28
127 28
128 19
129 21
130 23
131 31
132 21
133 28
134 21
135 29
136 19
137 18
138 24
139 33
140 19
141 28
142 25
143 26
144 24
145 32
146 25
147 28
148 34
149 30
150 24
151 21
152 23
153 21
154 24
155 17
156 30
157 23
158 30
159 21
160 22
161 25
162 25
163 26
164 28
165 20
166 24
167 22
168 26
169 32
170 44
171 27
172 23
173 28
174 31
175 32
176 27
177 19
178 29
179 35
180 26
181 15
182 28
183 21
184 23
185 22
186 30
187 42
188 29
189 38
190 21
191 25
192 31
193 18
194 24
195 27
196 29
197 32
198 28
199 22
200 42
201 30
202 28
203 34
204 28
205 33
206 35
207 25
208 21
209 26
210 35
211 22
212 32
213 31
214 33
215 19
216 17
217 20
218 19
219 33
220 29
221 27
222 40
223 20
224 26
225 30
226 31
227 33
228 21
229 29
230 23
231 32
232 29
233 27
234 31
235 20
236 29
237 24
238 35
239 26
240 27
241 23
242 20
243 27
244 23
245 20
246 29
247 21
248 28
249 43
250 25
251 33
252 35
253 29
254 26
255 20
256 32
257 34
258 34
259 20
260 33
261 35
262 28
263 21
264 32
265 28
266 26
267 26
268 20
269 29
270 26
271 22
272 32
273 28
274 38
275 24
276 22
277 33
278 36
279 22
280 33
281 34
282 25
283 28
284 33
285 22
286 26
287 42
288 31
289 42
290 19
291 27
292 31
293 36
294 20
295 34
296 30
297 21
298 34
299 33
300 23
301 29
302 32
303 27
304 40
305 32
306 27
307 27
308 30
309 34
310 31
311 34
312 32
313 45
314 38
315 35
316 20
317 28
318 42
319 32
320 37
321 27
322 26
323 31
324 29
325 35
326 24
327 30
328 30
329 23
330 23
331 24
332 27
333 29
334 22
335 23
336 31
337 27
338 22
339 27
340 25
341 35
342 30
343 26
344 23
345 31
346 26
347 26
348 34
349 45
350 31
351 14
352 20
353 33
354 46
355 33
356 40
357 39
358 31
359 30
360 27
361 27
362 30
363 26
364 35
365 28
366 24
367 34
368 22
369 24
370 28
371 47
372 40
373 31
374 35
375 25
376 30
377 36
378 21
379 25
380 30
381 20
382 32
383 23
384 28
385 20
386 37
387 38
388 28
389 40
390 23
391 31
392 43
393 40
394 29
395 26
396 24
397 36
398 37
399 27
400 28
401 30
402 26
403 26
404 33
405 33
406 19
407 43
408 39
409 30
410 35
411 32
412 26
413 21
414 32
415 44
416 35
417 38
418 39
419 24
420 31
421 32
422 35
423 35
424 32
425 33
426 27
427 37
428 29
429 32
430 34
431 22
432 23
433 20
434 26
435 27
436 19
437 16
438 31
439 35
440 40
441 35
442 15
443 32
444 36
445 49
446 33
447 38
448 31
449 39
450 35
451 33
452 30
453 36
454 27
455 31
456 25
457 26
458 33
459 46
460 38
461 35
462 34
463 33
464 36
465 33
466 35
467 45
468 34
469 26
470 21
471 27
472 29
473 43
474 25
475 34
476 37
477 34
478 39
479 49
480 31
481 34
482 35
483 34
484 42
485 29
486 29
487 23
488 37
489 42
490 36
491 40
492 47
493 39
494 29
495 31
496 37
497 20
498 33
499 26
500 26
501 31
502 38
503 34
504 30
505 34
506 43
507 37
508 34
509 27
510 28
511 42
512 38
513 38
514 41
515 39
516 33
517 28
518 26
519 33
520 29
521 31
522 42
523 31
524 33
525 31
526 32
527 39
528 27
529 40
530 36
531 34
532 46
533 42
534 26
535 32
536 39
537 32
538 42
539 33
540 39
541 29
542 35
543 37
544 31
545 42
546 27
547 36
548 28
549 31
550 28
551 34
552 32
553 36
554 30
555 35
556 45
557 38
558 39
559 24
560 26
561 36
562 35
563 21
564 38
565 32
566 41
567 36
568 32
569 34
570 24
571 38
572 27
573 27
574 27
575 36
576 29
577 29
578 37
579 42
580 33
581 38
582 39
583 30
584 40
585 43
586 25
587 35
588 28
589 28
590 31
591 27
592 29
593 23
594 45
595 40
596 41
597 32
598 37
599 30
600 36
601 30
602 30
603 30
604 36
605 30
606 35
607 28
608 38
609 36
610 28
611 28
612 34
613 39
614 36
615 35
616 38
617 29
618 20
619 34
620 37
621 42
622 53
623 36
624 39
625 39
626 37
627 32
628 24
629 28
630 37
631 36
632 33
633 26
634 31
635 42
636 52
637 31
638 42
639 40
640 38
641 60
642 36
643 36
644 57
645 42
646 47
647 58
648 53
649 47
650 71
651 67
652 94
653 108
654 129
655 120
656 116
657 121
658 98
659 89
660 81
661 82
662 95
663 73
664 63
665 69
666 73
667 54
668 53
669 53
670 57
671 42
672 36
673 40
674 31
675 34
676 35
677 36
678 26
679 30
680 36
681 25
682 32
683 28
684 38
685 33
686 35
687 38
688 41
689 38
690 37
691 35
692 34
693 33
694 41
695 35
696 30
697 32
698 36
699 40
700 40
701 46
702 29
703 34
704 39
705 40
706 33
707 47
708 32
709 24
710 37
711 39
712 26
713 28
714 37
715 32
716 22
717 28
718 43
719 35
720 37
721 32
722 29
723 30
724 35
725 26
726 38
727 35
728 32
729 26
730 42
731 32
732 25
733 30
734 35
735 32
736 37
737 31
738 33
739 45
740 36
741 31
742 27
743 32
744 41
745 25
746 35
747 28
748 27
749 25
750 31
751 33
752 32
753 24
754 22
755 35
756 32
757 34
758 38
759 30
760 36
761 35
762 28
763 46
764 29
765 31
766 38
767 27
768 39
769 32
770 28
771 36
772 34
773 29
774 34
775 30
776 27
777 40
778 37
779 40
780 36
781 31
782 28
783 26
784 40
785 31
786 32
787 25
788 37
789 25
790 31
791 35
792 36
793 28
794 28
795 37
796 29
797 42
798 37
799 16
800 32
801 30
802 22
803 28
804 29
805 34
806 36
807 40
808 25
809 37
810 48
811 47
812 38
813 30
814 35
815 30
816 33
817 29
818 25
819 34
820 24
821 30
822 34
823 33
824 38
825 30
826 26
827 41
828 37
829 27
830 42
831 30
832 32
833 35
834 42
835 19
836 25
837 33
838 29
839 28
840 25
841 37
842 32
843 36
844 42
845 38
846 42
847 46
848 32
849 35
850 37
851 36
852 36
853 42
854 27
855 26
856 25
857 21
858 28
859 27
860 30
861 33
862 46
863 32
864 36
865 37
866 23
867 31
868 29
869 31
870 29
871 37
872 36
873 37
874 28
875 30
876 44
877 26
878 31
879 24
880 35
881 32
882 24
883 36
884 34
885 40
886 28
887 30
888 30
889 29
890 41
891 32
892 28
893 30
894 38
895 33
896 33
897 40
898 25
899 36
900 23
901 32
902 28
903 30
904 31
905 37
906 36
907 27
908 38
909 40
910 29
911 25
912 26
913 23
914 42
915 36
916 33
917 36
918 30
919 36
920 24
921 31
922 43
923 29
924 32
925 21
926 32
927 28
928 34
929 31
930 33
931 34
932 21
933 35
934 34
935 32
936 37
937 37
938 23
939 33
940 28
941 35
942 23
943 41
944 35
945 33
946 32
947 31
948 28
949 25
950 23
951 27
952 28
953 26
954 24
955 31
956 42
957 27
958 28
959 23
960 27
961 26
962 19
963 31
964 31
965 30
966 24
967 28
968 32
969 30
970 31
971 46
972 33
973 24
974 27
975 20
976 30
977 25
978 34
979 28
980 27
981 33
982 17
983 18
984 33
985 21
986 28
987 22
988 33
989 25
990 44
991 32
992 23
993 15
994 27
995 23
996 27
997 24
998 35
999 30
1000 22
1001 22
1002 34
1003 33
1004 41
1005 33
1006 30
1007 36
1008 32
1009 28
1010 32
1011 36
1012 23
1013 28
1014 29
1015 40
1016 29
1017 42
1018 33
1019 25
1020 36
1021 28
1022 28
1023 25
1024 33
1025 39
1026 32
1027 31
1028 34
1029 31
1030 43
1031 35
1032 30
1033 30
1034 37
1035 36
1036 32
1037 36
1038 37
1039 27
1040 39
1041 31
1042 20
1043 30
1044 27
1045 36
1046 28
1047 26
1048 32
1049 35
1050 27
1051 30
1052 24
1053 24
1054 35
1055 37
1056 41
1057 32
1058 31
1059 20
1060 28
1061 36
1062 35
1063 26
1064 37
1065 25
1066 29
1067 41
1068 33
1069 28
1070 29
1071 32
1072 26
1073 40
1074 26
1075 35
1076 32
1077 28
1078 33
1079 27
1080 27
1081 31
1082 23
1083 23
1084 38
1085 32
1086 29
1087 43
1088 30
1089 31
1090 33
1091 33
1092 31
1093 28
1094 28
1095 28
1096 25
1097 29
1098 27
1099 27
1100 34
1101 31
1102 34
1103 39
1104 31
1105 23
1106 31
1107 22
1108 29
1109 17
1110 35
1111 31
1112 33
1113 29
1114 30
1115 31
1116 22
1117 25
1118 19
1119 26
1120 29
1121 15
1122 29
1123 35
1124 28
1125 29
1126 41
1127 33
1128 29
1129 35
1130 38
1131 28
1132 20
1133 32
1134 24
1135 40
1136 25
1137 28
1138 22
1139 42
1140 30
1141 35
1142 28
1143 15
1144 16
1145 32
1146 29
1147 34
1148 37
1149 24
1150 36
1151 22
1152 41
1153 25
1154 35
1155 28
1156 40
1157 30
1158 22
1159 31
1160 19
1161 32
1162 39
1163 26
1164 36
1165 37
1166 41
1167 27
1168 22
1169 32
1170 28
1171 23
1172 32
1173 29
1174 20
1175 23
1176 28
1177 38
1178 32
1179 29
1180 26
1181 32
1182 17
1183 28
1184 32
1185 30
1186 22
1187 35
1188 41
1189 52
1190 45
1191 59
1192 55
1193 48
1194 66
1195 88
1196 88
1197 110
1198 150
1199 231
1200 218
1201 301
1202 309
1203 396
1204 505
1205 591
1206 608
1207 629
1208 574
1209 577
1210 603
1211 559
1212 516
1213 434
1214 330
1215 290
1216 227
1217 177
1218 121
1219 85
1220 52
1221 47
1222 41
1223 36
1224 38
1225 36
1226 41
1227 40
1228 31
1229 28
1230 30
1231 39
1232 23
1233 29
1234 26
1235 39
1236 33
1237 47
1238 29
1239 30
1240 22
1241 36
1242 24
1243 30
1244 36
1245 28
1246 36
1247 32
1248 33
1249 27
1250 31
1251 34
1252 37
1253 24
1254 27
1255 31
1256 17
1257 27
1258 36
1259 25
1260 31
1261 28
1262 29
1263 27
1264 25
1265 34
1266 18
1267 17
1268 22
1269 25
1270 23
1271 27
1272 13
1273 10
1274 20
1275 20
1276 26
1277 13
1278 5
1279 4
1280 25
1281 29
1282 24
1283 22
1284 25
1285 24
1286 28
1287 23
1288 24
1289 25
1290 16
1291 17
1292 23
1293 18
1294 22
1295 24
1296 20
1297 26
1298 15
1299 27
1300 15
1301 25
1302 22
1303 21
1304 22
1305 23
1306 27
1307 24
1308 20
1309 22
1310 18
1311 16
1312 23
1313 26
1314 20
1315 30
1316 29
1317 26
1318 16
1319 17
1320 22
1321 22
1322 21
1323 24
1324 18
1325 23
1326 22
1327 23
1328 19
1329 33
1330 24
1331 22
1332 18
1333 18
1334 24
1335 18
1336 21
1337 21
1338 19
1339 21
1340 17
1341 12
1342 20
1343 19
1344 22
1345 16
1346 21
1347 18
1348 19
1349 23
1350 21
1351 28
1352 23
1353 20
1354 16
1355 15
1356 26
1357 21
1358 18
1359 22
1360 27
1361 15
1362 15
1363 16
1364 28
1365 18
1366 20
1367 14
1368 23
1369 15
1370 12
1371 25
1372 9
1373 22
1374 22
1375 15
1376 19
1377 19
1378 19
1379 20
1380 25
1381 16
1382 16
1383 15
1384 14
1385 17
1386 16
1387 20
1388 21
1389 24
1390 27
1391 20
1392 25
1393 27
1394 18
1395 13
1396 20
1397 21
1398 22
1399 22
1400 20
1401 16
1402 12
1403 22
1404 24
1405 21
1406 15
1407 19
1408 23
1409 19
1410 25
1411 23
1412 18
1413 28
1414 23
1415 19
1416 28
1417 26
1418 24
1419 22
1420 21
1421 16
1422 27
1423 19
1424 18
1425 32
1426 34
1427 39
1428 49
1429 40
1430 47
1431 45
1432 50
1433 47
1434 43
1435 60
1436 49
1437 34
1438 31
1439 29
1440 28
1441 35
1442 26
1443 41
1444 29
1445 20
1446 28
1447 21
1448 21
1449 18
1450 20
1451 22
1452 26
1453 23
1454 27
1455 19
1456 21
1457 19
1458 26
1459 19
1460 23
1461 22
1462 15
1463 23
1464 18
1465 25
1466 18
1467 17
1468 18
1469 19
1470 13
1471 13
1472 17
1473 17
1474 20
1475 21
1476 25
1477 23
1478 17
1479 20
1480 25
1481 16
1482 17
1483 22
1484 22
1485 20
1486 16
1487 17
1488 15
1489 14
1490 25
1491 20
1492 16
1493 19
1494 23
1495 21
1496 18
1497 26
1498 25
1499 30
1500 27
1501 18
1502 29
1503 29
1504 20
1505 29
1506 52
1507 36
1508 47
1509 55
1510 65
1511 79
1512 96
1513 109
1514 138
1515 157
1516 227
1517 243
1518 262
1519 251
1520 264
1521 219
1522 199
1523 238
1524 266
1525 259
1526 244
1527 227
1528 185
1529 186
1530 163
1531 167
1532 85
1533 43
1534 36
1535 29
1536 29
1537 15
1538 27
1539 14
1540 15
1541 15
1542 18
1543 21
1544 21
1545 15
1546 20
1547 20
1548 24
1549 22
1550 11
1551 17
1552 21
1553 25
1554 19
1555 25
1556 22
1557 16
1558 13
1559 23
1560 18
1561 19
1562 16
1563 23
1564 17
1565 14
1566 23
1567 17
1568 26
1569 12
1570 17
1571 17
1572 22
1573 19
1574 17
1575 13
1576 15
1577 24
1578 18
1579 16
1580 19
1581 16
1582 22
1583 23
1584 11
1585 14
1586 23
1587 20
1588 16
1589 18
1590 22
1591 21
1592 16
1593 16
1594 15
1595 15
1596 23
1597 28
1598 27
1599 23
1600 19
1601 18
1602 15
1603 21
1604 23
1605 17
1606 16
1607 16
1608 15
1609 17
1610 16
1611 21
1612 17
1613 12
1614 21
1615 17
1616 21
1617 17
1618 18
1619 21
1620 17
1621 16
1622 20
1623 15
1624 18
1625 22
1626 14
1627 20
1628 18
1629 18
1630 13
1631 12
1632 23
1633 16
1634 17
1635 15
1636 19
1637 12
1638 12
1639 20
1640 17
1641 17
1642 16
1643 18
1644 11
1645 17
1646 15
1647 20
1648 12
1649 14
1650 24
1651 16
1652 18
1653 25
1654 22
1655 11
1656 19
1657 15
1658 16
1659 10
1660 20
1661 16
1662 21
1663 13
1664 15
1665 16
1666 18
1667 23
1668 28
1669 19
1670 18
1671 24
1672 24
1673 17
1674 19
1675 26
1676 22
1677 16
1678 19
1679 23
1680 19
1681 18
1682 19
1683 16
1684 16
1685 18
1686 20
1687 12
1688 19
1689 21
1690 19
1691 13
1692 16
1693 12
1694 15
1695 17
1696 13
1697 10
1698 16
1699 16
1700 18
1701 15
1702 16
1703 16
1704 18
1705 13
1706 16
1707 16
1708 18
1709 18
1710 16
1711 14
1712 14
1713 18
1714 18
1715 28
1716 14
1717 18
1718 15
1719 15
1720 20
1721 16
1722 12
1723 14
1724 20
1725 15
1726 15
1727 14
1728 22
1729 22
1730 15
1731 13
1732 16
1733 23
1734 20
1735 14
1736 15
1737 17
1738 22
1739 17
1740 17
1741 24
1742 14
1743 14
1744 19
1745 19
1746 21
1747 15
1748 22
1749 12
1750 13
1751 17
1752 12
1753 18
1754 13
1755 11
1756 20
1757 16
1758 24
1759 18
1760 13
1761 15
1762 14
1763 18
1764 21
1765 23
1766 13
1767 16
1768 18
1769 11
1770 24
1771 14
1772 9
1773 19
1774 19
1775 20
1776 17
1777 18
1778 15
1779 19
1780 17
1781 17
1782 16
1783 16
1784 18
1785 15
1786 14
1787 17
1788 13
1789 15
1790 15
1791 10
1792 11
1793 18
1794 12
1795 19
1796 13
1797 12
1798 20
1799 14
1800 13
1801 15
1802 17
1803 14
1804 17
1805 20
1806 18
1807 19
1808 22
1809 21
1810 19
1811 17
1812 12
1813 22
1814 12
1815 15
1816 14
1817 22
1818 21
1819 25
1820 16
1821 11
1822 17
1823 17
1824 15
1825 17
1826 18
1827 9
1828 8
1829 20
1830 9
1831 9
1832 15
1833 10
1834 9
1835 19
1836 16
1837 17
1838 16
1839 18
1840 15
1841 16
1842 17
1843 14
1844 16
1845 8
1846 10
1847 14
1848 17
1849 13
1850 15
1851 20
1852 11
1853 19
1854 16
1855 19
1856 14
1857 12
1858 19
1859 16
1860 10
1861 20
1862 15
1863 17
1864 15
1865 22
1866 19
1867 16
1868 12
1869 13
1870 16
1871 21
1872 18
1873 14
1874 19
1875 12
1876 18
1877 11
1878 12
1879 22
1880 16
1881 11
1882 15
1883 11
1884 22
1885 18
1886 15
1887 13
1888 18
1889 10
1890 15
1891 16
1892 20
1893 17
1894 20
1895 19
1896 21
1897 14
1898 8
1899 15
1900 15
1901 11
1902 14
1903 10
1904 24
1905 13
1906 11
1907 17
1908 17
1909 12
1910 22
1911 22
1912 19
1913 19
1914 19
1915 16
1916 10
1917 10
1918 12
1919 17
1920 11
1921 28
1922 13
1923 19
1924 38
1925 20
1926 17
1927 15
1928 15
1929 18
1930 16
1931 17
1932 16
1933 10
1934 26
1935 15
1936 17
1937 19
1938 23
1939 11
1940 19
1941 20
1942 13
1943 14
1944 18
1945 16
1946 24
1947 26
1948 22
1949 17
1950 15
1951 25
1952 18
1953 16
1954 22
1955 11
1956 22
1957 17
1958 23
1959 22
1960 19
1961 16
1962 21
1963 14
1964 24
1965 10
1966 16
1967 17
1968 24
1969 12
1970 17
1971 19
1972 19
1973 18
1974 14
1975 15
1976 18
1977 12
1978 16
1979 10
1980 15
1981 9
1982 14
1983 11
1984 17
1985 14
1986 16
1987 20
1988 13
1989 9
1990 23
1991 15
1992 23
1993 11
1994 14
1995 17
1996 18
1997 31
1998 22
1999 43
2000 36
2001 42
2002 57
2003 81
2004 46
2005 58
2006 65
2007 89
2008 109
2009 91
2010 121
2011 124
2012 130
2013 130
2014 122
2015 103
2016 100
2017 104
2018 85
2019 81
2020 73
2021 59
2022 59
2023 39
2024 51
2025 27
2026 31
2027 27
2028 15
2029 18
2030 23
2031 19
2032 16
2033 9
2034 14
2035 11
2036 14
2037 18
2038 14
2039 19
2040 17
2041 14
2042 19
2043 12
2044 5
2045 8
2046 22
2047 16
2048 14
2049 10
2050 16
2051 15
2052 19
2053 15
2054 15
2055 18
2056 11
2057 14
2058 21
2059 20
2060 12
2061 13
2062 7
2063 11
2064 12
2065 12
2066 8
2067 10
2068 10
2069 18
2070 17
2071 17
2072 15
2073 13
2074 8
2075 8
2076 11
2077 11
2078 17
2079 10
2080 15
2081 12
2082 17
2083 11
2084 15
2085 14
2086 14
2087 11
2088 9
2089 17
2090 16
2091 13
2092 18
2093 15
2094 8
2095 8
2096 8
2097 12
2098 7
2099 18
2100 15
2101 12
2102 13
2103 15
2104 11
2105 13
2106 15
2107 19
2108 19
2109 12
2110 10
2111 22
2112 20
2113 17
2114 10
2115 11
2116 11
2117 17
2118 11
2119 18
2120 17
2121 9
2122 11
2123 16
2124 13
2125 3
2126 24
2127 15
2128 12
2129 13
2130 15
2131 8
2132 10
2133 9
2134 15
2135 13
2136 14
2137 16
2138 12
2139 17
2140 20
2141 13
2142 15
2143 14
2144 10
2145 16
2146 23
2147 11
2148 19
2149 16
2150 14
2151 13
2152 13
2153 13
2154 14
2155 10
2156 15
2157 10
2158 20
2159 10
2160 8
2161 22
2162 15
2163 17
2164 20
2165 14
2166 11
2167 16
2168 20
2169 16
2170 15
2171 13
2172 15
2173 10
2174 15
2175 19
2176 12
2177 19
2178 16
2179 18
2180 9
2181 17
2182 15
2183 12
2184 11
2185 11
2186 11
2187 5
2188 13
2189 21
2190 11
2191 17
2192 15
2193 15
2194 25
2195 12
2196 15
2197 12
2198 13
2199 13
2200 14
2201 11
2202 13
2203 20
2204 24
2205 17
2206 10
2207 13
2208 18
2209 11
2210 22
2211 14
2212 24
2213 16
2214 9
2215 8
2216 12
2217 17
2218 15
2219 15
2220 12
2221 15
2222 17
2223 19
2224 19
2225 11
2226 9
2227 18
2228 14
2229 17
2230 11
2231 15
2232 14
2233 22
2234 18
2235 11
2236 11
2237 22
2238 21
2239 18
2240 13
2241 21
2242 15
2243 26
2244 12
2245 12
2246 19
2247 14
2248 13
2249 14
2250 13
2251 17
2252 22
2253 17
2254 16
2255 18
2256 24
2257 12
2258 21
2259 25
2260 18
2261 20
2262 22
2263 24
2264 28
2265 31
2266 29
2267 49
2268 73
2269 71
2270 129
2271 151
2272 187
2273 193
2274 185
2275 258
2276 325
2277 399
2278 469
2279 514
2280 558
2281 528
2282 454
2283 400
2284 382
2285 459
2286 540
2287 367
2288 343
2289 347
2290 329
2291 349
2292 273
2293 216
2294 180
2295 199
2296 197
2297 175
2298 119
2299 95
2300 65
2301 56
2302 50
2303 36
2304 31
2305 22
2306 26
2307 22
2308 26
2309 20
2310 16
2311 20
2312 19
2313 25
2314 18
2315 19
2316 18
2317 14
2318 13
2319 16
2320 9
2321 19
2322 16
2323 17
2324 20
2325 21
2326 11
2327 10
2328 11
2329 28
2330 18
2331 7
2332 13
2333 22
2334 13
2335 10
2336 11
2337 15
2338 16
2339 7
2340 12
2341 16
2342 14
2343 21
2344 14
2345 8
2346 18
2347 16
2348 19
2349 15
2350 13
2351 11
2352 22
2353 15
2354 12
2355 13
2356 22
2357 11
2358 9
2359 6
2360 16
2361 15
2362 13
2363 12
2364 14
2365 10
2366 5
2367 17
2368 15
2369 8
2370 8
2371 16
2372 13
2373 11
2374 14
2375 11
2376 13
2377 12
2378 20
2379 14
2380 14
2381 12
2382 20
2383 12
2384 18
2385 10
2386 9
2387 16
2388 11
2389 18
2390 14
2391 8
2392 10
2393 14
2394 9
2395 11
2396 16
2397 15
2398 15
2399 15
2400 16
2401 18
2402 17
2403 8
2404 9
2405 16
2406 14
2407 14
2408 19
2409 12
2410 12
2411 10
2412 11
2413 12
2414 16
2415 13
2416 15
2417 20
2418 11
2419 15
2420 17
2421 15
2422 21
2423 10
2424 14
2425 11
2426 14
2427 18
2428 14
2429 16
2430 11
2431 7
2432 14
2433 15
2434 12
2435 16
2436 12
2437 13
2438 10
2439 11
2440 13
2441 10
2442 11
2443 10
2444 10
2445 10
2446 9
2447 14
2448 10
2449 13
2450 17
2451 16
2452 9
2453 9
2454 10
2455 16
2456 8
2457 12
2458 10
2459 8
2460 9
2461 9
2462 15
2463 15
2464 15
2465 12
2466 11
2467 13
2468 10
2469 18
2470 12
2471 10
2472 10
2473 18
2474 9
2475 12
2476 15
2477 17
2478 24
2479 23
2480 25
2481 23
2482 17
2483 20
2484 23
2485 23
2486 28
2487 15
2488 38
2489 29
2490 45
2491 54
2492 70
2493 60
2494 63
2495 63
2496 73
2497 73
2498 82
2499 107
2500 86
2501 87
2502 83
2503 79
2504 79
2505 72
2506 59
2507 55
2508 52
2509 52
2510 42
2511 43
2512 36
2513 32
2514 24
2515 34
2516 37
2517 26
2518 18
2519 18
2520 25
2521 12
2522 17
2523 16
2524 20
2525 9
2526 14
2527 11
2528 14
2529 11
2530 15
2531 12
2532 11
2533 19
2534 10
2535 16
2536 15
2537 11
2538 10
2539 10
2540 11
2541 7
2542 8
2543 12
2544 10
2545 6
2546 11
2547 13
2548 13
2549 7
2550 10
2551 7
2552 9
2553 12
2554 10
2555 9
2556 21
2557 18
2558 11
2559 13
