0 36
1 26
2 28
3 29
4 25
5 33
6 31
7 27
8 26
9 31
10 32
11 29
12 32
13 27
14 30
15 26
16 30
17 33
18 29
19 24
20 33
21 25
22 32
23 30
24 25
25 31
26 35
27 26
28 22
29 25
30 35
31 37
32 25
33 28
34 19
35 35
36 22
37 24
38 20
39 32
40 28
41 28
42 37
43 38
44 29
45 29
46 28
47 20
48 37
49 41
50 26
51 39
52 36
53 16
54 31
55 39
56 23
57 26
58 27
59 33
60 31
61 25
62 37
63 31
64 27
65 35
66 34
67 19
68 26
69 45
70 30
71 24
72 24
73 32
74 26
75 26
76 24
77 23
78 38
79 39
80 25
81 31
82 35
83 45
84 33
85 37
86 41
87 23
88 28
89 26
90 25
91 33
92 40
93 24
94 28
95 32
96 25
97 27
98 38
99 26
100 35
101 29
102 33
103 37
104 20
105 34
106 32
107 42
108 34
109 26
110 34
111 32
112 23
113 31
114 23
115 21
116 27
117 28
118 33
119 31
120 32
121 35
122 33
123 32
124 39
125 32
126 23
127 34
128 40
129 27
130 26
131 40
132 35
133 25
134 25
135 28
136 29
137 37
138 47
139 27
140 38
141 18
142 30
143 29
144 32
145 27
146 18
147 32
148 36
149 29
150 28
151 28
152 29
153 36
154 35
155 35
156 23
157 37
158 31
159 29
160 37
161 37
162 30
163 42
164 41
165 35
166 40
167 30
168 25
169 38
170 39
171 26
172 30
173 34
174 41
175 31
176 22
177 24
178 33
179 35
180 35
181 20
182 40
183 25
184 36
185 35
186 36
187 39
188 31
189 20
190 35
191 43
192 26
193 35
194 32
195 42
196 30
197 24
198 26
199 26
200 32
201 40
202 29
203 31
204 28
205 31
206 38
207 33
208 30
209 29
210 22
211 44
212 30
213 43
214 37
215 32
216 38
217 45
218 41
219 28
220 33
221 42
222 28
223 33
224 35
225 34
226 34
227 25
228 32
229 32
230 28
231 37
232 34
233 42
234 33
235 25
236 40
237 32
238 35
239 34
240 36
241 31
242 31
243 25
244 41
245 31
246 43
247 35
248 33
249 30
250 32
251 25
252 28
253 34
254 32
255 34
256 37
257 25
258 37
259 46
260 42
261 31
262 39
263 35
264 35
265 29
266 34
267 40
268 35
269 31
270 33
271 32
272 29
273 45
274 46
275 38
276 43
277 45
278 28
279 21
280 33
281 42
282 37
283 35
284 39
285 35
286 29
287 27
288 25
289 32
290 32
291 29
292 31
293 35
294 41
295 37
296 33
297 36
298 38
299 32
300 40
301 37
302 37
303 32
304 35
305 31
306 37
307 42
308 30
309 36
310 40
311 38
312 26
313 33
314 34
315 36
316 33
317 33
318 43
319 35
320 31
321 36
322 22
323 31
324 32
325 43
326 37
327 38
328 34
329 44
330 45
331 48
332 41
333 28
334 39
335 40
336 39
337 24
338 36
339 41
340 32
341 47
342 39
343 31
344 28
345 39
346 33
347 40
348 40
349 29
350 33
351 32
352 35
353 34
354 40
355 26
356 40
357 31
358 32
359 36
360 38
361 46
362 28
363 28
364 28
365 33
366 41
367 30
368 34
369 36
370 27
371 42
372 36
373 51
374 33
375 29
376 28
377 27
378 37
379 35
380 37
381 37
382 27
383 31
384 37
385 37
386 33
387 40
388 47
389 37
390 27
391 40
392 36
393 33
394 44
395 36
396 30
397 44
398 42
399 38
400 41
401 30
402 39
403 40
404 46
405 40
406 39
407 38
408 48
409 38
410 33
411 22
412 36
413 58
414 37
415 27
416 42
417 38
418 35
419 40
420 41
421 36
422 33
423 33
424 35
425 42
426 39
427 31
428 26
429 35
430 39
431 34
432 43
433 32
434 33
435 29
436 39
437 30
438 45
439 39
440 40
441 48
442 48
443 27
444 39
445 36
446 42
447 36
448 41
449 41
450 27
451 31
452 37
453 39
454 38
455 34
456 42
457 42
458 37
459 39
460 54
461 32
462 30
463 46
464 32
465 31
466 38
467 48
468 36
469 36
470 33
471 41
472 26
473 30
474 37
475 34
476 35
477 34
478 34
479 44
480 29
481 33
482 31
483 30
484 41
485 32
486 36
487 36
488 37
489 37
490 38
491 44
492 28
493 44
494 28
495 46
496 41
497 38
498 17
499 31
500 24
501 37
502 52
503 33
504 26
505 41
506 44
507 33
508 26
509 45
510 33
511 42
512 36
513 33
514 33
515 45
516 34
517 46
518 42
519 42
520 51
521 40
522 37
523 32
524 30
525 29
526 29
527 36
528 38
529 28
530 50
531 45
532 39
533 50
534 37
535 43
536 31
537 55
538 36
539 35
540 47
541 43
542 36
543 50
544 49
545 47
546 62
547 49
548 65
549 63
550 45
551 45
552 70
553 48
554 70
555 71
556 74
557 81
558 68
559 96
560 62
561 81
562 55
563 85
564 66
565 81
566 98
567 88
568 91
569 86
570 89
571 82
572 65
573 73
574 57
575 37
576 47
577 50
578 49
579 36
580 35
581 38
582 43
583 49
584 44
585 24
586 36
587 40
588 40
589 32
590 41
591 35
592 35
593 32
594 44
595 49
596 36
597 46
598 41
599 40
600 40
601 30
602 35
603 29
604 43
605 62
606 46
607 24
608 38
609 41
610 29
611 30
612 42
613 37
614 34
615 35
616 27
617 41
618 27
619 50
620 37
621 35
622 39
623 42
624 33
625 43
626 52
627 30
628 29
629 43
630 34
631 43
632 28
633 47
634 42
635 31
636 45
637 43
638 47
639 29
640 35
641 43
642 39
643 29
644 44
645 45
646 32
647 40
648 46
649 30
650 39
651 30
652 44
653 42
654 45
655 33
656 40
657 37
658 32
659 46
660 42
661 47
662 47
663 45
664 35
665 45
666 40
667 43
668 52
669 40
670 35
671 29
672 40
673 43
674 39
675 41
676 43
677 40
678 47
679 43
680 29
681 41
682 44
683 42
684 25
685 45
686 40
687 35
688 33
689 25
690 34
691 41
692 32
693 39
694 40
695 45
696 34
697 42
698 34
699 25
700 36
701 41
702 40
703 40
704 38
705 44
706 38
707 33
708 45
709 39
710 26
711 36
712 37
713 36
714 39
715 39
716 33
717 37
718 40
719 41
720 38
721 28
722 37
723 28
724 29
725 41
726 32
727 33
728 36
729 33
730 42
731 34
732 31
733 36
734 33
735 27
736 37
737 36
738 38
739 39
740 41
741 36
742 33
743 27
744 41
745 37
746 45
747 31
748 38
749 41
750 31
751 35
752 39
753 43
754 30
755 39
756 37
757 37
758 31
759 26
760 33
761 36
762 43
763 44
764 34
765 23
766 36
767 42
768 40
769 45
770 31
771 30
772 37
773 42
774 35
775 35
776 35
777 45
778 19
779 35
780 36
781 39
782 41
783 40
784 37
785 39
786 41
787 32
788 32
789 32
790 44
791 35
792 39
793 49
794 37
795 29
796 40
797 37
798 40
799 40
800 34
801 33
802 30
803 42
804 40
805 38
806 31
807 35
808 39
809 39
810 41
811 31
812 36
813 43
814 31
815 29
816 38
817 36
818 27
819 43
820 30
821 36
822 34
823 39
824 50
825 32
826 36
827 29
828 28
829 42
830 35
831 37
832 31
833 33
834 39
835 29
836 29
837 51
838 37
839 34
840 38
841 48
842 40
843 38
844 42
845 35
846 38
847 33
848 36
849 36
850 35
851 33
852 27
853 34
854 24
855 37
856 31
857 35
858 44
859 43
860 47
861 35
862 49
863 32
864 14
865 31
866 34
867 32
868 41
869 37
870 35
871 39
872 43
873 32
874 47
875 36
876 41
877 40
878 39
879 29
880 32
881 27
882 33
883 30
884 28
885 33
886 37
887 43
888 32
889 44
890 42
891 36
892 35
893 36
894 48
895 35
896 35
897 37
898 41
899 40
900 44
901 37
902 42
903 31
904 38
905 41
906 43
907 29
908 44
909 34
910 36
911 39
912 30
913 35
914 32
915 29
916 34
917 46
918 44
919 32
920 38
921 45
922 28
923 41
924 39
925 34
926 32
927 34
928 31
929 29
930 34
931 34
932 40
933 43
934 50
935 40
936 40
937 40
938 36
939 17
940 29
941 29
942 18
943 24
944 40
945 34
946 32
947 30
948 34
949 36
950 37
951 32
952 40
953 39
954 27
955 37
956 38
957 34
958 26
959 29
960 29
961 49
962 28
963 41
964 26
965 37
966 28
967 36
968 31
969 41
970 26
971 32
972 32
973 39
974 33
975 36
976 31
977 33
978 37
979 34
980 43
981 38
982 25
983 36
984 42
985 30
986 30
987 32
988 33
989 26
990 25
991 29
992 27
993 30
994 45
995 26
996 46
997 36
998 21
999 30
1000 19
1001 28
1002 42
1003 37
1004 27
1005 28
1006 26
1007 33
1008 39
1009 40
1010 28
1011 24
1012 33
1013 24
1014 33
1015 26
1016 41
1017 33
1018 35
1019 29
1020 38
1021 38
1022 32
1023 29
1024 44
1025 36
1026 37
1027 35
1028 34
1029 33
1030 29
1031 31
1032 29
1033 32
1034 38
1035 38
1036 41
1037 46
1038 30
1039 44
1040 39
1041 38
1042 35
1043 28
1044 28
1045 44
1046 46
1047 39
1048 29
1049 28
1050 35
1051 36
1052 28
1053 32
1054 34
1055 35
1056 30
1057 35
1058 45
1059 33
1060 43
1061 43
1062 44
1063 35
1064 45
1065 36
1066 45
1067 50
1068 49
1069 47
1070 62
1071 69
1072 94
1073 117
1074 135
1075 143
1076 166
1077 188
1078 146
1079 203
1080 180
1081 228
1082 226
1083 311
1084 341
1085 400
1086 455
1087 468
1088 465
1089 450
1090 407
1091 411
1092 479
1093 506
1094 465
1095 399
1096 290
1097 241
1098 227
1099 170
1100 119
1101 90
1102 60
1103 53
1104 49
1105 31
1106 40
1107 36
1108 40
1109 53
1110 48
1111 40
1112 24
1113 33
1114 38
1115 43
1116 39
1117 23
1118 33
1119 27
1120 35
1121 26
1122 33
1123 25
1124 28
1125 31
1126 29
1127 36
1128 36
1129 27
1130 38
1131 28
1132 28
1133 24
1134 29
1135 33
1136 33
1137 30
1138 35
1139 33
1140 30
1141 38
1142 35
1143 33
1144 35
1145 25
1146 36
1147 35
1148 40
1149 31
1150 32
1151 26
1152 37
1153 29
1154 24
1155 36
1156 31
1157 31
1158 38
1159 23
1160 29
1161 28
1162 19
1163 21
1164 34
1165 23
1166 28
1167 32
1168 33
1169 39
1170 30
1171 33
1172 35
1173 30
1174 33
1175 30
1176 28
1177 40
1178 35
1179 40
1180 30
1181 39
1182 26
1183 36
1184 24
1185 21
1186 30
1187 29
1188 30
1189 30
1190 29
1191 26
1192 25
1193 35
1194 35
1195 26
1196 23
1197 31
1198 32
1199 32
1200 35
1201 32
1202 30
1203 35
1204 27
1205 35
1206 25
1207 35
1208 34
1209 34
1210 29
1211 30
1212 35
1213 33
1214 29
1215 37
1216 37
1217 37
1218 49
1219 53
1220 60
1221 73
1222 99
1223 141
1224 105
1225 83
1226 82
1227 54
1228 68
1229 68
1230 66
1231 65
1232 65
1233 82
1234 63
1235 55
1236 39
1237 30
1238 29
1239 27
1240 29
1241 30
1242 23
1243 24
1244 35
1245 28
1246 30
1247 36
1248 34
1249 26
1250 27
1251 41
1252 32
1253 24
1254 30
1255 27
1256 37
1257 26
1258 27
1259 35
1260 24
1261 26
1262 26
1263 28
1264 30
1265 30
1266 28
1267 26
1268 29
1269 28
1270 29
1271 24
1272 25
1273 19
1274 24
1275 17
1276 17
1277 15
1278 17
1279 15
1280 33
1281 40
1282 34
1283 27
1284 26
1285 31
1286 41
1287 29
1288 29
1289 37
1290 34
1291 37
1292 37
1293 31
1294 34
1295 50
1296 48
1297 57
1298 38
1299 48
1300 39
1301 30
1302 32
1303 34
1304 28
1305 37
1306 36
1307 28
1308 25
1309 25
1310 23
1311 28
1312 29
1313 17
1314 31
1315 23
1316 25
1317 22
1318 25
1319 29
1320 30
1321 21
1322 18
1323 23
1324 26
1325 28
1326 20
1327 24
1328 30
1329 25
1330 27
1331 26
1332 17
1333 30
1334 24
1335 22
1336 28
1337 29
1338 26
1339 26
1340 28
1341 28
1342 33
1343 26
1344 26
1345 21
1346 23
1347 17
1348 11
1349 28
1350 24
1351 22
1352 18
1353 16
1354 37
1355 20
1356 26
1357 23
1358 31
1359 19
1360 26
1361 36
1362 30
1363 30
1364 29
1365 43
1366 33
1367 36
1368 47
1369 54
1370 65
1371 85
1372 71
1373 98
1374 96
1375 111
1376 152
1377 174
1378 176
1379 207
1380 263
1381 255
1382 295
1383 318
1384 261
1385 282
1386 335
1387 275
1388 219
1389 160
1390 166
1391 127
1392 100
1393 69
1394 67
1395 60
1396 38
1397 36
1398 30
1399 32
1400 33
1401 23
1402 15
1403 16
1404 19
1405 21
1406 31
1407 27
1408 25
1409 22
1410 20
1411 15
1412 16
1413 25
1414 23
1415 23
1416 21
1417 22
1418 27
1419 27
1420 21
1421 14
1422 23
1423 22
1424 21
1425 16
1426 15
1427 30
1428 19
1429 28
1430 23
1431 21
1432 15
1433 11
1434 24
1435 23
1436 27
1437 20
1438 25
1439 25
1440 37
1441 24
1442 19
1443 27
1444 19
1445 23
1446 28
1447 21
1448 19
1449 15
1450 22
1451 30
1452 18
1453 34
1454 23
1455 15
1456 23
1457 24
1458 19
1459 22
1460 25
1461 21
1462 27
1463 27
1464 28
1465 17
1466 19
1467 26
1468 28
1469 15
1470 23
1471 18
1472 23
1473 22
1474 22
1475 17
1476 19
1477 21
1478 20
1479 18
1480 23
1481 28
1482 30
1483 22
1484 19
1485 20
1486 34
1487 24
1488 24
1489 14
1490 22
1491 27
1492 18
1493 16
1494 21
1495 21
1496 22
1497 24
1498 24
1499 16
1500 18
1501 18
1502 15
1503 26
1504 22
1505 19
1506 19
1507 28
1508 17
1509 28
1510 23
1511 18
1512 14
1513 18
1514 29
1515 21
1516 21
1517 18
1518 18
1519 17
1520 24
1521 25
1522 20
1523 17
1524 28
1525 20
1526 25
1527 20
1528 24
1529 17
1530 12
1531 16
1532 24
1533 29
1534 12
1535 24
1536 24
1537 23
1538 17
1539 16
1540 19
1541 24
1542 22
1543 18
1544 13
1545 19
1546 28
1547 18
1548 18
1549 25
1550 16
1551 18
1552 20
1553 24
1554 19
1555 19
1556 19
1557 24
1558 18
1559 21
1560 20
1561 29
1562 18
1563 19
1564 25
1565 20
1566 19
1567 18
1568 24
1569 22
1570 18
1571 17
1572 25
1573 19
1574 19
1575 15
1576 20
1577 17
1578 26
1579 15
1580 25
1581 16
1582 28
1583 20
1584 24
1585 15
1586 29
1587 16
1588 23
1589 23
1590 14
1591 24
1592 19
1593 11
1594 26
1595 17
1596 15
1597 8
1598 28
1599 28
1600 23
1601 21
1602 18
1603 9
1604 22
1605 19
1606 17
1607 10
1608 19
1609 19
1610 25
1611 14
1612 20
1613 15
1614 19
1615 27
1616 14
1617 14
1618 21
1619 15
1620 15
1621 14
1622 15
1623 14
1624 17
1625 20
1626 17
1627 19
1628 12
1629 19
1630 19
1631 17
1632 11
1633 18
1634 16
1635 25
1636 12
1637 19
1638 14
1639 18
1640 13
1641 13
1642 16
1643 22
1644 17
1645 18
1646 20
1647 18
1648 22
1649 18
1650 13
1651 16
1652 17
1653 9
1654 21
1655 15
1656 21
1657 24
1658 19
1659 14
1660 18
1661 12
1662 12
1663 16
1664 20
1665 14
1666 14
1667 13
1668 17
1669 18
1670 15
1671 17
1672 15
1673 14
1674 15
1675 20
1676 20
1677 19
1678 19
1679 18
1680 26
1681 20
1682 20
1683 22
1684 19
1685 19
1686 18
1687 24
1688 17
1689 16
1690 15
1691 22
1692 23
1693 20
1694 19
1695 21
1696 22
1697 19
1698 13
1699 18
1700 19
1701 16
1702 17
1703 16
1704 19
1705 13
1706 21
1707 22
1708 21
1709 26
1710 16
1711 17
1712 12
1713 13
1714 23
1715 15
1716 20
1717 17
1718 16
1719 17
1720 25
1721 16
1722 14
1723 16
1724 17
1725 12
1726 13
1727 18
1728 19
1729 14
1730 21
1731 16
1732 17
1733 17
1734 15
1735 19
1736 19
1737 9
1738 10
1739 24
1740 15
1741 12
1742 21
1743 14
1744 17
1745 21
1746 26
1747 20
1748 21
1749 12
1750 17
1751 15
1752 16
1753 14
1754 24
1755 9
1756 14
1757 18
1758 21
1759 18
1760 19
1761 24
1762 13
1763 17
1764 17
1765 16
1766 28
1767 12
1768 19
1769 12
1770 21
1771 24
1772 27
1773 17
1774 22
1775 11
1776 13
1777 19
1778 13
1779 20
1780 21
1781 23
1782 16
1783 18
1784 21
1785 14
1786 17
1787 13
1788 14
1789 14
1790 13
1791 14
1792 22
1793 21
1794 24
1795 30
1796 17
1797 22
1798 23
1799 20
1800 21
1801 22
1802 18
1803 25
1804 22
1805 26
1806 25
1807 16
1808 21
1809 20
1810 19
1811 13
1812 16
1813 17
1814 24
1815 21
1816 22
1817 19
1818 17
1819 14
1820 21
1821 15
1822 13
1823 19
1824 16
1825 28
1826 18
1827 23
1828 29
1829 16
1830 24
1831 21
1832 28
1833 29
1834 36
1835 35
1836 32
1837 30
1838 47
1839 58
1840 68
1841 56
1842 54
1843 52
1844 79
1845 82
1846 79
1847 78
1848 64
1849 85
1850 77
1851 76
1852 67
1853 105
1854 114
1855 117
1856 77
1857 68
1858 78
1859 88
1860 69
1861 37
1862 31
1863 35
1864 29
1865 33
1866 18
1867 22
1868 25
1869 28
1870 14
1871 18
1872 19
1873 15
1874 16
1875 18
1876 20
1877 16
1878 12
1879 18
1880 11
1881 21
1882 15
1883 21
1884 17
1885 10
1886 15
1887 19
1888 19
1889 14
1890 18
1891 19
1892 10
1893 25
1894 19
1895 21
1896 22
1897 13
1898 19
1899 21
1900 13
1901 15
1902 9
1903 14
1904 20
1905 16
1906 32
1907 10
1908 14
1909 19
1910 17
1911 13
1912 15
1913 22
1914 11
1915 12
1916 19
1917 19
1918 15
1919 12
1920 18
1921 12
1922 24
1923 13
1924 23
1925 21
1926 20
1927 19
1928 18
1929 16
1930 19
1931 14
1932 13
1933 23
1934 23
1935 16
1936 15
1937 11
1938 10
1939 19
1940 12
1941 16
1942 14
1943 22
1944 24
1945 12
1946 13
1947 13
1948 18
1949 19
1950 17
1951 19
1952 18
1953 20
1954 13
1955 13
1956 21
1957 19
1958 18
1959 16
1960 12
1961 13
1962 9
1963 21
1964 13
1965 10
1966 22
1967 14
1968 19
1969 19
1970 18
1971 14
1972 13
1973 15
1974 13
1975 20
1976 23
1977 16
1978 17
1979 13
1980 16
1981 14
1982 14
1983 18
1984 15
1985 14
1986 13
1987 14
1988 13
1989 19
1990 16
1991 10
1992 13
1993 18
1994 12
1995 16
1996 25
1997 17
1998 20
1999 17
2000 22
2001 11
2002 22
2003 17
2004 20
2005 22
2006 20
2007 21
2008 14
2009 24
2010 24
2011 14
2012 20
2013 12
2014 14
2015 16
2016 21
2017 17
2018 26
2019 16
2020 19
2021 22
2022 21
2023 13
2024 12
2025 16
2026 21
2027 19
2028 12
2029 12
2030 14
2031 18
2032 14
2033 16
2034 13
2035 19
2036 10
2037 12
2038 13
2039 21
2040 20
2041 15
2042 14
2043 12
2044 16
2045 16
2046 19
2047 17
2048 19
2049 20
2050 19
2051 15
2052 17
2053 13
2054 14
2055 20
2056 18
2057 24
2058 18
2059 13
2060 13
2061 13
2062 19
2063 9
2064 13
2065 20
2066 15
2067 13
2068 20
2069 11
2070 16
2071 24
2072 20
2073 18
2074 19
2075 19
2076 16
2077 22
2078 17
2079 26
2080 20
2081 20
2082 31
2083 31
2084 27
2085 30
2086 27
2087 36
2088 41
2089 47
2090 47
2091 59
2092 77
2093 74
2094 88
2095 117
2096 131
2097 144
2098 167
2099 183
2100 204
2101 225
2102 276
2103 296
2104 316
2105 351
2106 413
2107 396
2108 338
2109 368
2110 448
2111 448
2112 383
2113 374
2114 300
2115 250
2116 270
2117 330
2118 310
2119 231
2120 223
2121 204
2122 200
2123 140
2124 118
2125 79
2126 108
2127 72
2128 65
2129 57
2130 41
2131 44
2132 27
2133 29
2134 23
2135 18
2136 20
2137 24
2138 16
2139 24
2140 18
2141 15
2142 23
2143 15
2144 16
2145 11
2146 16
2147 20
2148 12
2149 14
2150 22
2151 10
2152 17
2153 20
2154 9
2155 18
2156 9
2157 20
2158 17
2159 17
2160 12
2161 9
2162 17
2163 15
2164 15
2165 20
2166 21
2167 10
2168 13
2169 16
2170 21
2171 19
2172 10
2173 20
2174 13
2175 13
2176 20
2177 12
2178 9
2179 17
2180 12
2181 18
2182 15
2183 18
2184 16
2185 15
2186 13
2187 15
2188 10
2189 15
2190 14
2191 11
2192 17
2193 19
2194 12
2195 10
2196 14
2197 14
2198 14
2199 12
2200 17
2201 19
2202 10
2203 14
2204 11
2205 15
2206 16
2207 22
2208 18
2209 7
2210 9
2211 18
2212 16
2213 16
2214 13
2215 25
2216 14
2217 15
2218 18
2219 19
2220 25
2221 11
2222 15
2223 16
2224 21
2225 21
2226 19
2227 18
2228 15
2229 18
2230 26
2231 18
2232 14
2233 22
2234 25
2235 16
2236 19
2237 26
2238 14
2239 10
2240 16
2241 28
2242 9
2243 12
2244 14
2245 11
2246 15
2247 15
2248 23
2249 16
2250 19
2251 17
2252 11
2253 15
2254 10
2255 15
2256 13
2257 12
2258 15
2259 12
2260 20
2261 14
2262 13
2263 9
2264 12
2265 12
2266 15
2267 14
2268 5
2269 15
2270 17
2271 13
2272 15
2273 11
2274 13
2275 16
2276 19
2277 9
2278 21
2279 17
2280 14
2281 24
2282 17
2283 21
2284 10
2285 16
2286 11
2287 12
2288 11
2289 17
2290 14
2291 21
2292 23
2293 18
2294 23
2295 25
2296 25
2297 29
2298 33
2299 36
2300 42
2301 42
2302 25
2303 40
2304 55
2305 40
2306 34
2307 54
2308 52
2309 63
2310 64
2311 73
2312 80
2313 69
2314 75
2315 86
2316 91
2317 75
2318 47
2319 63
2320 51
2321 54
2322 41
2323 52
2324 44
2325 43
2326 43
2327 40
2328 41
2329 45
2330 37
2331 40
2332 27
2333 24
2334 27
2335 24
2336 17
2337 23
2338 19
2339 25
2340 20
2341 10
2342 22
2343 15
2344 23
2345 14
2346 15
2347 20
2348 11
2349 13
2350 11
2351 13
2352 10
2353 22
2354 19
2355 12
2356 12
2357 12
2358 13
2359 11
2360 12
2361 6
2362 19
2363 17
2364 14
2365 15
2366 16
2367 13
2368 20
2369 11
2370 8
2371 18
2372 9
2373 8
2374 15
2375 8
2376 13
2377 14
2378 12
2379 8
2380 12
2381 13
2382 14
2383 10
2384 17
2385 8
2386 14
2387 15
2388 13
2389 13
2390 7
2391 13
2392 14
2393 10
2394 15
2395 19
2396 13
2397 11
2398 9
2399 13
2400 11
2401 21
2402 16
2403 9
2404 13
2405 11
2406 13
2407 11
2408 15
2409 15
2410 17
2411 13
2412 11
2413 9
2414 13
2415 10
2416 19
2417 9
2418 9
2419 11
2420 12
2421 15
2422 12
2423 8
2424 12
2425 11
2426 14
2427 16
2428 13
2429 12
2430 14
2431 18
2432 16
2433 22
2434 14
2435 13
2436 15
2437 9
2438 15
2439 12
2440 15
2441 7
2442 11
2443 6
2444 8
2445 10
2446 17
2447 19
2448 15
2449 15
2450 8
2451 12
2452 13
2453 11
2454 11
2455 11
2456 11
2457 10
2458 9
2459 8
2460 13
2461 9
2462 16
2463 9
2464 11
2465 13
2466 7
2467 8
2468 7
2469 17
2470 10
2471 6
2472 6
2473 6
2474 12
2475 15
2476 10
2477 8
2478 8
2479 9
2480 11
2481 14
2482 12
2483 13
2484 13
2485 15
2486 11
2487 9
2488 9
2489 7
2490 17
2491 6
2492 14
2493 14
2494 14
2495 10
2496 10
2497 16
2498 10
2499 16
2500 13
2501 17
2502 15
2503 13
2504 8
2505 14
2506 15
2507 11
2508 11
2509 15
2510 13
2511 9
2512 9
2513 10
2514 16
2515 12
2516 11
2517 17
2518 12
2519 9
2520 11
2521 18
2522 16
2523 14
2524 6
2525 16
2526 16
2527 10
2528 14
2529 17
2530 11
2531 15
2532 12
2533 12
2534 15
2535 10
2536 17
2537 19
2538 15
2539 7
2540 18
2541 9
2542 11
2543 8
2544 7
2545 19
2546 19
2547 15
2548 19
2549 18
2550 16
2551 20
2552 13
2553 7
2554 8
2555 11
2556 12
2557 8
2558 12
2559 16
