0 32
1 22
2 23
3 32
4 26
5 27
6 25
7 28
8 26
9 22
10 30
11 16
12 22
13 36
14 41
15 28
16 20
17 28
18 25
19 30
20 33
21 25
22 30
23 24
24 26
25 27
26 26
27 21
28 15
29 30
30 27
31 31
32 27
33 29
34 26
35 27
36 36
37 32
38 27
39 30
40 18
41 24
42 32
43 28
44 29
45 28
46 29
47 23
48 31
49 35
50 27
51 29
52 40
53 22
54 24
55 35
56 31
57 34
58 33
59 32
60 19
61 29
62 22
63 25
64 32
65 27
66 29
67 27
68 21
69 33
70 20
71 37
72 32
73 33
74 35
75 27
76 34
77 31
78 29
79 29
80 25
81 24
82 38
83 27
84 30
85 23
86 23
87 33
88 32
89 40
90 33
91 39
92 22
93 26
94 28
95 33
96 21
97 31
98 26
99 30
100 26
101 32
102 31
103 31
104 24
105 27
106 29
107 28
108 30
109 24
110 30
111 31
112 28
113 21
114 24
115 29
116 32
117 35
118 20
119 25
120 29
121 26
122 40
123 26
124 43
125 47
126 20
127 32
128 34
129 33
130 33
131 33
132 34
133 36
134 39
135 29
136 33
137 41
138 27
139 24
140 30
141 22
142 23
143 26
144 29
145 35
146 32
147 33
148 31
149 36
150 28
151 30
152 39
153 36
154 29
155 28
156 22
157 27
158 43
159 28
160 27
161 25
162 44
163 36
164 30
165 37
166 31
167 28
168 40
169 38
170 43
171 34
172 39
173 24
174 37
175 29
176 20
177 26
178 40
179 43
180 35
181 32
182 22
183 38
184 25
185 15
186 28
187 30
188 29
189 32
190 29
191 33
192 30
193 27
194 37
195 24
196 29
197 38
198 31
199 21
200 29
201 31
202 41
203 30
204 30
205 29
206 17
207 30
208 34
209 41
210 28
211 41
212 35
213 33
214 37
215 27
216 35
217 28
218 25
219 32
220 40
221 21
222 27
223 40
224 26
225 32
226 29
227 25
228 27
229 31
230 34
231 37
232 30
233 27
234 34
235 32
236 31
237 38
238 28
239 33
240 31
241 32
242 29
243 30
244 33
245 35
246 33
247 20
248 32
249 41
250 32
251 29
252 33
253 29
254 38
255 31
256 38
257 35
258 36
259 33
260 41
261 34
262 44
263 40
264 38
265 31
266 29
267 40
268 33
269 38
270 35
271 31
272 35
273 32
274 28
275 31
276 24
277 29
278 31
279 34
280 32
281 34
282 48
283 32
284 33
285 34
286 31
287 44
288 31
289 23
290 32
291 43
292 32
293 36
294 26
295 34
296 29
297 29
298 37
299 37
300 39
301 35
302 26
303 35
304 25
305 29
306 40
307 29
308 40
309 32
310 29
311 40
312 37
313 31
314 35
315 29
316 40
317 37
318 26
319 35
320 30
321 36
322 38
323 31
324 42
325 23
326 31
327 39
328 33
329 33
330 31
331 34
332 42
333 41
334 34
335 33
336 29
337 30
338 37
339 32
340 32
341 33
342 32
343 31
344 40
345 31
346 36
347 40
348 35
349 41
350 36
351 33
352 35
353 38
354 36
355 28
356 40
357 32
358 32
359 34
360 35
361 33
362 30
363 44
364 41
365 36
366 30
367 19
368 37
369 34
370 31
371 35
372 33
373 25
374 27
375 31
376 28
377 42
378 33
379 29
380 26
381 38
382 26
383 26
384 26
385 31
386 30
387 32
388 30
389 23
390 30
391 33
392 23
393 28
394 31
395 42
396 31
397 33
398 33
399 39
400 18
401 46
402 40
403 30
404 34
405 29
406 28
407 36
408 24
409 34
410 36
411 46
412 33
413 31
414 31
415 28
416 27
417 43
418 47
419 43
420 33
421 28
422 42
423 52
424 40
425 45
426 29
427 34
428 28
429 30
430 27
431 20
432 35
433 36
434 31
435 35
436 30
437 45
438 31
439 38
440 35
441 34
442 33
443 30
444 52
445 52
446 30
447 49
448 37
449 34
450 42
451 38
452 35
453 35
454 43
455 35
456 45
457 43
458 40
459 35
460 29
461 36
462 34
463 34
464 35
465 39
466 41
467 33
468 35
469 33
470 30
471 33
472 47
473 41
474 29
475 28
476 37
477 36
478 37
479 36
480 43
481 43
482 39
483 23
484 30
485 42
486 38
487 30
488 32
489 40
490 48
491 45
492 44
493 39
494 42
495 42
496 34
497 46
498 39
499 23
500 38
501 41
502 36
503 42
504 37
505 38
506 40
507 30
508 39
509 37
510 37
511 44
512 42
513 39
514 43
515 30
516 34
517 42
518 40
519 35
520 38
521 44
522 50
523 30
524 36
525 35
526 55
527 44
528 36
529 41
530 43
531 41
532 46
533 34
534 32
535 41
536 36
537 33
538 40
539 34
540 45
541 24
542 37
543 45
544 38
545 40
546 29
547 43
548 41
549 35
550 36
551 19
552 44
553 42
554 40
555 39
556 42
557 29
558 24
559 23
560 38
561 37
562 43
563 36
564 37
565 41
566 34
567 39
568 56
569 42
570 42
571 55
572 45
573 40
574 43
575 49
576 71
577 70
578 67
579 86
580 80
581 82
582 71
583 66
584 78
585 82
586 66
587 91
588 94
589 84
590 91
591 82
592 90
593 94
594 108
595 144
596 129
597 90
598 89
599 106
600 84
601 46
602 49
603 42
604 38
605 53
606 33
607 45
608 29
609 35
610 41
611 37
612 36
613 38
614 41
615 42
616 38
617 39
618 38
619 39
620 34
621 22
622 30
623 36
624 45
625 35
626 39
627 34
628 37
629 46
630 48
631 31
632 33
633 38
634 57
635 46
636 37
637 38
638 41
639 42
640 33
641 34
642 39
643 36
644 44
645 31
646 26
647 42
648 32
649 41
650 29
651 38
652 43
653 34
654 38
655 30
656 35
657 34
658 39
659 36
660 28
661 27
662 40
663 36
664 37
665 49
666 44
667 40
668 46
669 34
670 34
671 33
672 33
673 36
674 42
675 38
676 26
677 31
678 44
679 51
680 41
681 36
682 32
683 32
684 44
685 41
686 36
687 32
688 40
689 37
690 35
691 44
692 50
693 43
694 36
695 34
696 46
697 40
698 29
699 29
700 40
701 36
702 35
703 30
704 48
705 39
706 36
707 42
708 45
709 50
710 34
711 39
712 37
713 42
714 25
715 44
716 30
717 35
718 40
719 41
720 39
721 31
722 33
723 40
724 42
725 30
726 32
727 31
728 30
729 45
730 28
731 36
732 24
733 40
734 35
735 41
736 32
737 24
738 55
739 26
740 36
741 39
742 32
743 36
744 28
745 35
746 30
747 35
748 41
749 50
750 36
751 42
752 38
753 33
754 29
755 43
756 37
757 34
758 45
759 33
760 33
761 32
762 36
763 26
764 32
765 34
766 26
767 26
768 36
769 31
770 33
771 41
772 40
773 29
774 39
775 35
776 36
777 41
778 31
779 40
780 42
781 40
782 41
783 40
784 38
785 27
786 24
787 29
788 28
789 32
790 20
791 32
792 38
793 32
794 34
795 31
796 44
797 27
798 32
799 32
800 38
801 32
802 28
803 48
804 41
805 32
806 34
807 31
808 35
809 32
810 32
811 32
812 31
813 35
814 29
815 39
816 25
817 31
818 41
819 32
820 38
821 33
822 27
823 30
824 38
825 34
826 38
827 28
828 23
829 43
830 36
831 34
832 39
833 22
834 17
835 29
836 32
837 43
838 34
839 40
840 44
841 24
842 27
843 27
844 39
845 39
846 33
847 32
848 42
849 33
850 32
851 34
852 25
853 36
854 25
855 34
856 45
857 30
858 36
859 24
860 30
861 36
862 31
863 38
864 25
865 29
866 45
867 37
868 26
869 34
870 31
871 34
872 30
873 37
874 36
875 27
876 47
877 44
878 29
879 35
880 35
881 27
882 27
883 29
884 31
885 37
886 38
887 34
888 32
889 31
890 47
891 28
892 38
893 37
894 34
895 40
896 30
897 38
898 39
899 34
900 31
901 33
902 37
903 44
904 32
905 39
906 32
907 23
908 35
909 46
910 36
911 34
912 28
913 22
914 41
915 45
916 36
917 35
918 40
919 52
920 34
921 31
922 24
923 28
924 39
925 35
926 39
927 44
928 40
929 34
930 37
931 42
932 31
933 34
934 40
935 36
936 40
937 43
938 40
939 36
940 42
941 42
942 31
943 22
944 36
945 29
946 25
947 26
948 36
949 43
950 43
951 34
952 39
953 28
954 37
955 44
956 26
957 28
958 24
959 33
960 34
961 36
962 27
963 29
964 27
965 38
966 49
967 25
968 33
969 25
970 38
971 23
972 23
973 26
974 26
975 34
976 39
977 33
978 30
979 40
980 34
981 36
982 37
983 27
984 28
985 40
986 36
987 35
988 29
989 35
990 31
991 25
992 31
993 36
994 27
995 38
996 30
997 26
998 37
999 25
1000 22
1001 31
1002 36
1003 35
1004 30
1005 31
1006 29
1007 35
1008 27
1009 35
1010 18
1011 24
1012 33
1013 38
1014 38
1015 37
1016 35
1017 21
1018 32
1019 25
1020 20
1021 30
1022 30
1023 22
1024 26
1025 43
1026 32
1027 50
1028 34
1029 33
1030 33
1031 31
1032 33
1033 40
1034 39
1035 40
1036 29
1037 37
1038 35
1039 40
1040 24
1041 31
1042 23
1043 29
1044 35
1045 31
1046 38
1047 28
1048 37
1049 30
1050 45
1051 29
1052 30
1053 24
1054 24
1055 30
1056 36
1057 37
1058 46
1059 30
1060 50
1061 38
1062 34
1063 27
1064 30
1065 30
1066 31
1067 30
1068 37
1069 38
1070 30
1071 36
1072 36
1073 41
1074 27
1075 32
1076 42
1077 23
1078 49
1079 25
1080 31
1081 39
1082 41
1083 46
1084 37
1085 40
1086 40
1087 29
1088 39
1089 33
1090 38
1091 42
1092 34
1093 40
1094 23
1095 27
1096 39
1097 38
1098 39
1099 54
1100 56
1101 48
1102 58
1103 54
1104 56
1105 54
1106 99
1107 92
1108 126
1109 145
1110 215
1111 230
1112 322
1113 307
1114 386
1115 403
1116 419
1117 429
1118 391
1119 441
1120 474
1121 506
1122 534
1123 489
1124 436
1125 480
1126 420
1127 352
1128 255
1129 178
1130 161
1131 110
1132 71
1133 71
1134 40
1135 45
1136 39
1137 29
1138 24
1139 35
1140 40
1141 37
1142 31
1143 36
1144 30
1145 36
1146 32
1147 31
1148 45
1149 35
1150 31
1151 43
1152 29
1153 24
1154 35
1155 26
1156 23
1157 20
1158 31
1159 33
1160 39
1161 33
1162 22
1163 36
1164 36
1165 29
1166 40
1167 31
1168 32
1169 26
1170 24
1171 33
1172 32
1173 28
1174 24
1175 35
1176 28
1177 36
1178 23
1179 35
1180 23
1181 28
1182 27
1183 31
1184 31
1185 36
1186 26
1187 31
1188 28
1189 28
1190 38
1191 28
1192 29
1193 27
1194 32
1195 29
1196 27
1197 30
1198 17
1199 25
1200 54
1201 35
1202 31
1203 37
1204 31
1205 25
1206 28
1207 26
1208 40
1209 21
1210 35
1211 37
1212 27
1213 30
1214 34
1215 21
1216 29
1217 20
1218 31
1219 34
1220 35
1221 20
1222 41
1223 35
1224 29
1225 20
1226 30
1227 32
1228 28
1229 26
1230 28
1231 25
1232 25
1233 37
1234 28
1235 31
1236 27
1237 33
1238 27
1239 33
1240 36
1241 41
1242 29
1243 42
1244 36
1245 27
1246 36
1247 26
1248 43
1249 39
1250 39
1251 40
1252 43
1253 39
1254 49
1255 52
1256 46
1257 57
1258 45
1259 56
1260 56
1261 58
1262 56
1263 68
1264 56
1265 60
1266 49
1267 33
1268 31
1269 37
1270 30
1271 25
1272 19
1273 29
1274 23
1275 23
1276 15
1277 14
1278 17
1279 13
1280 34
1281 23
1282 22
1283 18
1284 28
1285 22
1286 32
1287 17
1288 24
1289 13
1290 28
1291 20
1292 23
1293 27
1294 25
1295 33
1296 19
1297 18
1298 24
1299 19
1300 21
1301 21
1302 22
1303 26
1304 23
1305 32
1306 17
1307 26
1308 23
1309 18
1310 23
1311 20
1312 28
1313 27
1314 17
1315 25
1316 21
1317 27
1318 30
1319 19
1320 35
1321 23
1322 27
1323 26
1324 29
1325 34
1326 24
1327 30
1328 28
1329 36
1330 32
1331 32
1332 44
1333 38
1334 48
1335 48
1336 58
1337 35
1338 49
1339 36
1340 24
1341 35
1342 35
1343 18
1344 32
1345 30
1346 33
1347 23
1348 26
1349 19
1350 25
1351 23
1352 17
1353 31
1354 17
1355 17
1356 35
1357 22
1358 25
1359 19
1360 24
1361 24
1362 26
1363 26
1364 20
1365 19
1366 28
1367 22
1368 28
1369 26
1370 22
1371 25
1372 26
1373 29
1374 20
1375 24
1376 23
1377 21
1378 16
1379 23
1380 27
1381 26
1382 27
1383 27
1384 22
1385 20
1386 33
1387 29
1388 28
1389 20
1390 18
1391 21
1392 24
1393 33
1394 22
1395 23
1396 26
1397 20
1398 15
1399 31
1400 35
1401 29
1402 32
1403 50
1404 45
1405 48
1406 59
1407 51
1408 54
1409 61
1410 55
1411 74
1412 110
1413 117
1414 134
1415 167
1416 185
1417 202
1418 235
1419 231
1420 203
1421 198
1422 170
1423 155
1424 133
1425 132
1426 139
1427 132
1428 116
1429 122
1430 93
1431 63
1432 35
1433 27
1434 23
1435 25
1436 27
1437 34
1438 21
1439 20
1440 21
1441 29
1442 17
1443 22
1444 24
1445 17
1446 18
1447 21
1448 27
1449 22
1450 22
1451 24
1452 22
1453 17
1454 16
1455 16
1456 24
1457 23
1458 19
1459 32
1460 23
1461 17
1462 20
1463 25
1464 15
1465 19
1466 32
1467 29
1468 29
1469 20
1470 18
1471 23
1472 21
1473 23
1474 19
1475 12
1476 17
1477 17
1478 27
1479 30
1480 21
1481 17
1482 16
1483 28
1484 23
1485 24
1486 17
1487 26
1488 17
1489 20
1490 17
1491 17
1492 28
1493 25
1494 23
1495 26
1496 27
1497 22
1498 30
1499 20
1500 17
1501 25
1502 15
1503 24
1504 25
1505 24
1506 24
1507 23
1508 20
1509 28
1510 33
1511 20
1512 17
1513 17
1514 30
1515 22
1516 19
1517 21
1518 16
1519 14
1520 28
1521 23
1522 22
1523 21
1524 21
1525 25
1526 24
1527 24
1528 20
1529 25
1530 20
1531 17
1532 19
1533 15
1534 15
1535 19
1536 21
1537 16
1538 18
1539 25
1540 22
1541 18
1542 18
1543 17
1544 23
1545 20
1546 15
1547 19
1548 14
1549 19
1550 23
1551 21
1552 21
1553 22
1554 17
1555 15
1556 28
1557 26
1558 15
1559 17
1560 20
1561 21
1562 25
1563 25
1564 22
1565 23
1566 29
1567 22
1568 11
1569 16
1570 25
1571 24
1572 17
1573 16
1574 24
1575 18
1576 10
1577 16
1578 16
1579 19
1580 26
1581 24
1582 14
1583 23
1584 26
1585 23
1586 16
1587 23
1588 20
1589 19
1590 17
1591 26
1592 21
1593 12
1594 21
1595 34
1596 22
1597 19
1598 16
1599 18
1600 19
1601 15
1602 24
1603 21
1604 19
1605 14
1606 19
1607 18
1608 24
1609 23
1610 27
1611 31
1612 22
1613 19
1614 15
1615 20
1616 15
1617 23
1618 20
1619 30
1620 17
1621 9
1622 19
1623 19
1624 15
1625 24
1626 19
1627 18
1628 15
1629 21
1630 16
1631 19
1632 11
1633 16
1634 19
1635 17
1636 22
1637 20
1638 19
1639 16
1640 20
1641 17
1642 22
1643 27
1644 16
1645 20
1646 25
1647 22
1648 27
1649 14
1650 17
1651 14
1652 21
1653 17
1654 14
1655 19
1656 21
1657 24
1658 16
1659 23
1660 19
1661 12
1662 9
1663 19
1664 16
1665 13
1666 15
1667 19
1668 25
1669 24
1670 19
1671 20
1672 24
1673 22
1674 20
1675 18
1676 17
1677 19
1678 21
1679 21
1680 10
1681 19
1682 17
1683 23
1684 16
1685 23
1686 19
1687 21
1688 20
1689 16
1690 14
1691 19
1692 15
1693 20
1694 17
1695 14
1696 16
1697 27
1698 20
1699 14
1700 18
1701 15
1702 20
1703 24
1704 9
1705 20
1706 24
1707 21
1708 17
1709 11
1710 20
1711 8
1712 17
1713 26
1714 19
1715 15
1716 17
1717 17
1718 19
1719 23
1720 16
1721 17
1722 19
1723 22
1724 24
1725 26
1726 22
1727 15
1728 10
1729 19
1730 20
1731 12
1732 22
1733 20
1734 19
1735 18
1736 19
1737 20
1738 20
1739 14
1740 16
1741 16
1742 18
1743 20
1744 14
1745 27
1746 14
1747 17
1748 15
1749 15
1750 18
1751 17
1752 22
1753 14
1754 23
1755 18
1756 11
1757 13
1758 14
1759 22
1760 12
1761 13
1762 22
1763 24
1764 17
1765 15
1766 17
1767 15
1768 14
1769 9
1770 20
1771 15
1772 14
1773 16
1774 21
1775 22
1776 19
1777 21
1778 16
1779 14
1780 15
1781 17
1782 18
1783 17
1784 20
1785 8
1786 15
1787 28
1788 15
1789 20
1790 13
1791 19
1792 18
1793 19
1794 16
1795 10
1796 14
1797 18
1798 22
1799 14
1800 19
1801 19
1802 18
1803 22
1804 23
1805 18
1806 15
1807 23
1808 20
1809 13
1810 12
1811 15
1812 21
1813 20
1814 13
1815 14
1816 17
1817 14
1818 17
1819 12
1820 18
1821 18
1822 19
1823 14
1824 23
1825 21
1826 18
1827 20
1828 21
1829 14
1830 24
1831 23
1832 17
1833 25
1834 24
1835 24
1836 18
1837 18
1838 22
1839 18
1840 20
1841 25
1842 26
1843 21
1844 13
1845 27
1846 27
1847 16
1848 22
1849 18
1850 19
1851 28
1852 16
1853 24
1854 16
1855 16
1856 21
1857 13
1858 13
1859 13
1860 16
1861 22
1862 19
1863 15
1864 16
1865 23
1866 18
1867 21
1868 22
1869 27
1870 15
1871 23
1872 15
1873 21
1874 15
1875 31
1876 31
1877 28
1878 31
1879 43
1880 63
1881 58
1882 60
1883 45
1884 54
1885 70
1886 77
1887 115
1888 108
1889 106
1890 103
1891 122
1892 152
1893 149
1894 110
1895 78
1896 113
1897 167
1898 151
1899 126
1900 83
1901 88
1902 76
1903 95
1904 87
1905 68
1906 54
1907 36
1908 38
1909 25
1910 26
1911 25
1912 26
1913 17
1914 17
1915 23
1916 17
1917 20
1918 13
1919 16
1920 21
1921 29
1922 12
1923 19
1924 22
1925 22
1926 33
1927 19
1928 13
1929 15
1930 18
1931 16
1932 18
1933 20
1934 18
1935 17
1936 16
1937 18
1938 19
1939 13
1940 18
1941 19
1942 35
1943 18
1944 29
1945 16
1946 20
1947 15
1948 19
1949 17
1950 17
1951 11
1952 15
1953 8
1954 12
1955 10
1956 20
1957 14
1958 22
1959 17
1960 21
1961 13
1962 26
1963 15
1964 11
1965 17
1966 16
1967 13
1968 19
1969 20
1970 12
1971 16
1972 20
1973 12
1974 14
1975 18
1976 18
1977 16
1978 14
1979 25
1980 19
1981 12
1982 12
1983 24
1984 18
1985 11
1986 15
1987 16
1988 15
1989 16
1990 18
1991 17
1992 15
1993 13
1994 13
1995 11
1996 13
1997 14
1998 14
1999 17
2000 15
2001 12
2002 15
2003 18
2004 17
2005 15
2006 22
2007 16
2008 19
2009 16
2010 15
2011 13
2012 19
2013 12
2014 13
2015 12
2016 17
2017 17
2018 14
2019 17
2020 10
2021 17
2022 9
2023 13
2024 17
2025 20
2026 14
2027 18
2028 12
2029 15
2030 18
2031 16
2032 21
2033 11
2034 10
2035 16
2036 19
2037 12
2038 27
2039 18
2040 8
2041 16
2042 12
2043 18
2044 21
2045 20
2046 17
2047 11
2048 17
2049 14
2050 15
2051 10
2052 20
2053 15
2054 25
2055 12
2056 14
2057 16
2058 14
2059 16
2060 21
2061 17
2062 15
2063 14
2064 11
2065 21
2066 15
2067 10
2068 9
2069 13
2070 17
2071 17
2072 12
2073 19
2074 16
2075 13
2076 15
2077 11
2078 17
2079 13
2080 10
2081 17
2082 19
2083 15
2084 14
2085 12
2086 12
2087 10
2088 24
2089 14
2090 18
2091 13
2092 15
2093 16
2094 18
2095 10
2096 19
2097 12
2098 17
2099 14
2100 20
2101 18
2102 20
2103 18
2104 13
2105 16
2106 16
2107 18
2108 18
2109 14
2110 18
2111 19
2112 16
2113 11
2114 22
2115 18
2116 12
2117 17
2118 17
2119 16
2120 20
2121 13
2122 20
2123 25
2124 18
2125 13
2126 24
2127 19
2128 23
2129 23
2130 29
2131 25
2132 34
2133 31
2134 38
2135 36
2136 49
2137 49
2138 78
2139 63
2140 83
2141 92
2142 119
2143 127
2144 167
2145 179
2146 191
2147 220
2148 255
2149 313
2150 381
2151 372
2152 304
2153 327
2154 352
2155 435
2156 403
2157 445
2158 495
2159 467
2160 513
2161 464
2162 445
2163 444
2164 364
2165 316
2166 224
2167 169
2168 141
2169 116
2170 112
2171 97
2172 77
2173 54
2174 54
2175 37
2176 33
2177 46
2178 27
2179 24
2180 21
2181 20
2182 22
2183 27
2184 28
2185 15
2186 15
2187 21
2188 16
2189 18
2190 21
2191 18
2192 19
2193 16
2194 12
2195 13
2196 18
2197 13
2198 9
2199 11
2200 14
2201 13
2202 11
2203 17
2204 18
2205 12
2206 21
2207 17
2208 15
2209 13
2210 11
2211 11
2212 24
2213 22
2214 10
2215 15
2216 12
2217 16
2218 17
2219 12
2220 10
2221 15
2222 17
2223 5
2224 9
2225 22
2226 11
2227 9
2228 12
2229 17
2230 15
2231 10
2232 22
2233 16
2234 11
2235 9
2236 17
2237 13
2238 16
2239 15
2240 16
2241 7
2242 11
2243 17
2244 13
2245 18
2246 9
2247 13
2248 19
2249 13
2250 14
2251 18
2252 22
2253 13
2254 17
2255 17
2256 12
2257 19
2258 18
2259 19
2260 16
2261 12
2262 22
2263 18
2264 11
2265 14
2266 14
2267 12
2268 11
2269 11
2270 10
2271 14
2272 23
2273 18
2274 16
2275 8
2276 16
2277 21
2278 22
2279 15
2280 15
2281 11
2282 16
2283 12
2284 17
2285 13
2286 13
2287 11
2288 17
2289 14
2290 13
2291 14
2292 15
2293 18
2294 16
2295 15
2296 12
2297 21
2298 17
2299 15
2300 19
2301 11
2302 16
2303 20
2304 17
2305 11
2306 15
2307 16
2308 9
2309 12
2310 11
2311 15
2312 14
2313 16
2314 18
2315 12
2316 16
2317 21
2318 15
2319 12
2320 14
2321 13
2322 11
2323 13
2324 16
2325 10
2326 14
2327 10
2328 13
2329 13
2330 18
2331 19
2332 16
2333 22
2334 9
2335 17
2336 12
2337 18
2338 19
2339 25
2340 21
2341 20
2342 17
2343 30
2344 24
2345 23
2346 17
2347 34
2348 28
2349 31
2350 40
2351 44
2352 42
2353 45
2354 46
2355 53
2356 56
2357 61
2358 74
2359 86
2360 85
2361 97
2362 115
2363 98
2364 83
2365 91
2366 73
2367 70
2368 79
2369 74
2370 104
2371 80
2372 60
2373 63
2374 56
2375 39
2376 40
2377 51
2378 38
2379 41
2380 18
2381 32
2382 25
2383 13
2384 15
2385 23
2386 9
2387 16
2388 11
2389 16
2390 14
2391 20
2392 15
2393 22
2394 16
2395 17
2396 8
2397 19
2398 18
2399 13
2400 11
2401 12
2402 13
2403 10
2404 16
2405 14
2406 15
2407 12
2408 15
2409 10
2410 14
2411 10
2412 14
2413 16
2414 17
2415 11
2416 8
2417 12
2418 17
2419 10
2420 15
2421 10
2422 5
2423 10
2424 16
2425 11
2426 16
2427 14
2428 10
2429 9
2430 13
2431 7
2432 7
2433 18
2434 9
2435 11
2436 17
2437 17
2438 18
2439 6
2440 18
2441 17
2442 13
2443 17
2444 13
2445 9
2446 9
2447 14
2448 9
2449 15
2450 11
2451 16
2452 9
2453 10
2454 6
2455 14
2456 9
2457 14
2458 16
2459 6
2460 12
2461 18
2462 9
2463 15
2464 13
2465 17
2466 14
2467 12
2468 11
2469 10
2470 11
2471 8
2472 15
2473 5
2474 8
2475 11
2476 10
2477 15
2478 14
2479 6
2480 8
2481 10
2482 18
2483 12
2484 9
2485 8
2486 10
2487 13
2488 7
2489 12
2490 20
2491 8
2492 13
2493 11
2494 15
2495 11
2496 13
2497 12
2498 9
2499 12
2500 5
2501 14
2502 15
2503 16
2504 6
2505 15
2506 11
2507 11
2508 13
2509 13
2510 11
2511 7
2512 11
2513 11
2514 15
2515 10
2516 10
2517 9
2518 12
2519 10
2520 17
2521 17
2522 10
2523 21
2524 9
2525 14
2526 15
2527 13
2528 7
2529 16
2530 12
2531 11
2532 5
2533 12
2534 14
2535 9
2536 14
2537 10
2538 9
2539 8
2540 12
2541 14
2542 10
2543 7
2544 6
2545 11
2546 14
2547 12
2548 12
2549 14
2550 13
2551 12
2552 6
2553 15
2554 10
2555 14
2556 7
2557 14
2558 18
2559 16
