0 40
1 29
2 23
3 26
4 33
5 27
6 29
7 24
8 31
9 29
10 27
11 30
12 32
13 33
14 27
15 16
16 28
17 28
18 21
19 27
20 30
21 23
22 31
23 26
24 25
25 26
26 30
27 33
28 31
29 29
30 27
31 31
32 33
33 25
34 39
35 27
36 31
37 23
38 30
39 32
40 22
41 36
42 37
43 30
44 35
45 29
46 32
47 25
48 34
49 41
50 33
51 28
52 38
53 26
54 26
55 28
56 26
57 39
58 26
59 32
60 28
61 30
62 33
63 28
64 36
65 25
66 34
67 37
68 25
69 28
70 25
71 23
72 20
73 32
74 29
75 37
76 29
77 32
78 26
79 26
80 28
81 23
82 31
83 32
84 28
85 37
86 26
87 24
88 18
89 30
90 37
91 35
92 19
93 22
94 34
95 35
96 25
97 28
98 33
99 32
100 37
101 27
102 29
103 37
104 33
105 23
106 27
107 28
108 35
109 28
110 26
111 31
112 29
113 27
114 29
115 30
116 31
117 45
118 29
119 31
120 37
121 36
122 34
123 30
124 37
125 34
126 25
127 20
128 27
129 32
130 33
131 27
132 25
133 36
134 25
135 39
136 31
137 18
138 27
139 37
140 34
141 29
142 34
143 33
144 31
145 35
146 28
147 33
148 34
149 35
150 29
151 21
152 33
153 34
154 36
155 30
156 31
157 34
158 29
159 36
160 29
161 32
162 33
163 33
164 33
165 35
166 25
167 28
168 38
169 32
170 48
171 31
172 24
173 24
174 38
175 41
176 43
177 44
178 20
179 26
180 26
181 31
182 27
183 21
184 34
185 49
186 27
187 25
188 30
189 25
190 31
191 38
192 33
193 41
194 36
195 34
196 32
197 33
198 32
199 26
200 29
201 36
202 34
203 35
204 23
205 39
206 38
207 39
208 48
209 35
210 33
211 26
212 36
213 25
214 33
215 31
216 16
217 26
218 30
219 20
220 38
221 37
222 25
223 26
224 21
225 31
226 27
227 23
228 34
229 30
230 29
231 21
232 40
233 25
234 22
235 32
236 42
237 32
238 35
239 31
240 36
241 25
242 31
243 33
244 34
245 30
246 31
247 37
248 24
249 23
250 33
251 28
252 32
253 28
254 38
255 33
256 33
257 24
258 26
259 30
260 44
261 29
262 39
263 32
264 29
265 37
266 47
267 40
268 39
269 32
270 38
271 42
272 33
273 30
274 35
275 43
276 40
277 37
278 35
279 31
280 31
281 42
282 45
283 43
284 42
285 29
286 32
287 42
288 36
289 30
290 31
291 48
292 35
293 31
294 41
295 35
296 38
297 36
298 27
299 25
300 29
301 37
302 32
303 35
304 37
305 22
306 35
307 30
308 32
309 41
310 36
311 25
312 32
313 32
314 33
315 44
316 32
317 48
318 36
319 32
320 33
321 36
322 30
323 25
324 29
325 47
326 41
327 38
328 25
329 38
330 30
331 24
332 35
333 35
334 35
335 37
336 39
337 26
338 40
339 26
340 33
341 42
342 30
343 30
344 32
345 35
346 24
347 41
348 46
349 31
350 34
351 31
352 31
353 35
354 32
355 37
356 26
357 39
358 31
359 37
360 37
361 33
362 36
363 25
364 38
365 29
366 35
367 26
368 32
369 37
370 29
371 39
372 32
373 46
374 42
375 40
376 36
377 34
378 34
379 38
380 28
381 33
382 25
383 30
384 32
385 25
386 37
387 33
388 33
389 40
390 35
391 41
392 41
393 30
394 33
395 30
396 20
397 35
398 55
399 30
400 33
401 35
402 42
403 36
404 28
405 29
406 34
407 35
408 31
409 37
410 41
411 30
412 45
413 38
414 29
415 34
416 42
417 38
418 29
419 36
420 30
421 42
422 40
423 48
424 32
425 40
426 33
427 34
428 27
429 38
430 44
431 36
432 30
433 40
434 39
435 42
436 45
437 31
438 37
439 38
440 34
441 40
442 36
443 41
444 49
445 28
446 36
447 41
448 26
449 25
450 29
451 45
452 34
453 41
454 23
455 36
456 42
457 41
458 31
459 36
460 35
461 45
462 37
463 38
464 21
465 35
466 40
467 44
468 32
469 33
470 34
471 37
472 24
473 28
474 46
475 29
476 29
477 37
478 24
479 32
480 36
481 30
482 30
483 42
484 40
485 39
486 35
487 35
488 28
489 42
490 39
491 38
492 25
493 38
494 29
495 41
496 35
497 45
498 34
499 35
500 26
501 37
502 48
503 38
504 31
505 35
506 37
507 41
508 26
509 38
510 36
511 33
512 42
513 43
514 38
515 37
516 42
517 38
518 25
519 42
520 45
521 50
522 35
523 37
524 30
525 28
526 46
527 36
528 43
529 27
530 31
531 33
532 34
533 40
534 52
535 41
536 43
537 34
538 48
539 46
540 41
541 36
542 39
543 34
544 31
545 50
546 38
547 37
548 41
549 40
550 41
551 28
552 37
553 42
554 42
555 59
556 53
557 56
558 70
559 75
560 71
561 71
562 65
563 51
564 61
565 58
566 51
567 57
568 53
569 53
570 62
571 65
572 55
573 78
574 102
575 81
576 97
577 86
578 95
579 102
580 83
581 70
582 84
583 89
584 96
585 81
586 93
587 65
588 74
589 69
590 54
591 47
592 46
593 50
594 43
595 44
596 41
597 51
598 33
599 29
600 35
601 38
602 39
603 31
604 24
605 31
606 35
607 37
608 41
609 53
610 43
611 34
612 33
613 46
614 36
615 46
616 29
617 46
618 33
619 44
620 36
621 38
622 38
623 39
624 37
625 38
626 40
627 60
628 51
629 36
630 27
631 40
632 35
633 37
634 29
635 33
636 41
637 21
638 35
639 36
640 49
641 46
642 38
643 52
644 40
645 40
646 40
647 36
648 31
649 37
650 33
651 30
652 35
653 28
654 36
655 29
656 45
657 31
658 41
659 32
660 30
661 38
662 43
663 37
664 37
665 43
666 56
667 39
668 34
669 28
670 42
671 40
672 27
673 36
674 34
675 33
676 44
677 36
678 41
679 43
680 37
681 35
682 41
683 46
684 35
685 41
686 37
687 34
688 34
689 34
690 34
691 35
692 35
693 34
694 43
695 39
696 37
697 37
698 39
699 39
700 39
701 29
702 29
703 34
704 41
705 38
706 23
707 34
708 43
709 39
710 35
711 43
712 44
713 43
714 28
715 40
716 36
717 48
718 41
719 45
720 30
721 36
722 35
723 35
724 42
725 32
726 29
727 36
728 40
729 43
730 33
731 39
732 29
733 30
734 38
735 41
736 38
737 35
738 29
739 39
740 42
741 42
742 30
743 37
744 31
745 28
746 30
747 34
748 39
749 40
750 25
751 31
752 35
753 29
754 33
755 34
756 35
757 34
758 39
759 41
760 44
761 31
762 37
763 38
764 37
765 38
766 38
767 38
768 34
769 35
770 48
771 29
772 45
773 31
774 26
775 40
776 50
777 20
778 37
779 55
780 38
781 48
782 34
783 34
784 37
785 27
786 38
787 39
788 52
789 35
790 31
791 39
792 27
793 20
794 38
795 36
796 36
797 28
798 45
799 39
800 41
801 35
802 48
803 47
804 43
805 29
806 38
807 44
808 42
809 35
810 41
811 40
812 33
813 29
814 36
815 36
816 37
817 27
818 47
819 45
820 36
821 24
822 32
823 44
824 30
825 31
826 34
827 31
828 36
829 35
830 40
831 36
832 33
833 23
834 38
835 31
836 38
837 30
838 48
839 42
840 40
841 31
842 29
843 36
844 29
845 36
846 37
847 41
848 37
849 35
850 46
851 25
852 33
853 33
854 23
855 39
856 21
857 30
858 31
859 34
860 36
861 30
862 25
863 32
864 45
865 29
866 35
867 28
868 39
869 35
870 38
871 27
872 37
873 40
874 28
875 28
876 35
877 30
878 28
879 39
880 35
881 40
882 44
883 38
884 36
885 34
886 30
887 35
888 32
889 29
890 27
891 30
892 26
893 34
894 47
895 28
896 33
897 25
898 44
899 31
900 33
901 29
902 39
903 44
904 31
905 22
906 40
907 35
908 35
909 32
910 37
911 37
912 45
913 37
914 36
915 38
916 35
917 34
918 35
919 36
920 39
921 28
922 40
923 27
924 39
925 46
926 35
927 29
928 16
929 29
930 34
931 35
932 32
933 36
934 37
935 30
936 28
937 31
938 29
939 32
940 37
941 26
942 20
943 36
944 32
945 37
946 32
947 46
948 27
949 28
950 37
951 33
952 38
953 30
954 37
955 35
956 34
957 32
958 27
959 47
960 32
961 30
962 38
963 30
964 27
965 39
966 32
967 36
968 23
969 36
970 35
971 28
972 23
973 26
974 34
975 29
976 34
977 31
978 26
979 35
980 28
981 33
982 20
983 40
984 28
985 36
986 31
987 26
988 26
989 28
990 34
991 27
992 41
993 42
994 34
995 34
996 27
997 28
998 35
999 32
1000 30
1001 34
1002 43
1003 33
1004 38
1005 38
1006 38
1007 20
1008 32
1009 30
1010 24
1011 30
1012 30
1013 23
1014 30
1015 38
1016 32
1017 34
1018 36
1019 40
1020 26
1021 35
1022 29
1023 35
1024 31
1025 37
1026 37
1027 38
1028 24
1029 28
1030 27
1031 36
1032 35
1033 25
1034 34
1035 26
1036 41
1037 35
1038 39
1039 27
1040 23
1041 26
1042 52
1043 21
1044 38
1045 40
1046 32
1047 25
1048 27
1049 32
1050 51
1051 40
1052 46
1053 35
1054 28
1055 34
1056 35
1057 35
1058 36
1059 24
1060 29
1061 34
1062 19
1063 36
1064 29
1065 41
1066 35
1067 31
1068 24
1069 38
1070 44
1071 31
1072 30
1073 44
1074 34
1075 37
1076 33
1077 33
1078 22
1079 28
1080 30
1081 25
1082 36
1083 41
1084 51
1085 39
1086 50
1087 37
1088 66
1089 81
1090 65
1091 85
1092 100
1093 101
1094 116
1095 111
1096 175
1097 249
1098 265
1099 253
1100 207
1101 231
1102 233
1103 287
1104 329
1105 351
1106 388
1107 454
1108 495
1109 634
1110 716
1111 550
1112 470
1113 400
1114 349
1115 254
1116 231
1117 213
1118 151
1119 112
1120 72
1121 47
1122 44
1123 34
1124 29
1125 32
1126 44
1127 29
1128 51
1129 38
1130 23
1131 37
1132 37
1133 34
1134 22
1135 41
1136 26
1137 21
1138 33
1139 39
1140 30
1141 39
1142 33
1143 28
1144 31
1145 38
1146 25
1147 23
1148 15
1149 21
1150 25
1151 28
1152 36
1153 35
1154 32
1155 34
1156 31
1157 35
1158 34
1159 30
1160 24
1161 37
1162 22
1163 41
1164 22
1165 40
1166 37
1167 27
1168 25
1169 39
1170 36
1171 35
1172 31
1173 33
1174 20
1175 33
1176 39
1177 26
1178 34
1179 29
1180 29
1181 39
1182 35
1183 38
1184 21
1185 32
1186 23
1187 36
1188 23
1189 27
1190 36
1191 31
1192 31
1193 30
1194 35
1195 35
1196 24
1197 42
1198 22
1199 36
1200 28
1201 38
1202 23
1203 26
1204 27
1205 30
1206 27
1207 35
1208 27
1209 24
1210 39
1211 31
1212 28
1213 29
1214 36
1215 35
1216 33
1217 32
1218 32
1219 28
1220 21
1221 32
1222 24
1223 27
1224 32
1225 28
1226 23
1227 42
1228 26
1229 30
1230 33
1231 28
1232 30
1233 45
1234 34
1235 39
1236 34
1237 37
1238 30
1239 53
1240 45
1241 50
1242 58
1243 68
1244 85
1245 69
1246 81
1247 69
1248 93
1249 68
1250 59
1251 57
1252 61
1253 45
1254 53
1255 29
1256 33
1257 30
1258 36
1259 18
1260 30
1261 25
1262 37
1263 22
1264 20
1265 21
1266 17
1267 30
1268 25
1269 24
1270 26
1271 30
1272 16
1273 24
1274 24
1275 16
1276 17
1277 19
1278 15
1279 14
1280 23
1281 22
1282 30
1283 24
1284 23
1285 13
1286 18
1287 21
1288 17
1289 29
1290 25
1291 26
1292 20
1293 28
1294 19
1295 24
1296 27
1297 30
1298 24
1299 19
1300 23
1301 33
1302 18
1303 29
1304 34
1305 23
1306 29
1307 26
1308 34
1309 26
1310 33
1311 33
1312 30
1313 30
1314 34
1315 35
1316 46
1317 33
1318 46
1319 33
1320 45
1321 49
1322 31
1323 30
1324 33
1325 32
1326 39
1327 22
1328 22
1329 32
1330 32
1331 19
1332 22
1333 18
1334 28
1335 28
1336 22
1337 21
1338 28
1339 24
1340 26
1341 28
1342 23
1343 23
1344 23
1345 17
1346 32
1347 17
1348 21
1349 25
1350 23
1351 23
1352 26
1353 24
1354 22
1355 24
1356 20
1357 23
1358 26
1359 21
1360 27
1361 21
1362 26
1363 22
1364 34
1365 24
1366 30
1367 23
1368 22
1369 13
1370 26
1371 22
1372 20
1373 26
1374 19
1375 16
1376 19
1377 15
1378 23
1379 21
1380 30
1381 25
1382 29
1383 23
1384 31
1385 30
1386 36
1387 35
1388 40
1389 46
1390 58
1391 52
1392 75
1393 109
1394 87
1395 133
1396 103
1397 126
1398 162
1399 182
1400 170
1401 172
1402 194
1403 200
1404 234
1405 248
1406 254
1407 229
1408 164
1409 121
1410 92
1411 96
1412 127
1413 119
1414 83
1415 69
1416 50
1417 43
1418 48
1419 26
1420 29
1421 29
1422 27
1423 19
1424 30
1425 31
1426 18
1427 23
1428 27
1429 13
1430 16
1431 24
1432 24
1433 29
1434 29
1435 20
1436 24
1437 19
1438 30
1439 35
1440 21
1441 16
1442 31
1443 22
1444 22
1445 24
1446 19
1447 20
1448 20
1449 25
1450 25
1451 25
1452 22
1453 19
1454 23
1455 26
1456 13
1457 13
1458 25
1459 19
1460 20
1461 23
1462 20
1463 26
1464 29
1465 20
1466 23
1467 25
1468 16
1469 31
1470 16
1471 12
1472 19
1473 18
1474 23
1475 19
1476 17
1477 17
1478 17
1479 15
1480 30
1481 31
1482 21
1483 18
1484 20
1485 20
1486 23
1487 23
1488 21
1489 16
1490 22
1491 21
1492 24
1493 25
1494 18
1495 18
1496 19
1497 17
1498 22
1499 16
1500 21
1501 19
1502 24
1503 26
1504 18
1505 16
1506 25
1507 18
1508 28
1509 20
1510 29
1511 23
1512 22
1513 33
1514 18
1515 19
1516 22
1517 13
1518 22
1519 17
1520 20
1521 18
1522 13
1523 20
1524 16
1525 24
1526 21
1527 19
1528 19
1529 19
1530 25
1531 20
1532 16
1533 16
1534 17
1535 24
1536 24
1537 24
1538 19
1539 27
1540 19
1541 24
1542 24
1543 18
1544 17
1545 28
1546 25
1547 24
1548 17
1549 17
1550 20
1551 30
1552 23
1553 24
1554 14
1555 19
1556 24
1557 27
1558 22
1559 12
1560 21
1561 24
1562 23
1563 21
1564 16
1565 21
1566 16
1567 19
1568 23
1569 17
1570 22
1571 24
1572 17
1573 22
1574 19
1575 19
1576 19
1577 23
1578 25
1579 18
1580 29
1581 21
1582 19
1583 18
1584 21
1585 14
1586 18
1587 18
1588 19
1589 18
1590 16
1591 11
1592 16
1593 21
1594 25
1595 29
1596 28
1597 25
1598 27
1599 20
1600 18
1601 18
1602 18
1603 24
1604 13
1605 21
1606 20
1607 22
1608 19
1609 19
1610 22
1611 27
1612 17
1613 16
1614 22
1615 21
1616 16
1617 19
1618 23
1619 12
1620 20
1621 19
1622 18
1623 16
1624 20
1625 14
1626 18
1627 16
1628 19
1629 21
1630 24
1631 16
1632 21
1633 17
1634 17
1635 22
1636 13
1637 22
1638 25
1639 17
1640 16
1641 14
1642 15
1643 23
1644 17
1645 11
1646 22
1647 17
1648 18
1649 23
1650 24
1651 14
1652 28
1653 20
1654 34
1655 19
1656 20
1657 15
1658 16
1659 21
1660 18
1661 23
1662 16
1663 23
1664 23
1665 15
1666 16
1667 18
1668 24
1669 13
1670 16
1671 16
1672 22
1673 16
1674 22
1675 19
1676 28
1677 16
1678 21
1679 24
1680 19
1681 19
1682 19
1683 22
1684 17
1685 16
1686 18
1687 17
1688 11
1689 12
1690 20
1691 19
1692 20
1693 13
1694 16
1695 13
1696 15
1697 27
1698 15
1699 17
1700 11
1701 12
1702 10
1703 19
1704 20
1705 21
1706 17
1707 19
1708 15
1709 22
1710 19
1711 15
1712 24
1713 14
1714 14
1715 17
1716 21
1717 18
1718 18
1719 17
1720 19
1721 11
1722 17
1723 22
1724 16
1725 13
1726 11
1727 17
1728 15
1729 20
1730 15
1731 19
1732 23
1733 16
1734 18
1735 17
1736 7
1737 13
1738 19
1739 12
1740 14
1741 23
1742 16
1743 19
1744 12
1745 10
1746 23
1747 18
1748 22
1749 18
1750 18
1751 16
1752 15
1753 16
1754 20
1755 20
1756 17
1757 11
1758 26
1759 9
1760 15
1761 13
1762 22
1763 16
1764 15
1765 12
1766 16
1767 17
1768 14
1769 16
1770 17
1771 17
1772 17
1773 12
1774 13
1775 15
1776 13
1777 16
1778 13
1779 15
1780 22
1781 14
1782 17
1783 24
1784 23
1785 17
1786 19
1787 19
1788 9
1789 22
1790 12
1791 17
1792 15
1793 10
1794 13
1795 25
1796 15
1797 22
1798 18
1799 18
1800 22
1801 14
1802 15
1803 15
1804 19
1805 16
1806 18
1807 23
1808 21
1809 23
1810 16
1811 16
1812 29
1813 26
1814 12
1815 28
1816 27
1817 25
1818 21
1819 23
1820 22
1821 17
1822 24
1823 26
1824 21
1825 22
1826 18
1827 20
1828 26
1829 26
1830 22
1831 22
1832 24
1833 21
1834 11
1835 15
1836 28
1837 16
1838 17
1839 17
1840 12
1841 16
1842 17
1843 14
1844 28
1845 16
1846 21
1847 24
1848 21
1849 24
1850 17
1851 18
1852 16
1853 19
1854 27
1855 20
1856 19
1857 20
1858 40
1859 31
1860 49
1861 56
1862 45
1863 39
1864 39
1865 34
1866 60
1867 79
1868 76
1869 86
1870 92
1871 97
1872 97
1873 81
1874 83
1875 88
1876 100
1877 125
1878 249
1879 265
1880 238
1881 203
1882 117
1883 70
1884 58
1885 77
1886 62
1887 62
1888 72
1889 52
1890 32
1891 33
1892 22
1893 18
1894 17
1895 24
1896 13
1897 22
1898 16
1899 14
1900 18
1901 23
1902 19
1903 14
1904 19
1905 21
1906 19
1907 14
1908 26
1909 18
1910 10
1911 16
1912 17
1913 21
1914 13
1915 16
1916 21
1917 10
1918 14
1919 16
1920 18
1921 18
1922 19
1923 18
1924 18
1925 20
1926 25
1927 19
1928 14
1929 18
1930 22
1931 14
1932 22
1933 17
1934 19
1935 22
1936 27
1937 24
1938 17
1939 19
1940 11
1941 17
1942 17
1943 9
1944 18
1945 10
1946 18
1947 15
1948 24
1949 11
1950 15
1951 16
1952 19
1953 24
1954 16
1955 14
1956 16
1957 14
1958 14
1959 10
1960 20
1961 18
1962 17
1963 13
1964 13
1965 19
1966 18
1967 14
1968 15
1969 16
1970 16
1971 12
1972 16
1973 21
1974 17
1975 15
1976 15
1977 9
1978 15
1979 15
1980 15
1981 19
1982 14
1983 18
1984 23
1985 20
1986 12
1987 16
1988 19
1989 11
1990 12
1991 12
1992 22
1993 18
1994 14
1995 19
1996 15
1997 17
1998 17
1999 17
2000 21
2001 14
2002 8
2003 15
2004 24
2005 19
2006 10
2007 17
2008 17
2009 18
2010 15
2011 13
2012 13
2013 17
2014 16
2015 18
2016 15
2017 14
2018 14
2019 11
2020 15
2021 20
2022 21
2023 21
2024 12
2025 16
2026 15
2027 18
2028 14
2029 17
2030 8
2031 15
2032 14
2033 16
2034 15
2035 12
2036 13
2037 21
2038 16
2039 9
2040 15
2041 30
2042 17
2043 21
2044 18
2045 15
2046 12
2047 20
2048 10
2049 12
2050 15
2051 19
2052 17
2053 22
2054 15
2055 20
2056 20
2057 24
2058 28
2059 10
2060 18
2061 14
2062 15
2063 15
2064 16
2065 15
2066 18
2067 17
2068 24
2069 15
2070 13
2071 14
2072 20
2073 10
2074 21
2075 11
2076 10
2077 16
2078 11
2079 16
2080 17
2081 15
2082 21
2083 16
2084 14
2085 10
2086 12
2087 21
2088 21
2089 18
2090 19
2091 14
2092 15
2093 15
2094 16
2095 17
2096 12
2097 15
2098 19
2099 16
2100 15
2101 18
2102 22
2103 24
2104 21
2105 22
2106 10
2107 22
2108 27
2109 21
2110 18
2111 33
2112 26
2113 31
2114 27
2115 25
2116 40
2117 56
2118 60
2119 55
2120 67
2121 59
2122 67
2123 94
2124 129
2125 137
2126 185
2127 200
2128 236
2129 191
2130 201
2131 254
2132 337
2133 401
2134 474
2135 524
2136 530
2137 452
2138 422
2139 345
2140 405
2141 379
2142 348
2143 331
2144 321
2145 265
2146 233
2147 186
2148 170
2149 154
2150 132
2151 93
2152 96
2153 98
2154 74
2155 47
2156 55
2157 35
2158 37
2159 34
2160 23
2161 24
2162 20
2163 23
2164 16
2165 20
2166 31
2167 13
2168 15
2169 14
2170 15
2171 18
2172 19
2173 12
2174 14
2175 14
2176 15
2177 22
2178 22
2179 20
2180 17
2181 18
2182 9
2183 18
2184 13
2185 14
2186 8
2187 17
2188 12
2189 16
2190 13
2191 22
2192 11
2193 17
2194 21
2195 19
2196 17
2197 18
2198 17
2199 14
2200 16
2201 16
2202 18
2203 12
2204 17
2205 13
2206 12
2207 18
2208 12
2209 11
2210 13
2211 16
2212 17
2213 18
2214 20
2215 19
2216 11
2217 5
2218 14
2219 16
2220 17
2221 16
2222 8
2223 16
2224 14
2225 15
2226 13
2227 12
2228 14
2229 20
2230 15
2231 14
2232 18
2233 15
2234 8
2235 9
2236 19
2237 17
2238 15
2239 15
2240 17
2241 11
2242 13
2243 20
2244 15
2245 12
2246 21
2247 19
2248 19
2249 17
2250 11
2251 25
2252 14
2253 12
2254 17
2255 16
2256 19
2257 11
2258 16
2259 13
2260 19
2261 15
2262 14
2263 20
2264 14
2265 16
2266 17
2267 17
2268 12
2269 11
2270 19
2271 19
2272 17
2273 21
2274 19
2275 16
2276 10
2277 16
2278 21
2279 13
2280 15
2281 12
2282 16
2283 17
2284 10
2285 20
2286 11
2287 10
2288 17
2289 17
2290 16
2291 16
2292 19
2293 15
2294 17
2295 20
2296 18
2297 15
2298 15
2299 10
2300 10
2301 5
2302 20
2303 10
2304 19
2305 11
2306 16
2307 16
2308 14
2309 15
2310 17
2311 12
2312 9
2313 17
2314 16
2315 14
2316 13
2317 25
2318 17
2319 16
2320 22
2321 13
2322 22
2323 20
2324 24
2325 17
2326 35
2327 38
2328 30
2329 28
2330 44
2331 38
2332 41
2333 72
2334 71
2335 44
2336 52
2337 39
2338 67
2339 61
2340 77
2341 94
2342 79
2343 77
2344 92
2345 77
2346 102
2347 100
2348 73
2349 64
2350 87
2351 86
2352 83
2353 87
2354 66
2355 75
2356 62
2357 45
2358 48
2359 39
2360 25
2361 38
2362 34
2363 18
2364 26
2365 26
2366 22
2367 10
2368 10
2369 17
2370 13
2371 20
2372 16
2373 20
2374 16
2375 9
2376 8
2377 10
2378 8
2379 14
2380 19
2381 14
2382 11
2383 9
2384 9
2385 10
2386 22
2387 20
2388 16
2389 13
2390 13
2391 7
2392 15
2393 8
2394 14
2395 13
2396 10
2397 8
2398 7
2399 12
2400 13
2401 9
2402 12
2403 13
2404 10
2405 8
2406 11
2407 11
2408 9
2409 12
2410 9
2411 11
2412 22
2413 15
2414 12
2415 12
2416 8
2417 15
2418 9
2419 13
2420 13
2421 15
2422 13
2423 17
2424 15
2425 10
2426 7
2427 13
2428 17
2429 13
2430 13
2431 13
2432 13
2433 11
2434 7
2435 15
2436 16
2437 12
2438 12
2439 14
2440 16
2441 14
2442 12
2443 7
2444 14
2445 10
2446 12
2447 6
2448 9
2449 8
2450 10
2451 12
2452 9
2453 12
2454 15
2455 11
2456 7
2457 11
2458 14
2459 13
2460 11
2461 5
2462 16
2463 13
2464 6
2465 11
2466 14
2467 17
2468 10
2469 10
2470 9
2471 14
2472 5
2473 9
2474 13
2475 9
2476 12
2477 11
2478 8
2479 11
2480 10
2481 16
2482 16
2483 7
2484 9
2485 8
2486 12
2487 10
2488 10
2489 15
2490 12
2491 10
2492 8
2493 15
2494 7
2495 10
2496 14
2497 11
2498 11
2499 10
2500 15
2501 12
2502 14
2503 14
2504 13
2505 18
2506 17
2507 13
2508 10
2509 7
2510 20
2511 15
2512 16
2513 15
2514 14
2515 12
2516 12
2517 8
2518 10
2519 12
2520 17
2521 13
2522 13
2523 12
2524 13
2525 9
2526 17
2527 16
2528 10
2529 10
2530 6
2531 16
2532 11
2533 11
2534 13
2535 10
2536 14
2537 11
2538 12
2539 15
2540 11
2541 9
2542 5
2543 14
2544 9
2545 12
2546 13
2547 13
2548 5
2549 10
2550 8
2551 12
2552 12
2553 11
2554 12
2555 11
2556 13
2557 12
2558 18
2559 15
