0 29
1 16
2 21
3 30
4 30
5 36
6 31
7 23
8 21
9 27
10 24
11 23
12 23
13 28
14 20
15 20
16 31
17 25
18 21
19 25
20 17
21 30
22 21
23 18
24 29
25 29
26 35
27 17
28 23
29 16
30 21
31 27
32 22
33 29
34 17
35 29
36 21
37 17
38 13
39 18
40 32
41 32
42 24
43 31
44 32
45 25
46 23
47 28
48 26
49 27
50 23
51 31
52 29
53 28
54 39
55 22
56 19
57 27
58 25
59 35
60 21
61 27
62 22
63 22
64 30
65 29
66 26
67 19
68 23
69 15
70 16
71 15
72 25
73 32
74 26
75 25
76 25
77 23
78 33
79 29
80 24
81 32
82 30
83 34
84 31
85 26
86 27
87 32
88 26
89 22
90 28
91 25
92 31
93 21
94 29
95 17
96 21
97 23
98 29
99 16
100 26
101 27
102 29
103 28
104 21
105 25
106 32
107 24
108 35
109 29
110 24
111 23
112 15
113 23
114 27
115 31
116 20
117 19
118 32
119 39
120 32
121 21
122 29
123 24
124 23
125 27
126 27
127 30
128 29
129 27
130 20
131 29
132 32
133 31
134 18
135 15
136 22
137 25
138 32
139 40
140 17
141 23
142 24
143 23
144 25
145 24
146 23
147 25
148 22
149 29
150 26
151 34
152 25
153 24
154 30
155 23
156 28
157 25
158 25
159 26
160 35
161 25
162 29
163 33
164 32
165 25
166 33
167 26
168 30
169 19
170 27
171 22
172 20
173 19
174 23
175 24
176 32
177 28
178 21
179 23
180 35
181 33
182 13
183 28
184 26
185 40
186 25
187 25
188 24
189 22
190 28
191 29
192 28
193 33
194 28
195 27
196 27
197 19
198 33
199 31
200 24
201 15
202 35
203 28
204 30
205 27
206 32
207 29
208 26
209 25
210 33
211 35
212 29
213 29
214 28
215 34
216 36
217 35
218 35
219 28
220 28
221 29
222 34
223 22
224 24
225 31
226 40
227 21
228 20
229 32
230 32
231 27
232 34
233 12
234 28
235 26
236 27
237 25
238 29
239 24
240 31
241 18
242 27
243 34
244 26
245 25
246 14
247 27
248 19
249 39
250 34
251 30
252 27
253 28
254 27
255 26
256 23
257 31
258 29
259 26
260 21
261 30
262 24
263 32
264 27
265 37
266 24
267 39
268 37
269 31
270 35
271 25
272 22
273 31
274 32
275 44
276 30
277 32
278 29
279 35
280 23
281 24
282 33
283 35
284 29
285 29
286 34
287 27
288 33
289 34
290 25
291 27
292 36
293 42
294 36
295 22
296 23
297 26
298 31
299 28
300 29
301 24
302 36
303 21
304 32
305 33
306 27
307 28
308 23
309 34
310 28
311 35
312 30
313 34
314 25
315 27
316 32
317 26
318 20
319 24
320 31
321 34
322 19
323 26
324 32
325 33
326 31
327 29
328 19
329 31
330 34
331 38
332 26
333 35
334 27
335 46
336 31
337 25
338 34
339 37
340 44
341 26
342 34
343 39
344 38
345 34
346 41
347 33
348 31
349 26
350 17
351 28
352 26
353 31
354 44
355 21
356 28
357 28
358 31
359 33
360 32
361 27
362 34
363 23
364 34
365 34
366 33
367 37
368 41
369 28
370 32
371 41
372 31
373 35
374 19
375 32
376 32
377 28
378 18
379 27
380 24
381 32
382 23
383 18
384 25
385 23
386 25
387 32
388 29
389 49
390 34
391 40
392 17
393 38
394 25
395 27
396 26
397 27
398 29
399 29
400 26
401 29
402 29
403 29
404 21
405 27
406 34
407 27
408 47
409 38
410 30
411 26
412 31
413 44
414 39
415 33
416 27
417 33
418 41
419 35
420 32
421 27
422 34
423 39
424 24
425 34
426 35
427 25
428 35
429 37
430 41
431 36
432 36
433 22
434 32
435 38
436 25
437 34
438 20
439 27
440 31
441 23
442 28
443 17
444 43
445 27
446 38
447 29
448 32
449 27
450 27
451 20
452 33
453 26
454 31
455 34
456 29
457 28
458 30
459 33
460 29
461 33
462 38
463 24
464 37
465 22
466 35
467 38
468 28
469 29
470 32
471 34
472 29
473 42
474 37
475 32
476 33
477 30
478 27
479 25
480 40
481 28
482 45
483 32
484 38
485 29
486 30
487 31
488 33
489 40
490 44
491 43
492 33
493 42
494 30
495 32
496 36
497 42
498 37
499 31
500 22
501 41
502 32
503 37
504 21
505 40
506 48
507 35
508 32
509 39
510 35
511 33
512 35
513 46
514 28
515 38
516 37
517 49
518 29
519 47
520 45
521 31
522 32
523 39
524 30
525 36
526 43
527 36
528 37
529 35
530 40
531 31
532 42
533 46
534 25
535 48
536 30
537 46
538 46
539 33
540 29
541 45
542 28
543 37
544 30
545 32
546 40
547 40
548 30
549 41
550 33
551 41
552 32
553 32
554 32
555 38
556 39
557 42
558 28
559 42
560 33
561 41
562 38
563 24
564 40
565 30
566 28
567 24
568 31
569 33
570 29
571 25
572 26
573 33
574 34
575 43
576 29
577 28
578 33
579 30
580 34
581 32
582 52
583 37
584 39
585 34
586 40
587 42
588 31
589 31
590 27
591 31
592 33
593 35
594 36
595 37
596 37
597 38
598 33
599 23
600 37
601 38
602 30
603 32
604 35
605 41
606 41
607 54
608 38
609 43
610 23
611 25
612 33
613 31
614 34
615 39
616 47
617 43
618 58
619 53
620 71
621 61
622 65
623 79
624 78
625 84
626 99
627 74
628 93
629 110
630 123
631 123
632 133
633 156
634 150
635 116
636 126
637 106
638 89
639 113
640 111
641 103
642 114
643 106
644 87
645 84
646 75
647 53
648 54
649 47
650 46
651 45
652 38
653 44
654 29
655 33
656 29
657 41
658 33
659 55
660 41
661 39
662 33
663 28
664 37
665 45
666 30
667 26
668 30
669 31
670 37
671 40
672 33
673 31
674 33
675 32
676 31
677 36
678 47
679 32
680 27
681 26
682 38
683 38
684 36
685 31
686 31
687 31
688 36
689 25
690 37
691 29
692 24
693 42
694 39
695 40
696 38
697 24
698 36
699 29
700 31
701 30
702 49
703 30
704 29
705 27
706 37
707 36
708 29
709 50
710 38
711 38
712 41
713 40
714 33
715 45
716 24
717 29
718 22
719 43
720 39
721 42
722 39
723 36
724 32
725 35
726 34
727 38
728 43
729 20
730 28
731 33
732 31
733 38
734 39
735 30
736 31
737 28
738 30
739 33
740 38
741 31
742 48
743 41
744 30
745 33
746 36
747 34
748 29
749 47
750 41
751 31
752 35
753 36
754 38
755 39
756 39
757 17
758 40
759 43
760 32
761 24
762 32
763 34
764 30
765 33
766 36
767 38
768 43
769 35
770 30
771 41
772 32
773 32
774 32
775 32
776 30
777 39
778 30
779 40
780 29
781 41
782 24
783 29
784 37
785 29
786 31
787 39
788 35
789 34
790 46
791 39
792 25
793 38
794 37
795 38
796 30
797 40
798 40
799 30
800 31
801 40
802 40
803 31
804 34
805 34
806 36
807 30
808 33
809 29
810 23
811 30
812 35
813 36
814 32
815 47
816 35
817 39
818 28
819 32
820 32
821 42
822 38
823 28
824 38
825 34
826 34
827 35
828 26
829 32
830 27
831 35
832 34
833 42
834 21
835 31
836 28
837 24
838 23
839 31
840 33
841 35
842 35
843 24
844 29
845 40
846 35
847 25
848 31
849 30
850 36
851 27
852 40
853 30
854 28
855 37
856 34
857 34
858 32
859 30
860 48
861 40
862 26
863 34
864 40
865 35
866 32
867 34
868 41
869 39
870 43
871 36
872 36
873 39
874 16
875 21
876 33
877 35
878 29
879 38
880 26
881 25
882 33
883 37
884 29
885 36
886 37
887 28
888 33
889 33
890 25
891 33
892 32
893 25
894 34
895 31
896 31
897 36
898 44
899 29
900 29
901 38
902 35
903 31
904 31
905 33
906 18
907 16
908 30
909 40
910 39
911 34
912 33
913 42
914 27
915 27
916 23
917 34
918 34
919 36
920 27
921 42
922 33
923 33
924 27
925 26
926 37
927 35
928 39
929 35
930 32
931 34
932 29
933 27
934 31
935 32
936 33
937 29
938 27
939 27
940 36
941 31
942 30
943 33
944 35
945 35
946 26
947 36
948 33
949 43
950 36
951 30
952 33
953 41
954 30
955 32
956 33
957 34
958 28
959 38
960 35
961 23
962 38
963 32
964 40
965 30
966 36
967 33
968 24
969 32
970 38
971 29
972 31
973 34
974 33
975 28
976 30
977 29
978 18
979 29
980 31
981 31
982 27
983 29
984 34
985 38
986 28
987 40
988 29
989 37
990 39
991 32
992 45
993 30
994 40
995 27
996 26
997 38
998 24
999 36
1000 27
1001 40
1002 34
1003 27
1004 28
1005 37
1006 30
1007 32
1008 20
1009 25
1010 24
1011 36
1012 39
1013 19
1014 32
1015 20
1016 31
1017 27
1018 29
1019 31
1020 25
1021 30
1022 30
1023 33
1024 26
1025 41
1026 29
1027 30
1028 30
1029 32
1030 35
1031 28
1032 32
1033 29
1034 37
1035 31
1036 37
1037 17
1038 33
1039 20
1040 28
1041 26
1042 31
1043 20
1044 16
1045 26
1046 24
1047 22
1048 21
1049 28
1050 30
1051 23
1052 29
1053 30
1054 28
1055 34
1056 29
1057 28
1058 37
1059 22
1060 37
1061 28
1062 33
1063 28
1064 39
1065 27
1066 35
1067 24
1068 31
1069 25
1070 30
1071 33
1072 41
1073 32
1074 31
1075 29
1076 36
1077 24
1078 17
1079 32
1080 40
1081 30
1082 30
1083 24
1084 29
1085 22
1086 27
1087 23
1088 32
1089 28
1090 18
1091 25
1092 26
1093 40
1094 24
1095 35
1096 29
1097 34
1098 27
1099 38
1100 22
1101 32
1102 18
1103 34
1104 28
1105 24
1106 17
1107 30
1108 26
1109 34
1110 31
1111 31
1112 27
1113 37
1114 36
1115 36
1116 40
1117 23
1118 37
1119 22
1120 28
1121 34
1122 27
1123 31
1124 34
1125 42
1126 39
1127 33
1128 21
1129 36
1130 36
1131 36
1132 37
1133 35
1134 28
1135 36
1136 24
1137 30
1138 33
1139 32
1140 37
1141 32
1142 28
1143 32
1144 21
1145 28
1146 20
1147 40
1148 43
1149 38
1150 32
1151 21
1152 38
1153 34
1154 40
1155 30
1156 29
1157 32
1158 22
1159 25
1160 34
1161 43
1162 38
1163 44
1164 31
1165 35
1166 55
1167 64
1168 65
1169 97
1170 107
1171 120
1172 123
1173 148
1174 166
1175 204
1176 243
1177 234
1178 245
1179 298
1180 313
1181 325
1182 362
1183 432
1184 433
1185 482
1186 448
1187 401
1188 381
1189 366
1190 313
1191 213
1192 198
1193 122
1194 92
1195 57
1196 54
1197 48
1198 39
1199 36
1200 47
1201 39
1202 27
1203 32
1204 31
1205 27
1206 27
1207 25
1208 36
1209 31
1210 28
1211 28
1212 41
1213 30
1214 30
1215 39
1216 31
1217 36
1218 37
1219 37
1220 31
1221 24
1222 28
1223 30
1224 27
1225 31
1226 21
1227 29
1228 28
1229 28
1230 23
1231 31
1232 31
1233 33
1234 24
1235 34
1236 35
1237 33
1238 28
1239 27
1240 31
1241 28
1242 34
1243 36
1244 20
1245 25
1246 31
1247 38
1248 42
1249 37
1250 18
1251 35
1252 26
1253 33
1254 39
1255 34
1256 28
1257 33
1258 20
1259 25
1260 21
1261 30
1262 29
1263 29
1264 30
1265 17
1266 19
1267 33
1268 25
1269 28
1270 19
1271 17
1272 16
1273 23
1274 22
1275 12
1276 17
1277 20
1278 10
1279 2
1280 23
1281 32
1282 23
1283 21
1284 31
1285 18
1286 17
1287 12
1288 19
1289 17
1290 20
1291 28
1292 24
1293 19
1294 18
1295 23
1296 23
1297 23
1298 29
1299 26
1300 17
1301 14
1302 21
1303 21
1304 12
1305 21
1306 21
1307 24
1308 21
1309 16
1310 22
1311 18
1312 15
1313 17
1314 19
1315 15
1316 23
1317 27
1318 33
1319 17
1320 28
1321 21
1322 12
1323 17
1324 28
1325 10
1326 16
1327 18
1328 14
1329 27
1330 19
1331 20
1332 14
1333 26
1334 26
1335 27
1336 21
1337 12
1338 15
1339 24
1340 23
1341 24
1342 24
1343 18
1344 22
1345 28
1346 21
1347 19
1348 17
1349 24
1350 20
1351 21
1352 25
1353 17
1354 19
1355 12
1356 18
1357 19
1358 28
1359 18
1360 20
1361 18
1362 29
1363 20
1364 29
1365 21
1366 24
1367 15
1368 19
1369 15
1370 12
1371 24
1372 24
1373 21
1374 25
1375 35
1376 13
1377 19
1378 24
1379 20
1380 30
1381 16
1382 19
1383 23
1384 15
1385 22
1386 25
1387 21
1388 27
1389 23
1390 23
1391 24
1392 15
1393 21
1394 35
1395 24
1396 35
1397 25
1398 27
1399 40
1400 27
1401 26
1402 34
1403 40
1404 37
1405 46
1406 41
1407 32
1408 44
1409 40
1410 21
1411 35
1412 32
1413 21
1414 31
1415 20
1416 28
1417 20
1418 17
1419 22
1420 27
1421 22
1422 26
1423 19
1424 19
1425 28
1426 27
1427 19
1428 23
1429 22
1430 17
1431 21
1432 31
1433 22
1434 19
1435 27
1436 20
1437 25
1438 23
1439 28
1440 23
1441 23
1442 27
1443 16
1444 15
1445 18
1446 20
1447 16
1448 18
1449 27
1450 24
1451 21
1452 17
1453 22
1454 12
1455 19
1456 16
1457 29
1458 21
1459 35
1460 26
1461 16
1462 27
1463 20
1464 25
1465 23
1466 19
1467 14
1468 23
1469 22
1470 17
1471 27
1472 16
1473 21
1474 29
1475 31
1476 26
1477 30
1478 31
1479 25
1480 36
1481 43
1482 47
1483 60
1484 71
1485 85
1486 106
1487 135
1488 158
1489 217
1490 179
1491 162
1492 205
1493 275
1494 306
1495 279
1496 208
1497 176
1498 158
1499 123
1500 114
1501 107
1502 70
1503 65
1504 49
1505 37
1506 33
1507 27
1508 26
1509 29
1510 22
1511 26
1512 19
1513 18
1514 27
1515 17
1516 16
1517 27
1518 31
1519 13
1520 18
1521 19
1522 25
1523 12
1524 9
1525 15
1526 22
1527 14
1528 16
1529 17
1530 24
1531 26
1532 20
1533 14
1534 18
1535 15
1536 24
1537 23
1538 20
1539 15
1540 20
1541 22
1542 14
1543 18
1544 22
1545 22
1546 16
1547 16
1548 23
1549 20
1550 13
1551 15
1552 20
1553 22
1554 21
1555 15
1556 13
1557 19
1558 22
1559 19
1560 19
1561 20
1562 21
1563 27
1564 19
1565 14
1566 26
1567 13
1568 30
1569 23
1570 19
1571 18
1572 19
1573 16
1574 24
1575 22
1576 23
1577 24
1578 25
1579 25
1580 10
1581 20
1582 11
1583 18
1584 16
1585 29
1586 22
1587 18
1588 13
1589 27
1590 25
1591 13
1592 17
1593 16
1594 22
1595 21
1596 10
1597 17
1598 16
1599 23
1600 29
1601 17
1602 19
1603 21
1604 23
1605 24
1606 14
1607 12
1608 18
1609 27
1610 21
1611 18
1612 13
1613 11
1614 13
1615 18
1616 19
1617 18
1618 17
1619 13
1620 15
1621 20
1622 11
1623 23
1624 31
1625 26
1626 17
1627 22
1628 20
1629 19
1630 17
1631 16
1632 21
1633 24
1634 33
1635 9
1636 24
1637 18
1638 21
1639 15
1640 27
1641 16
1642 19
1643 23
1644 15
1645 20
1646 30
1647 11
1648 20
1649 17
1650 20
1651 15
1652 30
1653 20
1654 20
1655 17
1656 29
1657 15
1658 13
1659 24
1660 24
1661 18
1662 19
1663 13
1664 24
1665 28
1666 16
1667 19
1668 23
1669 27
1670 16
1671 12
1672 16
1673 22
1674 19
1675 23
1676 24
1677 16
1678 14
1679 15
1680 23
1681 19
1682 17
1683 16
1684 24
1685 17
1686 15
1687 18
1688 11
1689 31
1690 22
1691 24
1692 19
1693 17
1694 22
1695 27
1696 15
1697 18
1698 32
1699 18
1700 12
1701 13
1702 19
1703 21
1704 20
1705 12
1706 27
1707 15
1708 17
1709 13
1710 14
1711 17
1712 23
1713 20
1714 16
1715 16
1716 18
1717 21
1718 14
1719 18
1720 15
1721 16
1722 12
1723 11
1724 14
1725 16
1726 23
1727 16
1728 20
1729 15
1730 17
1731 13
1732 14
1733 11
1734 16
1735 17
1736 15
1737 24
1738 18
1739 20
1740 27
1741 13
1742 13
1743 14
1744 13
1745 19
1746 14
1747 16
1748 15
1749 16
1750 18
1751 22
1752 16
1753 16
1754 14
1755 11
1756 16
1757 16
1758 19
1759 18
1760 16
1761 19
1762 20
1763 17
1764 21
1765 9
1766 19
1767 13
1768 12
1769 16
1770 15
1771 19
1772 15
1773 24
1774 20
1775 25
1776 22
1777 15
1778 13
1779 15
1780 19
1781 19
1782 20
1783 15
1784 21
1785 17
1786 20
1787 21
1788 19
1789 12
1790 23
1791 13
1792 15
1793 15
1794 14
1795 15
1796 16
1797 17
1798 23
1799 14
1800 17
1801 11
1802 18
1803 14
1804 11
1805 21
1806 11
1807 17
1808 17
1809 21
1810 11
1811 14
1812 18
1813 10
1814 20
1815 18
1816 20
1817 18
1818 19
1819 18
1820 9
1821 15
1822 16
1823 15
1824 24
1825 17
1826 13
1827 11
1828 20
1829 16
1830 13
1831 14
1832 18
1833 14
1834 13
1835 30
1836 15
1837 27
1838 16
1839 20
1840 15
1841 13
1842 18
1843 13
1844 22
1845 23
1846 18
1847 11
1848 9
1849 20
1850 17
1851 15
1852 7
1853 17
1854 21
1855 20
1856 14
1857 15
1858 20
1859 11
1860 13
1861 16
1862 19
1863 24
1864 13
1865 16
1866 19
1867 16
1868 13
1869 14
1870 10
1871 16
1872 21
1873 12
1874 22
1875 15
1876 20
1877 14
1878 23
1879 14
1880 12
1881 21
1882 13
1883 18
1884 18
1885 17
1886 28
1887 13
1888 28
1889 19
1890 24
1891 19
1892 22
1893 27
1894 26
1895 14
1896 13
1897 15
1898 19
1899 12
1900 11
1901 13
1902 16
1903 24
1904 16
1905 16
1906 16
1907 15
1908 18
1909 20
1910 14
1911 14
1912 13
1913 17
1914 17
1915 15
1916 20
1917 13
1918 15
1919 22
1920 25
1921 20
1922 20
1923 23
1924 18
1925 26
1926 26
1927 28
1928 19
1929 26
1930 30
1931 15
1932 24
1933 19
1934 20
1935 12
1936 14
1937 13
1938 19
1939 32
1940 15
1941 19
1942 15
1943 11
1944 20
1945 17
1946 23
1947 21
1948 20
1949 24
1950 10
1951 17
1952 18
1953 15
1954 9
1955 12
1956 13
1957 14
1958 22
1959 22
1960 20
1961 25
1962 27
1963 21
1964 27
1965 28
1966 39
1967 35
1968 36
1969 52
1970 63
1971 85
1972 87
1973 119
1974 105
1975 102
1976 114
1977 112
1978 122
1979 146
1980 115
1981 131
1982 101
1983 76
1984 62
1985 66
1986 79
1987 95
1988 71
1989 58
1990 42
1991 32
1992 33
1993 31
1994 22
1995 14
1996 17
1997 19
1998 21
1999 14
2000 21
2001 28
2002 15
2003 13
2004 13
2005 10
2006 13
2007 17
2008 17
2009 15
2010 21
2011 18
2012 23
2013 11
2014 24
2015 20
2016 15
2017 21
2018 14
2019 18
2020 17
2021 22
2022 18
2023 15
2024 21
2025 16
2026 15
2027 13
2028 15
2029 7
2030 14
2031 8
2032 16
2033 14
2034 15
2035 17
2036 10
2037 13
2038 11
2039 13
2040 13
2041 14
2042 13
2043 10
2044 15
2045 12
2046 16
2047 13
2048 12
2049 6
2050 12
2051 18
2052 13
2053 13
2054 12
2055 20
2056 13
2057 15
2058 19
2059 18
2060 8
2061 17
2062 18
2063 7
2064 10
2065 12
2066 18
2067 14
2068 7
2069 13
2070 15
2071 5
2072 15
2073 10
2074 15
2075 7
2076 17
2077 15
2078 17
2079 12
2080 13
2081 11
2082 11
2083 11
2084 12
2085 13
2086 15
2087 18
2088 14
2089 22
2090 13
2091 10
2092 16
2093 11
2094 11
2095 11
2096 20
2097 11
2098 20
2099 12
2100 8
2101 18
2102 14
2103 13
2104 10
2105 16
2106 13
2107 10
2108 13
2109 13
2110 15
2111 17
2112 12
2113 24
2114 21
2115 15
2116 7
2117 19
2118 19
2119 18
2120 20
2121 7
2122 13
2123 17
2124 19
2125 8
2126 11
2127 10
2128 10
2129 18
2130 22
2131 14
2132 17
2133 11
2134 20
2135 10
2136 17
2137 14
2138 22
2139 18
2140 14
2141 13
2142 23
2143 18
2144 15
2145 8
2146 20
2147 15
2148 12
2149 10
2150 18
2151 11
2152 18
2153 15
2154 7
2155 10
2156 7
2157 16
2158 16
2159 15
2160 21
2161 10
2162 18
2163 13
2164 12
2165 20
2166 11
2167 10
2168 16
2169 12
2170 13
2171 15
2172 13
2173 13
2174 17
2175 14
2176 14
2177 16
2178 19
2179 11
2180 21
2181 18
2182 11
2183 12
2184 15
2185 21
2186 16
2187 24
2188 15
2189 13
2190 12
2191 16
2192 17
2193 21
2194 22
2195 25
2196 15
2197 15
2198 9
2199 9
2200 12
2201 12
2202 7
2203 13
2204 14
2205 11
2206 19
2207 19
2208 11
2209 14
2210 22
2211 17
2212 20
2213 19
2214 16
2215 12
2216 9
2217 17
2218 15
2219 11
2220 18
2221 14
2222 24
2223 21
2224 27
2225 29
2226 31
2227 32
2228 33
2229 44
2230 55
2231 59
2232 70
2233 66
2234 90
2235 100
2236 120
2237 134
2238 163
2239 183
2240 200
2241 263
2242 344
2243 421
2244 487
2245 541
2246 570
2247 577
2248 556
2249 572
2250 533
2251 472
2252 602
2253 543
2254 493
2255 324
2256 277
2257 293
2258 340
2259 297
2260 275
2261 233
2262 172
2263 95
2264 89
2265 68
2266 57
2267 46
2268 24
2269 39
2270 29
2271 26
2272 20
2273 15
2274 11
2275 15
2276 22
2277 24
2278 19
2279 12
2280 12
2281 15
2282 12
2283 17
2284 20
2285 16
2286 12
2287 13
2288 18
2289 17
2290 13
2291 15
2292 16
2293 13
2294 20
2295 17
2296 14
2297 10
2298 10
2299 12
2300 20
2301 15
2302 13
2303 14
2304 9
2305 15
2306 9
2307 22
2308 19
2309 14
2310 16
2311 13
2312 21
2313 18
2314 19
2315 12
2316 17
2317 15
2318 9
2319 15
2320 15
2321 14
2322 8
2323 15
2324 11
2325 10
2326 15
2327 18
2328 14
2329 13
2330 11
2331 12
2332 16
2333 7
2334 13
2335 11
2336 13
2337 10
2338 15
2339 11
2340 12
2341 13
2342 13
2343 15
2344 11
2345 18
2346 16
2347 14
2348 13
2349 11
2350 13
2351 16
2352 8
2353 17
2354 13
2355 15
2356 9
2357 11
2358 14
2359 14
2360 9
2361 11
2362 13
2363 17
2364 8
2365 14
2366 20
2367 15
2368 14
2369 12
2370 15
2371 11
2372 14
2373 10
2374 15
2375 13
2376 18
2377 22
2378 18
2379 13
2380 15
2381 13
2382 8
2383 16
2384 17
2385 20
2386 15
2387 9
2388 16
2389 16
2390 19
2391 12
2392 7
2393 14
2394 11
2395 13
2396 12
2397 13
2398 13
2399 12
2400 11
2401 19
2402 12
2403 12
2404 12
2405 12
2406 14
2407 14
2408 15
2409 6
2410 11
2411 15
2412 15
2413 14
2414 10
2415 10
2416 11
2417 9
2418 16
2419 12
2420 11
2421 14
2422 9
2423 16
2424 16
2425 14
2426 19
2427 11
2428 12
2429 22
2430 15
2431 13
2432 14
2433 12
2434 13
2435 19
2436 12
2437 18
2438 13
2439 22
2440 16
2441 23
2442 24
2443 23
2444 25
2445 20
2446 19
2447 33
2448 26
2449 34
2450 31
2451 40
2452 44
2453 46
2454 62
2455 82
2456 81
2457 84
2458 72
2459 95
2460 86
2461 100
2462 83
2463 85
2464 96
2465 80
2466 83
2467 60
2468 68
2469 66
2470 57
2471 39
2472 45
2473 39
2474 40
2475 38
2476 44
2477 33
2478 39
2479 22
2480 28
2481 12
2482 16
2483 18
2484 18
2485 10
2486 12
2487 20
2488 12
2489 7
2490 15
2491 10
2492 13
2493 11
2494 13
2495 15
2496 15
2497 8
2498 6
2499 11
2500 12
2501 19
2502 12
2503 11
2504 8
2505 11
2506 8
2507 14
2508 11
2509 18
2510 11
2511 12
2512 15
2513 12
2514 11
2515 13
2516 10
2517 10
2518 13
2519 9
2520 7
2521 6
2522 9
2523 9
2524 3
2525 8
2526 13
2527 8
2528 15
2529 15
2530 10
2531 13
2532 10
2533 6
2534 11
2535 11
2536 8
2537 7
2538 14
2539 12
2540 8
2541 12
2542 14
2543 16
2544 11
2545 13
2546 8
2547 10
2548 8
2549 12
2550 13
2551 13
2552 11
2553 8
2554 7
2555 11
2556 9
2557 19
2558 12
2559 16
