0 30
1 24
2 23
3 28
4 22
5 21
6 19
7 27
8 25
9 20
10 28
11 28
12 28
13 23
14 33
15 19
16 29
17 24
18 29
19 18
20 32
21 19
22 20
23 23
24 30
25 23
26 20
27 23
28 36
29 28
30 24
31 26
32 24
33 32
34 21
35 29
36 24
37 27
38 24
39 20
40 27
41 25
42 23
43 28
44 24
45 30
46 22
47 22
48 30
49 32
50 22
51 27
52 30
53 30
54 23
55 25
56 21
57 37
58 24
59 30
60 32
61 23
62 32
63 25
64 27
65 29
66 27
67 35
68 19
69 26
70 26
71 18
72 24
73 22
74 25
75 25
76 31
77 23
78 35
79 32
80 26
81 28
82 26
83 32
84 25
85 36
86 26
87 22
88 29
89 28
90 26
91 27
92 26
93 20
94 24
95 24
96 19
97 31
98 27
99 20
100 18
101 24
102 23
103 22
104 33
105 23
106 16
107 28
108 22
109 27
110 30
111 24
112 29
113 26
114 28
115 20
116 20
117 21
118 20
119 26
120 17
121 27
122 20
123 30
124 23
125 33
126 32
127 30
128 27
129 34
130 35
131 26
132 23
133 30
134 26
135 22
136 31
137 30
138 24
139 30
140 22
141 23
142 25
143 34
144 37
145 33
146 30
147 25
148 32
149 28
150 37
151 30
152 22
153 33
154 21
155 32
156 28
157 18
158 19
159 24
160 22
161 21
162 44
163 30
164 24
165 45
166 33
167 31
168 19
169 27
170 24
171 30
172 33
173 18
174 22
175 23
176 38
177 37
178 23
179 26
180 29
181 41
182 29
183 26
184 28
185 27
186 33
187 38
188 24
189 32
190 26
191 19
192 29
193 26
194 33
195 38
196 34
197 24
198 30
199 26
200 24
201 27
202 18
203 31
204 37
205 34
206 27
207 29
208 29
209 28
210 26
211 21
212 37
213 27
214 23
215 28
216 24
217 27
218 26
219 30
220 21
221 25
222 39
223 29
224 29
225 38
226 34
227 39
228 28
229 25
230 37
231 34
232 38
233 25
234 34
235 27
236 30
237 31
238 30
239 34
240 25
241 27
242 27
243 24
244 40
245 30
246 21
247 18
248 33
249 28
250 30
251 22
252 40
253 36
254 32
255 24
256 31
257 28
258 26
259 20
260 23
261 20
262 33
263 23
264 25
265 33
266 32
267 27
268 34
269 31
270 26
271 26
272 19
273 28
274 33
275 28
276 26
277 29
278 21
279 35
280 32
281 30
282 24
283 29
284 21
285 29
286 30
287 29
288 37
289 28
290 31
291 36
292 32
293 28
294 26
295 25
296 28
297 33
298 24
299 34
300 28
301 35
302 34
303 21
304 35
305 20
306 27
307 30
308 25
309 34
310 29
311 35
312 36
313 30
314 29
315 31
316 27
317 34
318 39
319 28
320 29
321 31
322 28
323 34
324 24
325 30
326 26
327 25
328 31
329 22
330 31
331 27
332 36
333 35
334 30
335 26
336 39
337 23
338 33
339 31
340 31
341 37
342 36
343 37
344 24
345 34
346 29
347 27
348 39
349 32
350 30
351 30
352 31
353 31
354 32
355 23
356 30
357 28
358 39
359 26
360 25
361 24
362 24
363 30
364 26
365 35
366 43
367 27
368 28
369 34
370 35
371 28
372 34
373 31
374 27
375 34
376 34
377 30
378 28
379 39
380 46
381 34
382 29
383 24
384 29
385 30
386 21
387 26
388 31
389 39
390 28
391 25
392 27
393 32
394 34
395 25
396 30
397 26
398 30
399 39
400 40
401 36
402 35
403 25
404 40
405 40
406 30
407 36
408 31
409 39
410 28
411 33
412 31
413 39
414 33
415 26
416 22
417 30
418 34
419 36
420 31
421 34
422 27
423 32
424 19
425 25
426 33
427 23
428 44
429 37
430 46
431 31
432 24
433 34
434 34
435 28
436 18
437 34
438 35
439 36
440 27
441 31
442 33
443 24
444 36
445 53
446 34
447 33
448 34
449 31
450 31
451 35
452 30
453 28
454 40
455 38
456 38
457 41
458 55
459 35
460 35
461 23
462 27
463 30
464 32
465 33
466 21
467 31
468 29
469 29
470 22
471 37
472 29
473 40
474 32
475 29
476 44
477 31
478 35
479 23
480 29
481 23
482 42
483 37
484 34
485 25
486 42
487 38
488 30
489 31
490 33
491 36
492 33
493 29
494 24
495 28
496 30
497 30
498 33
499 28
500 36
501 26
502 35
503 33
504 30
505 34
506 28
507 43
508 43
509 36
510 37
511 30
512 33
513 53
514 36
515 38
516 36
517 32
518 40
519 32
520 27
521 40
522 46
523 37
524 33
525 35
526 46
527 42
528 28
529 35
530 38
531 47
532 38
533 36
534 46
535 43
536 36
537 33
538 30
539 41
540 33
541 33
542 31
543 30
544 32
545 29
546 24
547 31
548 37
549 40
550 38
551 28
552 35
553 41
554 35
555 46
556 35
557 30
558 43
559 37
560 33
561 29
562 40
563 42
564 39
565 33
566 28
567 37
568 38
569 29
570 34
571 32
572 36
573 40
574 28
575 38
576 30
577 32
578 35
579 28
580 19
581 35
582 26
583 23
584 36
585 36
586 32
587 34
588 37
589 37
590 40
591 36
592 35
593 35
594 25
595 31
596 32
597 37
598 34
599 35
600 40
601 49
602 34
603 40
604 30
605 38
606 24
607 27
608 34
609 32
610 31
611 39
612 40
613 38
614 34
615 31
616 68
617 46
618 54
619 50
620 63
621 67
622 66
623 67
624 63
625 65
626 55
627 70
628 88
629 127
630 92
631 97
632 117
633 109
634 120
635 112
636 124
637 112
638 103
639 94
640 100
641 96
642 87
643 110
644 120
645 98
646 84
647 80
648 59
649 60
650 58
651 45
652 49
653 38
654 37
655 43
656 31
657 28
658 34
659 43
660 51
661 36
662 37
663 32
664 37
665 29
666 31
667 27
668 36
669 36
670 42
671 41
672 45
673 39
674 33
675 40
676 32
677 36
678 37
679 31
680 29
681 35
682 41
683 27
684 33
685 35
686 40
687 45
688 43
689 51
690 45
691 30
692 36
693 35
694 28
695 31
696 37
697 30
698 32
699 40
700 41
701 44
702 35
703 29
704 37
705 26
706 40
707 35
708 29
709 30
710 40
711 40
712 39
713 36
714 33
715 37
716 31
717 31
718 35
719 25
720 26
721 30
722 30
723 26
724 38
725 20
726 41
727 38
728 27
729 29
730 25
731 27
732 36
733 29
734 34
735 29
736 37
737 33
738 38
739 35
740 33
741 24
742 36
743 36
744 37
745 34
746 37
747 27
748 36
749 40
750 18
751 31
752 34
753 37
754 23
755 30
756 33
757 30
758 47
759 31
760 43
761 34
762 29
763 32
764 29
765 33
766 37
767 36
768 30
769 36
770 36
771 28
772 38
773 35
774 42
775 35
776 38
777 39
778 41
779 41
780 27
781 34
782 32
783 52
784 33
785 32
786 31
787 48
788 31
789 32
790 33
791 32
792 33
793 31
794 42
795 34
796 38
797 29
798 31
799 30
800 29
801 24
802 30
803 34
804 30
805 37
806 39
807 30
808 35
809 40
810 36
811 37
812 36
813 36
814 30
815 39
816 30
817 26
818 26
819 34
820 38
821 35
822 26
823 44
824 21
825 30
826 27
827 25
828 36
829 24
830 23
831 38
832 36
833 36
834 36
835 32
836 29
837 33
838 33
839 36
840 31
841 39
842 27
843 30
844 44
845 30
846 29
847 38
848 40
849 26
850 30
851 31
852 29
853 22
854 33
855 27
856 27
857 31
858 27
859 41
860 38
861 36
862 44
863 31
864 46
865 27
866 25
867 30
868 35
869 42
870 23
871 39
872 30
873 27
874 31
875 25
876 32
877 32
878 33
879 41
880 34
881 23
882 25
883 35
884 28
885 28
886 28
887 32
888 34
889 31
890 42
891 30
892 27
893 30
894 31
895 44
896 33
897 43
898 38
899 25
900 29
901 34
902 36
903 29
904 35
905 34
906 31
907 24
908 38
909 33
910 33
911 24
912 31
913 40
914 25
915 36
916 37
917 28
918 38
919 32
920 22
921 35
922 27
923 30
924 33
925 29
926 29
927 32
928 25
929 41
930 38
931 31
932 35
933 45
934 40
935 28
936 47
937 38
938 27
939 36
940 35
941 30
942 31
943 29
944 31
945 36
946 35
947 35
948 28
949 36
950 34
951 42
952 26
953 29
954 33
955 37
956 30
957 16
958 30
959 30
960 35
961 26
962 29
963 25
964 24
965 26
966 35
967 28
968 38
969 26
970 41
971 38
972 28
973 25
974 33
975 36
976 30
977 28
978 38
979 35
980 28
981 23
982 32
983 36
984 27
985 21
986 37
987 32
988 38
989 35
990 36
991 32
992 35
993 34
994 24
995 27
996 30
997 27
998 32
999 25
1000 24
1001 31
1002 36
1003 29
1004 42
1005 35
1006 26
1007 23
1008 35
1009 27
1010 30
1011 24
1012 33
1013 35
1014 27
1015 28
1016 38
1017 33
1018 19
1019 31
1020 31
1021 25
1022 26
1023 38
1024 30
1025 30
1026 27
1027 29
1028 32
1029 35
1030 31
1031 39
1032 33
1033 33
1034 34
1035 40
1036 35
1037 29
1038 27
1039 28
1040 25
1041 40
1042 32
1043 33
1044 24
1045 24
1046 40
1047 24
1048 42
1049 29
1050 23
1051 29
1052 43
1053 31
1054 21
1055 41
1056 37
1057 27
1058 33
1059 42
1060 38
1061 19
1062 33
1063 36
1064 33
1065 35
1066 29
1067 31
1068 26
1069 25
1070 26
1071 31
1072 29
1073 33
1074 26
1075 37
1076 42
1077 48
1078 38
1079 27
1080 37
1081 40
1082 29
1083 29
1084 35
1085 31
1086 33
1087 23
1088 29
1089 24
1090 31
1091 33
1092 27
1093 27
1094 45
1095 31
1096 31
1097 25
1098 33
1099 32
1100 38
1101 35
1102 31
1103 32
1104 36
1105 29
1106 40
1107 36
1108 32
1109 24
1110 32
1111 17
1112 20
1113 27
1114 27
1115 34
1116 22
1117 32
1118 31
1119 28
1120 32
1121 35
1122 34
1123 30
1124 43
1125 38
1126 26
1127 27
1128 30
1129 21
1130 30
1131 29
1132 25
1133 35
1134 32
1135 46
1136 33
1137 32
1138 28
1139 22
1140 34
1141 25
1142 35
1143 26
1144 36
1145 40
1146 20
1147 22
1148 34
1149 26
1150 25
1151 28
1152 27
1153 35
1154 25
1155 27
1156 35
1157 34
1158 40
1159 36
1160 39
1161 36
1162 32
1163 36
1164 37
1165 34
1166 53
1167 38
1168 58
1169 95
1170 99
1171 83
1172 114
1173 118
1174 135
1175 176
1176 180
1177 239
1178 245
1179 236
1180 298
1181 254
1182 345
1183 333
1184 347
1185 411
1186 395
1187 408
1188 402
1189 428
1190 449
1191 262
1192 202
1193 148
1194 132
1195 86
1196 75
1197 72
1198 51
1199 34
1200 37
1201 33
1202 30
1203 48
1204 32
1205 40
1206 27
1207 35
1208 33
1209 27
1210 36
1211 24
1212 29
1213 34
1214 23
1215 30
1216 36
1217 21
1218 19
1219 25
1220 21
1221 21
1222 36
1223 33
1224 39
1225 28
1226 16
1227 34
1228 27
1229 21
1230 18
1231 27
1232 32
1233 35
1234 26
1235 23
1236 34
1237 36
1238 27
1239 30
1240 25
1241 32
1242 36
1243 28
1244 29
1245 32
1246 30
1247 35
1248 37
1249 27
1250 22
1251 27
1252 20
1253 29
1254 31
1255 27
1256 26
1257 38
1258 26
1259 24
1260 32
1261 20
1262 32
1263 33
1264 23
1265 26
1266 29
1267 27
1268 33
1269 20
1270 27
1271 16
1272 14
1273 14
1274 20
1275 18
1276 15
1277 12
1278 17
1279 4
1280 22
1281 28
1282 27
1283 27
1284 18
1285 27
1286 19
1287 16
1288 27
1289 18
1290 30
1291 20
1292 27
1293 21
1294 22
1295 24
1296 27
1297 22
1298 27
1299 22
1300 18
1301 14
1302 17
1303 22
1304 20
1305 30
1306 27
1307 17
1308 21
1309 20
1310 27
1311 22
1312 29
1313 17
1314 26
1315 26
1316 21
1317 17
1318 29
1319 28
1320 15
1321 27
1322 27
1323 24
1324 20
1325 24
1326 23
1327 18
1328 20
1329 25
1330 23
1331 25
1332 21
1333 26
1334 24
1335 15
1336 14
1337 19
1338 15
1339 24
1340 21
1341 15
1342 23
1343 14
1344 18
1345 22
1346 35
1347 21
1348 17
1349 21
1350 18
1351 16
1352 20
1353 28
1354 17
1355 23
1356 16
1357 27
1358 23
1359 26
1360 20
1361 25
1362 26
1363 23
1364 26
1365 22
1366 14
1367 27
1368 20
1369 21
1370 21
1371 31
1372 20
1373 18
1374 23
1375 24
1376 21
1377 13
1378 19
1379 18
1380 20
1381 23
1382 13
1383 21
1384 20
1385 20
1386 22
1387 16
1388 23
1389 33
1390 24
1391 25
1392 22
1393 28
1394 28
1395 17
1396 29
1397 26
1398 30
1399 27
1400 27
1401 28
1402 25
1403 45
1404 40
1405 40
1406 46
1407 44
1408 40
1409 35
1410 36
1411 37
1412 36
1413 20
1414 35
1415 22
1416 21
1417 12
1418 29
1419 16
1420 17
1421 25
1422 25
1423 23
1424 25
1425 22
1426 14
1427 32
1428 24
1429 20
1430 24
1431 20
1432 25
1433 33
1434 29
1435 20
1436 28
1437 19
1438 24
1439 25
1440 24
1441 11
1442 15
1443 23
1444 22
1445 19
1446 21
1447 18
1448 18
1449 21
1450 14
1451 27
1452 21
1453 34
1454 15
1455 20
1456 16
1457 16
1458 17
1459 18
1460 21
1461 21
1462 16
1463 20
1464 29
1465 19
1466 27
1467 27
1468 25
1469 25
1470 28
1471 19
1472 21
1473 25
1474 15
1475 19
1476 21
1477 37
1478 28
1479 35
1480 28
1481 42
1482 51
1483 35
1484 59
1485 59
1486 92
1487 115
1488 135
1489 174
1490 191
1491 172
1492 156
1493 230
1494 301
1495 335
1496 230
1497 177
1498 188
1499 166
1500 125
1501 105
1502 102
1503 80
1504 57
1505 44
1506 48
1507 44
1508 28
1509 32
1510 30
1511 28
1512 28
1513 25
1514 24
1515 24
1516 26
1517 25
1518 22
1519 14
1520 23
1521 11
1522 20
1523 29
1524 18
1525 14
1526 27
1527 20
1528 26
1529 28
1530 24
1531 25
1532 19
1533 22
1534 21
1535 22
1536 17
1537 20
1538 20
1539 15
1540 12
1541 23
1542 16
1543 20
1544 22
1545 15
1546 22
1547 28
1548 22
1549 13
1550 17
1551 21
1552 26
1553 18
1554 16
1555 16
1556 22
1557 17
1558 17
1559 19
1560 22
1561 16
1562 16
1563 19
1564 13
1565 16
1566 25
1567 22
1568 17
1569 16
1570 38
1571 11
1572 23
1573 13
1574 19
1575 24
1576 23
1577 21
1578 16
1579 28
1580 15
1581 27
1582 23
1583 18
1584 16
1585 21
1586 25
1587 20
1588 21
1589 16
1590 12
1591 17
1592 14
1593 23
1594 16
1595 20
1596 17
1597 22
1598 16
1599 16
1600 14
1601 20
1602 19
1603 22
1604 18
1605 13
1606 19
1607 21
1608 18
1609 11
1610 17
1611 20
1612 21
1613 19
1614 15
1615 16
1616 15
1617 18
1618 18
1619 18
1620 23
1621 19
1622 17
1623 11
1624 27
1625 16
1626 13
1627 16
1628 16
1629 19
1630 23
1631 17
1632 14
1633 15
1634 21
1635 23
1636 18
1637 19
1638 18
1639 19
1640 15
1641 19
1642 17
1643 21
1644 20
1645 22
1646 14
1647 18
1648 26
1649 15
1650 17
1651 11
1652 17
1653 16
1654 17
1655 21
1656 9
1657 24
1658 18
1659 25
1660 19
1661 19
1662 22
1663 22
1664 15
1665 16
1666 18
1667 22
1668 22
1669 13
1670 22
1671 14
1672 14
1673 10
1674 12
1675 13
1676 17
1677 16
1678 11
1679 14
1680 17
1681 24
1682 27
1683 18
1684 12
1685 20
1686 19
1687 12
1688 24
1689 17
1690 17
1691 18
1692 16
1693 21
1694 15
1695 22
1696 17
1697 23
1698 19
1699 18
1700 16
1701 12
1702 17
1703 24
1704 22
1705 17
1706 13
1707 20
1708 19
1709 12
1710 20
1711 17
1712 17
1713 31
1714 20
1715 19
1716 22
1717 21
1718 16
1719 23
1720 19
1721 19
1722 23
1723 16
1724 21
1725 13
1726 13
1727 22
1728 22
1729 23
1730 16
1731 13
1732 24
1733 25
1734 19
1735 18
1736 22
1737 16
1738 17
1739 16
1740 17
1741 20
1742 14
1743 18
1744 15
1745 20
1746 22
1747 29
1748 23
1749 16
1750 24
1751 16
1752 27
1753 12
1754 22
1755 15
1756 16
1757 13
1758 14
1759 22
1760 20
1761 30
1762 19
1763 17
1764 23
1765 18
1766 15
1767 21
1768 16
1769 10
1770 14
1771 15
1772 16
1773 12
1774 19
1775 25
1776 18
1777 21
1778 19
1779 15
1780 11
1781 21
1782 20
1783 16
1784 14
1785 21
1786 21
1787 10
1788 19
1789 11
1790 12
1791 15
1792 11
1793 14
1794 17
1795 15
1796 12
1797 13
1798 21
1799 9
1800 10
1801 15
1802 18
1803 18
1804 20
1805 18
1806 17
1807 20
1808 20
1809 22
1810 19
1811 22
1812 22
1813 17
1814 10
1815 13
1816 15
1817 20
1818 24
1819 19
1820 13
1821 22
1822 12
1823 14
1824 15
1825 19
1826 14
1827 19
1828 17
1829 18
1830 19
1831 16
1832 18
1833 18
1834 10
1835 21
1836 23
1837 17
1838 19
1839 17
1840 10
1841 14
1842 16
1843 13
1844 16
1845 10
1846 18
1847 16
1848 12
1849 10
1850 10
1851 10
1852 19
1853 15
1854 15
1855 9
1856 21
1857 19
1858 12
1859 14
1860 23
1861 12
1862 11
1863 11
1864 20
1865 15
1866 19
1867 13
1868 12
1869 17
1870 16
1871 11
1872 18
1873 19
1874 10
1875 10
1876 22
1877 13
1878 21
1879 11
1880 13
1881 24
1882 22
1883 23
1884 21
1885 12
1886 16
1887 15
1888 11
1889 17
1890 13
1891 11
1892 14
1893 20
1894 17
1895 16
1896 16
1897 19
1898 17
1899 17
1900 15
1901 15
1902 18
1903 18
1904 11
1905 15
1906 13
1907 17
1908 15
1909 18
1910 10
1911 13
1912 21
1913 15
1914 21
1915 14
1916 20
1917 14
1918 14
1919 21
1920 17
1921 16
1922 16
1923 18
1924 19
1925 27
1926 24
1927 19
1928 34
1929 27
1930 27
1931 16
1932 18
1933 18
1934 14
1935 22
1936 18
1937 14
1938 17
1939 8
1940 14
1941 15
1942 13
1943 14
1944 20
1945 17
1946 20
1947 15
1948 22
1949 20
1950 16
1951 18
1952 11
1953 18
1954 25
1955 17
1956 21
1957 25
1958 23
1959 14
1960 19
1961 21
1962 22
1963 23
1964 30
1965 30
1966 28
1967 36
1968 30
1969 33
1970 38
1971 53
1972 85
1973 94
1974 111
1975 75
1976 108
1977 103
1978 129
1979 138
1980 115
1981 81
1982 139
1983 101
1984 70
1985 79
1986 106
1987 93
1988 92
1989 57
1990 55
1991 40
1992 36
1993 38
1994 31
1995 25
1996 18
1997 27
1998 22
1999 23
2000 24
2001 22
2002 13
2003 13
2004 17
2005 14
2006 22
2007 15
2008 22
2009 18
2010 21
2011 13
2012 12
2013 12
2014 15
2015 14
2016 10
2017 14
2018 16
2019 16
2020 12
2021 13
2022 10
2023 9
2024 19
2025 18
2026 12
2027 13
2028 17
2029 23
2030 13
2031 17
2032 15
2033 14
2034 16
2035 21
2036 16
2037 21
2038 17
2039 7
2040 21
2041 7
2042 17
2043 13
2044 16
2045 7
2046 13
2047 11
2048 12
2049 10
2050 15
2051 14
2052 16
2053 18
2054 15
2055 10
2056 16
2057 19
2058 17
2059 9
2060 17
2061 17
2062 15
2063 7
2064 12
2065 11
2066 15
2067 18
2068 18
2069 15
2070 18
2071 15
2072 18
2073 9
2074 10
2075 7
2076 15
2077 17
2078 12
2079 17
2080 14
2081 9
2082 14
2083 8
2084 19
2085 23
2086 17
2087 14
2088 10
2089 10
2090 10
2091 10
2092 14
2093 15
2094 13
2095 12
2096 19
2097 19
2098 22
2099 11
2100 9
2101 10
2102 14
2103 12
2104 9
2105 11
2106 15
2107 14
2108 15
2109 7
2110 10
2111 17
2112 10
2113 8
2114 12
2115 7
2116 8
2117 15
2118 17
2119 16
2120 10
2121 14
2122 12
2123 16
2124 15
2125 16
2126 10
2127 8
2128 14
2129 20
2130 14
2131 19
2132 10
2133 14
2134 12
2135 15
2136 11
2137 21
2138 15
2139 16
2140 21
2141 13
2142 12
2143 11
2144 11
2145 9
2146 10
2147 14
2148 20
2149 11
2150 17
2151 24
2152 17
2153 16
2154 12
2155 11
2156 18
2157 18
2158 13
2159 7
2160 11
2161 13
2162 15
2163 6
2164 15
2165 13
2166 15
2167 10
2168 17
2169 14
2170 13
2171 13
2172 16
2173 16
2174 23
2175 15
2176 13
2177 18
2178 10
2179 14
2180 12
2181 16
2182 17
2183 10
2184 10
2185 9
2186 13
2187 11
2188 9
2189 14
2190 12
2191 12
2192 23
2193 15
2194 10
2195 10
2196 17
2197 17
2198 18
2199 13
2200 20
2201 11
2202 9
2203 17
2204 9
2205 7
2206 17
2207 29
2208 13
2209 18
2210 15
2211 15
2212 24
2213 14
2214 10
2215 11
2216 17
2217 22
2218 13
2219 17
2220 13
2221 19
2222 23
2223 21
2224 21
2225 29
2226 23
2227 27
2228 25
2229 37
2230 39
2231 42
2232 52
2233 56
2234 58
2235 81
2236 90
2237 93
2238 108
2239 149
2240 178
2241 205
2242 251
2243 321
2244 402
2245 470
2246 482
2247 535
2248 572
2249 612
2250 595
2251 482
2252 540
2253 618
2254 596
2255 412
2256 334
2257 366
2258 425
2259 410
2260 351
2261 276
2262 205
2263 138
2264 101
2265 107
2266 98
2267 71
2268 39
2269 39
2270 35
2271 42
2272 24
2273 22
2274 24
2275 24
2276 22
2277 14
2278 19
2279 17
2280 14
2281 14
2282 10
2283 15
2284 20
2285 13
2286 16
2287 9
2288 19
2289 20
2290 19
2291 19
2292 18
2293 13
2294 11
2295 19
2296 9
2297 13
2298 14
2299 20
2300 13
2301 10
2302 21
2303 12
2304 12
2305 11
2306 13
2307 24
2308 15
2309 20
2310 15
2311 12
2312 13
2313 15
2314 20
2315 21
2316 18
2317 12
2318 15
2319 15
2320 7
2321 13
2322 14
2323 16
2324 7
2325 13
2326 13
2327 16
2328 8
2329 11
2330 15
2331 8
2332 14
2333 9
2334 10
2335 13
2336 18
2337 15
2338 15
2339 10
2340 12
2341 12
2342 16
2343 14
2344 16
2345 11
2346 16
2347 11
2348 9
2349 11
2350 10
2351 10
2352 21
2353 13
2354 20
2355 11
2356 11
2357 16
2358 7
2359 13
2360 11
2361 15
2362 11
2363 16
2364 16
2365 17
2366 20
2367 15
2368 22
2369 17
2370 21
2371 18
2372 11
2373 16
2374 15
2375 18
2376 15
2377 11
2378 16
2379 11
2380 18
2381 13
2382 7
2383 20
2384 14
2385 10
2386 17
2387 17
2388 17
2389 20
2390 11
2391 17
2392 13
2393 8
2394 10
2395 11
2396 24
2397 7
2398 18
2399 9
2400 15
2401 5
2402 22
2403 17
2404 16
2405 8
2406 8
2407 15
2408 14
2409 11
2410 16
2411 2
2412 17
2413 12
2414 14
2415 14
2416 12
2417 10
2418 10
2419 19
2420 13
2421 14
2422 14
2423 14
2424 11
2425 13
2426 13
2427 13
2428 15
2429 18
2430 7
2431 11
2432 16
2433 15
2434 18
2435 13
2436 11
2437 9
2438 17
2439 19
2440 12
2441 12
2442 22
2443 15
2444 22
2445 22
2446 20
2447 24
2448 27
2449 30
2450 29
2451 33
2452 30
2453 34
2454 50
2455 48
2456 45
2457 82
2458 82
2459 76
2460 69
2461 95
2462 104
2463 96
2464 95
2465 71
2466 59
2467 91
2468 61
2469 93
2470 63
2471 39
2472 41
2473 42
2474 53
2475 38
2476 50
2477 44
2478 30
2479 29
2480 35
2481 31
2482 14
2483 10
2484 12
2485 26
2486 21
2487 15
2488 19
2489 10
2490 22
2491 17
2492 15
2493 9
2494 6
2495 8
2496 17
2497 10
2498 10
2499 12
2500 12
2501 7
2502 14
2503 10
2504 8
2505 10
2506 8
2507 13
2508 13
2509 11
2510 9
2511 9
2512 14
2513 12
2514 15
2515 12
2516 13
2517 17
2518 12
2519 7
2520 9
2521 14
2522 10
2523 12
2524 7
2525 18
2526 13
2527 9
2528 12
2529 6
2530 10
2531 13
2532 10
2533 9
2534 11
2535 15
2536 18
2537 9
2538 13
2539 8
2540 10
2541 11
2542 9
2543 15
2544 16
2545 10
2546 11
2547 10
2548 12
2549 12
2550 4
2551 5
2552 13
2553 17
2554 12
2555 9
2556 8
2557 10
2558 18
2559 20
