0 38
1 26
2 23
3 30
4 28
5 22
6 28
7 33
8 18
9 31
10 17
11 23
12 29
13 35
14 25
15 32
16 25
17 29
18 24
19 23
20 22
21 27
22 32
23 36
24 20
25 22
26 26
27 26
28 29
29 28
30 31
31 28
32 25
33 26
34 22
35 20
36 23
37 24
38 25
39 25
40 28
41 30
42 22
43 32
44 17
45 28
46 29
47 33
48 17
49 30
50 33
51 30
52 26
53 18
54 24
55 26
56 25
57 29
58 29
59 22
60 25
61 20
62 23
63 35
64 39
65 27
66 24
67 34
68 19
69 28
70 32
71 25
72 22
73 27
74 15
75 19
76 25
77 22
78 28
79 25
80 16
81 18
82 25
83 25
84 29
85 36
86 21
87 23
88 21
89 28
90 21
91 21
92 31
93 22
94 30
95 27
96 21
97 28
98 19
99 31
100 27
101 33
102 28
103 42
104 26
105 28
106 18
107 24
108 27
109 40
110 23
111 23
112 26
113 31
114 28
115 28
116 22
117 19
118 38
119 34
120 19
121 25
122 28
123 25
124 30
125 25
126 20
127 37
128 19
129 34
130 35
131 23
132 37
133 24
134 30
135 31
136 25
137 26
138 29
139 28
140 21
141 33
142 25
143 31
144 26
145 23
146 28
147 26
148 29
149 29
150 34
151 29
152 30
153 30
154 28
155 29
156 27
157 23
158 31
159 37
160 21
161 27
162 35
163 34
164 24
165 24
166 33
167 31
168 28
169 22
170 18
171 26
172 25
173 26
174 30
175 31
176 28
177 25
178 27
179 29
180 29
181 32
182 30
183 30
184 29
185 27
186 35
187 33
188 33
189 29
190 27
191 28
192 25
193 38
194 35
195 27
196 34
197 25
198 29
199 29
200 20
201 35
202 34
203 36
204 35
205 27
206 28
207 36
208 25
209 35
210 38
211 34
212 34
213 23
214 30
215 25
216 33
217 34
218 32
219 28
220 34
221 34
222 31
223 22
224 32
225 39
226 30
227 24
228 24
229 21
230 27
231 29
232 24
233 30
234 31
235 37
236 20
237 35
238 26
239 27
240 28
241 29
242 41
243 26
244 25
245 33
246 44
247 36
248 30
249 32
250 22
251 21
252 37
253 18
254 26
255 26
256 30
257 26
258 33
259 36
260 32
261 13
262 20
263 33
264 38
265 32
266 29
267 28
268 30
269 28
270 33
271 34
272 24
273 35
274 32
275 35
276 28
277 35
278 40
279 29
280 31
281 29
282 32
283 29
284 29
285 32
286 22
287 28
288 26
289 31
290 34
291 37
292 32
293 40
294 19
295 41
296 27
297 32
298 29
299 36
300 24
301 26
302 31
303 23
304 34
305 33
306 32
307 24
308 26
309 36
310 30
311 41
312 42
313 26
314 41
315 30
316 28
317 31
318 33
319 43
320 28
321 30
322 32
323 28
324 28
325 27
326 45
327 32
328 25
329 32
330 34
331 41
332 26
333 22
334 37
335 34
336 20
337 27
338 38
339 35
340 25
341 35
342 36
343 32
344 32
345 37
346 18
347 24
348 31
349 34
350 30
351 32
352 29
353 30
354 32
355 33
356 19
357 33
358 32
359 26
360 35
361 27
362 25
363 25
364 30
365 26
366 34
367 37
368 27
369 34
370 28
371 27
372 28
373 30
374 25
375 30
376 24
377 23
378 28
379 41
380 38
381 31
382 35
383 38
384 29
385 21
386 34
387 37
388 35
389 39
390 41
391 38
392 34
393 42
394 44
395 39
396 35
397 39
398 28
399 35
400 27
401 38
402 30
403 28
404 32
405 38
406 28
407 34
408 28
409 40
410 42
411 37
412 30
413 33
414 31
415 32
416 41
417 46
418 28
419 27
420 36
421 30
422 19
423 30
424 27
425 30
426 40
427 40
428 29
429 45
430 47
431 41
432 29
433 32
434 36
435 27
436 40
437 22
438 31
439 32
440 36
441 26
442 41
443 28
444 39
445 31
446 32
447 36
448 33
449 30
450 35
451 32
452 33
453 33
454 25
455 39
456 33
457 46
458 31
459 35
460 26
461 27
462 31
463 34
464 34
465 34
466 45
467 35
468 35
469 37
470 31
471 41
472 32
473 30
474 40
475 34
476 30
477 45
478 37
479 28
480 34
481 26
482 28
483 16
484 32
485 31
486 21
487 36
488 29
489 34
490 31
491 31
492 38
493 37
494 35
495 38
496 22
497 41
498 27
499 41
500 31
501 30
502 26
503 25
504 31
505 32
506 46
507 29
508 35
509 31
510 33
511 35
512 40
513 29
514 26
515 38
516 37
517 39
518 35
519 43
520 27
521 31
522 36
523 26
524 38
525 39
526 40
527 26
528 24
529 42
530 30
531 35
532 49
533 25
534 29
535 41
536 40
537 25
538 41
539 46
540 26
541 32
542 40
543 42
544 28
545 37
546 27
547 37
548 35
549 38
550 28
551 45
552 32
553 31
554 27
555 32
556 45
557 13
558 30
559 33
560 34
561 35
562 41
563 34
564 40
565 34
566 34
567 33
568 27
569 31
570 40
571 42
572 32
573 26
574 34
575 34
576 33
577 41
578 35
579 37
580 38
581 41
582 41
583 40
584 32
585 47
586 25
587 48
588 32
589 37
590 31
591 34
592 34
593 32
594 31
595 35
596 40
597 26
598 43
599 35
600 39
601 32
602 30
603 36
604 37
605 44
606 34
607 33
608 46
609 43
610 32
611 39
612 34
613 48
614 45
615 37
616 40
617 43
618 42
619 37
620 61
621 70
622 74
623 95
624 96
625 101
626 87
627 83
628 83
629 104
630 87
631 85
632 72
633 97
634 101
635 91
636 132
637 112
638 119
639 96
640 73
641 53
642 49
643 47
644 53
645 41
646 42
647 42
648 38
649 29
650 32
651 30
652 39
653 38
654 40
655 37
656 30
657 38
658 45
659 31
660 38
661 35
662 35
663 28
664 38
665 41
666 42
667 32
668 32
669 38
670 34
671 45
672 40
673 30
674 31
675 38
676 43
677 38
678 46
679 42
680 36
681 28
682 33
683 36
684 39
685 31
686 28
687 25
688 38
689 37
690 45
691 37
692 26
693 36
694 35
695 27
696 37
697 29
698 36
699 32
700 24
701 36
702 33
703 34
704 44
705 29
706 35
707 33
708 41
709 32
710 48
711 39
712 39
713 36
714 32
715 27
716 29
717 39
718 35
719 32
720 30
721 41
722 42
723 44
724 35
725 27
726 36
727 29
728 36
729 35
730 42
731 33
732 38
733 27
734 37
735 31
736 34
737 25
738 29
739 26
740 28
741 34
742 41
743 33
744 39
745 40
746 35
747 39
748 25
749 30
750 35
751 31
752 40
753 33
754 36
755 31
756 36
757 31
758 40
759 31
760 27
761 41
762 45
763 32
764 33
765 34
766 31
767 31
768 28
769 33
770 42
771 38
772 22
773 42
774 28
775 46
776 36
777 33
778 36
779 39
780 37
781 37
782 41
783 29
784 28
785 30
786 37
787 33
788 38
789 33
790 28
791 34
792 32
793 33
794 36
795 34
796 29
797 28
798 31
799 24
800 27
801 33
802 32
803 36
804 35
805 31
806 38
807 34
808 35
809 31
810 31
811 31
812 35
813 42
814 37
815 28
816 30
817 29
818 26
819 23
820 40
821 38
822 33
823 27
824 38
825 38
826 37
827 32
828 34
829 28
830 35
831 31
832 36
833 25
834 32
835 28
836 31
837 45
838 29
839 38
840 26
841 31
842 32
843 36
844 24
845 37
846 35
847 33
848 32
849 31
850 26
851 30
852 29
853 34
854 31
855 31
856 43
857 26
858 29
859 34
860 29
861 28
862 45
863 23
864 24
865 43
866 34
867 24
868 23
869 17
870 21
871 27
872 32
873 36
874 33
875 32
876 32
877 40
878 30
879 29
880 33
881 24
882 46
883 41
884 43
885 37
886 24
887 35
888 34
889 32
890 30
891 33
892 31
893 21
894 23
895 35
896 31
897 23
898 33
899 33
900 39
901 25
902 33
903 36
904 36
905 31
906 38
907 27
908 31
909 21
910 29
911 37
912 30
913 37
914 40
915 36
916 33
917 33
918 44
919 34
920 34
921 29
922 36
923 36
924 37
925 29
926 41
927 24
928 34
929 38
930 37
931 35
932 31
933 31
934 34
935 30
936 28
937 34
938 40
939 20
940 31
941 23
942 27
943 33
944 39
945 33
946 33
947 23
948 28
949 28
950 27
951 36
952 29
953 29
954 48
955 24
956 29
957 35
958 44
959 33
960 32
961 28
962 29
963 34
964 26
965 28
966 17
967 30
968 42
969 41
970 24
971 26
972 39
973 38
974 44
975 23
976 31
977 42
978 43
979 28
980 37
981 31
982 42
983 32
984 38
985 39
986 39
987 31
988 32
989 31
990 33
991 38
992 30
993 33
994 21
995 26
996 33
997 36
998 21
999 32
1000 38
1001 27
1002 24
1003 30
1004 32
1005 34
1006 31
1007 35
1008 34
1009 32
1010 38
1011 27
1012 29
1013 24
1014 34
1015 30
1016 27
1017 30
1018 32
1019 24
1020 33
1021 25
1022 23
1023 33
1024 24
1025 34
1026 32
1027 33
1028 30
1029 28
1030 27
1031 32
1032 24
1033 31
1034 27
1035 27
1036 32
1037 24
1038 24
1039 29
1040 35
1041 37
1042 23
1043 28
1044 27
1045 43
1046 25
1047 31
1048 36
1049 38
1050 30
1051 31
1052 27
1053 31
1054 38
1055 30
1056 30
1057 37
1058 30
1059 34
1060 25
1061 35
1062 32
1063 29
1064 26
1065 34
1066 34
1067 26
1068 33
1069 34
1070 29
1071 28
1072 33
1073 40
1074 30
1075 33
1076 24
1077 24
1078 36
1079 29
1080 30
1081 28
1082 33
1083 23
1084 30
1085 37
1086 29
1087 23
1088 28
1089 32
1090 38
1091 29
1092 32
1093 37
1094 26
1095 39
1096 28
1097 32
1098 31
1099 35
1100 26
1101 38
1102 30
1103 34
1104 46
1105 20
1106 29
1107 25
1108 29
1109 29
1110 25
1111 24
1112 36
1113 29
1114 25
1115 29
1116 33
1117 25
1118 36
1119 28
1120 40
1121 34
1122 47
1123 29
1124 21
1125 21
1126 22
1127 22
1128 32
1129 28
1130 21
1131 34
1132 37
1133 32
1134 38
1135 25
1136 40
1137 25
1138 32
1139 32
1140 29
1141 32
1142 28
1143 36
1144 40
1145 38
1146 29
1147 29
1148 26
1149 37
1150 22
1151 42
1152 45
1153 42
1154 38
1155 54
1156 58
1157 74
1158 95
1159 111
1160 158
1161 106
1162 136
1163 138
1164 154
1165 196
1166 214
1167 251
1168 324
1169 381
1170 432
1171 449
1172 544
1173 557
1174 500
1175 442
1176 400
1177 483
1178 464
1179 455
1180 397
1181 345
1182 307
1183 234
1184 185
1185 146
1186 88
1187 65
1188 31
1189 46
1190 39
1191 50
1192 40
1193 38
1194 29
1195 35
1196 29
1197 41
1198 28
1199 22
1200 33
1201 33
1202 18
1203 32
1204 40
1205 43
1206 27
1207 24
1208 27
1209 28
1210 29
1211 27
1212 25
1213 26
1214 36
1215 35
1216 29
1217 30
1218 34
1219 32
1220 35
1221 29
1222 41
1223 33
1224 31
1225 35
1226 35
1227 33
1228 26
1229 36
1230 28
1231 38
1232 23
1233 31
1234 23
1235 29
1236 23
1237 21
1238 28
1239 28
1240 21
1241 29
1242 26
1243 19
1244 28
1245 25
1246 24
1247 41
1248 28
1249 24
1250 24
1251 25
1252 29
1253 23
1254 24
1255 27
1256 29
1257 21
1258 27
1259 33
1260 33
1261 31
1262 33
1263 16
1264 22
1265 22
1266 36
1267 27
1268 28
1269 26
1270 24
1271 21
1272 18
1273 18
1274 26
1275 15
1276 19
1277 7
1278 6
1279 2
1280 21
1281 25
1282 17
1283 27
1284 28
1285 24
1286 29
1287 39
1288 26
1289 24
1290 23
1291 14
1292 25
1293 28
1294 30
1295 21
1296 18
1297 21
1298 29
1299 16
1300 28
1301 13
1302 25
1303 24
1304 21
1305 16
1306 36
1307 23
1308 28
1309 25
1310 19
1311 23
1312 21
1313 26
1314 25
1315 21
1316 19
1317 18
1318 21
1319 17
1320 19
1321 24
1322 15
1323 20
1324 20
1325 21
1326 23
1327 16
1328 21
1329 18
1330 18
1331 16
1332 23
1333 18
1334 19
1335 21
1336 26
1337 29
1338 23
1339 18
1340 22
1341 16
1342 26
1343 15
1344 23
1345 24
1346 32
1347 12
1348 16
1349 23
1350 13
1351 22
1352 12
1353 14
1354 17
1355 30
1356 18
1357 21
1358 26
1359 25
1360 24
1361 17
1362 16
1363 22
1364 14
1365 18
1366 20
1367 20
1368 22
1369 14
1370 21
1371 16
1372 12
1373 24
1374 20
1375 21
1376 18
1377 15
1378 28
1379 22
1380 16
1381 21
1382 18
1383 28
1384 31
1385 33
1386 35
1387 34
1388 43
1389 45
1390 40
1391 37
1392 43
1393 54
1394 35
1395 49
1396 51
1397 54
1398 41
1399 47
1400 48
1401 36
1402 25
1403 28
1404 29
1405 20
1406 15
1407 15
1408 23
1409 16
1410 23
1411 19
1412 23
1413 25
1414 20
1415 23
1416 19
1417 24
1418 22
1419 15
1420 13
1421 18
1422 16
1423 21
1424 17
1425 19
1426 26
1427 16
1428 19
1429 16
1430 17
1431 19
1432 16
1433 23
1434 24
1435 21
1436 22
1437 22
1438 21
1439 17
1440 19
1441 14
1442 19
1443 21
1444 19
1445 27
1446 27
1447 23
1448 19
1449 23
1450 19
1451 32
1452 23
1453 31
1454 19
1455 22
1456 29
1457 23
1458 26
1459 23
1460 25
1461 34
1462 24
1463 20
1464 24
1465 29
1466 22
1467 27
1468 32
1469 45
1470 59
1471 64
1472 79
1473 68
1474 74
1475 76
1476 122
1477 155
1478 187
1479 198
1480 218
1481 192
1482 232
1483 284
1484 285
1485 300
1486 307
1487 251
1488 233
1489 181
1490 120
1491 90
1492 82
1493 96
1494 100
1495 58
1496 56
1497 30
1498 31
1499 21
1500 24
1501 30
1502 25
1503 24
1504 28
1505 19
1506 24
1507 19
1508 29
1509 25
1510 25
1511 23
1512 15
1513 13
1514 18
1515 16
1516 15
1517 26
1518 15
1519 29
1520 17
1521 29
1522 22
1523 11
1524 15
1525 19
1526 18
1527 14
1528 22
1529 16
1530 24
1531 17
1532 20
1533 12
1534 9
1535 19
1536 17
1537 29
1538 29
1539 15
1540 25
1541 22
1542 16
1543 19
1544 17
1545 23
1546 20
1547 23
1548 11
1549 25
1550 14
1551 29
1552 22
1553 20
1554 13
1555 12
1556 15
1557 15
1558 22
1559 22
1560 21
1561 20
1562 25
1563 23
1564 11
1565 25
1566 31
1567 19
1568 23
1569 20
1570 22
1571 25
1572 18
1573 22
1574 20
1575 20
1576 28
1577 20
1578 22
1579 24
1580 16
1581 16
1582 20
1583 18
1584 21
1585 23
1586 15
1587 12
1588 12
1589 23
1590 21
1591 22
1592 21
1593 13
1594 28
1595 26
1596 20
1597 20
1598 15
1599 19
1600 14
1601 19
1602 20
1603 26
1604 16
1605 21
1606 30
1607 23
1608 21
1609 21
1610 23
1611 22
1612 19
1613 11
1614 17
1615 12
1616 17
1617 25
1618 20
1619 19
1620 27
1621 20
1622 21
1623 20
1624 21
1625 26
1626 21
1627 16
1628 18
1629 15
1630 17
1631 24
1632 21
1633 14
1634 27
1635 16
1636 16
1637 14
1638 22
1639 21
1640 14
1641 11
1642 13
1643 25
1644 15
1645 21
1646 16
1647 26
1648 16
1649 16
1650 12
1651 16
1652 18
1653 16
1654 17
1655 22
1656 21
1657 16
1658 20
1659 15
1660 19
1661 11
1662 11
1663 22
1664 19
1665 22
1666 29
1667 19
1668 14
1669 17
1670 19
1671 21
1672 17
1673 15
1674 15
1675 20
1676 17
1677 14
1678 18
1679 16
1680 20
1681 19
1682 19
1683 17
1684 16
1685 24
1686 18
1687 16
1688 14
1689 20
1690 21
1691 13
1692 15
1693 22
1694 19
1695 18
1696 13
1697 16
1698 15
1699 22
1700 23
1701 18
1702 15
1703 21
1704 21
1705 8
1706 16
1707 17
1708 14
1709 10
1710 20
1711 15
1712 14
1713 16
1714 14
1715 18
1716 19
1717 16
1718 16
1719 20
1720 23
1721 10
1722 13
1723 13
1724 17
1725 29
1726 30
1727 18
1728 14
1729 15
1730 18
1731 14
1732 19
1733 15
1734 16
1735 12
1736 11
1737 17
1738 21
1739 12
1740 17
1741 20
1742 18
1743 15
1744 21
1745 18
1746 15
1747 14
1748 16
1749 21
1750 23
1751 20
1752 16
1753 25
1754 13
1755 16
1756 22
1757 13
1758 19
1759 10
1760 23
1761 13
1762 9
1763 17
1764 21
1765 20
1766 15
1767 14
1768 18
1769 17
1770 19
1771 10
1772 17
1773 18
1774 17
1775 21
1776 17
1777 15
1778 14
1779 16
1780 23
1781 17
1782 10
1783 25
1784 20
1785 11
1786 13
1787 16
1788 17
1789 17
1790 21
1791 10
1792 20
1793 17
1794 19
1795 17
1796 8
1797 16
1798 15
1799 23
1800 16
1801 21
1802 14
1803 13
1804 15
1805 15
1806 17
1807 15
1808 14
1809 16
1810 13
1811 12
1812 16
1813 20
1814 23
1815 20
1816 12
1817 21
1818 15
1819 14
1820 31
1821 10
1822 16
1823 12
1824 19
1825 21
1826 20
1827 25
1828 15
1829 15
1830 15
1831 11
1832 15
1833 9
1834 15
1835 13
1836 18
1837 20
1838 12
1839 13
1840 11
1841 12
1842 17
1843 13
1844 11
1845 22
1846 17
1847 13
1848 16
1849 14
1850 16
1851 19
1852 23
1853 10
1854 15
1855 15
1856 15
1857 11
1858 18
1859 18
1860 19
1861 10
1862 17
1863 13
1864 11
1865 13
1866 17
1867 19
1868 14
1869 14
1870 23
1871 22
1872 12
1873 12
1874 16
1875 17
1876 20
1877 14
1878 14
1879 11
1880 17
1881 21
1882 19
1883 12
1884 16
1885 14
1886 20
1887 19
1888 18
1889 23
1890 15
1891 19
1892 18
1893 15
1894 17
1895 18
1896 16
1897 14
1898 17
1899 18
1900 20
1901 22
1902 16
1903 24
1904 13
1905 19
1906 23
1907 15
1908 30
1909 21
1910 27
1911 18
1912 29
1913 28
1914 12
1915 14
1916 19
1917 17
1918 16
1919 17
1920 18
1921 25
1922 16
1923 12
1924 20
1925 26
1926 15
1927 10
1928 16
1929 26
1930 16
1931 10
1932 17
1933 18
1934 15
1935 10
1936 13
1937 12
1938 20
1939 14
1940 15
1941 15
1942 18
1943 15
1944 26
1945 27
1946 16
1947 21
1948 25
1949 29
1950 30
1951 31
1952 34
1953 28
1954 36
1955 36
1956 55
1957 45
1958 52
1959 77
1960 72
1961 90
1962 121
1963 112
1964 127
1965 127
1966 187
1967 198
1968 182
1969 184
1970 165
1971 157
1972 138
1973 130
1974 110
1975 105
1976 88
1977 61
1978 46
1979 38
1980 35
1981 23
1982 35
1983 19
1984 25
1985 24
1986 20
1987 18
1988 13
1989 19
1990 24
1991 13
1992 17
1993 5
1994 13
1995 18
1996 17
1997 12
1998 11
1999 13
2000 15
2001 17
2002 8
2003 13
2004 15
2005 14
2006 11
2007 8
2008 13
2009 20
2010 15
2011 21
2012 17
2013 21
2014 13
2015 14
2016 13
2017 6
2018 14
2019 12
2020 17
2021 6
2022 12
2023 16
2024 19
2025 13
2026 15
2027 13
2028 16
2029 11
2030 17
2031 18
2032 16
2033 10
2034 21
2035 14
2036 15
2037 13
2038 10
2039 6
2040 14
2041 21
2042 14
2043 16
2044 16
2045 9
2046 14
2047 17
2048 11
2049 12
2050 19
2051 8
2052 15
2053 18
2054 19
2055 12
2056 13
2057 5
2058 10
2059 14
2060 12
2061 14
2062 16
2063 13
2064 17
2065 12
2066 14
2067 19
2068 12
2069 9
2070 12
2071 12
2072 10
2073 16
2074 15
2075 15
2076 16
2077 14
2078 12
2079 20
2080 12
2081 15
2082 9
2083 12
2084 24
2085 16
2086 10
2087 20
2088 9
2089 9
2090 16
2091 14
2092 8
2093 14
2094 16
2095 11
2096 7
2097 17
2098 20
2099 19
2100 18
2101 16
2102 14
2103 13
2104 6
2105 11
2106 13
2107 13
2108 14
2109 10
2110 8
2111 17
2112 11
2113 14
2114 15
2115 14
2116 19
2117 17
2118 16
2119 11
2120 19
2121 11
2122 10
2123 7
2124 15
2125 16
2126 13
2127 22
2128 17
2129 15
2130 19
2131 19
2132 16
2133 10
2134 19
2135 13
2136 18
2137 11
2138 17
2139 12
2140 14
2141 13
2142 16
2143 10
2144 14
2145 10
2146 13
2147 15
2148 16
2149 9
2150 17
2151 14
2152 18
2153 10
2154 14
2155 14
2156 14
2157 14
2158 10
2159 10
2160 13
2161 24
2162 17
2163 15
2164 18
2165 13
2166 12
2167 16
2168 11
2169 11
2170 11
2171 11
2172 8
2173 23
2174 18
2175 17
2176 13
2177 17
2178 14
2179 12
2180 14
2181 14
2182 18
2183 11
2184 14
2185 17
2186 15
2187 19
2188 11
2189 19
2190 13
2191 11
2192 14
2193 14
2194 13
2195 17
2196 18
2197 11
2198 9
2199 17
2200 15
2201 12
2202 27
2203 12
2204 19
2205 18
2206 14
2207 20
2208 16
2209 27
2210 17
2211 19
2212 19
2213 17
2214 26
2215 35
2216 34
2217 57
2218 69
2219 91
2220 96
2221 77
2222 89
2223 101
2224 128
2225 183
2226 204
2227 205
2228 223
2229 289
2230 313
2231 285
2232 290
2233 349
2234 353
2235 338
2236 367
2237 415
2238 459
2239 342
2240 289
2241 304
2242 289
2243 306
2244 345
2245 340
2246 313
2247 312
2248 246
2249 170
2250 133
2251 90
2252 59
2253 65
2254 66
2255 60
2256 48
2257 33
2258 26
2259 25
2260 23
2261 18
2262 18
2263 22
2264 11
2265 14
2266 13
2267 16
2268 22
2269 12
2270 13
2271 20
2272 12
2273 19
2274 11
2275 11
2276 7
2277 18
2278 14
2279 14
2280 24
2281 13
2282 13
2283 16
2284 16
2285 13
2286 14
2287 9
2288 6
2289 26
2290 19
2291 16
2292 15
2293 11
2294 15
2295 13
2296 11
2297 13
2298 5
2299 17
2300 16
2301 17
2302 13
2303 11
2304 8
2305 12
2306 11
2307 16
2308 17
2309 10
2310 16
2311 17
2312 10
2313 13
2314 11
2315 14
2316 17
2317 13
2318 15
2319 14
2320 11
2321 11
2322 19
2323 9
2324 11
2325 6
2326 17
2327 10
2328 22
2329 14
2330 14
2331 22
2332 17
2333 22
2334 12
2335 11
2336 6
2337 7
2338 13
2339 16
2340 17
2341 19
2342 23
2343 13
2344 11
2345 10
2346 19
2347 15
2348 13
2349 23
2350 18
2351 20
2352 14
2353 15
2354 16
2355 11
2356 18
2357 18
2358 10
2359 20
2360 11
2361 13
2362 13
2363 14
2364 8
2365 27
2366 17
2367 15
2368 11
2369 13
2370 14
2371 16
2372 8
2373 19
2374 17
2375 21
2376 15
2377 16
2378 16
2379 13
2380 15
2381 14
2382 11
2383 10
2384 12
2385 8
2386 9
2387 8
2388 12
2389 16
2390 19
2391 14
2392 16
2393 13
2394 14
2395 16
2396 17
2397 14
2398 14
2399 20
2400 11
2401 10
2402 14
2403 12
2404 17
2405 8
2406 12
2407 11
2408 13
2409 7
2410 7
2411 8
2412 10
2413 16
2414 10
2415 16
2416 14
2417 20
2418 13
2419 19
2420 13
2421 10
2422 11
2423 11
2424 12
2425 20
2426 18
2427 13
2428 27
2429 11
2430 21
2431 18
2432 20
2433 30
2434 33
2435 34
2436 35
2437 57
2438 44
2439 66
2440 72
2441 59
2442 57
2443 62
2444 83
2445 90
2446 105
2447 90
2448 92
2449 68
2450 80
2451 79
2452 68
2453 84
2454 81
2455 62
2456 60
2457 61
2458 53
2459 48
2460 46
2461 51
2462 38
2463 39
2464 34
2465 24
2466 19
2467 35
2468 18
2469 13
2470 20
2471 16
2472 8
2473 10
2474 8
2475 16
2476 18
2477 9
2478 9
2479 11
2480 15
2481 11
2482 9
2483 13
2484 22
2485 18
2486 9
2487 12
2488 11
2489 9
2490 5
2491 16
2492 19
2493 16
2494 15
2495 14
2496 8
2497 13
2498 12
2499 14
2500 13
2501 13
2502 6
2503 16
2504 12
2505 13
2506 11
2507 11
2508 12
2509 14
2510 12
2511 12
2512 10
2513 10
2514 15
2515 12
2516 9
2517 7
2518 11
2519 11
2520 13
2521 8
2522 12
2523 6
2524 10
2525 12
2526 15
2527 15
2528 12
2529 6
2530 9
2531 12
2532 7
2533 18
2534 13
2535 10
2536 15
2537 14
2538 11
2539 13
2540 12
2541 8
2542 11
2543 14
2544 16
2545 14
2546 8
2547 11
2548 8
2549 7
2550 9
2551 15
2552 14
2553 10
2554 5
2555 17
2556 19
2557 14
2558 13
2559 13
