0 35
1 25
2 23
3 36
4 37
5 20
6 27
7 28
8 28
9 37
10 18
11 23
12 28
13 27
14 36
15 20
16 30
17 17
18 23
19 30
20 37
21 8
22 19
23 22
24 15
25 32
26 26
27 29
28 27
29 24
30 23
31 21
32 22
33 26
34 25
35 22
36 23
37 28
38 27
39 31
40 24
41 20
42 30
43 25
44 28
45 23
46 25
47 24
48 27
49 22
50 32
51 29
52 30
53 28
54 28
55 18
56 30
57 19
58 26
59 28
60 25
61 27
62 30
63 31
64 26
65 12
66 23
67 24
68 26
69 21
70 27
71 23
72 17
73 20
74 22
75 34
76 25
77 30
78 29
79 32
80 29
81 23
82 29
83 21
84 27
85 18
86 23
87 23
88 23
89 25
90 26
91 26
92 26
93 20
94 32
95 23
96 26
97 19
98 15
99 37
100 30
101 32
102 30
103 27
104 25
105 22
106 30
107 29
108 33
109 21
110 24
111 31
112 32
113 24
114 40
115 28
116 28
117 26
118 25
119 21
120 30
121 34
122 32
123 28
124 28
125 27
126 26
127 17
128 26
129 27
130 29
131 36
132 32
133 25
134 24
135 24
136 26
137 26
138 25
139 25
140 25
141 27
142 21
143 24
144 26
145 28
146 23
147 33
148 32
149 24
150 32
151 32
152 28
153 27
154 19
155 27
156 26
157 29
158 25
159 26
160 32
161 32
162 32
163 22
164 30
165 23
166 18
167 31
168 36
169 25
170 21
171 23
172 34
173 20
174 27
175 25
176 20
177 28
178 40
179 33
180 21
181 28
182 26
183 26
184 32
185 27
186 18
187 30
188 28
189 30
190 35
191 18
192 24
193 25
194 23
195 22
196 23
197 31
198 28
199 21
200 40
201 21
202 24
203 18
204 31
205 26
206 31
207 28
208 24
209 15
210 26
211 26
212 34
213 38
214 20
215 31
216 26
217 31
218 33
219 32
220 18
221 21
222 31
223 35
224 38
225 34
226 28
227 30
228 38
229 31
230 28
231 32
232 35
233 42
234 22
235 31
236 27
237 21
238 40
239 33
240 29
241 26
242 36
243 32
244 30
245 27
246 32
247 25
248 33
249 28
250 25
251 29
252 42
253 25
254 29
255 38
256 37
257 21
258 23
259 31
260 36
261 29
262 31
263 34
264 34
265 38
266 34
267 43
268 29
269 37
270 21
271 25
272 41
273 23
274 30
275 19
276 31
277 26
278 33
279 24
280 24
281 29
282 30
283 27
284 34
285 37
286 36
287 29
288 27
289 25
290 20
291 28
292 31
293 26
294 32
295 30
296 32
297 25
298 33
299 24
300 30
301 31
302 28
303 27
304 34
305 29
306 30
307 28
308 31
309 48
310 36
311 24
312 37
313 28
314 30
315 28
316 34
317 27
318 28
319 23
320 32
321 24
322 26
323 32
324 31
325 33
326 33
327 27
328 26
329 37
330 24
331 27
332 32
333 23
334 36
335 30
336 36
337 29
338 38
339 31
340 38
341 28
342 33
343 22
344 24
345 30
346 37
347 28
348 36
349 30
350 25
351 23
352 33
353 31
354 36
355 37
356 24
357 26
358 36
359 29
360 28
361 40
362 31
363 20
364 31
365 33
366 27
367 31
368 22
369 23
370 29
371 31
372 40
373 33
374 34
375 25
376 21
377 23
378 32
379 35
380 30
381 40
382 32
383 22
384 39
385 26
386 32
387 30
388 31
389 33
390 37
391 24
392 31
393 37
394 30
395 33
396 39
397 33
398 27
399 30
400 33
401 23
402 30
403 35
404 24
405 32
406 30
407 27
408 32
409 30
410 29
411 30
412 35
413 39
414 30
415 28
416 32
417 31
418 32
419 34
420 27
421 37
422 32
423 23
424 34
425 29
426 36
427 26
428 32
429 28
430 36
431 27
432 27
433 29
434 32
435 34
436 43
437 29
438 32
439 23
440 35
441 26
442 30
443 27
444 31
445 31
446 39
447 34
448 20
449 31
450 37
451 38
452 36
453 34
454 23
455 29
456 19
457 39
458 32
459 33
460 26
461 30
462 33
463 42
464 37
465 26
466 36
467 33
468 40
469 39
470 35
471 39
472 35
473 39
474 47
475 45
476 37
477 20
478 37
479 35
480 45
481 38
482 25
483 38
484 42
485 34
486 28
487 32
488 27
489 33
490 25
491 41
492 27
493 37
494 26
495 40
496 37
497 44
498 31
499 35
500 25
501 25
502 44
503 42
504 35
505 40
506 36
507 36
508 48
509 33
510 40
511 25
512 35
513 38
514 28
515 19
516 34
517 31
518 30
519 47
520 32
521 41
522 37
523 39
524 32
525 35
526 29
527 30
528 23
529 31
530 36
531 33
532 26
533 36
534 31
535 48
536 33
537 34
538 28
539 31
540 33
541 31
542 30
543 29
544 28
545 36
546 31
547 42
548 30
549 22
550 24
551 28
552 35
553 31
554 34
555 43
556 35
557 23
558 29
559 36
560 34
561 32
562 35
563 36
564 21
565 26
566 28
567 28
568 30
569 43
570 34
571 36
572 36
573 31
574 42
575 24
576 28
577 44
578 29
579 33
580 43
581 37
582 34
583 37
584 38
585 29
586 36
587 35
588 31
589 30
590 30
591 25
592 29
593 33
594 40
595 35
596 44
597 35
598 25
599 41
600 27
601 31
602 22
603 26
604 34
605 21
606 32
607 21
608 42
609 39
610 40
611 38
612 32
613 31
614 43
615 29
616 33
617 44
618 45
619 46
620 65
621 48
622 57
623 72
624 61
625 64
626 61
627 65
628 69
629 81
630 92
631 112
632 99
633 104
634 104
635 107
636 110
637 109
638 97
639 114
640 108
641 100
642 98
643 109
644 122
645 102
646 92
647 97
648 73
649 73
650 73
651 55
652 42
653 29
654 32
655 34
656 31
657 24
658 30
659 36
660 36
661 38
662 34
663 34
664 32
665 41
666 30
667 45
668 32
669 36
670 30
671 29
672 48
673 34
674 26
675 30
676 31
677 27
678 30
679 33
680 24
681 35
682 30
683 31
684 28
685 27
686 36
687 46
688 39
689 39
690 41
691 40
692 39
693 35
694 32
695 37
696 28
697 40
698 40
699 31
700 33
701 26
702 32
703 34
704 32
705 41
706 33
707 32
708 34
709 27
710 39
711 41
712 28
713 33
714 40
715 33
716 39
717 33
718 32
719 35
720 27
721 31
722 39
723 31
724 32
725 37
726 26
727 29
728 33
729 28
730 29
731 39
732 35
733 36
734 40
735 33
736 25
737 28
738 34
739 39
740 29
741 31
742 39
743 35
744 28
745 42
746 31
747 31
748 33
749 32
750 28
751 20
752 31
753 38
754 34
755 35
756 28
757 39
758 41
759 29
760 30
761 31
762 30
763 42
764 31
765 29
766 34
767 39
768 25
769 33
770 19
771 33
772 35
773 32
774 27
775 43
776 46
777 37
778 32
779 44
780 39
781 35
782 48
783 34
784 39
785 30
786 36
787 35
788 32
789 46
790 32
791 31
792 31
793 26
794 39
795 25
796 35
797 37
798 38
799 33
800 36
801 29
802 44
803 39
804 33
805 37
806 31
807 36
808 28
809 36
810 34
811 40
812 25
813 34
814 33
815 33
816 40
817 37
818 29
819 36
820 34
821 48
822 28
823 30
824 36
825 37
826 36
827 28
828 46
829 27
830 34
831 32
832 31
833 42
834 32
835 28
836 32
837 32
838 31
839 33
840 30
841 27
842 30
843 43
844 42
845 23
846 32
847 26
848 31
849 33
850 22
851 21
852 19
853 36
854 28
855 36
856 25
857 33
858 32
859 36
860 32
861 25
862 35
863 34
864 37
865 36
866 37
867 27
868 34
869 30
870 26
871 22
872 30
873 29
874 29
875 32
876 31
877 17
878 37
879 34
880 33
881 40
882 34
883 34
884 34
885 32
886 29
887 33
888 33
889 33
890 23
891 39
892 25
893 39
894 40
895 23
896 30
897 27
898 26
899 34
900 35
901 30
902 24
903 34
904 36
905 34
906 34
907 28
908 45
909 33
910 30
911 32
912 25
913 20
914 38
915 41
916 26
917 27
918 23
919 30
920 25
921 22
922 26
923 31
924 29
925 23
926 32
927 29
928 31
929 35
930 32
931 29
932 35
933 44
934 31
935 25
936 33
937 29
938 31
939 27
940 27
941 31
942 20
943 27
944 39
945 31
946 25
947 30
948 33
949 28
950 32
951 36
952 30
953 28
954 26
955 34
956 33
957 25
958 35
959 43
960 29
961 33
962 28
963 35
964 36
965 30
966 27
967 36
968 23
969 22
970 32
971 38
972 18
973 27
974 42
975 31
976 27
977 30
978 38
979 38
980 28
981 46
982 42
983 50
984 34
985 33
986 32
987 37
988 31
989 41
990 42
991 44
992 41
993 38
994 27
995 36
996 43
997 29
998 32
999 19
1000 28
1001 34
1002 34
1003 28
1004 23
1005 29
1006 31
1007 21
1008 28
1009 36
1010 24
1011 35
1012 27
1013 33
1014 39
1015 38
1016 27
1017 16
1018 31
1019 26
1020 28
1021 34
1022 23
1023 34
1024 40
1025 29
1026 19
1027 21
1028 33
1029 35
1030 35
1031 30
1032 13
1033 34
1034 31
1035 38
1036 34
1037 28
1038 32
1039 32
1040 29
1041 29
1042 31
1043 21
1044 28
1045 43
1046 32
1047 18
1048 38
1049 30
1050 33
1051 34
1052 26
1053 23
1054 31
1055 36
1056 25
1057 31
1058 31
1059 29
1060 32
1061 35
1062 25
1063 23
1064 28
1065 33
1066 34
1067 31
1068 31
1069 31
1070 34
1071 27
1072 28
1073 35
1074 15
1075 24
1076 19
1077 34
1078 26
1079 35
1080 37
1081 26
1082 28
1083 23
1084 28
1085 39
1086 34
1087 31
1088 33
1089 32
1090 37
1091 26
1092 40
1093 32
1094 29
1095 36
1096 24
1097 33
1098 25
1099 33
1100 35
1101 25
1102 31
1103 28
1104 33
1105 36
1106 22
1107 36
1108 22
1109 25
1110 23
1111 17
1112 37
1113 21
1114 30
1115 29
1116 29
1117 35
1118 31
1119 30
1120 21
1121 30
1122 27
1123 31
1124 31
1125 33
1126 35
1127 22
1128 28
1129 28
1130 44
1131 31
1132 26
1133 32
1134 27
1135 29
1136 30
1137 32
1138 31
1139 29
1140 26
1141 24
1142 31
1143 29
1144 24
1145 28
1146 31
1147 20
1148 25
1149 25
1150 35
1151 21
1152 31
1153 32
1154 35
1155 35
1156 30
1157 32
1158 31
1159 20
1160 37
1161 35
1162 40
1163 40
1164 37
1165 39
1166 53
1167 73
1168 58
1169 57
1170 68
1171 83
1172 106
1173 108
1174 142
1175 161
1176 170
1177 215
1178 184
1179 213
1180 249
1181 284
1182 306
1183 306
1184 358
1185 379
1186 377
1187 441
1188 412
1189 467
1190 483
1191 368
1192 271
1193 204
1194 171
1195 135
1196 94
1197 86
1198 62
1199 42
1200 50
1201 39
1202 36
1203 47
1204 26
1205 33
1206 39
1207 19
1208 33
1209 38
1210 36
1211 32
1212 24
1213 35
1214 21
1215 33
1216 33
1217 28
1218 37
1219 30
1220 19
1221 28
1222 37
1223 35
1224 34
1225 32
1226 28
1227 30
1228 34
1229 31
1230 38
1231 35
1232 33
1233 32
1234 45
1235 25
1236 30
1237 31
1238 32
1239 16
1240 35
1241 26
1242 20
1243 30
1244 26
1245 37
1246 26
1247 27
1248 44
1249 25
1250 24
1251 24
1252 22
1253 28
1254 30
1255 33
1256 19
1257 30
1258 30
1259 17
1260 29
1261 18
1262 34
1263 24
1264 24
1265 30
1266 24
1267 20
1268 18
1269 20
1270 18
1271 27
1272 23
1273 15
1274 21
1275 16
1276 19
1277 16
1278 11
1279 2
1280 24
1281 23
1282 20
1283 26
1284 21
1285 19
1286 19
1287 29
1288 36
1289 27
1290 23
1291 20
1292 16
1293 17
1294 21
1295 18
1296 29
1297 27
1298 18
1299 15
1300 22
1301 28
1302 23
1303 27
1304 18
1305 13
1306 21
1307 14
1308 25
1309 20
1310 27
1311 21
1312 8
1313 22
1314 16
1315 26
1316 17
1317 18
1318 24
1319 22
1320 18
1321 23
1322 18
1323 20
1324 17
1325 18
1326 28
1327 17
1328 22
1329 13
1330 14
1331 27
1332 35
1333 28
1334 21
1335 20
1336 18
1337 22
1338 19
1339 22
1340 27
1341 22
1342 21
1343 22
1344 19
1345 17
1346 19
1347 26
1348 25
1349 20
1350 19
1351 20
1352 14
1353 24
1354 23
1355 20
1356 20
1357 27
1358 13
1359 30
1360 15
1361 20
1362 27
1363 14
1364 28
1365 29
1366 25
1367 17
1368 21
1369 19
1370 30
1371 27
1372 21
1373 24
1374 21
1375 17
1376 36
1377 22
1378 19
1379 18
1380 11
1381 26
1382 20
1383 17
1384 24
1385 19
1386 22
1387 20
1388 17
1389 20
1390 15
1391 21
1392 22
1393 22
1394 31
1395 29
1396 30
1397 25
1398 34
1399 31
1400 18
1401 21
1402 35
1403 42
1404 39
1405 45
1406 45
1407 43
1408 45
1409 49
1410 29
1411 29
1412 22
1413 27
1414 26
1415 19
1416 23
1417 27
1418 18
1419 27
1420 17
1421 20
1422 24
1423 16
1424 21
1425 22
1426 13
1427 24
1428 26
1429 29
1430 24
1431 21
1432 22
1433 17
1434 26
1435 20
1436 18
1437 18
1438 25
1439 23
1440 25
1441 16
1442 17
1443 18
1444 21
1445 22
1446 19
1447 21
1448 14
1449 15
1450 31
1451 27
1452 30
1453 26
1454 22
1455 22
1456 19
1457 26
1458 18
1459 14
1460 31
1461 22
1462 19
1463 21
1464 16
1465 16
1466 22
1467 26
1468 20
1469 14
1470 18
1471 21
1472 29
1473 22
1474 21
1475 35
1476 20
1477 30
1478 32
1479 16
1480 42
1481 24
1482 45
1483 34
1484 54
1485 58
1486 63
1487 97
1488 115
1489 162
1490 165
1491 158
1492 162
1493 170
1494 241
1495 279
1496 233
1497 185
1498 212
1499 158
1500 130
1501 120
1502 106
1503 77
1504 77
1505 69
1506 55
1507 49
1508 30
1509 28
1510 27
1511 18
1512 14
1513 17
1514 22
1515 18
1516 23
1517 24
1518 20
1519 26
1520 18
1521 20
1522 23
1523 11
1524 20
1525 27
1526 12
1527 17
1528 21
1529 23
1530 29
1531 17
1532 23
1533 25
1534 22
1535 15
1536 13
1537 17
1538 20
1539 22
1540 22
1541 19
1542 19
1543 19
1544 13
1545 20
1546 17
1547 16
1548 19
1549 19
1550 19
1551 26
1552 20
1553 20
1554 17
1555 16
1556 8
1557 24
1558 18
1559 19
1560 18
1561 17
1562 25
1563 27
1564 27
1565 22
1566 19
1567 21
1568 22
1569 18
1570 22
1571 22
1572 12
1573 17
1574 15
1575 15
1576 21
1577 15
1578 12
1579 21
1580 17
1581 17
1582 16
1583 19
1584 22
1585 13
1586 20
1587 28
1588 16
1589 16
1590 19
1591 17
1592 22
1593 22
1594 17
1595 22
1596 21
1597 23
1598 18
1599 30
1600 14
1601 17
1602 20
1603 11
1604 24
1605 17
1606 28
1607 15
1608 14
1609 15
1610 19
1611 15
1612 20
1613 13
1614 22
1615 18
1616 15
1617 9
1618 21
1619 15
1620 24
1621 18
1622 16
1623 19
1624 22
1625 20
1626 16
1627 18
1628 15
1629 21
1630 21
1631 15
1632 14
1633 15
1634 19
1635 16
1636 14
1637 21
1638 15
1639 24
1640 17
1641 18
1642 19
1643 24
1644 20
1645 22
1646 17
1647 22
1648 19
1649 13
1650 23
1651 15
1652 21
1653 12
1654 19
1655 13
1656 17
1657 17
1658 15
1659 13
1660 20
1661 15
1662 21
1663 16
1664 17
1665 15
1666 11
1667 23
1668 15
1669 22
1670 17
1671 20
1672 19
1673 27
1674 17
1675 15
1676 23
1677 13
1678 14
1679 15
1680 21
1681 16
1682 20
1683 11
1684 16
1685 19
1686 10
1687 18
1688 22
1689 17
1690 20
1691 19
1692 20
1693 24
1694 15
1695 22
1696 24
1697 9
1698 19
1699 15
1700 21
1701 23
1702 23
1703 16
1704 23
1705 18
1706 23
1707 16
1708 24
1709 15
1710 15
1711 13
1712 15
1713 22
1714 17
1715 22
1716 16
1717 16
1718 18
1719 9
1720 19
1721 20
1722 13
1723 18
1724 13
1725 17
1726 17
1727 22
1728 20
1729 21
1730 16
1731 10
1732 14
1733 20
1734 20
1735 20
1736 12
1737 17
1738 17
1739 18
1740 17
1741 12
1742 10
1743 18
1744 20
1745 12
1746 21
1747 22
1748 18
1749 16
1750 14
1751 13
1752 23
1753 24
1754 22
1755 27
1756 16
1757 12
1758 28
1759 8
1760 16
1761 13
1762 15
1763 17
1764 15
1765 15
1766 20
1767 23
1768 12
1769 9
1770 16
1771 19
1772 22
1773 15
1774 12
1775 16
1776 24
1777 19
1778 15
1779 14
1780 14
1781 18
1782 20
1783 17
1784 7
1785 15
1786 11
1787 15
1788 20
1789 17
1790 14
1791 9
1792 16
1793 16
1794 20
1795 25
1796 17
1797 22
1798 20
1799 13
1800 13
1801 19
1802 11
1803 15
1804 13
1805 20
1806 18
1807 16
1808 22
1809 13
1810 15
1811 15
1812 8
1813 12
1814 10
1815 19
1816 18
1817 24
1818 17
1819 17
1820 11
1821 17
1822 22
1823 17
1824 15
1825 19
1826 18
1827 13
1828 16
1829 8
1830 12
1831 13
1832 23
1833 14
1834 18
1835 21
1836 15
1837 10
1838 22
1839 21
1840 19
1841 14
1842 15
1843 16
1844 14
1845 15
1846 10
1847 17
1848 12
1849 24
1850 13
1851 13
1852 14
1853 11
1854 8
1855 12
1856 24
1857 15
1858 19
1859 22
1860 23
1861 17
1862 15
1863 19
1864 16
1865 6
1866 20
1867 13
1868 22
1869 22
1870 17
1871 26
1872 18
1873 11
1874 13
1875 19
1876 18
1877 13
1878 21
1879 9
1880 21
1881 15
1882 18
1883 15
1884 18
1885 19
1886 21
1887 13
1888 11
1889 13
1890 19
1891 16
1892 11
1893 17
1894 19
1895 15
1896 11
1897 14
1898 7
1899 12
1900 15
1901 16
1902 22
1903 14
1904 10
1905 16
1906 19
1907 11
1908 14
1909 20
1910 11
1911 15
1912 12
1913 17
1914 18
1915 18
1916 18
1917 20
1918 17
1919 13
1920 15
1921 20
1922 21
1923 18
1924 20
1925 16
1926 24
1927 18
1928 18
1929 17
1930 22
1931 22
1932 33
1933 15
1934 25
1935 20
1936 25
1937 16
1938 22
1939 21
1940 14
1941 12
1942 19
1943 21
1944 21
1945 16
1946 9
1947 20
1948 16
1949 17
1950 18
1951 20
1952 15
1953 17
1954 16
1955 16
1956 18
1957 7
1958 17
1959 17
1960 12
1961 15
1962 13
1963 20
1964 23
1965 22
1966 30
1967 31
1968 32
1969 30
1970 41
1971 40
1972 39
1973 69
1974 81
1975 83
1976 75
1977 87
1978 106
1979 133
1980 122
1981 103
1982 119
1983 125
1984 89
1985 102
1986 136
1987 117
1988 108
1989 75
1990 35
1991 39
1992 48
1993 48
1994 28
1995 27
1996 26
1997 15
1998 20
1999 25
2000 21
2001 14
2002 20
2003 18
2004 16
2005 16
2006 9
2007 22
2008 21
2009 15
2010 13
2011 17
2012 14
2013 13
2014 17
2015 15
2016 19
2017 13
2018 9
2019 12
2020 12
2021 10
2022 16
2023 15
2024 20
2025 20
2026 19
2027 15
2028 20
2029 17
2030 8
2031 17
2032 15
2033 20
2034 11
2035 16
2036 18
2037 14
2038 17
2039 12
2040 20
2041 22
2042 14
2043 14
2044 16
2045 11
2046 14
2047 16
2048 12
2049 12
2050 13
2051 17
2052 13
2053 19
2054 13
2055 10
2056 15
2057 11
2058 18
2059 10
2060 10
2061 18
2062 15
2063 10
2064 15
2065 11
2066 19
2067 19
2068 12
2069 13
2070 19
2071 12
2072 15
2073 17
2074 20
2075 15
2076 13
2077 14
2078 18
2079 13
2080 21
2081 8
2082 16
2083 9
2084 21
2085 12
2086 12
2087 10
2088 15
2089 6
2090 11
2091 13
2092 11
2093 19
2094 22
2095 18
2096 19
2097 7
2098 18
2099 10
2100 13
2101 9
2102 16
2103 14
2104 17
2105 17
2106 16
2107 7
2108 16
2109 7
2110 15
2111 13
2112 8
2113 17
2114 11
2115 18
2116 12
2117 16
2118 11
2119 12
2120 19
2121 14
2122 9
2123 13
2124 10
2125 16
2126 7
2127 15
2128 16
2129 15
2130 18
2131 11
2132 12
2133 14
2134 11
2135 18
2136 13
2137 15
2138 15
2139 10
2140 11
2141 12
2142 13
2143 8
2144 16
2145 13
2146 14
2147 7
2148 17
2149 24
2150 16
2151 14
2152 20
2153 16
2154 8
2155 7
2156 12
2157 11
2158 20
2159 14
2160 18
2161 16
2162 13
2163 14
2164 19
2165 10
2166 14
2167 8
2168 11
2169 14
2170 11
2171 15
2172 15
2173 15
2174 16
2175 18
2176 16
2177 19
2178 12
2179 15
2180 17
2181 13
2182 6
2183 21
2184 15
2185 18
2186 11
2187 12
2188 11
2189 18
2190 16
2191 14
2192 15
2193 19
2194 13
2195 13
2196 15
2197 11
2198 16
2199 14
2200 18
2201 10
2202 19
2203 19
2204 11
2205 18
2206 15
2207 13
2208 15
2209 15
2210 17
2211 14
2212 9
2213 15
2214 16
2215 17
2216 16
2217 11
2218 12
2219 12
2220 20
2221 15
2222 16
2223 20
2224 20
2225 19
2226 21
2227 25
2228 31
2229 35
2230 28
2231 36
2232 43
2233 45
2234 44
2235 53
2236 80
2237 86
2238 88
2239 108
2240 117
2241 177
2242 230
2243 234
2244 337
2245 373
2246 446
2247 477
2248 569
2249 599
2250 643
2251 514
2252 586
2253 613
2254 669
2255 539
2256 376
2257 391
2258 517
2259 466
2260 405
2261 335
2262 222
2263 170
2264 127
2265 137
2266 96
2267 75
2268 60
2269 47
2270 43
2271 44
2272 32
2273 19
2274 24
2275 20
2276 13
2277 19
2278 10
2279 13
2280 17
2281 16
2282 11
2283 14
2284 15
2285 13
2286 13
2287 8
2288 13
2289 16
2290 16
2291 11
2292 19
2293 13
2294 14
2295 17
2296 21
2297 16
2298 16
2299 10
2300 15
2301 15
2302 16
2303 17
2304 15
2305 11
2306 11
2307 12
2308 16
2309 12
2310 14
2311 20
2312 12
2313 18
2314 13
2315 12
2316 19
2317 18
2318 16
2319 17
2320 16
2321 15
2322 11
2323 22
2324 17
2325 5
2326 10
2327 10
2328 12
2329 15
2330 12
2331 15
2332 14
2333 14
2334 17
2335 11
2336 12
2337 19
2338 12
2339 13
2340 18
2341 16
2342 7
2343 16
2344 15
2345 22
2346 13
2347 11
2348 13
2349 16
2350 14
2351 9
2352 16
2353 17
2354 20
2355 10
2356 17
2357 14
2358 13
2359 16
2360 17
2361 14
2362 11
2363 17
2364 12
2365 8
2366 12
2367 14
2368 10
2369 14
2370 23
2371 13
2372 8
2373 12
2374 10
2375 23
2376 12
2377 22
2378 16
2379 15
2380 12
2381 16
2382 15
2383 13
2384 10
2385 13
2386 17
2387 16
2388 19
2389 12
2390 22
2391 15
2392 12
2393 6
2394 13
2395 6
2396 13
2397 14
2398 16
2399 11
2400 11
2401 14
2402 11
2403 6
2404 11
2405 13
2406 18
2407 8
2408 11
2409 14
2410 11
2411 14
2412 8
2413 17
2414 13
2415 17
2416 9
2417 9
2418 13
2419 15
2420 16
2421 9
2422 12
2423 18
2424 10
2425 16
2426 10
2427 12
2428 9
2429 20
2430 16
2431 15
2432 13
2433 15
2434 10
2435 15
2436 13
2437 11
2438 10
2439 14
2440 16
2441 21
2442 19
2443 19
2444 18
2445 26
2446 21
2447 20
2448 25
2449 26
2450 21
2451 24
2452 26
2453 35
2454 32
2455 38
2456 40
2457 55
2458 62
2459 76
2460 77
2461 89
2462 94
2463 105
2464 73
2465 77
2466 76
2467 62
2468 88
2469 86
2470 64
2471 64
2472 44
2473 49
2474 45
2475 48
2476 61
2477 52
2478 46
2479 33
2480 41
2481 23
2482 23
2483 21
2484 26
2485 19
2486 11
2487 25
2488 9
2489 18
2490 11
2491 16
2492 14
2493 8
2494 17
2495 23
2496 6
2497 13
2498 13
2499 15
2500 12
2501 11
2502 8
2503 15
2504 7
2505 11
2506 9
2507 16
2508 9
2509 13
2510 10
2511 13
2512 10
2513 11
2514 9
2515 5
2516 15
2517 17
2518 11
2519 10
2520 14
2521 7
2522 15
2523 10
2524 8
2525 9
2526 12
2527 16
2528 13
2529 10
2530 7
2531 17
2532 9
2533 10
2534 17
2535 20
2536 10
2537 11
2538 7
2539 11
2540 11
2541 7
2542 14
2543 11
2544 12
2545 15
2546 9
2547 10
2548 15
2549 11
2550 9
2551 15
2552 11
2553 12
2554 10
2555 12
2556 14
2557 12
2558 15
2559 7
