0 39
1 25
2 22
3 32
4 23
5 24
6 19
7 20
8 26
9 20
10 19
11 30
12 21
13 30
14 23
15 35
16 27
17 23
18 31
19 28
20 30
21 34
22 27
23 28
24 29
25 40
26 21
27 31
28 24
29 24
30 32
31 29
32 37
33 25
34 24
35 23
36 27
37 24
38 28
39 28
40 38
41 32
42 30
43 18
44 28
45 38
46 32
47 22
48 33
49 25
50 21
51 23
52 24
53 19
54 29
55 23
56 24
57 30
58 30
59 36
60 33
61 26
62 26
63 20
64 26
65 27
66 20
67 21
68 25
69 19
70 27
71 23
72 36
73 26
74 38
75 26
76 28
77 29
78 24
79 30
80 32
81 22
82 29
83 34
84 36
85 19
86 28
87 32
88 29
89 32
90 22
91 25
92 24
93 23
94 29
95 27
96 30
97 30
98 27
99 31
100 23
101 28
102 22
103 27
104 26
105 24
106 25
107 32
108 38
109 28
110 28
111 32
112 37
113 18
114 28
115 29
116 28
117 23
118 22
119 34
120 30
121 27
122 27
123 25
124 25
125 22
126 26
127 26
128 22
129 24
130 15
131 29
132 29
133 31
134 32
135 29
136 29
137 31
138 30
139 28
140 26
141 33
142 27
143 25
144 33
145 31
146 22
147 29
148 20
149 27
150 45
151 32
152 30
153 27
154 26
155 20
156 24
157 29
158 33
159 28
160 34
161 27
162 29
163 20
164 21
165 23
166 25
167 31
168 30
169 26
170 29
171 36
172 36
173 25
174 22
175 32
176 32
177 31
178 26
179 30
180 29
181 32
182 26
183 31
184 28
185 27
186 42
187 38
188 37
189 28
190 40
191 31
192 22
193 23
194 30
195 27
196 33
197 26
198 22
199 34
200 23
201 25
202 32
203 32
204 29
205 20
206 25
207 29
208 25
209 22
210 44
211 34
212 35
213 39
214 25
215 27
216 24
217 33
218 27
219 36
220 30
221 21
222 15
223 30
224 31
225 36
226 35
227 34
228 30
229 20
230 26
231 20
232 27
233 32
234 29
235 39
236 26
237 36
238 30
239 27
240 28
241 27
242 22
243 30
244 27
245 35
246 25
247 31
248 37
249 25
250 21
251 28
252 33
253 36
254 33
255 32
256 25
257 22
258 38
259 41
260 42
261 26
262 29
263 36
264 32
265 35
266 42
267 25
268 29
269 37
270 37
271 35
272 48
273 45
274 50
275 38
276 26
277 32
278 28
279 27
280 28
281 35
282 49
283 29
284 25
285 23
286 24
287 36
288 34
289 38
290 35
291 33
292 44
293 35
294 28
295 30
296 26
297 27
298 26
299 37
300 31
301 28
302 32
303 35
304 28
305 28
306 26
307 33
308 26
309 26
310 41
311 30
312 27
313 30
314 29
315 24
316 28
317 32
318 37
319 36
320 33
321 35
322 32
323 26
324 29
325 39
326 35
327 26
328 31
329 35
330 32
331 37
332 40
333 35
334 35
335 29
336 33
337 30
338 27
339 35
340 26
341 39
342 29
343 28
344 20
345 26
346 25
347 28
348 31
349 32
350 29
351 31
352 33
353 32
354 42
355 35
356 27
357 42
358 34
359 36
360 31
361 27
362 25
363 36
364 39
365 27
366 46
367 33
368 23
369 27
370 23
371 28
372 32
373 31
374 38
375 37
376 22
377 31
378 36
379 27
380 42
381 23
382 30
383 30
384 25
385 33
386 32
387 34
388 22
389 32
390 31
391 47
392 21
393 31
394 37
395 28
396 31
397 29
398 28
399 33
400 31
401 35
402 26
403 31
404 25
405 35
406 25
407 24
408 34
409 23
410 29
411 40
412 43
413 47
414 27
415 49
416 37
417 26
418 32
419 35
420 35
421 29
422 40
423 25
424 28
425 25
426 38
427 34
428 33
429 33
430 40
431 34
432 29
433 27
434 36
435 42
436 26
437 28
438 38
439 33
440 19
441 50
442 29
443 26
444 37
445 28
446 38
447 26
448 22
449 33
450 31
451 36
452 35
453 27
454 29
455 36
456 32
457 37
458 34
459 35
460 29
461 44
462 42
463 29
464 40
465 47
466 34
467 31
468 26
469 36
470 30
471 37
472 25
473 29
474 30
475 44
476 34
477 29
478 30
479 33
480 33
481 32
482 42
483 33
484 34
485 44
486 31
487 33
488 32
489 29
490 24
491 40
492 35
493 24
494 35
495 44
496 37
497 36
498 21
499 32
500 50
501 29
502 25
503 41
504 40
505 35
506 31
507 47
508 35
509 18
510 33
511 43
512 20
513 39
514 28
515 33
516 36
517 37
518 32
519 30
520 32
521 30
522 42
523 36
524 35
525 40
526 37
527 25
528 33
529 31
530 35
531 33
532 42
533 38
534 41
535 46
536 34
537 34
538 28
539 25
540 29
541 36
542 27
543 29
544 28
545 39
546 35
547 22
548 26
549 31
550 23
551 36
552 29
553 32
554 28
555 34
556 26
557 34
558 36
559 34
560 38
561 30
562 29
563 33
564 35
565 35
566 36
567 43
568 30
569 43
570 33
571 25
572 35
573 46
574 38
575 36
576 30
577 33
578 43
579 34
580 38
581 32
582 34
583 40
584 29
585 30
586 40
587 33
588 44
589 30
590 54
591 41
592 49
593 21
594 37
595 42
596 33
597 38
598 42
599 35
600 35
601 33
602 32
603 37
604 47
605 38
606 22
607 39
608 32
609 35
610 37
611 56
612 35
613 43
614 54
615 58
616 64
617 63
618 53
619 62
620 111
621 107
622 90
623 97
624 87
625 78
626 71
627 78
628 74
629 78
630 97
631 106
632 122
633 87
634 114
635 93
636 82
637 86
638 58
639 33
640 41
641 34
642 33
643 43
644 45
645 36
646 31
647 27
648 31
649 41
650 37
651 41
652 33
653 37
654 34
655 35
656 46
657 38
658 34
659 33
660 27
661 41
662 35
663 34
664 41
665 27
666 47
667 53
668 34
669 45
670 46
671 39
672 43
673 28
674 41
675 33
676 31
677 37
678 45
679 44
680 32
681 30
682 33
683 45
684 45
685 31
686 36
687 41
688 33
689 46
690 37
691 43
692 29
693 32
694 36
695 29
696 34
697 29
698 35
699 37
700 37
701 34
702 34
703 35
704 39
705 25
706 37
707 29
708 31
709 37
710 34
711 29
712 37
713 36
714 42
715 35
716 45
717 41
718 36
719 30
720 36
721 35
722 31
723 43
724 30
725 43
726 40
727 35
728 33
729 41
730 36
731 39
732 29
733 29
734 42
735 34
736 30
737 33
738 38
739 36
740 27
741 30
742 32
743 38
744 34
745 26
746 41
747 36
748 33
749 34
750 30
751 28
752 37
753 32
754 30
755 35
756 39
757 33
758 41
759 37
760 26
761 31
762 29
763 42
764 43
765 26
766 37
767 38
768 28
769 42
770 23
771 36
772 25
773 30
774 33
775 18
776 35
777 35
778 38
779 39
780 33
781 32
782 34
783 44
784 47
785 33
786 25
787 27
788 37
789 24
790 31
791 32
792 43
793 31
794 33
795 30
796 31
797 27
798 35
799 21
800 37
801 35
802 36
803 29
804 29
805 27
806 32
807 41
808 36
809 27
810 33
811 33
812 29
813 26
814 28
815 33
816 33
817 27
818 42
819 38
820 39
821 38
822 36
823 27
824 42
825 39
826 32
827 28
828 35
829 28
830 34
831 36
832 28
833 38
834 29
835 33
836 33
837 33
838 33
839 35
840 26
841 33
842 41
843 30
844 33
845 39
846 37
847 28
848 41
849 37
850 26
851 33
852 34
853 27
854 38
855 38
856 22
857 29
858 38
859 31
860 37
861 32
862 36
863 26
864 33
865 29
866 22
867 38
868 28
869 32
870 41
871 27
872 27
873 32
874 31
875 28
876 32
877 34
878 19
879 26
880 25
881 35
882 30
883 32
884 29
885 25
886 40
887 30
888 34
889 30
890 32
891 29
892 41
893 36
894 18
895 21
896 28
897 29
898 26
899 35
900 32
901 32
902 35
903 33
904 31
905 30
906 34
907 27
908 31
909 30
910 41
911 27
912 38
913 32
914 41
915 27
916 38
917 47
918 35
919 25
920 33
921 27
922 29
923 36
924 22
925 27
926 24
927 40
928 30
929 23
930 33
931 28
932 29
933 44
934 28
935 39
936 28
937 27
938 33
939 32
940 31
941 26
942 34
943 35
944 29
945 30
946 38
947 30
948 31
949 35
950 25
951 37
952 36
953 28
954 30
955 26
956 22
957 28
958 25
959 40
960 25
961 28
962 37
963 34
964 32
965 33
966 29
967 36
968 32
969 37
970 30
971 33
972 23
973 23
974 35
975 38
976 39
977 45
978 27
979 33
980 33
981 29
982 42
983 45
984 28
985 34
986 32
987 39
988 45
989 33
990 21
991 29
992 28
993 26
994 29
995 20
996 26
997 34
998 33
999 30
1000 31
1001 25
1002 29
1003 45
1004 37
1005 24
1006 29
1007 28
1008 42
1009 16
1010 30
1011 34
1012 25
1013 28
1014 21
1015 27
1016 32
1017 37
1018 24
1019 31
1020 40
1021 37
1022 23
1023 29
1024 26
1025 37
1026 24
1027 27
1028 29
1029 33
1030 32
1031 24
1032 31
1033 34
1034 34
1035 33
1036 48
1037 19
1038 38
1039 29
1040 41
1041 29
1042 28
1043 31
1044 28
1045 26
1046 32
1047 40
1048 44
1049 36
1050 20
1051 24
1052 32
1053 25
1054 34
1055 31
1056 30
1057 31
1058 31
1059 30
1060 27
1061 30
1062 28
1063 29
1064 31
1065 22
1066 24
1067 31
1068 34
1069 40
1070 36
1071 30
1072 34
1073 23
1074 25
1075 35
1076 35
1077 32
1078 28
1079 40
1080 49
1081 29
1082 29
1083 41
1084 26
1085 30
1086 26
1087 24
1088 24
1089 32
1090 43
1091 32
1092 32
1093 32
1094 24
1095 38
1096 31
1097 47
1098 27
1099 32
1100 30
1101 27
1102 24
1103 31
1104 31
1105 30
1106 25
1107 30
1108 28
1109 24
1110 27
1111 33
1112 33
1113 30
1114 33
1115 30
1116 23
1117 34
1118 29
1119 28
1120 39
1121 27
1122 38
1123 26
1124 35
1125 24
1126 36
1127 28
1128 28
1129 24
1130 41
1131 38
1132 34
1133 33
1134 30
1135 27
1136 32
1137 31
1138 35
1139 31
1140 28
1141 20
1142 29
1143 26
1144 30
1145 32
1146 49
1147 32
1148 56
1149 82
1150 57
1151 58
1152 70
1153 102
1154 112
1155 151
1156 146
1157 166
1158 188
1159 235
1160 240
1161 261
1162 287
1163 340
1164 439
1165 510
1166 594
1167 665
1168 697
1169 660
1170 595
1171 532
1172 419
1173 421
1174 313
1175 201
1176 151
1177 110
1178 98
1179 89
1180 57
1181 51
1182 26
1183 37
1184 33
1185 40
1186 41
1187 34
1188 22
1189 34
1190 36
1191 25
1192 34
1193 33
1194 34
1195 32
1196 35
1197 29
1198 37
1199 22
1200 36
1201 28
1202 46
1203 38
1204 39
1205 30
1206 42
1207 35
1208 36
1209 39
1210 28
1211 30
1212 39
1213 18
1214 28
1215 39
1216 18
1217 28
1218 24
1219 39
1220 24
1221 24
1222 43
1223 39
1224 32
1225 24
1226 33
1227 29
1228 21
1229 36
1230 17
1231 27
1232 26
1233 36
1234 28
1235 21
1236 32
1237 28
1238 31
1239 23
1240 30
1241 30
1242 24
1243 27
1244 29
1245 29
1246 23
1247 25
1248 30
1249 36
1250 42
1251 33
1252 35
1253 13
1254 24
1255 33
1256 33
1257 33
1258 34
1259 32
1260 26
1261 36
1262 13
1263 23
1264 27
1265 26
1266 21
1267 22
1268 17
1269 16
1270 18
1271 19
1272 24
1273 15
1274 18
1275 18
1276 10
1277 16
1278 14
1279 6
1280 23
1281 25
1282 22
1283 21
1284 19
1285 26
1286 26
1287 14
1288 23
1289 22
1290 24
1291 21
1292 26
1293 15
1294 23
1295 29
1296 28
1297 29
1298 20
1299 22
1300 27
1301 18
1302 19
1303 25
1304 22
1305 20
1306 23
1307 20
1308 22
1309 25
1310 25
1311 27
1312 25
1313 31
1314 22
1315 22
1316 18
1317 21
1318 27
1319 22
1320 23
1321 24
1322 22
1323 22
1324 22
1325 22
1326 24
1327 29
1328 19
1329 18
1330 21
1331 24
1332 24
1333 21
1334 12
1335 20
1336 20
1337 12
1338 20
1339 28
1340 27
1341 27
1342 23
1343 18
1344 18
1345 24
1346 24
1347 28
1348 18
1349 19
1350 22
1351 19
1352 23
1353 24
1354 23
1355 29
1356 22
1357 19
1358 18
1359 24
1360 21
1361 31
1362 21
1363 20
1364 19
1365 19
1366 31
1367 23
1368 22
1369 22
1370 21
1371 21
1372 20
1373 24
1374 21
1375 26
1376 22
1377 35
1378 37
1379 39
1380 31
1381 34
1382 37
1383 40
1384 47
1385 39
1386 44
1387 48
1388 64
1389 81
1390 57
1391 58
1392 41
1393 41
1394 25
1395 26
1396 26
1397 21
1398 29
1399 31
1400 36
1401 15
1402 22
1403 27
1404 12
1405 13
1406 25
1407 30
1408 28
1409 31
1410 20
1411 26
1412 18
1413 25
1414 27
1415 22
1416 23
1417 20
1418 22
1419 27
1420 27
1421 17
1422 20
1423 25
1424 24
1425 19
1426 32
1427 23
1428 19
1429 14
1430 20
1431 21
1432 21
1433 27
1434 19
1435 23
1436 14
1437 23
1438 25
1439 25
1440 15
1441 24
1442 17
1443 31
1444 30
1445 25
1446 29
1447 33
1448 25
1449 26
1450 19
1451 26
1452 25
1453 17
1454 36
1455 34
1456 25
1457 25
1458 48
1459 56
1460 64
1461 73
1462 67
1463 80
1464 101
1465 159
1466 218
1467 202
1468 210
1469 209
1470 190
1471 227
1472 241
1473 264
1474 186
1475 185
1476 163
1477 206
1478 225
1479 198
1480 161
1481 98
1482 100
1483 108
1484 130
1485 99
1486 58
1487 48
1488 30
1489 30
1490 28
1491 20
1492 19
1493 28
1494 16
1495 23
1496 27
1497 25
1498 19
1499 23
1500 31
1501 30
1502 19
1503 19
1504 26
1505 19
1506 31
1507 31
1508 24
1509 21
1510 22
1511 16
1512 22
1513 24
1514 23
1515 10
1516 12
1517 26
1518 22
1519 14
1520 13
1521 24
1522 15
1523 11
1524 12
1525 20
1526 22
1527 12
1528 24
1529 18
1530 16
1531 20
1532 21
1533 21
1534 19
1535 14
1536 12
1537 19
1538 18
1539 26
1540 21
1541 28
1542 26
1543 23
1544 18
1545 23
1546 19
1547 25
1548 15
1549 23
1550 26
1551 23
1552 18
1553 13
1554 13
1555 14
1556 15
1557 21
1558 19
1559 19
1560 22
1561 15
1562 24
1563 22
1564 15
1565 26
1566 26
1567 15
1568 16
1569 17
1570 34
1571 18
1572 16
1573 19
1574 19
1575 19
1576 14
1577 26
1578 19
1579 22
1580 23
1581 19
1582 25
1583 20
1584 13
1585 23
1586 23
1587 15
1588 25
1589 18
1590 26
1591 18
1592 22
1593 19
1594 13
1595 22
1596 16
1597 19
1598 15
1599 16
1600 21
1601 23
1602 21
1603 12
1604 19
1605 13
1606 11
1607 19
1608 20
1609 27
1610 20
1611 16
1612 16
1613 19
1614 15
1615 13
1616 17
1617 24
1618 18
1619 24
1620 15
1621 30
1622 20
1623 17
1624 15
1625 17
1626 13
1627 21
1628 15
1629 22
1630 18
1631 19
1632 16
1633 22
1634 18
1635 17
1636 16
1637 20
1638 17
1639 19
1640 16
1641 20
1642 17
1643 15
1644 18
1645 20
1646 15
1647 13
1648 15
1649 19
1650 16
1651 23
1652 18
1653 20
1654 21
1655 16
1656 13
1657 13
1658 18
1659 15
1660 18
1661 14
1662 21
1663 18
1664 24
1665 16
1666 16
1667 14
1668 25
1669 21
1670 20
1671 18
1672 11
1673 19
1674 23
1675 14
1676 18
1677 17
1678 10
1679 16
1680 21
1681 14
1682 19
1683 22
1684 22
1685 23
1686 16
1687 17
1688 13
1689 14
1690 30
1691 18
1692 16
1693 23
1694 19
1695 13
1696 12
1697 17
1698 14
1699 15
1700 18
1701 20
1702 12
1703 20
1704 19
1705 14
1706 13
1707 21
1708 13
1709 21
1710 15
1711 14
1712 10
1713 9
1714 19
1715 10
1716 14
1717 21
1718 23
1719 14
1720 16
1721 16
1722 26
1723 19
1724 15
1725 10
1726 19
1727 13
1728 19
1729 15
1730 18
1731 17
1732 16
1733 15
1734 14
1735 11
1736 23
1737 32
1738 10
1739 14
1740 17
1741 9
1742 18
1743 19
1744 23
1745 13
1746 22
1747 17
1748 23
1749 19
1750 21
1751 28
1752 20
1753 18
1754 19
1755 21
1756 13
1757 13
1758 22
1759 14
1760 21
1761 17
1762 17
1763 28
1764 24
1765 13
1766 20
1767 14
1768 17
1769 24
1770 19
1771 16
1772 11
1773 14
1774 11
1775 13
1776 21
1777 21
1778 14
1779 25
1780 19
1781 16
1782 21
1783 21
1784 25
1785 13
1786 19
1787 19
1788 13
1789 13
1790 15
1791 22
1792 18
1793 21
1794 11
1795 11
1796 17
1797 22
1798 19
1799 23
1800 11
1801 21
1802 18
1803 19
1804 18
1805 15
1806 16
1807 12
1808 27
1809 14
1810 12
1811 16
1812 20
1813 16
1814 17
1815 12
1816 16
1817 17
1818 13
1819 14
1820 19
1821 11
1822 15
1823 21
1824 20
1825 16
1826 16
1827 16
1828 11
1829 16
1830 14
1831 11
1832 24
1833 12
1834 16
1835 13
1836 17
1837 20
1838 7
1839 9
1840 8
1841 10
1842 18
1843 15
1844 13
1845 13
1846 15
1847 19
1848 18
1849 16
1850 15
1851 16
1852 13
1853 17
1854 16
1855 18
1856 17
1857 10
1858 21
1859 14
1860 20
1861 9
1862 11
1863 12
1864 25
1865 18
1866 16
1867 18
1868 16
1869 19
1870 16
1871 17
1872 10
1873 10
1874 18
1875 14
1876 18
1877 17
1878 13
1879 19
1880 22
1881 10
1882 10
1883 18
1884 15
1885 9
1886 10
1887 22
1888 20
1889 14
1890 13
1891 20
1892 23
1893 17
1894 18
1895 17
1896 20
1897 20
1898 20
1899 19
1900 28
1901 18
1902 17
1903 14
1904 17
1905 19
1906 21
1907 16
1908 14
1909 22
1910 12
1911 18
1912 13
1913 19
1914 17
1915 15
1916 14
1917 16
1918 15
1919 12
1920 12
1921 22
1922 19
1923 20
1924 11
1925 18
1926 17
1927 17
1928 16
1929 18
1930 12
1931 25
1932 30
1933 19
1934 21
1935 23
1936 29
1937 18
1938 27
1939 15
1940 19
1941 24
1942 38
1943 35
1944 46
1945 41
1946 54
1947 50
1948 39
1949 62
1950 83
1951 161
1952 160
1953 202
1954 284
1955 297
1956 247
1957 200
1958 207
1959 134
1960 130
1961 108
1962 95
1963 110
1964 124
1965 100
1966 64
1967 125
1968 89
1969 95
1970 69
1971 38
1972 37
1973 33
1974 24
1975 24
1976 13
1977 16
1978 19
1979 17
1980 11
1981 10
1982 18
1983 14
1984 18
1985 17
1986 13
1987 10
1988 17
1989 16
1990 10
1991 15
1992 12
1993 19
1994 10
1995 11
1996 16
1997 15
1998 11
1999 14
2000 19
2001 27
2002 20
2003 17
2004 15
2005 11
2006 16
2007 14
2008 17
2009 10
2010 21
2011 14
2012 13
2013 16
2014 17
2015 11
2016 13
2017 13
2018 17
2019 13
2020 12
2021 11
2022 15
2023 9
2024 14
2025 13
2026 12
2027 12
2028 13
2029 13
2030 11
2031 11
2032 26
2033 16
2034 9
2035 10
2036 12
2037 14
2038 16
2039 19
2040 20
2041 15
2042 18
2043 13
2044 17
2045 8
2046 12
2047 21
2048 12
2049 9
2050 18
2051 10
2052 20
2053 24
2054 19
2055 17
2056 17
2057 16
2058 14
2059 11
2060 19
2061 13
2062 9
2063 15
2064 10
2065 8
2066 15
2067 16
2068 14
2069 15
2070 11
2071 13
2072 22
2073 8
2074 17
2075 15
2076 17
2077 15
2078 15
2079 18
2080 17
2081 11
2082 11
2083 13
2084 10
2085 17
2086 14
2087 12
2088 13
2089 12
2090 16
2091 14
2092 17
2093 15
2094 8
2095 18
2096 9
2097 15
2098 22
2099 14
2100 12
2101 13
2102 11
2103 12
2104 16
2105 11
2106 17
2107 20
2108 16
2109 13
2110 9
2111 18
2112 21
2113 12
2114 20
2115 22
2116 19
2117 22
2118 17
2119 14
2120 17
2121 11
2122 14
2123 13
2124 19
2125 7
2126 24
2127 20
2128 12
2129 13
2130 15
2131 12
2132 13
2133 11
2134 17
2135 10
2136 15
2137 13
2138 11
2139 20
2140 12
2141 15
2142 12
2143 12
2144 18
2145 16
2146 15
2147 18
2148 7
2149 17
2150 13
2151 15
2152 12
2153 8
2154 21
2155 13
2156 15
2157 13
2158 14
2159 12
2160 13
2161 14
2162 15
2163 13
2164 12
2165 16
2166 13
2167 20
2168 15
2169 15
2170 16
2171 17
2172 14
2173 13
2174 13
2175 13
2176 14
2177 25
2178 15
2179 14
2180 13
2181 18
2182 14
2183 17
2184 19
2185 11
2186 14
2187 12
2188 16
2189 20
2190 17
2191 18
2192 14
2193 15
2194 25
2195 21
2196 22
2197 13
2198 20
2199 16
2200 29
2201 30
2202 23
2203 32
2204 27
2205 42
2206 36
2207 42
2208 48
2209 81
2210 94
2211 107
2212 110
2213 107
2214 154
2215 206
2216 206
2217 238
2218 275
2219 281
2220 310
2221 314
2222 350
2223 371
2224 412
2225 412
2226 413
2227 338
2228 339
2229 396
2230 328
2231 371
2232 313
2233 244
2234 175
2235 157
2236 145
2237 126
2238 104
2239 85
2240 72
2241 49
2242 50
2243 44
2244 39
2245 35
2246 24
2247 39
2248 29
2249 28
2250 16
2251 13
2252 20
2253 15
2254 18
2255 12
2256 24
2257 16
2258 21
2259 16
2260 13
2261 10
2262 15
2263 16
2264 16
2265 16
2266 19
2267 18
2268 10
2269 11
2270 16
2271 15
2272 15
2273 10
2274 10
2275 13
2276 9
2277 15
2278 18
2279 12
2280 14
2281 19
2282 15
2283 9
2284 15
2285 8
2286 11
2287 11
2288 11
2289 10
2290 17
2291 13
2292 19
2293 10
2294 13
2295 21
2296 7
2297 17
2298 15
2299 16
2300 15
2301 13
2302 17
2303 16
2304 12
2305 21
2306 22
2307 16
2308 13
2309 16
2310 14
2311 14
2312 19
2313 11
2314 13
2315 16
2316 11
2317 12
2318 11
2319 20
2320 14
2321 11
2322 5
2323 14
2324 13
2325 14
2326 12
2327 16
2328 13
2329 13
2330 16
2331 21
2332 16
2333 12
2334 10
2335 10
2336 12
2337 14
2338 13
2339 14
2340 12
2341 16
2342 14
2343 10
2344 14
2345 15
2346 11
2347 11
2348 15
2349 10
2350 12
2351 20
2352 19
2353 19
2354 15
2355 17
2356 10
2357 12
2358 16
2359 10
2360 8
2361 8
2362 9
2363 11
2364 14
2365 7
2366 17
2367 7
2368 10
2369 11
2370 13
2371 13
2372 16
2373 13
2374 9
2375 10
2376 12
2377 15
2378 17
2379 9
2380 12
2381 12
2382 15
2383 12
2384 17
2385 17
2386 13
2387 18
2388 20
2389 14
2390 19
2391 20
2392 17
2393 15
2394 12
2395 9
2396 11
2397 5
2398 15
2399 10
2400 14
2401 12
2402 17
2403 15
2404 13
2405 16
2406 9
2407 14
2408 15
2409 18
2410 18
2411 18
2412 17
2413 19
2414 21
2415 20
2416 14
2417 11
2418 16
2419 26
2420 25
2421 31
2422 27
2423 29
2424 39
2425 32
2426 54
2427 36
2428 38
2429 37
2430 48
2431 61
2432 67
2433 63
2434 72
2435 81
2436 105
2437 63
2438 75
2439 70
2440 81
2441 97
2442 85
2443 82
2444 58
2445 54
2446 58
2447 54
2448 48
2449 37
2450 37
2451 39
2452 32
2453 19
2454 20
2455 24
2456 10
2457 23
2458 16
2459 16
2460 13
2461 20
2462 11
2463 12
2464 13
2465 17
2466 13
2467 15
2468 13
2469 18
2470 14
2471 11
2472 12
2473 11
2474 10
2475 12
2476 14
2477 9
2478 13
2479 8
2480 18
2481 13
2482 12
2483 17
2484 16
2485 11
2486 14
2487 10
2488 12
2489 8
2490 15
2491 13
2492 11
2493 12
2494 8
2495 13
2496 10
2497 16
2498 9
2499 11
2500 15
2501 8
2502 8
2503 12
2504 14
2505 7
2506 12
2507 15
2508 13
2509 15
2510 13
2511 11
2512 14
2513 19
2514 11
2515 11
2516 6
2517 10
2518 9
2519 13
2520 18
2521 11
2522 15
2523 13
2524 10
2525 6
2526 10
2527 9
2528 10
2529 10
2530 12
2531 14
2532 19
2533 16
2534 10
2535 10
2536 14
2537 13
2538 12
2539 11
2540 6
2541 13
2542 11
2543 17
2544 11
2545 13
2546 13
2547 18
2548 12
2549 15
2550 7
2551 7
2552 11
2553 9
2554 12
2555 6
2556 9
2557 9
2558 13
2559 14
