0 46
1 26
2 23
3 40
4 39
5 21
6 31
7 22
8 30
9 34
10 33
11 26
12 33
13 38
14 33
15 28
16 30
17 32
18 38
19 34
20 34
21 37
22 26
23 36
24 30
25 17
26 23
27 41
28 37
29 37
30 39
31 24
32 25
33 29
34 33
35 39
36 28
37 38
38 37
39 28
40 36
41 24
42 29
43 29
44 43
45 38
46 42
47 34
48 33
49 45
50 43
51 41
52 29
53 32
54 34
55 31
56 42
57 39
58 37
59 34
60 32
61 40
62 42
63 30
64 40
65 19
66 36
67 35
68 38
69 47
70 29
71 30
72 25
73 46
74 29
75 28
76 35
77 38
78 33
79 31
80 42
81 32
82 35
83 35
84 42
85 36
86 38
87 36
88 30
89 41
90 38
91 34
92 25
93 31
94 42
95 25
96 36
97 35
98 32
99 29
100 29
101 35
102 37
103 45
104 34
105 43
106 50
107 42
108 28
109 36
110 45
111 31
112 32
113 26
114 35
115 37
116 23
117 32
118 38
119 28
120 33
121 43
122 23
123 28
124 41
125 29
126 45
127 31
128 36
129 26
130 33
131 36
132 35
133 38
134 44
135 39
136 39
137 34
138 34
139 54
140 55
141 17
142 37
143 42
144 35
145 33
146 30
147 45
148 36
149 29
150 43
151 36
152 29
153 31
154 39
155 49
156 41
157 35
158 41
159 42
160 35
161 34
162 43
163 30
164 42
165 48
166 51
167 45
168 33
169 34
170 26
171 42
172 37
173 34
174 29
175 35
176 35
177 39
178 34
179 36
180 41
181 32
182 29
183 36
184 45
185 31
186 25
187 37
188 38
189 39
190 35
191 43
192 43
193 34
194 27
195 33
196 30
197 33
198 27
199 49
200 32
201 52
202 45
203 37
204 30
205 35
206 38
207 57
208 37
209 38
210 28
211 44
212 32
213 45
214 28
215 35
216 49
217 31
218 35
219 33
220 57
221 34
222 33
223 32
224 33
225 32
226 38
227 39
228 43
229 41
230 33
231 36
232 44
233 37
234 38
235 53
236 35
237 49
238 35
239 41
240 39
241 44
242 41
243 34
244 36
245 33
246 34
247 37
248 35
249 38
250 43
251 46
252 45
253 37
254 34
255 38
256 50
257 48
258 39
259 44
260 42
261 46
262 33
263 34
264 33
265 41
266 39
267 45
268 41
269 32
270 31
271 51
272 32
273 40
274 45
275 42
276 44
277 32
278 46
279 46
280 44
281 43
282 33
283 46
284 30
285 34
286 32
287 33
288 40
289 46
290 48
291 36
292 43
293 41
294 44
295 39
296 34
297 32
298 35
299 38
300 41
301 47
302 32
303 36
304 42
305 37
306 35
307 47
308 42
309 38
310 34
311 32
312 42
313 44
314 45
315 39
316 37
317 41
318 38
319 40
320 35
321 52
322 42
323 32
324 35
325 47
326 45
327 37
328 36
329 44
330 40
331 35
332 43
333 43
334 39
335 38
336 43
337 40
338 43
339 43
340 36
341 32
342 30
343 37
344 45
345 32
346 31
347 44
348 37
349 42
350 25
351 32
352 40
353 40
354 45
355 35
356 41
357 32
358 37
359 47
360 44
361 38
362 44
363 44
364 40
365 35
366 34
367 39
368 37
369 42
370 37
371 32
372 37
373 38
374 27
375 33
376 40
377 32
378 36
379 41
380 39
381 39
382 36
383 44
384 35
385 31
386 26
387 33
388 34
389 42
390 45
391 33
392 40
393 44
394 40
395 40
396 45
397 43
398 31
399 33
400 39
401 42
402 52
403 36
404 53
405 43
406 38
407 43
408 35
409 37
410 36
411 55
412 34
413 40
414 34
415 41
416 47
417 43
418 53
419 41
420 36
421 41
422 49
423 43
424 45
425 41
426 55
427 44
428 45
429 35
430 38
431 36
432 43
433 40
434 35
435 43
436 29
437 42
438 52
439 40
440 52
441 25
442 44
443 39
444 34
445 41
446 41
447 45
448 42
449 48
450 42
451 64
452 38
453 44
454 36
455 39
456 31
457 39
458 34
459 32
460 40
461 26
462 37
463 52
464 37
465 41
466 31
467 41
468 29
469 31
470 44
471 52
472 33
473 44
474 49
475 49
476 34
477 37
478 38
479 40
480 41
481 45
482 40
483 38
484 55
485 43
486 51
487 56
488 44
489 34
490 43
491 51
492 53
493 36
494 45
495 47
496 49
497 55
498 54
499 61
500 58
501 54
502 51
503 71
504 70
505 64
506 92
507 100
508 87
509 92
510 81
511 73
512 89
513 61
514 78
515 84
516 89
517 98
518 126
519 179
520 146
521 125
522 121
523 73
524 74
525 80
526 64
527 58
528 49
529 55
530 38
531 45
532 42
533 36
534 28
535 47
536 37
537 42
538 40
539 28
540 46
541 33
542 35
543 57
544 52
545 32
546 36
547 39
548 42
549 40
550 47
551 45
552 28
553 44
554 41
555 45
556 47
557 50
558 43
559 44
560 40
561 43
562 47
563 43
564 42
565 48
566 44
567 40
568 34
569 32
570 34
571 43
572 40
573 41
574 35
575 36
576 42
577 54
578 48
579 30
580 38
581 60
582 42
583 42
584 44
585 38
586 46
587 42
588 41
589 45
590 54
591 36
592 43
593 48
594 48
595 32
596 36
597 44
598 33
599 29
600 40
601 33
602 31
603 37
604 41
605 44
606 37
607 32
608 41
609 38
610 41
611 39
612 35
613 34
614 47
615 37
616 32
617 41
618 32
619 42
620 44
621 41
622 49
623 41
624 43
625 43
626 40
627 34
628 40
629 41
630 37
631 36
632 45
633 28
634 40
635 44
636 36
637 51
638 36
639 45
640 40
641 47
642 42
643 38
644 45
645 54
646 41
647 50
648 40
649 38
650 47
651 51
652 40
653 37
654 58
655 47
656 52
657 37
658 29
659 34
660 39
661 34
662 51
663 51
664 38
665 47
666 46
667 47
668 39
669 36
670 35
671 40
672 41
673 52
674 28
675 38
676 41
677 38
678 50
679 44
680 45
681 35
682 31
683 40
684 32
685 36
686 36
687 36
688 41
689 46
690 37
691 47
692 41
693 50
694 36
695 41
696 39
697 34
698 45
699 52
700 43
701 36
702 44
703 40
704 38
705 40
706 37
707 38
708 31
709 37
710 48
711 31
712 30
713 36
714 32
715 39
716 55
717 43
718 38
719 41
720 50
721 46
722 39
723 39
724 42
725 41
726 45
727 31
728 39
729 35
730 44
731 27
732 50
733 42
734 39
735 30
736 39
737 42
738 37
739 29
740 30
741 41
742 47
743 42
744 34
745 39
746 38
747 35
748 42
749 30
750 42
751 26
752 49
753 33
754 33
755 37
756 40
757 40
758 41
759 37
760 32
761 35
762 35
763 40
764 37
765 35
766 42
767 50
768 45
769 39
770 49
771 44
772 49
773 32
774 40
775 49
776 62
777 36
778 41
779 49
780 43
781 25
782 44
783 41
784 42
785 37
786 32
787 36
788 44
789 46
790 30
791 46
792 38
793 40
794 42
795 40
796 22
797 52
798 46
799 35
800 34
801 41
802 36
803 36
804 38
805 35
806 39
807 29
808 31
809 35
810 32
811 39
812 31
813 27
814 32
815 29
816 31
817 40
818 31
819 39
820 38
821 26
822 39
823 32
824 34
825 37
826 51
827 37
828 47
829 38
830 41
831 40
832 38
833 38
834 34
835 30
836 53
837 35
838 36
839 34
840 33
841 41
842 42
843 34
844 35
845 45
846 42
847 45
848 50
849 39
850 40
851 36
852 38
853 39
854 44
855 31
856 37
857 34
858 38
859 41
860 34
861 29
862 27
863 40
864 43
865 36
866 31
867 46
868 50
869 25
870 30
871 34
872 37
873 39
874 35
875 39
876 33
877 35
878 33
879 33
880 31
881 40
882 46
883 34
884 43
885 33
886 30
887 43
888 50
889 33
890 40
891 46
892 34
893 33
894 40
895 23
896 31
897 49
898 41
899 37
900 43
901 27
902 31
903 58
904 33
905 28
906 34
907 36
908 47
909 45
910 40
911 41
912 37
913 33
914 28
915 39
916 31
917 28
918 34
919 27
920 27
921 34
922 41
923 40
924 31
925 31
926 31
927 38
928 27
929 44
930 27
931 31
932 39
933 33
934 34
935 34
936 39
937 35
938 33
939 30
940 31
941 37
942 40
943 29
944 42
945 33
946 35
947 26
948 41
949 45
950 29
951 52
952 37
953 39
954 37
955 48
956 44
957 29
958 28
959 29
960 32
961 43
962 37
963 36
964 51
965 28
966 28
967 42
968 27
969 41
970 47
971 32
972 39
973 31
974 32
975 44
976 42
977 34
978 34
979 33
980 36
981 26
982 45
983 39
984 39
985 41
986 35
987 34
988 34
989 40
990 34
991 38
992 41
993 30
994 27
995 31
996 40
997 35
998 33
999 48
1000 37
1001 30
1002 51
1003 44
1004 54
1005 69
1006 72
1007 83
1008 81
1009 81
1010 99
1011 108
1012 125
1013 113
1014 98
1015 94
1016 114
1017 119
1018 194
1019 268
1020 290
1021 304
1022 259
1023 272
1024 292
1025 336
1026 355
1027 482
1028 444
1029 477
1030 481
1031 492
1032 533
1033 555
1034 563
1035 430
1036 306
1037 224
1038 187
1039 116
1040 93
1041 74
1042 47
1043 66
1044 52
1045 43
1046 49
1047 40
1048 31
1049 43
1050 39
1051 45
1052 43
1053 42
1054 30
1055 39
1056 37
1057 43
1058 28
1059 45
1060 46
1061 42
1062 33
1063 43
1064 35
1065 36
1066 30
1067 39
1068 38
1069 53
1070 38
1071 32
1072 31
1073 39
1074 32
1075 36
1076 39
1077 29
1078 39
1079 36
1080 24
1081 35
1082 40
1083 30
1084 30
1085 40
1086 31
1087 39
1088 42
1089 31
1090 39
1091 36
1092 32
1093 39
1094 40
1095 40
1096 47
1097 29
1098 32
1099 24
1100 30
1101 24
1102 37
1103 32
1104 38
1105 28
1106 27
1107 39
1108 41
1109 37
1110 30
1111 25
1112 29
1113 28
1114 32
1115 28
1116 26
1117 28
1118 28
1119 27
1120 29
1121 37
1122 42
1123 29
1124 31
1125 17
1126 39
1127 33
1128 22
1129 27
1130 33
1131 26
1132 34
1133 25
1134 41
1135 39
1136 32
1137 36
1138 36
1139 30
1140 29
1141 41
1142 41
1143 31
1144 33
1145 38
1146 36
1147 22
1148 38
1149 64
1150 45
1151 47
1152 55
1153 61
1154 64
1155 62
1156 65
1157 61
1158 69
1159 70
1160 71
1161 115
1162 82
1163 90
1164 79
1165 67
1166 53
1167 51
1168 38
1169 40
1170 50
1171 41
1172 40
1173 46
1174 34
1175 41
1176 41
1177 31
1178 19
1179 42
1180 33
1181 35
1182 39
1183 33
1184 35
1185 32
1186 41
1187 30
1188 30
1189 36
1190 23
1191 29
1192 26
1193 29
1194 31
1195 26
1196 37
1197 29
1198 31
1199 29
1200 27
1201 19
1202 33
1203 41
1204 33
1205 24
1206 37
1207 28
1208 31
1209 40
1210 23
1211 37
1212 27
1213 30
1214 36
1215 34
1216 38
1217 37
1218 31
1219 28
1220 41
1221 47
1222 51
1223 39
1224 32
1225 37
1226 29
1227 25
1228 24
1229 26
1230 30
1231 35
1232 28
1233 27
1234 24
1235 38
1236 41
1237 22
1238 33
1239 48
1240 30
1241 25
1242 25
1243 29
1244 34
1245 32
1246 23
1247 40
1248 31
1249 32
1250 37
1251 40
1252 20
1253 20
1254 25
1255 27
1256 22
1257 33
1258 44
1259 29
1260 24
1261 37
1262 26
1263 31
1264 27
1265 29
1266 30
1267 25
1268 19
1269 21
1270 27
1271 29
1272 31
1273 19
1274 28
1275 27
1276 23
1277 16
1278 17
1279 26
1280 29
1281 33
1282 24
1283 20
1284 28
1285 32
1286 34
1287 30
1288 30
1289 33
1290 42
1291 31
1292 43
1293 51
1294 55
1295 72
1296 86
1297 87
1298 72
1299 82
1300 107
1301 104
1302 141
1303 126
1304 149
1305 185
1306 242
1307 247
1308 196
1309 197
1310 205
1311 202
1312 199
1313 187
1314 163
1315 240
1316 236
1317 170
1318 129
1319 114
1320 99
1321 98
1322 99
1323 57
1324 61
1325 47
1326 32
1327 29
1328 30
1329 26
1330 29
1331 18
1332 28
1333 27
1334 19
1335 25
1336 40
1337 33
1338 19
1339 26
1340 28
1341 20
1342 28
1343 31
1344 26
1345 22
1346 26
1347 12
1348 21
1349 22
1350 30
1351 24
1352 19
1353 25
1354 29
1355 24
1356 30
1357 29
1358 19
1359 26
1360 25
1361 24
1362 29
1363 21
1364 22
1365 25
1366 24
1367 29
1368 22
1369 33
1370 24
1371 13
1372 28
1373 19
1374 18
1375 21
1376 29
1377 32
1378 23
1379 26
1380 31
1381 22
1382 17
1383 24
1384 19
1385 25
1386 21
1387 33
1388 25
1389 20
1390 18
1391 24
1392 12
1393 14
1394 21
1395 26
1396 23
1397 23
1398 29
1399 35
1400 26
1401 26
1402 28
1403 23
1404 17
1405 27
1406 27
1407 21
1408 28
1409 30
1410 11
1411 25
1412 19
1413 30
1414 21
1415 31
1416 32
1417 29
1418 35
1419 20
1420 21
1421 24
1422 25
1423 23
1424 22
1425 24
1426 23
1427 26
1428 23
1429 13
1430 24
1431 13
1432 24
1433 21
1434 20
1435 32
1436 22
1437 24
1438 20
1439 24
1440 25
1441 25
1442 22
1443 22
1444 25
1445 38
1446 23
1447 25
1448 18
1449 26
1450 23
1451 22
1452 19
1453 22
1454 21
1455 32
1456 21
1457 20
1458 27
1459 25
1460 24
1461 21
1462 22
1463 16
1464 21
1465 17
1466 22
1467 26
1468 29
1469 14
1470 29
1471 24
1472 23
1473 29
1474 30
1475 26
1476 18
1477 21
1478 21
1479 27
1480 24
1481 29
1482 22
1483 17
1484 20
1485 21
1486 19
1487 25
1488 16
1489 27
1490 15
1491 21
1492 27
1493 15
1494 23
1495 17
1496 30
1497 19
1498 29
1499 33
1500 30
1501 24
1502 16
1503 29
1504 24
1505 28
1506 21
1507 21
1508 24
1509 22
1510 18
1511 23
1512 25
1513 17
1514 20
1515 25
1516 24
1517 26
1518 18
1519 11
1520 22
1521 18
1522 21
1523 20
1524 20
1525 27
1526 27
1527 17
1528 20
1529 23
1530 15
1531 29
1532 22
1533 21
1534 18
1535 16
1536 17
1537 29
1538 24
1539 22
1540 16
1541 19
1542 20
1543 22
1544 22
1545 18
1546 16
1547 26
1548 19
1549 24
1550 25
1551 20
1552 17
1553 28
1554 16
1555 19
1556 16
1557 18
1558 22
1559 22
1560 19
1561 17
1562 20
1563 25
1564 22
1565 28
1566 21
1567 24
1568 18
1569 21
1570 21
1571 17
1572 23
1573 22
1574 25
1575 19
1576 24
1577 20
1578 14
1579 27
1580 17
1581 14
1582 17
1583 16
1584 23
1585 15
1586 14
1587 20
1588 23
1589 13
1590 17
1591 11
1592 23
1593 13
1594 21
1595 28
1596 24
1597 23
1598 20
1599 25
1600 20
1601 16
1602 16
1603 17
1604 21
1605 15
1606 30
1607 20
1608 21
1609 15
1610 18
1611 18
1612 15
1613 25
1614 18
1615 16
1616 17
1617 19
1618 26
1619 22
1620 23
1621 18
1622 21
1623 22
1624 18
1625 28
1626 17
1627 25
1628 19
1629 20
1630 20
1631 24
1632 20
1633 16
1634 16
1635 15
1636 22
1637 21
1638 26
1639 20
1640 15
1641 19
1642 20
1643 15
1644 16
1645 26
1646 17
1647 20
1648 18
1649 27
1650 20
1651 16
1652 19
1653 26
1654 24
1655 17
1656 26
1657 14
1658 21
1659 20
1660 18
1661 17
1662 25
1663 13
1664 22
1665 23
1666 26
1667 14
1668 29
1669 13
1670 18
1671 16
1672 26
1673 16
1674 16
1675 19
1676 20
1677 21
1678 19
1679 17
1680 21
1681 25
1682 20
1683 23
1684 15
1685 16
1686 18
1687 21
1688 18
1689 25
1690 19
1691 22
1692 14
1693 21
1694 24
1695 22
1696 16
1697 12
1698 18
1699 17
1700 24
1701 25
1702 25
1703 20
1704 18
1705 27
1706 22
1707 26
1708 21
1709 22
1710 19
1711 23
1712 27
1713 27
1714 19
1715 31
1716 19
1717 25
1718 17
1719 29
1720 21
1721 18
1722 23
1723 13
1724 19
1725 20
1726 21
1727 23
1728 18
1729 26
1730 17
1731 24
1732 16
1733 30
1734 28
1735 21
1736 20
1737 21
1738 15
1739 22
1740 39
1741 25
1742 31
1743 24
1744 30
1745 23
1746 33
1747 35
1748 26
1749 23
1750 24
1751 38
1752 28
1753 30
1754 46
1755 50
1756 77
1757 66
1758 80
1759 70
1760 88
1761 77
1762 75
1763 119
1764 131
1765 94
1766 95
1767 67
1768 90
1769 105
1770 107
1771 105
1772 81
1773 96
1774 87
1775 74
1776 73
1777 67
1778 65
1779 50
1780 58
1781 42
1782 33
1783 28
1784 23
1785 28
1786 25
1787 22
1788 20
1789 14
1790 26
1791 10
1792 20
1793 13
1794 20
1795 14
1796 17
1797 21
1798 21
1799 21
1800 12
1801 17
1802 18
1803 16
1804 21
1805 18
1806 21
1807 14
1808 20
1809 22
1810 18
1811 21
1812 20
1813 13
1814 16
1815 18
1816 10
1817 15
1818 17
1819 19
1820 15
1821 24
1822 20
1823 13
1824 25
1825 21
1826 26
1827 23
1828 22
1829 26
1830 26
1831 14
1832 18
1833 31
1834 11
1835 14
1836 14
1837 21
1838 17
1839 16
1840 19
1841 18
1842 24
1843 13
1844 18
1845 19
1846 24
1847 18
1848 15
1849 19
1850 11
1851 18
1852 11
1853 21
1854 16
1855 20
1856 20
1857 21
1858 27
1859 21
1860 12
1861 17
1862 21
1863 22
1864 13
1865 16
1866 19
1867 14
1868 10
1869 22
1870 24
1871 20
1872 17
1873 13
1874 10
1875 17
1876 21
1877 21
1878 19
1879 17
1880 24
1881 20
1882 16
1883 20
1884 15
1885 24
1886 22
1887 16
1888 17
1889 24
1890 17
1891 25
1892 22
1893 19
1894 13
1895 16
1896 13
1897 16
1898 19
1899 20
1900 21
1901 10
1902 21
1903 16
1904 18
1905 12
1906 20
1907 19
1908 13
1909 22
1910 14
1911 29
1912 21
1913 20
1914 15
1915 16
1916 15
1917 15
1918 15
1919 18
1920 20
1921 9
1922 14
1923 20
1924 18
1925 10
1926 19
1927 17
1928 23
1929 20
1930 13
1931 19
1932 26
1933 16
1934 27
1935 15
1936 16
1937 24
1938 25
1939 23
1940 29
1941 29
1942 27
1943 25
1944 22
1945 21
1946 17
1947 26
1948 23
1949 11
1950 25
1951 15
1952 10
1953 14
1954 20
1955 20
1956 15
1957 15
1958 19
1959 23
1960 23
1961 19
1962 14
1963 18
1964 23
1965 19
1966 26
1967 19
1968 19
1969 15
1970 26
1971 27
1972 11
1973 19
1974 19
1975 15
1976 30
1977 17
1978 19
1979 22
1980 16
1981 25
1982 28
1983 21
1984 20
1985 33
1986 33
1987 29
1988 23
1989 22
1990 26
1991 43
1992 37
1993 33
1994 43
1995 38
1996 49
1997 39
1998 55
1999 73
2000 78
2001 77
2002 116
2003 106
2004 111
2005 114
2006 120
2007 116
2008 140
2009 187
2010 249
2011 248
2012 301
2013 310
2014 333
2015 413
2016 418
2017 380
2018 383
2019 374
2020 444
2021 424
2022 378
2023 372
2024 354
2025 351
2026 332
2027 312
2028 265
2029 202
2030 175
2031 111
2032 100
2033 105
2034 80
2035 74
2036 70
2037 64
2038 43
2039 36
2040 37
2041 32
2042 33
2043 29
2044 31
2045 33
2046 22
2047 19
2048 22
2049 22
2050 24
2051 25
2052 23
2053 21
2054 15
2055 16
2056 14
2057 20
2058 20
2059 17
2060 19
2061 16
2062 18
2063 21
2064 16
2065 14
2066 6
2067 20
2068 20
2069 22
2070 19
2071 22
2072 15
2073 14
2074 14
2075 17
2076 25
2077 12
2078 19
2079 21
2080 16
2081 18
2082 14
2083 17
2084 14
2085 22
2086 15
2087 14
2088 15
2089 16
2090 15
2091 17
2092 8
2093 14
2094 15
2095 17
2096 18
2097 10
2098 21
2099 23
2100 20
2101 12
2102 14
2103 18
2104 22
2105 10
2106 28
2107 17
2108 27
2109 12
2110 25
2111 8
2112 14
2113 17
2114 16
2115 10
2116 23
2117 18
2118 19
2119 21
2120 22
2121 18
2122 15
2123 18
2124 14
2125 19
2126 19
2127 20
2128 15
2129 20
2130 18
2131 22
2132 19
2133 16
2134 24
2135 19
2136 10
2137 19
2138 23
2139 16
2140 30
2141 15
2142 19
2143 18
2144 16
2145 13
2146 16
2147 21
2148 15
2149 16
2150 19
2151 22
2152 22
2153 10
2154 26
2155 19
2156 18
2157 15
2158 14
2159 11
2160 19
2161 15
2162 19
2163 10
2164 14
2165 15
2166 13
2167 17
2168 14
2169 15
2170 15
2171 10
2172 17
2173 18
2174 16
2175 8
2176 12
2177 12
2178 18
2179 14
2180 15
2181 7
2182 15
2183 13
2184 20
2185 16
2186 18
2187 24
2188 14
2189 15
2190 17
2191 24
2192 20
2193 10
2194 22
2195 23
2196 19
2197 26
2198 24
2199 33
2200 20
2201 24
2202 21
2203 25
2204 38
2205 52
2206 52
2207 39
2208 57
2209 49
2210 61
2211 58
2212 70
2213 74
2214 81
2215 82
2216 70
2217 88
2218 100
2219 123
2220 100
2221 109
2222 104
2223 97
2224 93
2225 77
2226 71
2227 82
2228 55
2229 75
2230 73
2231 56
2232 45
2233 41
2234 41
2235 31
2236 36
2237 36
2238 28
2239 25
2240 19
2241 32
2242 23
2243 17
2244 26
2245 16
2246 18
2247 14
2248 14
2249 14
2250 12
2251 11
2252 16
2253 18
2254 19
2255 14
2256 7
2257 8
2258 20
2259 13
2260 13
2261 12
2262 12
2263 12
2264 12
2265 11
2266 13
2267 13
2268 12
2269 11
2270 23
2271 11
2272 17
2273 15
2274 11
2275 16
2276 15
2277 15
2278 12
2279 10
2280 17
2281 12
2282 10
2283 22
2284 17
2285 8
2286 19
2287 15
2288 20
2289 16
2290 10
2291 13
2292 18
2293 14
2294 15
2295 14
2296 15
2297 12
2298 17
2299 9
2300 17
2301 9
2302 9
2303 13
2304 7
2305 17
2306 13
2307 13
2308 13
2309 19
2310 13
2311 14
2312 12
2313 9
2314 17
2315 11
2316 17
2317 11
2318 21
2319 13
2320 15
2321 12
2322 17
2323 14
2324 14
2325 13
2326 17
2327 10
2328 11
2329 17
2330 12
2331 11
2332 14
2333 16
2334 14
2335 11
2336 7
2337 11
2338 10
2339 14
2340 9
2341 16
2342 20
2343 17
2344 12
2345 19
2346 11
2347 12
2348 17
2349 8
2350 10
2351 18
2352 10
2353 16
2354 14
2355 16
2356 14
2357 20
2358 11
2359 15
2360 12
2361 10
2362 23
2363 16
2364 18
2365 16
2366 12
2367 13
2368 15
2369 16
2370 17
2371 18
2372 13
2373 15
2374 9
2375 12
2376 13
2377 16
2378 11
2379 10
2380 13
2381 16
2382 21
2383 17
2384 14
2385 13
2386 14
2387 10
2388 11
2389 17
2390 20
2391 11
2392 12
2393 14
2394 15
2395 17
2396 10
2397 16
2398 23
2399 11
2400 23
2401 11
2402 9
2403 11
2404 14
2405 8
2406 14
2407 14
2408 9
2409 9
2410 16
2411 11
2412 15
2413 10
2414 17
2415 13
2416 13
2417 18
2418 13
2419 18
2420 13
2421 10
2422 13
2423 7
2424 11
2425 12
2426 8
2427 13
2428 14
2429 13
2430 15
2431 11
2432 12
2433 18
2434 11
2435 12
2436 6
2437 8
2438 15
2439 11
2440 9
2441 13
2442 8
2443 16
2444 12
2445 17
2446 7
2447 17
2448 12
2449 15
2450 7
2451 13
2452 10
2453 15
2454 13
2455 16
2456 11
2457 12
2458 15
2459 17
2460 16
2461 15
2462 15
2463 18
2464 18
2465 9
2466 6
2467 11
2468 9
2469 18
2470 7
2471 12
2472 9
2473 12
2474 8
2475 12
2476 9
2477 14
2478 9
2479 13
2480 13
2481 15
2482 14
2483 14
2484 26
2485 11
2486 17
2487 20
2488 15
2489 25
2490 24
2491 27
2492 35
2493 28
2494 31
2495 39
2496 52
2497 51
2498 41
2499 37
2500 40
2501 44
2502 50
2503 58
2504 65
2505 66
2506 58
2507 61
2508 69
2509 77
2510 66
2511 57
2512 58
2513 77
2514 62
2515 78
2516 52
2517 50
2518 57
2519 44
2520 38
2521 32
2522 35
2523 32
2524 22
2525 32
2526 19
2527 23
2528 24
2529 18
2530 19
2531 14
2532 13
2533 13
2534 11
2535 11
2536 17
2537 11
2538 20
2539 10
2540 13
2541 13
2542 14
2543 17
2544 14
2545 9
2546 9
2547 9
2548 13
2549 6
2550 12
2551 11
2552 7
2553 9
2554 25
2555 14
2556 12
2557 6
2558 23
2559 18
