0 42
1 36
2 35
3 38
4 34
5 37
6 42
7 45
8 39
9 36
10 30
11 35
12 35
13 43
14 40
15 38
16 39
17 38
18 34
19 33
20 35
21 38
22 37
23 36
24 34
25 37
26 40
27 35
28 45
29 34
30 33
31 49
32 42
33 39
34 39
35 26
36 27
37 38
38 48
39 40
40 33
41 41
42 28
43 39
44 45
45 35
46 26
47 44
48 44
49 42
50 36
51 38
52 52
53 45
54 29
55 34
56 46
57 47
58 34
59 33
60 31
61 35
62 33
63 36
64 32
65 28
66 38
67 37
68 35
69 38
70 32
71 42
72 21
73 32
74 37
75 36
76 39
77 38
78 32
79 31
80 28
81 29
82 39
83 37
84 37
85 42
86 33
87 31
88 40
89 33
90 30
91 33
92 36
93 29
94 42
95 42
96 31
97 37
98 49
99 33
100 37
101 44
102 29
103 34
104 37
105 31
106 45
107 45
108 36
109 36
110 46
111 33
112 29
113 26
114 42
115 46
116 38
117 39
118 49
119 32
120 33
121 48
122 47
123 36
124 45
125 34
126 39
127 44
128 52
129 42
130 33
131 35
132 46
133 41
134 31
135 43
136 34
137 36
138 48
139 45
140 36
141 47
142 38
143 38
144 35
145 46
146 40
147 41
148 53
149 44
150 37
151 42
152 40
153 44
154 42
155 36
156 43
157 33
158 50
159 40
160 39
161 37
162 46
163 33
164 41
165 33
166 39
167 34
168 43
169 51
170 34
171 44
172 29
173 35
174 36
175 36
176 35
177 40
178 38
179 49
180 41
181 32
182 34
183 33
184 40
185 46
186 25
187 29
188 44
189 48
190 42
191 43
192 30
193 42
194 35
195 43
196 41
197 41
198 44
199 53
200 37
201 48
202 35
203 31
204 31
205 43
206 45
207 33
208 29
209 38
210 47
211 31
212 31
213 40
214 45
215 44
216 37
217 44
218 38
219 46
220 30
221 46
222 36
223 33
224 47
225 42
226 39
227 34
228 35
229 47
230 45
231 28
232 38
233 45
234 44
235 46
236 36
237 37
238 47
239 37
240 31
241 38
242 50
243 53
244 48
245 38
246 40
247 42
248 32
249 26
250 38
251 57
252 45
253 39
254 37
255 25
256 46
257 43
258 42
259 41
260 37
261 46
262 50
263 31
264 32
265 45
266 36
267 54
268 38
269 43
270 34
271 40
272 35
273 51
274 41
275 40
276 45
277 45
278 31
279 45
280 43
281 44
282 35
283 45
284 40
285 37
286 41
287 40
288 54
289 41
290 54
291 50
292 33
293 43
294 35
295 42
296 49
297 38
298 42
299 44
300 44
301 48
302 44
303 47
304 43
305 47
306 41
307 36
308 36
309 47
310 38
311 49
312 47
313 37
314 46
315 40
316 38
317 49
318 45
319 40
320 32
321 53
322 49
323 37
324 46
325 46
326 45
327 49
328 33
329 40
330 41
331 45
332 36
333 52
334 49
335 36
336 49
337 38
338 26
339 46
340 53
341 47
342 35
343 40
344 36
345 41
346 50
347 31
348 43
349 46
350 37
351 37
352 46
353 37
354 46
355 33
356 45
357 31
358 47
359 42
360 43
361 43
362 45
363 46
364 39
365 43
366 53
367 28
368 32
369 36
370 49
371 54
372 47
373 44
374 30
375 54
376 46
377 35
378 44
379 43
380 44
381 42
382 40
383 54
384 51
385 48
386 37
387 47
388 52
389 45
390 40
391 38
392 40
393 43
394 51
395 46
396 34
397 46
398 35
399 35
400 43
401 50
402 40
403 55
404 43
405 47
406 29
407 47
408 43
409 45
410 47
411 46
412 43
413 39
414 47
415 35
416 36
417 41
418 42
419 46
420 44
421 34
422 37
423 38
424 38
425 36
426 36
427 40
428 37
429 37
430 38
431 30
432 42
433 34
434 56
435 36
436 37
437 42
438 42
439 45
440 44
441 35
442 33
443 38
444 48
445 51
446 48
447 45
448 57
449 45
450 42
451 47
452 48
453 45
454 39
455 44
456 39
457 46
458 40
459 58
460 43
461 35
462 49
463 47
464 62
465 54
466 60
467 54
468 55
469 69
470 48
471 41
472 56
473 67
474 44
475 53
476 72
477 84
478 74
479 66
480 58
481 69
482 59
483 61
484 93
485 95
486 112
487 101
488 120
489 119
490 112
491 101
492 103
493 101
494 98
495 123
496 111
497 119
498 104
499 101
500 118
501 106
502 113
503 79
504 87
505 79
506 54
507 68
508 66
509 52
510 41
511 40
512 47
513 40
514 40
515 37
516 44
517 37
518 42
519 46
520 43
521 41
522 48
523 44
524 51
525 25
526 38
527 45
528 41
529 43
530 42
531 45
532 49
533 50
534 50
535 46
536 39
537 44
538 39
539 44
540 35
541 33
542 31
543 53
544 39
545 49
546 42
547 56
548 40
549 42
550 35
551 39
552 37
553 42
554 44
555 56
556 52
557 41
558 38
559 52
560 40
561 55
562 37
563 41
564 41
565 50
566 37
567 38
568 51
569 45
570 50
571 46
572 47
573 52
574 44
575 45
576 47
577 44
578 48
579 48
580 51
581 53
582 39
583 49
584 37
585 36
586 40
587 39
588 52
589 51
590 48
591 42
592 47
593 36
594 42
595 35
596 52
597 47
598 48
599 52
600 47
601 49
602 47
603 50
604 50
605 54
606 38
607 40
608 41
609 46
610 48
611 45
612 33
613 48
614 47
615 52
616 45
617 42
618 36
619 66
620 42
621 42
622 38
623 43
624 43
625 50
626 48
627 37
628 45
629 51
630 39
631 40
632 37
633 40
634 43
635 45
636 38
637 38
638 31
639 43
640 57
641 46
642 48
643 50
644 43
645 41
646 42
647 39
648 38
649 43
650 40
651 38
652 48
653 46
654 43
655 43
656 45
657 46
658 43
659 46
660 52
661 41
662 44
663 48
664 51
665 33
666 51
667 47
668 58
669 36
670 42
671 39
672 44
673 39
674 44
675 52
676 43
677 46
678 50
679 35
680 42
681 52
682 33
683 43
684 47
685 49
686 51
687 53
688 32
689 35
690 43
691 39
692 35
693 50
694 37
695 52
696 51
697 41
698 48
699 36
700 39
701 51
702 42
703 52
704 42
705 37
706 59
707 62
708 44
709 36
710 52
711 43
712 40
713 47
714 40
715 53
716 34
717 44
718 43
719 39
720 39
721 49
722 43
723 33
724 31
725 32
726 33
727 26
728 44
729 41
730 39
731 37
732 43
733 50
734 51
735 37
736 30
737 39
738 39
739 42
740 38
741 39
742 39
743 45
744 47
745 38
746 45
747 45
748 42
749 43
750 40
751 35
752 33
753 37
754 34
755 34
756 45
757 37
758 52
759 43
760 33
761 41
762 52
763 49
764 33
765 37
766 44
767 48
768 47
769 53
770 32
771 40
772 31
773 34
774 37
775 35
776 40
777 47
778 29
779 42
780 34
781 43
782 36
783 35
784 37
785 43
786 36
787 32
788 38
789 45
790 39
791 45
792 35
793 34
794 33
795 35
796 29
797 44
798 34
799 37
800 54
801 41
802 40
803 45
804 41
805 35
806 30
807 51
808 44
809 40
810 46
811 40
812 43
813 29
814 56
815 42
816 56
817 38
818 41
819 37
820 44
821 36
822 43
823 43
824 41
825 46
826 37
827 40
828 41
829 39
830 45
831 38
832 39
833 42
834 33
835 37
836 39
837 31
838 29
839 26
840 53
841 42
842 43
843 42
844 38
845 37
846 38
847 46
848 35
849 46
850 34
851 32
852 42
853 36
854 35
855 31
856 39
857 44
858 47
859 38
860 35
861 39
862 33
863 31
864 33
865 40
866 42
867 45
868 32
869 30
870 56
871 25
872 39
873 30
874 22
875 44
876 38
877 36
878 29
879 43
880 44
881 43
882 31
883 38
884 55
885 37
886 38
887 32
888 53
889 36
890 39
891 37
892 41
893 33
894 32
895 30
896 30
897 31
898 35
899 30
900 38
901 39
902 37
903 41
904 37
905 37
906 47
907 40
908 35
909 43
910 33
911 45
912 41
913 41
914 35
915 36
916 37
917 39
918 45
919 38
920 43
921 30
922 52
923 33
924 35
925 44
926 42
927 34
928 30
929 40
930 52
931 35
932 36
933 47
934 44
935 25
936 33
937 45
938 34
939 40
940 42
941 47
942 32
943 30
944 48
945 46
946 38
947 30
948 44
949 37
950 38
951 48
952 40
953 36
954 30
955 32
956 50
957 40
958 34
959 32
960 38
961 40
962 39
963 39
964 25
965 43
966 29
967 48
968 43
969 43
970 47
971 41
972 37
973 40
974 33
975 45
976 46
977 52
978 53
979 77
980 60
981 94
982 70
983 69
984 108
985 85
986 114
987 113
988 132
989 152
990 173
991 215
992 182
993 242
994 211
995 243
996 278
997 276
998 328
999 349
1000 377
1001 335
1002 353
1003 359
1004 379
1005 422
1006 469
1007 434
1008 303
1009 274
1010 244
1011 196
1012 178
1013 168
1014 102
1015 72
1016 60
1017 43
1018 47
1019 48
1020 38
1021 45
1022 46
1023 37
1024 47
1025 50
1026 36
1027 40
1028 48
1029 37
1030 28
1031 28
1032 35
1033 40
1034 40
1035 37
1036 39
1037 36
1038 26
1039 49
1040 39
1041 31
1042 49
1043 36
1044 34
1045 44
1046 45
1047 42
1048 34
1049 20
1050 37
1051 34
1052 41
1053 39
1054 33
1055 42
1056 35
1057 27
1058 34
1059 30
1060 28
1061 41
1062 48
1063 38
1064 33
1065 36
1066 35
1067 33
1068 42
1069 42
1070 41
1071 36
1072 36
1073 26
1074 34
1075 26
1076 31
1077 31
1078 21
1079 56
1080 32
1081 40
1082 29
1083 32
1084 38
1085 29
1086 43
1087 34
1088 32
1089 35
1090 20
1091 35
1092 33
1093 33
1094 37
1095 37
1096 35
1097 46
1098 31
1099 27
1100 37
1101 32
1102 32
1103 40
1104 33
1105 35
1106 38
1107 25
1108 49
1109 29
1110 43
1111 43
1112 34
1113 34
1114 35
1115 42
1116 35
1117 48
1118 30
1119 35
1120 36
1121 48
1122 49
1123 51
1124 51
1125 56
1126 56
1127 36
1128 54
1129 51
1130 53
1131 61
1132 75
1133 61
1134 57
1135 61
1136 59
1137 68
1138 53
1139 44
1140 56
1141 42
1142 58
1143 48
1144 54
1145 39
1146 44
1147 40
1148 40
1149 34
1150 34
1151 33
1152 29
1153 27
1154 47
1155 36
1156 26
1157 31
1158 36
1159 43
1160 40
1161 30
1162 33
1163 36
1164 22
1165 33
1166 39
1167 23
1168 32
1169 29
1170 27
1171 40
1172 41
1173 35
1174 33
1175 50
1176 27
1177 28
1178 29
1179 38
1180 34
1181 40
1182 31
1183 36
1184 40
1185 40
1186 33
1187 22
1188 39
1189 38
1190 34
1191 31
1192 31
1193 44
1194 34
1195 48
1196 37
1197 48
1198 32
1199 35
1200 36
1201 29
1202 28
1203 27
1204 30
1205 43
1206 37
1207 37
1208 40
1209 38
1210 35
1211 28
1212 30
1213 35
1214 22
1215 27
1216 43
1217 39
1218 36
1219 27
1220 31
1221 32
1222 40
1223 32
1224 26
1225 31
1226 40
1227 40
1228 37
1229 19
1230 36
1231 33
1232 39
1233 36
1234 28
1235 42
1236 28
1237 23
1238 33
1239 36
1240 24
1241 41
1242 28
1243 32
1244 27
1245 27
1246 22
1247 25
1248 25
1249 27
1250 45
1251 30
1252 34
1253 38
1254 32
1255 31
1256 36
1257 35
1258 27
1259 31
1260 33
1261 29
1262 27
1263 28
1264 18
1265 35
1266 36
1267 25
1268 41
1269 31
1270 20
1271 18
1272 24
1273 15
1274 22
1275 15
1276 27
1277 27
1278 23
1279 26
1280 263
1281 291
1282 258
1283 224
1284 172
1285 166
1286 130
1287 134
1288 109
1289 123
1290 75
1291 78
1292 62
1293 58
1294 47
1295 39
1296 29
1297 27
1298 34
1299 37
1300 33
1301 28
1302 29
1303 29
1304 19
1305 23
1306 13
1307 38
1308 26
1309 24
1310 20
1311 21
1312 30
1313 21
1314 21
1315 32
1316 39
1317 32
1318 27
1319 27
1320 18
1321 19
1322 25
1323 15
1324 37
1325 17
1326 19
1327 30
1328 34
1329 32
1330 28
1331 19
1332 29
1333 32
1334 29
1335 21
1336 24
1337 21
1338 34
1339 23
1340 22
1341 24
1342 17
1343 18
1344 22
1345 14
1346 30
1347 13
1348 27
1349 20
1350 33
1351 23
1352 25
1353 23
1354 28
1355 20
1356 26
1357 28
1358 26
1359 18
1360 26
1361 25
1362 22
1363 22
1364 28
1365 27
1366 27
1367 21
1368 28
1369 21
1370 17
1371 18
1372 27
1373 18
1374 21
1375 23
1376 26
1377 30
1378 30
1379 24
1380 24
1381 13
1382 28
1383 26
1384 24
1385 25
1386 22
1387 27
1388 24
1389 23
1390 19
1391 21
1392 22
1393 30
1394 27
1395 25
1396 25
1397 28
1398 28
1399 23
1400 28
1401 29
1402 25
1403 23
1404 23
1405 26
1406 12
1407 33
1408 23
1409 35
1410 20
1411 22
1412 25
1413 27
1414 28
1415 25
1416 21
1417 28
1418 34
1419 30
1420 22
1421 23
1422 29
1423 20
1424 22
1425 23
1426 19
1427 23
1428 26
1429 23
1430 25
1431 22
1432 25
1433 20
1434 21
1435 22
1436 17
1437 23
1438 35
1439 22
1440 22
1441 21
1442 17
1443 27
1444 26
1445 22
1446 19
1447 30
1448 19
1449 27
1450 26
1451 28
1452 17
1453 34
1454 21
1455 32
1456 22
1457 25
1458 26
1459 30
1460 25
1461 19
1462 25
1463 23
1464 23
1465 29
1466 16
1467 17
1468 29
1469 25
1470 29
1471 18
1472 25
1473 32
1474 25
1475 24
1476 21
1477 27
1478 26
1479 16
1480 25
1481 25
1482 24
1483 18
1484 27
1485 23
1486 17
1487 20
1488 29
1489 22
1490 25
1491 24
1492 27
1493 18
1494 19
1495 24
1496 21
1497 24
1498 20
1499 19
1500 22
1501 13
1502 19
1503 23
1504 24
1505 25
1506 24
1507 21
1508 23
1509 23
1510 25
1511 28
1512 21
1513 26
1514 18
1515 21
1516 19
1517 26
1518 27
1519 26
1520 30
1521 19
1522 24
1523 22
1524 27
1525 21
1526 26
1527 24
1528 16
1529 25
1530 22
1531 23
1532 24
1533 23
1534 23
1535 19
1536 25
1537 22
1538 22
1539 28
1540 23
1541 13
1542 19
1543 23
1544 21
1545 17
1546 20
1547 17
1548 18
1549 22
1550 19
1551 25
1552 24
1553 20
1554 20
1555 16
1556 35
1557 25
1558 18
1559 23
1560 18
1561 16
1562 18
1563 14
1564 23
1565 18
1566 25
1567 16
1568 23
1569 22
1570 25
1571 26
1572 20
1573 26
1574 18
1575 17
1576 24
1577 19
1578 17
1579 23
1580 17
1581 27
1582 13
1583 20
1584 15
1585 19
1586 16
1587 17
1588 20
1589 19
1590 17
1591 28
1592 23
1593 21
1594 20
1595 27
1596 20
1597 19
1598 23
1599 22
1600 17
1601 25
1602 17
1603 18
1604 20
1605 20
1606 13
1607 23
1608 15
1609 22
1610 13
1611 19
1612 12
1613 20
1614 18
1615 15
1616 15
1617 18
1618 31
1619 19
1620 15
1621 25
1622 19
1623 16
1624 26
1625 16
1626 31
1627 20
1628 21
1629 17
1630 14
1631 20
1632 24
1633 22
1634 20
1635 18
1636 23
1637 29
1638 19
1639 20
1640 25
1641 11
1642 21
1643 24
1644 14
1645 22
1646 19
1647 21
1648 28
1649 25
1650 16
1651 16
1652 16
1653 19
1654 20
1655 21
1656 14
1657 20
1658 19
1659 26
1660 16
1661 24
1662 17
1663 19
1664 18
1665 24
1666 22
1667 25
1668 26
1669 25
1670 20
1671 30
1672 22
1673 18
1674 18
1675 23
1676 21
1677 24
1678 21
1679 26
1680 15
1681 26
1682 21
1683 16
1684 25
1685 21
1686 19
1687 18
1688 28
1689 25
1690 28
1691 19
1692 22
1693 20
1694 15
1695 24
1696 17
1697 26
1698 26
1699 20
1700 19
1701 28
1702 19
1703 25
1704 15
1705 20
1706 25
1707 35
1708 32
1709 38
1710 55
1711 29
1712 31
1713 45
1714 47
1715 37
1716 46
1717 47
1718 54
1719 69
1720 57
1721 92
1722 98
1723 91
1724 77
1725 93
1726 105
1727 90
1728 89
1729 70
1730 122
1731 136
1732 126
1733 160
1734 157
1735 153
1736 135
1737 95
1738 81
1739 59
1740 62
1741 62
1742 71
1743 91
1744 76
1745 58
1746 28
1747 24
1748 34
1749 28
1750 17
1751 18
1752 25
1753 25
1754 26
1755 23
1756 16
1757 22
1758 16
1759 21
1760 25
1761 24
1762 28
1763 24
1764 7
1765 19
1766 25
1767 13
1768 21
1769 21
1770 31
1771 23
1772 24
1773 22
1774 24
1775 19
1776 19
1777 18
1778 21
1779 19
1780 32
1781 20
1782 29
1783 23
1784 15
1785 23
1786 22
1787 18
1788 13
1789 27
1790 20
1791 15
1792 28
1793 18
1794 21
1795 21
1796 16
1797 15
1798 21
1799 20
1800 23
1801 14
1802 20
1803 26
1804 22
1805 18
1806 20
1807 20
1808 30
1809 19
1810 18
1811 14
1812 24
1813 18
1814 16
1815 14
1816 12
1817 10
1818 17
1819 29
1820 23
1821 15
1822 16
1823 21
1824 25
1825 29
1826 29
1827 25
1828 17
1829 21
1830 18
1831 23
1832 24
1833 18
1834 23
1835 10
1836 19
1837 13
1838 17
1839 25
1840 12
1841 15
1842 31
1843 20
1844 13
1845 22
1846 15
1847 19
1848 21
1849 18
1850 16
1851 14
1852 10
1853 13
1854 23
1855 18
1856 14
1857 14
1858 18
1859 20
1860 16
1861 21
1862 15
1863 13
1864 22
1865 17
1866 18
1867 19
1868 22
1869 27
1870 15
1871 10
1872 22
1873 17
1874 12
1875 22
1876 19
1877 14
1878 17
1879 14
1880 14
1881 21
1882 20
1883 18
1884 18
1885 19
1886 17
1887 24
1888 20
1889 17
1890 24
1891 15
1892 16
1893 23
1894 21
1895 16
1896 22
1897 22
1898 18
1899 15
1900 16
1901 16
1902 18
1903 16
1904 25
1905 18
1906 23
1907 21
1908 21
1909 14
1910 20
1911 12
1912 19
1913 19
1914 25
1915 17
1916 25
1917 17
1918 16
1919 19
1920 16
1921 18
1922 27
1923 20
1924 16
1925 17
1926 22
1927 22
1928 23
1929 21
1930 22
1931 18
1932 23
1933 24
1934 16
1935 20
1936 16
1937 17
1938 25
1939 19
1940 16
1941 21
1942 16
1943 15
1944 20
1945 21
1946 30
1947 24
1948 39
1949 27
1950 25
1951 31
1952 28
1953 44
1954 49
1955 47
1956 45
1957 48
1958 45
1959 73
1960 67
1961 60
1962 83
1963 97
1964 129
1965 137
1966 116
1967 143
1968 189
1969 181
1970 176
1971 266
1972 338
1973 354
1974 369
1975 363
1976 411
1977 416
1978 399
1979 367
1980 363
1981 393
1982 406
1983 315
1984 408
1985 413
1986 330
1987 351
1988 298
1989 205
1990 216
1991 206
1992 205
1993 165
1994 133
1995 111
1996 108
1997 93
1998 85
1999 72
2000 73
2001 49
2002 37
2003 39
2004 33
2005 38
2006 20
2007 17
2008 19
2009 28
2010 25
2011 19
2012 15
2013 22
2014 21
2015 21
2016 17
2017 22
2018 22
2019 16
2020 26
2021 17
2022 12
2023 17
2024 19
2025 11
2026 16
2027 16
2028 15
2029 26
2030 16
2031 13
2032 12
2033 20
2034 27
2035 18
2036 15
2037 13
2038 20
2039 14
2040 13
2041 16
2042 14
2043 15
2044 11
2045 16
2046 13
2047 16
2048 28
2049 19
2050 22
2051 18
2052 21
2053 8
2054 17
2055 14
2056 13
2057 21
2058 17
2059 18
2060 19
2061 17
2062 10
2063 18
2064 21
2065 23
2066 15
2067 9
2068 20
2069 21
2070 17
2071 24
2072 19
2073 22
2074 21
2075 15
2076 20
2077 17
2078 17
2079 19
2080 15
2081 19
2082 20
2083 10
2084 15
2085 17
2086 20
2087 14
2088 20
2089 26
2090 19
2091 15
2092 25
2093 13
2094 16
2095 14
2096 15
2097 19
2098 22
2099 14
2100 13
2101 9
2102 15
2103 22
2104 15
2105 20
2106 22
2107 19
2108 17
2109 21
2110 16
2111 12
2112 13
2113 14
2114 18
2115 14
2116 12
2117 15
2118 24
2119 19
2120 9
2121 16
2122 7
2123 20
2124 18
2125 15
2126 10
2127 14
2128 18
2129 11
2130 16
2131 19
2132 16
2133 14
2134 14
2135 18
2136 24
2137 15
2138 13
2139 18
2140 18
2141 12
2142 21
2143 30
2144 22
2145 19
2146 15
2147 16
2148 23
2149 19
2150 13
2151 23
2152 28
2153 21
2154 29
2155 18
2156 28
2157 24
2158 30
2159 26
2160 29
2161 22
2162 38
2163 49
2164 31
2165 37
2166 42
2167 39
2168 46
2169 43
2170 59
2171 53
2172 63
2173 66
2174 52
2175 63
2176 80
2177 82
2178 73
2179 76
2180 85
2181 73
2182 75
2183 62
2184 98
2185 70
2186 95
2187 93
2188 62
2189 66
2190 72
2191 58
2192 46
2193 53
2194 28
2195 27
2196 27
2197 20
2198 21
2199 20
2200 21
2201 19
2202 20
2203 16
2204 13
2205 16
2206 15
2207 16
2208 12
2209 18
2210 17
2211 25
2212 14
2213 14
2214 26
2215 10
2216 16
2217 21
2218 12
2219 14
2220 14
2221 12
2222 11
2223 18
2224 21
2225 16
2226 12
2227 14
2228 10
2229 11
2230 16
2231 15
2232 14
2233 13
2234 13
2235 11
2236 15
2237 20
2238 17
2239 15
2240 16
2241 10
2242 12
2243 18
2244 22
2245 9
2246 12
2247 16
2248 16
2249 9
2250 12
2251 13
2252 14
2253 19
2254 15
2255 8
2256 18
2257 8
2258 16
2259 12
2260 16
2261 14
2262 10
2263 19
2264 12
2265 13
2266 14
2267 8
2268 16
2269 18
2270 13
2271 9
2272 15
2273 23
2274 16
2275 16
2276 17
2277 13
2278 12
2279 14
2280 9
2281 12
2282 15
2283 13
2284 20
2285 6
2286 19
2287 14
2288 22
2289 17
2290 20
2291 21
2292 13
2293 14
2294 15
2295 19
2296 13
2297 13
2298 10
2299 12
2300 14
2301 22
2302 14
2303 7
2304 8
2305 15
2306 11
2307 13
2308 14
2309 12
2310 9
2311 17
2312 19
2313 8
2314 11
2315 12
2316 14
2317 9
2318 9
2319 15
2320 14
2321 11
2322 12
2323 17
2324 14
2325 13
2326 15
2327 18
2328 14
2329 8
2330 14
2331 9
2332 10
2333 12
2334 21
2335 11
2336 7
2337 13
2338 16
2339 20
2340 15
2341 17
2342 17
2343 16
2344 17
2345 18
2346 15
2347 18
2348 14
2349 11
2350 17
2351 13
2352 16
2353 16
2354 13
2355 12
2356 13
2357 11
2358 16
2359 12
2360 13
2361 9
2362 22
2363 13
2364 19
2365 17
2366 12
2367 5
2368 9
2369 18
2370 20
2371 11
2372 11
2373 14
2374 15
2375 13
2376 9
2377 14
2378 16
2379 16
2380 10
2381 9
2382 14
2383 8
2384 13
2385 10
2386 11
2387 16
2388 18
2389 11
2390 18
2391 7
2392 15
2393 14
2394 15
2395 17
2396 16
2397 18
2398 17
2399 10
2400 16
2401 12
2402 11
2403 15
2404 16
2405 16
2406 12
2407 8
2408 14
2409 14
2410 10
2411 11
2412 8
2413 10
2414 10
2415 16
2416 18
2417 15
2418 12
2419 9
2420 13
2421 15
2422 14
2423 6
2424 7
2425 13
2426 12
2427 14
2428 14
2429 11
2430 14
2431 19
2432 18
2433 13
2434 17
2435 15
2436 16
2437 11
2438 13
2439 11
2440 23
2441 17
2442 16
2443 14
2444 17
2445 32
2446 22
2447 23
2448 32
2449 32
2450 38
2451 35
2452 33
2453 43
2454 24
2455 32
2456 39
2457 53
2458 62
2459 54
2460 51
2461 42
2462 48
2463 56
2464 65
2465 66
2466 51
2467 72
2468 56
2469 46
2470 49
2471 51
2472 47
2473 47
2474 52
2475 40
2476 35
2477 33
2478 33
2479 28
2480 31
2481 23
2482 16
2483 23
2484 15
2485 15
2486 17
2487 15
2488 16
2489 14
2490 18
2491 14
2492 14
2493 17
2494 14
2495 8
2496 15
2497 12
2498 12
2499 14
2500 12
2501 15
2502 14
2503 15
2504 14
2505 21
2506 20
2507 17
2508 13
2509 9
2510 12
2511 8
2512 8
2513 9
2514 9
2515 14
2516 6
2517 10
2518 11
2519 15
2520 7
2521 10
2522 4
2523 13
2524 14
2525 10
2526 12
2527 17
2528 12
2529 11
2530 14
2531 16
2532 15
2533 10
2534 22
2535 12
2536 8
2537 21
2538 13
2539 15
2540 19
2541 20
2542 23
2543 24
2544 23
2545 34
2546 29
2547 40
2548 47
2549 55
2550 46
2551 58
2552 44
2553 41
2554 43
2555 41
2556 42
2557 43
2558 33
2559 35
