0 42
1 29
2 36
3 31
4 35
5 32
6 33
7 35
8 38
9 32
10 34
11 44
12 29
13 36
14 39
15 35
16 44
17 35
18 32
19 35
20 24
21 33
22 25
23 32
24 30
25 33
26 26
27 37
28 33
29 37
30 30
31 21
32 35
33 37
34 33
35 23
36 23
37 42
38 34
39 35
40 40
41 29
42 32
43 32
44 27
45 34
46 40
47 31
48 25
49 32
50 27
51 44
52 23
53 37
54 34
55 53
56 30
57 35
58 37
59 34
60 38
61 24
62 37
63 25
64 39
65 33
66 37
67 36
68 32
69 50
70 46
71 26
72 38
73 31
74 38
75 42
76 25
77 29
78 40
79 41
80 26
81 23
82 24
83 23
84 29
85 28
86 18
87 25
88 38
89 27
90 35
91 36
92 31
93 26
94 25
95 25
96 22
97 29
98 30
99 38
100 32
101 38
102 31
103 25
104 31
105 34
106 38
107 40
108 28
109 32
110 45
111 37
112 26
113 33
114 33
115 31
116 29
117 28
118 37
119 38
120 32
121 33
122 28
123 31
124 39
125 41
126 30
127 31
128 42
129 30
130 33
131 32
132 38
133 34
134 34
135 38
136 17
137 40
138 27
139 39
140 40
141 26
142 33
143 36
144 42
145 28
146 26
147 32
148 35
149 29
150 31
151 50
152 35
153 37
154 39
155 35
156 31
157 21
158 28
159 40
160 31
161 50
162 41
163 45
164 32
165 34
166 47
167 28
168 36
169 33
170 31
171 37
172 29
173 30
174 28
175 44
176 31
177 27
178 22
179 28
180 35
181 47
182 30
183 35
184 41
185 33
186 38
187 37
188 34
189 33
190 36
191 25
192 35
193 29
194 33
195 39
196 26
197 38
198 45
199 37
200 35
201 31
202 47
203 31
204 30
205 39
206 32
207 28
208 29
209 29
210 41
211 39
212 35
213 45
214 26
215 33
216 44
217 35
218 43
219 40
220 40
221 38
222 40
223 28
224 32
225 41
226 30
227 51
228 30
229 41
230 44
231 33
232 37
233 34
234 33
235 29
236 24
237 31
238 32
239 45
240 36
241 37
242 39
243 35
244 33
245 43
246 34
247 34
248 33
249 35
250 32
251 42
252 40
253 29
254 33
255 39
256 39
257 43
258 33
259 44
260 42
261 27
262 44
263 37
264 36
265 41
266 47
267 37
268 32
269 30
270 40
271 30
272 41
273 47
274 27
275 37
276 34
277 36
278 43
279 33
280 40
281 43
282 49
283 28
284 36
285 47
286 42
287 38
288 49
289 27
290 47
291 49
292 33
293 50
294 43
295 36
296 38
297 53
298 46
299 32
300 30
301 38
302 34
303 27
304 33
305 43
306 37
307 37
308 35
309 44
310 46
311 37
312 42
313 32
314 47
315 48
316 34
317 39
318 34
319 35
320 39
321 38
322 40
323 38
324 36
325 38
326 37
327 34
328 34
329 48
330 37
331 40
332 38
333 36
334 48
335 36
336 44
337 29
338 37
339 30
340 39
341 37
342 39
343 27
344 29
345 34
346 39
347 41
348 30
349 32
350 52
351 27
352 35
353 41
354 35
355 39
356 32
357 38
358 41
359 37
360 45
361 47
362 46
363 37
364 59
365 43
366 43
367 43
368 40
369 47
370 43
371 44
372 44
373 30
374 30
375 39
376 41
377 37
378 34
379 37
380 46
381 38
382 33
383 49
384 30
385 42
386 55
387 45
388 43
389 44
390 53
391 39
392 38
393 39
394 42
395 43
396 34
397 40
398 24
399 42
400 36
401 40
402 35
403 43
404 44
405 35
406 38
407 41
408 45
409 38
410 55
411 35
412 38
413 36
414 37
415 30
416 42
417 50
418 36
419 45
420 33
421 33
422 28
423 42
424 40
425 43
426 37
427 45
428 47
429 43
430 45
431 40
432 50
433 34
434 42
435 40
436 38
437 37
438 43
439 47
440 31
441 35
442 26
443 31
444 37
445 36
446 37
447 41
448 34
449 35
450 34
451 37
452 28
453 38
454 46
455 36
456 50
457 48
458 38
459 44
460 38
461 49
462 31
463 38
464 50
465 39
466 42
467 34
468 50
469 55
470 42
471 29
472 33
473 28
474 36
475 52
476 42
477 45
478 47
479 46
480 33
481 37
482 33
483 40
484 41
485 46
486 54
487 38
488 34
489 40
490 36
491 43
492 37
493 43
494 40
495 42
496 36
497 53
498 46
499 55
500 53
501 43
502 39
503 45
504 59
505 45
506 58
507 52
508 45
509 46
510 45
511 45
512 58
513 48
514 60
515 53
516 62
517 58
518 69
519 72
520 100
521 128
522 160
523 121
524 106
525 112
526 97
527 126
528 97
529 81
530 91
531 79
532 111
533 126
534 126
535 149
536 159
537 118
538 96
539 111
540 92
541 74
542 73
543 70
544 57
545 57
546 49
547 32
548 44
549 39
550 43
551 46
552 51
553 43
554 35
555 44
556 36
557 26
558 38
559 54
560 38
561 47
562 32
563 44
564 43
565 30
566 43
567 28
568 40
569 29
570 30
571 41
572 38
573 35
574 42
575 45
576 37
577 47
578 37
579 36
580 46
581 24
582 48
583 35
584 32
585 41
586 33
587 38
588 34
589 33
590 43
591 36
592 42
593 37
594 43
595 43
596 43
597 43
598 37
599 35
600 39
601 31
602 30
603 30
604 41
605 41
606 33
607 47
608 44
609 35
610 40
611 41
612 47
613 35
614 38
615 36
616 36
617 54
618 49
619 47
620 41
621 42
622 49
623 37
624 25
625 41
626 31
627 31
628 45
629 42
630 52
631 30
632 31
633 42
634 38
635 32
636 49
637 34
638 35
639 33
640 42
641 52
642 47
643 45
644 35
645 44
646 53
647 38
648 50
649 43
650 42
651 41
652 34
653 41
654 52
655 47
656 39
657 35
658 35
659 39
660 36
661 41
662 47
663 42
664 32
665 45
666 33
667 40
668 44
669 46
670 42
671 42
672 41
673 39
674 36
675 38
676 39
677 42
678 34
679 39
680 31
681 46
682 39
683 30
684 54
685 37
686 41
687 45
688 40
689 35
690 47
691 47
692 40
693 43
694 34
695 42
696 55
697 47
698 31
699 29
700 27
701 42
702 44
703 42
704 31
705 43
706 42
707 31
708 37
709 41
710 45
711 48
712 40
713 36
714 42
715 30
716 29
717 42
718 40
719 42
720 34
721 45
722 26
723 30
724 35
725 31
726 25
727 29
728 34
729 41
730 40
731 46
732 28
733 36
734 40
735 40
736 26
737 32
738 39
739 48
740 40
741 32
742 37
743 33
744 45
745 39
746 30
747 39
748 42
749 35
750 39
751 34
752 38
753 48
754 49
755 31
756 41
757 55
758 34
759 26
760 33
761 47
762 46
763 46
764 34
765 31
766 48
767 37
768 39
769 48
770 31
771 41
772 35
773 36
774 37
775 26
776 43
777 36
778 33
779 38
780 37
781 36
782 45
783 43
784 38
785 38
786 30
787 35
788 29
789 40
790 28
791 22
792 45
793 43
794 37
795 34
796 43
797 39
798 43
799 47
800 47
801 41
802 37
803 55
804 37
805 49
806 35
807 38
808 47
809 44
810 54
811 48
812 49
813 29
814 33
815 41
816 28
817 34
818 35
819 43
820 47
821 25
822 33
823 42
824 41
825 29
826 43
827 42
828 44
829 31
830 32
831 34
832 35
833 40
834 37
835 46
836 38
837 46
838 39
839 45
840 37
841 40
842 41
843 32
844 37
845 29
846 33
847 44
848 43
849 31
850 44
851 37
852 34
853 31
854 48
855 40
856 42
857 51
858 29
859 38
860 32
861 48
862 36
863 48
864 38
865 37
866 35
867 30
868 47
869 40
870 33
871 34
872 32
873 27
874 36
875 50
876 35
877 28
878 42
879 43
880 40
881 42
882 38
883 41
884 37
885 38
886 37
887 31
888 43
889 35
890 37
891 40
892 41
893 29
894 46
895 46
896 29
897 35
898 29
899 30
900 42
901 37
902 34
903 29
904 30
905 41
906 44
907 35
908 33
909 30
910 37
911 32
912 35
913 37
914 21
915 41
916 40
917 49
918 24
919 46
920 40
921 34
922 42
923 39
924 33
925 39
926 42
927 24
928 33
929 22
930 32
931 34
932 36
933 45
934 25
935 33
936 38
937 19
938 35
939 35
940 42
941 31
942 19
943 27
944 34
945 34
946 34
947 30
948 42
949 24
950 29
951 32
952 21
953 38
954 35
955 35
956 29
957 33
958 32
959 42
960 28
961 22
962 38
963 27
964 35
965 41
966 37
967 40
968 35
969 33
970 25
971 33
972 31
973 44
974 34
975 39
976 27
977 33
978 32
979 34
980 37
981 33
982 37
983 34
984 35
985 34
986 27
987 33
988 27
989 22
990 42
991 45
992 44
993 29
994 29
995 35
996 45
997 29
998 29
999 30
1000 27
1001 43
1002 51
1003 35
1004 45
1005 40
1006 39
1007 42
1008 34
1009 46
1010 39
1011 40
1012 35
1013 25
1014 39
1015 36
1016 40
1017 38
1018 38
1019 36
1020 33
1021 38
1022 37
1023 37
1024 43
1025 55
1026 53
1027 60
1028 72
1029 73
1030 61
1031 78
1032 78
1033 78
1034 93
1035 80
1036 138
1037 164
1038 226
1039 206
1040 226
1041 218
1042 287
1043 307
1044 357
1045 402
1046 429
1047 443
1048 494
1049 447
1050 369
1051 474
1052 540
1053 418
1054 408
1055 394
1056 367
1057 271
1058 221
1059 179
1060 154
1061 92
1062 41
1063 46
1064 50
1065 34
1066 42
1067 43
1068 48
1069 19
1070 36
1071 37
1072 36
1073 42
1074 41
1075 38
1076 31
1077 40
1078 45
1079 34
1080 35
1081 35
1082 38
1083 29
1084 34
1085 36
1086 39
1087 32
1088 38
1089 43
1090 33
1091 35
1092 30
1093 47
1094 34
1095 32
1096 29
1097 37
1098 51
1099 31
1100 37
1101 41
1102 41
1103 43
1104 34
1105 35
1106 33
1107 24
1108 37
1109 33
1110 38
1111 26
1112 36
1113 40
1114 33
1115 26
1116 33
1117 33
1118 36
1119 33
1120 43
1121 31
1122 30
1123 41
1124 24
1125 31
1126 39
1127 30
1128 35
1129 40
1130 39
1131 44
1132 35
1133 36
1134 25
1135 36
1136 26
1137 30
1138 32
1139 36
1140 33
1141 32
1142 30
1143 29
1144 39
1145 28
1146 35
1147 29
1148 42
1149 29
1150 26
1151 41
1152 27
1153 39
1154 27
1155 33
1156 37
1157 29
1158 32
1159 34
1160 28
1161 34
1162 40
1163 33
1164 35
1165 31
1166 29
1167 34
1168 24
1169 47
1170 65
1171 106
1172 78
1173 73
1174 62
1175 58
1176 53
1177 52
1178 51
1179 60
1180 79
1181 56
1182 53
1183 56
1184 66
1185 65
1186 54
1187 50
1188 64
1189 54
1190 43
1191 37
1192 42
1193 37
1194 43
1195 42
1196 43
1197 35
1198 23
1199 37
1200 31
1201 31
1202 38
1203 30
1204 40
1205 22
1206 30
1207 31
1208 35
1209 35
1210 28
1211 43
1212 28
1213 31
1214 37
1215 38
1216 33
1217 38
1218 31
1219 36
1220 23
1221 20
1222 37
1223 38
1224 22
1225 28
1226 29
1227 31
1228 29
1229 30
1230 38
1231 39
1232 33
1233 35
1234 28
1235 34
1236 28
1237 40
1238 34
1239 34
1240 26
1241 29
1242 34
1243 37
1244 26
1245 34
1246 36
1247 34
1248 32
1249 33
1250 26
1251 42
1252 28
1253 29
1254 39
1255 20
1256 23
1257 28
1258 36
1259 31
1260 26
1261 36
1262 40
1263 36
1264 34
1265 21
1266 25
1267 25
1268 21
1269 27
1270 25
1271 15
1272 18
1273 29
1274 18
1275 16
1276 14
1277 17
1278 12
1279 21
1280 30
1281 29
1282 29
1283 27
1284 25
1285 25
1286 27
1287 32
1288 31
1289 31
1290 31
1291 25
1292 26
1293 27
1294 24
1295 21
1296 25
1297 23
1298 21
1299 29
1300 25
1301 21
1302 14
1303 31
1304 22
1305 25
1306 29
1307 28
1308 22
1309 21
1310 29
1311 19
1312 31
1313 31
1314 43
1315 30
1316 58
1317 45
1318 46
1319 56
1320 80
1321 51
1322 69
1323 78
1324 87
1325 86
1326 117
1327 100
1328 133
1329 169
1330 178
1331 124
1332 192
1333 299
1334 317
1335 267
1336 217
1337 156
1338 198
1339 181
1340 239
1341 199
1342 144
1343 112
1344 79
1345 77
1346 76
1347 65
1348 84
1349 53
1350 35
1351 33
1352 27
1353 26
1354 28
1355 30
1356 31
1357 43
1358 35
1359 31
1360 20
1361 24
1362 20
1363 24
1364 23
1365 20
1366 39
1367 19
1368 31
1369 26
1370 26
1371 27
1372 19
1373 29
1374 25
1375 31
1376 17
1377 18
1378 19
1379 27
1380 23
1381 20
1382 23
1383 11
1384 29
1385 22
1386 24
1387 24
1388 26
1389 22
1390 16
1391 19
1392 18
1393 26
1394 19
1395 16
1396 23
1397 29
1398 34
1399 28
1400 25
1401 26
1402 25
1403 24
1404 17
1405 17
1406 23
1407 30
1408 16
1409 18
1410 21
1411 28
1412 25
1413 30
1414 28
1415 21
1416 20
1417 16
1418 34
1419 24
1420 24
1421 20
1422 19
1423 22
1424 18
1425 24
1426 22
1427 22
1428 21
1429 28
1430 20
1431 16
1432 19
1433 26
1434 28
1435 23
1436 22
1437 18
1438 24
1439 20
1440 19
1441 19
1442 21
1443 22
1444 28
1445 23
1446 22
1447 24
1448 19
1449 22
1450 22
1451 24
1452 16
1453 23
1454 23
1455 22
1456 22
1457 23
1458 24
1459 17
1460 23
1461 24
1462 20
1463 14
1464 16
1465 21
1466 32
1467 22
1468 26
1469 28
1470 20
1471 17
1472 30
1473 15
1474 18
1475 30
1476 28
1477 29
1478 30
1479 23
1480 29
1481 24
1482 27
1483 14
1484 27
1485 26
1486 27
1487 16
1488 18
1489 24
1490 21
1491 22
1492 20
1493 25
1494 18
1495 14
1496 19
1497 14
1498 17
1499 23
1500 20
1501 19
1502 24
1503 16
1504 20
1505 17
1506 28
1507 27
1508 24
1509 18
1510 26
1511 21
1512 17
1513 29
1514 22
1515 20
1516 14
1517 23
1518 20
1519 29
1520 20
1521 20
1522 24
1523 20
1524 20
1525 26
1526 19
1527 16
1528 30
1529 28
1530 17
1531 23
1532 27
1533 22
1534 34
1535 29
1536 21
1537 16
1538 24
1539 31
1540 14
1541 19
1542 21
1543 19
1544 19
1545 24
1546 22
1547 20
1548 17
1549 18
1550 23
1551 27
1552 24
1553 23
1554 17
1555 22
1556 21
1557 16
1558 12
1559 16
1560 28
1561 23
1562 29
1563 20
1564 15
1565 19
1566 25
1567 18
1568 14
1569 12
1570 19
1571 16
1572 15
1573 18
1574 19
1575 14
1576 21
1577 17
1578 25
1579 29
1580 18
1581 21
1582 22
1583 18
1584 29
1585 18
1586 17
1587 24
1588 33
1589 22
1590 20
1591 17
1592 19
1593 13
1594 27
1595 12
1596 19
1597 17
1598 25
1599 16
1600 18
1601 20
1602 23
1603 14
1604 26
1605 22
1606 26
1607 12
1608 25
1609 21
1610 29
1611 22
1612 19
1613 19
1614 17
1615 27
1616 25
1617 23
1618 19
1619 18
1620 19
1621 11
1622 15
1623 14
1624 13
1625 23
1626 16
1627 17
1628 23
1629 18
1630 26
1631 20
1632 18
1633 14
1634 15
1635 8
1636 24
1637 19
1638 17
1639 18
1640 14
1641 23
1642 17
1643 18
1644 15
1645 11
1646 23
1647 25
1648 20
1649 24
1650 15
1651 14
1652 21
1653 15
1654 21
1655 20
1656 19
1657 28
1658 17
1659 16
1660 26
1661 15
1662 14
1663 18
1664 26
1665 26
1666 23
1667 22
1668 20
1669 24
1670 30
1671 22
1672 13
1673 16
1674 13
1675 10
1676 19
1677 21
1678 21
1679 10
1680 19
1681 19
1682 28
1683 18
1684 22
1685 21
1686 16
1687 17
1688 17
1689 22
1690 28
1691 13
1692 24
1693 18
1694 16
1695 22
1696 19
1697 16
1698 20
1699 20
1700 21
1701 16
1702 20
1703 21
1704 14
1705 18
1706 10
1707 24
1708 17
1709 24
1710 13
1711 19
1712 19
1713 25
1714 14
1715 22
1716 13
1717 24
1718 21
1719 12
1720 26
1721 24
1722 20
1723 22
1724 25
1725 22
1726 21
1727 22
1728 17
1729 18
1730 25
1731 18
1732 23
1733 17
1734 15
1735 16
1736 23
1737 19
1738 17
1739 18
1740 23
1741 22
1742 29
1743 16
1744 23
1745 19
1746 27
1747 27
1748 20
1749 19
1750 12
1751 21
1752 16
1753 20
1754 17
1755 16
1756 17
1757 22
1758 17
1759 25
1760 15
1761 25
1762 27
1763 21
1764 21
1765 15
1766 23
1767 16
1768 16
1769 23
1770 28
1771 27
1772 23
1773 27
1774 24
1775 22
1776 29
1777 26
1778 20
1779 34
1780 46
1781 50
1782 60
1783 83
1784 111
1785 126
1786 157
1787 157
1788 105
1789 105
1790 90
1791 76
1792 105
1793 77
1794 77
1795 81
1796 88
1797 114
1798 129
1799 114
1800 103
1801 84
1802 58
1803 69
1804 77
1805 65
1806 39
1807 35
1808 46
1809 47
1810 39
1811 41
1812 29
1813 18
1814 21
1815 22
1816 23
1817 16
1818 29
1819 29
1820 23
1821 14
1822 13
1823 22
1824 14
1825 22
1826 20
1827 18
1828 21
1829 23
1830 25
1831 19
1832 20
1833 20
1834 23
1835 19
1836 15
1837 14
1838 19
1839 26
1840 17
1841 25
1842 18
1843 14
1844 11
1845 22
1846 16
1847 19
1848 21
1849 15
1850 14
1851 21
1852 17
1853 19
1854 23
1855 22
1856 26
1857 26
1858 19
1859 21
1860 16
1861 18
1862 17
1863 13
1864 15
1865 20
1866 21
1867 15
1868 16
1869 19
1870 22
1871 21
1872 17
1873 17
1874 21
1875 18
1876 24
1877 22
1878 15
1879 13
1880 14
1881 19
1882 22
1883 21
1884 17
1885 15
1886 27
1887 19
1888 20
1889 17
1890 18
1891 14
1892 23
1893 15
1894 16
1895 16
1896 16
1897 24
1898 19
1899 18
1900 17
1901 19
1902 17
1903 10
1904 21
1905 17
1906 22
1907 17
1908 25
1909 12
1910 28
1911 26
1912 20
1913 14
1914 24
1915 14
1916 18
1917 20
1918 19
1919 13
1920 16
1921 22
1922 18
1923 9
1924 23
1925 12
1926 14
1927 17
1928 24
1929 21
1930 18
1931 18
1932 16
1933 25
1934 18
1935 15
1936 19
1937 23
1938 18
1939 24
1940 14
1941 16
1942 26
1943 18
1944 31
1945 15
1946 9
1947 15
1948 21
1949 21
1950 18
1951 19
1952 20
1953 12
1954 17
1955 18
1956 21
1957 22
1958 19
1959 22
1960 14
1961 21
1962 23
1963 18
1964 7
1965 12
1966 19
1967 27
1968 24
1969 17
1970 20
1971 11
1972 15
1973 14
1974 16
1975 15
1976 16
1977 18
1978 22
1979 19
1980 20
1981 18
1982 21
1983 10
1984 16
1985 17
1986 11
1987 23
1988 19
1989 21
1990 18
1991 14
1992 15
1993 14
1994 29
1995 18
1996 21
1997 19
1998 21
1999 23
2000 22
2001 23
2002 25
2003 21
2004 24
2005 13
2006 17
2007 18
2008 16
2009 26
2010 21
2011 20
2012 20
2013 19
2014 18
2015 20
2016 35
2017 17
2018 28
2019 34
2020 17
2021 26
2022 30
2023 22
2024 34
2025 37
2026 47
2027 41
2028 36
2029 60
2030 71
2031 83
2032 76
2033 85
2034 108
2035 116
2036 180
2037 206
2038 239
2039 221
2040 235
2041 220
2042 249
2043 330
2044 259
2045 274
2046 301
2047 359
2048 338
2049 273
2050 291
2051 314
2052 394
2053 385
2054 417
2055 310
2056 307
2057 272
2058 289
2059 204
2060 202
2061 149
2062 150
2063 118
2064 129
2065 114
2066 65
2067 76
2068 50
2069 45
2070 35
2071 43
2072 33
2073 21
2074 23
2075 20
2076 19
2077 34
2078 26
2079 25
2080 16
2081 13
2082 22
2083 17
2084 20
2085 16
2086 16
2087 14
2088 17
2089 22
2090 18
2091 17
2092 10
2093 21
2094 18
2095 22
2096 21
2097 12
2098 17
2099 18
2100 9
2101 17
2102 16
2103 19
2104 16
2105 17
2106 7
2107 14
2108 16
2109 14
2110 19
2111 14
2112 17
2113 10
2114 12
2115 17
2116 16
2117 14
2118 15
2119 8
2120 16
2121 11
2122 14
2123 14
2124 18
2125 16
2126 21
2127 19
2128 18
2129 21
2130 16
2131 25
2132 17
2133 15
2134 16
2135 19
2136 12
2137 23
2138 18
2139 15
2140 18
2141 20
2142 8
2143 17
2144 11
2145 12
2146 16
2147 23
2148 15
2149 14
2150 19
2151 17
2152 17
2153 19
2154 21
2155 11
2156 17
2157 14
2158 17
2159 26
2160 15
2161 23
2162 13
2163 16
2164 20
2165 14
2166 18
2167 11
2168 14
2169 21
2170 15
2171 18
2172 9
2173 15
2174 19
2175 14
2176 23
2177 22
2178 21
2179 13
2180 15
2181 16
2182 14
2183 12
2184 10
2185 11
2186 12
2187 11
2188 10
2189 12
2190 18
2191 18
2192 11
2193 20
2194 15
2195 12
2196 11
2197 14
2198 13
2199 14
2200 13
2201 9
2202 16
2203 12
2204 19
2205 8
2206 16
2207 15
2208 17
2209 11
2210 16
2211 20
2212 16
2213 18
2214 16
2215 13
2216 16
2217 14
2218 17
2219 13
2220 16
2221 27
2222 15
2223 12
2224 21
2225 25
2226 18
2227 28
2228 27
2229 15
2230 21
2231 27
2232 27
2233 29
2234 36
2235 47
2236 33
2237 36
2238 49
2239 44
2240 45
2241 49
2242 65
2243 63
2244 51
2245 95
2246 84
2247 80
2248 86
2249 56
2250 56
2251 73
2252 103
2253 101
2254 93
2255 89
2256 78
2257 72
2258 71
2259 74
2260 43
2261 46
2262 45
2263 47
2264 43
2265 36
2266 30
2267 36
2268 29
2269 25
2270 37
2271 25
2272 27
2273 21
2274 18
2275 18
2276 15
2277 20
2278 16
2279 10
2280 17
2281 14
2282 11
2283 11
2284 13
2285 12
2286 11
2287 16
2288 10
2289 14
2290 13
2291 8
2292 14
2293 14
2294 16
2295 15
2296 18
2297 10
2298 6
2299 18
2300 11
2301 14
2302 19
2303 23
2304 18
2305 12
2306 17
2307 15
2308 9
2309 18
2310 13
2311 10
2312 10
2313 13
2314 12
2315 12
2316 8
2317 12
2318 11
2319 7
2320 19
2321 11
2322 10
2323 10
2324 14
2325 13
2326 19
2327 15
2328 11
2329 17
2330 22
2331 16
2332 11
2333 22
2334 11
2335 13
2336 12
2337 16
2338 7
2339 17
2340 13
2341 17
2342 12
2343 16
2344 16
2345 19
2346 12
2347 14
2348 14
2349 10
2350 17
2351 6
2352 11
2353 14
2354 19
2355 10
2356 12
2357 18
2358 10
2359 12
2360 9
2361 16
2362 17
2363 14
2364 10
2365 15
2366 8
2367 17
2368 18
2369 15
2370 12
2371 16
2372 20
2373 12
2374 11
2375 17
2376 12
2377 10
2378 15
2379 17
2380 8
2381 9
2382 7
2383 12
2384 10
2385 13
2386 10
2387 19
2388 7
2389 17
2390 15
2391 7
2392 13
2393 11
2394 10
2395 10
2396 13
2397 8
2398 11
2399 19
2400 13
2401 12
2402 13
2403 11
2404 19
2405 5
2406 16
2407 8
2408 10
2409 9
2410 7
2411 10
2412 15
2413 10
2414 9
2415 13
2416 11
2417 16
2418 17
2419 13
2420 16
2421 12
2422 9
2423 11
2424 13
2425 12
2426 7
2427 9
2428 13
2429 14
2430 13
2431 16
2432 8
2433 15
2434 18
2435 14
2436 16
2437 13
2438 14
2439 10
2440 12
2441 9
2442 12
2443 8
2444 20
2445 13
2446 6
2447 16
2448 13
2449 12
2450 11
2451 18
2452 12
2453 13
2454 14
2455 15
2456 14
2457 9
2458 12
2459 17
2460 15
2461 13
2462 12
2463 15
2464 13
2465 10
2466 11
2467 12
2468 14
2469 19
2470 16
2471 9
2472 13
2473 11
2474 18
2475 19
2476 16
2477 10
2478 8
2479 17
2480 7
2481 11
2482 10
2483 12
2484 14
2485 16
2486 11
2487 5
2488 7
2489 8
2490 11
2491 13
2492 17
2493 14
2494 14
2495 11
2496 15
2497 8
2498 11
2499 12
2500 10
2501 10
2502 10
2503 18
2504 14
2505 14
2506 15
2507 14
2508 10
2509 17
2510 16
2511 18
2512 17
2513 25
2514 17
2515 14
2516 21
2517 19
2518 20
2519 19
2520 22
2521 31
2522 18
2523 18
2524 23
2525 22
2526 28
2527 25
2528 32
2529 34
2530 36
2531 32
2532 41
2533 28
2534 45
2535 42
2536 53
2537 42
2538 40
2539 33
2540 35
2541 49
2542 42
2543 50
2544 68
2545 49
2546 68
2547 50
2548 74
2549 87
2550 87
2551 53
2552 36
2553 38
2554 42
2555 37
2556 37
2557 39
2558 38
2559 28
