0 46
1 26
2 27
3 34
4 37
5 36
6 36
7 45
8 32
9 45
10 42
11 35
12 28
13 35
14 43
15 42
16 37
17 25
18 42
19 45
20 28
21 30
22 42
23 34
24 39
25 28
26 36
27 35
28 42
29 38
30 34
31 32
32 31
33 40
34 34
35 37
36 34
37 38
38 34
39 39
40 38
41 40
42 38
43 27
44 37
45 56
46 37
47 46
48 35
49 36
50 48
51 39
52 37
53 36
54 38
55 36
56 32
57 39
58 36
59 41
60 33
61 39
62 37
63 26
64 32
65 32
66 39
67 37
68 36
69 34
70 48
71 33
72 35
73 26
74 35
75 37
76 42
77 36
78 47
79 31
80 32
81 40
82 42
83 47
84 46
85 35
86 36
87 35
88 22
89 41
90 30
91 37
92 32
93 29
94 27
95 32
96 33
97 40
98 30
99 38
100 35
101 28
102 23
103 40
104 38
105 28
106 31
107 31
108 33
109 33
110 39
111 41
112 35
113 50
114 43
115 31
116 37
117 41
118 28
119 35
120 34
121 45
122 43
123 33
124 45
125 51
126 23
127 39
128 39
129 39
130 34
131 43
132 32
133 36
134 44
135 45
136 37
137 31
138 44
139 53
140 43
141 53
142 36
143 38
144 36
145 33
146 40
147 46
148 34
149 38
150 24
151 42
152 34
153 49
154 52
155 37
156 38
157 35
158 43
159 51
160 43
161 45
162 39
163 40
164 47
165 39
166 35
167 36
168 34
169 30
170 35
171 37
172 31
173 34
174 40
175 33
176 29
177 44
178 40
179 37
180 44
181 44
182 40
183 54
184 39
185 50
186 37
187 44
188 41
189 34
190 48
191 32
192 35
193 44
194 36
195 36
196 33
197 27
198 54
199 37
200 41
201 47
202 26
203 51
204 41
205 42
206 33
207 45
208 46
209 44
210 45
211 46
212 37
213 39
214 44
215 40
216 48
217 42
218 40
219 30
220 38
221 41
222 44
223 40
224 45
225 43
226 37
227 33
228 31
229 41
230 50
231 37
232 41
233 48
234 42
235 29
236 40
237 42
238 50
239 34
240 30
241 30
242 40
243 41
244 44
245 35
246 31
247 38
248 50
249 42
250 42
251 33
252 49
253 39
254 43
255 37
256 36
257 44
258 32
259 40
260 45
261 35
262 42
263 43
264 41
265 37
266 37
267 38
268 52
269 49
270 33
271 48
272 46
273 42
274 37
275 36
276 46
277 40
278 35
279 36
280 35
281 53
282 50
283 41
284 45
285 51
286 43
287 44
288 41
289 31
290 48
291 34
292 43
293 33
294 50
295 34
296 33
297 46
298 39
299 33
300 39
301 32
302 36
303 46
304 29
305 35
306 33
307 39
308 42
309 51
310 53
311 42
312 45
313 43
314 25
315 31
316 44
317 46
318 40
319 40
320 49
321 40
322 60
323 47
324 44
325 50
326 52
327 38
328 43
329 45
330 45
331 31
332 54
333 40
334 43
335 62
336 45
337 27
338 38
339 41
340 51
341 54
342 48
343 42
344 35
345 34
346 42
347 25
348 45
349 51
350 40
351 30
352 45
353 39
354 39
355 46
356 46
357 39
358 42
359 46
360 37
361 42
362 41
363 44
364 39
365 40
366 61
367 36
368 37
369 46
370 45
371 40
372 35
373 29
374 44
375 51
376 47
377 41
378 36
379 41
380 44
381 45
382 38
383 36
384 39
385 43
386 33
387 29
388 45
389 46
390 41
391 51
392 46
393 40
394 32
395 49
396 48
397 34
398 62
399 50
400 35
401 42
402 46
403 48
404 57
405 44
406 32
407 43
408 37
409 39
410 43
411 38
412 49
413 39
414 38
415 28
416 52
417 35
418 33
419 33
420 40
421 31
422 50
423 35
424 43
425 44
426 45
427 43
428 34
429 49
430 46
431 51
432 41
433 44
434 45
435 34
436 47
437 39
438 46
439 41
440 41
441 50
442 53
443 53
444 34
445 36
446 36
447 46
448 36
449 45
450 42
451 54
452 34
453 39
454 32
455 43
456 50
457 38
458 36
459 50
460 43
461 46
462 44
463 48
464 42
465 38
466 45
467 54
468 35
469 49
470 48
471 47
472 55
473 63
474 62
475 63
476 54
477 62
478 48
479 40
480 58
481 42
482 50
483 57
484 58
485 57
486 59
487 54
488 61
489 67
490 57
491 80
492 93
493 83
494 100
495 80
496 89
497 88
498 104
499 106
500 96
501 115
502 134
503 106
504 92
505 101
506 99
507 102
508 80
509 100
510 86
511 89
512 87
513 80
514 59
515 45
516 54
517 38
518 41
519 45
520 43
521 44
522 37
523 47
524 41
525 40
526 46
527 45
528 41
529 44
530 36
531 42
532 38
533 43
534 41
535 52
536 35
537 49
538 41
539 35
540 45
541 37
542 47
543 35
544 43
545 41
546 38
547 40
548 46
549 39
550 47
551 43
552 36
553 46
554 37
555 50
556 48
557 51
558 51
559 56
560 44
561 28
562 35
563 62
564 36
565 31
566 39
567 38
568 44
569 52
570 43
571 38
572 49
573 46
574 45
575 32
576 40
577 49
578 38
579 43
580 48
581 44
582 50
583 38
584 41
585 40
586 45
587 44
588 46
589 35
590 49
591 46
592 53
593 32
594 51
595 45
596 39
597 44
598 34
599 41
600 38
601 25
602 42
603 34
604 44
605 41
606 40
607 49
608 42
609 54
610 46
611 46
612 35
613 31
614 31
615 35
616 44
617 41
618 47
619 42
620 53
621 37
622 43
623 39
624 43
625 49
626 43
627 49
628 41
629 44
630 48
631 42
632 39
633 46
634 48
635 37
636 49
637 45
638 49
639 45
640 41
641 45
642 49
643 47
644 61
645 50
646 43
647 45
648 42
649 52
650 32
651 63
652 42
653 52
654 53
655 53
656 59
657 44
658 47
659 40
660 35
661 41
662 39
663 36
664 44
665 51
666 45
667 50
668 44
669 52
670 46
671 48
672 57
673 56
674 46
675 37
676 41
677 46
678 38
679 41
680 47
681 36
682 39
683 40
684 46
685 33
686 37
687 41
688 33
689 53
690 26
691 39
692 44
693 41
694 56
695 36
696 31
697 36
698 42
699 43
700 45
701 39
702 53
703 39
704 46
705 32
706 33
707 43
708 58
709 36
710 44
711 41
712 42
713 49
714 39
715 32
716 41
717 48
718 50
719 44
720 48
721 45
722 40
723 43
724 40
725 43
726 31
727 37
728 44
729 34
730 42
731 30
732 48
733 52
734 61
735 41
736 36
737 27
738 41
739 29
740 29
741 36
742 47
743 40
744 49
745 35
746 35
747 41
748 49
749 40
750 38
751 46
752 40
753 36
754 45
755 34
756 40
757 34
758 42
759 46
760 46
761 35
762 43
763 31
764 29
765 35
766 40
767 36
768 42
769 35
770 31
771 30
772 46
773 28
774 43
775 38
776 35
777 49
778 38
779 36
780 34
781 39
782 39
783 55
784 46
785 46
786 44
787 38
788 42
789 42
790 41
791 38
792 36
793 51
794 39
795 46
796 36
797 35
798 38
799 35
800 48
801 37
802 36
803 33
804 38
805 28
806 29
807 43
808 44
809 40
810 37
811 32
812 36
813 50
814 41
815 35
816 53
817 39
818 51
819 31
820 35
821 33
822 51
823 46
824 48
825 38
826 36
827 37
828 41
829 43
830 41
831 64
832 45
833 60
834 39
835 32
836 35
837 47
838 36
839 46
840 38
841 40
842 46
843 43
844 43
845 48
846 26
847 37
848 50
849 41
850 31
851 47
852 39
853 34
854 39
855 38
856 33
857 41
858 41
859 34
860 43
861 39
862 41
863 37
864 40
865 45
866 51
867 25
868 33
869 18
870 31
871 45
872 31
873 35
874 42
875 28
876 38
877 34
878 38
879 29
880 43
881 24
882 31
883 43
884 36
885 36
886 48
887 39
888 35
889 37
890 30
891 33
892 35
893 38
894 30
895 31
896 39
897 31
898 38
899 36
900 47
901 42
902 30
903 27
904 43
905 34
906 36
907 32
908 45
909 32
910 41
911 35
912 41
913 38
914 36
915 33
916 36
917 39
918 26
919 33
920 36
921 36
922 44
923 28
924 35
925 44
926 27
927 34
928 44
929 36
930 29
931 48
932 39
933 39
934 42
935 35
936 36
937 39
938 34
939 42
940 35
941 30
942 46
943 28
944 46
945 32
946 42
947 38
948 34
949 22
950 41
951 33
952 33
953 35
954 28
955 44
956 48
957 36
958 34
959 33
960 43
961 39
962 43
963 40
964 35
965 42
966 48
967 38
968 33
969 32
970 41
971 35
972 32
973 49
974 30
975 41
976 40
977 29
978 34
979 45
980 38
981 34
982 45
983 46
984 34
985 50
986 60
987 53
988 65
989 51
990 71
991 76
992 54
993 58
994 67
995 90
996 120
997 116
998 128
999 138
1000 168
1001 208
1002 214
1003 250
1004 387
1005 381
1006 369
1007 374
1008 399
1009 398
1010 458
1011 478
1012 533
1013 606
1014 543
1015 415
1016 416
1017 350
1018 287
1019 202
1020 166
1021 121
1022 89
1023 81
1024 62
1025 43
1026 50
1027 46
1028 40
1029 36
1030 40
1031 47
1032 36
1033 38
1034 38
1035 44
1036 47
1037 38
1038 45
1039 35
1040 42
1041 31
1042 38
1043 37
1044 31
1045 41
1046 41
1047 33
1048 47
1049 39
1050 29
1051 43
1052 38
1053 35
1054 29
1055 40
1056 29
1057 37
1058 36
1059 23
1060 40
1061 35
1062 36
1063 38
1064 28
1065 38
1066 24
1067 37
1068 48
1069 38
1070 49
1071 31
1072 39
1073 36
1074 39
1075 35
1076 41
1077 32
1078 35
1079 27
1080 23
1081 37
1082 30
1083 32
1084 29
1085 30
1086 35
1087 26
1088 31
1089 30
1090 26
1091 33
1092 41
1093 37
1094 32
1095 41
1096 36
1097 30
1098 23
1099 36
1100 31
1101 36
1102 45
1103 30
1104 29
1105 33
1106 42
1107 43
1108 44
1109 34
1110 32
1111 36
1112 29
1113 27
1114 33
1115 30
1116 26
1117 33
1118 31
1119 30
1120 32
1121 23
1122 33
1123 18
1124 46
1125 38
1126 44
1127 44
1128 36
1129 35
1130 31
1131 54
1132 41
1133 40
1134 43
1135 48
1136 69
1137 64
1138 61
1139 56
1140 67
1141 59
1142 71
1143 61
1144 54
1145 51
1146 70
1147 52
1148 58
1149 48
1150 55
1151 44
1152 37
1153 60
1154 30
1155 34
1156 40
1157 45
1158 36
1159 34
1160 43
1161 43
1162 31
1163 27
1164 32
1165 24
1166 26
1167 30
1168 41
1169 26
1170 36
1171 37
1172 40
1173 34
1174 24
1175 26
1176 35
1177 31
1178 30
1179 30
1180 29
1181 27
1182 28
1183 21
1184 33
1185 41
1186 32
1187 27
1188 28
1189 45
1190 28
1191 36
1192 28
1193 30
1194 24
1195 27
1196 38
1197 37
1198 27
1199 42
1200 36
1201 22
1202 35
1203 32
1204 34
1205 31
1206 26
1207 38
1208 48
1209 36
1210 42
1211 35
1212 32
1213 36
1214 24
1215 27
1216 37
1217 36
1218 39
1219 29
1220 28
1221 36
1222 33
1223 32
1224 32
1225 28
1226 32
1227 38
1228 36
1229 29
1230 33
1231 19
1232 30
1233 31
1234 25
1235 25
1236 25
1237 17
1238 25
1239 24
1240 35
1241 25
1242 34
1243 24
1244 25
1245 35
1246 33
1247 40
1248 28
1249 30
1250 45
1251 26
1252 32
1253 34
1254 35
1255 29
1256 34
1257 27
1258 37
1259 30
1260 34
1261 30
1262 28
1263 18
1264 25
1265 28
1266 26
1267 25
1268 28
1269 23
1270 33
1271 25
1272 20
1273 18
1274 26
1275 24
1276 27
1277 13
1278 14
1279 24
1280 99
1281 100
1282 122
1283 163
1284 127
1285 142
1286 180
1287 201
1288 199
1289 219
1290 243
1291 232
1292 203
1293 274
1294 274
1295 236
1296 199
1297 175
1298 128
1299 67
1300 61
1301 54
1302 55
1303 56
1304 50
1305 31
1306 32
1307 30
1308 31
1309 24
1310 20
1311 25
1312 19
1313 30
1314 21
1315 26
1316 21
1317 25
1318 23
1319 26
1320 28
1321 19
1322 29
1323 25
1324 22
1325 20
1326 27
1327 25
1328 23
1329 21
1330 17
1331 23
1332 32
1333 32
1334 29
1335 23
1336 24
1337 19
1338 27
1339 24
1340 26
1341 26
1342 23
1343 18
1344 29
1345 24
1346 30
1347 26
1348 20
1349 25
1350 30
1351 18
1352 34
1353 23
1354 16
1355 20
1356 31
1357 22
1358 31
1359 22
1360 21
1361 29
1362 29
1363 31
1364 21
1365 26
1366 22
1367 23
1368 21
1369 16
1370 21
1371 27
1372 25
1373 26
1374 24
1375 20
1376 24
1377 26
1378 23
1379 34
1380 20
1381 22
1382 21
1383 26
1384 22
1385 22
1386 22
1387 23
1388 22
1389 19
1390 20
1391 23
1392 26
1393 14
1394 20
1395 15
1396 42
1397 31
1398 27
1399 19
1400 23
1401 26
1402 27
1403 29
1404 25
1405 31
1406 26
1407 30
1408 24
1409 33
1410 23
1411 24
1412 20
1413 25
1414 32
1415 23
1416 21
1417 24
1418 26
1419 22
1420 25
1421 22
1422 17
1423 32
1424 29
1425 16
1426 23
1427 23
1428 26
1429 19
1430 30
1431 26
1432 24
1433 21
1434 25
1435 18
1436 20
1437 17
1438 26
1439 28
1440 10
1441 24
1442 17
1443 18
1444 26
1445 19
1446 31
1447 30
1448 24
1449 26
1450 19
1451 25
1452 21
1453 25
1454 21
1455 28
1456 26
1457 21
1458 23
1459 12
1460 22
1461 23
1462 29
1463 25
1464 20
1465 28
1466 25
1467 22
1468 23
1469 19
1470 30
1471 28
1472 29
1473 24
1474 19
1475 22
1476 21
1477 23
1478 16
1479 22
1480 20
1481 29
1482 25
1483 20
1484 18
1485 21
1486 25
1487 17
1488 19
1489 20
1490 28
1491 32
1492 27
1493 19
1494 21
1495 17
1496 18
1497 24
1498 19
1499 19
1500 25
1501 17
1502 26
1503 25
1504 25
1505 19
1506 27
1507 22
1508 17
1509 21
1510 28
1511 24
1512 26
1513 17
1514 26
1515 26
1516 24
1517 25
1518 20
1519 19
1520 21
1521 28
1522 18
1523 20
1524 25
1525 27
1526 15
1527 24
1528 21
1529 29
1530 16
1531 30
1532 21
1533 24
1534 23
1535 22
1536 21
1537 38
1538 23
1539 16
1540 17
1541 23
1542 31
1543 27
1544 21
1545 20
1546 20
1547 30
1548 15
1549 17
1550 17
1551 22
1552 22
1553 16
1554 16
1555 24
1556 23
1557 13
1558 14
1559 19
1560 25
1561 26
1562 14
1563 24
1564 21
1565 18
1566 27
1567 17
1568 18
1569 15
1570 26
1571 26
1572 19
1573 28
1574 22
1575 26
1576 27
1577 14
1578 21
1579 19
1580 15
1581 20
1582 24
1583 21
1584 22
1585 24
1586 17
1587 17
1588 20
1589 17
1590 22
1591 21
1592 25
1593 16
1594 16
1595 29
1596 15
1597 21
1598 32
1599 19
1600 18
1601 18
1602 27
1603 21
1604 20
1605 19
1606 15
1607 18
1608 14
1609 14
1610 29
1611 18
1612 19
1613 18
1614 18
1615 17
1616 24
1617 25
1618 18
1619 21
1620 19
1621 24
1622 21
1623 18
1624 16
1625 21
1626 14
1627 23
1628 25
1629 17
1630 18
1631 21
1632 12
1633 13
1634 30
1635 16
1636 16
1637 15
1638 22
1639 21
1640 19
1641 14
1642 16
1643 20
1644 23
1645 12
1646 17
1647 19
1648 20
1649 19
1650 18
1651 22
1652 20
1653 19
1654 22
1655 22
1656 20
1657 19
1658 18
1659 22
1660 17
1661 21
1662 13
1663 22
1664 25
1665 23
1666 24
1667 19
1668 19
1669 17
1670 20
1671 26
1672 13
1673 25
1674 21
1675 25
1676 19
1677 22
1678 17
1679 19
1680 16
1681 21
1682 21
1683 27
1684 20
1685 32
1686 22
1687 22
1688 29
1689 21
1690 28
1691 30
1692 20
1693 15
1694 22
1695 20
1696 21
1697 19
1698 25
1699 21
1700 21
1701 26
1702 14
1703 24
1704 24
1705 18
1706 22
1707 27
1708 13
1709 23
1710 25
1711 20
1712 23
1713 21
1714 25
1715 26
1716 25
1717 20
1718 24
1719 25
1720 28
1721 19
1722 28
1723 20
1724 21
1725 26
1726 42
1727 27
1728 31
1729 43
1730 66
1731 50
1732 53
1733 71
1734 102
1735 130
1736 113
1737 101
1738 124
1739 119
1740 131
1741 286
1742 335
1743 214
1744 131
1745 96
1746 96
1747 112
1748 127
1749 76
1750 67
1751 80
1752 68
1753 65
1754 33
1755 36
1756 30
1757 47
1758 48
1759 32
1760 24
1761 28
1762 13
1763 16
1764 29
1765 25
1766 17
1767 15
1768 26
1769 22
1770 18
1771 20
1772 23
1773 33
1774 23
1775 24
1776 24
1777 20
1778 19
1779 15
1780 25
1781 20
1782 18
1783 21
1784 22
1785 20
1786 21
1787 14
1788 20
1789 21
1790 16
1791 24
1792 22
1793 13
1794 24
1795 21
1796 18
1797 20
1798 18
1799 23
1800 19
1801 29
1802 11
1803 20
1804 29
1805 21
1806 18
1807 26
1808 29
1809 23
1810 14
1811 18
1812 10
1813 19
1814 31
1815 11
1816 18
1817 13
1818 19
1819 17
1820 23
1821 14
1822 13
1823 25
1824 17
1825 19
1826 17
1827 16
1828 23
1829 14
1830 18
1831 16
1832 16
1833 22
1834 18
1835 12
1836 15
1837 18
1838 17
1839 23
1840 22
1841 25
1842 12
1843 21
1844 17
1845 18
1846 17
1847 22
1848 19
1849 15
1850 12
1851 22
1852 21
1853 16
1854 20
1855 23
1856 17
1857 16
1858 23
1859 12
1860 20
1861 14
1862 14
1863 15
1864 23
1865 16
1866 20
1867 13
1868 18
1869 23
1870 32
1871 17
1872 19
1873 17
1874 12
1875 18
1876 20
1877 11
1878 25
1879 22
1880 18
1881 14
1882 24
1883 24
1884 19
1885 18
1886 19
1887 22
1888 22
1889 17
1890 26
1891 21
1892 28
1893 19
1894 18
1895 17
1896 14
1897 16
1898 21
1899 22
1900 20
1901 16
1902 11
1903 27
1904 22
1905 19
1906 15
1907 21
1908 11
1909 19
1910 21
1911 25
1912 24
1913 18
1914 19
1915 18
1916 20
1917 23
1918 25
1919 23
1920 17
1921 22
1922 21
1923 17
1924 24
1925 16
1926 26
1927 21
1928 13
1929 21
1930 23
1931 14
1932 13
1933 26
1934 22
1935 24
1936 16
1937 15
1938 21
1939 23
1940 17
1941 16
1942 15
1943 13
1944 30
1945 16
1946 26
1947 13
1948 15
1949 18
1950 18
1951 16
1952 24
1953 20
1954 25
1955 18
1956 28
1957 23
1958 23
1959 26
1960 26
1961 19
1962 30
1963 38
1964 20
1965 25
1966 31
1967 45
1968 50
1969 65
1970 64
1971 75
1972 75
1973 75
1974 98
1975 127
1976 130
1977 114
1978 133
1979 160
1980 149
1981 168
1982 179
1983 215
1984 205
1985 266
1986 248
1987 271
1988 297
1989 335
1990 395
1991 408
1992 322
1993 303
1994 313
1995 333
1996 426
1997 407
1998 373
1999 335
2000 289
2001 236
2002 250
2003 205
2004 197
2005 216
2006 162
2007 143
2008 119
2009 81
2010 51
2011 50
2012 50
2013 49
2014 34
2015 32
2016 33
2017 40
2018 26
2019 28
2020 28
2021 27
2022 19
2023 28
2024 18
2025 24
2026 19
2027 22
2028 28
2029 17
2030 16
2031 17
2032 22
2033 14
2034 16
2035 20
2036 17
2037 16
2038 23
2039 15
2040 20
2041 20
2042 19
2043 19
2044 18
2045 17
2046 16
2047 23
2048 16
2049 10
2050 11
2051 11
2052 14
2053 18
2054 10
2055 18
2056 17
2057 14
2058 18
2059 19
2060 14
2061 18
2062 21
2063 22
2064 17
2065 17
2066 10
2067 12
2068 20
2069 12
2070 22
2071 22
2072 16
2073 10
2074 13
2075 15
2076 13
2077 16
2078 18
2079 14
2080 19
2081 19
2082 18
2083 18
2084 18
2085 18
2086 14
2087 21
2088 19
2089 22
2090 22
2091 18
2092 19
2093 15
2094 15
2095 15
2096 11
2097 15
2098 10
2099 14
2100 14
2101 15
2102 19
2103 15
2104 21
2105 27
2106 16
2107 15
2108 13
2109 14
2110 18
2111 22
2112 22
2113 22
2114 25
2115 20
2116 21
2117 20
2118 15
2119 27
2120 11
2121 14
2122 17
2123 23
2124 10
2125 10
2126 18
2127 12
2128 14
2129 22
2130 18
2131 11
2132 18
2133 16
2134 15
2135 14
2136 9
2137 9
2138 29
2139 15
2140 14
2141 17
2142 20
2143 18
2144 16
2145 18
2146 18
2147 21
2148 22
2149 20
2150 11
2151 15
2152 13
2153 20
2154 12
2155 16
2156 21
2157 16
2158 20
2159 18
2160 16
2161 16
2162 27
2163 28
2164 21
2165 21
2166 23
2167 28
2168 27
2169 28
2170 20
2171 26
2172 19
2173 20
2174 30
2175 20
2176 31
2177 47
2178 48
2179 46
2180 38
2181 78
2182 81
2183 80
2184 108
2185 81
2186 68
2187 75
2188 92
2189 88
2190 100
2191 78
2192 72
2193 65
2194 84
2195 71
2196 97
2197 94
2198 72
2199 70
2200 69
2201 62
2202 68
2203 42
2204 42
2205 48
2206 41
2207 36
2208 33
2209 23
2210 27
2211 31
2212 25
2213 25
2214 21
2215 17
2216 14
2217 23
2218 22
2219 20
2220 8
2221 19
2222 12
2223 18
2224 16
2225 17
2226 22
2227 15
2228 18
2229 12
2230 9
2231 12
2232 14
2233 13
2234 11
2235 19
2236 11
2237 18
2238 17
2239 15
2240 13
2241 11
2242 12
2243 16
2244 13
2245 18
2246 13
2247 9
2248 15
2249 16
2250 15
2251 23
2252 13
2253 6
2254 9
2255 6
2256 14
2257 11
2258 17
2259 17
2260 10
2261 8
2262 10
2263 15
2264 15
2265 15
2266 22
2267 13
2268 13
2269 13
2270 9
2271 18
2272 23
2273 16
2274 10
2275 5
2276 20
2277 11
2278 9
2279 13
2280 15
2281 15
2282 22
2283 11
2284 18
2285 9
2286 17
2287 12
2288 12
2289 13
2290 11
2291 17
2292 10
2293 14
2294 12
2295 12
2296 13
2297 13
2298 11
2299 20
2300 17
2301 13
2302 11
2303 11
2304 15
2305 10
2306 13
2307 16
2308 18
2309 22
2310 9
2311 14
2312 10
2313 20
2314 11
2315 8
2316 10
2317 10
2318 7
2319 15
2320 9
2321 11
2322 14
2323 14
2324 10
2325 13
2326 17
2327 17
2328 14
2329 13
2330 16
2331 14
2332 9
2333 9
2334 12
2335 13
2336 10
2337 14
2338 17
2339 15
2340 10
2341 15
2342 10
2343 12
2344 12
2345 15
2346 15
2347 11
2348 17
2349 11
2350 9
2351 16
2352 19
2353 19
2354 15
2355 29
2356 8
2357 11
2358 12
2359 20
2360 13
2361 18
2362 10
2363 14
2364 11
2365 12
2366 13
2367 14
2368 15
2369 17
2370 13
2371 9
2372 11
2373 17
2374 16
2375 13
2376 11
2377 11
2378 17
2379 19
2380 15
2381 14
2382 16
2383 12
2384 13
2385 9
2386 10
2387 13
2388 11
2389 6
2390 16
2391 11
2392 15
2393 12
2394 16
2395 14
2396 13
2397 10
2398 7
2399 11
2400 11
2401 9
2402 20
2403 9
2404 14
2405 14
2406 11
2407 22
2408 12
2409 12
2410 16
2411 7
2412 8
2413 14
2414 15
2415 13
2416 9
2417 15
2418 9
2419 9
2420 9
2421 13
2422 12
2423 16
2424 16
2425 15
2426 16
2427 14
2428 15
2429 20
2430 9
2431 11
2432 14
2433 13
2434 9
2435 13
2436 19
2437 12
2438 21
2439 13
2440 10
2441 17
2442 18
2443 16
2444 13
2445 9
2446 12
2447 13
2448 14
2449 21
2450 12
2451 18
2452 14
2453 24
2454 17
2455 16
2456 23
2457 22
2458 32
2459 26
2460 43
2461 48
2462 35
2463 22
2464 20
2465 24
2466 33
2467 30
2468 34
2469 43
2470 62
2471 59
2472 71
2473 64
2474 86
2475 66
2476 66
2477 69
2478 45
2479 41
2480 36
2481 51
2482 37
2483 40
2484 48
2485 48
2486 47
2487 41
2488 56
2489 53
2490 27
2491 43
2492 26
2493 30
2494 50
2495 39
2496 34
2497 39
2498 26
2499 22
2500 19
2501 27
2502 20
2503 10
2504 19
2505 20
2506 12
2507 15
2508 15
2509 12
2510 13
2511 14
2512 14
2513 11
2514 17
2515 10
2516 12
2517 15
2518 14
2519 16
2520 6
2521 12
2522 10
2523 10
2524 7
2525 9
2526 14
2527 20
2528 11
2529 13
2530 11
2531 8
2532 8
2533 11
2534 13
2535 11
2536 12
2537 9
2538 14
2539 13
2540 15
2541 12
2542 14
2543 15
2544 14
2545 11
2546 10
2547 16
2548 21
2549 12
2550 17
2551 21
2552 13
2553 12
2554 21
2555 25
2556 18
2557 24
2558 23
2559 46
