0 35
1 32
2 21
3 33
4 40
5 26
6 26
7 31
8 31
9 34
10 34
11 21
12 33
13 41
14 27
15 29
16 26
17 35
18 24
19 30
20 29
21 33
22 33
23 30
24 38
25 38
26 32
27 28
28 38
29 37
30 34
31 33
32 27
33 24
34 29
35 26
36 39
37 22
38 27
39 33
40 23
41 37
42 40
43 37
44 25
45 28
46 28
47 33
48 26
49 38
50 24
51 31
52 38
53 39
54 30
55 41
56 30
57 21
58 33
59 29
60 32
61 34
62 32
63 28
64 28
65 24
66 38
67 31
68 29
69 43
70 24
71 35
72 39
73 30
74 35
75 37
76 33
77 40
78 30
79 25
80 26
81 28
82 32
83 30
84 35
85 41
86 34
87 26
88 25
89 29
90 30
91 27
92 35
93 31
94 31
95 32
96 32
97 28
98 30
99 35
100 36
101 39
102 28
103 27
104 22
105 36
106 28
107 27
108 42
109 47
110 31
111 31
112 32
113 25
114 27
115 44
116 35
117 32
118 31
119 24
120 26
121 34
122 35
123 34
124 30
125 32
126 39
127 27
128 33
129 34
130 53
131 43
132 29
133 38
134 25
135 34
136 24
137 39
138 17
139 34
140 31
141 43
142 39
143 29
144 24
145 24
146 23
147 35
148 37
149 31
150 50
151 36
152 43
153 25
154 42
155 46
156 43
157 38
158 36
159 39
160 35
161 42
162 41
163 17
164 40
165 40
166 24
167 32
168 26
169 37
170 27
171 26
172 28
173 39
174 38
175 35
176 45
177 32
178 41
179 38
180 34
181 44
182 36
183 31
184 43
185 29
186 37
187 28
188 40
189 32
190 35
191 21
192 29
193 35
194 37
195 35
196 28
197 35
198 32
199 38
200 30
201 28
202 28
203 26
204 31
205 34
206 28
207 34
208 32
209 35
210 31
211 42
212 34
213 40
214 33
215 30
216 42
217 34
218 34
219 24
220 35
221 35
222 36
223 34
224 39
225 52
226 30
227 41
228 29
229 35
230 27
231 50
232 41
233 34
234 34
235 27
236 40
237 39
238 26
239 22
240 28
241 30
242 31
243 23
244 30
245 33
246 26
247 42
248 26
249 34
250 37
251 38
252 28
253 34
254 29
255 33
256 43
257 33
258 26
259 30
260 34
261 38
262 22
263 42
264 40
265 40
266 28
267 52
268 41
269 33
270 35
271 25
272 39
273 30
274 34
275 42
276 28
277 31
278 32
279 43
280 42
281 41
282 29
283 32
284 35
285 49
286 42
287 45
288 38
289 28
290 33
291 44
292 36
293 30
294 37
295 22
296 35
297 35
298 37
299 29
300 47
301 33
302 30
303 48
304 31
305 39
306 38
307 32
308 38
309 31
310 37
311 35
312 27
313 29
314 28
315 41
316 37
317 46
318 32
319 36
320 43
321 30
322 28
323 27
324 30
325 24
326 31
327 43
328 32
329 37
330 35
331 39
332 36
333 46
334 30
335 44
336 35
337 22
338 18
339 33
340 36
341 46
342 30
343 27
344 42
345 48
346 39
347 32
348 33
349 42
350 35
351 32
352 37
353 35
354 35
355 44
356 35
357 35
358 46
359 35
360 31
361 38
362 39
363 42
364 38
365 28
366 32
367 27
368 20
369 29
370 42
371 33
372 37
373 37
374 29
375 33
376 45
377 32
378 41
379 39
380 34
381 27
382 32
383 33
384 32
385 39
386 48
387 48
388 35
389 33
390 47
391 34
392 43
393 47
394 33
395 32
396 45
397 45
398 40
399 35
400 39
401 40
402 45
403 37
404 31
405 40
406 40
407 46
408 40
409 33
410 46
411 37
412 33
413 35
414 44
415 41
416 40
417 40
418 39
419 37
420 32
421 44
422 31
423 34
424 35
425 44
426 37
427 41
428 35
429 39
430 45
431 38
432 41
433 27
434 48
435 50
436 40
437 34
438 28
439 41
440 41
441 30
442 46
443 54
444 46
445 33
446 51
447 31
448 37
449 40
450 30
451 32
452 41
453 58
454 33
455 42
456 40
457 49
458 40
459 37
460 35
461 44
462 43
463 38
464 39
465 29
466 35
467 45
468 43
469 52
470 43
471 50
472 44
473 49
474 40
475 45
476 39
477 28
478 56
479 38
480 32
481 27
482 38
483 28
484 42
485 48
486 54
487 39
488 37
489 44
490 32
491 27
492 37
493 38
494 44
495 33
496 31
497 37
498 44
499 48
500 35
501 40
502 33
503 31
504 39
505 43
506 33
507 41
508 37
509 47
510 37
511 44
512 45
513 35
514 37
515 32
516 49
517 39
518 39
519 36
520 29
521 33
522 42
523 42
524 33
525 34
526 46
527 44
528 45
529 45
530 55
531 45
532 47
533 51
534 48
535 59
536 65
537 42
538 48
539 59
540 59
541 62
542 66
543 58
544 67
545 52
546 91
547 90
548 102
549 88
550 103
551 84
552 97
553 93
554 66
555 113
556 98
557 105
558 102
559 73
560 66
561 64
562 59
563 46
564 52
565 39
566 39
567 46
568 34
569 37
570 46
571 39
572 34
573 41
574 52
575 40
576 39
577 38
578 28
579 41
580 45
581 37
582 31
583 43
584 36
585 44
586 43
587 45
588 41
589 50
590 43
591 45
592 38
593 35
594 45
595 41
596 35
597 39
598 37
599 42
600 42
601 31
602 47
603 47
604 35
605 42
606 45
607 49
608 27
609 44
610 44
611 34
612 39
613 34
614 49
615 43
616 43
617 40
618 31
619 35
620 37
621 42
622 41
623 29
624 32
625 34
626 45
627 37
628 36
629 45
630 38
631 48
632 40
633 34
634 33
635 31
636 37
637 36
638 46
639 42
640 31
641 44
642 35
643 36
644 45
645 46
646 32
647 35
648 44
649 50
650 39
651 31
652 34
653 47
654 32
655 42
656 40
657 47
658 24
659 33
660 27
661 38
662 30
663 42
664 37
665 45
666 46
667 38
668 39
669 45
670 31
671 46
672 43
673 43
674 34
675 34
676 38
677 42
678 44
679 44
680 47
681 39
682 37
683 52
684 37
685 41
686 38
687 36
688 37
689 36
690 49
691 30
692 44
693 49
694 35
695 41
696 30
697 41
698 45
699 33
700 39
701 42
702 28
703 45
704 41
705 27
706 47
707 27
708 58
709 30
710 42
711 39
712 33
713 44
714 43
715 35
716 46
717 36
718 47
719 42
720 44
721 39
722 34
723 34
724 39
725 42
726 35
727 31
728 50
729 37
730 27
731 51
732 30
733 29
734 35
735 28
736 31
737 31
738 30
739 41
740 32
741 43
742 42
743 35
744 34
745 40
746 32
747 24
748 37
749 48
750 31
751 33
752 34
753 35
754 23
755 45
756 49
757 32
758 45
759 40
760 31
761 38
762 35
763 44
764 47
765 33
766 25
767 25
768 31
769 30
770 37
771 41
772 53
773 32
774 38
775 40
776 36
777 37
778 45
779 27
780 38
781 32
782 36
783 31
784 34
785 39
786 38
787 35
788 32
789 33
790 46
791 32
792 32
793 31
794 46
795 39
796 43
797 39
798 41
799 35
800 35
801 39
802 28
803 32
804 38
805 40
806 31
807 43
808 51
809 30
810 42
811 33
812 34
813 56
814 34
815 47
816 38
817 31
818 26
819 38
820 47
821 36
822 29
823 46
824 29
825 32
826 37
827 34
828 29
829 28
830 45
831 33
832 33
833 43
834 30
835 32
836 25
837 33
838 33
839 35
840 43
841 32
842 44
843 43
844 41
845 43
846 44
847 43
848 48
849 36
850 50
851 41
852 36
853 35
854 32
855 39
856 31
857 40
858 46
859 33
860 33
861 34
862 41
863 33
864 34
865 36
866 42
867 31
868 33
869 26
870 28
871 42
872 31
873 32
874 32
875 26
876 44
877 43
878 29
879 46
880 41
881 44
882 38
883 29
884 39
885 44
886 32
887 33
888 36
889 39
890 33
891 38
892 36
893 44
894 21
895 34
896 36
897 32
898 32
899 44
900 32
901 40
902 30
903 48
904 39
905 31
906 43
907 39
908 29
909 29
910 49
911 43
912 32
913 29
914 31
915 40
916 33
917 42
918 42
919 38
920 37
921 33
922 31
923 40
924 16
925 28
926 32
927 27
928 25
929 28
930 31
931 28
932 33
933 27
934 32
935 23
936 44
937 28
938 41
939 33
940 27
941 22
942 29
943 37
944 38
945 39
946 37
947 47
948 33
949 48
950 28
951 29
952 30
953 33
954 41
955 42
956 26
957 28
958 40
959 53
960 42
961 35
962 33
963 35
964 33
965 32
966 45
967 35
968 39
969 37
970 34
971 28
972 39
973 19
974 37
975 27
976 34
977 26
978 30
979 38
980 24
981 33
982 37
983 38
984 34
985 26
986 33
987 29
988 28
989 36
990 27
991 34
992 33
993 27
994 27
995 32
996 41
997 34
998 28
999 42
1000 33
1001 36
1002 29
1003 28
1004 33
1005 35
1006 32
1007 39
1008 19
1009 33
1010 31
1011 32
1012 36
1013 35
1014 33
1015 37
1016 41
1017 35
1018 49
1019 35
1020 34
1021 38
1022 40
1023 38
1024 31
1025 33
1026 27
1027 41
1028 34
1029 44
1030 25
1031 34
1032 39
1033 38
1034 32
1035 34
1036 30
1037 39
1038 43
1039 35
1040 45
1041 41
1042 31
1043 36
1044 35
1045 35
1046 43
1047 36
1048 42
1049 39
1050 58
1051 50
1052 73
1053 73
1054 68
1055 92
1056 89
1057 110
1058 127
1059 124
1060 166
1061 129
1062 163
1063 158
1064 177
1065 193
1066 226
1067 260
1068 300
1069 408
1070 417
1071 442
1072 413
1073 511
1074 474
1075 458
1076 471
1077 424
1078 341
1079 300
1080 223
1081 219
1082 208
1083 146
1084 90
1085 55
1086 54
1087 53
1088 52
1089 27
1090 42
1091 31
1092 47
1093 46
1094 39
1095 35
1096 42
1097 31
1098 30
1099 35
1100 31
1101 23
1102 40
1103 31
1104 38
1105 41
1106 36
1107 32
1108 26
1109 28
1110 46
1111 31
1112 30
1113 31
1114 46
1115 46
1116 43
1117 32
1118 39
1119 36
1120 31
1121 26
1122 32
1123 37
1124 23
1125 23
1126 21
1127 35
1128 28
1129 35
1130 38
1131 38
1132 34
1133 38
1134 32
1135 37
1136 36
1137 37
1138 31
1139 27
1140 27
1141 24
1142 30
1143 34
1144 33
1145 24
1146 29
1147 21
1148 24
1149 37
1150 41
1151 27
1152 36
1153 40
1154 35
1155 27
1156 28
1157 33
1158 39
1159 29
1160 31
1161 32
1162 26
1163 34
1164 25
1165 27
1166 30
1167 29
1168 31
1169 41
1170 31
1171 31
1172 40
1173 26
1174 35
1175 34
1176 28
1177 38
1178 43
1179 27
1180 34
1181 33
1182 36
1183 24
1184 29
1185 30
1186 29
1187 26
1188 26
1189 28
1190 38
1191 31
1192 37
1193 35
1194 41
1195 42
1196 39
1197 29
1198 46
1199 42
1200 47
1201 45
1202 62
1203 70
1204 89
1205 69
1206 60
1207 62
1208 78
1209 76
1210 57
1211 101
1212 101
1213 67
1214 57
1215 68
1216 77
1217 115
1218 93
1219 51
1220 36
1221 33
1222 33
1223 33
1224 30
1225 24
1226 24
1227 21
1228 32
1229 20
1230 27
1231 31
1232 26
1233 26
1234 29
1235 29
1236 32
1237 36
1238 26
1239 35
1240 28
1241 25
1242 28
1243 30
1244 24
1245 38
1246 29
1247 36
1248 22
1249 31
1250 28
1251 37
1252 29
1253 18
1254 29
1255 35
1256 40
1257 20
1258 34
1259 47
1260 25
1261 22
1262 37
1263 26
1264 24
1265 23
1266 23
1267 30
1268 31
1269 23
1270 11
1271 23
1272 30
1273 22
1274 24
1275 24
1276 17
1277 19
1278 18
1279 17
1280 54
1281 65
1282 43
1283 40
1284 55
1285 39
1286 36
1287 37
1288 39
1289 26
1290 32
1291 29
1292 25
1293 28
1294 29
1295 27
1296 30
1297 25
1298 36
1299 26
1300 24
1301 20
1302 28
1303 11
1304 32
1305 26
1306 34
1307 32
1308 32
1309 26
1310 24
1311 24
1312 29
1313 16
1314 22
1315 28
1316 23
1317 21
1318 26
1319 22
1320 20
1321 28
1322 31
1323 25
1324 22
1325 19
1326 20
1327 26
1328 24
1329 23
1330 28
1331 24
1332 30
1333 31
1334 29
1335 33
1336 22
1337 32
1338 30
1339 18
1340 32
1341 24
1342 33
1343 34
1344 30
1345 44
1346 65
1347 49
1348 55
1349 59
1350 72
1351 70
1352 75
1353 79
1354 74
1355 87
1356 102
1357 150
1358 175
1359 187
1360 185
1361 155
1362 144
1363 164
1364 202
1365 200
1366 209
1367 235
1368 281
1369 277
1370 255
1371 210
1372 144
1373 119
1374 79
1375 82
1376 61
1377 51
1378 50
1379 36
1380 36
1381 23
1382 31
1383 19
1384 26
1385 28
1386 24
1387 20
1388 17
1389 20
1390 29
1391 22
1392 24
1393 29
1394 17
1395 27
1396 32
1397 19
1398 20
1399 20
1400 22
1401 28
1402 22
1403 28
1404 20
1405 28
1406 20
1407 21
1408 27
1409 21
1410 25
1411 24
1412 29
1413 28
1414 35
1415 31
1416 25
1417 21
1418 18
1419 27
1420 19
1421 18
1422 22
1423 18
1424 27
1425 21
1426 19
1427 16
1428 23
1429 27
1430 28
1431 20
1432 25
1433 18
1434 20
1435 29
1436 33
1437 36
1438 24
1439 22
1440 33
1441 25
1442 31
1443 25
1444 20
1445 18
1446 20
1447 15
1448 18
1449 19
1450 23
1451 29
1452 19
1453 19
1454 12
1455 21
1456 21
1457 15
1458 22
1459 24
1460 16
1461 20
1462 27
1463 16
1464 25
1465 24
1466 20
1467 19
1468 26
1469 22
1470 19
1471 24
1472 20
1473 21
1474 28
1475 18
1476 16
1477 23
1478 20
1479 19
1480 27
1481 15
1482 20
1483 19
1484 30
1485 27
1486 21
1487 22
1488 24
1489 25
1490 22
1491 23
1492 17
1493 18
1494 29
1495 19
1496 22
1497 14
1498 19
1499 21
1500 19
1501 31
1502 19
1503 24
1504 32
1505 14
1506 15
1507 25
1508 27
1509 32
1510 23
1511 17
1512 16
1513 17
1514 21
1515 20
1516 15
1517 30
1518 18
1519 28
1520 20
1521 18
1522 17
1523 19
1524 18
1525 19
1526 15
1527 20
1528 18
1529 19
1530 28
1531 13
1532 17
1533 20
1534 18
1535 26
1536 22
1537 25
1538 27
1539 30
1540 24
1541 22
1542 25
1543 20
1544 12
1545 21
1546 16
1547 27
1548 23
1549 19
1550 18
1551 14
1552 20
1553 27
1554 21
1555 22
1556 22
1557 19
1558 16
1559 22
1560 18
1561 20
1562 21
1563 15
1564 21
1565 21
1566 19
1567 20
1568 11
1569 27
1570 13
1571 17
1572 20
1573 19
1574 17
1575 15
1576 17
1577 13
1578 15
1579 21
1580 29
1581 21
1582 14
1583 19
1584 19
1585 17
1586 20
1587 18
1588 32
1589 18
1590 12
1591 16
1592 25
1593 20
1594 23
1595 20
1596 18
1597 21
1598 15
1599 20
1600 20
1601 16
1602 22
1603 12
1604 19
1605 19
1606 17
1607 24
1608 25
1609 19
1610 12
1611 18
1612 21
1613 25
1614 29
1615 18
1616 18
1617 18
1618 21
1619 17
1620 26
1621 22
1622 15
1623 19
1624 20
1625 23
1626 19
1627 19
1628 20
1629 8
1630 17
1631 14
1632 16
1633 25
1634 20
1635 18
1636 21
1637 18
1638 9
1639 23
1640 18
1641 25
1642 21
1643 13
1644 18
1645 17
1646 17
1647 18
1648 14
1649 18
1650 22
1651 18
1652 25
1653 23
1654 19
1655 21
1656 20
1657 14
1658 20
1659 28
1660 8
1661 11
1662 15
1663 23
1664 20
1665 13
1666 23
1667 21
1668 22
1669 21
1670 13
1671 17
1672 15
1673 26
1674 35
1675 25
1676 16
1677 26
1678 20
1679 17
1680 23
1681 18
1682 14
1683 15
1684 19
1685 21
1686 19
1687 19
1688 9
1689 14
1690 14
1691 17
1692 21
1693 23
1694 26
1695 32
1696 20
1697 14
1698 21
1699 17
1700 21
1701 10
1702 20
1703 20
1704 25
1705 18
1706 16
1707 17
1708 21
1709 15
1710 20
1711 16
1712 26
1713 21
1714 13
1715 14
1716 22
1717 18
1718 12
1719 22
1720 26
1721 16
1722 18
1723 24
1724 25
1725 16
1726 16
1727 23
1728 23
1729 26
1730 20
1731 18
1732 18
1733 21
1734 22
1735 16
1736 16
1737 20
1738 30
1739 21
1740 12
1741 20
1742 18
1743 14
1744 22
1745 9
1746 19
1747 17
1748 24
1749 25
1750 31
1751 23
1752 18
1753 16
1754 17
1755 21
1756 18
1757 26
1758 21
1759 19
1760 20
1761 18
1762 28
1763 19
1764 16
1765 17
1766 22
1767 23
1768 19
1769 18
1770 18
1771 21
1772 24
1773 13
1774 19
1775 18
1776 22
1777 33
1778 27
1779 19
1780 25
1781 24
1782 23
1783 16
1784 25
1785 17
1786 21
1787 17
1788 17
1789 22
1790 13
1791 14
1792 17
1793 23
1794 19
1795 17
1796 18
1797 12
1798 11
1799 24
1800 20
1801 15
1802 27
1803 33
1804 19
1805 22
1806 30
1807 49
1808 38
1809 37
1810 26
1811 32
1812 27
1813 29
1814 34
1815 36
1816 49
1817 50
1818 42
1819 48
1820 42
1821 51
1822 40
1823 47
1824 59
1825 70
1826 83
1827 83
1828 102
1829 92
1830 93
1831 82
1832 66
1833 93
1834 91
1835 74
1836 74
1837 70
1838 103
1839 55
1840 48
1841 32
1842 33
1843 22
1844 23
1845 20
1846 21
1847 19
1848 22
1849 26
1850 17
1851 20
1852 20
1853 19
1854 19
1855 17
1856 19
1857 16
1858 17
1859 24
1860 21
1861 19
1862 21
1863 18
1864 25
1865 22
1866 18
1867 16
1868 15
1869 14
1870 17
1871 15
1872 14
1873 15
1874 19
1875 16
1876 14
1877 21
1878 18
1879 11
1880 8
1881 20
1882 9
1883 13
1884 23
1885 22
1886 12
1887 20
1888 17
1889 19
1890 18
1891 16
1892 15
1893 19
1894 20
1895 16
1896 16
1897 23
1898 13
1899 11
1900 18
1901 20
1902 18
1903 14
1904 13
1905 19
1906 23
1907 18
1908 15
1909 19
1910 12
1911 13
1912 17
1913 13
1914 17
1915 16
1916 17
1917 18
1918 14
1919 17
1920 11
1921 17
1922 21
1923 9
1924 16
1925 25
1926 19
1927 16
1928 14
1929 18
1930 20
1931 22
1932 13
1933 16
1934 22
1935 20
1936 19
1937 15
1938 15
1939 15
1940 19
1941 14
1942 20
1943 20
1944 16
1945 21
1946 19
1947 19
1948 20
1949 21
1950 17
1951 11
1952 13
1953 15
1954 18
1955 10
1956 12
1957 13
1958 20
1959 13
1960 17
1961 25
1962 25
1963 16
1964 18
1965 10
1966 15
1967 19
1968 25
1969 14
1970 16
1971 16
1972 13
1973 17
1974 24
1975 15
1976 14
1977 17
1978 26
1979 16
1980 11
1981 15
1982 25
1983 17
1984 10
1985 22
1986 17
1987 19
1988 14
1989 17
1990 20
1991 18
1992 26
1993 27
1994 17
1995 14
1996 21
1997 19
1998 16
1999 16
2000 17
2001 16
2002 18
2003 25
2004 10
2005 18
2006 14
2007 25
2008 13
2009 17
2010 7
2011 13
2012 15
2013 11
2014 17
2015 20
2016 14
2017 17
2018 22
2019 12
2020 29
2021 12
2022 9
2023 16
2024 13
2025 23
2026 30
2027 26
2028 18
2029 10
2030 18
2031 18
2032 10
2033 13
2034 19
2035 16
2036 14
2037 14
2038 14
2039 19
2040 17
2041 21
2042 14
2043 16
2044 14
2045 21
2046 17
2047 19
2048 16
2049 30
2050 16
2051 17
2052 17
2053 25
2054 22
2055 16
2056 20
2057 28
2058 25
2059 14
2060 26
2061 27
2062 35
2063 30
2064 35
2065 39
2066 53
2067 48
2068 56
2069 80
2070 93
2071 104
2072 126
2073 126
2074 161
2075 156
2076 191
2077 248
2078 296
2079 374
2080 413
2081 382
2082 342
2083 396
2084 365
2085 403
2086 485
2087 546
2088 414
2089 389
2090 333
2091 238
2092 219
2093 191
2094 236
2095 185
2096 157
2097 162
2098 104
2099 110
2100 73
2101 43
2102 53
2103 55
2104 54
2105 45
2106 56
2107 29
2108 26
2109 33
2110 19
2111 22
2112 31
2113 26
2114 20
2115 17
2116 21
2117 14
2118 13
2119 15
2120 14
2121 10
2122 13
2123 11
2124 16
2125 15
2126 10
2127 21
2128 5
2129 16
2130 10
2131 13
2132 11
2133 13
2134 17
2135 20
2136 18
2137 14
2138 10
2139 19
2140 18
2141 17
2142 9
2143 11
2144 17
2145 9
2146 16
2147 14
2148 20
2149 19
2150 19
2151 16
2152 15
2153 18
2154 13
2155 15
2156 16
2157 15
2158 16
2159 9
2160 11
2161 8
2162 16
2163 16
2164 18
2165 17
2166 13
2167 15
2168 13
2169 16
2170 12
2171 14
2172 12
2173 11
2174 14
2175 12
2176 14
2177 15
2178 14
2179 16
2180 20
2181 18
2182 9
2183 17
2184 16
2185 12
2186 17
2187 18
2188 16
2189 11
2190 17
2191 16
2192 13
2193 11
2194 13
2195 11
2196 15
2197 20
2198 20
2199 8
2200 20
2201 19
2202 16
2203 21
2204 12
2205 21
2206 18
2207 17
2208 17
2209 11
2210 8
2211 19
2212 17
2213 14
2214 16
2215 10
2216 20
2217 17
2218 15
2219 27
2220 16
2221 14
2222 15
2223 17
2224 14
2225 10
2226 13
2227 11
2228 16
2229 12
2230 17
2231 15
2232 15
2233 15
2234 10
2235 9
2236 16
2237 17
2238 14
2239 11
2240 18
2241 10
2242 15
2243 17
2244 14
2245 11
2246 11
2247 15
2248 19
2249 14
2250 14
2251 18
2252 18
2253 18
2254 18
2255 18
2256 17
2257 9
2258 19
2259 17
2260 12
2261 16
2262 16
2263 18
2264 19
2265 18
2266 25
2267 17
2268 29
2269 17
2270 27
2271 29
2272 29
2273 31
2274 38
2275 35
2276 36
2277 34
2278 26
2279 48
2280 38
2281 45
2282 41
2283 51
2284 63
2285 67
2286 84
2287 74
2288 81
2289 68
2290 70
2291 81
2292 81
2293 70
2294 83
2295 81
2296 76
2297 67
2298 70
2299 60
2300 73
2301 47
2302 42
2303 42
2304 46
2305 29
2306 28
2307 26
2308 17
2309 18
2310 12
2311 15
2312 14
2313 18
2314 12
2315 10
2316 13
2317 22
2318 17
2319 14
2320 13
2321 13
2322 16
2323 17
2324 19
2325 17
2326 11
2327 9
2328 10
2329 11
2330 21
2331 11
2332 17
2333 7
2334 14
2335 12
2336 7
2337 16
2338 16
2339 15
2340 16
2341 9
2342 18
2343 13
2344 14
2345 11
2346 22
2347 15
2348 15
2349 17
2350 13
2351 8
2352 14
2353 10
2354 20
2355 19
2356 10
2357 12
2358 16
2359 10
2360 15
2361 18
2362 18
2363 10
2364 7
2365 13
2366 14
2367 11
2368 13
2369 19
2370 16
2371 14
2372 14
2373 8
2374 8
2375 26
2376 18
2377 14
2378 16
2379 13
2380 12
2381 11
2382 12
2383 10
2384 16
2385 13
2386 13
2387 10
2388 14
2389 16
2390 18
2391 17
2392 15
2393 7
2394 15
2395 22
2396 15
2397 17
2398 10
2399 11
2400 16
2401 8
2402 9
2403 15
2404 16
2405 11
2406 17
2407 17
2408 11
2409 15
2410 16
2411 16
2412 15
2413 13
2414 14
2415 10
2416 16
2417 9
2418 9
2419 11
2420 14
2421 14
2422 11
2423 14
2424 15
2425 9
2426 14
2427 22
2428 10
2429 15
2430 10
2431 17
2432 15
2433 15
2434 12
2435 7
2436 13
2437 14
2438 17
2439 9
2440 17
2441 12
2442 13
2443 11
2444 17
2445 15
2446 15
2447 19
2448 18
2449 9
2450 10
2451 13
2452 9
2453 19
2454 8
2455 11
2456 15
2457 15
2458 9
2459 15
2460 10
2461 10
2462 13
2463 13
2464 13
2465 10
2466 11
2467 8
2468 10
2469 13
2470 13
2471 10
2472 14
2473 15
2474 12
2475 13
2476 8
2477 13
2478 15
2479 11
2480 17
2481 12
2482 11
2483 13
2484 10
2485 6
2486 9
2487 7
2488 11
2489 6
2490 14
2491 10
2492 8
2493 12
2494 17
2495 8
2496 6
2497 16
2498 7
2499 17
2500 9
2501 11
2502 11
2503 18
2504 11
2505 8
2506 12
2507 14
2508 12
2509 13
2510 12
2511 13
2512 11
2513 11
2514 5
2515 10
2516 14
2517 10
2518 11
2519 13
2520 8
2521 18
2522 12
2523 13
2524 10
2525 6
2526 14
2527 8
2528 16
2529 15
2530 19
2531 10
2532 10
2533 13
2534 11
2535 10
2536 11
2537 14
2538 13
2539 16
2540 17
2541 13
2542 7
2543 12
2544 12
2545 16
2546 10
2547 10
2548 13
2549 15
2550 20
2551 19
2552 13
2553 12
2554 17
2555 15
2556 23
2557 20
2558 17
2559 20
