0 34
1 20
2 23
3 15
4 27
5 15
6 20
7 22
8 24
9 28
10 28
11 25
12 21
13 22
14 23
15 26
16 20
17 28
18 30
19 23
20 27
21 27
22 22
23 31
24 30
25 26
26 26
27 33
28 32
29 27
30 26
31 17
32 33
33 22
34 32
35 27
36 25
37 26
38 24
39 34
40 30
41 20
42 25
43 32
44 26
45 27
46 18
47 17
48 25
49 42
50 22
51 26
52 30
53 30
54 25
55 32
56 29
57 21
58 21
59 30
60 25
61 37
62 28
63 21
64 14
65 28
66 33
67 25
68 30
69 29
70 18
71 21
72 15
73 20
74 15
75 29
76 23
77 33
78 27
79 30
80 29
81 24
82 34
83 13
84 45
85 27
86 20
87 44
88 28
89 29
90 32
91 41
92 25
93 32
94 37
95 22
96 31
97 31
98 25
99 25
100 23
101 31
102 32
103 21
104 27
105 20
106 26
107 23
108 27
109 23
110 17
111 22
112 29
113 30
114 25
115 22
116 32
117 34
118 25
119 21
120 23
121 25
122 35
123 28
124 24
125 34
126 31
127 30
128 16
129 39
130 35
131 20
132 38
133 34
134 30
135 32
136 21
137 22
138 34
139 33
140 26
141 38
142 36
143 34
144 21
145 25
146 25
147 25
148 26
149 27
150 36
151 28
152 28
153 35
154 23
155 31
156 35
157 33
158 24
159 34
160 28
161 37
162 24
163 18
164 21
165 29
166 33
167 26
168 29
169 30
170 32
171 27
172 36
173 37
174 37
175 26
176 31
177 30
178 34
179 29
180 37
181 31
182 23
183 37
184 20
185 35
186 29
187 19
188 31
189 31
190 27
191 28
192 33
193 23
194 39
195 27
196 25
197 35
198 30
199 35
200 31
201 25
202 30
203 31
204 29
205 25
206 25
207 35
208 31
209 32
210 27
211 22
212 29
213 37
214 33
215 23
216 29
217 33
218 35
219 23
220 24
221 36
222 26
223 31
224 35
225 21
226 30
227 29
228 21
229 31
230 32
231 32
232 35
233 30
234 25
235 29
236 28
237 26
238 30
239 34
240 25
241 26
242 34
243 23
244 29
245 34
246 33
247 19
248 36
249 38
250 34
251 28
252 30
253 32
254 38
255 24
256 30
257 41
258 32
259 42
260 37
261 26
262 35
263 29
264 29
265 29
266 36
267 33
268 46
269 39
270 29
271 22
272 26
273 23
274 36
275 31
276 30
277 30
278 30
279 28
280 38
281 29
282 21
283 27
284 33
285 34
286 41
287 33
288 33
289 35
290 30
291 22
292 27
293 28
294 30
295 21
296 26
297 30
298 23
299 33
300 19
301 24
302 30
303 28
304 28
305 28
306 26
307 35
308 24
309 21
310 24
311 29
312 27
313 28
314 30
315 27
316 35
317 33
318 28
319 33
320 31
321 32
322 29
323 32
324 27
325 30
326 36
327 34
328 28
329 38
330 27
331 31
332 26
333 32
334 29
335 27
336 29
337 28
338 33
339 35
340 27
341 28
342 34
343 23
344 38
345 32
346 28
347 33
348 34
349 36
350 37
351 35
352 36
353 34
354 34
355 19
356 33
357 28
358 28
359 30
360 32
361 22
362 33
363 46
364 43
365 32
366 38
367 27
368 20
369 30
370 32
371 36
372 38
373 32
374 25
375 26
376 23
377 42
378 28
379 40
380 33
381 35
382 37
383 20
384 31
385 40
386 44
387 26
388 27
389 45
390 37
391 44
392 31
393 28
394 41
395 31
396 32
397 34
398 36
399 29
400 30
401 30
402 40
403 30
404 45
405 35
406 29
407 33
408 40
409 35
410 36
411 20
412 32
413 39
414 34
415 42
416 25
417 33
418 28
419 27
420 37
421 36
422 31
423 35
424 24
425 41
426 46
427 33
428 23
429 36
430 31
431 27
432 35
433 33
434 31
435 35
436 40
437 24
438 34
439 39
440 49
441 36
442 45
443 25
444 24
445 28
446 31
447 30
448 36
449 20
450 29
451 33
452 39
453 35
454 39
455 34
456 39
457 29
458 46
459 41
460 33
461 35
462 33
463 36
464 35
465 31
466 25
467 42
468 30
469 29
470 34
471 39
472 38
473 40
474 39
475 37
476 27
477 25
478 25
479 46
480 39
481 31
482 32
483 33
484 35
485 28
486 40
487 38
488 27
489 30
490 32
491 36
492 30
493 32
494 42
495 42
496 38
497 34
498 28
499 30
500 41
501 30
502 32
503 39
504 37
505 34
506 35
507 30
508 31
509 33
510 41
511 33
512 35
513 32
514 42
515 31
516 37
517 35
518 38
519 34
520 37
521 30
522 31
523 29
524 45
525 35
526 41
527 39
528 37
529 24
530 36
531 43
532 45
533 30
534 46
535 30
536 32
537 34
538 27
539 32
540 25
541 28
542 41
543 34
544 32
545 30
546 34
547 38
548 29
549 28
550 35
551 30
552 43
553 38
554 28
555 36
556 37
557 30
558 26
559 29
560 30
561 40
562 38
563 26
564 34
565 31
566 32
567 29
568 34
569 34
570 39
571 31
572 32
573 33
574 36
575 31
576 35
577 37
578 37
579 37
580 33
581 43
582 32
583 31
584 34
585 33
586 28
587 39
588 35
589 41
590 43
591 31
592 34
593 19
594 37
595 40
596 39
597 39
598 52
599 46
600 47
601 40
602 35
603 35
604 36
605 40
606 41
607 41
608 39
609 52
610 42
611 53
612 59
613 50
614 85
615 74
616 80
617 102
618 82
619 78
620 90
621 86
622 74
623 87
624 89
625 87
626 93
627 99
628 103
629 110
630 99
631 96
632 98
633 83
634 65
635 71
636 53
637 43
638 36
639 43
640 46
641 41
642 31
643 34
644 31
645 24
646 34
647 22
648 38
649 41
650 37
651 31
652 31
653 38
654 35
655 37
656 33
657 39
658 33
659 33
660 38
661 33
662 41
663 34
664 31
665 37
666 47
667 39
668 38
669 34
670 40
671 36
672 23
673 39
674 42
675 35
676 39
677 45
678 32
679 33
680 44
681 32
682 38
683 22
684 34
685 34
686 36
687 39
688 33
689 40
690 27
691 39
692 40
693 34
694 49
695 28
696 30
697 29
698 45
699 48
700 39
701 35
702 34
703 31
704 35
705 36
706 36
707 41
708 33
709 39
710 34
711 45
712 36
713 31
714 47
715 35
716 28
717 24
718 47
719 28
720 38
721 31
722 42
723 38
724 44
725 34
726 39
727 41
728 30
729 48
730 34
731 28
732 30
733 32
734 40
735 40
736 35
737 25
738 38
739 38
740 33
741 35
742 44
743 37
744 34
745 39
746 33
747 27
748 45
749 36
750 33
751 33
752 40
753 35
754 31
755 35
756 23
757 31
758 27
759 40
760 30
761 37
762 30
763 41
764 38
765 33
766 31
767 28
768 27
769 33
770 27
771 31
772 27
773 45
774 42
775 41
776 29
777 26
778 36
779 36
780 37
781 37
782 39
783 43
784 39
785 28
786 38
787 44
788 35
789 24
790 31
791 36
792 38
793 50
794 31
795 31
796 36
797 34
798 37
799 36
800 31
801 25
802 38
803 25
804 29
805 32
806 33
807 36
808 38
809 35
810 44
811 48
812 40
813 47
814 38
815 30
816 31
817 29
818 23
819 28
820 31
821 34
822 43
823 35
824 41
825 31
826 32
827 36
828 38
829 33
830 37
831 28
832 35
833 35
834 26
835 30
836 42
837 39
838 26
839 40
840 42
841 40
842 30
843 28
844 36
845 40
846 33
847 31
848 36
849 30
850 22
851 29
852 37
853 31
854 37
855 28
856 38
857 26
858 25
859 34
860 37
861 33
862 31
863 40
864 34
865 23
866 27
867 34
868 31
869 35
870 31
871 43
872 32
873 25
874 40
875 22
876 27
877 33
878 39
879 27
880 34
881 31
882 30
883 29
884 36
885 38
886 21
887 22
888 44
889 29
890 33
891 28
892 44
893 29
894 41
895 31
896 30
897 33
898 32
899 45
900 41
901 30
902 32
903 29
904 27
905 37
906 34
907 32
908 32
909 27
910 24
911 27
912 29
913 30
914 32
915 39
916 37
917 25
918 30
919 39
920 37
921 39
922 39
923 39
924 31
925 34
926 30
927 31
928 39
929 38
930 30
931 30
932 30
933 36
934 31
935 35
936 36
937 32
938 33
939 26
940 37
941 26
942 17
943 29
944 33
945 35
946 33
947 30
948 42
949 25
950 18
951 31
952 27
953 37
954 23
955 29
956 34
957 30
958 33
959 39
960 38
961 27
962 36
963 34
964 38
965 30
966 45
967 36
968 35
969 34
970 31
971 24
972 33
973 41
974 40
975 32
976 39
977 37
978 38
979 37
980 31
981 33
982 31
983 26
984 33
985 43
986 32
987 38
988 23
989 24
990 29
991 21
992 25
993 24
994 20
995 30
996 41
997 35
998 28
999 43
1000 26
1001 32
1002 25
1003 39
1004 42
1005 39
1006 30
1007 17
1008 28
1009 29
1010 35
1011 32
1012 31
1013 35
1014 30
1015 19
1016 21
1017 23
1018 26
1019 19
1020 30
1021 21
1022 31
1023 31
1024 40
1025 35
1026 29
1027 41
1028 26
1029 33
1030 35
1031 32
1032 25
1033 24
1034 29
1035 34
1036 33
1037 17
1038 35
1039 46
1040 34
1041 34
1042 40
1043 22
1044 36
1045 27
1046 28
1047 42
1048 24
1049 30
1050 31
1051 47
1052 26
1053 40
1054 38
1055 41
1056 25
1057 31
1058 30
1059 31
1060 39
1061 26
1062 32
1063 21
1064 30
1065 32
1066 30
1067 27
1068 29
1069 26
1070 34
1071 31
1072 33
1073 33
1074 20
1075 30
1076 47
1077 34
1078 33
1079 34
1080 40
1081 31
1082 24
1083 35
1084 21
1085 26
1086 27
1087 24
1088 42
1089 27
1090 37
1091 27
1092 36
1093 27
1094 25
1095 27
1096 35
1097 35
1098 27
1099 44
1100 35
1101 49
1102 29
1103 40
1104 32
1105 32
1106 36
1107 34
1108 39
1109 36
1110 35
1111 21
1112 34
1113 20
1114 40
1115 37
1116 33
1117 23
1118 31
1119 30
1120 39
1121 34
1122 27
1123 27
1124 36
1125 34
1126 28
1127 34
1128 23
1129 19
1130 37
1131 39
1132 35
1133 20
1134 35
1135 34
1136 23
1137 35
1138 43
1139 33
1140 35
1141 34
1142 31
1143 48
1144 59
1145 49
1146 46
1147 77
1148 90
1149 86
1150 97
1151 132
1152 119
1153 174
1154 177
1155 227
1156 231
1157 235
1158 269
1159 328
1160 340
1161 360
1162 426
1163 472
1164 559
1165 565
1166 612
1167 576
1168 484
1169 444
1170 367
1171 278
1172 228
1173 179
1174 93
1175 82
1176 61
1177 53
1178 30
1179 43
1180 42
1181 29
1182 32
1183 34
1184 38
1185 49
1186 36
1187 31
1188 28
1189 24
1190 33
1191 29
1192 23
1193 32
1194 31
1195 30
1196 26
1197 25
1198 37
1199 30
1200 32
1201 29
1202 38
1203 33
1204 30
1205 30
1206 34
1207 31
1208 27
1209 28
1210 34
1211 28
1212 30
1213 26
1214 28
1215 38
1216 23
1217 34
1218 29
1219 36
1220 24
1221 30
1222 26
1223 39
1224 31
1225 21
1226 28
1227 29
1228 22
1229 27
1230 35
1231 23
1232 26
1233 34
1234 26
1235 29
1236 31
1237 31
1238 33
1239 37
1240 39
1241 23
1242 34
1243 27
1244 28
1245 23
1246 26
1247 27
1248 24
1249 28
1250 30
1251 20
1252 30
1253 24
1254 29
1255 27
1256 24
1257 23
1258 29
1259 20
1260 25
1261 36
1262 34
1263 28
1264 25
1265 20
1266 23
1267 19
1268 23
1269 21
1270 26
1271 27
1272 20
1273 20
1274 14
1275 22
1276 14
1277 8
1278 8
1279 5
1280 19
1281 18
1282 21
1283 24
1284 22
1285 16
1286 26
1287 19
1288 23
1289 24
1290 27
1291 28
1292 23
1293 24
1294 20
1295 18
1296 22
1297 21
1298 19
1299 16
1300 20
1301 21
1302 23
1303 21
1304 17
1305 23
1306 29
1307 24
1308 27
1309 22
1310 23
1311 19
1312 30
1313 19
1314 22
1315 19
1316 31
1317 21
1318 20
1319 19
1320 25
1321 27
1322 20
1323 23
1324 16
1325 22
1326 19
1327 24
1328 26
1329 23
1330 16
1331 19
1332 20
1333 26
1334 28
1335 26
1336 19
1337 18
1338 16
1339 34
1340 34
1341 30
1342 26
1343 23
1344 18
1345 23
1346 15
1347 23
1348 29
1349 21
1350 17
1351 29
1352 26
1353 28
1354 22
1355 20
1356 21
1357 20
1358 19
1359 17
1360 24
1361 23
1362 28
1363 21
1364 28
1365 22
1366 35
1367 18
1368 22
1369 23
1370 22
1371 30
1372 26
1373 22
1374 32
1375 38
1376 41
1377 35
1378 38
1379 49
1380 49
1381 48
1382 43
1383 41
1384 41
1385 41
1386 51
1387 43
1388 45
1389 33
1390 45
1391 33
1392 25
1393 27
1394 27
1395 23
1396 21
1397 23
1398 26
1399 25
1400 21
1401 24
1402 28
1403 21
1404 22
1405 15
1406 23
1407 24
1408 16
1409 19
1410 14
1411 18
1412 20
1413 16
1414 19
1415 19
1416 10
1417 20
1418 24
1419 22
1420 22
1421 23
1422 21
1423 22
1424 24
1425 21
1426 24
1427 24
1428 24
1429 27
1430 21
1431 19
1432 23
1433 24
1434 24
1435 26
1436 22
1437 19
1438 21
1439 20
1440 18
1441 21
1442 25
1443 20
1444 24
1445 18
1446 17
1447 21
1448 18
1449 25
1450 31
1451 24
1452 32
1453 29
1454 40
1455 39
1456 57
1457 61
1458 84
1459 96
1460 97
1461 130
1462 140
1463 203
1464 287
1465 352
1466 288
1467 252
1468 218
1469 218
1470 209
1471 229
1472 203
1473 156
1474 141
1475 123
1476 127
1477 131
1478 91
1479 105
1480 87
1481 47
1482 53
1483 50
1484 37
1485 24
1486 22
1487 27
1488 34
1489 24
1490 24
1491 20
1492 16
1493 13
1494 24
1495 21
1496 18
1497 20
1498 15
1499 19
1500 28
1501 18
1502 23
1503 16
1504 22
1505 15
1506 20
1507 17
1508 23
1509 25
1510 19
1511 29
1512 20
1513 16
1514 29
1515 22
1516 18
1517 19
1518 29
1519 24
1520 23
1521 18
1522 25
1523 22
1524 17
1525 19
1526 17
1527 27
1528 22
1529 24
1530 17
1531 19
1532 23
1533 18
1534 27
1535 27
1536 27
1537 19
1538 12
1539 24
1540 19
1541 19
1542 24
1543 19
1544 17
1545 14
1546 26
1547 20
1548 19
1549 13
1550 21
1551 16
1552 23
1553 22
1554 17
1555 18
1556 25
1557 23
1558 19
1559 19
1560 22
1561 22
1562 18
1563 20
1564 14
1565 30
1566 15
1567 15
1568 12
1569 19
1570 16
1571 23
1572 20
1573 27
1574 20
1575 19
1576 15
1577 16
1578 15
1579 19
1580 21
1581 11
1582 15
1583 18
1584 12
1585 23
1586 21
1587 23
1588 17
1589 20
1590 22
1591 19
1592 19
1593 20
1594 22
1595 12
1596 16
1597 19
1598 20
1599 19
1600 14
1601 14
1602 20
1603 18
1604 21
1605 22
1606 14
1607 16
1608 26
1609 25
1610 20
1611 14
1612 25
1613 11
1614 19
1615 19
1616 16
1617 20
1618 19
1619 27
1620 23
1621 19
1622 23
1623 11
1624 26
1625 22
1626 19
1627 20
1628 18
1629 27
1630 14
1631 11
1632 14
1633 15
1634 26
1635 16
1636 14
1637 19
1638 18
1639 16
1640 18
1641 15
1642 28
1643 23
1644 18
1645 22
1646 14
1647 19
1648 28
1649 17
1650 19
1651 23
1652 17
1653 21
1654 18
1655 16
1656 12
1657 14
1658 15
1659 17
1660 19
1661 15
1662 19
1663 16
1664 16
1665 13
1666 24
1667 14
1668 24
1669 17
1670 20
1671 21
1672 17
1673 20
1674 18
1675 16
1676 15
1677 18
1678 20
1679 17
1680 20
1681 13
1682 20
1683 16
1684 21
1685 18
1686 20
1687 22
1688 13
1689 13
1690 24
1691 15
1692 20
1693 18
1694 24
1695 18
1696 15
1697 19
1698 16
1699 12
1700 26
1701 11
1702 17
1703 25
1704 16
1705 17
1706 19
1707 18
1708 17
1709 17
1710 28
1711 13
1712 17
1713 15
1714 18
1715 14
1716 17
1717 20
1718 17
1719 14
1720 22
1721 23
1722 19
1723 19
1724 17
1725 15
1726 13
1727 23
1728 25
1729 23
1730 18
1731 18
1732 21
1733 21
1734 18
1735 25
1736 18
1737 17
1738 23
1739 23
1740 17
1741 19
1742 13
1743 16
1744 22
1745 10
1746 19
1747 17
1748 20
1749 18
1750 17
1751 16
1752 23
1753 15
1754 19
1755 14
1756 16
1757 19
1758 23
1759 17
1760 19
1761 9
1762 17
1763 17
1764 15
1765 16
1766 22
1767 12
1768 16
1769 14
1770 22
1771 15
1772 15
1773 17
1774 17
1775 23
1776 21
1777 14
1778 18
1779 15
1780 21
1781 27
1782 15
1783 15
1784 10
1785 12
1786 17
1787 15
1788 20
1789 14
1790 15
1791 14
1792 20
1793 18
1794 14
1795 19
1796 16
1797 15
1798 14
1799 14
1800 21
1801 18
1802 23
1803 22
1804 20
1805 21
1806 18
1807 10
1808 22
1809 22
1810 22
1811 14
1812 22
1813 19
1814 17
1815 23
1816 18
1817 16
1818 15
1819 16
1820 9
1821 17
1822 16
1823 15
1824 17
1825 8
1826 23
1827 21
1828 22
1829 14
1830 12
1831 13
1832 15
1833 23
1834 9
1835 19
1836 13
1837 12
1838 17
1839 14
1840 20
1841 17
1842 17
1843 16
1844 15
1845 23
1846 6
1847 13
1848 14
1849 24
1850 17
1851 10
1852 16
1853 18
1854 17
1855 12
1856 19
1857 16
1858 4
1859 13
1860 12
1861 18
1862 16
1863 20
1864 19
1865 18
1866 18
1867 10
1868 17
1869 21
1870 14
1871 27
1872 14
1873 15
1874 10
1875 22
1876 19
1877 22
1878 20
1879 16
1880 16
1881 19
1882 14
1883 15
1884 15
1885 13
1886 14
1887 21
1888 19
1889 22
1890 29
1891 25
1892 17
1893 28
1894 25
1895 24
1896 23
1897 26
1898 19
1899 19
1900 27
1901 20
1902 12
1903 26
1904 25
1905 16
1906 25
1907 15
1908 18
1909 18
1910 21
1911 11
1912 17
1913 24
1914 17
1915 11
1916 19
1917 13
1918 17
1919 13
1920 16
1921 16
1922 15
1923 22
1924 17
1925 13
1926 20
1927 16
1928 23
1929 18
1930 18
1931 22
1932 22
1933 13
1934 23
1935 25
1936 32
1937 19
1938 34
1939 23
1940 48
1941 65
1942 75
1943 78
1944 100
1945 97
1946 102
1947 80
1948 104
1949 116
1950 123
1951 119
1952 175
1953 295
1954 392
1955 276
1956 156
1957 130
1958 131
1959 119
1960 123
1961 90
1962 75
1963 63
1964 64
1965 42
1966 47
1967 39
1968 40
1969 31
1970 30
1971 22
1972 20
1973 17
1974 12
1975 19
1976 12
1977 26
1978 17
1979 12
1980 13
1981 18
1982 17
1983 15
1984 18
1985 13
1986 15
1987 14
1988 14
1989 19
1990 9
1991 11
1992 19
1993 16
1994 18
1995 15
1996 14
1997 10
1998 14
1999 11
2000 15
2001 17
2002 17
2003 19
2004 19
2005 11
2006 24
2007 16
2008 9
2009 13
2010 22
2011 13
2012 13
2013 4
2014 16
2015 17
2016 15
2017 23
2018 9
2019 10
2020 16
2021 11
2022 16
2023 24
2024 9
2025 16
2026 17
2027 18
2028 16
2029 8
2030 11
2031 13
2032 16
2033 15
2034 18
2035 12
2036 14
2037 19
2038 22
2039 13
2040 21
2041 8
2042 12
2043 13
2044 9
2045 13
2046 14
2047 16
2048 7
2049 11
2050 10
2051 11
2052 13
2053 18
2054 8
2055 8
2056 14
2057 13
2058 19
2059 8
2060 13
2061 14
2062 14
2063 12
2064 14
2065 7
2066 21
2067 17
2068 18
2069 19
2070 15
2071 19
2072 11
2073 16
2074 14
2075 16
2076 12
2077 14
2078 8
2079 17
2080 25
2081 14
2082 13
2083 9
2084 8
2085 18
2086 20
2087 12
2088 9
2089 14
2090 17
2091 9
2092 9
2093 15
2094 16
2095 18
2096 7
2097 11
2098 13
2099 9
2100 11
2101 18
2102 17
2103 16
2104 13
2105 18
2106 10
2107 15
2108 16
2109 14
2110 18
2111 16
2112 16
2113 21
2114 13
2115 12
2116 11
2117 15
2118 18
2119 12
2120 11
2121 14
2122 18
2123 20
2124 10
2125 13
2126 9
2127 14
2128 11
2129 13
2130 12
2131 15
2132 11
2133 13
2134 21
2135 18
2136 17
2137 13
2138 22
2139 18
2140 18
2141 19
2142 12
2143 11
2144 13
2145 18
2146 12
2147 13
2148 17
2149 19
2150 24
2151 19
2152 20
2153 19
2154 20
2155 15
2156 14
2157 18
2158 18
2159 16
2160 12
2161 14
2162 18
2163 13
2164 17
2165 13
2166 23
2167 13
2168 13
2169 12
2170 18
2171 17
2172 14
2173 18
2174 10
2175 10
2176 17
2177 18
2178 14
2179 8
2180 10
2181 18
2182 19
2183 17
2184 19
2185 19
2186 17
2187 11
2188 16
2189 24
2190 16
2191 15
2192 17
2193 25
2194 15
2195 27
2196 24
2197 24
2198 29
2199 35
2200 35
2201 45
2202 52
2203 56
2204 59
2205 79
2206 102
2207 121
2208 147
2209 183
2210 258
2211 293
2212 269
2213 267
2214 290
2215 319
2216 335
2217 425
2218 400
2219 387
2220 400
2221 408
2222 449
2223 450
2224 416
2225 345
2226 343
2227 302
2228 306
2229 255
2230 215
2231 242
2232 175
2233 129
2234 104
2235 65
2236 53
2237 49
2238 54
2239 32
2240 27
2241 36
2242 25
2243 22
2244 19
2245 24
2246 13
2247 22
2248 22
2249 22
2250 15
2251 18
2252 10
2253 8
2254 19
2255 19
2256 24
2257 16
2258 17
2259 22
2260 13
2261 17
2262 14
2263 13
2264 15
2265 11
2266 10
2267 13
2268 14
2269 11
2270 15
2271 14
2272 17
2273 12
2274 15
2275 20
2276 12
2277 15
2278 13
2279 15
2280 15
2281 15
2282 10
2283 11
2284 19
2285 10
2286 16
2287 24
2288 11
2289 19
2290 14
2291 13
2292 10
2293 8
2294 16
2295 19
2296 17
2297 14
2298 19
2299 14
2300 13
2301 18
2302 17
2303 14
2304 7
2305 14
2306 12
2307 19
2308 14
2309 20
2310 10
2311 14
2312 16
2313 10
2314 12
2315 18
2316 10
2317 7
2318 16
2319 8
2320 7
2321 12
2322 21
2323 14
2324 13
2325 14
2326 18
2327 22
2328 15
2329 16
2330 16
2331 15
2332 18
2333 20
2334 15
2335 17
2336 12
2337 16
2338 11
2339 10
2340 14
2341 15
2342 11
2343 19
2344 16
2345 13
2346 28
2347 11
2348 12
2349 14
2350 12
2351 14
2352 16
2353 15
2354 29
2355 14
2356 11
2357 11
2358 14
2359 9
2360 9
2361 15
2362 11
2363 18
2364 9
2365 26
2366 17
2367 18
2368 16
2369 6
2370 11
2371 11
2372 14
2373 13
2374 15
2375 13
2376 11
2377 10
2378 19
2379 15
2380 11
2381 9
2382 15
2383 16
2384 10
2385 7
2386 13
2387 18
2388 15
2389 18
2390 18
2391 10
2392 12
2393 17
2394 20
2395 19
2396 15
2397 19
2398 16
2399 8
2400 19
2401 13
2402 15
2403 12
2404 20
2405 11
2406 13
2407 12
2408 23
2409 20
2410 13
2411 18
2412 22
2413 33
2414 20
2415 23
2416 26
2417 29
2418 35
2419 41
2420 45
2421 35
2422 43
2423 52
2424 46
2425 48
2426 55
2427 77
2428 65
2429 88
2430 96
2431 101
2432 81
2433 69
2434 58
2435 61
2436 52
2437 55
2438 70
2439 68
2440 82
2441 70
2442 59
2443 44
2444 45
2445 36
2446 32
2447 36
2448 29
2449 26
2450 27
2451 17
2452 24
2453 15
2454 18
2455 15
2456 14
2457 13
2458 15
2459 14
2460 16
2461 13
2462 13
2463 15
2464 10
2465 10
2466 8
2467 14
2468 12
2469 16
2470 11
2471 14
2472 11
2473 8
2474 7
2475 15
2476 12
2477 14
2478 13
2479 8
2480 13
2481 14
2482 14
2483 16
2484 14
2485 11
2486 8
2487 11
2488 11
2489 14
2490 15
2491 13
2492 19
2493 17
2494 14
2495 10
2496 7
2497 8
2498 13
2499 16
2500 13
2501 17
2502 12
2503 15
2504 13
2505 14
2506 13
2507 16
2508 16
2509 16
2510 19
2511 11
2512 9
2513 11
2514 17
2515 13
2516 8
2517 18
2518 17
2519 9
2520 16
2521 11
2522 11
2523 12
2524 12
2525 16
2526 13
2527 11
2528 13
2529 8
2530 5
2531 19
2532 14
2533 11
2534 10
2535 10
2536 15
2537 8
2538 10
2539 12
2540 6
2541 8
2542 13
2543 9
2544 11
2545 8
2546 11
2547 9
2548 8
2549 9
2550 12
2551 11
2552 6
2553 13
2554 10
2555 8
2556 12
2557 9
2558 16
2559 16
