0 29
1 24
2 27
3 30
4 27
5 19
6 24
7 34
8 28
9 29
10 18
11 31
12 27
13 28
14 26
15 31
16 20
17 35
18 36
19 27
20 15
21 27
22 28
23 26
24 29
25 31
26 34
27 35
28 25
29 30
30 27
31 24
32 31
33 20
34 36
35 26
36 27
37 38
38 25
39 34
40 23
41 19
42 26
43 28
44 15
45 29
46 30
47 26
48 30
49 39
50 32
51 33
52 21
53 19
54 26
55 32
56 32
57 32
58 26
59 32
60 25
61 32
62 31
63 33
64 30
65 20
66 26
67 36
68 23
69 22
70 31
71 27
72 30
73 30
74 23
75 23
76 34
77 40
78 26
79 29
80 16
81 35
82 26
83 20
84 28
85 23
86 25
87 29
88 39
89 22
90 27
91 37
92 27
93 16
94 29
95 22
96 31
97 33
98 24
99 29
100 33
101 27
102 30
103 42
104 27
105 29
106 26
107 25
108 45
109 40
110 44
111 35
112 32
113 21
114 32
115 24
116 30
117 30
118 19
119 28
120 26
121 26
122 29
123 28
124 19
125 27
126 31
127 33
128 34
129 28
130 31
131 32
132 34
133 33
134 31
135 26
136 31
137 24
138 26
139 25
140 37
141 43
142 39
143 24
144 30
145 20
146 38
147 38
148 31
149 28
150 31
151 33
152 31
153 36
154 18
155 35
156 39
157 37
158 25
159 29
160 15
161 34
162 27
163 43
164 23
165 32
166 37
167 36
168 32
169 39
170 29
171 33
172 23
173 30
174 37
175 33
176 29
177 32
178 34
179 30
180 32
181 28
182 31
183 45
184 28
185 43
186 29
187 25
188 28
189 30
190 30
191 34
192 33
193 39
194 33
195 32
196 32
197 42
198 28
199 31
200 35
201 40
202 28
203 32
204 28
205 23
206 38
207 29
208 28
209 35
210 25
211 28
212 34
213 39
214 32
215 31
216 29
217 19
218 24
219 23
220 39
221 30
222 32
223 35
224 27
225 32
226 25
227 23
228 28
229 45
230 30
231 34
232 33
233 21
234 39
235 43
236 30
237 33
238 32
239 28
240 30
241 32
242 34
243 31
244 44
245 41
246 22
247 32
248 31
249 31
250 26
251 32
252 28
253 35
254 24
255 34
256 38
257 30
258 39
259 45
260 41
261 36
262 43
263 33
264 39
265 27
266 36
267 28
268 40
269 25
270 27
271 38
272 31
273 23
274 31
275 34
276 37
277 31
278 29
279 40
280 38
281 39
282 31
283 30
284 35
285 26
286 32
287 30
288 31
289 39
290 36
291 40
292 45
293 30
294 34
295 36
296 37
297 32
298 46
299 38
300 42
301 35
302 27
303 38
304 34
305 35
306 31
307 34
308 39
309 24
310 41
311 28
312 33
313 50
314 26
315 35
316 31
317 42
318 28
319 32
320 33
321 34
322 30
323 20
324 35
325 39
326 27
327 41
328 30
329 31
330 35
331 28
332 27
333 33
334 40
335 32
336 30
337 30
338 32
339 36
340 34
341 31
342 34
343 34
344 32
345 33
346 40
347 37
348 33
349 39
350 19
351 33
352 43
353 34
354 31
355 24
356 38
357 31
358 29
359 36
360 23
361 30
362 36
363 32
364 38
365 33
366 37
367 30
368 33
369 37
370 30
371 36
372 33
373 29
374 27
375 40
376 36
377 38
378 24
379 29
380 37
381 31
382 27
383 24
384 35
385 49
386 39
387 44
388 31
389 50
390 41
391 34
392 28
393 24
394 33
395 41
396 36
397 38
398 43
399 27
400 33
401 42
402 28
403 29
404 37
405 30
406 39
407 32
408 31
409 46
410 41
411 36
412 46
413 33
414 39
415 33
416 36
417 41
418 44
419 38
420 32
421 27
422 37
423 33
424 39
425 39
426 28
427 27
428 32
429 43
430 47
431 28
432 39
433 36
434 33
435 35
436 28
437 33
438 36
439 44
440 46
441 38
442 29
443 30
444 49
445 34
446 27
447 32
448 45
449 21
450 30
451 42
452 38
453 27
454 27
455 38
456 30
457 37
458 36
459 36
460 35
461 34
462 26
463 33
464 44
465 33
466 34
467 37
468 28
469 51
470 34
471 33
472 36
473 25
474 39
475 26
476 36
477 32
478 27
479 42
480 49
481 39
482 52
483 39
484 37
485 37
486 26
487 35
488 39
489 48
490 36
491 30
492 22
493 45
494 32
495 48
496 36
497 37
498 33
499 26
500 23
501 26
502 35
503 34
504 36
505 34
506 37
507 39
508 40
509 25
510 36
511 29
512 37
513 43
514 43
515 28
516 31
517 40
518 39
519 32
520 36
521 34
522 35
523 35
524 31
525 32
526 33
527 37
528 29
529 38
530 31
531 38
532 24
533 36
534 42
535 40
536 49
537 43
538 44
539 35
540 42
541 43
542 47
543 37
544 44
545 53
546 38
547 38
548 35
549 35
550 24
551 31
552 33
553 38
554 35
555 35
556 35
557 43
558 44
559 34
560 40
561 44
562 34
563 33
564 39
565 38
566 39
567 30
568 33
569 45
570 33
571 36
572 49
573 47
574 36
575 48
576 49
577 43
578 50
579 67
580 80
581 88
582 71
583 86
584 118
585 93
586 101
587 95
588 88
589 87
590 86
591 92
592 109
593 139
594 127
595 106
596 109
597 106
598 135
599 131
600 140
601 176
602 161
603 130
604 109
605 87
606 82
607 54
608 38
609 29
610 31
611 39
612 33
613 33
614 32
615 39
616 35
617 32
618 34
619 52
620 31
621 28
622 43
623 35
624 29
625 39
626 31
627 41
628 40
629 54
630 32
631 46
632 44
633 32
634 45
635 31
636 27
637 34
638 38
639 36
640 36
641 26
642 25
643 33
644 34
645 40
646 39
647 37
648 39
649 42
650 37
651 44
652 32
653 31
654 32
655 33
656 26
657 39
658 31
659 49
660 42
661 32
662 37
663 40
664 39
665 46
666 48
667 42
668 27
669 43
670 35
671 42
672 39
673 40
674 32
675 31
676 35
677 50
678 57
679 32
680 43
681 30
682 36
683 33
684 39
685 37
686 45
687 53
688 29
689 30
690 41
691 42
692 36
693 39
694 30
695 42
696 33
697 41
698 35
699 34
700 37
701 46
702 46
703 35
704 37
705 39
706 42
707 37
708 35
709 27
710 30
711 51
712 38
713 39
714 41
715 39
716 31
717 45
718 38
719 42
720 28
721 43
722 36
723 36
724 37
725 37
726 38
727 36
728 31
729 37
730 36
731 37
732 38
733 35
734 38
735 32
736 31
737 33
738 26
739 36
740 36
741 32
742 37
743 33
744 30
745 40
746 31
747 36
748 40
749 23
750 36
751 28
752 24
753 27
754 34
755 29
756 35
757 35
758 36
759 35
760 36
761 34
762 30
763 21
764 47
765 43
766 33
767 44
768 38
769 42
770 37
771 44
772 43
773 35
774 24
775 32
776 30
777 40
778 27
779 37
780 36
781 33
782 42
783 34
784 49
785 29
786 36
787 46
788 46
789 27
790 41
791 29
792 36
793 30
794 39
795 40
796 21
797 21
798 33
799 34
800 39
801 27
802 33
803 34
804 50
805 33
806 32
807 32
808 28
809 39
810 37
811 31
812 31
813 38
814 40
815 34
816 32
817 33
818 37
819 33
820 35
821 39
822 35
823 33
824 41
825 35
826 34
827 30
828 36
829 31
830 41
831 42
832 40
833 31
834 47
835 43
836 39
837 28
838 29
839 29
840 29
841 35
842 46
843 35
844 27
845 38
846 43
847 33
848 35
849 36
850 42
851 32
852 32
853 40
854 30
855 33
856 39
857 26
858 22
859 29
860 36
861 31
862 35
863 43
864 38
865 26
866 26
867 39
868 45
869 41
870 33
871 25
872 38
873 42
874 35
875 31
876 29
877 31
878 50
879 37
880 40
881 26
882 27
883 30
884 39
885 24
886 29
887 34
888 31
889 34
890 43
891 49
892 40
893 41
894 29
895 36
896 29
897 27
898 44
899 41
900 43
901 30
902 18
903 36
904 32
905 33
906 35
907 30
908 38
909 20
910 41
911 34
912 39
913 37
914 32
915 31
916 37
917 43
918 39
919 30
920 39
921 27
922 29
923 32
924 33
925 28
926 25
927 35
928 38
929 38
930 34
931 42
932 37
933 29
934 33
935 33
936 38
937 35
938 27
939 44
940 26
941 42
942 35
943 34
944 36
945 41
946 26
947 33
948 27
949 36
950 30
951 34
952 45
953 25
954 31
955 36
956 27
957 36
958 31
959 32
960 31
961 26
962 27
963 39
964 36
965 31
966 34
967 31
968 32
969 36
970 23
971 39
972 29
973 37
974 32
975 32
976 29
977 28
978 36
979 23
980 32
981 38
982 29
983 34
984 28
985 25
986 25
987 25
988 44
989 33
990 40
991 26
992 29
993 28
994 37
995 32
996 35
997 32
998 21
999 30
1000 36
1001 30
1002 32
1003 29
1004 30
1005 34
1006 30
1007 33
1008 34
1009 30
1010 33
1011 33
1012 36
1013 29
1014 30
1015 30
1016 29
1017 28
1018 31
1019 34
1020 38
1021 25
1022 36
1023 27
1024 45
1025 30
1026 22
1027 29
1028 34
1029 31
1030 33
1031 34
1032 35
1033 34
1034 37
1035 30
1036 37
1037 36
1038 43
1039 38
1040 19
1041 35
1042 30
1043 31
1044 23
1045 29
1046 34
1047 35
1048 30
1049 40
1050 41
1051 36
1052 36
1053 26
1054 27
1055 29
1056 34
1057 29
1058 24
1059 25
1060 42
1061 47
1062 32
1063 23
1064 28
1065 42
1066 35
1067 33
1068 31
1069 39
1070 39
1071 34
1072 37
1073 37
1074 35
1075 53
1076 37
1077 37
1078 33
1079 42
1080 29
1081 29
1082 37
1083 41
1084 39
1085 36
1086 31
1087 34
1088 33
1089 23
1090 30
1091 35
1092 35
1093 26
1094 25
1095 34
1096 25
1097 26
1098 34
1099 37
1100 27
1101 35
1102 43
1103 40
1104 34
1105 37
1106 44
1107 39
1108 55
1109 45
1110 65
1111 72
1112 73
1113 106
1114 111
1115 126
1116 151
1117 171
1118 186
1119 240
1120 282
1121 368
1122 344
1123 392
1124 431
1125 488
1126 496
1127 508
1128 551
1129 460
1130 407
1131 392
1132 343
1133 316
1134 253
1135 194
1136 165
1137 138
1138 149
1139 144
1140 77
1141 63
1142 51
1143 38
1144 34
1145 36
1146 43
1147 24
1148 34
1149 32
1150 29
1151 31
1152 38
1153 25
1154 34
1155 34
1156 28
1157 29
1158 37
1159 37
1160 32
1161 36
1162 26
1163 28
1164 34
1165 30
1166 33
1167 35
1168 39
1169 51
1170 36
1171 38
1172 40
1173 31
1174 29
1175 44
1176 44
1177 24
1178 28
1179 33
1180 31
1181 30
1182 25
1183 21
1184 32
1185 37
1186 29
1187 36
1188 26
1189 28
1190 26
1191 21
1192 37
1193 31
1194 29
1195 32
1196 35
1197 33
1198 34
1199 28
1200 32
1201 37
1202 20
1203 37
1204 34
1205 33
1206 28
1207 27
1208 26
1209 23
1210 36
1211 30
1212 29
1213 21
1214 28
1215 30
1216 40
1217 25
1218 33
1219 28
1220 43
1221 15
1222 28
1223 26
1224 31
1225 29
1226 37
1227 35
1228 19
1229 21
1230 16
1231 28
1232 31
1233 23
1234 29
1235 30
1236 36
1237 33
1238 30
1239 27
1240 20
1241 21
1242 28
1243 33
1244 30
1245 21
1246 26
1247 39
1248 31
1249 22
1250 38
1251 30
1252 31
1253 32
1254 41
1255 33
1256 43
1257 32
1258 34
1259 56
1260 56
1261 43
1262 35
1263 42
1264 51
1265 61
1266 78
1267 54
1268 58
1269 65
1270 55
1271 55
1272 56
1273 74
1274 89
1275 44
1276 35
1277 27
1278 20
1279 10
1280 22
1281 25
1282 31
1283 33
1284 15
1285 22
1286 22
1287 22
1288 29
1289 21
1290 26
1291 22
1292 23
1293 21
1294 30
1295 28
1296 25
1297 25
1298 25
1299 23
1300 24
1301 30
1302 17
1303 15
1304 22
1305 18
1306 30
1307 26
1308 35
1309 23
1310 18
1311 18
1312 30
1313 20
1314 21
1315 26
1316 22
1317 19
1318 28
1319 24
1320 22
1321 23
1322 28
1323 24
1324 33
1325 29
1326 22
1327 22
1328 29
1329 31
1330 32
1331 21
1332 41
1333 39
1334 40
1335 36
1336 38
1337 35
1338 42
1339 41
1340 36
1341 38
1342 49
1343 49
1344 47
1345 69
1346 45
1347 39
1348 36
1349 40
1350 38
1351 40
1352 35
1353 35
1354 22
1355 20
1356 20
1357 32
1358 22
1359 25
1360 26
1361 25
1362 16
1363 29
1364 28
1365 23
1366 25
1367 20
1368 27
1369 26
1370 24
1371 29
1372 25
1373 22
1374 19
1375 29
1376 19
1377 25
1378 24
1379 23
1380 24
1381 20
1382 17
1383 18
1384 16
1385 26
1386 28
1387 25
1388 21
1389 20
1390 27
1391 31
1392 33
1393 24
1394 19
1395 27
1396 10
1397 24
1398 19
1399 18
1400 14
1401 19
1402 23
1403 19
1404 29
1405 27
1406 30
1407 18
1408 28
1409 41
1410 32
1411 31
1412 36
1413 45
1414 37
1415 48
1416 81
1417 88
1418 117
1419 129
1420 111
1421 158
1422 144
1423 169
1424 150
1425 163
1426 195
1427 214
1428 273
1429 333
1430 271
1431 173
1432 142
1433 131
1434 111
1435 104
1436 99
1437 78
1438 76
1439 51
1440 49
1441 29
1442 37
1443 31
1444 31
1445 27
1446 21
1447 24
1448 28
1449 25
1450 20
1451 24
1452 22
1453 21
1454 25
1455 17
1456 28
1457 21
1458 19
1459 21
1460 28
1461 23
1462 13
1463 19
1464 33
1465 20
1466 17
1467 16
1468 17
1469 21
1470 25
1471 21
1472 19
1473 24
1474 18
1475 16
1476 16
1477 24
1478 24
1479 28
1480 23
1481 20
1482 21
1483 27
1484 27
1485 22
1486 30
1487 21
1488 17
1489 18
1490 21
1491 32
1492 15
1493 15
1494 22
1495 21
1496 23
1497 27
1498 21
1499 14
1500 22
1501 18
1502 18
1503 17
1504 24
1505 21
1506 28
1507 19
1508 26
1509 22
1510 29
1511 17
1512 16
1513 20
1514 18
1515 19
1516 18
1517 25
1518 19
1519 27
1520 22
1521 17
1522 22
1523 20
1524 21
1525 19
1526 8
1527 24
1528 17
1529 17
1530 24
1531 18
1532 18
1533 19
1534 21
1535 21
1536 27
1537 19
1538 10
1539 20
1540 20
1541 21
1542 21
1543 17
1544 16
1545 17
1546 19
1547 20
1548 14
1549 23
1550 19
1551 22
1552 24
1553 18
1554 18
1555 25
1556 21
1557 26
1558 23
1559 19
1560 15
1561 21
1562 27
1563 27
1564 21
1565 27
1566 25
1567 22
1568 24
1569 24
1570 26
1571 25
1572 25
1573 22
1574 21
1575 20
1576 30
1577 17
1578 16
1579 24
1580 12
1581 22
1582 23
1583 23
1584 22
1585 21
1586 24
1587 20
1588 23
1589 17
1590 19
1591 20
1592 20
1593 27
1594 19
1595 19
1596 22
1597 17
1598 12
1599 25
1600 23
1601 21
1602 12
1603 18
1604 21
1605 28
1606 26
1607 15
1608 18
1609 18
1610 19
1611 19
1612 21
1613 17
1614 17
1615 29
1616 25
1617 18
1618 16
1619 10
1620 19
1621 20
1622 22
1623 19
1624 17
1625 24
1626 16
1627 23
1628 20
1629 20
1630 16
1631 20
1632 19
1633 23
1634 23
1635 19
1636 18
1637 27
1638 17
1639 16
1640 20
1641 18
1642 25
1643 22
1644 13
1645 19
1646 13
1647 18
1648 17
1649 14
1650 18
1651 21
1652 23
1653 14
1654 11
1655 21
1656 17
1657 19
1658 19
1659 18
1660 24
1661 20
1662 16
1663 21
1664 15
1665 20
1666 16
1667 14
1668 18
1669 17
1670 23
1671 23
1672 14
1673 19
1674 16
1675 21
1676 21
1677 11
1678 22
1679 19
1680 23
1681 28
1682 20
1683 17
1684 20
1685 20
1686 21
1687 17
1688 12
1689 20
1690 16
1691 13
1692 20
1693 21
1694 15
1695 21
1696 16
1697 21
1698 14
1699 24
1700 12
1701 19
1702 18
1703 25
1704 23
1705 26
1706 16
1707 11
1708 17
1709 18
1710 20
1711 14
1712 23
1713 26
1714 17
1715 22
1716 18
1717 15
1718 17
1719 15
1720 21
1721 17
1722 20
1723 14
1724 20
1725 16
1726 12
1727 15
1728 19
1729 12
1730 21
1731 19
1732 13
1733 9
1734 17
1735 10
1736 18
1737 29
1738 10
1739 25
1740 15
1741 23
1742 17
1743 18
1744 21
1745 20
1746 10
1747 20
1748 13
1749 21
1750 22
1751 21
1752 18
1753 17
1754 6
1755 23
1756 19
1757 12
1758 15
1759 19
1760 22
1761 15
1762 15
1763 12
1764 24
1765 20
1766 24
1767 15
1768 21
1769 15
1770 19
1771 27
1772 15
1773 14
1774 30
1775 13
1776 18
1777 17
1778 17
1779 20
1780 13
1781 16
1782 19
1783 19
1784 17
1785 12
1786 14
1787 14
1788 12
1789 17
1790 18
1791 18
1792 17
1793 23
1794 18
1795 15
1796 18
1797 15
1798 22
1799 18
1800 21
1801 16
1802 16
1803 10
1804 17
1805 22
1806 21
1807 14
1808 19
1809 19
1810 16
1811 13
1812 16
1813 16
1814 16
1815 22
1816 20
1817 12
1818 14
1819 21
1820 17
1821 12
1822 21
1823 18
1824 16
1825 20
1826 18
1827 17
1828 21
1829 16
1830 21
1831 14
1832 19
1833 21
1834 15
1835 16
1836 17
1837 18
1838 15
1839 26
1840 18
1841 20
1842 19
1843 27
1844 25
1845 25
1846 24
1847 15
1848 28
1849 20
1850 25
1851 16
1852 20
1853 19
1854 17
1855 22
1856 16
1857 21
1858 18
1859 17
1860 15
1861 14
1862 15
1863 12
1864 11
1865 24
1866 20
1867 17
1868 14
1869 22
1870 17
1871 16
1872 25
1873 15
1874 15
1875 25
1876 22
1877 25
1878 24
1879 20
1880 15
1881 21
1882 23
1883 27
1884 24
1885 24
1886 18
1887 29
1888 19
1889 33
1890 47
1891 46
1892 47
1893 72
1894 69
1895 82
1896 81
1897 97
1898 95
1899 126
1900 122
1901 189
1902 169
1903 151
1904 153
1905 91
1906 115
1907 142
1908 100
1909 117
1910 101
1911 90
1912 59
1913 50
1914 44
1915 35
1916 44
1917 28
1918 24
1919 26
1920 19
1921 25
1922 15
1923 17
1924 16
1925 14
1926 17
1927 21
1928 25
1929 18
1930 19
1931 20
1932 16
1933 22
1934 20
1935 22
1936 13
1937 11
1938 20
1939 15
1940 16
1941 13
1942 23
1943 15
1944 22
1945 20
1946 11
1947 13
1948 12
1949 16
1950 20
1951 17
1952 8
1953 12
1954 19
1955 20
1956 15
1957 23
1958 18
1959 17
1960 16
1961 18
1962 21
1963 20
1964 13
1965 16
1966 18
1967 21
1968 23
1969 19
1970 12
1971 13
1972 14
1973 20
1974 12
1975 17
1976 9
1977 16
1978 8
1979 12
1980 19
1981 12
1982 15
1983 20
1984 17
1985 12
1986 20
1987 9
1988 16
1989 11
1990 17
1991 14
1992 15
1993 15
1994 10
1995 11
1996 9
1997 14
1998 13
1999 15
2000 18
2001 16
2002 14
2003 17
2004 16
2005 13
2006 15
2007 12
2008 15
2009 10
2010 9
2011 19
2012 15
2013 16
2014 12
2015 14
2016 10
2017 15
2018 10
2019 18
2020 14
2021 16
2022 12
2023 14
2024 19
2025 11
2026 13
2027 18
2028 16
2029 15
2030 15
2031 17
2032 18
2033 15
2034 17
2035 19
2036 18
2037 15
2038 24
2039 15
2040 16
2041 22
2042 12
2043 7
2044 7
2045 14
2046 14
2047 20
2048 21
2049 11
2050 23
2051 10
2052 12
2053 17
2054 17
2055 17
2056 19
2057 18
2058 20
2059 19
2060 14
2061 16
2062 28
2063 18
2064 19
2065 9
2066 17
2067 19
2068 21
2069 19
2070 17
2071 14
2072 16
2073 18
2074 22
2075 14
2076 22
2077 14
2078 25
2079 11
2080 13
2081 21
2082 19
2083 16
2084 17
2085 18
2086 17
2087 14
2088 16
2089 16
2090 15
2091 14
2092 10
2093 17
2094 17
2095 13
2096 16
2097 15
2098 10
2099 20
2100 19
2101 21
2102 17
2103 17
2104 14
2105 18
2106 6
2107 10
2108 17
2109 11
2110 19
2111 15
2112 17
2113 14
2114 22
2115 19
2116 12
2117 11
2118 18
2119 15
2120 17
2121 14
2122 14
2123 14
2124 27
2125 17
2126 15
2127 16
2128 19
2129 16
2130 21
2131 16
2132 18
2133 15
2134 15
2135 16
2136 20
2137 25
2138 22
2139 30
2140 28
2141 34
2142 24
2143 34
2144 35
2145 35
2146 50
2147 61
2148 65
2149 93
2150 92
2151 69
2152 102
2153 139
2154 168
2155 198
2156 227
2157 246
2158 330
2159 323
2160 372
2161 445
2162 455
2163 501
2164 472
2165 479
2166 435
2167 528
2168 515
2169 408
2170 313
2171 239
2172 265
2173 275
2174 256
2175 252
2176 267
2177 303
2178 228
2179 135
2180 126
2181 91
2182 66
2183 57
2184 64
2185 48
2186 40
2187 29
2188 31
2189 24
2190 32
2191 15
2192 22
2193 23
2194 17
2195 14
2196 22
2197 17
2198 14
2199 19
2200 18
2201 19
2202 12
2203 17
2204 13
2205 15
2206 18
2207 21
2208 13
2209 11
2210 12
2211 14
2212 8
2213 23
2214 12
2215 18
2216 16
2217 6
2218 15
2219 17
2220 13
2221 13
2222 12
2223 14
2224 12
2225 17
2226 20
2227 18
2228 13
2229 12
2230 13
2231 10
2232 12
2233 11
2234 17
2235 13
2236 6
2237 13
2238 13
2239 13
2240 15
2241 14
2242 20
2243 16
2244 12
2245 11
2246 10
2247 19
2248 12
2249 10
2250 20
2251 15
2252 18
2253 7
2254 12
2255 11
2256 12
2257 14
2258 14
2259 17
2260 12
2261 18
2262 20
2263 13
2264 16
2265 12
2266 19
2267 16
2268 9
2269 17
2270 21
2271 17
2272 12
2273 16
2274 14
2275 18
2276 19
2277 17
2278 15
2279 9
2280 17
2281 14
2282 19
2283 13
2284 17
2285 13
2286 14
2287 11
2288 20
2289 23
2290 12
2291 17
2292 10
2293 22
2294 16
2295 15
2296 15
2297 15
2298 12
2299 18
2300 13
2301 10
2302 11
2303 20
2304 11
2305 13
2306 13
2307 14
2308 7
2309 7
2310 8
2311 10
2312 17
2313 8
2314 12
2315 8
2316 7
2317 14
2318 16
2319 8
2320 13
2321 18
2322 12
2323 18
2324 11
2325 16
2326 10
2327 16
2328 17
2329 13
2330 18
2331 7
2332 11
2333 16
2334 11
2335 9
2336 12
2337 13
2338 12
2339 11
2340 19
2341 10
2342 9
2343 16
2344 15
2345 17
2346 20
2347 19
2348 15
2349 21
2350 15
2351 15
2352 25
2353 25
2354 22
2355 23
2356 28
2357 22
2358 23
2359 25
2360 31
2361 37
2362 33
2363 29
2364 56
2365 74
2366 52
2367 51
2368 53
2369 65
2370 77
2371 71
2372 65
2373 58
2374 87
2375 86
2376 67
2377 72
2378 89
2379 80
2380 110
2381 73
2382 70
2383 81
2384 54
2385 48
2386 65
2387 44
2388 55
2389 54
2390 39
2391 31
2392 35
2393 24
2394 24
2395 14
2396 23
2397 20
2398 24
2399 12
2400 13
2401 10
2402 10
2403 14
2404 16
2405 16
2406 14
2407 15
2408 12
2409 13
2410 10
2411 19
2412 9
2413 10
2414 15
2415 17
2416 15
2417 11
2418 13
2419 20
2420 5
2421 14
2422 17
2423 17
2424 14
2425 14
2426 12
2427 15
2428 7
2429 15
2430 10
2431 7
2432 12
2433 12
2434 12
2435 13
2436 11
2437 10
2438 10
2439 12
2440 8
2441 10
2442 9
2443 4
2444 20
2445 7
2446 13
2447 15
2448 19
2449 12
2450 18
2451 12
2452 8
2453 6
2454 8
2455 14
2456 15
2457 14
2458 7
2459 6
2460 12
2461 8
2462 10
2463 15
2464 14
2465 10
2466 16
2467 7
2468 16
2469 13
2470 10
2471 8
2472 13
2473 7
2474 7
2475 10
2476 16
2477 5
2478 8
2479 10
2480 11
2481 11
2482 9
2483 9
2484 11
2485 17
2486 10
2487 15
2488 7
2489 15
2490 14
2491 11
2492 12
2493 11
2494 17
2495 12
2496 12
2497 14
2498 14
2499 10
2500 14
2501 11
2502 10
2503 9
2504 9
2505 16
2506 11
2507 19
2508 10
2509 7
2510 12
2511 8
2512 18
2513 10
2514 14
2515 9
2516 6
2517 10
2518 6
2519 11
2520 10
2521 14
2522 6
2523 6
2524 11
2525 8
2526 16
2527 10
2528 10
2529 12
2530 9
2531 13
2532 10
2533 11
2534 13
2535 7
2536 16
2537 10
2538 5
2539 17
2540 10
2541 10
2542 10
2543 11
2544 11
2545 5
2546 12
2547 8
2548 11
2549 18
2550 8
2551 15
2552 13
2553 13
2554 10
2555 15
2556 9
2557 6
2558 9
2559 10
