0 49
1 27
2 23
3 30
4 32
5 32
6 31
7 36
8 23
9 30
10 34
11 37
12 34
13 31
14 32
15 26
16 33
17 29
18 40
19 36
20 54
21 25
22 40
23 26
24 30
25 41
26 35
27 30
28 42
29 40
30 37
31 37
32 34
33 26
34 35
35 29
36 27
37 35
38 32
39 21
40 23
41 34
42 29
43 38
44 40
45 34
46 28
47 39
48 26
49 30
50 26
51 27
52 36
53 35
54 26
55 38
56 24
57 28
58 33
59 30
60 43
61 31
62 23
63 29
64 24
65 29
66 26
67 37
68 25
69 35
70 41
71 26
72 36
73 27
74 30
75 34
76 31
77 26
78 35
79 36
80 23
81 33
82 32
83 35
84 29
85 33
86 37
87 30
88 24
89 36
90 25
91 30
92 29
93 29
94 28
95 30
96 27
97 32
98 26
99 33
100 19
101 37
102 32
103 21
104 36
105 36
106 21
107 29
108 28
109 38
110 36
111 24
112 28
113 35
114 32
115 33
116 21
117 35
118 44
119 28
120 42
121 24
122 29
123 34
124 29
125 32
126 37
127 31
128 29
129 38
130 30
131 33
132 37
133 40
134 22
135 35
136 29
137 33
138 32
139 37
140 22
141 36
142 27
143 36
144 24
145 42
146 32
147 32
148 32
149 44
150 34
151 39
152 39
153 33
154 36
155 27
156 37
157 25
158 34
159 25
160 32
161 28
162 41
163 30
164 34
165 23
166 27
167 45
168 30
169 34
170 37
171 34
172 37
173 30
174 33
175 35
176 32
177 41
178 30
179 45
180 26
181 40
182 41
183 26
184 31
185 44
186 30
187 43
188 37
189 40
190 40
191 32
192 27
193 29
194 43
195 23
196 37
197 34
198 35
199 45
200 36
201 26
202 35
203 39
204 24
205 40
206 47
207 37
208 29
209 25
210 35
211 37
212 20
213 48
214 28
215 36
216 27
217 29
218 44
219 33
220 34
221 32
222 31
223 33
224 34
225 41
226 26
227 42
228 40
229 41
230 48
231 27
232 48
233 42
234 36
235 32
236 28
237 44
238 44
239 43
240 37
241 34
242 39
243 35
244 27
245 37
246 38
247 41
248 31
249 40
250 36
251 44
252 46
253 30
254 31
255 37
256 30
257 48
258 45
259 48
260 33
261 44
262 40
263 38
264 31
265 35
266 35
267 49
268 36
269 28
270 37
271 37
272 41
273 34
274 33
275 34
276 35
277 35
278 46
279 40
280 37
281 42
282 46
283 29
284 33
285 41
286 34
287 33
288 34
289 39
290 37
291 29
292 36
293 36
294 33
295 35
296 31
297 21
298 32
299 29
300 39
301 25
302 40
303 44
304 37
305 37
306 29
307 39
308 37
309 37
310 36
311 49
312 34
313 32
314 44
315 35
316 37
317 48
318 42
319 38
320 24
321 34
322 44
323 41
324 31
325 45
326 35
327 32
328 41
329 42
330 49
331 50
332 36
333 40
334 43
335 38
336 35
337 43
338 28
339 40
340 39
341 41
342 28
343 27
344 34
345 25
346 38
347 33
348 34
349 44
350 41
351 46
352 35
353 34
354 48
355 25
356 35
357 32
358 41
359 44
360 41
361 39
362 42
363 38
364 34
365 34
366 35
367 37
368 48
369 37
370 31
371 49
372 28
373 39
374 36
375 43
376 28
377 39
378 45
379 45
380 41
381 25
382 42
383 35
384 35
385 43
386 33
387 37
388 42
389 41
390 48
391 31
392 32
393 38
394 35
395 33
396 36
397 34
398 50
399 43
400 41
401 35
402 41
403 40
404 29
405 42
406 39
407 33
408 33
409 44
410 42
411 30
412 39
413 36
414 39
415 38
416 34
417 36
418 32
419 36
420 33
421 37
422 45
423 32
424 32
425 39
426 49
427 52
428 29
429 48
430 36
431 46
432 48
433 31
434 31
435 32
436 37
437 32
438 46
439 40
440 49
441 30
442 35
443 31
444 35
445 33
446 30
447 32
448 37
449 31
450 30
451 37
452 46
453 37
454 33
455 32
456 40
457 40
458 38
459 28
460 44
461 38
462 35
463 40
464 41
465 33
466 38
467 33
468 32
469 41
470 24
471 34
472 37
473 32
474 39
475 42
476 47
477 37
478 32
479 39
480 26
481 31
482 42
483 37
484 38
485 46
486 44
487 37
488 38
489 37
490 39
491 38
492 41
493 44
494 42
495 40
496 37
497 40
498 35
499 39
500 39
501 31
502 32
503 49
504 47
505 45
506 44
507 37
508 44
509 42
510 31
511 33
512 48
513 46
514 28
515 45
516 41
517 35
518 49
519 38
520 34
521 34
522 32
523 50
524 37
525 48
526 54
527 46
528 45
529 55
530 47
531 52
532 49
533 51
534 49
535 58
536 51
537 61
538 52
539 62
540 75
541 54
542 76
543 66
544 66
545 87
546 85
547 89
548 114
549 135
550 105
551 116
552 104
553 83
554 104
555 139
556 142
557 106
558 85
559 75
560 64
561 52
562 49
563 40
564 41
565 45
566 33
567 34
568 37
569 38
570 31
571 38
572 36
573 37
574 29
575 40
576 48
577 61
578 48
579 44
580 51
581 44
582 46
583 51
584 38
585 30
586 40
587 28
588 46
589 29
590 45
591 46
592 49
593 37
594 35
595 43
596 32
597 31
598 33
599 33
600 32
601 36
602 34
603 43
604 44
605 44
606 37
607 46
608 48
609 41
610 44
611 53
612 46
613 44
614 44
615 44
616 29
617 46
618 45
619 32
620 41
621 33
622 41
623 36
624 31
625 46
626 45
627 38
628 40
629 42
630 33
631 32
632 39
633 37
634 41
635 44
636 37
637 40
638 36
639 30
640 41
641 39
642 32
643 31
644 54
645 42
646 45
647 37
648 36
649 36
650 39
651 28
652 41
653 42
654 50
655 32
656 42
657 42
658 39
659 37
660 24
661 26
662 38
663 32
664 29
665 41
666 41
667 45
668 37
669 40
670 42
671 31
672 38
673 38
674 30
675 31
676 48
677 41
678 38
679 40
680 41
681 48
682 49
683 32
684 42
685 35
686 33
687 31
688 41
689 43
690 40
691 30
692 41
693 43
694 40
695 54
696 34
697 47
698 29
699 35
700 40
701 47
702 40
703 33
704 32
705 39
706 48
707 44
708 41
709 39
710 39
711 43
712 41
713 33
714 24
715 39
716 50
717 41
718 32
719 34
720 39
721 42
722 36
723 40
724 45
725 36
726 37
727 33
728 35
729 51
730 38
731 36
732 47
733 45
734 44
735 47
736 21
737 23
738 43
739 42
740 45
741 38
742 26
743 40
744 51
745 42
746 35
747 50
748 33
749 45
750 21
751 33
752 36
753 38
754 50
755 33
756 47
757 32
758 28
759 39
760 45
761 38
762 35
763 45
764 42
765 35
766 36
767 33
768 43
769 38
770 44
771 40
772 45
773 51
774 39
775 38
776 36
777 31
778 29
779 39
780 32
781 31
782 36
783 38
784 32
785 27
786 35
787 35
788 34
789 35
790 34
791 38
792 36
793 30
794 36
795 40
796 22
797 34
798 43
799 32
800 31
801 39
802 30
803 50
804 34
805 34
806 41
807 47
808 30
809 49
810 35
811 33
812 41
813 41
814 39
815 38
816 45
817 34
818 29
819 28
820 47
821 48
822 38
823 45
824 52
825 30
826 33
827 34
828 33
829 41
830 46
831 27
832 28
833 32
834 25
835 27
836 41
837 37
838 32
839 41
840 35
841 36
842 47
843 34
844 39
845 25
846 35
847 43
848 40
849 28
850 38
851 28
852 31
853 42
854 35
855 45
856 36
857 48
858 38
859 46
860 37
861 37
862 40
863 35
864 36
865 42
866 33
867 26
868 27
869 32
870 39
871 33
872 40
873 47
874 43
875 33
876 43
877 34
878 37
879 40
880 34
881 36
882 34
883 40
884 37
885 28
886 46
887 29
888 26
889 34
890 39
891 38
892 34
893 40
894 44
895 36
896 29
897 42
898 36
899 30
900 32
901 45
902 34
903 32
904 35
905 34
906 38
907 33
908 36
909 39
910 41
911 40
912 37
913 33
914 40
915 42
916 42
917 28
918 36
919 43
920 29
921 41
922 41
923 42
924 31
925 32
926 34
927 25
928 34
929 39
930 31
931 29
932 40
933 43
934 42
935 31
936 36
937 34
938 40
939 29
940 34
941 28
942 29
943 46
944 34
945 36
946 36
947 42
948 39
949 43
950 37
951 39
952 40
953 31
954 38
955 40
956 30
957 34
958 29
959 30
960 31
961 36
962 35
963 35
964 41
965 32
966 32
967 39
968 39
969 31
970 34
971 41
972 30
973 36
974 42
975 35
976 27
977 34
978 34
979 41
980 29
981 22
982 41
983 34
984 34
985 26
986 32
987 34
988 31
989 33
990 27
991 35
992 31
993 38
994 41
995 41
996 41
997 30
998 29
999 28
1000 43
1001 39
1002 40
1003 27
1004 31
1005 35
1006 33
1007 36
1008 41
1009 37
1010 46
1011 23
1012 28
1013 33
1014 33
1015 31
1016 31
1017 43
1018 37
1019 35
1020 41
1021 30
1022 32
1023 44
1024 39
1025 27
1026 47
1027 43
1028 38
1029 33
1030 32
1031 23
1032 32
1033 38
1034 37
1035 40
1036 45
1037 42
1038 44
1039 44
1040 45
1041 36
1042 30
1043 29
1044 38
1045 35
1046 44
1047 47
1048 39
1049 46
1050 47
1051 57
1052 56
1053 102
1054 95
1055 129
1056 123
1057 134
1058 132
1059 137
1060 189
1061 196
1062 213
1063 245
1064 339
1065 352
1066 370
1067 380
1068 413
1069 397
1070 459
1071 479
1072 545
1073 609
1074 501
1075 517
1076 380
1077 289
1078 254
1079 217
1080 149
1081 125
1082 98
1083 64
1084 56
1085 44
1086 42
1087 40
1088 41
1089 36
1090 28
1091 41
1092 29
1093 29
1094 37
1095 28
1096 37
1097 39
1098 36
1099 35
1100 41
1101 37
1102 35
1103 36
1104 31
1105 33
1106 20
1107 31
1108 29
1109 45
1110 42
1111 27
1112 42
1113 39
1114 41
1115 36
1116 25
1117 32
1118 29
1119 27
1120 27
1121 34
1122 30
1123 28
1124 29
1125 42
1126 47
1127 29
1128 39
1129 27
1130 35
1131 27
1132 33
1133 32
1134 37
1135 33
1136 36
1137 31
1138 27
1139 31
1140 28
1141 42
1142 30
1143 34
1144 36
1145 35
1146 33
1147 29
1148 24
1149 32
1150 24
1151 32
1152 45
1153 32
1154 24
1155 30
1156 40
1157 37
1158 46
1159 28
1160 38
1161 27
1162 38
1163 37
1164 31
1165 31
1166 33
1167 33
1168 23
1169 38
1170 25
1171 24
1172 30
1173 38
1174 30
1175 28
1176 23
1177 28
1178 29
1179 32
1180 33
1181 30
1182 36
1183 26
1184 30
1185 39
1186 38
1187 36
1188 31
1189 29
1190 33
1191 27
1192 36
1193 30
1194 27
1195 42
1196 46
1197 40
1198 40
1199 43
1200 66
1201 80
1202 80
1203 74
1204 72
1205 61
1206 67
1207 75
1208 74
1209 74
1210 112
1211 112
1212 79
1213 45
1214 60
1215 56
1216 66
1217 37
1218 53
1219 48
1220 29
1221 41
1222 43
1223 32
1224 30
1225 23
1226 31
1227 32
1228 27
1229 39
1230 36
1231 29
1232 30
1233 25
1234 30
1235 31
1236 24
1237 24
1238 27
1239 34
1240 22
1241 46
1242 42
1243 30
1244 21
1245 26
1246 31
1247 32
1248 40
1249 21
1250 32
1251 28
1252 28
1253 22
1254 29
1255 36
1256 24
1257 27
1258 15
1259 34
1260 30
1261 44
1262 35
1263 22
1264 27
1265 40
1266 27
1267 23
1268 27
1269 26
1270 28
1271 22
1272 12
1273 18
1274 17
1275 26
1276 11
1277 13
1278 19
1279 23
1280 50
1281 54
1282 48
1283 54
1284 31
1285 32
1286 41
1287 36
1288 36
1289 20
1290 28
1291 26
1292 26
1293 28
1294 26
1295 26
1296 21
1297 30
1298 21
1299 21
1300 23
1301 25
1302 28
1303 24
1304 31
1305 33
1306 25
1307 24
1308 24
1309 29
1310 30
1311 15
1312 27
1313 27
1314 31
1315 30
1316 21
1317 26
1318 18
1319 35
1320 26
1321 22
1322 31
1323 25
1324 28
1325 25
1326 22
1327 23
1328 22
1329 30
1330 26
1331 19
1332 27
1333 27
1334 25
1335 21
1336 37
1337 27
1338 27
1339 23
1340 22
1341 37
1342 37
1343 39
1344 51
1345 44
1346 41
1347 69
1348 63
1349 79
1350 80
1351 89
1352 91
1353 84
1354 109
1355 155
1356 162
1357 196
1358 228
1359 221
1360 216
1361 147
1362 153
1363 170
1364 177
1365 175
1366 214
1367 242
1368 207
1369 177
1370 145
1371 117
1372 94
1373 78
1374 53
1375 45
1376 41
1377 27
1378 31
1379 26
1380 24
1381 23
1382 23
1383 22
1384 23
1385 19
1386 25
1387 25
1388 22
1389 17
1390 23
1391 35
1392 24
1393 24
1394 26
1395 23
1396 27
1397 19
1398 28
1399 30
1400 21
1401 31
1402 20
1403 29
1404 22
1405 23
1406 21
1407 25
1408 29
1409 21
1410 18
1411 26
1412 20
1413 21
1414 18
1415 19
1416 21
1417 17
1418 20
1419 22
1420 14
1421 28
1422 23
1423 14
1424 19
1425 18
1426 27
1427 17
1428 29
1429 21
1430 31
1431 23
1432 24
1433 25
1434 26
1435 21
1436 28
1437 23
1438 20
1439 28
1440 22
1441 20
1442 31
1443 27
1444 28
1445 20
1446 17
1447 26
1448 21
1449 18
1450 22
1451 25
1452 18
1453 27
1454 23
1455 20
1456 22
1457 24
1458 33
1459 23
1460 24
1461 21
1462 25
1463 21
1464 26
1465 18
1466 17
1467 18
1468 29
1469 19
1470 19
1471 21
1472 29
1473 29
1474 20
1475 22
1476 21
1477 34
1478 25
1479 19
1480 19
1481 17
1482 27
1483 23
1484 22
1485 17
1486 19
1487 24
1488 19
1489 23
1490 24
1491 20
1492 16
1493 25
1494 22
1495 24
1496 19
1497 34
1498 15
1499 21
1500 15
1501 26
1502 29
1503 20
1504 14
1505 17
1506 15
1507 24
1508 31
1509 25
1510 25
1511 19
1512 20
1513 17
1514 18
1515 24
1516 24
1517 7
1518 23
1519 25
1520 20
1521 18
1522 24
1523 20
1524 16
1525 17
1526 23
1527 17
1528 18
1529 19
1530 18
1531 11
1532 17
1533 16
1534 21
1535 19
1536 25
1537 19
1538 20
1539 18
1540 19
1541 20
1542 17
1543 18
1544 20
1545 24
1546 18
1547 16
1548 21
1549 20
1550 20
1551 26
1552 21
1553 26
1554 18
1555 25
1556 33
1557 18
1558 17
1559 22
1560 19
1561 21
1562 17
1563 26
1564 15
1565 21
1566 19
1567 18
1568 22
1569 25
1570 29
1571 16
1572 23
1573 26
1574 17
1575 17
1576 15
1577 22
1578 28
1579 23
1580 14
1581 24
1582 24
1583 17
1584 16
1585 18
1586 24
1587 18
1588 27
1589 20
1590 15
1591 29
1592 24
1593 22
1594 20
1595 16
1596 16
1597 20
1598 18
1599 17
1600 18
1601 14
1602 19
1603 21
1604 19
1605 20
1606 27
1607 10
1608 11
1609 17
1610 27
1611 13
1612 20
1613 14
1614 24
1615 24
1616 29
1617 20
1618 21
1619 25
1620 18
1621 22
1622 24
1623 21
1624 14
1625 19
1626 18
1627 22
1628 23
1629 17
1630 16
1631 16
1632 15
1633 25
1634 25
1635 15
1636 20
1637 16
1638 16
1639 18
1640 17
1641 26
1642 21
1643 16
1644 16
1645 25
1646 16
1647 21
1648 14
1649 19
1650 18
1651 13
1652 19
1653 16
1654 19
1655 16
1656 23
1657 20
1658 19
1659 25
1660 20
1661 24
1662 19
1663 24
1664 27
1665 20
1666 13
1667 14
1668 26
1669 20
1670 17
1671 12
1672 20
1673 21
1674 25
1675 16
1676 20
1677 14
1678 16
1679 19
1680 12
1681 15
1682 12
1683 11
1684 19
1685 15
1686 16
1687 18
1688 18
1689 19
1690 18
1691 17
1692 14
1693 23
1694 19
1695 25
1696 21
1697 11
1698 12
1699 16
1700 13
1701 20
1702 17
1703 13
1704 22
1705 16
1706 12
1707 11
1708 16
1709 20
1710 21
1711 18
1712 19
1713 11
1714 19
1715 21
1716 29
1717 12
1718 12
1719 23
1720 20
1721 20
1722 19
1723 16
1724 10
1725 10
1726 24
1727 17
1728 16
1729 22
1730 20
1731 19
1732 23
1733 24
1734 14
1735 26
1736 13
1737 14
1738 21
1739 20
1740 22
1741 10
1742 22
1743 19
1744 26
1745 19
1746 15
1747 24
1748 19
1749 23
1750 14
1751 18
1752 20
1753 21
1754 23
1755 16
1756 17
1757 17
1758 13
1759 14
1760 23
1761 26
1762 21
1763 15
1764 17
1765 27
1766 19
1767 23
1768 22
1769 28
1770 20
1771 21
1772 21
1773 15
1774 20
1775 17
1776 19
1777 28
1778 13
1779 15
1780 19
1781 25
1782 25
1783 24
1784 23
1785 24
1786 17
1787 24
1788 29
1789 24
1790 15
1791 14
1792 22
1793 18
1794 20
1795 21
1796 18
1797 18
1798 21
1799 30
1800 17
1801 26
1802 14
1803 32
1804 39
1805 32
1806 40
1807 29
1808 49
1809 36
1810 31
1811 37
1812 38
1813 54
1814 68
1815 61
1816 49
1817 57
1818 69
1819 71
1820 46
1821 57
1822 63
1823 66
1824 89
1825 99
1826 96
1827 96
1828 122
1829 102
1830 88
1831 77
1832 68
1833 62
1834 41
1835 52
1836 56
1837 94
1838 64
1839 30
1840 33
1841 31
1842 19
1843 21
1844 15
1845 10
1846 15
1847 19
1848 20
1849 24
1850 14
1851 17
1852 21
1853 28
1854 22
1855 17
1856 21
1857 12
1858 14
1859 14
1860 22
1861 19
1862 23
1863 19
1864 21
1865 12
1866 13
1867 21
1868 19
1869 16
1870 10
1871 19
1872 19
1873 14
1874 22
1875 17
1876 13
1877 16
1878 21
1879 16
1880 22
1881 15
1882 22
1883 28
1884 17
1885 16
1886 24
1887 23
1888 18
1889 17
1890 20
1891 21
1892 12
1893 25
1894 18
1895 28
1896 19
1897 12
1898 19
1899 14
1900 19
1901 15
1902 26
1903 17
1904 18
1905 19
1906 18
1907 21
1908 11
1909 19
1910 19
1911 16
1912 15
1913 24
1914 21
1915 22
1916 14
1917 14
1918 17
1919 19
1920 21
1921 18
1922 21
1923 17
1924 11
1925 22
1926 22
1927 25
1928 23
1929 17
1930 17
1931 21
1932 21
1933 23
1934 19
1935 22
1936 18
1937 19
1938 17
1939 20
1940 15
1941 13
1942 24
1943 19
1944 24
1945 19
1946 21
1947 9
1948 22
1949 14
1950 16
1951 21
1952 23
1953 16
1954 10
1955 19
1956 22
1957 21
1958 18
1959 10
1960 20
1961 16
1962 21
1963 14
1964 14
1965 17
1966 12
1967 22
1968 19
1969 20
1970 16
1971 17
1972 15
1973 20
1974 15
1975 16
1976 19
1977 12
1978 19
1979 20
1980 19
1981 22
1982 26
1983 22
1984 14
1985 22
1986 16
1987 13
1988 20
1989 16
1990 19
1991 16
1992 19
1993 20
1994 14
1995 13
1996 12
1997 17
1998 16
1999 19
2000 11
2001 9
2002 15
2003 14
2004 19
2005 19
2006 13
2007 18
2008 16
2009 14
2010 26
2011 19
2012 18
2013 18
2014 17
2015 15
2016 12
2017 14
2018 16
2019 18
2020 19
2021 20
2022 20
2023 15
2024 31
2025 8
2026 17
2027 25
2028 18
2029 20
2030 18
2031 15
2032 14
2033 17
2034 15
2035 24
2036 25
2037 10
2038 16
2039 19
2040 14
2041 24
2042 17
2043 19
2044 15
2045 13
2046 16
2047 16
2048 17
2049 27
2050 25
2051 28
2052 24
2053 25
2054 24
2055 27
2056 28
2057 24
2058 33
2059 28
2060 33
2061 33
2062 57
2063 58
2064 51
2065 59
2066 53
2067 82
2068 104
2069 113
2070 148
2071 123
2072 153
2073 178
2074 194
2075 231
2076 301
2077 317
2078 397
2079 418
2080 422
2081 341
2082 366
2083 329
2084 409
2085 436
2086 468
2087 408
2088 357
2089 310
2090 242
2091 170
2092 138
2093 181
2094 171
2095 152
2096 116
2097 75
2098 63
2099 63
2100 58
2101 36
2102 31
2103 37
2104 35
2105 36
2106 28
2107 27
2108 26
2109 22
2110 18
2111 18
2112 12
2113 24
2114 19
2115 20
2116 23
2117 20
2118 18
2119 21
2120 19
2121 14
2122 17
2123 15
2124 15
2125 25
2126 28
2127 21
2128 17
2129 15
2130 14
2131 16
2132 22
2133 23
2134 23
2135 19
2136 8
2137 16
2138 12
2139 11
2140 13
2141 16
2142 20
2143 19
2144 16
2145 17
2146 13
2147 12
2148 19
2149 14
2150 20
2151 12
2152 9
2153 19
2154 20
2155 21
2156 17
2157 16
2158 13
2159 20
2160 16
2161 15
2162 15
2163 18
2164 10
2165 15
2166 10
2167 12
2168 9
2169 11
2170 19
2171 11
2172 8
2173 18
2174 22
2175 21
2176 12
2177 21
2178 17
2179 15
2180 15
2181 14
2182 19
2183 14
2184 15
2185 17
2186 16
2187 21
2188 17
2189 18
2190 13
2191 13
2192 12
2193 15
2194 19
2195 9
2196 23
2197 16
2198 22
2199 21
2200 13
2201 25
2202 20
2203 13
2204 8
2205 20
2206 15
2207 24
2208 10
2209 11
2210 24
2211 18
2212 15
2213 15
2214 18
2215 14
2216 14
2217 18
2218 14
2219 15
2220 13
2221 17
2222 13
2223 14
2224 15
2225 14
2226 19
2227 15
2228 17
2229 18
2230 25
2231 12
2232 12
2233 9
2234 13
2235 14
2236 15
2237 11
2238 13
2239 9
2240 16
2241 10
2242 15
2243 21
2244 22
2245 12
2246 22
2247 12
2248 15
2249 17
2250 13
2251 12
2252 21
2253 14
2254 21
2255 17
2256 11
2257 15
2258 18
2259 17
2260 18
2261 23
2262 19
2263 16
2264 27
2265 26
2266 26
2267 26
2268 23
2269 38
2270 33
2271 37
2272 42
2273 27
2274 33
2275 47
2276 40
2277 51
2278 54
2279 60
2280 61
2281 52
2282 58
2283 59
2284 68
2285 61
2286 84
2287 83
2288 80
2289 67
2290 59
2291 67
2292 75
2293 85
2294 92
2295 69
2296 49
2297 60
2298 55
2299 38
2300 45
2301 39
2302 34
2303 39
2304 30
2305 29
2306 19
2307 17
2308 21
2309 17
2310 13
2311 16
2312 17
2313 18
2314 18
2315 12
2316 15
2317 10
2318 12
2319 9
2320 8
2321 14
2322 6
2323 14
2324 11
2325 20
2326 16
2327 13
2328 12
2329 13
2330 15
2331 16
2332 18
2333 24
2334 12
2335 17
2336 16
2337 10
2338 15
2339 15
2340 5
2341 19
2342 17
2343 19
2344 15
2345 11
2346 12
2347 19
2348 14
2349 11
2350 18
2351 9
2352 9
2353 11
2354 12
2355 16
2356 16
2357 12
2358 14
2359 10
2360 17
2361 13
2362 16
2363 14
2364 12
2365 15
2366 14
2367 11
2368 11
2369 13
2370 14
2371 12
2372 11
2373 12
2374 12
2375 16
2376 13
2377 6
2378 18
2379 15
2380 10
2381 10
2382 13
2383 15
2384 12
2385 10
2386 10
2387 15
2388 11
2389 16
2390 12
2391 9
2392 15
2393 13
2394 14
2395 8
2396 19
2397 19
2398 15
2399 9
2400 15
2401 12
2402 10
2403 10
2404 9
2405 15
2406 17
2407 11
2408 15
2409 13
2410 10
2411 12
2412 13
2413 13
2414 9
2415 15
2416 7
2417 10
2418 13
2419 12
2420 13
2421 17
2422 11
2423 4
2424 16
2425 14
2426 14
2427 19
2428 14
2429 21
2430 14
2431 14
2432 18
2433 4
2434 6
2435 7
2436 9
2437 13
2438 12
2439 11
2440 14
2441 17
2442 7
2443 12
2444 14
2445 16
2446 10
2447 8
2448 8
2449 10
2450 8
2451 14
2452 18
2453 14
2454 10
2455 11
2456 10
2457 14
2458 13
2459 17
2460 22
2461 12
2462 13
2463 15
2464 16
2465 10
2466 11
2467 18
2468 15
2469 14
2470 10
2471 8
2472 5
2473 19
2474 12
2475 7
2476 8
2477 18
2478 15
2479 10
2480 15
2481 13
2482 14
2483 13
2484 9
2485 7
2486 16
2487 16
2488 13
2489 14
2490 10
2491 11
2492 11
2493 10
2494 15
2495 10
2496 13
2497 6
2498 11
2499 11
2500 12
2501 8
2502 14
2503 13
2504 18
2505 15
2506 7
2507 16
2508 12
2509 14
2510 10
2511 15
2512 8
2513 8
2514 12
2515 6
2516 13
2517 13
2518 19
2519 12
2520 9
2521 12
2522 6
2523 14
2524 11
2525 12
2526 13
2527 11
2528 7
2529 9
2530 9
2531 11
2532 14
2533 14
2534 14
2535 10
2536 9
2537 8
2538 14
2539 18
2540 8
2541 16
2542 11
2543 13
2544 8
2545 16
2546 12
2547 16
2548 13
2549 15
2550 21
2551 12
2552 13
2553 19
2554 14
2555 8
2556 18
2557 26
2558 26
2559 28
