0 40
1 24
2 40
3 24
4 33
5 23
6 26
7 29
8 26
9 34
10 18
11 25
12 22
13 19
14 26
15 23
16 24
17 29
18 25
19 32
20 20
21 20
22 28
23 38
24 26
25 32
26 27
27 39
28 28
29 21
30 29
31 32
32 28
33 24
34 32
35 22
36 38
37 30
38 27
39 32
40 32
41 20
42 15
43 24
44 26
45 29
46 31
47 36
48 31
49 38
50 32
51 29
52 31
53 24
54 20
55 30
56 24
57 30
58 29
59 30
60 28
61 28
62 26
63 34
64 25
65 26
66 35
67 29
68 29
69 30
70 31
71 33
72 27
73 23
74 23
75 31
76 27
77 25
78 31
79 23
80 33
81 29
82 20
83 38
84 28
85 26
86 22
87 19
88 33
89 26
90 36
91 25
92 37
93 29
94 27
95 29
96 29
97 25
98 24
99 25
100 22
101 28
102 33
103 24
104 27
105 26
106 30
107 19
108 19
109 30
110 31
111 22
112 38
113 26
114 27
115 39
116 25
117 28
118 31
119 29
120 25
121 23
122 24
123 21
124 38
125 39
126 22
127 29
128 41
129 27
130 38
131 34
132 34
133 37
134 13
135 26
136 35
137 29
138 28
139 28
140 17
141 32
142 29
143 38
144 40
145 25
146 36
147 33
148 41
149 38
150 17
151 24
152 24
153 27
154 28
155 27
156 26
157 34
158 26
159 31
160 24
161 25
162 30
163 25
164 21
165 28
166 41
167 24
168 36
169 33
170 27
171 27
172 24
173 35
174 25
175 26
176 47
177 33
178 33
179 36
180 29
181 40
182 27
183 26
184 29
185 30
186 29
187 28
188 27
189 38
190 22
191 30
192 35
193 32
194 33
195 32
196 22
197 38
198 26
199 27
200 32
201 25
202 24
203 32
204 28
205 38
206 36
207 25
208 25
209 33
210 29
211 31
212 32
213 31
214 23
215 37
216 33
217 35
218 24
219 36
220 33
221 27
222 17
223 22
224 33
225 28
226 26
227 32
228 33
229 29
230 32
231 23
232 33
233 39
234 36
235 37
236 32
237 30
238 28
239 31
240 33
241 54
242 25
243 30
244 37
245 20
246 36
247 37
248 36
249 30
250 41
251 31
252 34
253 37
254 32
255 35
256 27
257 34
258 30
259 22
260 28
261 24
262 34
263 32
264 31
265 37
266 32
267 45
268 37
269 29
270 30
271 28
272 54
273 37
274 28
275 25
276 35
277 37
278 22
279 45
280 40
281 23
282 26
283 31
284 29
285 40
286 36
287 25
288 27
289 39
290 26
291 32
292 39
293 29
294 36
295 34
296 29
297 46
298 35
299 36
300 34
301 31
302 40
303 39
304 32
305 23
306 35
307 29
308 40
309 31
310 28
311 49
312 41
313 29
314 32
315 30
316 30
317 23
318 33
319 33
320 38
321 36
322 30
323 31
324 25
325 32
326 27
327 35
328 39
329 28
330 33
331 27
332 40
333 34
334 30
335 41
336 25
337 40
338 27
339 48
340 31
341 50
342 41
343 37
344 34
345 41
346 34
347 32
348 41
349 32
350 36
351 29
352 34
353 30
354 31
355 29
356 42
357 22
358 38
359 31
360 36
361 33
362 19
363 35
364 33
365 34
366 38
367 27
368 40
369 36
370 36
371 30
372 40
373 39
374 43
375 25
376 32
377 38
378 22
379 36
380 30
381 27
382 33
383 36
384 38
385 28
386 43
387 45
388 37
389 40
390 38
391 39
392 39
393 41
394 20
395 42
396 31
397 32
398 42
399 34
400 36
401 35
402 28
403 45
404 51
405 29
406 30
407 32
408 37
409 43
410 40
411 41
412 51
413 32
414 29
415 34
416 41
417 38
418 36
419 38
420 36
421 32
422 30
423 36
424 40
425 36
426 31
427 32
428 42
429 33
430 33
431 31
432 36
433 31
434 25
435 28
436 42
437 23
438 50
439 34
440 45
441 22
442 37
443 29
444 32
445 35
446 37
447 47
448 34
449 35
450 30
451 38
452 34
453 44
454 37
455 45
456 36
457 38
458 42
459 35
460 43
461 34
462 30
463 38
464 31
465 38
466 39
467 29
468 28
469 31
470 40
471 40
472 30
473 34
474 39
475 24
476 33
477 24
478 33
479 30
480 37
481 43
482 28
483 32
484 39
485 33
486 45
487 34
488 39
489 36
490 33
491 38
492 23
493 27
494 48
495 42
496 38
497 26
498 45
499 34
500 30
501 38
502 50
503 42
504 38
505 37
506 36
507 43
508 36
509 23
510 37
511 40
512 44
513 29
514 35
515 51
516 48
517 38
518 34
519 22
520 38
521 30
522 30
523 31
524 25
525 29
526 39
527 44
528 43
529 41
530 41
531 36
532 43
533 41
534 39
535 29
536 51
537 37
538 46
539 33
540 30
541 48
542 43
543 41
544 35
545 34
546 37
547 25
548 38
549 19
550 37
551 42
552 37
553 41
554 41
555 34
556 23
557 43
558 55
559 58
560 42
561 52
562 40
563 60
564 53
565 57
566 43
567 39
568 45
569 46
570 48
571 56
572 67
573 57
574 59
575 45
576 52
577 61
578 65
579 58
580 65
581 75
582 75
583 78
584 78
585 89
586 98
587 91
588 100
589 95
590 87
591 125
592 114
593 94
594 74
595 57
596 67
597 51
598 51
599 48
600 29
601 40
602 48
603 42
604 40
605 38
606 39
607 42
608 48
609 44
610 31
611 27
612 35
613 49
614 35
615 26
616 31
617 30
618 27
619 33
620 33
621 45
622 32
623 34
624 31
625 33
626 51
627 37
628 38
629 42
630 40
631 31
632 39
633 47
634 40
635 33
636 45
637 39
638 41
639 35
640 33
641 40
642 39
643 35
644 35
645 36
646 35
647 31
648 29
649 42
650 41
651 34
652 46
653 38
654 45
655 37
656 45
657 29
658 47
659 30
660 41
661 39
662 37
663 37
664 26
665 44
666 44
667 36
668 44
669 41
670 44
671 29
672 43
673 30
674 33
675 35
676 38
677 39
678 33
679 43
680 35
681 36
682 38
683 28
684 36
685 27
686 29
687 32
688 36
689 48
690 32
691 47
692 40
693 39
694 30
695 36
696 33
697 31
698 43
699 40
700 39
701 46
702 40
703 47
704 39
705 31
706 41
707 29
708 30
709 33
710 35
711 41
712 35
713 36
714 41
715 32
716 37
717 30
718 29
719 39
720 33
721 31
722 39
723 41
724 45
725 29
726 47
727 27
728 31
729 43
730 33
731 32
732 46
733 26
734 39
735 36
736 34
737 39
738 34
739 31
740 31
741 44
742 43
743 38
744 44
745 37
746 34
747 46
748 27
749 28
750 33
751 23
752 31
753 37
754 38
755 30
756 35
757 40
758 25
759 33
760 28
761 32
762 40
763 34
764 36
765 29
766 25
767 31
768 33
769 35
770 34
771 44
772 33
773 40
774 38
775 35
776 38
777 34
778 25
779 37
780 36
781 40
782 38
783 39
784 38
785 44
786 42
787 37
788 35
789 50
790 40
791 31
792 42
793 53
794 35
795 29
796 44
797 32
798 28
799 28
800 41
801 42
802 42
803 34
804 35
805 42
806 34
807 43
808 39
809 32
810 39
811 42
812 42
813 36
814 37
815 36
816 31
817 36
818 42
819 46
820 22
821 39
822 41
823 33
824 24
825 20
826 26
827 29
828 31
829 31
830 45
831 39
832 35
833 39
834 41
835 36
836 27
837 36
838 27
839 29
840 31
841 38
842 49
843 33
844 28
845 35
846 33
847 35
848 35
849 37
850 25
851 30
852 23
853 37
854 42
855 25
856 32
857 36
858 36
859 34
860 28
861 30
862 30
863 36
864 35
865 30
866 36
867 47
868 41
869 39
870 34
871 39
872 37
873 39
874 33
875 44
876 23
877 30
878 36
879 30
880 43
881 30
882 34
883 42
884 30
885 27
886 37
887 39
888 38
889 27
890 39
891 36
892 35
893 28
894 37
895 37
896 24
897 28
898 29
899 35
900 27
901 29
902 42
903 40
904 37
905 34
906 31
907 28
908 51
909 29
910 23
911 37
912 40
913 32
914 34
915 43
916 38
917 32
918 26
919 33
920 34
921 40
922 36
923 48
924 34
925 34
926 29
927 48
928 32
929 39
930 24
931 55
932 28
933 31
934 32
935 25
936 31
937 35
938 27
939 42
940 38
941 48
942 36
943 25
944 48
945 26
946 32
947 39
948 35
949 37
950 40
951 29
952 27
953 32
954 40
955 26
956 30
957 40
958 38
959 25
960 37
961 41
962 34
963 38
964 33
965 28
966 24
967 44
968 31
969 34
970 32
971 32
972 22
973 40
974 46
975 24
976 29
977 42
978 36
979 31
980 32
981 33
982 30
983 31
984 34
985 34
986 31
987 32
988 33
989 31
990 33
991 28
992 30
993 35
994 27
995 33
996 39
997 30
998 33
999 36
1000 28
1001 26
1002 30
1003 29
1004 29
1005 45
1006 34
1007 35
1008 44
1009 40
1010 35
1011 35
1012 31
1013 29
1014 30
1015 24
1016 40
1017 33
1018 37
1019 32
1020 38
1021 27
1022 30
1023 34
1024 32
1025 30
1026 37
1027 28
1028 40
1029 38
1030 35
1031 30
1032 33
1033 40
1034 31
1035 31
1036 30
1037 39
1038 26
1039 43
1040 32
1041 42
1042 44
1043 37
1044 28
1045 27
1046 37
1047 30
1048 43
1049 30
1050 36
1051 45
1052 27
1053 30
1054 39
1055 32
1056 29
1057 37
1058 36
1059 41
1060 38
1061 28
1062 36
1063 32
1064 37
1065 31
1066 38
1067 28
1068 34
1069 27
1070 28
1071 40
1072 33
1073 41
1074 29
1075 22
1076 35
1077 28
1078 30
1079 37
1080 32
1081 28
1082 37
1083 32
1084 38
1085 30
1086 31
1087 33
1088 30
1089 43
1090 29
1091 28
1092 40
1093 51
1094 43
1095 44
1096 65
1097 49
1098 85
1099 85
1100 88
1101 90
1102 119
1103 165
1104 153
1105 166
1106 218
1107 257
1108 224
1109 230
1110 326
1111 406
1112 460
1113 476
1114 527
1115 543
1116 469
1117 518
1118 528
1119 463
1120 418
1121 377
1122 314
1123 298
1124 228
1125 179
1126 115
1127 81
1128 55
1129 32
1130 34
1131 31
1132 37
1133 29
1134 34
1135 30
1136 30
1137 24
1138 32
1139 32
1140 35
1141 27
1142 33
1143 34
1144 35
1145 43
1146 27
1147 45
1148 31
1149 39
1150 41
1151 34
1152 23
1153 37
1154 32
1155 27
1156 33
1157 40
1158 28
1159 25
1160 35
1161 23
1162 21
1163 23
1164 25
1165 30
1166 24
1167 26
1168 23
1169 29
1170 24
1171 21
1172 30
1173 22
1174 30
1175 42
1176 30
1177 28
1178 24
1179 30
1180 32
1181 38
1182 22
1183 35
1184 33
1185 26
1186 22
1187 24
1188 29
1189 37
1190 27
1191 24
1192 23
1193 25
1194 24
1195 32
1196 34
1197 36
1198 39
1199 25
1200 31
1201 31
1202 33
1203 30
1204 34
1205 34
1206 34
1207 33
1208 29
1209 21
1210 29
1211 32
1212 21
1213 24
1214 24
1215 30
1216 30
1217 27
1218 32
1219 29
1220 33
1221 27
1222 19
1223 32
1224 26
1225 32
1226 29
1227 30
1228 36
1229 36
1230 35
1231 26
1232 39
1233 27
1234 36
1235 23
1236 27
1237 36
1238 45
1239 43
1240 53
1241 46
1242 28
1243 50
1244 53
1245 56
1246 37
1247 30
1248 41
1249 59
1250 53
1251 52
1252 65
1253 68
1254 62
1255 39
1256 44
1257 47
1258 48
1259 41
1260 46
1261 30
1262 44
1263 38
1264 34
1265 29
1266 33
1267 31
1268 29
1269 22
1270 27
1271 16
1272 16
1273 16
1274 18
1275 26
1276 21
1277 13
1278 19
1279 16
1280 28
1281 32
1282 21
1283 19
1284 21
1285 23
1286 19
1287 25
1288 18
1289 20
1290 19
1291 23
1292 23
1293 30
1294 25
1295 26
1296 25
1297 18
1298 19
1299 24
1300 21
1301 14
1302 22
1303 21
1304 30
1305 25
1306 23
1307 25
1308 34
1309 25
1310 27
1311 29
1312 35
1313 21
1314 34
1315 32
1316 34
1317 28
1318 29
1319 28
1320 36
1321 30
1322 25
1323 34
1324 29
1325 35
1326 33
1327 32
1328 32
1329 31
1330 23
1331 33
1332 37
1333 37
1334 37
1335 35
1336 25
1337 37
1338 34
1339 27
1340 21
1341 32
1342 24
1343 17
1344 21
1345 30
1346 19
1347 22
1348 26
1349 20
1350 20
1351 22
1352 21
1353 24
1354 20
1355 32
1356 23
1357 19
1358 20
1359 19
1360 17
1361 19
1362 23
1363 24
1364 27
1365 17
1366 26
1367 30
1368 20
1369 21
1370 21
1371 23
1372 24
1373 32
1374 26
1375 30
1376 23
1377 26
1378 16
1379 24
1380 18
1381 22
1382 17
1383 28
1384 27
1385 25
1386 25
1387 21
1388 21
1389 22
1390 27
1391 23
1392 43
1393 29
1394 26
1395 34
1396 44
1397 32
1398 48
1399 45
1400 53
1401 60
1402 72
1403 74
1404 102
1405 128
1406 100
1407 113
1408 112
1409 116
1410 96
1411 158
1412 207
1413 220
1414 200
1415 202
1416 242
1417 205
1418 181
1419 152
1420 143
1421 122
1422 82
1423 54
1424 51
1425 40
1426 46
1427 49
1428 28
1429 23
1430 30
1431 35
1432 24
1433 25
1434 22
1435 31
1436 25
1437 20
1438 27
1439 23
1440 31
1441 29
1442 22
1443 20
1444 23
1445 23
1446 24
1447 24
1448 19
1449 18
1450 19
1451 27
1452 22
1453 27
1454 21
1455 18
1456 17
1457 24
1458 20
1459 19
1460 10
1461 16
1462 18
1463 17
1464 27
1465 16
1466 18
1467 15
1468 16
1469 25
1470 25
1471 25
1472 26
1473 19
1474 25
1475 20
1476 21
1477 25
1478 18
1479 20
1480 17
1481 17
1482 16
1483 16
1484 17
1485 24
1486 19
1487 24
1488 27
1489 14
1490 24
1491 19
1492 20
1493 29
1494 17
1495 26
1496 14
1497 19
1498 18
1499 15
1500 18
1501 18
1502 23
1503 21
1504 20
1505 23
1506 17
1507 24
1508 27
1509 19
1510 20
1511 18
1512 25
1513 17
1514 17
1515 11
1516 26
1517 22
1518 18
1519 19
1520 21
1521 21
1522 14
1523 25
1524 14
1525 16
1526 14
1527 23
1528 16
1529 21
1530 13
1531 21
1532 20
1533 12
1534 17
1535 22
1536 17
1537 24
1538 28
1539 27
1540 22
1541 17
1542 23
1543 24
1544 19
1545 15
1546 21
1547 25
1548 17
1549 16
1550 22
1551 18
1552 18
1553 21
1554 21
1555 19
1556 15
1557 23
1558 27
1559 18
1560 24
1561 17
1562 18
1563 23
1564 15
1565 29
1566 14
1567 32
1568 21
1569 12
1570 31
1571 22
1572 29
1573 22
1574 24
1575 23
1576 24
1577 12
1578 16
1579 22
1580 17
1581 20
1582 16
1583 18
1584 19
1585 9
1586 25
1587 18
1588 15
1589 24
1590 18
1591 26
1592 17
1593 18
1594 20
1595 24
1596 17
1597 16
1598 19
1599 19
1600 10
1601 23
1602 22
1603 11
1604 11
1605 17
1606 16
1607 14
1608 18
1609 17
1610 20
1611 22
1612 15
1613 25
1614 23
1615 17
1616 20
1617 14
1618 18
1619 20
1620 25
1621 22
1622 16
1623 21
1624 13
1625 26
1626 30
1627 31
1628 29
1629 30
1630 17
1631 13
1632 11
1633 27
1634 11
1635 17
1636 25
1637 9
1638 18
1639 19
1640 23
1641 16
1642 19
1643 17
1644 19
1645 17
1646 16
1647 24
1648 15
1649 16
1650 16
1651 21
1652 18
1653 24
1654 17
1655 18
1656 18
1657 14
1658 25
1659 17
1660 17
1661 19
1662 22
1663 15
1664 16
1665 21
1666 22
1667 19
1668 22
1669 15
1670 16
1671 16
1672 12
1673 13
1674 17
1675 21
1676 16
1677 14
1678 18
1679 21
1680 19
1681 19
1682 19
1683 16
1684 25
1685 29
1686 13
1687 25
1688 17
1689 18
1690 17
1691 19
1692 25
1693 20
1694 16
1695 23
1696 18
1697 21
1698 20
1699 13
1700 12
1701 11
1702 24
1703 20
1704 17
1705 16
1706 16
1707 23
1708 24
1709 26
1710 17
1711 19
1712 11
1713 16
1714 17
1715 12
1716 13
1717 30
1718 12
1719 14
1720 19
1721 16
1722 24
1723 19
1724 29
1725 16
1726 20
1727 17
1728 23
1729 16
1730 18
1731 18
1732 13
1733 21
1734 21
1735 18
1736 15
1737 23
1738 17
1739 18
1740 23
1741 19
1742 17
1743 19
1744 20
1745 18
1746 13
1747 12
1748 14
1749 24
1750 13
1751 21
1752 21
1753 22
1754 25
1755 16
1756 16
1757 10
1758 17
1759 17
1760 20
1761 9
1762 14
1763 21
1764 21
1765 27
1766 19
1767 18
1768 16
1769 13
1770 18
1771 15
1772 19
1773 22
1774 22
1775 19
1776 21
1777 15
1778 16
1779 25
1780 22
1781 16
1782 10
1783 19
1784 17
1785 10
1786 17
1787 21
1788 19
1789 16
1790 10
1791 26
1792 22
1793 21
1794 23
1795 8
1796 17
1797 21
1798 19
1799 17
1800 22
1801 19
1802 14
1803 14
1804 18
1805 11
1806 23
1807 18
1808 14
1809 12
1810 18
1811 17
1812 22
1813 17
1814 21
1815 18
1816 11
1817 22
1818 26
1819 14
1820 14
1821 14
1822 17
1823 7
1824 25
1825 29
1826 30
1827 19
1828 25
1829 25
1830 21
1831 15
1832 19
1833 28
1834 25
1835 23
1836 22
1837 18
1838 14
1839 17
1840 25
1841 14
1842 20
1843 13
1844 16
1845 19
1846 18
1847 18
1848 21
1849 13
1850 16
1851 21
1852 14
1853 14
1854 21
1855 21
1856 26
1857 21
1858 22
1859 18
1860 21
1861 17
1862 20
1863 17
1864 25
1865 21
1866 33
1867 23
1868 20
1869 25
1870 33
1871 28
1872 42
1873 40
1874 44
1875 49
1876 62
1877 91
1878 149
1879 161
1880 113
1881 99
1882 89
1883 94
1884 125
1885 171
1886 195
1887 146
1888 132
1889 128
1890 86
1891 75
1892 72
1893 102
1894 110
1895 100
1896 89
1897 59
1898 51
1899 47
1900 51
1901 46
1902 26
1903 30
1904 25
1905 17
1906 27
1907 18
1908 21
1909 21
1910 18
1911 19
1912 12
1913 13
1914 8
1915 15
1916 15
1917 18
1918 22
1919 18
1920 15
1921 23
1922 17
1923 21
1924 16
1925 14
1926 23
1927 23
1928 26
1929 10
1930 10
1931 23
1932 15
1933 21
1934 16
1935 18
1936 21
1937 15
1938 17
1939 17
1940 11
1941 21
1942 20
1943 15
1944 24
1945 19
1946 19
1947 17
1948 17
1949 16
1950 16
1951 13
1952 13
1953 17
1954 17
1955 13
1956 12
1957 17
1958 13
1959 11
1960 17
1961 8
1962 19
1963 16
1964 18
1965 11
1966 25
1967 22
1968 21
1969 11
1970 14
1971 18
1972 13
1973 15
1974 10
1975 11
1976 8
1977 15
1978 8
1979 19
1980 13
1981 17
1982 10
1983 14
1984 10
1985 12
1986 15
1987 16
1988 10
1989 8
1990 13
1991 16
1992 11
1993 14
1994 19
1995 14
1996 13
1997 17
1998 16
1999 17
2000 11
2001 16
2002 12
2003 16
2004 20
2005 20
2006 11
2007 18
2008 16
2009 16
2010 19
2011 11
2012 14
2013 19
2014 13
2015 10
2016 23
2017 15
2018 28
2019 12
2020 11
2021 20
2022 9
2023 18
2024 17
2025 10
2026 18
2027 20
2028 20
2029 18
2030 12
2031 19
2032 16
2033 25
2034 7
2035 15
2036 17
2037 22
2038 16
2039 8
2040 18
2041 17
2042 16
2043 18
2044 22
2045 24
2046 16
2047 19
2048 17
2049 20
2050 20
2051 16
2052 9
2053 12
2054 10
2055 12
2056 20
2057 13
2058 16
2059 10
2060 21
2061 24
2062 17
2063 16
2064 25
2065 22
2066 17
2067 8
2068 16
2069 12
2070 21
2071 17
2072 14
2073 15
2074 14
2075 18
2076 10
2077 16
2078 14
2079 19
2080 16
2081 20
2082 20
2083 18
2084 16
2085 17
2086 21
2087 20
2088 17
2089 18
2090 14
2091 9
2092 21
2093 15
2094 17
2095 13
2096 17
2097 14
2098 14
2099 23
2100 23
2101 14
2102 14
2103 11
2104 11
2105 15
2106 10
2107 19
2108 17
2109 13
2110 16
2111 12
2112 20
2113 26
2114 23
2115 23
2116 13
2117 26
2118 21
2119 25
2120 19
2121 25
2122 27
2123 28
2124 43
2125 35
2126 24
2127 45
2128 39
2129 29
2130 53
2131 66
2132 77
2133 101
2134 124
2135 129
2136 155
2137 139
2138 163
2139 199
2140 247
2141 288
2142 301
2143 308
2144 333
2145 409
2146 433
2147 409
2148 401
2149 429
2150 502
2151 415
2152 389
2153 289
2154 273
2155 277
2156 302
2157 254
2158 268
2159 235
2160 207
2161 137
2162 140
2163 127
2164 98
2165 101
2166 64
2167 64
2168 46
2169 34
2170 34
2171 20
2172 23
2173 24
2174 16
2175 18
2176 12
2177 16
2178 11
2179 19
2180 17
2181 15
2182 12
2183 17
2184 19
2185 16
2186 18
2187 25
2188 22
2189 7
2190 17
2191 22
2192 13
2193 15
2194 17
2195 10
2196 20
2197 14
2198 17
2199 16
2200 12
2201 14
2202 15
2203 12
2204 10
2205 15
2206 16
2207 16
2208 8
2209 18
2210 17
2211 12
2212 11
2213 15
2214 12
2215 21
2216 11
2217 15
2218 13
2219 13
2220 17
2221 13
2222 12
2223 18
2224 15
2225 16
2226 14
2227 11
2228 16
2229 12
2230 11
2231 17
2232 15
2233 18
2234 18
2235 14
2236 16
2237 15
2238 16
2239 15
2240 14
2241 15
2242 12
2243 12
2244 16
2245 16
2246 15
2247 13
2248 14
2249 9
2250 18
2251 14
2252 15
2253 21
2254 20
2255 9
2256 19
2257 11
2258 13
2259 8
2260 19
2261 12
2262 18
2263 20
2264 17
2265 13
2266 17
2267 14
2268 14
2269 12
2270 20
2271 12
2272 21
2273 20
2274 19
2275 16
2276 17
2277 13
2278 14
2279 16
2280 24
2281 14
2282 11
2283 23
2284 16
2285 12
2286 16
2287 19
2288 15
2289 15
2290 12
2291 12
2292 10
2293 14
2294 17
2295 15
2296 14
2297 13
2298 8
2299 18
2300 14
2301 14
2302 18
2303 15
2304 11
2305 6
2306 10
2307 14
2308 18
2309 11
2310 13
2311 12
2312 11
2313 15
2314 10
2315 19
2316 12
2317 11
2318 11
2319 18
2320 17
2321 17
2322 13
2323 11
2324 17
2325 10
2326 16
2327 16
2328 18
2329 19
2330 16
2331 17
2332 16
2333 11
2334 25
2335 23
2336 23
2337 16
2338 28
2339 30
2340 23
2341 19
2342 21
2343 27
2344 40
2345 33
2346 44
2347 58
2348 40
2349 43
2350 71
2351 75
2352 102
2353 91
2354 65
2355 70
2356 76
2357 103
2358 108
2359 100
2360 93
2361 93
2362 90
2363 96
2364 89
2365 63
2366 60
2367 64
2368 53
2369 52
2370 34
2371 35
2372 26
2373 20
2374 12
2375 22
2376 21
2377 19
2378 16
2379 21
2380 11
2381 14
2382 11
2383 14
2384 15
2385 14
2386 15
2387 23
2388 13
2389 14
2390 12
2391 17
2392 10
2393 16
2394 16
2395 11
2396 15
2397 14
2398 16
2399 15
2400 14
2401 15
2402 13
2403 13
2404 12
2405 14
2406 13
2407 9
2408 15
2409 10
2410 12
2411 19
2412 22
2413 11
2414 8
2415 11
2416 8
2417 9
2418 12
2419 9
2420 11
2421 9
2422 14
2423 9
2424 11
2425 14
2426 12
2427 11
2428 7
2429 10
2430 14
2431 13
2432 14
2433 12
2434 14
2435 11
2436 12
2437 13
2438 8
2439 13
2440 11
2441 21
2442 7
2443 13
2444 17
2445 11
2446 12
2447 8
2448 15
2449 11
2450 12
2451 11
2452 9
2453 15
2454 12
2455 14
2456 13
2457 10
2458 8
2459 8
2460 12
2461 17
2462 15
2463 11
2464 9
2465 3
2466 10
2467 12
2468 11
2469 12
2470 15
2471 11
2472 17
2473 11
2474 12
2475 11
2476 9
2477 11
2478 14
2479 8
2480 8
2481 12
2482 7
2483 11
2484 13
2485 13
2486 13
2487 14
2488 9
2489 18
2490 13
2491 13
2492 8
2493 12
2494 9
2495 14
2496 13
2497 9
2498 15
2499 10
2500 7
2501 9
2502 14
2503 13
2504 12
2505 7
2506 9
2507 13
2508 12
2509 17
2510 5
2511 17
2512 6
2513 9
2514 17
2515 13
2516 7
2517 11
2518 17
2519 15
2520 9
2521 13
2522 12
2523 14
2524 8
2525 7
2526 18
2527 10
2528 16
2529 8
2530 18
2531 5
2532 8
2533 13
2534 19
2535 14
2536 12
2537 15
2538 9
2539 10
2540 10
2541 12
2542 12
2543 14
2544 12
2545 7
2546 16
2547 9
2548 15
2549 15
2550 11
2551 15
2552 13
2553 13
2554 14
2555 7
2556 12
2557 6
2558 13
2559 14
