0 40
1 34
2 39
3 29
4 29
5 35
6 33
7 33
8 38
9 38
10 34
11 34
12 28
13 33
14 34
15 38
16 31
17 30
18 32
19 36
20 31
21 31
22 26
23 40
24 36
25 35
26 42
27 36
28 29
29 35
30 37
31 32
32 28
33 37
34 38
35 47
36 34
37 37
38 25
39 34
40 36
41 41
42 31
43 32
44 27
45 37
46 30
47 27
48 49
49 43
50 36
51 30
52 30
53 43
54 35
55 48
56 41
57 32
58 39
59 26
60 31
61 38
62 29
63 28
64 38
65 23
66 38
67 47
68 17
69 38
70 29
71 33
72 36
73 32
74 39
75 36
76 39
77 32
78 27
79 34
80 39
81 32
82 33
83 35
84 33
85 33
86 30
87 37
88 28
89 38
90 38
91 47
92 27
93 34
94 44
95 42
96 35
97 36
98 43
99 25
100 28
101 38
102 39
103 40
104 32
105 31
106 38
107 41
108 38
109 36
110 40
111 33
112 29
113 34
114 30
115 37
116 43
117 34
118 39
119 34
120 38
121 45
122 34
123 33
124 36
125 37
126 34
127 33
128 33
129 51
130 36
131 43
132 34
133 47
134 40
135 43
136 36
137 39
138 35
139 33
140 31
141 39
142 35
143 48
144 33
145 38
146 30
147 48
148 33
149 37
150 34
151 46
152 29
153 34
154 39
155 33
156 37
157 26
158 36
159 29
160 23
161 31
162 30
163 40
164 36
165 35
166 39
167 39
168 44
169 40
170 27
171 39
172 33
173 32
174 32
175 42
176 39
177 49
178 37
179 30
180 46
181 47
182 35
183 28
184 38
185 39
186 44
187 36
188 45
189 32
190 32
191 36
192 27
193 44
194 36
195 38
196 50
197 41
198 30
199 37
200 40
201 39
202 39
203 34
204 43
205 42
206 36
207 51
208 38
209 36
210 34
211 42
212 47
213 48
214 34
215 46
216 42
217 44
218 36
219 47
220 31
221 37
222 32
223 46
224 43
225 35
226 31
227 37
228 37
229 42
230 28
231 39
232 36
233 30
234 40
235 37
236 42
237 28
238 27
239 28
240 31
241 30
242 36
243 42
244 35
245 38
246 36
247 36
248 44
249 32
250 45
251 35
252 32
253 30
254 36
255 30
256 35
257 35
258 26
259 40
260 45
261 20
262 44
263 34
264 53
265 44
266 44
267 34
268 42
269 31
270 47
271 49
272 39
273 34
274 39
275 29
276 40
277 43
278 45
279 53
280 42
281 49
282 48
283 32
284 47
285 37
286 43
287 40
288 36
289 31
290 53
291 46
292 37
293 40
294 48
295 36
296 45
297 40
298 43
299 33
300 34
301 48
302 47
303 22
304 44
305 39
306 38
307 53
308 42
309 43
310 30
311 37
312 34
313 47
314 33
315 37
316 42
317 46
318 44
319 37
320 33
321 51
322 32
323 28
324 29
325 35
326 40
327 41
328 38
329 47
330 34
331 37
332 45
333 36
334 40
335 40
336 43
337 35
338 34
339 26
340 39
341 44
342 46
343 43
344 43
345 53
346 37
347 28
348 39
349 41
350 50
351 36
352 45
353 39
354 45
355 33
356 57
357 39
358 47
359 40
360 35
361 37
362 41
363 29
364 39
365 51
366 41
367 40
368 41
369 48
370 31
371 40
372 35
373 36
374 33
375 40
376 28
377 39
378 26
379 40
380 34
381 32
382 42
383 27
384 40
385 42
386 39
387 40
388 35
389 43
390 45
391 47
392 44
393 41
394 41
395 43
396 27
397 46
398 29
399 41
400 41
401 46
402 49
403 42
404 43
405 37
406 34
407 56
408 40
409 40
410 42
411 39
412 38
413 43
414 37
415 31
416 43
417 38
418 46
419 50
420 38
421 42
422 37
423 38
424 36
425 42
426 49
427 50
428 43
429 30
430 39
431 48
432 41
433 42
434 31
435 37
436 34
437 34
438 33
439 38
440 38
441 44
442 44
443 41
444 49
445 32
446 46
447 43
448 36
449 47
450 49
451 53
452 38
453 33
454 36
455 55
456 42
457 36
458 49
459 35
460 44
461 36
462 42
463 51
464 40
465 50
466 43
467 37
468 48
469 40
470 36
471 38
472 25
473 54
474 38
475 57
476 52
477 46
478 46
479 45
480 31
481 42
482 46
483 40
484 33
485 44
486 52
487 46
488 44
489 57
490 51
491 54
492 61
493 55
494 73
495 88
496 76
497 68
498 83
499 69
500 75
501 68
502 92
503 97
504 88
505 112
506 98
507 109
508 93
509 106
510 105
511 94
512 88
513 118
514 111
515 88
516 61
517 55
518 53
519 35
520 60
521 58
522 44
523 39
524 43
525 50
526 42
527 45
528 46
529 32
530 31
531 53
532 53
533 28
534 50
535 51
536 41
537 49
538 53
539 35
540 58
541 45
542 52
543 43
544 56
545 59
546 43
547 44
548 35
549 45
550 43
551 47
552 34
553 37
554 46
555 42
556 36
557 43
558 35
559 38
560 25
561 45
562 42
563 42
564 41
565 37
566 48
567 42
568 44
569 41
570 34
571 40
572 33
573 31
574 27
575 32
576 40
577 35
578 36
579 40
580 40
581 32
582 57
583 42
584 34
585 44
586 47
587 48
588 48
589 44
590 45
591 38
592 42
593 25
594 40
595 42
596 46
597 37
598 42
599 36
600 51
601 31
602 36
603 35
604 47
605 42
606 48
607 44
608 37
609 32
610 49
611 36
612 35
613 42
614 40
615 42
616 35
617 45
618 37
619 49
620 38
621 44
622 39
623 45
624 31
625 35
626 45
627 40
628 47
629 34
630 29
631 37
632 43
633 38
634 36
635 38
636 49
637 44
638 42
639 41
640 53
641 46
642 53
643 51
644 35
645 41
646 47
647 44
648 36
649 51
650 40
651 36
652 45
653 48
654 55
655 34
656 42
657 34
658 36
659 39
660 41
661 52
662 34
663 44
664 51
665 38
666 51
667 44
668 46
669 36
670 38
671 53
672 40
673 41
674 37
675 46
676 52
677 44
678 42
679 43
680 48
681 44
682 42
683 51
684 40
685 41
686 38
687 36
688 36
689 50
690 38
691 37
692 46
693 35
694 44
695 27
696 23
697 45
698 40
699 43
700 31
701 51
702 43
703 49
704 48
705 48
706 51
707 37
708 34
709 37
710 43
711 29
712 49
713 40
714 49
715 31
716 55
717 40
718 46
719 34
720 55
721 45
722 34
723 41
724 49
725 27
726 40
727 43
728 25
729 47
730 42
731 44
732 47
733 39
734 41
735 41
736 41
737 43
738 38
739 41
740 38
741 39
742 45
743 40
744 35
745 37
746 32
747 31
748 55
749 43
750 39
751 47
752 58
753 29
754 47
755 43
756 25
757 38
758 35
759 37
760 39
761 42
762 38
763 44
764 38
765 46
766 28
767 37
768 40
769 37
770 32
771 35
772 34
773 45
774 42
775 39
776 32
777 31
778 30
779 36
780 41
781 35
782 35
783 45
784 37
785 45
786 44
787 30
788 50
789 39
790 42
791 45
792 36
793 30
794 49
795 38
796 35
797 46
798 45
799 38
800 50
801 43
802 40
803 38
804 41
805 43
806 39
807 42
808 30
809 39
810 33
811 41
812 43
813 43
814 37
815 36
816 36
817 41
818 39
819 31
820 34
821 39
822 37
823 42
824 43
825 40
826 31
827 42
828 30
829 37
830 37
831 34
832 40
833 41
834 40
835 37
836 47
837 54
838 42
839 39
840 43
841 52
842 45
843 47
844 48
845 32
846 36
847 25
848 31
849 32
850 40
851 36
852 34
853 48
854 49
855 36
856 29
857 23
858 30
859 42
860 43
861 41
862 31
863 32
864 32
865 39
866 50
867 38
868 40
869 32
870 42
871 46
872 40
873 33
874 38
875 30
876 40
877 38
878 50
879 39
880 36
881 34
882 31
883 39
884 43
885 37
886 37
887 34
888 40
889 35
890 36
891 32
892 23
893 30
894 23
895 36
896 40
897 32
898 43
899 28
900 30
901 37
902 38
903 41
904 42
905 33
906 33
907 39
908 32
909 44
910 23
911 34
912 31
913 37
914 34
915 34
916 38
917 52
918 42
919 36
920 35
921 38
922 36
923 30
924 33
925 29
926 44
927 39
928 33
929 34
930 41
931 37
932 40
933 30
934 42
935 38
936 33
937 35
938 41
939 38
940 32
941 32
942 26
943 31
944 42
945 35
946 34
947 33
948 44
949 26
950 36
951 28
952 48
953 27
954 35
955 38
956 40
957 29
958 36
959 37
960 24
961 32
962 44
963 44
964 41
965 39
966 37
967 22
968 33
969 33
970 46
971 40
972 43
973 41
974 38
975 31
976 40
977 29
978 39
979 37
980 39
981 27
982 33
983 48
984 36
985 37
986 27
987 41
988 46
989 36
990 36
991 51
992 44
993 43
994 43
995 47
996 59
997 74
998 60
999 96
1000 93
1001 87
1002 95
1003 93
1004 156
1005 149
1006 169
1007 224
1008 236
1009 264
1010 262
1011 299
1012 401
1013 519
1014 475
1015 459
1016 603
1017 604
1018 509
1019 447
1020 485
1021 444
1022 345
1023 342
1024 302
1025 306
1026 223
1027 225
1028 207
1029 116
1030 59
1031 62
1032 54
1033 51
1034 35
1035 29
1036 39
1037 38
1038 53
1039 55
1040 43
1041 33
1042 38
1043 51
1044 40
1045 33
1046 27
1047 31
1048 25
1049 41
1050 37
1051 38
1052 34
1053 41
1054 36
1055 32
1056 27
1057 28
1058 45
1059 43
1060 29
1061 50
1062 42
1063 37
1064 43
1065 34
1066 53
1067 42
1068 30
1069 43
1070 30
1071 36
1072 40
1073 41
1074 51
1075 38
1076 40
1077 30
1078 34
1079 28
1080 37
1081 36
1082 34
1083 31
1084 43
1085 46
1086 33
1087 36
1088 36
1089 37
1090 36
1091 34
1092 40
1093 33
1094 37
1095 35
1096 41
1097 36
1098 31
1099 40
1100 30
1101 32
1102 44
1103 38
1104 31
1105 21
1106 36
1107 36
1108 44
1109 32
1110 33
1111 36
1112 28
1113 38
1114 41
1115 37
1116 30
1117 36
1118 26
1119 41
1120 30
1121 29
1122 22
1123 39
1124 41
1125 32
1126 32
1127 39
1128 34
1129 28
1130 50
1131 28
1132 37
1133 39
1134 43
1135 44
1136 36
1137 42
1138 31
1139 47
1140 50
1141 35
1142 35
1143 41
1144 33
1145 54
1146 49
1147 43
1148 60
1149 74
1150 58
1151 61
1152 47
1153 60
1154 75
1155 61
1156 54
1157 71
1158 46
1159 47
1160 62
1161 52
1162 51
1163 30
1164 31
1165 33
1166 33
1167 40
1168 21
1169 39
1170 25
1171 28
1172 48
1173 38
1174 26
1175 26
1176 31
1177 38
1178 40
1179 17
1180 40
1181 33
1182 43
1183 33
1184 28
1185 37
1186 39
1187 34
1188 35
1189 32
1190 24
1191 24
1192 43
1193 43
1194 22
1195 26
1196 36
1197 39
1198 43
1199 43
1200 39
1201 24
1202 41
1203 28
1204 33
1205 29
1206 37
1207 44
1208 42
1209 37
1210 35
1211 39
1212 29
1213 31
1214 33
1215 39
1216 37
1217 23
1218 22
1219 31
1220 43
1221 29
1222 24
1223 35
1224 27
1225 29
1226 34
1227 31
1228 28
1229 34
1230 33
1231 29
1232 44
1233 33
1234 32
1235 23
1236 30
1237 29
1238 36
1239 49
1240 21
1241 30
1242 30
1243 36
1244 30
1245 24
1246 28
1247 34
1248 39
1249 27
1250 21
1251 28
1252 29
1253 34
1254 29
1255 49
1256 35
1257 28
1258 36
1259 17
1260 29
1261 31
1262 41
1263 25
1264 30
1265 26
1266 24
1267 34
1268 19
1269 26
1270 28
1271 18
1272 20
1273 24
1274 23
1275 22
1276 16
1277 16
1278 19
1279 28
1280 73
1281 51
1282 53
1283 49
1284 69
1285 58
1286 78
1287 116
1288 143
1289 162
1290 157
1291 167
1292 175
1293 243
1294 262
1295 223
1296 211
1297 177
1298 221
1299 205
1300 173
1301 170
1302 194
1303 176
1304 160
1305 131
1306 117
1307 112
1308 92
1309 76
1310 49
1311 45
1312 29
1313 29
1314 30
1315 30
1316 39
1317 31
1318 28
1319 30
1320 23
1321 31
1322 24
1323 22
1324 23
1325 27
1326 24
1327 26
1328 31
1329 30
1330 27
1331 31
1332 17
1333 19
1334 22
1335 26
1336 30
1337 29
1338 21
1339 14
1340 27
1341 21
1342 30
1343 31
1344 19
1345 25
1346 29
1347 25
1348 20
1349 28
1350 26
1351 22
1352 21
1353 24
1354 22
1355 26
1356 36
1357 31
1358 30
1359 23
1360 28
1361 27
1362 30
1363 27
1364 24
1365 30
1366 33
1367 19
1368 31
1369 27
1370 23
1371 21
1372 24
1373 24
1374 32
1375 26
1376 25
1377 24
1378 25
1379 19
1380 26
1381 11
1382 17
1383 27
1384 27
1385 27
1386 21
1387 20
1388 23
1389 25
1390 22
1391 28
1392 19
1393 18
1394 24
1395 27
1396 30
1397 21
1398 19
1399 26
1400 25
1401 18
1402 18
1403 25
1404 27
1405 17
1406 20
1407 28
1408 25
1409 18
1410 24
1411 18
1412 28
1413 16
1414 23
1415 19
1416 22
1417 27
1418 22
1419 27
1420 31
1421 18
1422 20
1423 26
1424 18
1425 29
1426 37
1427 24
1428 17
1429 14
1430 19
1431 24
1432 33
1433 23
1434 28
1435 18
1436 22
1437 18
1438 25
1439 25
1440 22
1441 17
1442 22
1443 23
1444 22
1445 26
1446 23
1447 22
1448 17
1449 19
1450 22
1451 33
1452 27
1453 16
1454 29
1455 23
1456 14
1457 25
1458 23
1459 27
1460 19
1461 22
1462 29
1463 16
1464 20
1465 29
1466 22
1467 25
1468 25
1469 23
1470 23
1471 22
1472 20
1473 27
1474 24
1475 24
1476 20
1477 25
1478 20
1479 28
1480 15
1481 29
1482 28
1483 25
1484 25
1485 38
1486 27
1487 22
1488 21
1489 22
1490 27
1491 27
1492 25
1493 22
1494 19
1495 20
1496 19
1497 25
1498 24
1499 18
1500 19
1501 19
1502 15
1503 27
1504 20
1505 29
1506 29
1507 31
1508 22
1509 29
1510 17
1511 19
1512 29
1513 21
1514 21
1515 22
1516 17
1517 19
1518 20
1519 19
1520 24
1521 17
1522 32
1523 28
1524 15
1525 28
1526 24
1527 21
1528 24
1529 19
1530 19
1531 19
1532 25
1533 28
1534 17
1535 22
1536 17
1537 19
1538 18
1539 30
1540 21
1541 26
1542 25
1543 15
1544 22
1545 15
1546 27
1547 18
1548 19
1549 17
1550 23
1551 21
1552 13
1553 20
1554 21
1555 22
1556 22
1557 20
1558 26
1559 22
1560 18
1561 21
1562 27
1563 34
1564 25
1565 26
1566 23
1567 24
1568 14
1569 24
1570 23
1571 21
1572 23
1573 20
1574 23
1575 24
1576 17
1577 24
1578 22
1579 22
1580 26
1581 18
1582 10
1583 15
1584 16
1585 15
1586 19
1587 25
1588 34
1589 18
1590 14
1591 24
1592 20
1593 21
1594 20
1595 22
1596 25
1597 20
1598 24
1599 21
1600 19
1601 19
1602 24
1603 14
1604 27
1605 23
1606 24
1607 16
1608 24
1609 13
1610 26
1611 14
1612 16
1613 23
1614 15
1615 18
1616 15
1617 25
1618 33
1619 15
1620 20
1621 14
1622 24
1623 17
1624 19
1625 17
1626 25
1627 17
1628 16
1629 16
1630 21
1631 27
1632 31
1633 18
1634 26
1635 13
1636 23
1637 17
1638 18
1639 23
1640 23
1641 19
1642 13
1643 23
1644 25
1645 21
1646 16
1647 21
1648 17
1649 18
1650 19
1651 19
1652 21
1653 16
1654 20
1655 15
1656 14
1657 13
1658 19
1659 18
1660 16
1661 22
1662 12
1663 15
1664 22
1665 28
1666 26
1667 25
1668 26
1669 17
1670 20
1671 21
1672 17
1673 17
1674 18
1675 14
1676 22
1677 16
1678 19
1679 19
1680 16
1681 12
1682 16
1683 26
1684 24
1685 21
1686 24
1687 23
1688 24
1689 20
1690 21
1691 24
1692 21
1693 33
1694 17
1695 22
1696 27
1697 36
1698 23
1699 19
1700 23
1701 21
1702 22
1703 22
1704 21
1705 20
1706 19
1707 33
1708 29
1709 19
1710 20
1711 24
1712 21
1713 19
1714 19
1715 16
1716 25
1717 25
1718 30
1719 21
1720 19
1721 20
1722 31
1723 23
1724 27
1725 25
1726 19
1727 14
1728 27
1729 28
1730 34
1731 32
1732 37
1733 40
1734 30
1735 58
1736 55
1737 38
1738 49
1739 64
1740 59
1741 76
1742 87
1743 83
1744 79
1745 72
1746 82
1747 106
1748 94
1749 116
1750 114
1751 87
1752 83
1753 93
1754 85
1755 116
1756 166
1757 165
1758 111
1759 124
1760 85
1761 62
1762 48
1763 48
1764 62
1765 46
1766 48
1767 39
1768 33
1769 40
1770 31
1771 31
1772 27
1773 21
1774 29
1775 14
1776 13
1777 22
1778 20
1779 11
1780 16
1781 15
1782 17
1783 13
1784 21
1785 13
1786 17
1787 17
1788 20
1789 25
1790 20
1791 17
1792 21
1793 25
1794 24
1795 13
1796 16
1797 19
1798 21
1799 23
1800 20
1801 14
1802 20
1803 21
1804 26
1805 17
1806 19
1807 24
1808 25
1809 21
1810 16
1811 18
1812 16
1813 26
1814 21
1815 18
1816 17
1817 20
1818 21
1819 19
1820 21
1821 24
1822 22
1823 17
1824 17
1825 14
1826 26
1827 16
1828 25
1829 16
1830 20
1831 15
1832 23
1833 23
1834 17
1835 23
1836 23
1837 18
1838 11
1839 22
1840 11
1841 16
1842 17
1843 12
1844 19
1845 18
1846 15
1847 12
1848 23
1849 16
1850 21
1851 18
1852 7
1853 26
1854 19
1855 19
1856 17
1857 17
1858 19
1859 22
1860 18
1861 19
1862 19
1863 16
1864 20
1865 24
1866 17
1867 16
1868 21
1869 13
1870 16
1871 16
1872 16
1873 18
1874 15
1875 16
1876 24
1877 15
1878 15
1879 16
1880 12
1881 21
1882 11
1883 14
1884 18
1885 15
1886 25
1887 15
1888 24
1889 15
1890 16
1891 11
1892 13
1893 23
1894 23
1895 15
1896 27
1897 22
1898 18
1899 24
1900 15
1901 21
1902 19
1903 18
1904 17
1905 16
1906 18
1907 18
1908 20
1909 22
1910 16
1911 21
1912 12
1913 15
1914 20
1915 18
1916 21
1917 22
1918 16
1919 16
1920 24
1921 12
1922 17
1923 18
1924 20
1925 22
1926 17
1927 19
1928 23
1929 22
1930 14
1931 9
1932 18
1933 12
1934 22
1935 20
1936 19
1937 19
1938 15
1939 16
1940 16
1941 18
1942 21
1943 18
1944 22
1945 19
1946 19
1947 23
1948 16
1949 14
1950 18
1951 17
1952 15
1953 17
1954 21
1955 18
1956 21
1957 19
1958 17
1959 21
1960 18
1961 16
1962 14
1963 9
1964 28
1965 17
1966 24
1967 31
1968 24
1969 16
1970 19
1971 30
1972 26
1973 30
1974 37
1975 32
1976 28
1977 24
1978 44
1979 45
1980 70
1981 63
1982 64
1983 69
1984 79
1985 76
1986 97
1987 89
1988 121
1989 135
1990 150
1991 177
1992 174
1993 246
1994 235
1995 228
1996 272
1997 275
1998 325
1999 382
2000 389
2001 389
2002 364
2003 433
2004 397
2005 369
2006 308
2007 330
2008 340
2009 393
2010 320
2011 233
2012 268
2013 251
2014 214
2015 181
2016 161
2017 157
2018 150
2019 119
2020 67
2021 74
2022 84
2023 76
2024 55
2025 40
2026 37
2027 35
2028 32
2029 27
2030 29
2031 31
2032 23
2033 20
2034 26
2035 22
2036 17
2037 23
2038 20
2039 13
2040 18
2041 14
2042 19
2043 13
2044 19
2045 25
2046 30
2047 20
2048 15
2049 17
2050 18
2051 18
2052 22
2053 15
2054 14
2055 18
2056 13
2057 8
2058 13
2059 22
2060 20
2061 10
2062 16
2063 24
2064 26
2065 11
2066 14
2067 15
2068 24
2069 13
2070 19
2071 17
2072 12
2073 14
2074 12
2075 13
2076 16
2077 9
2078 18
2079 15
2080 15
2081 16
2082 27
2083 20
2084 23
2085 12
2086 18
2087 18
2088 14
2089 13
2090 7
2091 21
2092 22
2093 17
2094 21
2095 17
2096 11
2097 15
2098 13
2099 12
2100 20
2101 14
2102 20
2103 15
2104 11
2105 16
2106 13
2107 18
2108 19
2109 17
2110 14
2111 24
2112 8
2113 24
2114 22
2115 17
2116 18
2117 22
2118 13
2119 17
2120 15
2121 22
2122 19
2123 14
2124 19
2125 14
2126 8
2127 20
2128 13
2129 17
2130 22
2131 18
2132 18
2133 20
2134 11
2135 16
2136 18
2137 14
2138 19
2139 14
2140 11
2141 23
2142 16
2143 12
2144 13
2145 15
2146 22
2147 20
2148 13
2149 17
2150 17
2151 12
2152 11
2153 13
2154 17
2155 10
2156 10
2157 17
2158 12
2159 24
2160 13
2161 11
2162 12
2163 25
2164 18
2165 16
2166 20
2167 16
2168 19
2169 19
2170 15
2171 21
2172 19
2173 17
2174 17
2175 18
2176 17
2177 15
2178 16
2179 21
2180 21
2181 29
2182 21
2183 28
2184 29
2185 45
2186 41
2187 36
2188 38
2189 49
2190 42
2191 43
2192 54
2193 63
2194 67
2195 62
2196 62
2197 74
2198 93
2199 96
2200 95
2201 97
2202 88
2203 76
2204 80
2205 79
2206 82
2207 75
2208 89
2209 75
2210 91
2211 70
2212 76
2213 58
2214 60
2215 52
2216 52
2217 38
2218 32
2219 20
2220 31
2221 25
2222 31
2223 18
2224 25
2225 19
2226 21
2227 17
2228 22
2229 18
2230 15
2231 18
2232 14
2233 17
2234 17
2235 15
2236 15
2237 13
2238 12
2239 15
2240 9
2241 15
2242 10
2243 20
2244 11
2245 8
2246 20
2247 20
2248 12
2249 20
2250 13
2251 19
2252 14
2253 17
2254 20
2255 17
2256 12
2257 12
2258 16
2259 9
2260 13
2261 12
2262 10
2263 12
2264 11
2265 9
2266 21
2267 9
2268 10
2269 13
2270 9
2271 17
2272 12
2273 22
2274 15
2275 10
2276 13
2277 21
2278 17
2279 14
2280 11
2281 9
2282 11
2283 13
2284 4
2285 13
2286 17
2287 17
2288 11
2289 8
2290 15
2291 14
2292 17
2293 6
2294 11
2295 13
2296 15
2297 19
2298 10
2299 9
2300 10
2301 13
2302 13
2303 12
2304 15
2305 13
2306 16
2307 18
2308 15
2309 12
2310 20
2311 15
2312 13
2313 19
2314 11
2315 9
2316 12
2317 9
2318 20
2319 17
2320 20
2321 7
2322 10
2323 11
2324 10
2325 15
2326 16
2327 15
2328 12
2329 6
2330 13
2331 15
2332 7
2333 14
2334 16
2335 15
2336 11
2337 13
2338 13
2339 18
2340 18
2341 17
2342 13
2343 17
2344 11
2345 15
2346 18
2347 16
2348 10
2349 13
2350 7
2351 9
2352 14
2353 15
2354 16
2355 18
2356 8
2357 12
2358 15
2359 15
2360 16
2361 14
2362 15
2363 16
2364 14
2365 19
2366 12
2367 17
2368 16
2369 12
2370 7
2371 14
2372 17
2373 22
2374 12
2375 11
2376 12
2377 25
2378 15
2379 11
2380 12
2381 12
2382 17
2383 14
2384 10
2385 20
2386 15
2387 14
2388 20
2389 11
2390 15
2391 14
2392 15
2393 15
2394 16
2395 8
2396 11
2397 16
2398 13
2399 13
2400 11
2401 9
2402 6
2403 19
2404 12
2405 16
2406 14
2407 15
2408 10
2409 9
2410 13
2411 14
2412 9
2413 11
2414 9
2415 17
2416 13
2417 13
2418 13
2419 13
2420 16
2421 22
2422 18
2423 15
2424 16
2425 8
2426 8
2427 12
2428 13
2429 15
2430 9
2431 18
2432 12
2433 15
2434 7
2435 13
2436 14
2437 8
2438 14
2439 11
2440 9
2441 13
2442 13
2443 16
2444 17
2445 20
2446 14
2447 15
2448 11
2449 8
2450 23
2451 14
2452 20
2453 17
2454 13
2455 17
2456 16
2457 19
2458 18
2459 19
2460 18
2461 14
2462 15
2463 13
2464 18
2465 16
2466 21
2467 15
2468 14
2469 25
2470 39
2471 37
2472 30
2473 27
2474 47
2475 28
2476 30
2477 49
2478 58
2479 54
2480 51
2481 45
2482 41
2483 33
2484 47
2485 38
2486 49
2487 54
2488 88
2489 74
2490 79
2491 77
2492 87
2493 77
2494 70
2495 77
2496 74
2497 81
2498 53
2499 63
2500 46
2501 50
2502 41
2503 38
2504 28
2505 50
2506 31
2507 34
2508 21
2509 24
2510 32
2511 19
2512 29
2513 20
2514 12
2515 15
2516 16
2517 13
2518 11
2519 13
2520 14
2521 12
2522 15
2523 14
2524 13
2525 15
2526 11
2527 6
2528 14
2529 16
2530 8
2531 12
2532 10
2533 13
2534 16
2535 10
2536 12
2537 7
2538 12
2539 16
2540 15
2541 10
2542 10
2543 10
2544 14
2545 12
2546 13
2547 6
2548 13
2549 11
2550 13
2551 16
2552 13
2553 14
2554 9
2555 12
2556 17
2557 12
2558 9
2559 20
