0 34
1 22
2 26
3 31
4 27
5 32
6 19
7 29
8 28
9 20
10 32
11 25
12 22
13 15
14 26
15 27
16 27
17 33
18 31
19 23
20 40
21 27
22 25
23 24
24 19
25 31
26 36
27 17
28 23
29 23
30 26
31 27
32 20
33 26
34 33
35 23
36 29
37 17
38 36
39 19
40 41
41 20
42 30
43 24
44 26
45 27
46 24
47 24
48 21
49 24
50 28
51 29
52 23
53 28
54 26
55 31
56 17
57 21
58 30
59 21
60 35
61 28
62 26
63 28
64 28
65 21
66 32
67 34
68 33
69 30
70 24
71 35
72 28
73 26
74 19
75 27
76 31
77 25
78 28
79 25
80 28
81 21
82 23
83 23
84 18
85 19
86 18
87 26
88 30
89 26
90 29
91 24
92 27
93 26
94 31
95 14
96 29
97 26
98 33
99 32
100 25
101 25
102 25
103 36
104 31
105 29
106 27
107 29
108 25
109 36
110 30
111 25
112 24
113 26
114 33
115 27
116 25
117 34
118 23
119 27
120 23
121 26
122 31
123 26
124 28
125 34
126 23
127 32
128 21
129 27
130 31
131 33
132 30
133 26
134 27
135 27
136 40
137 28
138 33
139 21
140 33
141 22
142 27
143 38
144 20
145 21
146 31
147 31
148 44
149 31
150 22
151 29
152 25
153 23
154 32
155 30
156 39
157 27
158 26
159 28
160 34
161 36
162 35
163 32
164 36
165 31
166 36
167 31
168 35
169 26
170 35
171 30
172 25
173 33
174 23
175 23
176 34
177 34
178 24
179 28
180 28
181 29
182 31
183 27
184 31
185 27
186 30
187 26
188 30
189 32
190 27
191 32
192 26
193 25
194 28
195 33
196 35
197 34
198 38
199 24
200 31
201 34
202 22
203 29
204 28
205 26
206 24
207 36
208 31
209 28
210 23
211 25
212 32
213 29
214 34
215 31
216 30
217 27
218 33
219 32
220 20
221 25
222 40
223 39
224 26
225 34
226 30
227 25
228 32
229 28
230 21
231 28
232 24
233 30
234 29
235 30
236 30
237 39
238 36
239 30
240 35
241 24
242 25
243 24
244 41
245 38
246 26
247 30
248 22
249 23
250 32
251 32
252 34
253 29
254 36
255 35
256 33
257 33
258 33
259 36
260 29
261 34
262 29
263 40
264 39
265 40
266 30
267 31
268 32
269 38
270 37
271 34
272 31
273 35
274 38
275 36
276 28
277 31
278 25
279 28
280 35
281 36
282 36
283 35
284 29
285 27
286 40
287 29
288 27
289 34
290 32
291 26
292 34
293 42
294 19
295 30
296 29
297 32
298 38
299 33
300 36
301 31
302 35
303 33
304 31
305 33
306 37
307 41
308 31
309 25
310 32
311 36
312 44
313 37
314 34
315 28
316 20
317 31
318 44
319 41
320 28
321 31
322 40
323 32
324 35
325 20
326 32
327 32
328 39
329 39
330 30
331 42
332 32
333 28
334 29
335 32
336 33
337 25
338 37
339 34
340 37
341 28
342 25
343 27
344 42
345 32
346 34
347 42
348 35
349 27
350 29
351 30
352 32
353 36
354 30
355 36
356 41
357 29
358 38
359 33
360 27
361 36
362 39
363 30
364 30
365 28
366 39
367 42
368 40
369 26
370 27
371 25
372 28
373 41
374 35
375 25
376 28
377 29
378 38
379 28
380 40
381 34
382 34
383 22
384 32
385 31
386 35
387 25
388 39
389 40
390 34
391 23
392 43
393 33
394 35
395 23
396 30
397 24
398 32
399 30
400 32
401 39
402 28
403 32
404 31
405 35
406 39
407 40
408 29
409 35
410 20
411 27
412 34
413 44
414 35
415 26
416 35
417 35
418 40
419 36
420 33
421 30
422 45
423 40
424 44
425 33
426 36
427 24
428 28
429 35
430 36
431 37
432 54
433 26
434 36
435 34
436 32
437 33
438 32
439 30
440 40
441 40
442 26
443 24
444 40
445 30
446 36
447 35
448 36
449 34
450 35
451 35
452 32
453 39
454 38
455 33
456 32
457 30
458 29
459 39
460 42
461 42
462 31
463 25
464 47
465 51
466 31
467 42
468 28
469 32
470 34
471 40
472 33
473 32
474 28
475 33
476 35
477 35
478 35
479 28
480 39
481 28
482 30
483 36
484 32
485 31
486 30
487 37
488 32
489 30
490 31
491 26
492 39
493 34
494 38
495 40
496 34
497 40
498 37
499 43
500 38
501 34
502 35
503 30
504 35
505 32
506 33
507 35
508 35
509 42
510 44
511 31
512 33
513 32
514 31
515 26
516 28
517 32
518 35
519 38
520 37
521 28
522 36
523 36
524 30
525 31
526 42
527 34
528 51
529 42
530 30
531 39
532 39
533 40
534 45
535 41
536 49
537 36
538 49
539 44
540 40
541 28
542 32
543 35
544 49
545 39
546 39
547 43
548 23
549 31
550 34
551 45
552 37
553 36
554 35
555 31
556 29
557 30
558 38
559 34
560 29
561 38
562 44
563 47
564 31
565 24
566 35
567 30
568 38
569 38
570 39
571 38
572 35
573 32
574 29
575 37
576 35
577 35
578 40
579 32
580 31
581 35
582 37
583 45
584 44
585 45
586 41
587 42
588 47
589 44
590 47
591 50
592 50
593 54
594 47
595 41
596 55
597 69
598 56
599 41
600 59
601 61
602 74
603 73
604 65
605 73
606 67
607 99
608 88
609 101
610 118
611 84
612 107
613 117
614 110
615 97
616 89
617 108
618 84
619 88
620 87
621 74
622 58
623 62
624 47
625 40
626 43
627 39
628 30
629 33
630 43
631 37
632 37
633 29
634 32
635 30
636 35
637 33
638 43
639 34
640 36
641 34
642 34
643 42
644 40
645 45
646 33
647 40
648 35
649 43
650 23
651 31
652 42
653 31
654 34
655 24
656 35
657 43
658 39
659 41
660 33
661 34
662 20
663 30
664 38
665 33
666 32
667 34
668 28
669 35
670 35
671 34
672 38
673 35
674 38
675 47
676 32
677 33
678 33
679 35
680 33
681 29
682 38
683 32
684 40
685 35
686 29
687 23
688 38
689 26
690 40
691 40
692 35
693 29
694 36
695 45
696 39
697 50
698 26
699 28
700 34
701 35
702 33
703 32
704 45
705 24
706 36
707 43
708 36
709 30
710 28
711 47
712 49
713 28
714 48
715 32
716 35
717 45
718 32
719 44
720 40
721 36
722 46
723 37
724 27
725 38
726 39
727 33
728 39
729 34
730 36
731 29
732 36
733 29
734 31
735 31
736 35
737 23
738 29
739 37
740 45
741 44
742 37
743 25
744 27
745 37
746 45
747 26
748 39
749 44
750 30
751 35
752 34
753 27
754 41
755 27
756 47
757 36
758 30
759 36
760 32
761 42
762 41
763 48
764 26
765 33
766 32
767 39
768 36
769 34
770 34
771 37
772 29
773 45
774 39
775 42
776 36
777 42
778 36
779 35
780 37
781 29
782 26
783 37
784 30
785 33
786 36
787 29
788 41
789 40
790 31
791 40
792 31
793 38
794 27
795 30
796 29
797 36
798 34
799 42
800 36
801 37
802 33
803 33
804 39
805 26
806 34
807 39
808 31
809 25
810 29
811 38
812 44
813 37
814 41
815 43
816 36
817 27
818 42
819 30
820 32
821 27
822 23
823 27
824 36
825 33
826 36
827 42
828 32
829 26
830 39
831 36
832 30
833 38
834 46
835 34
836 35
837 43
838 36
839 32
840 32
841 33
842 27
843 36
844 34
845 37
846 32
847 31
848 45
849 33
850 35
851 35
852 40
853 33
854 30
855 42
856 32
857 30
858 37
859 36
860 38
861 36
862 37
863 29
864 37
865 32
866 36
867 25
868 25
869 28
870 36
871 41
872 33
873 22
874 30
875 36
876 37
877 41
878 25
879 40
880 32
881 28
882 36
883 41
884 37
885 35
886 39
887 33
888 36
889 26
890 25
891 37
892 34
893 34
894 27
895 27
896 31
897 22
898 39
899 27
900 39
901 26
902 23
903 26
904 31
905 37
906 19
907 29
908 31
909 28
910 35
911 32
912 29
913 38
914 29
915 44
916 31
917 37
918 32
919 27
920 28
921 23
922 34
923 42
924 36
925 23
926 37
927 31
928 26
929 42
930 38
931 47
932 33
933 26
934 30
935 32
936 35
937 32
938 33
939 36
940 43
941 39
942 30
943 32
944 39
945 40
946 32
947 39
948 26
949 25
950 43
951 32
952 30
953 36
954 31
955 37
956 35
957 31
958 43
959 24
960 38
961 28
962 38
963 31
964 52
965 39
966 27
967 32
968 38
969 38
970 34
971 43
972 29
973 23
974 40
975 27
976 37
977 39
978 34
979 26
980 30
981 26
982 23
983 34
984 22
985 26
986 33
987 23
988 24
989 29
990 26
991 38
992 34
993 31
994 43
995 34
996 30
997 27
998 33
999 25
1000 28
1001 35
1002 17
1003 24
1004 25
1005 46
1006 41
1007 27
1008 44
1009 41
1010 41
1011 33
1012 17
1013 25
1014 28
1015 30
1016 29
1017 37
1018 33
1019 26
1020 30
1021 26
1022 30
1023 31
1024 40
1025 34
1026 42
1027 33
1028 34
1029 35
1030 32
1031 29
1032 37
1033 29
1034 38
1035 23
1036 24
1037 27
1038 33
1039 35
1040 25
1041 41
1042 31
1043 25
1044 31
1045 36
1046 29
1047 38
1048 29
1049 35
1050 30
1051 23
1052 39
1053 27
1054 36
1055 30
1056 30
1057 35
1058 42
1059 35
1060 28
1061 39
1062 20
1063 28
1064 29
1065 37
1066 37
1067 34
1068 35
1069 26
1070 41
1071 19
1072 26
1073 36
1074 34
1075 21
1076 28
1077 34
1078 36
1079 38
1080 31
1081 32
1082 35
1083 37
1084 28
1085 38
1086 40
1087 33
1088 30
1089 34
1090 40
1091 34
1092 47
1093 43
1094 23
1095 29
1096 28
1097 30
1098 17
1099 30
1100 29
1101 31
1102 24
1103 29
1104 32
1105 24
1106 40
1107 34
1108 25
1109 34
1110 35
1111 24
1112 32
1113 39
1114 40
1115 41
1116 29
1117 29
1118 34
1119 33
1120 33
1121 25
1122 30
1123 50
1124 25
1125 32
1126 24
1127 34
1128 39
1129 40
1130 48
1131 36
1132 61
1133 61
1134 68
1135 90
1136 105
1137 148
1138 176
1139 214
1140 203
1141 186
1142 258
1143 345
1144 306
1145 329
1146 326
1147 465
1148 546
1149 532
1150 538
1151 488
1152 452
1153 480
1154 640
1155 661
1156 531
1157 312
1158 279
1159 183
1160 162
1161 111
1162 114
1163 76
1164 62
1165 48
1166 27
1167 27
1168 33
1169 26
1170 38
1171 35
1172 36
1173 35
1174 27
1175 35
1176 31
1177 28
1178 36
1179 24
1180 37
1181 23
1182 24
1183 39
1184 35
1185 33
1186 32
1187 37
1188 37
1189 28
1190 42
1191 41
1192 29
1193 23
1194 34
1195 19
1196 25
1197 33
1198 33
1199 26
1200 25
1201 27
1202 38
1203 36
1204 31
1205 29
1206 36
1207 24
1208 24
1209 37
1210 25
1211 30
1212 26
1213 24
1214 37
1215 38
1216 39
1217 33
1218 42
1219 30
1220 30
1221 22
1222 32
1223 34
1224 27
1225 28
1226 38
1227 17
1228 29
1229 31
1230 27
1231 31
1232 30
1233 27
1234 27
1235 27
1236 30
1237 36
1238 28
1239 19
1240 30
1241 33
1242 30
1243 37
1244 27
1245 24
1246 39
1247 28
1248 28
1249 29
1250 32
1251 25
1252 29
1253 33
1254 32
1255 30
1256 25
1257 30
1258 29
1259 29
1260 25
1261 22
1262 26
1263 39
1264 34
1265 28
1266 29
1267 33
1268 22
1269 21
1270 19
1271 21
1272 22
1273 24
1274 17
1275 19
1276 21
1277 17
1278 19
1279 8
1280 28
1281 28
1282 23
1283 22
1284 22
1285 25
1286 21
1287 29
1288 23
1289 19
1290 26
1291 23
1292 21
1293 23
1294 14
1295 16
1296 16
1297 18
1298 20
1299 22
1300 19
1301 19
1302 29
1303 23
1304 22
1305 25
1306 25
1307 27
1308 23
1309 16
1310 20
1311 23
1312 20
1313 18
1314 28
1315 20
1316 17
1317 26
1318 24
1319 20
1320 27
1321 21
1322 26
1323 24
1324 20
1325 19
1326 20
1327 18
1328 28
1329 24
1330 24
1331 15
1332 22
1333 33
1334 40
1335 27
1336 32
1337 21
1338 28
1339 21
1340 12
1341 17
1342 18
1343 25
1344 22
1345 26
1346 25
1347 23
1348 19
1349 30
1350 31
1351 19
1352 23
1353 26
1354 31
1355 22
1356 20
1357 24
1358 20
1359 25
1360 33
1361 35
1362 35
1363 38
1364 35
1365 31
1366 44
1367 44
1368 45
1369 50
1370 34
1371 35
1372 37
1373 34
1374 33
1375 35
1376 25
1377 39
1378 30
1379 22
1380 25
1381 16
1382 17
1383 19
1384 23
1385 22
1386 34
1387 21
1388 29
1389 21
1390 30
1391 29
1392 19
1393 24
1394 19
1395 24
1396 19
1397 32
1398 33
1399 28
1400 27
1401 18
1402 16
1403 24
1404 15
1405 20
1406 12
1407 24
1408 37
1409 15
1410 20
1411 26
1412 25
1413 24
1414 15
1415 16
1416 20
1417 29
1418 27
1419 21
1420 24
1421 24
1422 24
1423 32
1424 19
1425 23
1426 21
1427 24
1428 21
1429 16
1430 35
1431 17
1432 24
1433 17
1434 30
1435 21
1436 25
1437 27
1438 41
1439 42
1440 57
1441 48
1442 51
1443 68
1444 61
1445 84
1446 82
1447 86
1448 88
1449 107
1450 147
1451 171
1452 176
1453 211
1454 230
1455 237
1456 209
1457 209
1458 178
1459 174
1460 139
1461 110
1462 117
1463 108
1464 98
1465 86
1466 50
1467 51
1468 42
1469 35
1470 23
1471 26
1472 18
1473 25
1474 28
1475 24
1476 21
1477 22
1478 24
1479 18
1480 25
1481 31
1482 22
1483 26
1484 16
1485 16
1486 21
1487 19
1488 29
1489 18
1490 23
1491 32
1492 27
1493 20
1494 23
1495 23
1496 22
1497 19
1498 21
1499 19
1500 19
1501 25
1502 16
1503 19
1504 23
1505 21
1506 18
1507 30
1508 23
1509 22
1510 22
1511 21
1512 17
1513 20
1514 20
1515 18
1516 19
1517 17
1518 19
1519 22
1520 21
1521 17
1522 27
1523 30
1524 21
1525 10
1526 14
1527 20
1528 17
1529 17
1530 14
1531 16
1532 18
1533 11
1534 27
1535 30
1536 23
1537 23
1538 18
1539 20
1540 22
1541 19
1542 18
1543 23
1544 23
1545 18
1546 20
1547 22
1548 20
1549 24
1550 19
1551 27
1552 13
1553 17
1554 21
1555 19
1556 17
1557 18
1558 22
1559 12
1560 25
1561 21
1562 18
1563 25
1564 25
1565 18
1566 19
1567 21
1568 18
1569 16
1570 31
1571 22
1572 20
1573 16
1574 24
1575 20
1576 22
1577 18
1578 13
1579 17
1580 17
1581 15
1582 16
1583 17
1584 18
1585 18
1586 23
1587 24
1588 25
1589 18
1590 21
1591 23
1592 19
1593 20
1594 19
1595 28
1596 22
1597 23
1598 21
1599 13
1600 31
1601 20
1602 26
1603 21
1604 18
1605 17
1606 18
1607 18
1608 17
1609 19
1610 20
1611 10
1612 23
1613 21
1614 18
1615 13
1616 15
1617 14
1618 19
1619 17
1620 16
1621 23
1622 12
1623 19
1624 17
1625 22
1626 24
1627 13
1628 24
1629 23
1630 22
1631 19
1632 11
1633 17
1634 11
1635 19
1636 15
1637 13
1638 17
1639 23
1640 23
1641 20
1642 21
1643 18
1644 20
1645 20
1646 16
1647 22
1648 27
1649 24
1650 17
1651 21
1652 23
1653 21
1654 18
1655 17
1656 14
1657 24
1658 18
1659 12
1660 20
1661 20
1662 12
1663 21
1664 15
1665 12
1666 16
1667 19
1668 15
1669 23
1670 15
1671 24
1672 23
1673 18
1674 32
1675 10
1676 21
1677 17
1678 21
1679 19
1680 16
1681 21
1682 18
1683 24
1684 23
1685 16
1686 13
1687 22
1688 18
1689 20
1690 26
1691 15
1692 14
1693 9
1694 18
1695 13
1696 18
1697 13
1698 22
1699 14
1700 16
1701 17
1702 17
1703 20
1704 15
1705 21
1706 17
1707 18
1708 12
1709 19
1710 17
1711 17
1712 15
1713 19
1714 17
1715 12
1716 19
1717 24
1718 10
1719 17
1720 19
1721 18
1722 22
1723 13
1724 14
1725 19
1726 12
1727 22
1728 17
1729 23
1730 13
1731 11
1732 21
1733 18
1734 16
1735 19
1736 18
1737 21
1738 22
1739 17
1740 15
1741 14
1742 18
1743 14
1744 21
1745 16
1746 20
1747 12
1748 18
1749 27
1750 15
1751 18
1752 16
1753 22
1754 22
1755 15
1756 16
1757 12
1758 21
1759 19
1760 23
1761 15
1762 11
1763 27
1764 21
1765 19
1766 15
1767 16
1768 25
1769 14
1770 17
1771 13
1772 19
1773 17
1774 11
1775 15
1776 22
1777 13
1778 13
1779 18
1780 22
1781 17
1782 12
1783 23
1784 15
1785 14
1786 13
1787 15
1788 14
1789 18
1790 12
1791 16
1792 11
1793 24
1794 22
1795 12
1796 16
1797 15
1798 22
1799 20
1800 14
1801 24
1802 18
1803 18
1804 10
1805 15
1806 20
1807 10
1808 16
1809 10
1810 25
1811 19
1812 22
1813 13
1814 22
1815 13
1816 16
1817 15
1818 17
1819 21
1820 16
1821 17
1822 18
1823 14
1824 21
1825 15
1826 17
1827 17
1828 20
1829 15
1830 15
1831 13
1832 15
1833 12
1834 18
1835 15
1836 20
1837 18
1838 19
1839 12
1840 21
1841 17
1842 12
1843 18
1844 20
1845 17
1846 15
1847 15
1848 15
1849 13
1850 19
1851 12
1852 13
1853 12
1854 12
1855 14
1856 13
1857 12
1858 21
1859 23
1860 25
1861 11
1862 17
1863 15
1864 13
1865 8
1866 17
1867 23
1868 24
1869 17
1870 16
1871 15
1872 17
1873 15
1874 19
1875 7
1876 21
1877 25
1878 26
1879 18
1880 16
1881 14
1882 10
1883 18
1884 22
1885 17
1886 27
1887 18
1888 20
1889 21
1890 18
1891 13
1892 21
1893 19
1894 23
1895 17
1896 22
1897 23
1898 15
1899 9
1900 19
1901 14
1902 16
1903 18
1904 21
1905 16
1906 14
1907 15
1908 21
1909 16
1910 27
1911 16
1912 25
1913 30
1914 25
1915 29
1916 21
1917 24
1918 34
1919 32
1920 32
1921 45
1922 33
1923 42
1924 45
1925 52
1926 52
1927 57
1928 78
1929 57
1930 68
1931 54
1932 82
1933 91
1934 104
1935 112
1936 139
1937 95
1938 102
1939 74
1940 97
1941 95
1942 94
1943 67
1944 97
1945 83
1946 69
1947 52
1948 49
1949 30
1950 30
1951 25
1952 20
1953 28
1954 29
1955 29
1956 25
1957 16
1958 19
1959 7
1960 14
1961 18
1962 26
1963 14
1964 11
1965 15
1966 14
1967 17
1968 17
1969 16
1970 18
1971 20
1972 16
1973 14
1974 15
1975 11
1976 16
1977 11
1978 14
1979 9
1980 9
1981 19
1982 21
1983 13
1984 8
1985 16
1986 14
1987 12
1988 21
1989 16
1990 16
1991 14
1992 11
1993 12
1994 21
1995 10
1996 9
1997 18
1998 24
1999 10
2000 17
2001 19
2002 16
2003 21
2004 10
2005 13
2006 15
2007 10
2008 16
2009 17
2010 16
2011 19
2012 11
2013 19
2014 10
2015 11
2016 13
2017 15
2018 16
2019 12
2020 16
2021 20
2022 12
2023 20
2024 19
2025 17
2026 10
2027 14
2028 19
2029 17
2030 12
2031 14
2032 9
2033 18
2034 16
2035 16
2036 13
2037 15
2038 9
2039 20
2040 14
2041 9
2042 17
2043 7
2044 14
2045 14
2046 23
2047 11
2048 17
2049 18
2050 18
2051 11
2052 16
2053 25
2054 13
2055 11
2056 14
2057 19
2058 12
2059 14
2060 11
2061 17
2062 14
2063 17
2064 10
2065 18
2066 19
2067 13
2068 12
2069 22
2070 19
2071 15
2072 12
2073 12
2074 12
2075 17
2076 10
2077 14
2078 18
2079 14
2080 18
2081 11
2082 11
2083 9
2084 10
2085 13
2086 16
2087 17
2088 17
2089 13
2090 15
2091 14
2092 12
2093 10
2094 19
2095 15
2096 18
2097 13
2098 12
2099 12
2100 14
2101 23
2102 13
2103 11
2104 15
2105 12
2106 20
2107 13
2108 15
2109 13
2110 22
2111 8
2112 16
2113 15
2114 8
2115 10
2116 16
2117 10
2118 21
2119 10
2120 16
2121 13
2122 14
2123 14
2124 20
2125 13
2126 8
2127 14
2128 15
2129 14
2130 19
2131 14
2132 11
2133 9
2134 12
2135 15
2136 15
2137 18
2138 11
2139 15
2140 17
2141 13
2142 13
2143 15
2144 17
2145 14
2146 17
2147 14
2148 18
2149 11
2150 19
2151 21
2152 11
2153 18
2154 13
2155 10
2156 14
2157 15
2158 18
2159 20
2160 20
2161 23
2162 18
2163 10
2164 13
2165 12
2166 13
2167 20
2168 20
2169 17
2170 22
2171 12
2172 17
2173 29
2174 32
2175 26
2176 25
2177 27
2178 33
2179 42
2180 52
2181 59
2182 50
2183 57
2184 61
2185 73
2186 125
2187 168
2188 148
2189 173
2190 187
2191 205
2192 232
2193 200
2194 212
2195 253
2196 318
2197 287
2198 318
2199 344
2200 363
2201 389
2202 358
2203 361
2204 365
2205 329
2206 314
2207 303
2208 354
2209 335
2210 298
2211 230
2212 192
2213 150
2214 166
2215 166
2216 135
2217 105
2218 90
2219 53
2220 42
2221 33
2222 33
2223 28
2224 26
2225 30
2226 18
2227 8
2228 17
2229 14
2230 16
2231 13
2232 15
2233 17
2234 25
2235 15
2236 15
2237 21
2238 22
2239 11
2240 9
2241 15
2242 19
2243 16
2244 20
2245 18
2246 21
2247 12
2248 12
2249 14
2250 11
2251 23
2252 13
2253 15
2254 15
2255 17
2256 7
2257 10
2258 13
2259 17
2260 13
2261 15
2262 18
2263 13
2264 12
2265 11
2266 7
2267 16
2268 9
2269 19
2270 17
2271 11
2272 15
2273 19
2274 15
2275 13
2276 11
2277 11
2278 18
2279 17
2280 17
2281 16
2282 12
2283 20
2284 17
2285 9
2286 8
2287 9
2288 6
2289 10
2290 13
2291 17
2292 15
2293 18
2294 17
2295 18
2296 11
2297 18
2298 13
2299 8
2300 8
2301 12
2302 11
2303 13
2304 12
2305 17
2306 11
2307 17
2308 13
2309 18
2310 14
2311 12
2312 12
2313 13
2314 13
2315 19
2316 13
2317 24
2318 12
2319 17
2320 12
2321 18
2322 14
2323 18
2324 22
2325 13
2326 20
2327 14
2328 15
2329 9
2330 14
2331 9
2332 15
2333 13
2334 11
2335 11
2336 20
2337 11
2338 16
2339 19
2340 14
2341 10
2342 8
2343 12
2344 16
2345 11
2346 14
2347 11
2348 8
2349 14
2350 12
2351 7
2352 22
2353 17
2354 7
2355 15
2356 15
2357 11
2358 12
2359 9
2360 15
2361 15
2362 19
2363 16
2364 13
2365 19
2366 15
2367 11
2368 9
2369 15
2370 6
2371 15
2372 10
2373 13
2374 15
2375 11
2376 12
2377 14
2378 15
2379 11
2380 19
2381 13
2382 10
2383 11
2384 21
2385 22
2386 17
2387 18
2388 13
2389 18
2390 28
2391 17
2392 20
2393 24
2394 28
2395 35
2396 37
2397 28
2398 32
2399 30
2400 58
2401 47
2402 43
2403 60
2404 72
2405 63
2406 82
2407 72
2408 97
2409 90
2410 75
2411 87
2412 96
2413 87
2414 92
2415 95
2416 83
2417 74
2418 69
2419 95
2420 75
2421 88
2422 75
2423 46
2424 46
2425 37
2426 26
2427 33
2428 34
2429 21
2430 27
2431 20
2432 21
2433 25
2434 19
2435 13
2436 12
2437 8
2438 12
2439 7
2440 17
2441 10
2442 6
2443 11
2444 15
2445 7
2446 13
2447 19
2448 8
2449 16
2450 16
2451 15
2452 18
2453 11
2454 11
2455 7
2456 11
2457 12
2458 16
2459 11
2460 14
2461 10
2462 16
2463 14
2464 12
2465 10
2466 12
2467 10
2468 13
2469 8
2470 13
2471 12
2472 13
2473 12
2474 14
2475 10
2476 12
2477 9
2478 16
2479 19
2480 11
2481 12
2482 12
2483 12
2484 13
2485 8
2486 16
2487 11
2488 5
2489 12
2490 16
2491 13
2492 13
2493 5
2494 12
2495 14
2496 8
2497 5
2498 11
2499 8
2500 7
2501 10
2502 14
2503 16
2504 17
2505 10
2506 8
2507 6
2508 10
2509 11
2510 10
2511 16
2512 9
2513 12
2514 9
2515 11
2516 16
2517 14
2518 14
2519 15
2520 10
2521 12
2522 9
2523 18
2524 13
2525 9
2526 10
2527 11
2528 16
2529 12
2530 12
2531 13
2532 10
2533 10
2534 11
2535 9
2536 9
2537 12
2538 16
2539 20
2540 12
2541 9
2542 6
2543 9
2544 15
2545 10
2546 7
2547 10
2548 6
2549 7
2550 13
2551 16
2552 10
2553 15
2554 19
2555 15
2556 16
2557 14
2558 14
2559 20
