0 46
1 26
2 30
3 32
4 31
5 25
6 37
7 41
8 38
9 47
10 37
11 34
12 51
13 34
14 35
15 38
16 40
17 41
18 42
19 46
20 35
21 48
22 38
23 39
24 33
25 44
26 41
27 36
28 23
29 35
30 39
31 34
32 42
33 36
34 33
35 50
36 38
37 30
38 40
39 55
40 35
41 36
42 33
43 42
44 36
45 43
46 26
47 26
48 43
49 47
50 42
51 40
52 36
53 38
54 48
55 42
56 44
57 28
58 44
59 28
60 44
61 49
62 34
63 49
64 51
65 34
66 40
67 44
68 35
69 35
70 40
71 50
72 38
73 34
74 41
75 42
76 36
77 41
78 46
79 39
80 39
81 43
82 33
83 45
84 34
85 50
86 45
87 45
88 46
89 35
90 34
91 36
92 39
93 40
94 33
95 40
96 45
97 43
98 51
99 36
100 31
101 40
102 32
103 41
104 41
105 44
106 39
107 41
108 28
109 44
110 31
111 44
112 52
113 42
114 37
115 39
116 47
117 36
118 36
119 38
120 27
121 32
122 34
123 31
124 44
125 47
126 39
127 39
128 33
129 44
130 35
131 27
132 46
133 51
134 39
135 44
136 39
137 39
138 39
139 37
140 42
141 32
142 38
143 36
144 42
145 35
146 40
147 49
148 38
149 34
150 48
151 37
152 40
153 33
154 32
155 38
156 33
157 36
158 37
159 41
160 28
161 35
162 31
163 40
164 37
165 36
166 45
167 49
168 37
169 44
170 41
171 42
172 42
173 33
174 42
175 40
176 27
177 33
178 33
179 30
180 46
181 48
182 31
183 45
184 50
185 28
186 39
187 25
188 27
189 39
190 35
191 33
192 47
193 43
194 36
195 42
196 45
197 21
198 38
199 34
200 49
201 40
202 49
203 42
204 48
205 52
206 43
207 39
208 38
209 44
210 45
211 43
212 55
213 39
214 32
215 42
216 48
217 27
218 39
219 27
220 48
221 36
222 37
223 47
224 42
225 42
226 40
227 39
228 45
229 41
230 38
231 38
232 40
233 44
234 48
235 39
236 37
237 40
238 41
239 42
240 41
241 43
242 54
243 39
244 43
245 33
246 39
247 48
248 28
249 37
250 38
251 37
252 30
253 38
254 34
255 42
256 43
257 53
258 39
259 40
260 47
261 49
262 50
263 38
264 40
265 53
266 41
267 30
268 50
269 47
270 43
271 41
272 42
273 33
274 53
275 36
276 35
277 43
278 43
279 36
280 41
281 32
282 36
283 36
284 51
285 50
286 32
287 44
288 42
289 50
290 40
291 39
292 55
293 35
294 51
295 39
296 49
297 47
298 45
299 40
300 54
301 52
302 40
303 34
304 44
305 40
306 29
307 49
308 38
309 43
310 43
311 44
312 45
313 42
314 31
315 39
316 46
317 36
318 33
319 37
320 43
321 49
322 32
323 49
324 29
325 32
326 40
327 36
328 39
329 40
330 36
331 30
332 38
333 43
334 42
335 53
336 40
337 43
338 27
339 46
340 33
341 42
342 41
343 43
344 55
345 55
346 50
347 47
348 37
349 39
350 45
351 33
352 62
353 49
354 36
355 53
356 42
357 46
358 36
359 35
360 47
361 40
362 45
363 37
364 49
365 53
366 43
367 34
368 44
369 41
370 53
371 55
372 47
373 38
374 42
375 42
376 32
377 51
378 39
379 46
380 33
381 37
382 38
383 40
384 47
385 43
386 44
387 40
388 42
389 52
390 39
391 42
392 34
393 51
394 41
395 56
396 39
397 44
398 50
399 35
400 45
401 50
402 56
403 47
404 53
405 42
406 47
407 48
408 46
409 45
410 55
411 41
412 42
413 46
414 63
415 56
416 43
417 44
418 52
419 49
420 38
421 41
422 48
423 45
424 48
425 38
426 52
427 46
428 41
429 44
430 60
431 42
432 47
433 56
434 38
435 40
436 39
437 38
438 47
439 44
440 49
441 37
442 44
443 54
444 48
445 38
446 41
447 48
448 52
449 51
450 48
451 38
452 48
453 54
454 41
455 45
456 35
457 39
458 36
459 41
460 41
461 36
462 33
463 43
464 54
465 49
466 57
467 55
468 56
469 63
470 42
471 56
472 64
473 51
474 61
475 77
476 80
477 74
478 65
479 71
480 70
481 71
482 75
483 84
484 80
485 116
486 121
487 119
488 127
489 102
490 98
491 107
492 103
493 117
494 113
495 134
496 80
497 126
498 91
499 92
500 104
501 82
502 87
503 86
504 85
505 67
506 46
507 54
508 49
509 53
510 51
511 49
512 37
513 43
514 42
515 56
516 49
517 40
518 41
519 40
520 35
521 57
522 42
523 44
524 34
525 26
526 41
527 44
528 42
529 45
530 54
531 60
532 54
533 50
534 47
535 67
536 49
537 43
538 43
539 41
540 42
541 52
542 49
543 41
544 42
545 29
546 45
547 41
548 52
549 49
550 43
551 44
552 33
553 46
554 47
555 56
556 54
557 53
558 47
559 45
560 47
561 41
562 56
563 45
564 48
565 45
566 61
567 38
568 33
569 42
570 45
571 42
572 42
573 43
574 51
575 40
576 44
577 48
578 36
579 45
580 44
581 43
582 47
583 59
584 28
585 41
586 46
587 38
588 63
589 50
590 58
591 46
592 47
593 50
594 43
595 41
596 40
597 47
598 45
599 40
600 47
601 33
602 51
603 36
604 44
605 41
606 39
607 41
608 58
609 43
610 40
611 48
612 36
613 36
614 40
615 36
616 36
617 50
618 47
619 40
620 39
621 45
622 55
623 48
624 29
625 47
626 44
627 36
628 46
629 35
630 33
631 48
632 47
633 50
634 43
635 32
636 35
637 40
638 44
639 48
640 30
641 47
642 49
643 41
644 44
645 41
646 50
647 42
648 43
649 55
650 33
651 36
652 33
653 46
654 44
655 36
656 41
657 37
658 41
659 49
660 37
661 41
662 40
663 32
664 41
665 49
666 45
667 27
668 37
669 46
670 49
671 28
672 28
673 51
674 34
675 48
676 41
677 47
678 33
679 50
680 45
681 36
682 50
683 33
684 38
685 31
686 40
687 50
688 43
689 41
690 40
691 49
692 52
693 57
694 44
695 44
696 52
697 44
698 42
699 39
700 39
701 47
702 41
703 47
704 46
705 41
706 36
707 44
708 46
709 35
710 43
711 44
712 31
713 37
714 37
715 41
716 38
717 30
718 42
719 45
720 56
721 42
722 44
723 58
724 48
725 54
726 36
727 45
728 41
729 52
730 43
731 49
732 39
733 41
734 49
735 28
736 40
737 46
738 49
739 45
740 33
741 36
742 30
743 42
744 38
745 48
746 28
747 40
748 44
749 39
750 51
751 47
752 53
753 38
754 30
755 29
756 39
757 29
758 47
759 45
760 35
761 44
762 35
763 48
764 46
765 40
766 34
767 48
768 27
769 52
770 34
771 47
772 30
773 41
774 46
775 46
776 38
777 48
778 37
779 44
780 42
781 43
782 41
783 46
784 50
785 59
786 41
787 46
788 48
789 34
790 44
791 53
792 43
793 48
794 34
795 39
796 40
797 35
798 58
799 39
800 39
801 38
802 37
803 41
804 35
805 53
806 42
807 49
808 49
809 36
810 42
811 55
812 46
813 48
814 40
815 36
816 43
817 39
818 43
819 47
820 32
821 35
822 40
823 35
824 33
825 47
826 40
827 31
828 52
829 38
830 40
831 40
832 35
833 44
834 39
835 44
836 35
837 39
838 30
839 44
840 43
841 45
842 30
843 43
844 36
845 44
846 43
847 45
848 37
849 37
850 39
851 33
852 39
853 48
854 39
855 33
856 40
857 27
858 43
859 37
860 32
861 35
862 39
863 39
864 36
865 34
866 36
867 48
868 34
869 33
870 39
871 47
872 44
873 43
874 43
875 29
876 51
877 32
878 41
879 37
880 51
881 33
882 37
883 40
884 40
885 31
886 37
887 39
888 34
889 38
890 34
891 39
892 30
893 42
894 42
895 39
896 38
897 39
898 39
899 42
900 51
901 36
902 41
903 32
904 38
905 42
906 32
907 36
908 41
909 36
910 40
911 47
912 46
913 47
914 40
915 48
916 39
917 43
918 43
919 54
920 38
921 36
922 42
923 37
924 34
925 28
926 44
927 35
928 35
929 35
930 34
931 36
932 47
933 47
934 39
935 45
936 39
937 36
938 36
939 45
940 35
941 38
942 35
943 33
944 35
945 40
946 39
947 46
948 34
949 46
950 37
951 42
952 40
953 30
954 31
955 36
956 27
957 43
958 29
959 35
960 35
961 36
962 35
963 39
964 54
965 38
966 45
967 38
968 48
969 44
970 36
971 44
972 41
973 49
974 38
975 40
976 54
977 63
978 59
979 77
980 88
981 80
982 80
983 75
984 105
985 113
986 110
987 103
988 124
989 187
990 211
991 200
992 206
993 243
994 235
995 305
996 323
997 325
998 327
999 331
1000 393
1001 374
1002 397
1003 441
1004 421
1005 443
1006 443
1007 311
1008 289
1009 236
1010 210
1011 180
1012 142
1013 103
1014 81
1015 43
1016 60
1017 39
1018 53
1019 42
1020 50
1021 52
1022 46
1023 42
1024 53
1025 41
1026 43
1027 38
1028 53
1029 37
1030 39
1031 35
1032 36
1033 44
1034 37
1035 43
1036 43
1037 39
1038 30
1039 40
1040 33
1041 41
1042 43
1043 30
1044 32
1045 49
1046 42
1047 34
1048 36
1049 40
1050 37
1051 29
1052 41
1053 50
1054 34
1055 34
1056 39
1057 35
1058 38
1059 43
1060 33
1061 42
1062 42
1063 38
1064 39
1065 31
1066 19
1067 32
1068 33
1069 34
1070 40
1071 41
1072 45
1073 35
1074 36
1075 35
1076 34
1077 35
1078 37
1079 44
1080 37
1081 40
1082 47
1083 37
1084 28
1085 35
1086 41
1087 45
1088 44
1089 38
1090 27
1091 45
1092 31
1093 39
1094 34
1095 42
1096 43
1097 33
1098 29
1099 38
1100 42
1101 37
1102 28
1103 38
1104 26
1105 24
1106 37
1107 25
1108 35
1109 30
1110 45
1111 40
1112 39
1113 38
1114 44
1115 34
1116 30
1117 45
1118 37
1119 31
1120 49
1121 64
1122 47
1123 57
1124 50
1125 47
1126 56
1127 53
1128 55
1129 53
1130 52
1131 52
1132 60
1133 32
1134 47
1135 57
1136 59
1137 49
1138 56
1139 43
1140 55
1141 68
1142 58
1143 51
1144 33
1145 38
1146 36
1147 46
1148 30
1149 37
1150 29
1151 35
1152 33
1153 27
1154 38
1155 32
1156 34
1157 28
1158 41
1159 28
1160 45
1161 39
1162 34
1163 36
1164 19
1165 32
1166 37
1167 37
1168 35
1169 26
1170 42
1171 28
1172 30
1173 36
1174 34
1175 30
1176 39
1177 38
1178 39
1179 30
1180 39
1181 33
1182 35
1183 25
1184 18
1185 30
1186 35
1187 41
1188 22
1189 34
1190 38
1191 26
1192 39
1193 35
1194 38
1195 39
1196 40
1197 42
1198 34
1199 37
1200 34
1201 33
1202 28
1203 39
1204 35
1205 26
1206 35
1207 40
1208 40
1209 33
1210 34
1211 22
1212 23
1213 36
1214 32
1215 42
1216 38
1217 36
1218 35
1219 36
1220 32
1221 27
1222 32
1223 34
1224 31
1225 34
1226 29
1227 30
1228 41
1229 30
1230 43
1231 35
1232 30
1233 37
1234 22
1235 37
1236 32
1237 30
1238 28
1239 30
1240 35
1241 32
1242 31
1243 27
1244 32
1245 27
1246 30
1247 35
1248 24
1249 31
1250 31
1251 41
1252 35
1253 28
1254 29
1255 30
1256 31
1257 39
1258 25
1259 35
1260 40
1261 42
1262 30
1263 31
1264 27
1265 34
1266 35
1267 29
1268 33
1269 20
1270 39
1271 23
1272 25
1273 14
1274 16
1275 19
1276 15
1277 12
1278 25
1279 34
1280 288
1281 256
1282 233
1283 190
1284 168
1285 148
1286 127
1287 94
1288 107
1289 80
1290 69
1291 54
1292 48
1293 50
1294 32
1295 26
1296 34
1297 21
1298 45
1299 29
1300 20
1301 18
1302 24
1303 31
1304 31
1305 27
1306 24
1307 26
1308 21
1309 25
1310 22
1311 28
1312 34
1313 37
1314 25
1315 32
1316 29
1317 32
1318 28
1319 28
1320 26
1321 26
1322 22
1323 28
1324 32
1325 19
1326 20
1327 35
1328 25
1329 27
1330 32
1331 19
1332 36
1333 29
1334 24
1335 26
1336 25
1337 22
1338 27
1339 15
1340 26
1341 30
1342 25
1343 29
1344 24
1345 17
1346 24
1347 27
1348 33
1349 26
1350 16
1351 19
1352 20
1353 19
1354 29
1355 29
1356 16
1357 30
1358 23
1359 21
1360 29
1361 23
1362 25
1363 25
1364 19
1365 17
1366 25
1367 32
1368 23
1369 29
1370 18
1371 20
1372 29
1373 21
1374 23
1375 23
1376 19
1377 15
1378 26
1379 29
1380 21
1381 25
1382 18
1383 26
1384 27
1385 31
1386 15
1387 26
1388 28
1389 20
1390 26
1391 23
1392 31
1393 26
1394 14
1395 20
1396 18
1397 29
1398 24
1399 23
1400 22
1401 24
1402 24
1403 23
1404 24
1405 23
1406 24
1407 27
1408 30
1409 18
1410 30
1411 20
1412 25
1413 16
1414 22
1415 21
1416 24
1417 27
1418 24
1419 22
1420 25
1421 26
1422 20
1423 23
1424 23
1425 31
1426 19
1427 24
1428 30
1429 21
1430 27
1431 18
1432 19
1433 22
1434 23
1435 16
1436 21
1437 17
1438 22
1439 18
1440 16
1441 27
1442 32
1443 31
1444 32
1445 20
1446 14
1447 19
1448 23
1449 30
1450 26
1451 21
1452 22
1453 19
1454 19
1455 33
1456 18
1457 16
1458 23
1459 21
1460 24
1461 28
1462 25
1463 21
1464 27
1465 26
1466 17
1467 20
1468 33
1469 23
1470 20
1471 26
1472 20
1473 30
1474 29
1475 28
1476 28
1477 17
1478 25
1479 25
1480 25
1481 18
1482 23
1483 32
1484 27
1485 17
1486 23
1487 23
1488 19
1489 15
1490 20
1491 27
1492 27
1493 15
1494 16
1495 21
1496 22
1497 22
1498 17
1499 21
1500 18
1501 20
1502 17
1503 26
1504 26
1505 27
1506 26
1507 26
1508 27
1509 16
1510 22
1511 13
1512 20
1513 25
1514 9
1515 26
1516 18
1517 16
1518 24
1519 18
1520 18
1521 25
1522 31
1523 19
1524 24
1525 23
1526 20
1527 21
1528 20
1529 17
1530 26
1531 26
1532 16
1533 21
1534 18
1535 23
1536 18
1537 22
1538 10
1539 22
1540 19
1541 20
1542 19
1543 19
1544 21
1545 23
1546 18
1547 25
1548 20
1549 21
1550 23
1551 18
1552 25
1553 24
1554 23
1555 17
1556 25
1557 22
1558 22
1559 18
1560 23
1561 16
1562 22
1563 22
1564 28
1565 20
1566 29
1567 23
1568 26
1569 27
1570 22
1571 25
1572 22
1573 21
1574 18
1575 23
1576 19
1577 21
1578 24
1579 17
1580 13
1581 21
1582 20
1583 18
1584 25
1585 22
1586 20
1587 14
1588 27
1589 25
1590 24
1591 21
1592 17
1593 18
1594 21
1595 25
1596 25
1597 23
1598 27
1599 24
1600 18
1601 19
1602 15
1603 24
1604 19
1605 20
1606 16
1607 16
1608 18
1609 13
1610 27
1611 21
1612 27
1613 17
1614 23
1615 24
1616 11
1617 15
1618 13
1619 20
1620 22
1621 15
1622 22
1623 34
1624 25
1625 17
1626 29
1627 18
1628 18
1629 22
1630 20
1631 17
1632 26
1633 18
1634 18
1635 18
1636 14
1637 18
1638 20
1639 17
1640 20
1641 17
1642 25
1643 19
1644 21
1645 26
1646 18
1647 24
1648 25
1649 20
1650 20
1651 22
1652 22
1653 19
1654 23
1655 14
1656 13
1657 30
1658 19
1659 19
1660 28
1661 12
1662 32
1663 19
1664 25
1665 21
1666 21
1667 25
1668 27
1669 18
1670 19
1671 19
1672 15
1673 18
1674 23
1675 23
1676 24
1677 20
1678 19
1679 27
1680 26
1681 24
1682 20
1683 16
1684 31
1685 28
1686 15
1687 19
1688 17
1689 21
1690 37
1691 24
1692 25
1693 24
1694 19
1695 25
1696 23
1697 23
1698 27
1699 26
1700 20
1701 25
1702 23
1703 32
1704 27
1705 31
1706 24
1707 35
1708 32
1709 33
1710 31
1711 49
1712 37
1713 47
1714 51
1715 56
1716 60
1717 59
1718 74
1719 69
1720 89
1721 116
1722 120
1723 90
1724 102
1725 97
1726 116
1727 114
1728 90
1729 100
1730 124
1731 111
1732 121
1733 150
1734 154
1735 126
1736 126
1737 81
1738 62
1739 60
1740 52
1741 46
1742 66
1743 63
1744 35
1745 36
1746 26
1747 22
1748 28
1749 27
1750 27
1751 24
1752 37
1753 22
1754 24
1755 24
1756 16
1757 17
1758 26
1759 19
1760 19
1761 27
1762 15
1763 20
1764 22
1765 15
1766 19
1767 30
1768 11
1769 18
1770 16
1771 15
1772 22
1773 18
1774 19
1775 18
1776 19
1777 14
1778 13
1779 20
1780 16
1781 20
1782 8
1783 16
1784 23
1785 12
1786 15
1787 10
1788 16
1789 28
1790 25
1791 19
1792 20
1793 20
1794 16
1795 16
1796 19
1797 15
1798 20
1799 23
1800 13
1801 19
1802 23
1803 15
1804 18
1805 14
1806 18
1807 21
1808 19
1809 17
1810 24
1811 15
1812 24
1813 19
1814 18
1815 24
1816 18
1817 20
1818 15
1819 13
1820 15
1821 15
1822 13
1823 18
1824 16
1825 20
1826 23
1827 21
1828 25
1829 20
1830 15
1831 12
1832 19
1833 21
1834 25
1835 19
1836 22
1837 20
1838 21
1839 19
1840 19
1841 19
1842 24
1843 20
1844 14
1845 14
1846 18
1847 19
1848 25
1849 10
1850 20
1851 17
1852 16
1853 18
1854 15
1855 25
1856 19
1857 22
1858 11
1859 21
1860 11
1861 19
1862 14
1863 16
1864 20
1865 17
1866 22
1867 17
1868 11
1869 19
1870 21
1871 21
1872 19
1873 15
1874 14
1875 17
1876 21
1877 15
1878 16
1879 12
1880 13
1881 16
1882 21
1883 19
1884 10
1885 19
1886 21
1887 21
1888 17
1889 23
1890 16
1891 20
1892 19
1893 24
1894 18
1895 16
1896 16
1897 24
1898 16
1899 16
1900 26
1901 14
1902 24
1903 17
1904 14
1905 11
1906 19
1907 21
1908 20
1909 23
1910 14
1911 19
1912 16
1913 15
1914 19
1915 20
1916 18
1917 18
1918 20
1919 18
1920 18
1921 15
1922 17
1923 22
1924 12
1925 28
1926 31
1927 23
1928 18
1929 20
1930 21
1931 18
1932 22
1933 9
1934 16
1935 27
1936 24
1937 24
1938 28
1939 16
1940 14
1941 10
1942 22
1943 16
1944 29
1945 24
1946 29
1947 34
1948 25
1949 33
1950 27
1951 36
1952 40
1953 42
1954 52
1955 58
1956 54
1957 43
1958 56
1959 75
1960 74
1961 81
1962 100
1963 114
1964 127
1965 175
1966 167
1967 189
1968 210
1969 202
1970 223
1971 364
1972 404
1973 426
1974 440
1975 395
1976 439
1977 398
1978 373
1979 362
1980 372
1981 389
1982 390
1983 357
1984 364
1985 360
1986 332
1987 283
1988 206
1989 187
1990 160
1991 172
1992 157
1993 146
1994 100
1995 83
1996 65
1997 69
1998 69
1999 50
2000 50
2001 52
2002 42
2003 25
2004 26
2005 31
2006 30
2007 11
2008 20
2009 19
2010 24
2011 29
2012 30
2013 19
2014 22
2015 24
2016 25
2017 17
2018 17
2019 18
2020 15
2021 21
2022 28
2023 17
2024 22
2025 18
2026 20
2027 23
2028 19
2029 19
2030 17
2031 23
2032 15
2033 14
2034 19
2035 17
2036 18
2037 18
2038 25
2039 12
2040 25
2041 18
2042 22
2043 18
2044 16
2045 23
2046 14
2047 23
2048 14
2049 18
2050 11
2051 17
2052 23
2053 15
2054 17
2055 17
2056 17
2057 21
2058 19
2059 14
2060 12
2061 21
2062 18
2063 20
2064 19
2065 16
2066 24
2067 12
2068 16
2069 21
2070 24
2071 10
2072 10
2073 11
2074 22
2075 11
2076 20
2077 18
2078 21
2079 26
2080 17
2081 24
2082 18
2083 23
2084 21
2085 18
2086 14
2087 19
2088 25
2089 22
2090 23
2091 10
2092 14
2093 12
2094 17
2095 14
2096 15
2097 13
2098 16
2099 21
2100 20
2101 22
2102 14
2103 16
2104 16
2105 11
2106 15
2107 19
2108 15
2109 10
2110 14
2111 16
2112 18
2113 16
2114 22
2115 12
2116 19
2117 9
2118 6
2119 19
2120 15
2121 19
2122 18
2123 23
2124 13
2125 14
2126 11
2127 15
2128 14
2129 18
2130 19
2131 24
2132 14
2133 17
2134 20
2135 13
2136 15
2137 16
2138 17
2139 25
2140 19
2141 17
2142 17
2143 15
2144 13
2145 18
2146 16
2147 23
2148 18
2149 20
2150 21
2151 28
2152 27
2153 25
2154 28
2155 25
2156 33
2157 31
2158 32
2159 28
2160 33
2161 34
2162 41
2163 47
2164 48
2165 46
2166 52
2167 36
2168 61
2169 49
2170 55
2171 50
2172 69
2173 67
2174 73
2175 80
2176 61
2177 81
2178 92
2179 79
2180 69
2181 70
2182 70
2183 79
2184 73
2185 74
2186 73
2187 77
2188 55
2189 51
2190 44
2191 63
2192 45
2193 43
2194 35
2195 24
2196 30
2197 21
2198 18
2199 22
2200 23
2201 19
2202 20
2203 23
2204 18
2205 13
2206 17
2207 12
2208 18
2209 15
2210 23
2211 15
2212 14
2213 22
2214 15
2215 19
2216 25
2217 17
2218 18
2219 11
2220 8
2221 13
2222 20
2223 10
2224 19
2225 12
2226 11
2227 13
2228 10
2229 15
2230 15
2231 16
2232 13
2233 21
2234 10
2235 14
2236 10
2237 12
2238 18
2239 9
2240 12
2241 12
2242 15
2243 10
2244 14
2245 11
2246 15
2247 14
2248 12
2249 8
2250 12
2251 8
2252 17
2253 16
2254 11
2255 10
2256 22
2257 16
2258 20
2259 17
2260 21
2261 16
2262 14
2263 15
2264 11
2265 17
2266 9
2267 15
2268 17
2269 9
2270 15
2271 15
2272 18
2273 12
2274 19
2275 18
2276 10
2277 13
2278 11
2279 18
2280 13
2281 8
2282 16
2283 14
2284 18
2285 16
2286 11
2287 10
2288 13
2289 12
2290 12
2291 13
2292 12
2293 13
2294 15
2295 18
2296 11
2297 18
2298 19
2299 10
2300 9
2301 12
2302 18
2303 8
2304 12
2305 22
2306 22
2307 17
2308 14
2309 13
2310 27
2311 16
2312 14
2313 16
2314 13
2315 10
2316 8
2317 8
2318 13
2319 14
2320 15
2321 11
2322 9
2323 14
2324 14
2325 11
2326 9
2327 19
2328 14
2329 13
2330 12
2331 14
2332 7
2333 15
2334 12
2335 14
2336 12
2337 15
2338 10
2339 15
2340 15
2341 13
2342 8
2343 11
2344 11
2345 18
2346 12
2347 11
2348 12
2349 11
2350 12
2351 12
2352 12
2353 12
2354 12
2355 22
2356 7
2357 18
2358 10
2359 17
2360 14
2361 16
2362 18
2363 15
2364 10
2365 14
2366 14
2367 9
2368 15
2369 18
2370 13
2371 12
2372 11
2373 12
2374 13
2375 10
2376 10
2377 12
2378 13
2379 8
2380 16
2381 14
2382 16
2383 20
2384 15
2385 10
2386 15
2387 14
2388 7
2389 11
2390 16
2391 19
2392 8
2393 13
2394 15
2395 16
2396 13
2397 14
2398 10
2399 7
2400 18
2401 10
2402 9
2403 5
2404 16
2405 11
2406 12
2407 8
2408 12
2409 18
2410 19
2411 16
2412 14
2413 16
2414 19
2415 14
2416 12
2417 20
2418 19
2419 19
2420 10
2421 13
2422 19
2423 13
2424 11
2425 10
2426 14
2427 14
2428 11
2429 12
2430 14
2431 20
2432 15
2433 8
2434 15
2435 21
2436 24
2437 15
2438 10
2439 26
2440 16
2441 21
2442 16
2443 22
2444 28
2445 25
2446 26
2447 30
2448 31
2449 26
2450 30
2451 40
2452 51
2453 44
2454 34
2455 37
2456 51
2457 55
2458 64
2459 64
2460 46
2461 62
2462 54
2463 63
2464 65
2465 71
2466 59
2467 59
2468 52
2469 48
2470 41
2471 53
2472 37
2473 39
2474 49
2475 36
2476 40
2477 25
2478 33
2479 20
2480 23
2481 20
2482 20
2483 22
2484 20
2485 21
2486 13
2487 15
2488 12
2489 9
2490 15
2491 21
2492 7
2493 9
2494 5
2495 15
2496 21
2497 12
2498 19
2499 11
2500 15
2501 12
2502 14
2503 11
2504 9
2505 7
2506 15
2507 17
2508 5
2509 13
2510 13
2511 10
2512 13
2513 17
2514 11
2515 11
2516 9
2517 16
2518 7
2519 11
2520 19
2521 5
2522 16
2523 14
2524 13
2525 8
2526 14
2527 13
2528 12
2529 11
2530 14
2531 16
2532 11
2533 22
2534 9
2535 16
2536 17
2537 12
2538 16
2539 21
2540 24
2541 30
2542 14
2543 25
2544 36
2545 31
2546 33
2547 41
2548 49
2549 70
2550 58
2551 38
2552 43
2553 36
2554 41
2555 39
2556 52
2557 55
2558 31
2559 34
