0 35
1 24
2 27
3 24
4 25
5 30
6 25
7 25
8 28
9 21
10 19
11 41
12 29
13 31
14 38
15 28
16 24
17 23
18 35
19 29
20 28
21 35
22 26
23 28
24 27
25 35
26 21
27 35
28 29
29 36
30 24
31 33
32 25
33 34
34 35
35 27
36 38
37 20
38 26
39 39
40 29
41 35
42 31
43 31
44 31
45 35
46 34
47 28
48 23
49 24
50 32
51 23
52 23
53 28
54 21
55 30
56 41
57 30
58 34
59 39
60 37
61 37
62 30
63 29
64 30
65 30
66 30
67 39
68 22
69 40
70 41
71 26
72 25
73 22
74 19
75 23
76 28
77 29
78 29
79 36
80 22
81 28
82 29
83 33
84 22
85 25
86 34
87 32
88 36
89 25
90 31
91 34
92 26
93 17
94 31
95 29
96 29
97 34
98 40
99 33
100 42
101 27
102 27
103 28
104 37
105 37
106 23
107 25
108 34
109 32
110 29
111 30
112 26
113 23
114 33
115 33
116 32
117 28
118 28
119 20
120 33
121 25
122 33
123 25
124 28
125 32
126 28
127 31
128 36
129 24
130 34
131 36
132 24
133 34
134 23
135 39
136 34
137 30
138 34
139 35
140 39
141 40
142 31
143 29
144 23
145 26
146 27
147 30
148 33
149 37
150 40
151 32
152 26
153 22
154 33
155 30
156 28
157 29
158 32
159 34
160 28
161 30
162 39
163 31
164 33
165 26
166 17
167 36
168 35
169 34
170 30
171 43
172 29
173 25
174 29
175 37
176 33
177 31
178 24
179 25
180 29
181 32
182 38
183 18
184 38
185 31
186 33
187 31
188 20
189 40
190 23
191 36
192 27
193 46
194 28
195 43
196 32
197 34
198 30
199 30
200 41
201 29
202 33
203 33
204 27
205 37
206 29
207 39
208 34
209 37
210 21
211 23
212 36
213 30
214 30
215 28
216 29
217 40
218 37
219 26
220 30
221 42
222 40
223 37
224 33
225 30
226 35
227 32
228 26
229 30
230 32
231 37
232 41
233 42
234 31
235 36
236 36
237 33
238 37
239 30
240 38
241 25
242 40
243 36
244 40
245 24
246 40
247 34
248 28
249 31
250 33
251 25
252 28
253 38
254 36
255 26
256 39
257 47
258 32
259 33
260 36
261 38
262 28
263 40
264 31
265 33
266 30
267 34
268 39
269 34
270 41
271 26
272 34
273 31
274 36
275 36
276 43
277 40
278 32
279 44
280 33
281 40
282 31
283 32
284 20
285 36
286 29
287 33
288 40
289 19
290 29
291 32
292 31
293 22
294 35
295 37
296 30
297 38
298 35
299 33
300 30
301 31
302 37
303 38
304 44
305 37
306 41
307 27
308 29
309 35
310 32
311 36
312 35
313 44
314 42
315 36
316 39
317 28
318 43
319 41
320 26
321 36
322 39
323 38
324 40
325 33
326 29
327 32
328 41
329 43
330 33
331 32
332 27
333 32
334 32
335 27
336 30
337 38
338 36
339 41
340 25
341 29
342 26
343 36
344 44
345 34
346 27
347 38
348 44
349 32
350 41
351 45
352 48
353 27
354 34
355 25
356 38
357 37
358 33
359 29
360 32
361 35
362 36
363 24
364 34
365 34
366 31
367 27
368 30
369 27
370 31
371 35
372 37
373 43
374 27
375 40
376 35
377 39
378 33
379 37
380 32
381 37
382 31
383 31
384 24
385 34
386 40
387 42
388 43
389 38
390 36
391 31
392 31
393 37
394 34
395 32
396 27
397 36
398 31
399 37
400 22
401 39
402 31
403 42
404 35
405 38
406 29
407 47
408 46
409 37
410 36
411 26
412 41
413 31
414 42
415 32
416 51
417 43
418 37
419 32
420 29
421 33
422 39
423 47
424 33
425 30
426 31
427 28
428 43
429 32
430 43
431 43
432 37
433 36
434 43
435 33
436 29
437 37
438 37
439 38
440 35
441 30
442 27
443 19
444 35
445 50
446 41
447 38
448 35
449 37
450 31
451 40
452 41
453 40
454 39
455 46
456 43
457 39
458 38
459 42
460 40
461 34
462 35
463 30
464 50
465 32
466 28
467 38
468 43
469 17
470 38
471 29
472 30
473 26
474 38
475 40
476 36
477 39
478 42
479 28
480 31
481 40
482 34
483 27
484 39
485 41
486 39
487 33
488 31
489 41
490 32
491 47
492 46
493 34
494 37
495 36
496 37
497 34
498 35
499 42
500 33
501 41
502 39
503 48
504 39
505 39
506 31
507 30
508 31
509 31
510 29
511 43
512 44
513 53
514 41
515 33
516 30
517 37
518 35
519 37
520 42
521 52
522 34
523 43
524 49
525 35
526 35
527 27
528 32
529 42
530 37
531 38
532 31
533 41
534 49
535 39
536 40
537 28
538 37
539 29
540 37
541 38
542 31
543 43
544 31
545 48
546 46
547 46
548 52
549 51
550 46
551 47
552 56
553 65
554 70
555 53
556 55
557 51
558 45
559 47
560 49
561 40
562 60
563 64
564 82
565 91
566 80
567 69
568 65
569 75
570 73
571 82
572 65
573 78
574 77
575 110
576 110
577 96
578 88
579 86
580 101
581 74
582 85
583 78
584 67
585 47
586 61
587 47
588 47
589 39
590 38
591 34
592 43
593 35
594 34
595 34
596 44
597 42
598 44
599 44
600 41
601 40
602 41
603 35
604 46
605 40
606 36
607 37
608 50
609 42
610 45
611 37
612 33
613 39
614 46
615 30
616 25
617 34
618 38
619 38
620 40
621 51
622 24
623 48
624 24
625 41
626 47
627 32
628 39
629 44
630 39
631 48
632 39
633 26
634 52
635 44
636 38
637 34
638 37
639 41
640 32
641 39
642 42
643 37
644 31
645 44
646 32
647 27
648 44
649 45
650 52
651 34
652 49
653 44
654 37
655 37
656 37
657 35
658 30
659 32
660 42
661 38
662 32
663 32
664 36
665 43
666 46
667 43
668 42
669 34
670 43
671 41
672 42
673 48
674 35
675 47
676 44
677 44
678 46
679 41
680 37
681 31
682 34
683 33
684 36
685 40
686 37
687 34
688 36
689 39
690 52
691 41
692 35
693 44
694 34
695 30
696 40
697 47
698 32
699 46
700 40
701 32
702 42
703 42
704 48
705 39
706 51
707 42
708 27
709 46
710 43
711 47
712 29
713 27
714 37
715 36
716 38
717 51
718 39
719 41
720 30
721 40
722 40
723 38
724 38
725 46
726 37
727 30
728 35
729 35
730 34
731 32
732 43
733 44
734 43
735 27
736 35
737 38
738 38
739 25
740 30
741 28
742 30
743 30
744 32
745 32
746 34
747 43
748 28
749 38
750 38
751 37
752 31
753 35
754 32
755 34
756 28
757 34
758 35
759 40
760 43
761 35
762 35
763 38
764 32
765 37
766 30
767 34
768 37
769 31
770 38
771 34
772 29
773 35
774 44
775 43
776 23
777 41
778 45
779 29
780 43
781 45
782 27
783 47
784 37
785 25
786 37
787 42
788 34
789 30
790 45
791 28
792 34
793 44
794 28
795 34
796 38
797 37
798 40
799 38
800 37
801 22
802 35
803 48
804 35
805 40
806 31
807 39
808 43
809 32
810 33
811 33
812 28
813 45
814 36
815 39
816 46
817 43
818 30
819 39
820 38
821 28
822 34
823 30
824 32
825 36
826 35
827 37
828 36
829 29
830 45
831 38
832 30
833 36
834 40
835 28
836 36
837 27
838 30
839 28
840 39
841 35
842 38
843 28
844 32
845 44
846 20
847 32
848 34
849 48
850 41
851 39
852 38
853 31
854 36
855 30
856 42
857 31
858 30
859 32
860 38
861 36
862 30
863 26
864 34
865 30
866 36
867 42
868 30
869 32
870 32
871 29
872 30
873 33
874 38
875 44
876 30
877 37
878 30
879 25
880 25
881 38
882 29
883 32
884 36
885 15
886 37
887 33
888 34
889 31
890 42
891 32
892 28
893 31
894 35
895 36
896 29
897 30
898 34
899 28
900 34
901 33
902 38
903 24
904 28
905 42
906 30
907 47
908 27
909 37
910 34
911 38
912 44
913 22
914 36
915 35
916 37
917 32
918 31
919 37
920 40
921 33
922 40
923 25
924 34
925 33
926 35
927 31
928 35
929 30
930 37
931 38
932 33
933 33
934 32
935 28
936 39
937 37
938 46
939 33
940 31
941 37
942 39
943 30
944 33
945 29
946 35
947 52
948 30
949 25
950 37
951 36
952 36
953 28
954 24
955 40
956 42
957 30
958 28
959 30
960 27
961 36
962 31
963 27
964 18
965 38
966 29
967 31
968 38
969 23
970 35
971 36
972 29
973 36
974 32
975 29
976 30
977 27
978 29
979 41
980 42
981 33
982 29
983 30
984 26
985 30
986 37
987 35
988 31
989 32
990 28
991 32
992 31
993 27
994 32
995 27
996 27
997 40
998 32
999 32
1000 26
1001 27
1002 33
1003 31
1004 26
1005 48
1006 29
1007 38
1008 41
1009 32
1010 31
1011 32
1012 44
1013 29
1014 31
1015 39
1016 34
1017 33
1018 43
1019 23
1020 36
1021 27
1022 34
1023 37
1024 32
1025 29
1026 43
1027 29
1028 39
1029 37
1030 31
1031 41
1032 31
1033 31
1034 31
1035 39
1036 43
1037 39
1038 39
1039 45
1040 32
1041 29
1042 43
1043 34
1044 50
1045 38
1046 28
1047 33
1048 26
1049 42
1050 34
1051 29
1052 34
1053 43
1054 40
1055 36
1056 33
1057 34
1058 35
1059 40
1060 34
1061 29
1062 32
1063 32
1064 41
1065 38
1066 32
1067 31
1068 27
1069 32
1070 36
1071 29
1072 38
1073 34
1074 28
1075 36
1076 33
1077 35
1078 38
1079 32
1080 51
1081 49
1082 21
1083 61
1084 70
1085 50
1086 92
1087 95
1088 96
1089 118
1090 125
1091 156
1092 169
1093 197
1094 276
1095 378
1096 390
1097 390
1098 283
1099 354
1100 360
1101 433
1102 494
1103 461
1104 420
1105 399
1106 426
1107 368
1108 292
1109 264
1110 230
1111 177
1112 144
1113 111
1114 127
1115 82
1116 54
1117 51
1118 52
1119 38
1120 29
1121 33
1122 35
1123 45
1124 32
1125 35
1126 35
1127 43
1128 31
1129 33
1130 44
1131 38
1132 25
1133 34
1134 26
1135 30
1136 19
1137 43
1138 24
1139 39
1140 39
1141 22
1142 28
1143 25
1144 34
1145 28
1146 34
1147 24
1148 30
1149 25
1150 21
1151 33
1152 23
1153 31
1154 35
1155 22
1156 39
1157 32
1158 32
1159 30
1160 31
1161 30
1162 28
1163 33
1164 36
1165 34
1166 31
1167 31
1168 40
1169 32
1170 25
1171 23
1172 23
1173 30
1174 28
1175 29
1176 25
1177 28
1178 35
1179 34
1180 36
1181 28
1182 34
1183 31
1184 35
1185 33
1186 32
1187 22
1188 41
1189 37
1190 33
1191 32
1192 33
1193 41
1194 23
1195 42
1196 30
1197 35
1198 33
1199 23
1200 24
1201 26
1202 36
1203 28
1204 26
1205 36
1206 32
1207 27
1208 30
1209 28
1210 19
1211 29
1212 26
1213 24
1214 28
1215 37
1216 29
1217 36
1218 35
1219 21
1220 33
1221 33
1222 24
1223 31
1224 39
1225 51
1226 59
1227 40
1228 41
1229 29
1230 36
1231 36
1232 42
1233 44
1234 46
1235 60
1236 58
1237 47
1238 64
1239 85
1240 88
1241 75
1242 70
1243 69
1244 66
1245 69
1246 70
1247 38
1248 61
1249 52
1250 49
1251 36
1252 42
1253 39
1254 32
1255 46
1256 29
1257 31
1258 41
1259 30
1260 40
1261 23
1262 23
1263 28
1264 34
1265 43
1266 30
1267 28
1268 32
1269 19
1270 21
1271 16
1272 18
1273 22
1274 20
1275 18
1276 13
1277 13
1278 14
1279 9
1280 25
1281 21
1282 27
1283 28
1284 23
1285 25
1286 20
1287 14
1288 24
1289 19
1290 32
1291 25
1292 19
1293 28
1294 24
1295 17
1296 29
1297 21
1298 19
1299 33
1300 32
1301 30
1302 25
1303 40
1304 30
1305 48
1306 38
1307 39
1308 43
1309 38
1310 49
1311 40
1312 35
1313 42
1314 47
1315 57
1316 48
1317 39
1318 33
1319 34
1320 27
1321 27
1322 24
1323 22
1324 23
1325 29
1326 32
1327 28
1328 30
1329 33
1330 27
1331 19
1332 26
1333 17
1334 24
1335 23
1336 28
1337 16
1338 24
1339 22
1340 33
1341 28
1342 18
1343 18
1344 18
1345 20
1346 20
1347 23
1348 18
1349 28
1350 26
1351 19
1352 25
1353 25
1354 24
1355 23
1356 22
1357 22
1358 29
1359 20
1360 20
1361 22
1362 22
1363 27
1364 33
1365 16
1366 24
1367 24
1368 31
1369 26
1370 19
1371 23
1372 20
1373 23
1374 31
1375 27
1376 31
1377 28
1378 41
1379 34
1380 33
1381 37
1382 50
1383 41
1384 56
1385 50
1386 64
1387 75
1388 104
1389 101
1390 114
1391 132
1392 154
1393 201
1394 196
1395 166
1396 215
1397 162
1398 151
1399 209
1400 298
1401 275
1402 224
1403 198
1404 174
1405 145
1406 79
1407 108
1408 74
1409 52
1410 47
1411 41
1412 40
1413 26
1414 25
1415 36
1416 35
1417 27
1418 25
1419 25
1420 23
1421 24
1422 20
1423 28
1424 18
1425 29
1426 24
1427 26
1428 22
1429 20
1430 21
1431 22
1432 22
1433 24
1434 29
1435 24
1436 25
1437 21
1438 24
1439 20
1440 23
1441 24
1442 17
1443 17
1444 17
1445 20
1446 18
1447 15
1448 25
1449 18
1450 22
1451 28
1452 25
1453 21
1454 31
1455 17
1456 29
1457 19
1458 31
1459 27
1460 24
1461 20
1462 11
1463 22
1464 19
1465 17
1466 19
1467 18
1468 18
1469 24
1470 22
1471 29
1472 21
1473 23
1474 19
1475 24
1476 25
1477 20
1478 34
1479 22
1480 29
1481 18
1482 19
1483 20
1484 11
1485 18
1486 18
1487 17
1488 14
1489 20
1490 22
1491 19
1492 27
1493 30
1494 18
1495 21
1496 26
1497 12
1498 27
1499 18
1500 26
1501 23
1502 20
1503 21
1504 23
1505 25
1506 25
1507 26
1508 25
1509 22
1510 22
1511 20
1512 21
1513 14
1514 15
1515 30
1516 20
1517 21
1518 25
1519 23
1520 23
1521 15
1522 24
1523 12
1524 19
1525 11
1526 22
1527 20
1528 27
1529 24
1530 26
1531 19
1532 28
1533 12
1534 18
1535 36
1536 24
1537 26
1538 27
1539 17
1540 27
1541 25
1542 23
1543 17
1544 21
1545 28
1546 18
1547 15
1548 14
1549 15
1550 22
1551 23
1552 16
1553 17
1554 12
1555 19
1556 21
1557 27
1558 20
1559 27
1560 15
1561 15
1562 21
1563 14
1564 14
1565 23
1566 17
1567 17
1568 17
1569 19
1570 26
1571 16
1572 20
1573 14
1574 10
1575 28
1576 23
1577 21
1578 16
1579 21
1580 14
1581 22
1582 19
1583 24
1584 18
1585 19
1586 19
1587 13
1588 15
1589 26
1590 18
1591 18
1592 22
1593 13
1594 23
1595 24
1596 16
1597 19
1598 19
1599 28
1600 18
1601 17
1602 26
1603 16
1604 15
1605 20
1606 23
1607 19
1608 15
1609 20
1610 28
1611 10
1612 18
1613 24
1614 21
1615 16
1616 28
1617 16
1618 24
1619 14
1620 24
1621 16
1622 18
1623 23
1624 20
1625 21
1626 22
1627 18
1628 16
1629 13
1630 16
1631 25
1632 31
1633 19
1634 21
1635 13
1636 15
1637 13
1638 12
1639 21
1640 28
1641 19
1642 19
1643 17
1644 11
1645 27
1646 15
1647 15
1648 12
1649 17
1650 19
1651 23
1652 29
1653 14
1654 18
1655 18
1656 23
1657 15
1658 24
1659 22
1660 17
1661 17
1662 18
1663 18
1664 18
1665 22
1666 17
1667 19
1668 18
1669 21
1670 17
1671 25
1672 13
1673 21
1674 20
1675 12
1676 21
1677 19
1678 18
1679 24
1680 14
1681 16
1682 21
1683 13
1684 20
1685 14
1686 17
1687 19
1688 18
1689 20
1690 15
1691 20
1692 13
1693 24
1694 16
1695 10
1696 16
1697 19
1698 20
1699 13
1700 23
1701 22
1702 12
1703 15
1704 16
1705 10
1706 13
1707 16
1708 13
1709 18
1710 20
1711 17
1712 19
1713 18
1714 15
1715 14
1716 12
1717 19
1718 22
1719 26
1720 17
1721 13
1722 19
1723 22
1724 21
1725 21
1726 21
1727 20
1728 24
1729 14
1730 20
1731 19
1732 16
1733 23
1734 34
1735 16
1736 18
1737 19
1738 20
1739 22
1740 16
1741 12
1742 14
1743 14
1744 14
1745 10
1746 13
1747 15
1748 18
1749 17
1750 15
1751 13
1752 13
1753 14
1754 25
1755 16
1756 14
1757 17
1758 17
1759 14
1760 18
1761 14
1762 15
1763 19
1764 17
1765 15
1766 18
1767 20
1768 14
1769 22
1770 17
1771 21
1772 16
1773 21
1774 19
1775 18
1776 21
1777 21
1778 14
1779 14
1780 17
1781 16
1782 22
1783 19
1784 19
1785 16
1786 17
1787 21
1788 23
1789 16
1790 19
1791 17
1792 16
1793 11
1794 14
1795 23
1796 21
1797 17
1798 12
1799 19
1800 23
1801 14
1802 22
1803 10
1804 22
1805 33
1806 18
1807 22
1808 24
1809 28
1810 19
1811 25
1812 18
1813 24
1814 22
1815 24
1816 25
1817 14
1818 24
1819 20
1820 23
1821 24
1822 16
1823 19
1824 15
1825 16
1826 18
1827 12
1828 14
1829 15
1830 15
1831 18
1832 21
1833 14
1834 18
1835 18
1836 16
1837 24
1838 16
1839 17
1840 15
1841 20
1842 23
1843 16
1844 26
1845 16
1846 17
1847 16
1848 22
1849 23
1850 33
1851 23
1852 24
1853 20
1854 33
1855 26
1856 49
1857 47
1858 52
1859 50
1860 59
1861 63
1862 54
1863 62
1864 76
1865 115
1866 154
1867 136
1868 86
1869 94
1870 106
1871 102
1872 129
1873 102
1874 93
1875 74
1876 82
1877 67
1878 69
1879 76
1880 77
1881 95
1882 60
1883 45
1884 34
1885 33
1886 22
1887 19
1888 25
1889 29
1890 21
1891 21
1892 20
1893 22
1894 16
1895 18
1896 20
1897 20
1898 14
1899 14
1900 25
1901 13
1902 9
1903 18
1904 24
1905 13
1906 15
1907 21
1908 29
1909 19
1910 17
1911 16
1912 14
1913 18
1914 14
1915 13
1916 17
1917 20
1918 17
1919 13
1920 18
1921 22
1922 8
1923 14
1924 21
1925 18
1926 25
1927 17
1928 12
1929 15
1930 18
1931 18
1932 21
1933 11
1934 22
1935 12
1936 14
1937 19
1938 18
1939 18
1940 17
1941 16
1942 18
1943 20
1944 23
1945 22
1946 9
1947 18
1948 15
1949 12
1950 16
1951 19
1952 15
1953 13
1954 13
1955 12
1956 19
1957 16
1958 15
1959 18
1960 16
1961 20
1962 19
1963 17
1964 10
1965 16
1966 14
1967 13
1968 24
1969 14
1970 16
1971 20
1972 13
1973 11
1974 12
1975 11
1976 14
1977 16
1978 19
1979 25
1980 28
1981 23
1982 13
1983 12
1984 12
1985 22
1986 16
1987 16
1988 13
1989 18
1990 19
1991 16
1992 22
1993 21
1994 21
1995 21
1996 19
1997 19
1998 18
1999 15
2000 16
2001 13
2002 17
2003 20
2004 12
2005 17
2006 7
2007 18
2008 18
2009 24
2010 5
2011 10
2012 11
2013 14
2014 13
2015 8
2016 20
2017 18
2018 14
2019 19
2020 19
2021 13
2022 20
2023 14
2024 18
2025 22
2026 15
2027 19
2028 19
2029 15
2030 21
2031 20
2032 11
2033 13
2034 16
2035 17
2036 21
2037 16
2038 15
2039 13
2040 20
2041 11
2042 19
2043 23
2044 16
2045 15
2046 15
2047 14
2048 9
2049 19
2050 16
2051 12
2052 14
2053 14
2054 18
2055 12
2056 14
2057 10
2058 28
2059 12
2060 18
2061 13
2062 18
2063 15
2064 23
2065 14
2066 9
2067 15
2068 13
2069 9
2070 13
2071 17
2072 12
2073 15
2074 19
2075 14
2076 16
2077 23
2078 12
2079 16
2080 19
2081 19
2082 18
2083 14
2084 22
2085 12
2086 19
2087 20
2088 10
2089 13
2090 11
2091 12
2092 11
2093 16
2094 22
2095 18
2096 18
2097 26
2098 14
2099 22
2100 24
2101 24
2102 19
2103 22
2104 30
2105 35
2106 43
2107 29
2108 40
2109 53
2110 70
2111 93
2112 81
2113 92
2114 88
2115 101
2116 136
2117 175
2118 171
2119 133
2120 181
2121 226
2122 302
2123 289
2124 346
2125 374
2126 356
2127 371
2128 371
2129 384
2130 400
2131 337
2132 407
2133 337
2134 388
2135 362
2136 332
2137 302
2138 290
2139 210
2140 187
2141 170
2142 172
2143 124
2144 116
2145 107
2146 69
2147 52
2148 41
2149 35
2150 31
2151 37
2152 29
2153 30
2154 17
2155 21
2156 25
2157 13
2158 26
2159 25
2160 25
2161 16
2162 21
2163 13
2164 17
2165 13
2166 14
2167 16
2168 19
2169 22
2170 32
2171 15
2172 9
2173 14
2174 20
2175 11
2176 15
2177 20
2178 18
2179 12
2180 18
2181 21
2182 12
2183 15
2184 18
2185 18
2186 14
2187 14
2188 10
2189 21
2190 14
2191 12
2192 20
2193 17
2194 12
2195 9
2196 15
2197 15
2198 23
2199 15
2200 9
2201 13
2202 18
2203 13
2204 18
2205 12
2206 16
2207 14
2208 23
2209 14
2210 14
2211 19
2212 13
2213 16
2214 12
2215 25
2216 11
2217 17
2218 13
2219 12
2220 14
2221 12
2222 9
2223 13
2224 13
2225 15
2226 19
2227 21
2228 25
2229 16
2230 18
2231 11
2232 17
2233 21
2234 17
2235 11
2236 13
2237 13
2238 14
2239 10
2240 19
2241 15
2242 11
2243 22
2244 13
2245 17
2246 16
2247 15
2248 14
2249 22
2250 13
2251 13
2252 17
2253 15
2254 19
2255 21
2256 14
2257 17
2258 14
2259 13
2260 10
2261 18
2262 15
2263 10
2264 8
2265 19
2266 15
2267 17
2268 23
2269 15
2270 18
2271 23
2272 14
2273 19
2274 14
2275 19
2276 15
2277 20
2278 15
2279 14
2280 24
2281 9
2282 21
2283 15
2284 17
2285 14
2286 13
2287 15
2288 13
2289 14
2290 22
2291 16
2292 10
2293 22
2294 19
2295 12
2296 11
2297 15
2298 11
2299 13
2300 14
2301 11
2302 11
2303 12
2304 12
2305 8
2306 11
2307 21
2308 18
2309 20
2310 20
2311 11
2312 20
2313 15
2314 23
2315 22
2316 26
2317 20
2318 18
2319 21
2320 25
2321 33
2322 32
2323 41
2324 43
2325 51
2326 60
2327 76
2328 68
2329 63
2330 65
2331 86
2332 95
2333 102
2334 76
2335 81
2336 81
2337 102
2338 91
2339 125
2340 113
2341 85
2342 76
2343 75
2344 75
2345 58
2346 41
2347 37
2348 39
2349 43
2350 50
2351 35
2352 26
2353 29
2354 35
2355 13
2356 21
2357 18
2358 14
2359 24
2360 10
2361 13
2362 16
2363 18
2364 15
2365 14
2366 14
2367 14
2368 13
2369 12
2370 13
2371 17
2372 13
2373 16
2374 15
2375 18
2376 9
2377 8
2378 9
2379 12
2380 11
2381 20
2382 6
2383 15
2384 13
2385 9
2386 8
2387 16
2388 16
2389 12
2390 15
2391 13
2392 14
2393 14
2394 11
2395 10
2396 13
2397 11
2398 13
2399 10
2400 11
2401 13
2402 15
2403 8
2404 11
2405 11
2406 13
2407 12
2408 13
2409 8
2410 23
2411 11
2412 12
2413 17
2414 10
2415 13
2416 11
2417 9
2418 9
2419 12
2420 16
2421 13
2422 9
2423 13
2424 10
2425 13
2426 11
2427 10
2428 9
2429 14
2430 12
2431 11
2432 10
2433 16
2434 18
2435 10
2436 11
2437 8
2438 20
2439 12
2440 9
2441 11
2442 13
2443 14
2444 10
2445 14
2446 15
2447 15
2448 9
2449 10
2450 15
2451 15
2452 12
2453 9
2454 19
2455 15
2456 11
2457 12
2458 12
2459 8
2460 8
2461 13
2462 15
2463 8
2464 12
2465 13
2466 13
2467 12
2468 6
2469 9
2470 10
2471 17
2472 5
2473 14
2474 12
2475 16
2476 10
2477 7
2478 9
2479 7
2480 12
2481 14
2482 13
2483 6
2484 7
2485 17
2486 8
2487 12
2488 12
2489 17
2490 13
2491 7
2492 15
2493 10
2494 12
2495 11
2496 10
2497 13
2498 13
2499 11
2500 7
2501 10
2502 20
2503 13
2504 16
2505 7
2506 11
2507 15
2508 18
2509 18
2510 15
2511 7
2512 15
2513 12
2514 14
2515 12
2516 8
2517 16
2518 9
2519 14
2520 8
2521 12
2522 12
2523 23
2524 12
2525 10
2526 14
2527 11
2528 11
2529 15
2530 23
2531 16
2532 14
2533 9
2534 10
2535 12
2536 11
2537 14
2538 8
2539 14
2540 9
2541 13
2542 14
2543 11
2544 13
2545 10
2546 13
2547 9
2548 8
2549 13
2550 8
2551 13
2552 11
2553 13
2554 10
2555 14
2556 12
2557 17
2558 14
2559 15
