0 33
1 23
2 31
3 22
4 32
5 26
6 27
7 21
8 39
9 28
10 36
11 31
12 29
13 36
14 19
15 26
16 24
17 24
18 19
19 29
20 26
21 27
22 23
23 24
24 28
25 29
26 38
27 35
28 24
29 33
30 27
31 27
32 29
33 27
34 19
35 33
36 38
37 43
38 30
39 40
40 38
41 34
42 41
43 22
44 24
45 30
46 30
47 33
48 36
49 30
50 26
51 29
52 35
53 30
54 34
55 22
56 29
57 32
58 30
59 32
60 32
61 35
62 31
63 23
64 34
65 35
66 35
67 20
68 33
69 31
70 37
71 28
72 23
73 25
74 26
75 17
76 25
77 22
78 27
79 33
80 32
81 26
82 29
83 33
84 22
85 38
86 34
87 26
88 23
89 28
90 18
91 21
92 25
93 29
94 35
95 35
96 29
97 31
98 30
99 38
100 30
101 35
102 34
103 29
104 31
105 35
106 31
107 28
108 28
109 24
110 34
111 39
112 28
113 28
114 34
115 31
116 30
117 35
118 21
119 29
120 27
121 33
122 30
123 26
124 34
125 36
126 35
127 31
128 36
129 26
130 42
131 35
132 33
133 40
134 36
135 33
136 24
137 26
138 20
139 25
140 35
141 31
142 30
143 24
144 29
145 36
146 34
147 30
148 39
149 32
150 35
151 36
152 35
153 39
154 35
155 28
156 38
157 31
158 19
159 24
160 34
161 36
162 32
163 22
164 27
165 34
166 21
167 31
168 46
169 32
170 26
171 31
172 21
173 25
174 32
175 41
176 29
177 37
178 37
179 37
180 23
181 17
182 33
183 37
184 33
185 33
186 32
187 29
188 29
189 25
190 26
191 35
192 31
193 31
194 37
195 23
196 33
197 34
198 27
199 34
200 33
201 38
202 42
203 26
204 34
205 29
206 32
207 39
208 33
209 31
210 31
211 28
212 32
213 40
214 24
215 41
216 24
217 28
218 34
219 37
220 27
221 37
222 26
223 38
224 30
225 38
226 39
227 37
228 34
229 29
230 33
231 34
232 36
233 30
234 42
235 32
236 27
237 43
238 30
239 30
240 28
241 33
242 37
243 37
244 33
245 25
246 38
247 32
248 32
249 31
250 32
251 30
252 42
253 33
254 31
255 24
256 34
257 33
258 35
259 23
260 39
261 30
262 35
263 42
264 41
265 38
266 33
267 35
268 40
269 25
270 24
271 36
272 38
273 35
274 36
275 31
276 34
277 32
278 44
279 26
280 32
281 34
282 31
283 28
284 35
285 24
286 23
287 30
288 40
289 35
290 35
291 27
292 31
293 28
294 33
295 36
296 28
297 35
298 35
299 28
300 24
301 38
302 28
303 33
304 34
305 42
306 32
307 33
308 30
309 30
310 25
311 34
312 36
313 29
314 42
315 30
316 35
317 29
318 40
319 29
320 43
321 36
322 28
323 34
324 32
325 26
326 32
327 43
328 39
329 43
330 35
331 27
332 40
333 29
334 31
335 24
336 40
337 46
338 32
339 29
340 29
341 33
342 41
343 36
344 29
345 44
346 31
347 36
348 39
349 32
350 31
351 38
352 38
353 37
354 31
355 38
356 37
357 34
358 24
359 22
360 24
361 38
362 32
363 31
364 31
365 28
366 29
367 43
368 29
369 37
370 40
371 21
372 35
373 31
374 36
375 47
376 16
377 28
378 32
379 42
380 29
381 36
382 37
383 30
384 33
385 30
386 30
387 28
388 40
389 42
390 40
391 31
392 46
393 38
394 37
395 27
396 35
397 40
398 37
399 31
400 39
401 40
402 49
403 32
404 32
405 42
406 41
407 30
408 42
409 31
410 39
411 35
412 38
413 38
414 33
415 35
416 27
417 43
418 42
419 40
420 33
421 36
422 36
423 38
424 35
425 34
426 39
427 35
428 34
429 33
430 41
431 40
432 32
433 33
434 39
435 43
436 52
437 33
438 28
439 36
440 45
441 38
442 27
443 35
444 32
445 33
446 39
447 32
448 37
449 35
450 29
451 42
452 30
453 33
454 32
455 32
456 35
457 38
458 23
459 40
460 45
461 24
462 45
463 23
464 26
465 36
466 38
467 37
468 38
469 39
470 42
471 49
472 38
473 31
474 35
475 32
476 29
477 42
478 32
479 34
480 39
481 37
482 34
483 40
484 33
485 32
486 31
487 36
488 41
489 36
490 28
491 31
492 30
493 26
494 26
495 31
496 41
497 35
498 38
499 29
500 34
501 41
502 47
503 25
504 21
505 39
506 32
507 40
508 33
509 30
510 39
511 36
512 43
513 38
514 36
515 48
516 28
517 35
518 34
519 39
520 32
521 30
522 41
523 31
524 39
525 36
526 45
527 33
528 33
529 43
530 41
531 51
532 43
533 34
534 37
535 41
536 39
537 34
538 36
539 38
540 37
541 42
542 47
543 47
544 37
545 47
546 26
547 41
548 30
549 37
550 39
551 24
552 35
553 42
554 53
555 39
556 62
557 61
558 77
559 55
560 63
561 76
562 58
563 75
564 46
565 53
566 48
567 62
568 54
569 75
570 47
571 54
572 59
573 74
574 69
575 81
576 74
577 74
578 99
579 102
580 92
581 82
582 71
583 86
584 84
585 87
586 93
587 98
588 81
589 60
590 68
591 66
592 55
593 47
594 33
595 32
596 31
597 43
598 39
599 42
600 40
601 44
602 38
603 40
604 47
605 47
606 32
607 39
608 35
609 44
610 42
611 42
612 44
613 35
614 48
615 47
616 38
617 31
618 45
619 34
620 44
621 34
622 31
623 38
624 35
625 32
626 34
627 37
628 29
629 33
630 39
631 42
632 37
633 24
634 37
635 38
636 39
637 46
638 32
639 44
640 36
641 35
642 52
643 42
644 41
645 47
646 34
647 31
648 36
649 34
650 50
651 34
652 49
653 39
654 37
655 34
656 39
657 43
658 30
659 35
660 52
661 39
662 34
663 42
664 43
665 49
666 36
667 29
668 41
669 48
670 42
671 42
672 36
673 40
674 32
675 42
676 37
677 35
678 37
679 32
680 42
681 35
682 47
683 25
684 37
685 43
686 40
687 37
688 33
689 36
690 43
691 37
692 33
693 41
694 37
695 36
696 38
697 39
698 25
699 37
700 51
701 47
702 34
703 35
704 59
705 26
706 32
707 36
708 43
709 29
710 42
711 35
712 50
713 40
714 34
715 48
716 40
717 40
718 33
719 37
720 25
721 33
722 30
723 40
724 36
725 42
726 39
727 32
728 37
729 34
730 27
731 37
732 32
733 39
734 46
735 32
736 38
737 38
738 35
739 35
740 46
741 45
742 35
743 28
744 35
745 35
746 25
747 49
748 37
749 28
750 37
751 29
752 33
753 44
754 38
755 31
756 25
757 41
758 47
759 41
760 52
761 36
762 32
763 45
764 41
765 45
766 27
767 31
768 41
769 29
770 29
771 36
772 25
773 27
774 36
775 42
776 31
777 26
778 31
779 35
780 48
781 30
782 35
783 29
784 40
785 33
786 44
787 29
788 34
789 25
790 31
791 39
792 47
793 36
794 35
795 37
796 31
797 31
798 53
799 35
800 38
801 35
802 32
803 41
804 40
805 31
806 34
807 51
808 46
809 37
810 31
811 29
812 29
813 41
814 25
815 36
816 37
817 26
818 37
819 33
820 36
821 35
822 34
823 48
824 43
825 46
826 27
827 29
828 31
829 43
830 40
831 38
832 40
833 36
834 32
835 31
836 39
837 23
838 42
839 27
840 45
841 33
842 31
843 35
844 30
845 33
846 34
847 28
848 30
849 39
850 28
851 36
852 36
853 33
854 35
855 34
856 27
857 40
858 37
859 31
860 35
861 25
862 25
863 36
864 31
865 34
866 45
867 37
868 42
869 46
870 35
871 32
872 30
873 38
874 37
875 33
876 38
877 38
878 36
879 35
880 24
881 41
882 23
883 33
884 33
885 32
886 28
887 27
888 39
889 36
890 34
891 37
892 26
893 25
894 29
895 23
896 36
897 35
898 24
899 31
900 39
901 30
902 35
903 32
904 33
905 35
906 35
907 26
908 26
909 39
910 36
911 34
912 50
913 40
914 31
915 45
916 31
917 34
918 44
919 33
920 43
921 33
922 48
923 35
924 35
925 29
926 39
927 30
928 38
929 31
930 37
931 46
932 51
933 33
934 34
935 41
936 39
937 28
938 30
939 39
940 50
941 37
942 42
943 32
944 38
945 31
946 27
947 35
948 30
949 34
950 40
951 26
952 30
953 32
954 24
955 29
956 33
957 26
958 31
959 35
960 34
961 24
962 33
963 41
964 32
965 33
966 36
967 33
968 40
969 36
970 35
971 23
972 37
973 36
974 35
975 31
976 30
977 42
978 33
979 34
980 34
981 45
982 40
983 44
984 22
985 39
986 32
987 36
988 38
989 44
990 30
991 41
992 37
993 28
994 36
995 31
996 28
997 37
998 37
999 36
1000 27
1001 32
1002 40
1003 38
1004 31
1005 24
1006 40
1007 38
1008 30
1009 29
1010 25
1011 26
1012 27
1013 36
1014 42
1015 26
1016 27
1017 34
1018 31
1019 44
1020 30
1021 34
1022 37
1023 25
1024 39
1025 30
1026 21
1027 32
1028 31
1029 45
1030 30
1031 29
1032 32
1033 34
1034 33
1035 22
1036 36
1037 27
1038 25
1039 37
1040 38
1041 43
1042 30
1043 21
1044 38
1045 34
1046 32
1047 27
1048 39
1049 39
1050 44
1051 32
1052 32
1053 39
1054 18
1055 31
1056 44
1057 48
1058 40
1059 27
1060 30
1061 31
1062 37
1063 27
1064 32
1065 29
1066 31
1067 23
1068 31
1069 25
1070 42
1071 24
1072 56
1073 36
1074 44
1075 42
1076 33
1077 21
1078 22
1079 30
1080 27
1081 24
1082 38
1083 45
1084 43
1085 38
1086 39
1087 52
1088 48
1089 75
1090 69
1091 90
1092 84
1093 89
1094 88
1095 111
1096 146
1097 182
1098 220
1099 298
1100 242
1101 239
1102 229
1103 241
1104 275
1105 304
1106 379
1107 410
1108 443
1109 521
1110 628
1111 589
1112 475
1113 510
1114 470
1115 335
1116 264
1117 244
1118 217
1119 146
1120 109
1121 67
1122 55
1123 55
1124 52
1125 41
1126 49
1127 37
1128 29
1129 47
1130 33
1131 35
1132 33
1133 32
1134 31
1135 39
1136 41
1137 34
1138 39
1139 29
1140 24
1141 33
1142 32
1143 29
1144 23
1145 31
1146 20
1147 32
1148 33
1149 32
1150 35
1151 34
1152 26
1153 31
1154 32
1155 36
1156 29
1157 29
1158 29
1159 35
1160 35
1161 27
1162 31
1163 27
1164 39
1165 30
1166 37
1167 35
1168 24
1169 30
1170 20
1171 41
1172 33
1173 29
1174 32
1175 29
1176 36
1177 29
1178 29
1179 32
1180 33
1181 29
1182 28
1183 38
1184 37
1185 29
1186 26
1187 35
1188 34
1189 28
1190 33
1191 36
1192 20
1193 19
1194 33
1195 37
1196 16
1197 21
1198 32
1199 29
1200 22
1201 37
1202 30
1203 40
1204 27
1205 18
1206 34
1207 32
1208 28
1209 33
1210 27
1211 31
1212 27
1213 37
1214 44
1215 37
1216 34
1217 39
1218 32
1219 29
1220 28
1221 34
1222 38
1223 22
1224 36
1225 22
1226 39
1227 32
1228 37
1229 33
1230 26
1231 30
1232 33
1233 52
1234 34
1235 37
1236 45
1237 32
1238 44
1239 43
1240 39
1241 53
1242 39
1243 64
1244 66
1245 66
1246 80
1247 79
1248 83
1249 90
1250 70
1251 53
1252 55
1253 51
1254 41
1255 34
1256 43
1257 43
1258 31
1259 29
1260 27
1261 26
1262 22
1263 33
1264 39
1265 23
1266 24
1267 30
1268 15
1269 27
1270 23
1271 18
1272 28
1273 19
1274 27
1275 17
1276 23
1277 11
1278 15
1279 14
1280 30
1281 27
1282 22
1283 33
1284 19
1285 22
1286 26
1287 17
1288 22
1289 19
1290 27
1291 24
1292 25
1293 26
1294 27
1295 18
1296 23
1297 21
1298 24
1299 27
1300 36
1301 32
1302 23
1303 24
1304 21
1305 19
1306 22
1307 24
1308 26
1309 39
1310 35
1311 28
1312 35
1313 45
1314 36
1315 34
1316 36
1317 43
1318 44
1319 45
1320 47
1321 40
1322 41
1323 38
1324 40
1325 19
1326 24
1327 26
1328 40
1329 36
1330 32
1331 23
1332 24
1333 28
1334 27
1335 18
1336 25
1337 13
1338 27
1339 29
1340 32
1341 23
1342 16
1343 26
1344 17
1345 24
1346 28
1347 18
1348 18
1349 28
1350 29
1351 20
1352 15
1353 18
1354 27
1355 26
1356 22
1357 23
1358 26
1359 27
1360 26
1361 35
1362 33
1363 26
1364 37
1365 23
1366 26
1367 24
1368 22
1369 22
1370 17
1371 20
1372 24
1373 19
1374 23
1375 26
1376 18
1377 22
1378 20
1379 27
1380 34
1381 24
1382 26
1383 33
1384 25
1385 24
1386 29
1387 41
1388 29
1389 33
1390 50
1391 50
1392 68
1393 62
1394 76
1395 115
1396 112
1397 116
1398 129
1399 165
1400 164
1401 199
1402 201
1403 224
1404 234
1405 265
1406 232
1407 237
1408 176
1409 137
1410 114
1411 105
1412 140
1413 161
1414 102
1415 80
1416 69
1417 50
1418 49
1419 37
1420 26
1421 23
1422 23
1423 23
1424 23
1425 20
1426 22
1427 24
1428 22
1429 24
1430 24
1431 16
1432 28
1433 28
1434 18
1435 22
1436 22
1437 26
1438 19
1439 28
1440 25
1441 28
1442 13
1443 27
1444 24
1445 16
1446 21
1447 22
1448 12
1449 13
1450 25
1451 31
1452 21
1453 21
1454 23
1455 28
1456 25
1457 12
1458 26
1459 24
1460 23
1461 21
1462 25
1463 18
1464 19
1465 19
1466 19
1467 17
1468 21
1469 16
1470 21
1471 14
1472 20
1473 18
1474 23
1475 28
1476 29
1477 22
1478 18
1479 26
1480 22
1481 20
1482 20
1483 14
1484 25
1485 27
1486 20
1487 25
1488 12
1489 19
1490 18
1491 21
1492 27
1493 20
1494 15
1495 34
1496 23
1497 22
1498 24
1499 17
1500 21
1501 17
1502 22
1503 16
1504 16
1505 27
1506 23
1507 19
1508 18
1509 17
1510 32
1511 19
1512 28
1513 27
1514 18
1515 20
1516 26
1517 24
1518 21
1519 24
1520 22
1521 16
1522 24
1523 26
1524 13
1525 16
1526 17
1527 19
1528 33
1529 27
1530 27
1531 23
1532 24
1533 18
1534 20
1535 29
1536 17
1537 26
1538 30
1539 18
1540 22
1541 23
1542 22
1543 15
1544 19
1545 18
1546 25
1547 22
1548 20
1549 19
1550 17
1551 22
1552 30
1553 24
1554 15
1555 28
1556 26
1557 18
1558 22
1559 19
1560 17
1561 22
1562 18
1563 17
1564 16
1565 18
1566 19
1567 24
1568 20
1569 13
1570 19
1571 20
1572 19
1573 19
1574 23
1575 15
1576 21
1577 17
1578 25
1579 24
1580 21
1581 18
1582 20
1583 14
1584 15
1585 15
1586 19
1587 26
1588 24
1589 25
1590 22
1591 33
1592 21
1593 12
1594 20
1595 21
1596 20
1597 17
1598 22
1599 26
1600 17
1601 14
1602 25
1603 22
1604 19
1605 16
1606 21
1607 14
1608 14
1609 16
1610 16
1611 19
1612 16
1613 25
1614 22
1615 17
1616 15
1617 19
1618 15
1619 19
1620 16
1621 14
1622 18
1623 20
1624 13
1625 13
1626 17
1627 25
1628 15
1629 21
1630 21
1631 22
1632 21
1633 15
1634 27
1635 25
1636 21
1637 19
1638 17
1639 28
1640 22
1641 15
1642 21
1643 22
1644 22
1645 22
1646 17
1647 19
1648 20
1649 17
1650 23
1651 16
1652 21
1653 23
1654 24
1655 15
1656 18
1657 25
1658 20
1659 17
1660 18
1661 16
1662 14
1663 21
1664 18
1665 13
1666 18
1667 31
1668 18
1669 28
1670 14
1671 14
1672 22
1673 19
1674 20
1675 15
1676 18
1677 11
1678 20
1679 19
1680 17
1681 23
1682 21
1683 12
1684 22
1685 22
1686 18
1687 22
1688 17
1689 13
1690 16
1691 19
1692 19
1693 25
1694 21
1695 16
1696 15
1697 17
1698 12
1699 12
1700 18
1701 24
1702 17
1703 19
1704 18
1705 22
1706 23
1707 19
1708 21
1709 12
1710 20
1711 18
1712 20
1713 11
1714 17
1715 16
1716 18
1717 18
1718 25
1719 17
1720 18
1721 17
1722 15
1723 16
1724 18
1725 22
1726 18
1727 17
1728 19
1729 19
1730 17
1731 24
1732 21
1733 13
1734 11
1735 17
1736 18
1737 16
1738 12
1739 16
1740 23
1741 26
1742 15
1743 17
1744 21
1745 20
1746 14
1747 19
1748 24
1749 19
1750 21
1751 12
1752 12
1753 14
1754 19
1755 25
1756 16
1757 23
1758 16
1759 17
1760 21
1761 20
1762 17
1763 21
1764 21
1765 15
1766 13
1767 12
1768 10
1769 19
1770 16
1771 24
1772 21
1773 15
1774 17
1775 21
1776 15
1777 15
1778 14
1779 13
1780 15
1781 21
1782 18
1783 23
1784 18
1785 12
1786 22
1787 12
1788 15
1789 20
1790 21
1791 30
1792 19
1793 18
1794 13
1795 15
1796 9
1797 15
1798 15
1799 17
1800 15
1801 13
1802 18
1803 9
1804 16
1805 20
1806 27
1807 19
1808 18
1809 14
1810 14
1811 12
1812 26
1813 23
1814 18
1815 21
1816 23
1817 18
1818 24
1819 23
1820 21
1821 15
1822 20
1823 19
1824 20
1825 32
1826 18
1827 14
1828 25
1829 19
1830 24
1831 25
1832 19
1833 19
1834 15
1835 15
1836 24
1837 13
1838 13
1839 9
1840 15
1841 16
1842 12
1843 13
1844 17
1845 20
1846 19
1847 10
1848 18
1849 18
1850 17
1851 12
1852 18
1853 26
1854 23
1855 20
1856 24
1857 19
1858 14
1859 28
1860 34
1861 47
1862 37
1863 31
1864 42
1865 37
1866 50
1867 57
1868 57
1869 54
1870 62
1871 66
1872 97
1873 69
1874 74
1875 75
1876 86
1877 107
1878 208
1879 266
1880 256
1881 220
1882 161
1883 94
1884 75
1885 89
1886 64
1887 81
1888 69
1889 51
1890 37
1891 30
1892 20
1893 31
1894 29
1895 21
1896 22
1897 18
1898 21
1899 27
1900 18
1901 20
1902 17
1903 17
1904 28
1905 21
1906 17
1907 17
1908 17
1909 19
1910 20
1911 16
1912 13
1913 19
1914 14
1915 12
1916 14
1917 23
1918 12
1919 16
1920 22
1921 19
1922 8
1923 16
1924 18
1925 17
1926 25
1927 11
1928 21
1929 16
1930 21
1931 19
1932 19
1933 19
1934 19
1935 15
1936 16
1937 15
1938 20
1939 15
1940 19
1941 17
1942 18
1943 16
1944 23
1945 19
1946 19
1947 19
1948 11
1949 14
1950 15
1951 12
1952 12
1953 14
1954 16
1955 10
1956 13
1957 16
1958 10
1959 15
1960 20
1961 19
1962 16
1963 19
1964 14
1965 13
1966 19
1967 20
1968 15
1969 17
1970 16
1971 12
1972 20
1973 19
1974 19
1975 18
1976 18
1977 10
1978 21
1979 14
1980 21
1981 18
1982 20
1983 23
1984 17
1985 18
1986 10
1987 12
1988 12
1989 15
1990 18
1991 17
1992 18
1993 9
1994 22
1995 21
1996 15
1997 14
1998 20
1999 16
2000 12
2001 10
2002 16
2003 15
2004 18
2005 21
2006 11
2007 18
2008 8
2009 22
2010 15
2011 17
2012 19
2013 14
2014 17
2015 14
2016 14
2017 15
2018 17
2019 15
2020 20
2021 9
2022 18
2023 12
2024 15
2025 12
2026 13
2027 19
2028 15
2029 29
2030 14
2031 18
2032 12
2033 12
2034 27
2035 7
2036 15
2037 12
2038 17
2039 11
2040 20
2041 20
2042 19
2043 12
2044 15
2045 10
2046 18
2047 22
2048 9
2049 13
2050 14
2051 17
2052 23
2053 20
2054 11
2055 10
2056 11
2057 17
2058 20
2059 14
2060 18
2061 17
2062 15
2063 21
2064 15
2065 17
2066 16
2067 15
2068 13
2069 15
2070 15
2071 17
2072 17
2073 13
2074 18
2075 19
2076 21
2077 17
2078 17
2079 12
2080 13
2081 14
2082 19
2083 16
2084 14
2085 19
2086 18
2087 14
2088 8
2089 12
2090 16
2091 19
2092 16
2093 19
2094 15
2095 19
2096 20
2097 16
2098 12
2099 20
2100 18
2101 26
2102 21
2103 18
2104 15
2105 25
2106 15
2107 19
2108 24
2109 20
2110 16
2111 13
2112 32
2113 28
2114 35
2115 27
2116 41
2117 35
2118 52
2119 49
2120 57
2121 69
2122 64
2123 74
2124 100
2125 89
2126 140
2127 193
2128 180
2129 157
2130 133
2131 178
2132 260
2133 322
2134 411
2135 479
2136 475
2137 445
2138 393
2139 393
2140 405
2141 391
2142 391
2143 371
2144 355
2145 304
2146 254
2147 224
2148 226
2149 197
2150 164
2151 127
2152 125
2153 107
2154 91
2155 61
2156 58
2157 47
2158 36
2159 33
2160 28
2161 38
2162 22
2163 25
2164 26
2165 34
2166 22
2167 16
2168 15
2169 17
2170 17
2171 23
2172 20
2173 17
2174 13
2175 18
2176 14
2177 16
2178 10
2179 18
2180 15
2181 18
2182 17
2183 17
2184 16
2185 17
2186 14
2187 11
2188 13
2189 13
2190 15
2191 17
2192 17
2193 24
2194 12
2195 16
2196 15
2197 17
2198 11
2199 12
2200 13
2201 15
2202 16
2203 17
2204 11
2205 11
2206 8
2207 11
2208 10
2209 13
2210 13
2211 14
2212 12
2213 18
2214 13
2215 15
2216 7
2217 17
2218 9
2219 16
2220 13
2221 17
2222 13
2223 10
2224 10
2225 15
2226 10
2227 10
2228 21
2229 14
2230 15
2231 19
2232 14
2233 13
2234 13
2235 12
2236 22
2237 18
2238 11
2239 14
2240 9
2241 18
2242 15
2243 17
2244 10
2245 16
2246 17
2247 17
2248 15
2249 12
2250 12
2251 11
2252 19
2253 15
2254 16
2255 10
2256 9
2257 22
2258 11
2259 12
2260 15
2261 17
2262 13
2263 17
2264 18
2265 28
2266 16
2267 19
2268 15
2269 14
2270 15
2271 5
2272 14
2273 13
2274 24
2275 16
2276 21
2277 12
2278 8
2279 16
2280 18
2281 10
2282 15
2283 10
2284 16
2285 8
2286 19
2287 5
2288 13
2289 12
2290 13
2291 16
2292 19
2293 13
2294 12
2295 14
2296 12
2297 13
2298 13
2299 20
2300 10
2301 11
2302 11
2303 14
2304 12
2305 14
2306 12
2307 15
2308 19
2309 18
2310 13
2311 12
2312 13
2313 13
2314 22
2315 18
2316 11
2317 11
2318 16
2319 15
2320 15
2321 17
2322 18
2323 14
2324 17
2325 24
2326 24
2327 28
2328 35
2329 30
2330 31
2331 45
2332 48
2333 53
2334 50
2335 58
2336 35
2337 53
2338 54
2339 73
2340 72
2341 70
2342 72
2343 77
2344 67
2345 59
2346 85
2347 114
2348 95
2349 82
2350 72
2351 70
2352 80
2353 74
2354 52
2355 72
2356 76
2357 51
2358 54
2359 35
2360 34
2361 40
2362 36
2363 35
2364 28
2365 28
2366 19
2367 19
2368 13
2369 11
2370 13
2371 15
2372 11
2373 22
2374 24
2375 14
2376 20
2377 18
2378 22
2379 12
2380 16
2381 9
2382 11
2383 8
2384 10
2385 12
2386 8
2387 14
2388 11
2389 8
2390 12
2391 18
2392 16
2393 10
2394 14
2395 9
2396 11
2397 11
2398 7
2399 15
2400 12
2401 11
2402 10
2403 17
2404 14
2405 14
2406 13
2407 7
2408 15
2409 11
2410 9
2411 10
2412 10
2413 21
2414 19
2415 13
2416 19
2417 11
2418 13
2419 11
2420 16
2421 16
2422 14
2423 6
2424 12
2425 15
2426 16
2427 12
2428 9
2429 11
2430 8
2431 13
2432 6
2433 16
2434 8
2435 13
2436 9
2437 12
2438 12
2439 18
2440 17
2441 22
2442 6
2443 7
2444 14
2445 17
2446 18
2447 14
2448 15
2449 14
2450 14
2451 11
2452 9
2453 13
2454 14
2455 17
2456 9
2457 10
2458 14
2459 12
2460 13
2461 13
2462 11
2463 7
2464 10
2465 13
2466 13
2467 6
2468 10
2469 14
2470 17
2471 17
2472 13
2473 9
2474 11
2475 15
2476 10
2477 14
2478 17
2479 5
2480 15
2481 14
2482 12
2483 11
2484 16
2485 12
2486 13
2487 12
2488 17
2489 8
2490 14
2491 10
2492 12
2493 15
2494 20
2495 11
2496 12
2497 12
2498 8
2499 13
2500 7
2501 13
2502 16
2503 13
2504 13
2505 12
2506 11
2507 8
2508 9
2509 15
2510 8
2511 8
2512 17
2513 10
2514 15
2515 14
2516 15
2517 11
2518 10
2519 12
2520 17
2521 16
2522 12
2523 12
2524 10
2525 13
2526 17
2527 12
2528 16
2529 12
2530 11
2531 10
2532 12
2533 10
2534 14
2535 11
2536 13
2537 10
2538 9
2539 8
2540 10
2541 18
2542 14
2543 11
2544 16
2545 13
2546 11
2547 14
2548 9
2549 8
2550 10
2551 14
2552 8
2553 6
2554 12
2555 6
2556 13
2557 10
2558 14
2559 20
