0 33
1 29
2 33
3 33
4 25
5 26
6 26
7 34
8 40
9 32
10 25
11 35
12 37
13 31
14 38
15 36
16 39
17 32
18 35
19 37
20 31
21 34
22 37
23 43
24 35
25 31
26 35
27 33
28 38
29 24
30 26
31 32
32 31
33 36
34 23
35 32
36 29
37 25
38 29
39 31
40 36
41 30
42 24
43 26
44 20
45 35
46 30
47 31
48 35
49 36
50 34
51 36
52 32
53 22
54 31
55 28
56 26
57 32
58 29
59 43
60 36
61 24
62 19
63 28
64 40
65 25
66 30
67 28
68 36
69 36
70 20
71 18
72 38
73 32
74 31
75 37
76 24
77 33
78 27
79 31
80 28
81 32
82 30
83 27
84 27
85 24
86 35
87 27
88 29
89 37
90 30
91 31
92 23
93 28
94 35
95 30
96 31
97 23
98 27
99 31
100 34
101 42
102 34
103 39
104 30
105 29
106 32
107 26
108 25
109 39
110 39
111 36
112 28
113 36
114 29
115 44
116 33
117 27
118 38
119 33
120 29
121 39
122 43
123 26
124 43
125 26
126 33
127 34
128 41
129 42
130 40
131 32
132 43
133 30
134 47
135 24
136 39
137 34
138 20
139 25
140 35
141 29
142 38
143 38
144 33
145 32
146 38
147 40
148 34
149 23
150 38
151 24
152 30
153 27
154 35
155 31
156 41
157 31
158 27
159 40
160 47
161 37
162 38
163 36
164 31
165 36
166 27
167 25
168 44
169 32
170 27
171 57
172 32
173 29
174 35
175 37
176 26
177 34
178 28
179 36
180 29
181 45
182 27
183 29
184 30
185 31
186 38
187 35
188 27
189 37
190 36
191 24
192 41
193 34
194 46
195 35
196 44
197 35
198 39
199 37
200 34
201 35
202 33
203 40
204 37
205 22
206 35
207 37
208 25
209 44
210 23
211 40
212 38
213 30
214 34
215 27
216 25
217 36
218 35
219 32
220 44
221 41
222 34
223 44
224 35
225 42
226 50
227 44
228 35
229 33
230 29
231 37
232 42
233 21
234 47
235 40
236 33
237 33
238 39
239 44
240 35
241 45
242 26
243 30
244 36
245 43
246 38
247 40
248 28
249 35
250 39
251 40
252 51
253 41
254 35
255 28
256 38
257 33
258 33
259 27
260 52
261 33
262 36
263 47
264 39
265 29
266 28
267 32
268 31
269 28
270 32
271 31
272 31
273 29
274 46
275 26
276 28
277 32
278 31
279 34
280 39
281 38
282 38
283 43
284 48
285 40
286 38
287 44
288 41
289 33
290 39
291 35
292 40
293 37
294 39
295 32
296 37
297 40
298 26
299 42
300 42
301 35
302 33
303 42
304 33
305 30
306 44
307 39
308 45
309 32
310 38
311 23
312 41
313 48
314 33
315 39
316 41
317 36
318 37
319 41
320 37
321 37
322 45
323 30
324 41
325 45
326 35
327 36
328 34
329 36
330 38
331 29
332 31
333 30
334 35
335 41
336 39
337 47
338 36
339 31
340 34
341 33
342 27
343 28
344 34
345 41
346 40
347 43
348 49
349 27
350 34
351 38
352 32
353 33
354 37
355 35
356 44
357 30
358 31
359 35
360 40
361 36
362 34
363 45
364 46
365 34
366 32
367 41
368 36
369 38
370 34
371 40
372 50
373 37
374 38
375 32
376 32
377 41
378 32
379 34
380 33
381 37
382 35
383 41
384 41
385 40
386 25
387 41
388 39
389 46
390 29
391 37
392 28
393 39
394 39
395 42
396 34
397 31
398 28
399 43
400 39
401 41
402 37
403 43
404 36
405 44
406 40
407 45
408 33
409 43
410 42
411 30
412 33
413 33
414 36
415 33
416 47
417 34
418 36
419 34
420 37
421 36
422 47
423 30
424 41
425 47
426 32
427 44
428 45
429 35
430 26
431 41
432 47
433 31
434 33
435 47
436 38
437 35
438 37
439 40
440 36
441 37
442 45
443 36
444 31
445 43
446 43
447 44
448 39
449 41
450 42
451 46
452 54
453 35
454 36
455 41
456 40
457 35
458 32
459 31
460 42
461 33
462 40
463 48
464 42
465 34
466 41
467 37
468 41
469 28
470 39
471 39
472 35
473 44
474 39
475 39
476 34
477 46
478 44
479 29
480 32
481 34
482 35
483 30
484 47
485 49
486 36
487 38
488 53
489 43
490 34
491 45
492 47
493 28
494 44
495 37
496 46
497 38
498 45
499 42
500 45
501 42
502 37
503 49
504 43
505 52
506 52
507 35
508 45
509 32
510 39
511 44
512 42
513 45
514 40
515 41
516 57
517 43
518 54
519 46
520 56
521 53
522 69
523 56
524 60
525 66
526 59
527 39
528 50
529 70
530 69
531 85
532 79
533 81
534 96
535 73
536 79
537 102
538 89
539 95
540 103
541 105
542 109
543 104
544 143
545 141
546 121
547 129
548 110
549 103
550 83
551 61
552 71
553 56
554 53
555 52
556 45
557 46
558 34
559 30
560 26
561 45
562 35
563 36
564 44
565 35
566 28
567 46
568 39
569 40
570 49
571 42
572 42
573 38
574 32
575 38
576 41
577 37
578 46
579 39
580 34
581 31
582 37
583 34
584 31
585 35
586 40
587 34
588 45
589 40
590 43
591 38
592 37
593 36
594 49
595 36
596 38
597 47
598 42
599 46
600 30
601 53
602 41
603 38
604 39
605 40
606 35
607 37
608 25
609 37
610 31
611 42
612 42
613 33
614 43
615 33
616 36
617 38
618 43
619 35
620 39
621 36
622 35
623 47
624 37
625 39
626 44
627 38
628 30
629 29
630 29
631 27
632 38
633 51
634 37
635 29
636 51
637 40
638 32
639 26
640 32
641 43
642 42
643 38
644 41
645 40
646 44
647 34
648 30
649 32
650 43
651 33
652 33
653 27
654 34
655 39
656 37
657 39
658 44
659 41
660 40
661 35
662 46
663 45
664 42
665 48
666 38
667 38
668 34
669 35
670 42
671 33
672 35
673 29
674 38
675 37
676 36
677 35
678 34
679 45
680 47
681 46
682 46
683 46
684 44
685 36
686 41
687 47
688 46
689 43
690 35
691 50
692 49
693 39
694 37
695 47
696 50
697 32
698 48
699 36
700 41
701 43
702 40
703 42
704 44
705 39
706 41
707 43
708 37
709 41
710 40
711 36
712 47
713 36
714 33
715 33
716 45
717 33
718 45
719 47
720 42
721 42
722 41
723 48
724 43
725 35
726 36
727 35
728 33
729 31
730 53
731 49
732 37
733 29
734 38
735 41
736 40
737 41
738 40
739 38
740 43
741 43
742 41
743 38
744 30
745 38
746 28
747 39
748 35
749 38
750 34
751 34
752 44
753 33
754 39
755 31
756 40
757 32
758 36
759 46
760 38
761 43
762 26
763 49
764 40
765 44
766 37
767 50
768 38
769 33
770 25
771 46
772 40
773 31
774 24
775 31
776 42
777 30
778 39
779 35
780 44
781 44
782 36
783 46
784 32
785 43
786 36
787 28
788 40
789 41
790 30
791 28
792 37
793 25
794 33
795 37
796 44
797 41
798 32
799 46
800 26
801 34
802 46
803 34
804 39
805 38
806 35
807 29
808 36
809 34
810 42
811 39
812 42
813 39
814 31
815 43
816 38
817 39
818 41
819 39
820 43
821 24
822 36
823 52
824 30
825 47
826 35
827 48
828 42
829 35
830 45
831 31
832 35
833 42
834 35
835 22
836 36
837 34
838 27
839 43
840 41
841 32
842 25
843 33
844 36
845 37
846 38
847 32
848 25
849 38
850 42
851 34
852 30
853 35
854 36
855 39
856 41
857 21
858 27
859 31
860 35
861 39
862 35
863 39
864 38
865 30
866 31
867 34
868 43
869 42
870 34
871 26
872 32
873 43
874 28
875 44
876 50
877 50
878 50
879 42
880 35
881 36
882 34
883 42
884 44
885 34
886 34
887 45
888 41
889 44
890 29
891 43
892 26
893 31
894 38
895 31
896 38
897 32
898 42
899 30
900 32
901 40
902 35
903 42
904 38
905 34
906 38
907 36
908 42
909 36
910 36
911 37
912 37
913 35
914 39
915 35
916 24
917 32
918 32
919 41
920 48
921 42
922 31
923 33
924 27
925 26
926 35
927 31
928 38
929 31
930 43
931 36
932 44
933 49
934 28
935 24
936 42
937 27
938 37
939 33
940 47
941 35
942 30
943 33
944 43
945 33
946 35
947 28
948 30
949 19
950 45
951 34
952 48
953 34
954 28
955 32
956 23
957 42
958 34
959 48
960 48
961 26
962 33
963 40
964 26
965 26
966 25
967 30
968 25
969 31
970 33
971 45
972 42
973 27
974 32
975 28
976 40
977 32
978 35
979 32
980 20
981 34
982 29
983 28
984 33
985 26
986 25
987 35
988 33
989 43
990 26
991 35
992 27
993 28
994 32
995 26
996 32
997 36
998 30
999 22
1000 38
1001 47
1002 41
1003 37
1004 37
1005 38
1006 33
1007 32
1008 27
1009 26
1010 30
1011 46
1012 29
1013 29
1014 33
1015 30
1016 31
1017 22
1018 34
1019 34
1020 34
1021 29
1022 32
1023 40
1024 27
1025 41
1026 23
1027 26
1028 28
1029 37
1030 38
1031 39
1032 44
1033 36
1034 41
1035 37
1036 46
1037 52
1038 46
1039 35
1040 66
1041 82
1042 94
1043 123
1044 110
1045 107
1046 106
1047 121
1048 194
1049 223
1050 228
1051 258
1052 306
1053 309
1054 338
1055 296
1056 379
1057 475
1058 503
1059 515
1060 524
1061 535
1062 581
1063 567
1064 534
1065 416
1066 371
1067 284
1068 215
1069 191
1070 175
1071 146
1072 130
1073 64
1074 46
1075 44
1076 39
1077 37
1078 48
1079 45
1080 34
1081 28
1082 41
1083 35
1084 31
1085 38
1086 38
1087 36
1088 34
1089 33
1090 37
1091 30
1092 42
1093 27
1094 41
1095 37
1096 32
1097 39
1098 39
1099 27
1100 35
1101 29
1102 43
1103 31
1104 30
1105 40
1106 41
1107 42
1108 29
1109 32
1110 28
1111 26
1112 33
1113 38
1114 34
1115 29
1116 28
1117 35
1118 36
1119 43
1120 28
1121 33
1122 30
1123 27
1124 29
1125 25
1126 36
1127 41
1128 25
1129 25
1130 27
1131 38
1132 26
1133 29
1134 31
1135 36
1136 37
1137 36
1138 34
1139 35
1140 26
1141 28
1142 33
1143 36
1144 34
1145 35
1146 54
1147 38
1148 36
1149 43
1150 28
1151 30
1152 35
1153 32
1154 34
1155 32
1156 35
1157 28
1158 27
1159 31
1160 31
1161 33
1162 21
1163 36
1164 43
1165 28
1166 34
1167 45
1168 34
1169 32
1170 31
1171 38
1172 38
1173 29
1174 33
1175 35
1176 34
1177 36
1178 30
1179 43
1180 41
1181 33
1182 39
1183 51
1184 40
1185 50
1186 41
1187 49
1188 45
1189 64
1190 48
1191 51
1192 51
1193 64
1194 59
1195 56
1196 55
1197 54
1198 52
1199 72
1200 70
1201 66
1202 54
1203 46
1204 52
1205 27
1206 51
1207 36
1208 41
1209 40
1210 29
1211 32
1212 27
1213 20
1214 22
1215 26
1216 28
1217 26
1218 22
1219 32
1220 28
1221 40
1222 27
1223 40
1224 35
1225 24
1226 32
1227 33
1228 38
1229 28
1230 42
1231 31
1232 35
1233 33
1234 25
1235 25
1236 36
1237 23
1238 31
1239 35
1240 30
1241 32
1242 26
1243 43
1244 33
1245 27
1246 32
1247 33
1248 35
1249 30
1250 33
1251 36
1252 34
1253 34
1254 39
1255 36
1256 33
1257 34
1258 35
1259 33
1260 49
1261 36
1262 37
1263 35
1264 25
1265 31
1266 23
1267 23
1268 22
1269 24
1270 29
1271 19
1272 21
1273 24
1274 27
1275 18
1276 22
1277 18
1278 12
1279 17
1280 35
1281 30
1282 21
1283 24
1284 23
1285 23
1286 21
1287 23
1288 34
1289 27
1290 31
1291 21
1292 22
1293 24
1294 28
1295 28
1296 25
1297 22
1298 34
1299 28
1300 28
1301 37
1302 30
1303 31
1304 32
1305 36
1306 34
1307 33
1308 23
1309 31
1310 22
1311 21
1312 18
1313 21
1314 33
1315 32
1316 20
1317 31
1318 27
1319 28
1320 26
1321 35
1322 27
1323 30
1324 23
1325 29
1326 28
1327 35
1328 29
1329 33
1330 50
1331 43
1332 53
1333 62
1334 64
1335 81
1336 111
1337 129
1338 122
1339 101
1340 100
1341 121
1342 191
1343 225
1344 191
1345 198
1346 238
1347 257
1348 265
1349 246
1350 227
1351 210
1352 183
1353 173
1354 143
1355 149
1356 111
1357 138
1358 156
1359 132
1360 65
1361 35
1362 56
1363 44
1364 17
1365 41
1366 21
1367 28
1368 22
1369 27
1370 28
1371 24
1372 29
1373 24
1374 25
1375 24
1376 47
1377 28
1378 28
1379 23
1380 24
1381 27
1382 23
1383 28
1384 24
1385 21
1386 26
1387 21
1388 21
1389 14
1390 17
1391 20
1392 30
1393 25
1394 26
1395 25
1396 27
1397 20
1398 24
1399 22
1400 26
1401 32
1402 25
1403 26
1404 20
1405 21
1406 32
1407 31
1408 40
1409 27
1410 30
1411 28
1412 22
1413 20
1414 14
1415 22
1416 28
1417 23
1418 20
1419 23
1420 34
1421 22
1422 19
1423 23
1424 26
1425 26
1426 24
1427 27
1428 23
1429 22
1430 16
1431 22
1432 19
1433 20
1434 29
1435 36
1436 22
1437 21
1438 25
1439 16
1440 27
1441 21
1442 27
1443 24
1444 24
1445 24
1446 26
1447 32
1448 19
1449 18
1450 19
1451 28
1452 27
1453 22
1454 16
1455 26
1456 28
1457 24
1458 25
1459 28
1460 18
1461 19
1462 17
1463 15
1464 20
1465 28
1466 27
1467 20
1468 24
1469 35
1470 18
1471 14
1472 17
1473 30
1474 29
1475 29
1476 20
1477 20
1478 23
1479 21
1480 20
1481 27
1482 23
1483 17
1484 16
1485 25
1486 21
1487 19
1488 24
1489 22
1490 21
1491 23
1492 16
1493 22
1494 21
1495 34
1496 28
1497 25
1498 23
1499 23
1500 23
1501 21
1502 23
1503 24
1504 23
1505 25
1506 21
1507 18
1508 14
1509 19
1510 22
1511 19
1512 18
1513 24
1514 18
1515 22
1516 17
1517 27
1518 20
1519 16
1520 20
1521 18
1522 27
1523 23
1524 19
1525 23
1526 13
1527 20
1528 30
1529 31
1530 20
1531 29
1532 25
1533 15
1534 23
1535 29
1536 30
1537 21
1538 15
1539 19
1540 19
1541 31
1542 19
1543 20
1544 23
1545 28
1546 15
1547 22
1548 25
1549 28
1550 20
1551 13
1552 18
1553 26
1554 21
1555 22
1556 19
1557 18
1558 18
1559 26
1560 22
1561 15
1562 18
1563 13
1564 17
1565 23
1566 20
1567 22
1568 19
1569 21
1570 22
1571 25
1572 20
1573 21
1574 11
1575 27
1576 27
1577 23
1578 23
1579 25
1580 21
1581 20
1582 16
1583 18
1584 12
1585 26
1586 21
1587 20
1588 20
1589 23
1590 17
1591 11
1592 22
1593 27
1594 17
1595 24
1596 25
1597 23
1598 15
1599 25
1600 22
1601 20
1602 20
1603 17
1604 17
1605 20
1606 25
1607 19
1608 12
1609 20
1610 22
1611 18
1612 19
1613 12
1614 12
1615 16
1616 15
1617 21
1618 21
1619 19
1620 16
1621 14
1622 19
1623 28
1624 20
1625 16
1626 13
1627 19
1628 17
1629 15
1630 17
1631 19
1632 9
1633 19
1634 16
1635 18
1636 20
1637 15
1638 12
1639 24
1640 19
1641 14
1642 12
1643 14
1644 19
1645 22
1646 24
1647 20
1648 14
1649 21
1650 18
1651 23
1652 12
1653 21
1654 20
1655 17
1656 19
1657 16
1658 13
1659 24
1660 16
1661 18
1662 15
1663 22
1664 20
1665 23
1666 24
1667 20
1668 11
1669 20
1670 16
1671 25
1672 22
1673 17
1674 15
1675 18
1676 16
1677 18
1678 21
1679 18
1680 24
1681 11
1682 19
1683 15
1684 18
1685 20
1686 25
1687 18
1688 23
1689 22
1690 16
1691 18
1692 15
1693 15
1694 15
1695 16
1696 20
1697 17
1698 18
1699 22
1700 23
1701 18
1702 14
1703 25
1704 18
1705 15
1706 26
1707 21
1708 15
1709 22
1710 20
1711 15
1712 12
1713 18
1714 18
1715 15
1716 21
1717 31
1718 13
1719 17
1720 15
1721 18
1722 15
1723 20
1724 20
1725 22
1726 19
1727 24
1728 25
1729 18
1730 23
1731 11
1732 23
1733 20
1734 14
1735 26
1736 24
1737 23
1738 30
1739 16
1740 17
1741 16
1742 19
1743 17
1744 19
1745 25
1746 10
1747 21
1748 23
1749 14
1750 26
1751 23
1752 25
1753 14
1754 27
1755 17
1756 30
1757 26
1758 31
1759 14
1760 23
1761 28
1762 14
1763 26
1764 21
1765 14
1766 22
1767 26
1768 30
1769 26
1770 22
1771 14
1772 23
1773 17
1774 14
1775 23
1776 20
1777 22
1778 19
1779 17
1780 15
1781 19
1782 22
1783 29
1784 29
1785 22
1786 38
1787 29
1788 34
1789 51
1790 38
1791 33
1792 46
1793 42
1794 57
1795 54
1796 40
1797 46
1798 52
1799 69
1800 68
1801 79
1802 79
1803 86
1804 102
1805 140
1806 185
1807 165
1808 125
1809 168
1810 154
1811 167
1812 133
1813 112
1814 89
1815 89
1816 73
1817 69
1818 76
1819 82
1820 58
1821 33
1822 35
1823 23
1824 38
1825 34
1826 20
1827 28
1828 20
1829 32
1830 24
1831 24
1832 13
1833 16
1834 20
1835 23
1836 14
1837 18
1838 15
1839 17
1840 19
1841 19
1842 12
1843 15
1844 16
1845 24
1846 15
1847 9
1848 17
1849 19
1850 15
1851 23
1852 18
1853 8
1854 10
1855 23
1856 23
1857 11
1858 19
1859 17
1860 14
1861 11
1862 17
1863 15
1864 17
1865 17
1866 18
1867 14
1868 16
1869 21
1870 17
1871 12
1872 23
1873 18
1874 17
1875 8
1876 12
1877 16
1878 12
1879 18
1880 17
1881 21
1882 20
1883 21
1884 23
1885 16
1886 19
1887 17
1888 20
1889 14
1890 19
1891 14
1892 22
1893 14
1894 14
1895 19
1896 22
1897 15
1898 10
1899 18
1900 19
1901 16
1902 19
1903 16
1904 15
1905 17
1906 17
1907 9
1908 17
1909 24
1910 16
1911 15
1912 20
1913 23
1914 22
1915 11
1916 20
1917 15
1918 15
1919 12
1920 16
1921 26
1922 10
1923 19
1924 14
1925 19
1926 20
1927 21
1928 21
1929 27
1930 17
1931 23
1932 15
1933 24
1934 14
1935 15
1936 17
1937 17
1938 25
1939 17
1940 21
1941 16
1942 13
1943 19
1944 24
1945 13
1946 13
1947 15
1948 15
1949 12
1950 14
1951 17
1952 22
1953 22
1954 13
1955 11
1956 26
1957 21
1958 15
1959 23
1960 21
1961 23
1962 21
1963 12
1964 17
1965 12
1966 11
1967 15
1968 21
1969 22
1970 17
1971 15
1972 20
1973 13
1974 14
1975 16
1976 22
1977 18
1978 12
1979 18
1980 16
1981 21
1982 13
1983 18
1984 16
1985 24
1986 18
1987 22
1988 18
1989 16
1990 11
1991 18
1992 11
1993 27
1994 13
1995 19
1996 24
1997 13
1998 19
1999 17
2000 24
2001 17
2002 18
2003 26
2004 17
2005 15
2006 30
2007 17
2008 17
2009 24
2010 21
2011 19
2012 26
2013 16
2014 21
2015 11
2016 19
2017 20
2018 11
2019 16
2020 23
2021 25
2022 22
2023 9
2024 17
2025 16
2026 35
2027 18
2028 19
2029 16
2030 28
2031 22
2032 25
2033 22
2034 22
2035 19
2036 21
2037 25
2038 31
2039 24
2040 39
2041 30
2042 37
2043 34
2044 37
2045 48
2046 53
2047 47
2048 65
2049 69
2050 100
2051 96
2052 153
2053 201
2054 230
2055 157
2056 185
2057 145
2058 192
2059 207
2060 256
2061 292
2062 411
2063 489
2064 412
2065 306
2066 362
2067 349
2068 371
2069 398
2070 484
2071 441
2072 450
2073 380
2074 340
2075 297
2076 270
2077 235
2078 228
2079 193
2080 123
2081 92
2082 88
2083 75
2084 65
2085 57
2086 45
2087 29
2088 31
2089 30
2090 40
2091 17
2092 35
2093 19
2094 27
2095 25
2096 20
2097 22
2098 8
2099 14
2100 23
2101 22
2102 22
2103 18
2104 17
2105 16
2106 14
2107 15
2108 21
2109 17
2110 20
2111 17
2112 16
2113 14
2114 21
2115 21
2116 19
2117 24
2118 16
2119 17
2120 14
2121 14
2122 11
2123 16
2124 15
2125 21
2126 11
2127 12
2128 19
2129 11
2130 9
2131 20
2132 23
2133 18
2134 21
2135 18
2136 12
2137 11
2138 22
2139 14
2140 18
2141 17
2142 22
2143 10
2144 11
2145 20
2146 24
2147 18
2148 15
2149 22
2150 15
2151 16
2152 14
2153 14
2154 18
2155 14
2156 19
2157 23
2158 18
2159 15
2160 24
2161 17
2162 15
2163 18
2164 15
2165 13
2166 17
2167 12
2168 12
2169 12
2170 17
2171 13
2172 14
2173 13
2174 16
2175 14
2176 19
2177 12
2178 15
2179 16
2180 22
2181 23
2182 23
2183 15
2184 12
2185 13
2186 22
2187 25
2188 14
2189 10
2190 14
2191 22
2192 18
2193 13
2194 12
2195 19
2196 17
2197 19
2198 14
2199 12
2200 15
2201 13
2202 13
2203 13
2204 14
2205 14
2206 16
2207 13
2208 16
2209 14
2210 18
2211 11
2212 8
2213 17
2214 11
2215 17
2216 21
2217 18
2218 18
2219 11
2220 13
2221 19
2222 18
2223 9
2224 19
2225 16
2226 12
2227 11
2228 20
2229 19
2230 18
2231 16
2232 19
2233 15
2234 13
2235 13
2236 18
2237 16
2238 16
2239 16
2240 8
2241 15
2242 23
2243 25
2244 21
2245 21
2246 26
2247 29
2248 21
2249 25
2250 25
2251 31
2252 27
2253 33
2254 47
2255 39
2256 54
2257 48
2258 56
2259 58
2260 57
2261 53
2262 61
2263 58
2264 76
2265 74
2266 97
2267 98
2268 89
2269 96
2270 97
2271 99
2272 108
2273 94
2274 83
2275 66
2276 60
2277 65
2278 58
2279 58
2280 64
2281 52
2282 49
2283 50
2284 40
2285 38
2286 20
2287 16
2288 15
2289 12
2290 17
2291 18
2292 14
2293 22
2294 21
2295 11
2296 27
2297 19
2298 12
2299 13
2300 14
2301 15
2302 10
2303 10
2304 16
2305 13
2306 16
2307 16
2308 18
2309 15
2310 19
2311 14
2312 20
2313 15
2314 12
2315 8
2316 21
2317 20
2318 13
2319 13
2320 14
2321 15
2322 11
2323 17
2324 18
2325 14
2326 7
2327 10
2328 12
2329 13
2330 9
2331 15
2332 11
2333 16
2334 22
2335 14
2336 12
2337 11
2338 11
2339 12
2340 15
2341 14
2342 16
2343 12
2344 11
2345 15
2346 12
2347 8
2348 15
2349 13
2350 9
2351 8
2352 15
2353 10
2354 16
2355 13
2356 15
2357 7
2358 20
2359 16
2360 11
2361 17
2362 13
2363 12
2364 13
2365 20
2366 11
2367 18
2368 18
2369 11
2370 18
2371 21
2372 15
2373 11
2374 13
2375 19
2376 12
2377 12
2378 13
2379 9
2380 15
2381 9
2382 8
2383 12
2384 16
2385 14
2386 12
2387 14
2388 11
2389 12
2390 14
2391 13
2392 15
2393 11
2394 6
2395 14
2396 13
2397 14
2398 14
2399 15
2400 11
2401 19
2402 12
2403 10
2404 15
2405 9
2406 12
2407 15
2408 11
2409 12
2410 18
2411 10
2412 16
2413 5
2414 11
2415 12
2416 13
2417 9
2418 17
2419 18
2420 22
2421 11
2422 9
2423 18
2424 15
2425 18
2426 19
2427 12
2428 9
2429 5
2430 12
2431 9
2432 14
2433 8
2434 10
2435 6
2436 8
2437 21
2438 16
2439 14
2440 16
2441 12
2442 12
2443 7
2444 6
2445 11
2446 9
2447 11
2448 12
2449 12
2450 8
2451 10
2452 17
2453 9
2454 9
2455 7
2456 5
2457 9
2458 11
2459 13
2460 9
2461 10
2462 15
2463 11
2464 14
2465 13
2466 13
2467 15
2468 13
2469 10
2470 13
2471 13
2472 11
2473 14
2474 13
2475 11
2476 19
2477 10
2478 11
2479 15
2480 18
2481 15
2482 11
2483 9
2484 10
2485 12
2486 13
2487 14
2488 8
2489 10
2490 11
2491 13
2492 14
2493 10
2494 11
2495 13
2496 14
2497 10
2498 18
2499 7
2500 8
2501 11
2502 9
2503 18
2504 19
2505 6
2506 18
2507 9
2508 10
2509 17
2510 15
2511 10
2512 8
2513 11
2514 6
2515 10
2516 10
2517 9
2518 17
2519 19
2520 10
2521 15
2522 8
2523 11
2524 8
2525 13
2526 10
2527 13
2528 15
2529 12
2530 13
2531 14
2532 18
2533 9
2534 15
2535 14
2536 17
2537 13
2538 12
2539 11
2540 15
2541 22
2542 23
2543 13
2544 17
2545 19
2546 31
2547 31
2548 35
2549 29
2550 29
2551 39
2552 42
2553 54
2554 47
2555 53
2556 53
2557 59
2558 73
2559 89
