0 28
1 27
2 28
3 21
4 23
5 36
6 24
7 22
8 23
9 22
10 18
11 29
12 23
13 36
14 25
15 23
16 27
17 30
18 21
19 26
20 27
21 33
22 26
23 21
24 25
25 27
26 32
27 32
28 28
29 23
30 16
31 22
32 30
33 27
34 40
35 38
36 26
37 33
38 22
39 24
40 30
41 32
42 28
43 24
44 31
45 24
46 27
47 30
48 33
49 30
50 28
51 22
52 23
53 32
54 24
55 27
56 25
57 29
58 25
59 24
60 26
61 30
62 25
63 37
64 28
65 24
66 24
67 26
68 21
69 34
70 33
71 26
72 33
73 23
74 27
75 27
76 28
77 31
78 24
79 39
80 26
81 29
82 26
83 33
84 26
85 23
86 27
87 27
88 23
89 23
90 33
91 27
92 20
93 16
94 22
95 21
96 18
97 24
98 33
99 23
100 28
101 31
102 23
103 27
104 26
105 25
106 33
107 28
108 26
109 28
110 31
111 36
112 32
113 40
114 26
115 32
116 25
117 20
118 37
119 31
120 25
121 30
122 30
123 33
124 33
125 30
126 31
127 30
128 43
129 29
130 31
131 27
132 30
133 38
134 31
135 24
136 30
137 23
138 21
139 35
140 25
141 26
142 32
143 36
144 32
145 26
146 26
147 28
148 25
149 23
150 23
151 35
152 25
153 25
154 22
155 28
156 28
157 27
158 19
159 28
160 34
161 21
162 31
163 27
164 39
165 34
166 35
167 34
168 30
169 30
170 30
171 33
172 27
173 30
174 32
175 32
176 36
177 38
178 29
179 24
180 31
181 19
182 35
183 37
184 27
185 33
186 24
187 32
188 38
189 38
190 36
191 31
192 36
193 31
194 30
195 24
196 28
197 42
198 23
199 43
200 32
201 27
202 19
203 37
204 32
205 26
206 28
207 30
208 22
209 32
210 36
211 21
212 30
213 42
214 25
215 28
216 27
217 30
218 38
219 39
220 34
221 33
222 21
223 37
224 31
225 32
226 31
227 37
228 32
229 34
230 41
231 30
232 34
233 41
234 33
235 17
236 39
237 35
238 38
239 37
240 35
241 27
242 26
243 45
244 26
245 39
246 39
247 41
248 30
249 29
250 28
251 37
252 28
253 34
254 26
255 43
256 32
257 28
258 34
259 23
260 25
261 37
262 36
263 31
264 47
265 25
266 36
267 22
268 29
269 29
270 24
271 34
272 23
273 28
274 27
275 24
276 35
277 45
278 31
279 32
280 34
281 30
282 30
283 33
284 44
285 34
286 38
287 49
288 29
289 25
290 37
291 37
292 45
293 30
294 39
295 30
296 27
297 31
298 27
299 27
300 33
301 39
302 34
303 22
304 27
305 27
306 24
307 37
308 26
309 34
310 28
311 41
312 40
313 28
314 40
315 39
316 28
317 32
318 37
319 35
320 33
321 26
322 29
323 31
324 31
325 38
326 35
327 31
328 43
329 33
330 30
331 33
332 38
333 23
334 31
335 29
336 31
337 34
338 28
339 38
340 33
341 31
342 34
343 38
344 33
345 35
346 24
347 21
348 36
349 27
350 22
351 40
352 33
353 25
354 35
355 39
356 31
357 34
358 27
359 42
360 43
361 31
362 33
363 31
364 31
365 29
366 33
367 32
368 40
369 25
370 29
371 38
372 42
373 30
374 24
375 31
376 41
377 44
378 35
379 36
380 34
381 36
382 29
383 21
384 29
385 28
386 32
387 28
388 42
389 33
390 28
391 40
392 39
393 31
394 24
395 27
396 27
397 39
398 30
399 39
400 39
401 36
402 45
403 36
404 34
405 49
406 35
407 26
408 27
409 24
410 27
411 34
412 36
413 39
414 35
415 42
416 37
417 34
418 35
419 45
420 33
421 30
422 42
423 37
424 47
425 39
426 44
427 36
428 33
429 33
430 46
431 35
432 29
433 36
434 30
435 32
436 36
437 42
438 28
439 35
440 36
441 39
442 45
443 23
444 39
445 34
446 45
447 34
448 31
449 39
450 31
451 33
452 42
453 26
454 34
455 39
456 29
457 36
458 22
459 53
460 30
461 30
462 41
463 35
464 40
465 41
466 42
467 37
468 28
469 41
470 34
471 38
472 34
473 32
474 36
475 30
476 36
477 41
478 30
479 54
480 52
481 28
482 32
483 36
484 36
485 42
486 38
487 36
488 39
489 41
490 34
491 34
492 33
493 27
494 43
495 37
496 26
497 33
498 42
499 47
500 30
501 43
502 33
503 44
504 40
505 41
506 34
507 37
508 37
509 29
510 40
511 33
512 41
513 33
514 32
515 35
516 34
517 33
518 45
519 37
520 42
521 30
522 50
523 39
524 29
525 34
526 38
527 25
528 32
529 36
530 24
531 32
532 21
533 36
534 22
535 33
536 37
537 36
538 38
539 42
540 46
541 42
542 27
543 45
544 28
545 40
546 36
547 31
548 47
549 27
550 38
551 45
552 29
553 27
554 41
555 38
556 33
557 28
558 27
559 33
560 45
561 32
562 40
563 39
564 38
565 33
566 48
567 52
568 31
569 28
570 32
571 41
572 33
573 33
574 38
575 49
576 39
577 40
578 33
579 53
580 38
581 38
582 46
583 53
584 46
585 66
586 68
587 65
588 82
589 83
590 62
591 70
592 49
593 66
594 57
595 48
596 59
597 70
598 82
599 104
600 104
601 96
602 97
603 105
604 85
605 72
606 84
607 78
608 107
609 125
610 120
611 89
612 86
613 70
614 46
615 58
616 71
617 45
618 42
619 40
620 36
621 30
622 31
623 38
624 30
625 34
626 42
627 26
628 39
629 37
630 31
631 45
632 31
633 32
634 36
635 42
636 44
637 40
638 36
639 32
640 39
641 30
642 50
643 41
644 34
645 32
646 35
647 45
648 39
649 38
650 37
651 41
652 41
653 33
654 50
655 36
656 30
657 31
658 36
659 26
660 35
661 37
662 38
663 40
664 30
665 47
666 35
667 44
668 36
669 31
670 52
671 43
672 47
673 33
674 34
675 40
676 29
677 40
678 33
679 39
680 40
681 24
682 37
683 38
684 30
685 30
686 35
687 41
688 32
689 38
690 31
691 38
692 24
693 38
694 24
695 38
696 35
697 28
698 32
699 35
700 32
701 19
702 41
703 40
704 50
705 30
706 40
707 26
708 38
709 33
710 41
711 37
712 31
713 34
714 33
715 27
716 41
717 45
718 32
719 30
720 44
721 30
722 36
723 32
724 47
725 25
726 41
727 35
728 44
729 31
730 27
731 37
732 33
733 47
734 37
735 31
736 45
737 38
738 41
739 40
740 35
741 33
742 38
743 35
744 34
745 37
746 29
747 38
748 39
749 48
750 28
751 35
752 37
753 37
754 36
755 40
756 23
757 21
758 40
759 37
760 30
761 43
762 40
763 27
764 43
765 40
766 29
767 34
768 33
769 25
770 33
771 25
772 34
773 33
774 39
775 37
776 43
777 32
778 47
779 34
780 41
781 30
782 41
783 38
784 32
785 33
786 37
787 37
788 36
789 30
790 33
791 28
792 28
793 33
794 29
795 44
796 33
797 37
798 35
799 34
800 34
801 32
802 42
803 34
804 37
805 39
806 41
807 37
808 33
809 39
810 39
811 28
812 26
813 34
814 32
815 43
816 36
817 31
818 39
819 30
820 31
821 34
822 29
823 33
824 36
825 38
826 35
827 40
828 37
829 31
830 32
831 42
832 34
833 32
834 32
835 26
836 34
837 32
838 32
839 31
840 32
841 34
842 41
843 24
844 33
845 34
846 38
847 44
848 34
849 37
850 35
851 28
852 31
853 28
854 34
855 41
856 30
857 28
858 32
859 33
860 25
861 35
862 32
863 31
864 21
865 22
866 30
867 31
868 34
869 44
870 41
871 22
872 34
873 39
874 35
875 27
876 35
877 26
878 32
879 30
880 36
881 34
882 46
883 43
884 32
885 16
886 43
887 30
888 38
889 39
890 32
891 30
892 38
893 41
894 33
895 20
896 33
897 31
898 27
899 23
900 27
901 26
902 38
903 36
904 23
905 31
906 38
907 31
908 39
909 37
910 27
911 33
912 33
913 38
914 29
915 34
916 40
917 22
918 25
919 34
920 32
921 33
922 31
923 39
924 23
925 40
926 26
927 27
928 33
929 40
930 32
931 31
932 29
933 45
934 24
935 31
936 39
937 36
938 26
939 34
940 30
941 32
942 38
943 42
944 31
945 33
946 36
947 32
948 16
949 28
950 39
951 39
952 24
953 37
954 42
955 42
956 39
957 38
958 45
959 24
960 39
961 37
962 33
963 32
964 26
965 45
966 37
967 31
968 20
969 29
970 30
971 29
972 28
973 24
974 25
975 24
976 30
977 29
978 35
979 31
980 32
981 41
982 34
983 36
984 46
985 27
986 29
987 34
988 23
989 32
990 34
991 33
992 35
993 34
994 37
995 43
996 29
997 25
998 35
999 31
1000 30
1001 26
1002 24
1003 27
1004 34
1005 35
1006 25
1007 39
1008 38
1009 39
1010 40
1011 27
1012 27
1013 25
1014 44
1015 30
1016 37
1017 33
1018 24
1019 45
1020 27
1021 27
1022 33
1023 25
1024 20
1025 38
1026 48
1027 33
1028 38
1029 33
1030 27
1031 34
1032 39
1033 31
1034 37
1035 36
1036 40
1037 26
1038 37
1039 44
1040 38
1041 25
1042 37
1043 32
1044 35
1045 32
1046 30
1047 41
1048 32
1049 19
1050 28
1051 26
1052 28
1053 38
1054 26
1055 38
1056 29
1057 32
1058 24
1059 33
1060 34
1061 28
1062 26
1063 31
1064 34
1065 30
1066 29
1067 37
1068 35
1069 27
1070 41
1071 32
1072 27
1073 29
1074 22
1075 27
1076 34
1077 34
1078 19
1079 29
1080 25
1081 40
1082 24
1083 32
1084 29
1085 38
1086 29
1087 39
1088 35
1089 38
1090 29
1091 31
1092 30
1093 28
1094 28
1095 37
1096 32
1097 30
1098 34
1099 40
1100 41
1101 23
1102 31
1103 18
1104 29
1105 34
1106 31
1107 34
1108 15
1109 33
1110 37
1111 42
1112 34
1113 40
1114 42
1115 43
1116 42
1117 33
1118 38
1119 47
1120 36
1121 36
1122 52
1123 65
1124 57
1125 71
1126 100
1127 127
1128 178
1129 237
1130 274
1131 242
1132 207
1133 275
1134 332
1135 382
1136 368
1137 443
1138 490
1139 624
1140 743
1141 758
1142 748
1143 651
1144 633
1145 483
1146 467
1147 393
1148 330
1149 183
1150 148
1151 106
1152 133
1153 94
1154 59
1155 53
1156 33
1157 28
1158 37
1159 37
1160 31
1161 46
1162 44
1163 29
1164 41
1165 38
1166 43
1167 42
1168 36
1169 28
1170 32
1171 32
1172 23
1173 25
1174 38
1175 35
1176 33
1177 24
1178 24
1179 32
1180 23
1181 38
1182 31
1183 38
1184 40
1185 23
1186 30
1187 32
1188 26
1189 30
1190 35
1191 33
1192 30
1193 38
1194 28
1195 33
1196 31
1197 39
1198 39
1199 24
1200 18
1201 38
1202 33
1203 23
1204 31
1205 31
1206 35
1207 23
1208 42
1209 44
1210 40
1211 40
1212 27
1213 27
1214 22
1215 33
1216 28
1217 37
1218 44
1219 37
1220 31
1221 33
1222 35
1223 32
1224 26
1225 32
1226 31
1227 43
1228 33
1229 33
1230 37
1231 34
1232 37
1233 33
1234 24
1235 29
1236 33
1237 41
1238 18
1239 26
1240 25
1241 36
1242 33
1243 33
1244 25
1245 29
1246 23
1247 31
1248 21
1249 19
1250 23
1251 40
1252 30
1253 25
1254 49
1255 21
1256 34
1257 28
1258 30
1259 28
1260 44
1261 35
1262 32
1263 33
1264 37
1265 30
1266 32
1267 28
1268 32
1269 42
1270 37
1271 33
1272 42
1273 56
1274 54
1275 48
1276 63
1277 51
1278 50
1279 7
1280 25
1281 24
1282 24
1283 16
1284 18
1285 18
1286 23
1287 21
1288 17
1289 20
1290 34
1291 19
1292 18
1293 16
1294 22
1295 27
1296 29
1297 25
1298 21
1299 31
1300 25
1301 27
1302 18
1303 26
1304 32
1305 25
1306 25
1307 25
1308 18
1309 16
1310 22
1311 19
1312 24
1313 29
1314 25
1315 23
1316 26
1317 20
1318 17
1319 17
1320 35
1321 29
1322 21
1323 25
1324 26
1325 17
1326 24
1327 25
1328 29
1329 20
1330 15
1331 18
1332 26
1333 30
1334 14
1335 19
1336 17
1337 12
1338 24
1339 39
1340 24
1341 23
1342 30
1343 20
1344 20
1345 27
1346 30
1347 27
1348 31
1349 34
1350 26
1351 38
1352 41
1353 53
1354 44
1355 44
1356 43
1357 60
1358 46
1359 43
1360 35
1361 37
1362 40
1363 30
1364 33
1365 31
1366 33
1367 26
1368 22
1369 26
1370 19
1371 30
1372 10
1373 23
1374 20
1375 27
1376 29
1377 22
1378 25
1379 13
1380 25
1381 22
1382 32
1383 25
1384 23
1385 22
1386 28
1387 26
1388 24
1389 20
1390 22
1391 18
1392 21
1393 24
1394 24
1395 26
1396 18
1397 23
1398 24
1399 29
1400 16
1401 17
1402 21
1403 26
1404 19
1405 24
1406 28
1407 18
1408 24
1409 31
1410 26
1411 29
1412 24
1413 28
1414 14
1415 18
1416 27
1417 15
1418 34
1419 23
1420 17
1421 33
1422 26
1423 26
1424 41
1425 34
1426 47
1427 54
1428 48
1429 46
1430 48
1431 63
1432 72
1433 111
1434 97
1435 125
1436 155
1437 221
1438 215
1439 217
1440 262
1441 307
1442 238
1443 256
1444 252
1445 260
1446 179
1447 165
1448 158
1449 166
1450 149
1451 144
1452 106
1453 70
1454 56
1455 43
1456 33
1457 33
1458 26
1459 26
1460 25
1461 21
1462 12
1463 23
1464 21
1465 22
1466 27
1467 31
1468 21
1469 25
1470 20
1471 26
1472 22
1473 20
1474 22
1475 24
1476 25
1477 27
1478 28
1479 18
1480 12
1481 19
1482 24
1483 25
1484 23
1485 15
1486 21
1487 21
1488 17
1489 22
1490 22
1491 28
1492 17
1493 22
1494 34
1495 23
1496 24
1497 17
1498 21
1499 17
1500 18
1501 23
1502 19
1503 29
1504 26
1505 22
1506 22
1507 18
1508 16
1509 21
1510 22
1511 14
1512 20
1513 8
1514 18
1515 22
1516 20
1517 18
1518 20
1519 20
1520 21
1521 17
1522 17
1523 21
1524 17
1525 21
1526 21
1527 23
1528 23
1529 23
1530 21
1531 11
1532 21
1533 20
1534 22
1535 26
1536 27
1537 15
1538 17
1539 12
1540 18
1541 12
1542 24
1543 30
1544 16
1545 22
1546 20
1547 22
1548 20
1549 19
1550 24
1551 15
1552 23
1553 19
1554 17
1555 16
1556 24
1557 20
1558 16
1559 21
1560 21
1561 27
1562 30
1563 23
1564 21
1565 21
1566 24
1567 12
1568 21
1569 17
1570 18
1571 23
1572 17
1573 24
1574 8
1575 18
1576 22
1577 25
1578 27
1579 18
1580 17
1581 21
1582 15
1583 21
1584 25
1585 21
1586 26
1587 22
1588 18
1589 15
1590 22
1591 17
1592 12
1593 17
1594 32
1595 18
1596 17
1597 13
1598 22
1599 17
1600 19
1601 16
1602 21
1603 24
1604 12
1605 29
1606 25
1607 12
1608 27
1609 15
1610 10
1611 17
1612 18
1613 20
1614 18
1615 17
1616 22
1617 28
1618 21
1619 16
1620 16
1621 14
1622 22
1623 18
1624 20
1625 14
1626 17
1627 13
1628 20
1629 21
1630 19
1631 27
1632 20
1633 19
1634 24
1635 18
1636 28
1637 14
1638 19
1639 18
1640 20
1641 22
1642 21
1643 19
1644 8
1645 8
1646 19
1647 15
1648 21
1649 15
1650 19
1651 15
1652 18
1653 22
1654 23
1655 26
1656 15
1657 18
1658 15
1659 20
1660 13
1661 15
1662 24
1663 11
1664 16
1665 12
1666 11
1667 12
1668 16
1669 15
1670 17
1671 24
1672 13
1673 21
1674 23
1675 16
1676 16
1677 20
1678 19
1679 18
1680 17
1681 14
1682 17
1683 18
1684 12
1685 20
1686 17
1687 14
1688 16
1689 19
1690 13
1691 13
1692 20
1693 18
1694 16
1695 16
1696 15
1697 23
1698 20
1699 21
1700 24
1701 21
1702 18
1703 20
1704 17
1705 11
1706 14
1707 24
1708 17
1709 22
1710 18
1711 10
1712 16
1713 22
1714 18
1715 14
1716 25
1717 18
1718 22
1719 19
1720 17
1721 17
1722 22
1723 14
1724 20
1725 16
1726 9
1727 18
1728 12
1729 16
1730 14
1731 16
1732 18
1733 8
1734 20
1735 20
1736 23
1737 20
1738 21
1739 18
1740 20
1741 26
1742 22
1743 19
1744 18
1745 11
1746 25
1747 14
1748 23
1749 13
1750 11
1751 15
1752 27
1753 14
1754 13
1755 15
1756 20
1757 17
1758 11
1759 13
1760 14
1761 18
1762 20
1763 21
1764 17
1765 18
1766 14
1767 19
1768 25
1769 25
1770 23
1771 18
1772 22
1773 20
1774 11
1775 14
1776 16
1777 17
1778 16
1779 18
1780 22
1781 14
1782 23
1783 14
1784 24
1785 10
1786 22
1787 18
1788 12
1789 13
1790 24
1791 12
1792 20
1793 14
1794 16
1795 14
1796 8
1797 19
1798 22
1799 18
1800 16
1801 13
1802 17
1803 12
1804 20
1805 12
1806 23
1807 13
1808 16
1809 15
1810 12
1811 15
1812 15
1813 9
1814 16
1815 25
1816 13
1817 17
1818 20
1819 21
1820 17
1821 20
1822 17
1823 14
1824 18
1825 14
1826 15
1827 13
1828 19
1829 24
1830 14
1831 13
1832 16
1833 19
1834 17
1835 15
1836 15
1837 25
1838 16
1839 12
1840 20
1841 12
1842 15
1843 13
1844 11
1845 18
1846 11
1847 25
1848 28
1849 21
1850 17
1851 16
1852 11
1853 13
1854 15
1855 19
1856 18
1857 26
1858 18
1859 21
1860 19
1861 18
1862 22
1863 16
1864 23
1865 14
1866 24
1867 17
1868 19
1869 17
1870 15
1871 20
1872 22
1873 18
1874 16
1875 16
1876 15
1877 23
1878 18
1879 19
1880 12
1881 19
1882 22
1883 22
1884 16
1885 20
1886 17
1887 12
1888 16
1889 15
1890 25
1891 16
1892 18
1893 24
1894 24
1895 17
1896 16
1897 21
1898 17
1899 15
1900 25
1901 21
1902 18
1903 37
1904 27
1905 33
1906 33
1907 37
1908 40
1909 54
1910 53
1911 61
1912 64
1913 74
1914 128
1915 134
1916 125
1917 96
1918 105
1919 115
1920 104
1921 104
1922 107
1923 91
1924 107
1925 89
1926 89
1927 72
1928 77
1929 63
1930 41
1931 39
1932 32
1933 27
1934 34
1935 34
1936 26
1937 26
1938 28
1939 15
1940 25
1941 14
1942 22
1943 21
1944 21
1945 21
1946 18
1947 16
1948 19
1949 12
1950 23
1951 16
1952 12
1953 21
1954 31
1955 17
1956 25
1957 18
1958 7
1959 13
1960 20
1961 11
1962 10
1963 17
1964 13
1965 16
1966 11
1967 16
1968 31
1969 12
1970 16
1971 13
1972 13
1973 17
1974 16
1975 15
1976 15
1977 16
1978 13
1979 21
1980 14
1981 8
1982 8
1983 13
1984 16
1985 13
1986 13
1987 13
1988 17
1989 12
1990 11
1991 6
1992 13
1993 14
1994 15
1995 13
1996 18
1997 14
1998 14
1999 11
2000 19
2001 23
2002 12
2003 16
2004 17
2005 9
2006 21
2007 15
2008 11
2009 20
2010 14
2011 10
2012 17
2013 15
2014 16
2015 13
2016 12
2017 17
2018 19
2019 16
2020 13
2021 14
2022 10
2023 12
2024 15
2025 10
2026 19
2027 13
2028 12
2029 14
2030 18
2031 15
2032 19
2033 25
2034 11
2035 17
2036 12
2037 14
2038 12
2039 12
2040 13
2041 22
2042 16
2043 13
2044 16
2045 16
2046 19
2047 22
2048 13
2049 9
2050 11
2051 16
2052 18
2053 22
2054 11
2055 12
2056 16
2057 13
2058 8
2059 13
2060 18
2061 13
2062 14
2063 13
2064 12
2065 8
2066 10
2067 12
2068 9
2069 15
2070 8
2071 9
2072 15
2073 13
2074 17
2075 17
2076 20
2077 12
2078 10
2079 19
2080 15
2081 14
2082 19
2083 16
2084 12
2085 10
2086 27
2087 14
2088 21
2089 14
2090 11
2091 13
2092 21
2093 12
2094 15
2095 17
2096 8
2097 10
2098 14
2099 14
2100 10
2101 12
2102 14
2103 9
2104 12
2105 16
2106 17
2107 17
2108 22
2109 14
2110 6
2111 13
2112 12
2113 18
2114 22
2115 10
2116 14
2117 15
2118 7
2119 15
2120 19
2121 16
2122 17
2123 16
2124 12
2125 15
2126 8
2127 14
2128 19
2129 11
2130 14
2131 17
2132 17
2133 13
2134 15
2135 10
2136 12
2137 11
2138 16
2139 20
2140 9
2141 17
2142 23
2143 14
2144 11
2145 15
2146 17
2147 19
2148 22
2149 17
2150 20
2151 21
2152 16
2153 20
2154 23
2155 16
2156 21
2157 21
2158 26
2159 24
2160 32
2161 35
2162 27
2163 34
2164 56
2165 61
2166 63
2167 52
2168 65
2169 92
2170 105
2171 118
2172 122
2173 169
2174 197
2175 285
2176 367
2177 445
2178 404
2179 369
2180 391
2181 445
2182 503
2183 475
2184 507
2185 404
2186 445
2187 516
2188 571
2189 663
2190 601
2191 535
2192 466
2193 317
2194 262
2195 200
2196 181
2197 181
2198 120
2199 100
2200 93
2201 80
2202 59
2203 50
2204 39
2205 34
2206 23
2207 28
2208 28
2209 30
2210 18
2211 23
2212 24
2213 26
2214 20
2215 18
2216 20
2217 19
2218 16
2219 18
2220 16
2221 11
2222 17
2223 10
2224 14
2225 12
2226 20
2227 15
2228 23
2229 22
2230 11
2231 17
2232 13
2233 16
2234 17
2235 13
2236 15
2237 16
2238 14
2239 13
2240 13
2241 13
2242 12
2243 8
2244 14
2245 15
2246 13
2247 17
2248 7
2249 16
2250 10
2251 11
2252 14
2253 9
2254 17
2255 13
2256 15
2257 9
2258 14
2259 8
2260 20
2261 14
2262 8
2263 13
2264 14
2265 14
2266 9
2267 11
2268 10
2269 12
2270 13
2271 19
2272 20
2273 17
2274 16
2275 10
2276 14
2277 13
2278 13
2279 17
2280 17
2281 22
2282 17
2283 8
2284 14
2285 20
2286 12
2287 10
2288 11
2289 12
2290 14
2291 9
2292 14
2293 18
2294 9
2295 23
2296 23
2297 10
2298 12
2299 23
2300 19
2301 21
2302 17
2303 20
2304 12
2305 18
2306 17
2307 12
2308 14
2309 14
2310 16
2311 15
2312 12
2313 16
2314 14
2315 12
2316 19
2317 14
2318 14
2319 13
2320 14
2321 14
2322 7
2323 21
2324 13
2325 12
2326 17
2327 14
2328 12
2329 14
2330 12
2331 11
2332 12
2333 15
2334 16
2335 8
2336 18
2337 13
2338 12
2339 12
2340 11
2341 16
2342 20
2343 8
2344 13
2345 11
2346 7
2347 17
2348 15
2349 16
2350 16
2351 15
2352 9
2353 16
2354 16
2355 12
2356 15
2357 9
2358 17
2359 13
2360 9
2361 13
2362 8
2363 12
2364 11
2365 12
2366 12
2367 25
2368 15
2369 12
2370 20
2371 18
2372 17
2373 19
2374 21
2375 22
2376 19
2377 20
2378 40
2379 31
2380 37
2381 42
2382 38
2383 43
2384 49
2385 62
2386 66
2387 68
2388 49
2389 88
2390 92
2391 84
2392 73
2393 83
2394 92
2395 83
2396 99
2397 87
2398 111
2399 100
2400 71
2401 78
2402 70
2403 53
2404 45
2405 49
2406 41
2407 41
2408 55
2409 36
2410 28
2411 22
2412 21
2413 26
2414 22
2415 14
2416 19
2417 26
2418 13
2419 13
2420 17
2421 12
2422 14
2423 16
2424 10
2425 15
2426 16
2427 12
2428 10
2429 21
2430 14
2431 8
2432 15
2433 15
2434 14
2435 9
2436 18
2437 12
2438 11
2439 10
2440 11
2441 10
2442 10
2443 12
2444 10
2445 9
2446 20
2447 14
2448 18
2449 10
2450 14
2451 12
2452 18
2453 15
2454 10
2455 11
2456 11
2457 14
2458 10
2459 20
2460 13
2461 12
2462 5
2463 9
2464 5
2465 15
2466 13
2467 11
2468 14
2469 19
2470 8
2471 11
2472 9
2473 12
2474 14
2475 12
2476 7
2477 12
2478 14
2479 8
2480 11
2481 12
2482 12
2483 15
2484 9
2485 6
2486 8
2487 9
2488 14
2489 12
2490 14
2491 18
2492 14
2493 12
2494 7
2495 8
2496 11
2497 11
2498 16
2499 9
2500 17
2501 10
2502 14
2503 12
2504 9
2505 10
2506 10
2507 10
2508 14
2509 10
2510 10
2511 15
2512 11
2513 13
2514 9
2515 12
2516 10
2517 12
2518 4
2519 9
2520 12
2521 8
2522 8
2523 9
2524 16
2525 7
2526 17
2527 12
2528 11
2529 17
2530 10
2531 14
2532 17
2533 9
2534 11
2535 13
2536 10
2537 7
2538 12
2539 7
2540 8
2541 11
2542 12
2543 11
2544 16
2545 11
2546 15
2547 9
2548 14
2549 10
2550 13
2551 8
2552 14
2553 13
2554 15
2555 14
2556 18
2557 17
2558 10
2559 10
