0 41
1 27
2 29
3 31
4 24
5 30
6 30
7 32
8 36
9 46
10 31
11 24
12 27
13 40
14 34
15 45
16 36
17 31
18 24
19 26
20 41
21 42
22 32
23 35
24 38
25 30
26 33
27 35
28 41
29 30
30 26
31 26
32 49
33 33
34 39
35 38
36 36
37 35
38 27
39 24
40 29
41 39
42 23
43 42
44 23
45 30
46 36
47 32
48 44
49 35
50 39
51 36
52 39
53 18
54 20
55 27
56 27
57 47
58 25
59 22
60 21
61 21
62 39
63 34
64 25
65 28
66 30
67 37
68 40
69 33
70 25
71 27
72 22
73 30
74 34
75 40
76 25
77 45
78 43
79 43
80 39
81 31
82 41
83 32
84 29
85 39
86 33
87 31
88 28
89 32
90 30
91 28
92 36
93 34
94 38
95 33
96 39
97 30
98 26
99 24
100 33
101 25
102 30
103 35
104 35
105 33
106 32
107 31
108 37
109 45
110 30
111 28
112 30
113 44
114 21
115 32
116 29
117 38
118 39
119 22
120 30
121 30
122 32
123 32
124 36
125 37
126 41
127 37
128 42
129 38
130 39
131 37
132 39
133 33
134 36
135 29
136 27
137 30
138 32
139 28
140 35
141 43
142 21
143 29
144 44
145 45
146 35
147 28
148 36
149 40
150 29
151 29
152 22
153 28
154 40
155 33
156 30
157 35
158 36
159 38
160 37
161 31
162 26
163 44
164 40
165 32
166 33
167 34
168 46
169 31
170 26
171 35
172 32
173 37
174 34
175 26
176 36
177 26
178 26
179 42
180 39
181 30
182 26
183 41
184 30
185 34
186 35
187 33
188 32
189 33
190 38
191 35
192 37
193 36
194 29
195 23
196 48
197 24
198 39
199 44
200 27
201 45
202 33
203 34
204 34
205 35
206 27
207 39
208 44
209 33
210 22
211 30
212 24
213 33
214 32
215 25
216 27
217 35
218 41
219 39
220 28
221 34
222 41
223 22
224 33
225 42
226 34
227 36
228 45
229 38
230 32
231 30
232 45
233 38
234 40
235 32
236 34
237 42
238 45
239 31
240 38
241 36
242 38
243 36
244 25
245 25
246 46
247 30
248 51
249 42
250 44
251 28
252 31
253 30
254 36
255 37
256 47
257 38
258 34
259 31
260 37
261 33
262 33
263 31
264 25
265 40
266 32
267 47
268 36
269 34
270 36
271 47
272 26
273 39
274 29
275 27
276 38
277 39
278 35
279 35
280 34
281 34
282 38
283 39
284 38
285 45
286 45
287 45
288 40
289 31
290 34
291 38
292 45
293 30
294 34
295 36
296 33
297 38
298 25
299 37
300 32
301 27
302 28
303 38
304 42
305 39
306 38
307 40
308 32
309 39
310 30
311 36
312 46
313 35
314 39
315 36
316 41
317 36
318 44
319 37
320 47
321 39
322 24
323 41
324 29
325 36
326 26
327 38
328 42
329 31
330 36
331 30
332 25
333 28
334 38
335 26
336 35
337 37
338 37
339 32
340 48
341 42
342 37
343 34
344 33
345 34
346 26
347 30
348 30
349 39
350 40
351 37
352 37
353 36
354 30
355 34
356 40
357 43
358 34
359 28
360 29
361 44
362 39
363 37
364 37
365 44
366 38
367 33
368 36
369 40
370 31
371 40
372 25
373 31
374 31
375 38
376 35
377 36
378 39
379 42
380 32
381 29
382 32
383 36
384 38
385 37
386 31
387 42
388 37
389 36
390 54
391 28
392 37
393 44
394 37
395 31
396 48
397 48
398 37
399 37
400 50
401 36
402 34
403 48
404 43
405 42
406 28
407 34
408 28
409 50
410 53
411 29
412 41
413 38
414 38
415 36
416 42
417 41
418 39
419 39
420 41
421 36
422 35
423 46
424 30
425 38
426 31
427 29
428 38
429 42
430 49
431 36
432 36
433 52
434 31
435 34
436 47
437 30
438 44
439 36
440 43
441 41
442 30
443 36
444 26
445 37
446 32
447 35
448 53
449 34
450 35
451 45
452 50
453 37
454 45
455 45
456 38
457 40
458 54
459 38
460 32
461 38
462 49
463 40
464 42
465 54
466 42
467 41
468 40
469 37
470 31
471 36
472 49
473 35
474 35
475 44
476 40
477 45
478 52
479 41
480 33
481 48
482 37
483 46
484 36
485 40
486 40
487 30
488 32
489 33
490 48
491 31
492 38
493 34
494 38
495 32
496 44
497 37
498 45
499 30
500 36
501 39
502 51
503 38
504 47
505 42
506 46
507 58
508 49
509 39
510 42
511 56
512 59
513 60
514 47
515 56
516 49
517 44
518 46
519 48
520 60
521 54
522 65
523 66
524 75
525 69
526 72
527 80
528 88
529 84
530 96
531 78
532 77
533 67
534 78
535 118
536 90
537 96
538 80
539 95
540 93
541 112
542 114
543 147
544 165
545 153
546 144
547 99
548 93
549 53
550 51
551 37
552 63
553 33
554 33
555 46
556 37
557 35
558 32
559 38
560 37
561 35
562 33
563 38
564 39
565 38
566 34
567 54
568 45
569 35
570 35
571 46
572 42
573 37
574 46
575 47
576 52
577 39
578 43
579 51
580 41
581 41
582 55
583 40
584 40
585 46
586 43
587 37
588 27
589 39
590 30
591 46
592 40
593 39
594 34
595 40
596 35
597 37
598 35
599 43
600 38
601 43
602 39
603 37
604 32
605 33
606 38
607 41
608 27
609 38
610 43
611 45
612 36
613 44
614 32
615 41
616 41
617 38
618 34
619 37
620 30
621 37
622 50
623 26
624 44
625 37
626 39
627 45
628 41
629 44
630 29
631 31
632 39
633 37
634 40
635 39
636 44
637 35
638 43
639 45
640 37
641 36
642 40
643 54
644 39
645 44
646 34
647 39
648 28
649 36
650 41
651 34
652 45
653 37
654 42
655 48
656 34
657 39
658 41
659 35
660 50
661 38
662 44
663 34
664 53
665 54
666 45
667 54
668 32
669 38
670 49
671 37
672 45
673 42
674 42
675 35
676 41
677 51
678 35
679 36
680 46
681 41
682 40
683 40
684 31
685 34
686 30
687 27
688 37
689 42
690 30
691 43
692 42
693 33
694 50
695 41
696 40
697 49
698 29
699 33
700 32
701 39
702 37
703 56
704 42
705 37
706 34
707 33
708 39
709 33
710 47
711 39
712 32
713 45
714 35
715 41
716 37
717 38
718 44
719 41
720 39
721 44
722 28
723 29
724 34
725 45
726 44
727 41
728 32
729 29
730 38
731 37
732 45
733 42
734 44
735 43
736 30
737 48
738 34
739 44
740 49
741 43
742 44
743 41
744 39
745 48
746 38
747 44
748 39
749 47
750 46
751 37
752 40
753 45
754 42
755 34
756 36
757 44
758 50
759 46
760 40
761 34
762 36
763 25
764 41
765 48
766 28
767 38
768 43
769 47
770 40
771 32
772 40
773 42
774 37
775 35
776 44
777 35
778 39
779 39
780 36
781 40
782 41
783 35
784 31
785 34
786 47
787 35
788 38
789 41
790 45
791 40
792 35
793 40
794 43
795 31
796 35
797 27
798 46
799 46
800 50
801 31
802 41
803 36
804 40
805 46
806 38
807 42
808 45
809 32
810 54
811 27
812 36
813 37
814 39
815 46
816 37
817 40
818 48
819 37
820 27
821 24
822 35
823 35
824 44
825 41
826 33
827 41
828 33
829 40
830 55
831 30
832 41
833 40
834 41
835 33
836 40
837 46
838 34
839 42
840 33
841 36
842 28
843 26
844 37
845 28
846 28
847 43
848 33
849 44
850 36
851 32
852 39
853 30
854 31
855 38
856 31
857 35
858 40
859 39
860 34
861 33
862 42
863 44
864 31
865 40
866 31
867 31
868 33
869 40
870 38
871 33
872 47
873 33
874 36
875 36
876 37
877 29
878 40
879 34
880 47
881 31
882 30
883 28
884 41
885 32
886 43
887 37
888 31
889 34
890 32
891 43
892 39
893 33
894 32
895 36
896 50
897 41
898 38
899 33
900 37
901 35
902 44
903 41
904 37
905 30
906 34
907 40
908 33
909 37
910 41
911 32
912 22
913 30
914 43
915 31
916 43
917 33
918 41
919 43
920 36
921 34
922 45
923 43
924 29
925 25
926 39
927 37
928 33
929 26
930 33
931 33
932 21
933 39
934 51
935 45
936 53
937 31
938 42
939 33
940 22
941 34
942 36
943 39
944 43
945 27
946 30
947 27
948 30
949 33
950 41
951 34
952 32
953 26
954 41
955 34
956 37
957 32
958 39
959 35
960 45
961 32
962 34
963 36
964 27
965 34
966 35
967 37
968 40
969 29
970 34
971 27
972 32
973 31
974 44
975 44
976 38
977 27
978 26
979 38
980 32
981 46
982 33
983 33
984 41
985 22
986 34
987 30
988 37
989 35
990 26
991 29
992 30
993 39
994 31
995 43
996 31
997 29
998 37
999 40
1000 27
1001 29
1002 45
1003 36
1004 46
1005 30
1006 43
1007 28
1008 22
1009 39
1010 29
1011 48
1012 30
1013 33
1014 29
1015 28
1016 36
1017 40
1018 51
1019 40
1020 41
1021 45
1022 37
1023 35
1024 38
1025 33
1026 60
1027 36
1028 32
1029 58
1030 37
1031 46
1032 54
1033 52
1034 58
1035 49
1036 50
1037 49
1038 62
1039 109
1040 154
1041 172
1042 180
1043 150
1044 182
1045 211
1046 245
1047 250
1048 334
1049 371
1050 316
1051 342
1052 400
1053 392
1054 502
1055 514
1056 480
1057 461
1058 520
1059 641
1060 611
1061 495
1062 327
1063 265
1064 277
1065 226
1066 151
1067 83
1068 71
1069 47
1070 59
1071 50
1072 48
1073 42
1074 37
1075 26
1076 33
1077 37
1078 26
1079 51
1080 38
1081 39
1082 41
1083 36
1084 45
1085 34
1086 39
1087 40
1088 37
1089 25
1090 42
1091 35
1092 33
1093 49
1094 32
1095 29
1096 39
1097 34
1098 28
1099 32
1100 41
1101 29
1102 33
1103 40
1104 36
1105 28
1106 52
1107 42
1108 41
1109 33
1110 49
1111 36
1112 27
1113 37
1114 31
1115 39
1116 44
1117 35
1118 27
1119 31
1120 36
1121 40
1122 29
1123 28
1124 32
1125 43
1126 45
1127 21
1128 34
1129 33
1130 34
1131 29
1132 24
1133 35
1134 26
1135 27
1136 35
1137 31
1138 33
1139 24
1140 32
1141 26
1142 29
1143 36
1144 40
1145 28
1146 27
1147 43
1148 36
1149 31
1150 26
1151 36
1152 36
1153 40
1154 25
1155 24
1156 35
1157 30
1158 31
1159 40
1160 30
1161 30
1162 32
1163 40
1164 32
1165 31
1166 34
1167 36
1168 41
1169 48
1170 34
1171 37
1172 48
1173 37
1174 33
1175 37
1176 31
1177 40
1178 46
1179 40
1180 42
1181 56
1182 46
1183 82
1184 49
1185 55
1186 37
1187 51
1188 66
1189 70
1190 61
1191 59
1192 46
1193 60
1194 54
1195 68
1196 64
1197 58
1198 64
1199 41
1200 40
1201 37
1202 45
1203 41
1204 25
1205 31
1206 32
1207 29
1208 31
1209 37
1210 23
1211 35
1212 26
1213 26
1214 25
1215 22
1216 27
1217 29
1218 26
1219 30
1220 26
1221 27
1222 30
1223 31
1224 31
1225 34
1226 30
1227 37
1228 34
1229 33
1230 36
1231 43
1232 32
1233 37
1234 39
1235 31
1236 30
1237 29
1238 33
1239 33
1240 20
1241 30
1242 31
1243 22
1244 26
1245 24
1246 21
1247 28
1248 29
1249 27
1250 42
1251 35
1252 23
1253 34
1254 30
1255 43
1256 34
1257 24
1258 31
1259 33
1260 40
1261 26
1262 39
1263 24
1264 22
1265 30
1266 29
1267 25
1268 19
1269 27
1270 22
1271 20
1272 21
1273 26
1274 18
1275 19
1276 21
1277 15
1278 14
1279 24
1280 37
1281 27
1282 19
1283 29
1284 22
1285 24
1286 23
1287 40
1288 29
1289 24
1290 33
1291 24
1292 29
1293 27
1294 26
1295 17
1296 31
1297 31
1298 28
1299 18
1300 27
1301 20
1302 26
1303 26
1304 23
1305 28
1306 23
1307 27
1308 23
1309 23
1310 27
1311 26
1312 24
1313 18
1314 27
1315 22
1316 22
1317 28
1318 27
1319 31
1320 27
1321 21
1322 25
1323 34
1324 27
1325 34
1326 43
1327 33
1328 56
1329 43
1330 50
1331 53
1332 67
1333 110
1334 141
1335 162
1336 153
1337 172
1338 144
1339 229
1340 280
1341 252
1342 202
1343 185
1344 210
1345 278
1346 308
1347 303
1348 305
1349 198
1350 176
1351 134
1352 100
1353 106
1354 71
1355 48
1356 56
1357 44
1358 35
1359 31
1360 28
1361 21
1362 20
1363 33
1364 27
1365 16
1366 25
1367 27
1368 25
1369 29
1370 14
1371 17
1372 16
1373 26
1374 19
1375 24
1376 23
1377 23
1378 20
1379 17
1380 16
1381 28
1382 17
1383 25
1384 27
1385 24
1386 26
1387 16
1388 30
1389 30
1390 26
1391 31
1392 20
1393 20
1394 22
1395 29
1396 20
1397 20
1398 19
1399 20
1400 26
1401 26
1402 20
1403 22
1404 28
1405 19
1406 18
1407 25
1408 31
1409 20
1410 26
1411 18
1412 27
1413 22
1414 25
1415 23
1416 22
1417 19
1418 23
1419 36
1420 27
1421 19
1422 20
1423 27
1424 19
1425 25
1426 17
1427 31
1428 29
1429 31
1430 18
1431 12
1432 22
1433 20
1434 21
1435 24
1436 27
1437 22
1438 17
1439 18
1440 18
1441 29
1442 26
1443 24
1444 23
1445 16
1446 23
1447 32
1448 25
1449 21
1450 27
1451 20
1452 23
1453 25
1454 24
1455 23
1456 23
1457 15
1458 21
1459 22
1460 24
1461 23
1462 19
1463 14
1464 21
1465 20
1466 32
1467 20
1468 22
1469 21
1470 17
1471 26
1472 20
1473 20
1474 18
1475 28
1476 23
1477 25
1478 21
1479 18
1480 20
1481 28
1482 28
1483 26
1484 20
1485 21
1486 21
1487 24
1488 21
1489 21
1490 23
1491 17
1492 26
1493 20
1494 17
1495 27
1496 24
1497 24
1498 25
1499 18
1500 25
1501 17
1502 21
1503 21
1504 20
1505 13
1506 20
1507 18
1508 19
1509 23
1510 21
1511 13
1512 21
1513 17
1514 18
1515 19
1516 22
1517 21
1518 22
1519 13
1520 19
1521 17
1522 19
1523 21
1524 26
1525 18
1526 15
1527 13
1528 16
1529 21
1530 22
1531 24
1532 24
1533 17
1534 22
1535 27
1536 31
1537 21
1538 27
1539 21
1540 24
1541 29
1542 22
1543 19
1544 25
1545 26
1546 25
1547 28
1548 22
1549 19
1550 18
1551 14
1552 21
1553 22
1554 25
1555 24
1556 15
1557 19
1558 24
1559 22
1560 21
1561 22
1562 15
1563 19
1564 14
1565 16
1566 31
1567 27
1568 23
1569 15
1570 23
1571 27
1572 15
1573 24
1574 21
1575 22
1576 16
1577 18
1578 21
1579 26
1580 24
1581 15
1582 21
1583 25
1584 18
1585 13
1586 24
1587 26
1588 27
1589 24
1590 16
1591 16
1592 22
1593 19
1594 18
1595 20
1596 23
1597 16
1598 18
1599 16
1600 11
1601 26
1602 24
1603 18
1604 18
1605 22
1606 19
1607 29
1608 16
1609 23
1610 16
1611 17
1612 18
1613 22
1614 21
1615 18
1616 24
1617 20
1618 11
1619 24
1620 17
1621 20
1622 23
1623 18
1624 28
1625 31
1626 18
1627 14
1628 14
1629 20
1630 19
1631 19
1632 16
1633 24
1634 22
1635 23
1636 20
1637 21
1638 25
1639 20
1640 21
1641 16
1642 28
1643 12
1644 22
1645 24
1646 20
1647 20
1648 17
1649 18
1650 21
1651 26
1652 18
1653 25
1654 16
1655 24
1656 24
1657 14
1658 18
1659 25
1660 21
1661 17
1662 22
1663 25
1664 24
1665 23
1666 20
1667 11
1668 18
1669 13
1670 15
1671 14
1672 20
1673 17
1674 25
1675 16
1676 13
1677 19
1678 16
1679 22
1680 20
1681 21
1682 8
1683 23
1684 16
1685 19
1686 18
1687 18
1688 20
1689 20
1690 18
1691 19
1692 12
1693 18
1694 21
1695 19
1696 22
1697 20
1698 25
1699 18
1700 11
1701 18
1702 19
1703 22
1704 26
1705 15
1706 21
1707 24
1708 24
1709 20
1710 17
1711 17
1712 24
1713 19
1714 16
1715 16
1716 20
1717 18
1718 17
1719 17
1720 18
1721 29
1722 16
1723 17
1724 19
1725 26
1726 13
1727 22
1728 16
1729 22
1730 19
1731 16
1732 21
1733 15
1734 25
1735 22
1736 21
1737 15
1738 28
1739 18
1740 20
1741 22
1742 18
1743 22
1744 17
1745 24
1746 21
1747 22
1748 30
1749 26
1750 24
1751 19
1752 25
1753 25
1754 23
1755 16
1756 16
1757 17
1758 11
1759 16
1760 19
1761 26
1762 15
1763 13
1764 18
1765 24
1766 12
1767 18
1768 12
1769 19
1770 25
1771 20
1772 25
1773 13
1774 21
1775 20
1776 21
1777 23
1778 21
1779 21
1780 33
1781 29
1782 37
1783 40
1784 39
1785 44
1786 44
1787 40
1788 47
1789 48
1790 56
1791 38
1792 57
1793 63
1794 46
1795 54
1796 60
1797 117
1798 98
1799 118
1800 96
1801 113
1802 121
1803 131
1804 129
1805 114
1806 141
1807 183
1808 221
1809 176
1810 140
1811 118
1812 88
1813 63
1814 71
1815 51
1816 40
1817 46
1818 40
1819 26
1820 30
1821 34
1822 29
1823 26
1824 22
1825 22
1826 25
1827 19
1828 20
1829 27
1830 15
1831 16
1832 12
1833 26
1834 23
1835 15
1836 20
1837 15
1838 21
1839 19
1840 22
1841 15
1842 16
1843 9
1844 21
1845 21
1846 16
1847 13
1848 18
1849 17
1850 23
1851 11
1852 21
1853 12
1854 22
1855 21
1856 28
1857 17
1858 21
1859 21
1860 20
1861 12
1862 18
1863 20
1864 21
1865 24
1866 17
1867 18
1868 20
1869 12
1870 22
1871 17
1872 17
1873 16
1874 19
1875 16
1876 19
1877 21
1878 25
1879 33
1880 16
1881 13
1882 22
1883 20
1884 24
1885 14
1886 14
1887 17
1888 11
1889 12
1890 18
1891 19
1892 18
1893 16
1894 14
1895 18
1896 18
1897 19
1898 18
1899 16
1900 21
1901 12
1902 15
1903 10
1904 26
1905 14
1906 15
1907 17
1908 16
1909 20
1910 11
1911 16
1912 22
1913 19
1914 16
1915 13
1916 18
1917 22
1918 19
1919 17
1920 15
1921 22
1922 20
1923 20
1924 14
1925 14
1926 22
1927 24
1928 15
1929 27
1930 15
1931 16
1932 13
1933 14
1934 20
1935 20
1936 13
1937 13
1938 21
1939 18
1940 12
1941 12
1942 18
1943 14
1944 26
1945 13
1946 19
1947 31
1948 14
1949 19
1950 16
1951 20
1952 13
1953 22
1954 21
1955 19
1956 12
1957 19
1958 19
1959 18
1960 22
1961 16
1962 18
1963 20
1964 12
1965 20
1966 16
1967 15
1968 12
1969 16
1970 24
1971 18
1972 20
1973 15
1974 21
1975 12
1976 17
1977 23
1978 14
1979 12
1980 14
1981 16
1982 19
1983 14
1984 19
1985 22
1986 9
1987 20
1988 18
1989 21
1990 18
1991 18
1992 20
1993 17
1994 12
1995 13
1996 18
1997 12
1998 14
1999 13
2000 14
2001 14
2002 20
2003 18
2004 17
2005 20
2006 14
2007 19
2008 23
2009 17
2010 14
2011 23
2012 22
2013 26
2014 22
2015 23
2016 13
2017 17
2018 19
2019 13
2020 11
2021 19
2022 15
2023 14
2024 27
2025 19
2026 18
2027 27
2028 18
2029 16
2030 20
2031 33
2032 18
2033 28
2034 33
2035 35
2036 45
2037 45
2038 46
2039 50
2040 43
2041 45
2042 51
2043 58
2044 68
2045 94
2046 85
2047 133
2048 99
2049 145
2050 161
2051 172
2052 312
2053 318
2054 300
2055 328
2056 367
2057 341
2058 372
2059 343
2060 365
2061 407
2062 435
2063 412
2064 341
2065 324
2066 303
2067 301
2068 224
2069 210
2070 208
2071 186
2072 214
2073 212
2074 198
2075 147
2076 126
2077 123
2078 91
2079 57
2080 44
2081 31
2082 35
2083 28
2084 33
2085 20
2086 27
2087 27
2088 20
2089 12
2090 25
2091 24
2092 11
2093 14
2094 18
2095 18
2096 22
2097 15
2098 18
2099 14
2100 23
2101 17
2102 10
2103 12
2104 13
2105 14
2106 18
2107 19
2108 13
2109 14
2110 21
2111 17
2112 14
2113 16
2114 15
2115 19
2116 18
2117 11
2118 22
2119 13
2120 14
2121 15
2122 9
2123 15
2124 22
2125 12
2126 7
2127 21
2128 14
2129 14
2130 13
2131 14
2132 16
2133 21
2134 17
2135 28
2136 8
2137 16
2138 15
2139 15
2140 12
2141 14
2142 13
2143 13
2144 11
2145 8
2146 13
2147 13
2148 8
2149 14
2150 15
2151 11
2152 15
2153 16
2154 10
2155 16
2156 12
2157 9
2158 15
2159 19
2160 17
2161 15
2162 18
2163 11
2164 15
2165 19
2166 25
2167 22
2168 14
2169 16
2170 15
2171 17
2172 16
2173 19
2174 19
2175 13
2176 18
2177 24
2178 24
2179 21
2180 18
2181 16
2182 19
2183 11
2184 18
2185 20
2186 16
2187 20
2188 18
2189 16
2190 13
2191 16
2192 20
2193 19
2194 16
2195 12
2196 9
2197 18
2198 15
2199 14
2200 14
2201 12
2202 16
2203 21
2204 18
2205 11
2206 12
2207 26
2208 10
2209 9
2210 7
2211 19
2212 14
2213 18
2214 14
2215 12
2216 15
2217 15
2218 9
2219 12
2220 20
2221 15
2222 24
2223 19
2224 16
2225 19
2226 17
2227 22
2228 12
2229 14
2230 14
2231 21
2232 13
2233 17
2234 17
2235 23
2236 13
2237 20
2238 23
2239 23
2240 18
2241 21
2242 25
2243 23
2244 36
2245 43
2246 37
2247 35
2248 28
2249 34
2250 49
2251 39
2252 32
2253 51
2254 52
2255 63
2256 94
2257 91
2258 68
2259 70
2260 74
2261 72
2262 71
2263 78
2264 81
2265 100
2266 102
2267 89
2268 97
2269 93
2270 93
2271 75
2272 80
2273 58
2274 60
2275 56
2276 43
2277 38
2278 50
2279 30
2280 24
2281 33
2282 16
2283 22
2284 26
2285 18
2286 16
2287 12
2288 10
2289 12
2290 16
2291 4
2292 11
2293 13
2294 16
2295 16
2296 19
2297 11
2298 10
2299 7
2300 20
2301 14
2302 14
2303 19
2304 17
2305 19
2306 14
2307 8
2308 10
2309 11
2310 13
2311 6
2312 13
2313 12
2314 12
2315 12
2316 15
2317 14
2318 12
2319 9
2320 7
2321 11
2322 17
2323 7
2324 5
2325 22
2326 7
2327 10
2328 11
2329 14
2330 14
2331 12
2332 10
2333 17
2334 20
2335 16
2336 13
2337 9
2338 14
2339 13
2340 11
2341 17
2342 19
2343 11
2344 14
2345 16
2346 11
2347 8
2348 7
2349 9
2350 10
2351 14
2352 19
2353 11
2354 14
2355 17
2356 16
2357 14
2358 12
2359 9
2360 12
2361 15
2362 13
2363 15
2364 10
2365 16
2366 12
2367 13
2368 8
2369 12
2370 19
2371 17
2372 11
2373 10
2374 9
2375 17
2376 12
2377 9
2378 13
2379 16
2380 15
2381 11
2382 15
2383 16
2384 9
2385 8
2386 10
2387 14
2388 11
2389 12
2390 13
2391 11
2392 14
2393 13
2394 7
2395 17
2396 11
2397 15
2398 20
2399 14
2400 11
2401 13
2402 12
2403 11
2404 21
2405 16
2406 13
2407 15
2408 17
2409 10
2410 19
2411 11
2412 8
2413 8
2414 10
2415 14
2416 18
2417 15
2418 13
2419 13
2420 20
2421 10
2422 19
2423 15
2424 17
2425 15
2426 10
2427 18
2428 11
2429 11
2430 16
2431 11
2432 18
2433 13
2434 17
2435 13
2436 17
2437 13
2438 9
2439 13
2440 12
2441 13
2442 16
2443 11
2444 10
2445 11
2446 11
2447 13
2448 15
2449 12
2450 7
2451 15
2452 18
2453 14
2454 15
2455 16
2456 7
2457 12
2458 12
2459 15
2460 8
2461 12
2462 16
2463 12
2464 9
2465 11
2466 13
2467 11
2468 10
2469 10
2470 11
2471 8
2472 13
2473 16
2474 12
2475 10
2476 13
2477 10
2478 12
2479 10
2480 10
2481 10
2482 11
2483 12
2484 10
2485 10
2486 13
2487 15
2488 9
2489 15
2490 7
2491 19
2492 14
2493 19
2494 9
2495 8
2496 13
2497 12
2498 18
2499 15
2500 11
2501 10
2502 12
2503 18
2504 21
2505 12
2506 8
2507 16
2508 10
2509 13
2510 17
2511 12
2512 12
2513 15
2514 8
2515 15
2516 11
2517 11
2518 10
2519 10
2520 6
2521 20
2522 16
2523 9
2524 20
2525 20
2526 16
2527 17
2528 14
2529 16
2530 18
2531 15
2532 24
2533 26
2534 21
2535 22
2536 18
2537 25
2538 28
2539 30
2540 25
2541 28
2542 33
2543 34
2544 31
2545 37
2546 43
2547 61
2548 70
2549 60
2550 72
2551 91
2552 51
2553 46
2554 68
2555 59
2556 56
2557 94
2558 94
2559 94
