0 42
1 27
2 29
3 31
4 26
5 32
6 21
7 25
8 29
9 37
10 24
11 17
12 33
13 39
14 35
15 39
16 28
17 44
18 41
19 37
20 29
21 32
22 30
23 27
24 28
25 26
26 35
27 26
28 37
29 38
30 31
31 30
32 23
33 29
34 38
35 34
36 23
37 36
38 50
39 27
40 31
41 32
42 28
43 26
44 30
45 35
46 32
47 25
48 31
49 25
50 27
51 30
52 38
53 26
54 31
55 29
56 34
57 45
58 42
59 28
60 25
61 27
62 37
63 23
64 29
65 21
66 34
67 46
68 35
69 38
70 18
71 37
72 24
73 35
74 27
75 23
76 26
77 35
78 23
79 32
80 40
81 37
82 29
83 30
84 26
85 32
86 28
87 25
88 38
89 32
90 39
91 28
92 32
93 37
94 29
95 39
96 38
97 31
98 37
99 35
100 28
101 31
102 36
103 24
104 25
105 26
106 36
107 33
108 40
109 38
110 29
111 29
112 37
113 28
114 39
115 44
116 32
117 32
118 35
119 32
120 38
121 35
122 30
123 33
124 36
125 28
126 35
127 38
128 43
129 28
130 33
131 31
132 33
133 29
134 32
135 33
136 27
137 30
138 39
139 35
140 31
141 36
142 22
143 35
144 37
145 31
146 36
147 34
148 36
149 36
150 29
151 42
152 42
153 36
154 31
155 33
156 38
157 31
158 40
159 30
160 44
161 29
162 28
163 44
164 41
165 28
166 23
167 32
168 33
169 30
170 36
171 27
172 28
173 26
174 41
175 42
176 34
177 37
178 43
179 36
180 36
181 33
182 35
183 46
184 29
185 49
186 30
187 37
188 36
189 31
190 28
191 31
192 29
193 33
194 27
195 36
196 28
197 41
198 31
199 30
200 33
201 25
202 20
203 34
204 29
205 39
206 31
207 48
208 30
209 36
210 44
211 44
212 37
213 27
214 41
215 33
216 38
217 35
218 28
219 41
220 37
221 33
222 36
223 34
224 37
225 44
226 37
227 37
228 37
229 36
230 46
231 31
232 34
233 49
234 37
235 25
236 39
237 41
238 40
239 48
240 26
241 35
242 31
243 30
244 29
245 39
246 47
247 45
248 37
249 29
250 38
251 40
252 30
253 46
254 41
255 43
256 39
257 33
258 35
259 37
260 30
261 32
262 31
263 43
264 35
265 42
266 33
267 39
268 45
269 49
270 32
271 30
272 32
273 41
274 34
275 38
276 45
277 35
278 40
279 43
280 41
281 38
282 33
283 39
284 40
285 47
286 32
287 40
288 31
289 36
290 34
291 45
292 35
293 42
294 37
295 37
296 52
297 32
298 34
299 34
300 30
301 42
302 37
303 29
304 42
305 40
306 25
307 35
308 40
309 37
310 33
311 36
312 44
313 32
314 41
315 46
316 29
317 45
318 38
319 41
320 38
321 27
322 30
323 37
324 37
325 43
326 30
327 34
328 34
329 43
330 32
331 35
332 30
333 33
334 40
335 33
336 35
337 35
338 34
339 33
340 34
341 48
342 29
343 25
344 33
345 35
346 33
347 31
348 43
349 39
350 32
351 42
352 28
353 21
354 32
355 41
356 35
357 46
358 39
359 47
360 31
361 28
362 41
363 40
364 35
365 38
366 43
367 38
368 30
369 37
370 40
371 37
372 40
373 39
374 23
375 31
376 41
377 36
378 36
379 40
380 43
381 42
382 23
383 34
384 40
385 46
386 27
387 40
388 50
389 33
390 38
391 35
392 37
393 43
394 37
395 46
396 43
397 44
398 48
399 31
400 29
401 33
402 31
403 49
404 29
405 35
406 40
407 41
408 39
409 46
410 30
411 34
412 36
413 61
414 36
415 29
416 44
417 34
418 35
419 44
420 34
421 48
422 45
423 44
424 32
425 31
426 42
427 41
428 34
429 42
430 46
431 37
432 33
433 40
434 28
435 29
436 34
437 29
438 41
439 32
440 37
441 47
442 39
443 31
444 50
445 43
446 40
447 30
448 40
449 41
450 43
451 43
452 36
453 36
454 37
455 48
456 45
457 40
458 34
459 42
460 30
461 34
462 38
463 38
464 38
465 38
466 23
467 32
468 37
469 39
470 47
471 46
472 35
473 40
474 37
475 40
476 37
477 44
478 39
479 43
480 48
481 34
482 30
483 40
484 34
485 36
486 37
487 44
488 37
489 39
490 34
491 35
492 31
493 46
494 49
495 38
496 34
497 47
498 42
499 48
500 41
501 47
502 39
503 48
504 51
505 42
506 39
507 44
508 37
509 51
510 66
511 46
512 48
513 58
514 39
515 39
516 51
517 54
518 57
519 50
520 51
521 56
522 66
523 52
524 71
525 90
526 87
527 132
528 100
529 112
530 76
531 99
532 92
533 69
534 78
535 72
536 100
537 89
538 75
539 87
540 101
541 117
542 120
543 141
544 142
545 141
546 136
547 90
548 87
549 71
550 56
551 61
552 41
553 50
554 45
555 35
556 40
557 30
558 35
559 37
560 44
561 39
562 42
563 40
564 41
565 38
566 35
567 23
568 39
569 43
570 38
571 39
572 54
573 39
574 43
575 32
576 35
577 50
578 31
579 42
580 40
581 48
582 43
583 48
584 53
585 25
586 33
587 29
588 40
589 39
590 47
591 39
592 38
593 43
594 35
595 41
596 40
597 53
598 37
599 39
600 43
601 30
602 42
603 50
604 50
605 42
606 38
607 47
608 47
609 31
610 38
611 26
612 46
613 32
614 43
615 29
616 32
617 36
618 36
619 35
620 43
621 43
622 44
623 34
624 37
625 32
626 38
627 37
628 36
629 40
630 34
631 39
632 36
633 50
634 46
635 47
636 45
637 46
638 33
639 36
640 50
641 49
642 43
643 46
644 39
645 32
646 48
647 47
648 46
649 44
650 39
651 54
652 34
653 38
654 41
655 65
656 47
657 44
658 38
659 31
660 40
661 41
662 42
663 44
664 34
665 37
666 46
667 38
668 36
669 60
670 33
671 24
672 29
673 35
674 44
675 28
676 42
677 37
678 36
679 39
680 46
681 42
682 40
683 38
684 42
685 51
686 43
687 36
688 47
689 43
690 23
691 39
692 40
693 29
694 49
695 41
696 54
697 41
698 35
699 40
700 42
701 36
702 43
703 30
704 42
705 37
706 29
707 45
708 39
709 39
710 48
711 41
712 36
713 33
714 44
715 34
716 37
717 39
718 45
719 50
720 31
721 35
722 34
723 35
724 30
725 37
726 27
727 41
728 44
729 41
730 41
731 41
732 38
733 45
734 34
735 40
736 35
737 44
738 29
739 34
740 45
741 45
742 34
743 44
744 58
745 28
746 38
747 36
748 43
749 44
750 38
751 31
752 36
753 44
754 47
755 31
756 45
757 41
758 42
759 29
760 42
761 35
762 35
763 31
764 34
765 48
766 37
767 33
768 35
769 37
770 53
771 35
772 36
773 30
774 45
775 34
776 36
777 33
778 33
779 45
780 39
781 41
782 37
783 36
784 44
785 37
786 36
787 46
788 34
789 45
790 39
791 46
792 43
793 40
794 39
795 41
796 44
797 34
798 37
799 24
800 36
801 33
802 46
803 36
804 31
805 31
806 25
807 36
808 36
809 41
810 33
811 34
812 36
813 45
814 36
815 28
816 40
817 43
818 37
819 30
820 47
821 35
822 44
823 32
824 42
825 31
826 42
827 44
828 42
829 34
830 36
831 42
832 39
833 33
834 44
835 44
836 42
837 42
838 31
839 39
840 41
841 32
842 25
843 40
844 32
845 32
846 24
847 30
848 38
849 44
850 36
851 34
852 34
853 40
854 44
855 34
856 32
857 37
858 45
859 36
860 39
861 33
862 41
863 23
864 40
865 29
866 49
867 44
868 42
869 34
870 36
871 26
872 31
873 37
874 35
875 32
876 40
877 48
878 36
879 37
880 42
881 40
882 29
883 40
884 22
885 24
886 39
887 22
888 32
889 30
890 27
891 38
892 39
893 39
894 40
895 29
896 34
897 39
898 50
899 34
900 38
901 30
902 33
903 42
904 29
905 34
906 41
907 33
908 32
909 36
910 37
911 39
912 31
913 32
914 25
915 44
916 33
917 38
918 27
919 32
920 29
921 34
922 27
923 33
924 30
925 31
926 25
927 32
928 28
929 35
930 34
931 37
932 39
933 34
934 31
935 33
936 31
937 35
938 43
939 35
940 39
941 38
942 29
943 36
944 26
945 36
946 38
947 43
948 38
949 33
950 28
951 38
952 33
953 28
954 35
955 28
956 41
957 16
958 34
959 33
960 35
961 32
962 33
963 39
964 27
965 30
966 28
967 34
968 35
969 35
970 34
971 30
972 27
973 32
974 36
975 31
976 30
977 34
978 30
979 35
980 33
981 23
982 40
983 34
984 34
985 26
986 30
987 37
988 36
989 29
990 37
991 29
992 37
993 40
994 36
995 27
996 45
997 32
998 28
999 31
1000 37
1001 34
1002 34
1003 33
1004 39
1005 33
1006 31
1007 39
1008 47
1009 41
1010 42
1011 37
1012 38
1013 51
1014 38
1015 27
1016 30
1017 46
1018 35
1019 22
1020 38
1021 44
1022 23
1023 29
1024 28
1025 49
1026 42
1027 43
1028 48
1029 36
1030 58
1031 37
1032 61
1033 57
1034 60
1035 60
1036 66
1037 64
1038 84
1039 132
1040 158
1041 170
1042 168
1043 194
1044 186
1045 259
1046 236
1047 252
1048 381
1049 399
1050 329
1051 353
1052 427
1053 481
1054 416
1055 495
1056 482
1057 559
1058 553
1059 612
1060 610
1061 415
1062 281
1063 208
1064 200
1065 175
1066 116
1067 71
1068 62
1069 46
1070 42
1071 39
1072 44
1073 36
1074 30
1075 30
1076 51
1077 29
1078 37
1079 32
1080 38
1081 39
1082 36
1083 32
1084 35
1085 39
1086 39
1087 32
1088 32
1089 45
1090 41
1091 41
1092 49
1093 37
1094 30
1095 30
1096 45
1097 45
1098 32
1099 29
1100 31
1101 32
1102 37
1103 36
1104 28
1105 33
1106 28
1107 37
1108 27
1109 36
1110 28
1111 40
1112 39
1113 28
1114 39
1115 50
1116 40
1117 34
1118 31
1119 23
1120 25
1121 31
1122 36
1123 36
1124 32
1125 44
1126 45
1127 32
1128 31
1129 27
1130 36
1131 31
1132 32
1133 34
1134 26
1135 21
1136 26
1137 28
1138 40
1139 37
1140 32
1141 41
1142 44
1143 35
1144 28
1145 32
1146 37
1147 30
1148 41
1149 37
1150 28
1151 30
1152 37
1153 37
1154 48
1155 27
1156 36
1157 39
1158 29
1159 31
1160 32
1161 35
1162 35
1163 33
1164 37
1165 30
1166 31
1167 34
1168 41
1169 45
1170 31
1171 43
1172 51
1173 50
1174 39
1175 33
1176 28
1177 46
1178 32
1179 51
1180 55
1181 51
1182 62
1183 69
1184 47
1185 45
1186 53
1187 52
1188 52
1189 64
1190 72
1191 64
1192 52
1193 59
1194 67
1195 61
1196 72
1197 53
1198 36
1199 45
1200 42
1201 46
1202 27
1203 32
1204 28
1205 37
1206 34
1207 34
1208 27
1209 29
1210 20
1211 34
1212 31
1213 26
1214 33
1215 31
1216 23
1217 30
1218 32
1219 34
1220 39
1221 28
1222 25
1223 28
1224 31
1225 26
1226 41
1227 41
1228 37
1229 47
1230 29
1231 21
1232 31
1233 33
1234 24
1235 46
1236 23
1237 23
1238 26
1239 32
1240 35
1241 44
1242 36
1243 32
1244 29
1245 26
1246 41
1247 40
1248 21
1249 26
1250 34
1251 27
1252 44
1253 40
1254 21
1255 44
1256 23
1257 35
1258 32
1259 23
1260 32
1261 26
1262 28
1263 38
1264 33
1265 27
1266 27
1267 21
1268 29
1269 18
1270 24
1271 35
1272 33
1273 30
1274 23
1275 22
1276 21
1277 13
1278 14
1279 24
1280 24
1281 24
1282 24
1283 22
1284 17
1285 20
1286 28
1287 36
1288 25
1289 28
1290 21
1291 25
1292 23
1293 26
1294 27
1295 31
1296 21
1297 26
1298 28
1299 24
1300 31
1301 25
1302 24
1303 19
1304 26
1305 23
1306 26
1307 35
1308 26
1309 29
1310 25
1311 21
1312 27
1313 29
1314 19
1315 35
1316 27
1317 24
1318 27
1319 26
1320 46
1321 33
1322 38
1323 27
1324 35
1325 46
1326 52
1327 39
1328 41
1329 56
1330 55
1331 57
1332 79
1333 114
1334 182
1335 192
1336 184
1337 157
1338 236
1339 263
1340 283
1341 263
1342 200
1343 219
1344 213
1345 276
1346 302
1347 283
1348 202
1349 178
1350 154
1351 113
1352 101
1353 82
1354 59
1355 35
1356 44
1357 32
1358 31
1359 34
1360 22
1361 23
1362 26
1363 29
1364 21
1365 21
1366 24
1367 30
1368 23
1369 32
1370 13
1371 21
1372 21
1373 18
1374 21
1375 17
1376 22
1377 23
1378 20
1379 23
1380 28
1381 20
1382 17
1383 28
1384 25
1385 19
1386 22
1387 19
1388 31
1389 21
1390 29
1391 28
1392 24
1393 24
1394 14
1395 29
1396 27
1397 27
1398 18
1399 25
1400 27
1401 28
1402 17
1403 28
1404 24
1405 22
1406 22
1407 18
1408 20
1409 20
1410 25
1411 22
1412 21
1413 36
1414 23
1415 19
1416 29
1417 23
1418 22
1419 26
1420 18
1421 30
1422 23
1423 18
1424 23
1425 22
1426 30
1427 37
1428 22
1429 31
1430 23
1431 23
1432 21
1433 22
1434 20
1435 28
1436 25
1437 23
1438 17
1439 18
1440 24
1441 23
1442 21
1443 19
1444 19
1445 18
1446 19
1447 19
1448 32
1449 28
1450 21
1451 21
1452 26
1453 20
1454 23
1455 28
1456 21
1457 19
1458 26
1459 20
1460 24
1461 15
1462 26
1463 19
1464 21
1465 21
1466 29
1467 17
1468 20
1469 20
1470 22
1471 17
1472 23
1473 22
1474 29
1475 23
1476 21
1477 30
1478 23
1479 15
1480 17
1481 27
1482 27
1483 25
1484 32
1485 25
1486 25
1487 22
1488 23
1489 28
1490 19
1491 20
1492 21
1493 19
1494 14
1495 21
1496 17
1497 17
1498 31
1499 23
1500 19
1501 19
1502 21
1503 18
1504 21
1505 24
1506 23
1507 17
1508 23
1509 25
1510 24
1511 23
1512 28
1513 19
1514 18
1515 20
1516 26
1517 22
1518 23
1519 23
1520 22
1521 17
1522 18
1523 12
1524 18
1525 22
1526 23
1527 18
1528 22
1529 28
1530 22
1531 27
1532 28
1533 23
1534 24
1535 22
1536 19
1537 16
1538 19
1539 25
1540 21
1541 15
1542 22
1543 26
1544 19
1545 23
1546 21
1547 17
1548 18
1549 15
1550 18
1551 18
1552 24
1553 21
1554 22
1555 29
1556 23
1557 29
1558 18
1559 28
1560 16
1561 19
1562 18
1563 25
1564 22
1565 21
1566 15
1567 10
1568 17
1569 23
1570 19
1571 17
1572 21
1573 23
1574 30
1575 19
1576 22
1577 27
1578 19
1579 25
1580 16
1581 16
1582 16
1583 17
1584 13
1585 25
1586 15
1587 23
1588 23
1589 19
1590 19
1591 17
1592 23
1593 21
1594 21
1595 20
1596 17
1597 21
1598 25
1599 14
1600 20
1601 15
1602 12
1603 23
1604 26
1605 14
1606 19
1607 12
1608 26
1609 17
1610 24
1611 15
1612 18
1613 20
1614 15
1615 16
1616 20
1617 19
1618 12
1619 20
1620 15
1621 17
1622 21
1623 20
1624 23
1625 22
1626 21
1627 24
1628 32
1629 21
1630 17
1631 11
1632 19
1633 13
1634 16
1635 21
1636 21
1637 19
1638 25
1639 20
1640 18
1641 17
1642 15
1643 18
1644 21
1645 18
1646 21
1647 17
1648 20
1649 14
1650 17
1651 15
1652 17
1653 24
1654 16
1655 15
1656 22
1657 9
1658 21
1659 14
1660 22
1661 20
1662 16
1663 22
1664 14
1665 13
1666 18
1667 20
1668 26
1669 13
1670 19
1671 18
1672 25
1673 24
1674 14
1675 17
1676 15
1677 16
1678 10
1679 19
1680 18
1681 22
1682 20
1683 22
1684 19
1685 22
1686 17
1687 22
1688 18
1689 19
1690 20
1691 21
1692 20
1693 30
1694 25
1695 18
1696 16
1697 18
1698 14
1699 17
1700 17
1701 15
1702 15
1703 15
1704 17
1705 13
1706 17
1707 25
1708 23
1709 25
1710 20
1711 21
1712 13
1713 21
1714 18
1715 15
1716 20
1717 17
1718 14
1719 17
1720 22
1721 16
1722 14
1723 17
1724 29
1725 9
1726 13
1727 21
1728 22
1729 16
1730 18
1731 14
1732 16
1733 24
1734 17
1735 13
1736 17
1737 19
1738 10
1739 21
1740 17
1741 23
1742 28
1743 22
1744 15
1745 20
1746 17
1747 17
1748 21
1749 23
1750 12
1751 21
1752 27
1753 23
1754 17
1755 19
1756 20
1757 18
1758 31
1759 16
1760 26
1761 29
1762 25
1763 17
1764 13
1765 20
1766 17
1767 25
1768 20
1769 24
1770 20
1771 19
1772 26
1773 31
1774 19
1775 18
1776 22
1777 24
1778 24
1779 14
1780 24
1781 13
1782 29
1783 29
1784 45
1785 39
1786 30
1787 35
1788 44
1789 67
1790 52
1791 58
1792 68
1793 54
1794 57
1795 75
1796 63
1797 99
1798 103
1799 110
1800 98
1801 87
1802 127
1803 129
1804 129
1805 137
1806 159
1807 183
1808 216
1809 172
1810 111
1811 96
1812 82
1813 66
1814 51
1815 60
1816 44
1817 29
1818 35
1819 33
1820 28
1821 37
1822 17
1823 19
1824 18
1825 18
1826 17
1827 14
1828 20
1829 11
1830 19
1831 17
1832 18
1833 21
1834 20
1835 16
1836 16
1837 14
1838 15
1839 17
1840 20
1841 12
1842 15
1843 13
1844 18
1845 20
1846 17
1847 16
1848 21
1849 17
1850 22
1851 17
1852 19
1853 21
1854 14
1855 21
1856 16
1857 23
1858 23
1859 20
1860 21
1861 21
1862 17
1863 12
1864 17
1865 19
1866 18
1867 16
1868 21
1869 21
1870 21
1871 16
1872 19
1873 12
1874 19
1875 20
1876 19
1877 16
1878 22
1879 21
1880 10
1881 12
1882 20
1883 18
1884 18
1885 16
1886 22
1887 8
1888 16
1889 21
1890 19
1891 14
1892 17
1893 10
1894 24
1895 16
1896 20
1897 15
1898 18
1899 14
1900 21
1901 16
1902 13
1903 20
1904 25
1905 12
1906 18
1907 18
1908 13
1909 19
1910 14
1911 12
1912 17
1913 13
1914 14
1915 21
1916 19
1917 16
1918 18
1919 20
1920 24
1921 17
1922 24
1923 16
1924 19
1925 25
1926 26
1927 10
1928 18
1929 19
1930 12
1931 19
1932 18
1933 16
1934 8
1935 29
1936 12
1937 19
1938 17
1939 15
1940 18
1941 15
1942 14
1943 15
1944 20
1945 20
1946 11
1947 15
1948 21
1949 15
1950 9
1951 21
1952 18
1953 19
1954 14
1955 14
1956 21
1957 22
1958 18
1959 9
1960 20
1961 12
1962 16
1963 7
1964 16
1965 15
1966 17
1967 14
1968 23
1969 22
1970 18
1971 19
1972 21
1973 19
1974 19
1975 18
1976 12
1977 21
1978 21
1979 18
1980 16
1981 18
1982 17
1983 21
1984 18
1985 26
1986 15
1987 12
1988 14
1989 24
1990 24
1991 18
1992 18
1993 23
1994 14
1995 19
1996 21
1997 16
1998 16
1999 23
2000 22
2001 16
2002 15
2003 11
2004 20
2005 16
2006 20
2007 16
2008 20
2009 15
2010 18
2011 14
2012 17
2013 19
2014 18
2015 17
2016 20
2017 21
2018 22
2019 22
2020 24
2021 19
2022 16
2023 20
2024 17
2025 22
2026 23
2027 20
2028 27
2029 28
2030 25
2031 20
2032 24
2033 32
2034 41
2035 45
2036 52
2037 46
2038 65
2039 56
2040 60
2041 69
2042 52
2043 83
2044 84
2045 102
2046 111
2047 128
2048 124
2049 176
2050 187
2051 218
2052 303
2053 321
2054 310
2055 324
2056 459
2057 464
2058 388
2059 373
2060 417
2061 419
2062 477
2063 389
2064 370
2065 288
2066 305
2067 221
2068 179
2069 194
2070 204
2071 160
2072 202
2073 174
2074 169
2075 123
2076 99
2077 88
2078 57
2079 39
2080 35
2081 24
2082 21
2083 21
2084 15
2085 21
2086 32
2087 14
2088 23
2089 16
2090 19
2091 14
2092 18
2093 20
2094 10
2095 14
2096 19
2097 19
2098 11
2099 16
2100 20
2101 13
2102 16
2103 16
2104 14
2105 18
2106 17
2107 19
2108 21
2109 11
2110 14
2111 20
2112 15
2113 18
2114 17
2115 18
2116 19
2117 11
2118 16
2119 7
2120 16
2121 16
2122 14
2123 18
2124 19
2125 17
2126 17
2127 17
2128 16
2129 18
2130 18
2131 22
2132 12
2133 19
2134 18
2135 7
2136 16
2137 14
2138 22
2139 17
2140 12
2141 12
2142 14
2143 21
2144 13
2145 13
2146 18
2147 18
2148 18
2149 13
2150 19
2151 16
2152 7
2153 13
2154 16
2155 13
2156 14
2157 10
2158 22
2159 15
2160 12
2161 16
2162 14
2163 16
2164 14
2165 13
2166 14
2167 8
2168 16
2169 15
2170 14
2171 16
2172 13
2173 21
2174 22
2175 14
2176 11
2177 10
2178 21
2179 14
2180 19
2181 28
2182 13
2183 25
2184 18
2185 16
2186 20
2187 17
2188 9
2189 11
2190 17
2191 18
2192 15
2193 20
2194 26
2195 17
2196 16
2197 15
2198 17
2199 16
2200 14
2201 12
2202 21
2203 22
2204 25
2205 12
2206 11
2207 14
2208 15
2209 14
2210 17
2211 19
2212 20
2213 18
2214 15
2215 19
2216 7
2217 26
2218 20
2219 16
2220 12
2221 15
2222 13
2223 12
2224 21
2225 13
2226 9
2227 14
2228 13
2229 12
2230 21
2231 18
2232 18
2233 25
2234 19
2235 20
2236 20
2237 22
2238 20
2239 19
2240 28
2241 31
2242 38
2243 24
2244 47
2245 43
2246 32
2247 29
2248 49
2249 49
2250 54
2251 47
2252 43
2253 56
2254 72
2255 72
2256 95
2257 83
2258 86
2259 85
2260 64
2261 68
2262 76
2263 68
2264 90
2265 93
2266 99
2267 118
2268 72
2269 58
2270 65
2271 56
2272 70
2273 58
2274 62
2275 38
2276 42
2277 47
2278 23
2279 19
2280 23
2281 24
2282 23
2283 19
2284 18
2285 18
2286 9
2287 14
2288 17
2289 12
2290 13
2291 11
2292 12
2293 15
2294 13
2295 13
2296 19
2297 10
2298 16
2299 18
2300 15
2301 10
2302 13
2303 12
2304 18
2305 15
2306 9
2307 16
2308 13
2309 14
2310 12
2311 13
2312 18
2313 16
2314 13
2315 16
2316 16
2317 12
2318 18
2319 10
2320 13
2321 17
2322 9
2323 12
2324 16
2325 16
2326 10
2327 12
2328 12
2329 12
2330 15
2331 14
2332 15
2333 13
2334 15
2335 12
2336 17
2337 17
2338 10
2339 10
2340 14
2341 13
2342 19
2343 16
2344 15
2345 15
2346 12
2347 14
2348 13
2349 10
2350 12
2351 16
2352 8
2353 11
2354 16
2355 13
2356 12
2357 14
2358 12
2359 23
2360 8
2361 16
2362 13
2363 12
2364 15
2365 10
2366 14
2367 10
2368 9
2369 14
2370 7
2371 11
2372 17
2373 19
2374 12
2375 12
2376 11
2377 18
2378 12
2379 9
2380 14
2381 12
2382 14
2383 14
2384 12
2385 14
2386 14
2387 15
2388 7
2389 9
2390 12
2391 10
2392 15
2393 16
2394 13
2395 9
2396 15
2397 10
2398 11
2399 11
2400 11
2401 9
2402 17
2403 9
2404 9
2405 11
2406 15
2407 15
2408 6
2409 10
2410 12
2411 16
2412 15
2413 11
2414 15
2415 17
2416 4
2417 10
2418 17
2419 12
2420 14
2421 9
2422 6
2423 9
2424 16
2425 12
2426 10
2427 11
2428 9
2429 17
2430 13
2431 18
2432 18
2433 12
2434 13
2435 15
2436 15
2437 9
2438 13
2439 14
2440 13
2441 15
2442 12
2443 10
2444 7
2445 7
2446 14
2447 8
2448 14
2449 13
2450 11
2451 13
2452 11
2453 9
2454 10
2455 10
2456 11
2457 7
2458 11
2459 14
2460 13
2461 12
2462 7
2463 15
2464 10
2465 8
2466 10
2467 11
2468 12
2469 10
2470 15
2471 6
2472 10
2473 9
2474 14
2475 11
2476 12
2477 12
2478 8
2479 15
2480 16
2481 11
2482 8
2483 11
2484 9
2485 6
2486 9
2487 8
2488 16
2489 10
2490 8
2491 17
2492 13
2493 13
2494 9
2495 15
2496 12
2497 11
2498 13
2499 9
2500 12
2501 6
2502 8
2503 16
2504 14
2505 16
2506 9
2507 14
2508 10
2509 10
2510 12
2511 13
2512 18
2513 15
2514 8
2515 12
2516 13
2517 7
2518 15
2519 15
2520 19
2521 16
2522 14
2523 14
2524 18
2525 19
2526 14
2527 15
2528 13
2529 14
2530 18
2531 17
2532 17
2533 12
2534 23
2535 28
2536 27
2537 21
2538 23
2539 29
2540 17
2541 17
2542 38
2543 35
2544 36
2545 38
2546 33
2547 61
2548 79
2549 80
2550 67
2551 69
2552 72
2553 64
2554 77
2555 64
2556 59
2557 82
2558 104
2559 86
