0 40
1 28
2 28
3 24
4 26
5 32
6 27
7 32
8 29
9 32
10 33
11 23
12 29
13 33
14 24
15 28
16 29
17 37
18 35
19 29
20 39
21 39
22 40
23 26
24 27
25 35
26 23
27 31
28 33
29 27
30 26
31 43
32 29
33 25
34 29
35 35
36 33
37 34
38 31
39 32
40 26
41 26
42 32
43 38
44 26
45 26
46 28
47 26
48 25
49 32
50 23
51 23
52 29
53 29
54 22
55 24
56 31
57 32
58 37
59 29
60 29
61 39
62 37
63 28
64 32
65 25
66 35
67 36
68 30
69 24
70 34
71 25
72 34
73 36
74 31
75 34
76 28
77 35
78 29
79 27
80 34
81 38
82 32
83 24
84 35
85 30
86 22
87 30
88 38
89 28
90 24
91 22
92 38
93 23
94 35
95 42
96 36
97 27
98 31
99 28
100 19
101 34
102 26
103 33
104 29
105 29
106 21
107 33
108 37
109 31
110 32
111 33
112 29
113 28
114 25
115 30
116 32
117 31
118 31
119 39
120 32
121 34
122 35
123 32
124 31
125 41
126 32
127 41
128 40
129 36
130 33
131 33
132 40
133 26
134 37
135 47
136 27
137 33
138 39
139 30
140 27
141 34
142 42
143 30
144 31
145 44
146 29
147 34
148 41
149 33
150 38
151 35
152 31
153 25
154 28
155 21
156 28
157 35
158 29
159 40
160 31
161 36
162 29
163 32
164 33
165 35
166 36
167 25
168 38
169 34
170 34
171 19
172 37
173 34
174 34
175 54
176 42
177 35
178 41
179 35
180 29
181 41
182 25
183 31
184 33
185 33
186 32
187 30
188 45
189 29
190 30
191 32
192 40
193 33
194 35
195 39
196 28
197 37
198 38
199 38
200 27
201 35
202 43
203 34
204 41
205 28
206 35
207 35
208 38
209 31
210 43
211 43
212 34
213 36
214 33
215 28
216 29
217 32
218 35
219 30
220 48
221 25
222 33
223 49
224 43
225 29
226 38
227 28
228 28
229 28
230 41
231 21
232 45
233 40
234 37
235 30
236 35
237 26
238 26
239 32
240 30
241 37
242 37
243 45
244 33
245 30
246 36
247 22
248 33
249 42
250 31
251 34
252 25
253 28
254 36
255 34
256 36
257 25
258 35
259 25
260 31
261 39
262 34
263 37
264 39
265 34
266 37
267 33
268 35
269 29
270 33
271 35
272 30
273 21
274 48
275 29
276 43
277 35
278 39
279 40
280 41
281 34
282 43
283 46
284 34
285 37
286 37
287 39
288 43
289 36
290 35
291 31
292 35
293 29
294 35
295 41
296 40
297 27
298 35
299 37
300 38
301 32
302 39
303 33
304 33
305 40
306 33
307 35
308 41
309 33
310 35
311 24
312 51
313 45
314 39
315 39
316 42
317 26
318 31
319 33
320 42
321 35
322 49
323 30
324 27
325 36
326 35
327 35
328 36
329 41
330 41
331 34
332 27
333 41
334 36
335 33
336 40
337 31
338 40
339 41
340 37
341 36
342 24
343 49
344 40
345 33
346 44
347 37
348 37
349 35
350 25
351 28
352 29
353 34
354 42
355 36
356 41
357 31
358 38
359 35
360 44
361 33
362 33
363 33
364 38
365 29
366 40
367 42
368 47
369 38
370 35
371 34
372 35
373 35
374 32
375 42
376 36
377 34
378 37
379 27
380 33
381 45
382 28
383 38
384 43
385 24
386 42
387 38
388 33
389 47
390 38
391 36
392 37
393 46
394 34
395 35
396 43
397 39
398 47
399 46
400 42
401 38
402 34
403 41
404 33
405 37
406 31
407 34
408 23
409 33
410 39
411 34
412 47
413 41
414 39
415 34
416 26
417 42
418 45
419 36
420 42
421 41
422 38
423 42
424 55
425 34
426 31
427 45
428 38
429 34
430 28
431 36
432 50
433 31
434 40
435 48
436 39
437 41
438 41
439 36
440 31
441 29
442 45
443 37
444 27
445 30
446 31
447 39
448 32
449 39
450 39
451 42
452 38
453 42
454 26
455 40
456 28
457 43
458 34
459 30
460 46
461 34
462 40
463 45
464 29
465 43
466 32
467 47
468 41
469 61
470 43
471 45
472 34
473 40
474 36
475 41
476 36
477 32
478 44
479 34
480 30
481 35
482 42
483 38
484 38
485 49
486 32
487 39
488 46
489 29
490 48
491 40
492 35
493 45
494 35
495 42
496 35
497 47
498 36
499 38
500 39
501 30
502 50
503 29
504 35
505 30
506 37
507 40
508 40
509 36
510 35
511 36
512 37
513 35
514 43
515 46
516 28
517 35
518 35
519 38
520 49
521 46
522 47
523 46
524 40
525 48
526 41
527 45
528 46
529 47
530 62
531 40
532 50
533 64
534 60
535 74
536 62
537 71
538 73
539 71
540 56
541 62
542 68
543 53
544 87
545 81
546 92
547 119
548 121
549 95
550 114
551 79
552 105
553 97
554 99
555 139
556 113
557 93
558 93
559 60
560 44
561 45
562 36
563 33
564 43
565 21
566 36
567 29
568 36
569 40
570 29
571 48
572 35
573 26
574 41
575 46
576 35
577 37
578 33
579 53
580 36
581 31
582 46
583 42
584 44
585 39
586 39
587 42
588 43
589 33
590 48
591 41
592 31
593 35
594 52
595 50
596 39
597 49
598 31
599 34
600 50
601 45
602 39
603 40
604 53
605 39
606 16
607 31
608 34
609 46
610 43
611 39
612 49
613 36
614 32
615 47
616 51
617 43
618 46
619 48
620 40
621 35
622 42
623 49
624 47
625 32
626 39
627 50
628 40
629 35
630 21
631 36
632 47
633 33
634 41
635 35
636 40
637 29
638 30
639 36
640 35
641 45
642 57
643 43
644 33
645 34
646 33
647 29
648 49
649 40
650 35
651 41
652 41
653 37
654 48
655 41
656 49
657 33
658 43
659 44
660 36
661 37
662 49
663 34
664 30
665 35
666 43
667 36
668 37
669 38
670 30
671 37
672 40
673 44
674 30
675 44
676 45
677 38
678 47
679 40
680 55
681 40
682 42
683 39
684 35
685 33
686 38
687 43
688 37
689 41
690 57
691 42
692 49
693 44
694 36
695 39
696 33
697 38
698 33
699 35
700 39
701 37
702 41
703 50
704 51
705 40
706 35
707 40
708 33
709 40
710 43
711 41
712 44
713 36
714 26
715 30
716 27
717 30
718 30
719 35
720 38
721 41
722 36
723 38
724 41
725 36
726 40
727 44
728 41
729 46
730 36
731 39
732 31
733 46
734 36
735 56
736 39
737 28
738 37
739 39
740 28
741 36
742 43
743 40
744 44
745 32
746 43
747 45
748 33
749 30
750 25
751 24
752 38
753 42
754 39
755 36
756 48
757 34
758 41
759 45
760 38
761 33
762 33
763 27
764 32
765 40
766 33
767 36
768 40
769 37
770 33
771 34
772 36
773 32
774 32
775 34
776 48
777 45
778 44
779 31
780 42
781 38
782 44
783 34
784 41
785 39
786 38
787 28
788 36
789 38
790 39
791 36
792 48
793 25
794 35
795 33
796 37
797 32
798 33
799 33
800 34
801 38
802 36
803 36
804 49
805 46
806 29
807 48
808 39
809 38
810 32
811 46
812 29
813 38
814 31
815 45
816 39
817 45
818 31
819 33
820 38
821 31
822 45
823 35
824 33
825 23
826 31
827 43
828 37
829 36
830 39
831 33
832 33
833 44
834 27
835 38
836 43
837 35
838 40
839 38
840 39
841 34
842 29
843 25
844 23
845 36
846 39
847 40
848 43
849 27
850 36
851 34
852 27
853 35
854 41
855 36
856 31
857 32
858 41
859 38
860 44
861 30
862 38
863 37
864 27
865 35
866 44
867 34
868 30
869 42
870 30
871 30
872 22
873 39
874 29
875 30
876 36
877 32
878 42
879 35
880 38
881 30
882 45
883 29
884 31
885 48
886 40
887 30
888 50
889 33
890 47
891 39
892 37
893 36
894 24
895 28
896 41
897 28
898 51
899 39
900 37
901 31
902 39
903 36
904 29
905 46
906 40
907 41
908 41
909 47
910 25
911 31
912 39
913 35
914 36
915 38
916 34
917 34
918 35
919 31
920 33
921 29
922 33
923 30
924 32
925 39
926 40
927 33
928 37
929 29
930 38
931 26
932 34
933 42
934 32
935 40
936 29
937 37
938 42
939 43
940 39
941 30
942 28
943 37
944 37
945 32
946 34
947 37
948 48
949 24
950 33
951 41
952 33
953 35
954 29
955 33
956 21
957 38
958 40
959 44
960 37
961 34
962 32
963 40
964 31
965 33
966 41
967 27
968 35
969 29
970 30
971 37
972 31
973 34
974 32
975 38
976 25
977 32
978 31
979 34
980 42
981 37
982 29
983 32
984 37
985 21
986 31
987 33
988 32
989 25
990 38
991 39
992 39
993 33
994 41
995 40
996 36
997 32
998 28
999 31
1000 23
1001 36
1002 31
1003 37
1004 34
1005 40
1006 33
1007 29
1008 40
1009 30
1010 40
1011 34
1012 36
1013 38
1014 42
1015 34
1016 43
1017 31
1018 40
1019 38
1020 38
1021 43
1022 34
1023 29
1024 33
1025 42
1026 28
1027 38
1028 46
1029 36
1030 29
1031 31
1032 32
1033 28
1034 33
1035 45
1036 33
1037 27
1038 25
1039 38
1040 47
1041 35
1042 43
1043 41
1044 54
1045 42
1046 40
1047 58
1048 52
1049 61
1050 53
1051 75
1052 93
1053 116
1054 127
1055 141
1056 144
1057 169
1058 172
1059 212
1060 226
1061 279
1062 350
1063 539
1064 552
1065 510
1066 441
1067 389
1068 411
1069 496
1070 495
1071 580
1072 651
1073 562
1074 409
1075 308
1076 238
1077 230
1078 150
1079 84
1080 114
1081 74
1082 57
1083 57
1084 47
1085 53
1086 41
1087 36
1088 31
1089 31
1090 31
1091 38
1092 35
1093 41
1094 35
1095 42
1096 39
1097 36
1098 33
1099 40
1100 31
1101 26
1102 37
1103 31
1104 39
1105 37
1106 41
1107 31
1108 29
1109 42
1110 36
1111 39
1112 33
1113 33
1114 25
1115 25
1116 30
1117 33
1118 33
1119 33
1120 35
1121 23
1122 34
1123 31
1124 34
1125 39
1126 44
1127 33
1128 30
1129 31
1130 34
1131 45
1132 34
1133 38
1134 20
1135 36
1136 31
1137 36
1138 26
1139 32
1140 37
1141 30
1142 30
1143 26
1144 32
1145 33
1146 24
1147 34
1148 19
1149 34
1150 41
1151 28
1152 33
1153 28
1154 30
1155 22
1156 33
1157 49
1158 28
1159 24
1160 25
1161 37
1162 30
1163 37
1164 35
1165 28
1166 38
1167 26
1168 41
1169 30
1170 28
1171 21
1172 21
1173 25
1174 29
1175 33
1176 36
1177 43
1178 30
1179 14
1180 40
1181 42
1182 37
1183 33
1184 47
1185 30
1186 28
1187 37
1188 35
1189 42
1190 46
1191 40
1192 42
1193 42
1194 34
1195 52
1196 41
1197 39
1198 37
1199 64
1200 71
1201 71
1202 76
1203 50
1204 64
1205 90
1206 93
1207 65
1208 57
1209 73
1210 74
1211 60
1212 47
1213 49
1214 45
1215 32
1216 32
1217 36
1218 29
1219 27
1220 30
1221 36
1222 27
1223 32
1224 29
1225 37
1226 34
1227 34
1228 36
1229 19
1230 44
1231 30
1232 30
1233 32
1234 26
1235 30
1236 33
1237 28
1238 34
1239 25
1240 26
1241 39
1242 40
1243 31
1244 23
1245 38
1246 31
1247 29
1248 28
1249 27
1250 24
1251 35
1252 27
1253 31
1254 32
1255 32
1256 23
1257 33
1258 34
1259 24
1260 37
1261 32
1262 27
1263 31
1264 32
1265 37
1266 26
1267 25
1268 24
1269 25
1270 25
1271 32
1272 27
1273 21
1274 26
1275 19
1276 15
1277 20
1278 21
1279 21
1280 52
1281 56
1282 39
1283 33
1284 40
1285 27
1286 32
1287 29
1288 28
1289 22
1290 25
1291 27
1292 31
1293 28
1294 27
1295 27
1296 25
1297 23
1298 17
1299 18
1300 35
1301 20
1302 33
1303 26
1304 17
1305 30
1306 24
1307 26
1308 28
1309 19
1310 22
1311 19
1312 25
1313 22
1314 31
1315 29
1316 26
1317 34
1318 30
1319 28
1320 25
1321 39
1322 24
1323 27
1324 30
1325 30
1326 21
1327 25
1328 23
1329 28
1330 23
1331 27
1332 23
1333 20
1334 20
1335 31
1336 36
1337 25
1338 28
1339 26
1340 31
1341 49
1342 32
1343 44
1344 52
1345 50
1346 95
1347 86
1348 96
1349 104
1350 122
1351 145
1352 157
1353 138
1354 222
1355 248
1356 225
1357 276
1358 321
1359 253
1360 174
1361 159
1362 151
1363 170
1364 121
1365 176
1366 179
1367 136
1368 97
1369 78
1370 65
1371 62
1372 52
1373 39
1374 23
1375 30
1376 31
1377 29
1378 27
1379 28
1380 29
1381 20
1382 25
1383 30
1384 31
1385 22
1386 27
1387 20
1388 22
1389 26
1390 22
1391 22
1392 21
1393 33
1394 22
1395 25
1396 18
1397 28
1398 28
1399 18
1400 19
1401 28
1402 17
1403 19
1404 30
1405 22
1406 26
1407 30
1408 22
1409 18
1410 24
1411 24
1412 28
1413 19
1414 16
1415 26
1416 27
1417 20
1418 24
1419 21
1420 22
1421 27
1422 25
1423 29
1424 22
1425 15
1426 20
1427 25
1428 28
1429 23
1430 21
1431 23
1432 25
1433 16
1434 22
1435 20
1436 30
1437 25
1438 25
1439 18
1440 27
1441 16
1442 24
1443 27
1444 17
1445 26
1446 29
1447 19
1448 23
1449 23
1450 23
1451 20
1452 19
1453 31
1454 20
1455 28
1456 21
1457 18
1458 17
1459 22
1460 24
1461 21
1462 21
1463 32
1464 21
1465 22
1466 19
1467 14
1468 17
1469 17
1470 21
1471 25
1472 17
1473 21
1474 20
1475 21
1476 20
1477 21
1478 22
1479 19
1480 27
1481 25
1482 21
1483 20
1484 18
1485 16
1486 19
1487 24
1488 22
1489 32
1490 25
1491 22
1492 29
1493 23
1494 23
1495 28
1496 19
1497 14
1498 27
1499 16
1500 19
1501 23
1502 26
1503 18
1504 23
1505 22
1506 16
1507 27
1508 22
1509 20
1510 28
1511 22
1512 20
1513 15
1514 17
1515 25
1516 20
1517 17
1518 21
1519 25
1520 25
1521 22
1522 20
1523 16
1524 17
1525 14
1526 19
1527 26
1528 19
1529 28
1530 21
1531 25
1532 23
1533 25
1534 20
1535 28
1536 27
1537 19
1538 17
1539 17
1540 20
1541 21
1542 20
1543 18
1544 15
1545 16
1546 24
1547 24
1548 22
1549 17
1550 20
1551 25
1552 23
1553 24
1554 20
1555 20
1556 13
1557 20
1558 9
1559 10
1560 18
1561 24
1562 21
1563 25
1564 23
1565 22
1566 25
1567 20
1568 22
1569 18
1570 20
1571 20
1572 25
1573 10
1574 22
1575 17
1576 21
1577 27
1578 22
1579 26
1580 22
1581 22
1582 18
1583 21
1584 17
1585 20
1586 22
1587 20
1588 23
1589 15
1590 19
1591 22
1592 22
1593 19
1594 17
1595 21
1596 14
1597 19
1598 21
1599 25
1600 14
1601 22
1602 20
1603 17
1604 16
1605 13
1606 27
1607 22
1608 13
1609 18
1610 20
1611 20
1612 24
1613 11
1614 19
1615 20
1616 21
1617 15
1618 26
1619 16
1620 15
1621 17
1622 15
1623 14
1624 20
1625 22
1626 19
1627 18
1628 13
1629 18
1630 24
1631 23
1632 16
1633 16
1634 15
1635 19
1636 21
1637 19
1638 21
1639 16
1640 26
1641 20
1642 20
1643 21
1644 21
1645 18
1646 29
1647 25
1648 16
1649 11
1650 18
1651 16
1652 17
1653 22
1654 19
1655 23
1656 12
1657 20
1658 18
1659 13
1660 16
1661 20
1662 16
1663 28
1664 12
1665 16
1666 16
1667 20
1668 21
1669 16
1670 15
1671 18
1672 17
1673 14
1674 21
1675 26
1676 20
1677 20
1678 20
1679 16
1680 22
1681 20
1682 18
1683 21
1684 23
1685 21
1686 15
1687 17
1688 21
1689 23
1690 22
1691 15
1692 12
1693 16
1694 19
1695 18
1696 26
1697 25
1698 16
1699 19
1700 19
1701 18
1702 15
1703 26
1704 18
1705 19
1706 22
1707 16
1708 25
1709 12
1710 17
1711 13
1712 21
1713 19
1714 16
1715 29
1716 21
1717 22
1718 17
1719 15
1720 21
1721 21
1722 24
1723 18
1724 18
1725 18
1726 22
1727 17
1728 15
1729 19
1730 22
1731 19
1732 25
1733 18
1734 20
1735 20
1736 27
1737 15
1738 15
1739 15
1740 21
1741 22
1742 16
1743 18
1744 18
1745 20
1746 19
1747 24
1748 18
1749 22
1750 19
1751 23
1752 12
1753 17
1754 25
1755 11
1756 23
1757 22
1758 20
1759 22
1760 23
1761 19
1762 28
1763 19
1764 21
1765 21
1766 24
1767 17
1768 24
1769 24
1770 18
1771 26
1772 23
1773 19
1774 17
1775 25
1776 20
1777 25
1778 19
1779 20
1780 14
1781 19
1782 14
1783 22
1784 23
1785 9
1786 18
1787 10
1788 16
1789 21
1790 16
1791 13
1792 29
1793 24
1794 21
1795 25
1796 21
1797 18
1798 18
1799 16
1800 27
1801 15
1802 28
1803 31
1804 41
1805 52
1806 47
1807 44
1808 59
1809 52
1810 38
1811 41
1812 50
1813 47
1814 84
1815 68
1816 68
1817 85
1818 79
1819 85
1820 79
1821 77
1822 75
1823 77
1824 99
1825 107
1826 107
1827 104
1828 87
1829 88
1830 78
1831 55
1832 46
1833 50
1834 33
1835 21
1836 37
1837 40
1838 30
1839 23
1840 22
1841 20
1842 24
1843 13
1844 14
1845 10
1846 19
1847 15
1848 16
1849 19
1850 16
1851 20
1852 16
1853 14
1854 22
1855 27
1856 18
1857 20
1858 26
1859 17
1860 18
1861 13
1862 17
1863 19
1864 9
1865 19
1866 19
1867 16
1868 11
1869 19
1870 14
1871 13
1872 19
1873 16
1874 14
1875 16
1876 14
1877 14
1878 20
1879 16
1880 21
1881 23
1882 15
1883 22
1884 19
1885 25
1886 18
1887 18
1888 22
1889 16
1890 21
1891 23
1892 26
1893 13
1894 15
1895 20
1896 26
1897 16
1898 15
1899 19
1900 21
1901 13
1902 16
1903 19
1904 15
1905 15
1906 17
1907 14
1908 16
1909 16
1910 10
1911 19
1912 17
1913 13
1914 10
1915 16
1916 15
1917 15
1918 14
1919 14
1920 18
1921 24
1922 16
1923 15
1924 13
1925 18
1926 17
1927 18
1928 16
1929 21
1930 15
1931 15
1932 16
1933 22
1934 18
1935 20
1936 19
1937 14
1938 19
1939 12
1940 20
1941 27
1942 18
1943 9
1944 30
1945 16
1946 24
1947 17
1948 20
1949 23
1950 17
1951 18
1952 19
1953 16
1954 18
1955 17
1956 18
1957 14
1958 17
1959 18
1960 20
1961 16
1962 27
1963 12
1964 19
1965 12
1966 12
1967 12
1968 25
1969 21
1970 19
1971 15
1972 15
1973 17
1974 18
1975 28
1976 23
1977 18
1978 18
1979 15
1980 17
1981 17
1982 15
1983 21
1984 23
1985 20
1986 10
1987 14
1988 19
1989 11
1990 19
1991 15
1992 13
1993 23
1994 14
1995 16
1996 18
1997 20
1998 25
1999 21
2000 24
2001 7
2002 14
2003 16
2004 15
2005 19
2006 17
2007 19
2008 18
2009 19
2010 14
2011 19
2012 28
2013 19
2014 19
2015 15
2016 16
2017 17
2018 19
2019 17
2020 28
2021 21
2022 17
2023 27
2024 17
2025 17
2026 19
2027 24
2028 18
2029 26
2030 19
2031 24
2032 25
2033 19
2034 10
2035 25
2036 25
2037 22
2038 15
2039 15
2040 22
2041 14
2042 16
2043 14
2044 18
2045 13
2046 20
2047 23
2048 23
2049 32
2050 24
2051 34
2052 30
2053 44
2054 26
2055 45
2056 51
2057 55
2058 53
2059 60
2060 53
2061 60
2062 76
2063 68
2064 67
2065 70
2066 101
2067 102
2068 121
2069 162
2070 216
2071 224
2072 259
2073 302
2074 323
2075 354
2076 443
2077 449
2078 403
2079 392
2080 341
2081 348
2082 374
2083 361
2084 339
2085 370
2086 319
2087 250
2088 217
2089 157
2090 170
2091 121
2092 110
2093 109
2094 88
2095 62
2096 54
2097 52
2098 35
2099 36
2100 33
2101 27
2102 30
2103 27
2104 23
2105 25
2106 21
2107 22
2108 13
2109 17
2110 24
2111 22
2112 18
2113 16
2114 11
2115 22
2116 11
2117 18
2118 22
2119 20
2120 13
2121 15
2122 15
2123 15
2124 13
2125 21
2126 17
2127 23
2128 16
2129 20
2130 18
2131 16
2132 20
2133 13
2134 9
2135 9
2136 23
2137 13
2138 17
2139 10
2140 13
2141 13
2142 19
2143 11
2144 12
2145 14
2146 19
2147 17
2148 10
2149 10
2150 19
2151 6
2152 17
2153 15
2154 19
2155 14
2156 13
2157 12
2158 14
2159 13
2160 21
2161 12
2162 14
2163 11
2164 15
2165 16
2166 13
2167 18
2168 17
2169 20
2170 11
2171 13
2172 14
2173 13
2174 11
2175 19
2176 12
2177 22
2178 13
2179 19
2180 13
2181 16
2182 17
2183 9
2184 14
2185 21
2186 22
2187 11
2188 12
2189 17
2190 17
2191 14
2192 18
2193 18
2194 9
2195 14
2196 11
2197 17
2198 17
2199 17
2200 18
2201 18
2202 20
2203 23
2204 17
2205 15
2206 21
2207 25
2208 9
2209 15
2210 16
2211 26
2212 20
2213 14
2214 16
2215 13
2216 13
2217 12
2218 16
2219 20
2220 14
2221 9
2222 16
2223 10
2224 14
2225 15
2226 8
2227 16
2228 13
2229 16
2230 15
2231 13
2232 16
2233 5
2234 14
2235 8
2236 15
2237 13
2238 24
2239 14
2240 17
2241 11
2242 12
2243 13
2244 10
2245 17
2246 13
2247 15
2248 17
2249 9
2250 16
2251 19
2252 16
2253 12
2254 22
2255 17
2256 21
2257 23
2258 22
2259 19
2260 18
2261 25
2262 25
2263 33
2264 26
2265 25
2266 29
2267 32
2268 34
2269 51
2270 40
2271 53
2272 45
2273 45
2274 50
2275 59
2276 73
2277 58
2278 65
2279 71
2280 90
2281 89
2282 74
2283 75
2284 93
2285 70
2286 84
2287 61
2288 54
2289 52
2290 43
2291 52
2292 61
2293 63
2294 48
2295 64
2296 36
2297 29
2298 29
2299 21
2300 23
2301 27
2302 31
2303 19
2304 17
2305 24
2306 20
2307 22
2308 10
2309 19
2310 16
2311 10
2312 8
2313 17
2314 11
2315 10
2316 16
2317 10
2318 14
2319 16
2320 21
2321 17
2322 6
2323 15
2324 13
2325 20
2326 13
2327 13
2328 20
2329 17
2330 12
2331 17
2332 11
2333 15
2334 16
2335 16
2336 21
2337 13
2338 14
2339 12
2340 16
2341 17
2342 14
2343 18
2344 10
2345 12
2346 11
2347 8
2348 12
2349 10
2350 12
2351 9
2352 18
2353 7
2354 15
2355 13
2356 14
2357 16
2358 17
2359 21
2360 9
2361 12
2362 20
2363 7
2364 12
2365 12
2366 12
2367 10
2368 18
2369 11
2370 16
2371 19
2372 6
2373 15
2374 12
2375 17
2376 12
2377 9
2378 7
2379 15
2380 11
2381 14
2382 14
2383 12
2384 14
2385 12
2386 17
2387 13
2388 12
2389 14
2390 4
2391 10
2392 12
2393 9
2394 17
2395 10
2396 14
2397 10
2398 14
2399 14
2400 14
2401 11
2402 14
2403 8
2404 9
2405 16
2406 11
2407 7
2408 13
2409 20
2410 11
2411 14
2412 12
2413 9
2414 13
2415 13
2416 6
2417 20
2418 12
2419 22
2420 16
2421 8
2422 14
2423 10
2424 11
2425 12
2426 13
2427 11
2428 10
2429 7
2430 14
2431 12
2432 17
2433 10
2434 12
2435 16
2436 16
2437 9
2438 10
2439 10
2440 15
2441 11
2442 12
2443 13
2444 11
2445 13
2446 14
2447 11
2448 11
2449 11
2450 16
2451 13
2452 12
2453 13
2454 17
2455 14
2456 16
2457 8
2458 12
2459 15
2460 14
2461 8
2462 6
2463 5
2464 9
2465 12
2466 14
2467 13
2468 12
2469 16
2470 7
2471 17
2472 12
2473 12
2474 14
2475 9
2476 11
2477 10
2478 13
2479 12
2480 9
2481 16
2482 6
2483 12
2484 17
2485 8
2486 13
2487 9
2488 10
2489 12
2490 25
2491 17
2492 9
2493 11
2494 8
2495 17
2496 8
2497 11
2498 13
2499 11
2500 15
2501 14
2502 14
2503 11
2504 8
2505 13
2506 14
2507 13
2508 9
2509 12
2510 21
2511 14
2512 12
2513 8
2514 5
2515 10
2516 11
2517 14
2518 12
2519 19
2520 12
2521 15
2522 9
2523 6
2524 11
2525 18
2526 13
2527 19
2528 6
2529 9
2530 11
2531 13
2532 12
2533 10
2534 9
2535 10
2536 9
2537 11
2538 9
2539 10
2540 12
2541 15
2542 14
2543 18
2544 13
2545 14
2546 19
2547 14
2548 15
2549 17
2550 21
2551 26
2552 16
2553 19
2554 21
2555 22
2556 17
2557 23
2558 27
2559 33
