0 26
1 19
2 27
3 26
4 21
5 30
6 23
7 26
8 21
9 22
10 37
11 26
12 32
13 33
14 27
15 25
16 26
17 31
18 26
19 23
20 28
21 22
22 19
23 27
24 22
25 27
26 35
27 21
28 28
29 20
30 26
31 35
32 26
33 28
34 27
35 34
36 25
37 25
38 16
39 26
40 22
41 26
42 22
43 27
44 26
45 24
46 30
47 23
48 25
49 30
50 22
51 30
52 27
53 32
54 23
55 22
56 27
57 26
58 22
59 25
60 31
61 27
62 29
63 24
64 22
65 29
66 23
67 29
68 26
69 28
70 25
71 27
72 31
73 23
74 15
75 30
76 26
77 29
78 19
79 29
80 26
81 28
82 19
83 36
84 37
85 28
86 22
87 27
88 23
89 18
90 28
91 22
92 24
93 25
94 28
95 23
96 19
97 35
98 29
99 12
100 23
101 26
102 20
103 28
104 27
105 36
106 26
107 29
108 34
109 26
110 23
111 28
112 25
113 30
114 29
115 22
116 27
117 22
118 28
119 26
120 27
121 12
122 24
123 26
124 25
125 27
126 23
127 27
128 36
129 33
130 32
131 33
132 30
133 28
134 38
135 33
136 37
137 25
138 35
139 27
140 12
141 27
142 29
143 21
144 21
145 35
146 29
147 29
148 32
149 31
150 26
151 29
152 31
153 31
154 32
155 29
156 29
157 26
158 26
159 40
160 38
161 30
162 33
163 25
164 23
165 23
166 34
167 25
168 24
169 26
170 24
171 26
172 25
173 37
174 28
175 32
176 28
177 33
178 18
179 29
180 34
181 28
182 28
183 25
184 43
185 43
186 24
187 27
188 31
189 20
190 33
191 22
192 27
193 15
194 17
195 32
196 23
197 28
198 26
199 26
200 41
201 34
202 37
203 31
204 24
205 25
206 29
207 28
208 34
209 28
210 35
211 24
212 22
213 32
214 33
215 28
216 22
217 27
218 26
219 28
220 27
221 24
222 30
223 39
224 31
225 26
226 45
227 36
228 28
229 32
230 32
231 26
232 30
233 14
234 26
235 14
236 22
237 25
238 32
239 30
240 25
241 32
242 38
243 31
244 30
245 34
246 17
247 22
248 22
249 27
250 29
251 33
252 29
253 33
254 40
255 36
256 27
257 28
258 31
259 29
260 34
261 32
262 37
263 42
264 31
265 31
266 34
267 43
268 34
269 44
270 36
271 44
272 47
273 28
274 31
275 27
276 34
277 28
278 31
279 32
280 29
281 28
282 32
283 32
284 29
285 25
286 27
287 29
288 31
289 32
290 31
291 34
292 28
293 30
294 49
295 45
296 28
297 31
298 28
299 37
300 30
301 30
302 30
303 32
304 33
305 40
306 32
307 24
308 22
309 26
310 29
311 30
312 28
313 27
314 24
315 30
316 30
317 28
318 22
319 31
320 36
321 24
322 25
323 28
324 31
325 40
326 23
327 27
328 35
329 31
330 26
331 39
332 32
333 22
334 31
335 37
336 39
337 42
338 27
339 34
340 33
341 23
342 40
343 30
344 23
345 33
346 35
347 23
348 29
349 29
350 25
351 34
352 34
353 24
354 35
355 35
356 28
357 36
358 29
359 32
360 35
361 30
362 22
363 45
364 27
365 27
366 32
367 30
368 26
369 23
370 25
371 39
372 27
373 33
374 36
375 34
376 34
377 23
378 27
379 34
380 34
381 33
382 30
383 20
384 28
385 29
386 19
387 34
388 29
389 37
390 35
391 35
392 31
393 31
394 53
395 39
396 37
397 32
398 30
399 27
400 34
401 30
402 28
403 27
404 33
405 34
406 26
407 41
408 28
409 30
410 34
411 42
412 35
413 39
414 45
415 31
416 36
417 43
418 36
419 35
420 29
421 26
422 47
423 40
424 38
425 29
426 26
427 34
428 35
429 33
430 39
431 30
432 39
433 41
434 30
435 30
436 39
437 28
438 50
439 33
440 35
441 37
442 39
443 24
444 34
445 33
446 23
447 28
448 33
449 32
450 34
451 24
452 25
453 36
454 39
455 36
456 40
457 28
458 32
459 38
460 27
461 35
462 37
463 33
464 25
465 34
466 39
467 32
468 28
469 27
470 34
471 32
472 23
473 25
474 42
475 29
476 35
477 26
478 41
479 40
480 30
481 44
482 32
483 28
484 34
485 27
486 39
487 45
488 30
489 32
490 41
491 27
492 32
493 39
494 34
495 37
496 40
497 26
498 37
499 29
500 31
501 31
502 35
503 29
504 38
505 45
506 45
507 33
508 35
509 32
510 28
511 28
512 42
513 35
514 35
515 33
516 44
517 22
518 31
519 48
520 45
521 26
522 38
523 34
524 33
525 37
526 33
527 34
528 32
529 35
530 36
531 33
532 38
533 36
534 37
535 32
536 34
537 42
538 39
539 44
540 40
541 36
542 35
543 37
544 36
545 39
546 35
547 30
548 49
549 30
550 33
551 39
552 37
553 28
554 19
555 33
556 25
557 47
558 33
559 33
560 35
561 32
562 18
563 29
564 32
565 33
566 43
567 32
568 25
569 40
570 33
571 24
572 30
573 35
574 35
575 49
576 40
577 27
578 35
579 32
580 36
581 31
582 38
583 29
584 36
585 29
586 36
587 38
588 38
589 36
590 31
591 37
592 39
593 35
594 49
595 34
596 37
597 42
598 36
599 36
600 23
601 39
602 47
603 30
604 52
605 43
606 41
607 34
608 46
609 36
610 33
611 43
612 59
613 51
614 44
615 42
616 40
617 84
618 61
619 77
620 73
621 91
622 70
623 88
624 77
625 69
626 75
627 73
628 75
629 71
630 84
631 93
632 115
633 102
634 118
635 92
636 87
637 77
638 82
639 44
640 55
641 34
642 37
643 39
644 28
645 29
646 33
647 26
648 39
649 32
650 39
651 42
652 33
653 39
654 45
655 41
656 44
657 37
658 31
659 31
660 36
661 25
662 41
663 50
664 39
665 34
666 40
667 39
668 37
669 33
670 35
671 46
672 41
673 38
674 37
675 30
676 33
677 44
678 36
679 36
680 33
681 37
682 31
683 35
684 37
685 31
686 34
687 38
688 24
689 20
690 34
691 32
692 32
693 29
694 33
695 35
696 37
697 28
698 29
699 38
700 39
701 43
702 31
703 29
704 35
705 32
706 36
707 41
708 33
709 32
710 28
711 36
712 44
713 31
714 40
715 21
716 33
717 35
718 36
719 31
720 33
721 36
722 40
723 41
724 34
725 31
726 43
727 34
728 34
729 35
730 37
731 32
732 40
733 24
734 26
735 34
736 31
737 33
738 37
739 34
740 39
741 31
742 33
743 38
744 41
745 36
746 33
747 25
748 36
749 36
750 35
751 44
752 30
753 29
754 28
755 32
756 36
757 33
758 33
759 34
760 33
761 44
762 43
763 37
764 33
765 35
766 45
767 27
768 35
769 33
770 29
771 27
772 31
773 24
774 35
775 30
776 33
777 28
778 30
779 34
780 38
781 31
782 28
783 33
784 32
785 37
786 28
787 27
788 30
789 20
790 25
791 36
792 33
793 34
794 39
795 30
796 43
797 34
798 25
799 27
800 35
801 29
802 24
803 34
804 36
805 30
806 39
807 36
808 39
809 28
810 40
811 35
812 36
813 35
814 30
815 27
816 37
817 27
818 31
819 37
820 41
821 39
822 28
823 21
824 31
825 41
826 38
827 37
828 26
829 26
830 40
831 28
832 34
833 35
834 36
835 35
836 33
837 49
838 29
839 33
840 32
841 29
842 25
843 38
844 44
845 42
846 38
847 41
848 35
849 39
850 37
851 29
852 42
853 32
854 28
855 36
856 27
857 27
858 38
859 41
860 28
861 36
862 29
863 40
864 29
865 35
866 24
867 31
868 33
869 31
870 37
871 30
872 30
873 35
874 23
875 28
876 42
877 36
878 40
879 29
880 40
881 38
882 30
883 21
884 27
885 33
886 39
887 33
888 35
889 33
890 32
891 26
892 31
893 29
894 26
895 22
896 40
897 32
898 33
899 38
900 41
901 38
902 38
903 28
904 36
905 32
906 36
907 22
908 23
909 34
910 50
911 25
912 23
913 23
914 32
915 40
916 28
917 22
918 37
919 33
920 31
921 28
922 36
923 37
924 31
925 42
926 41
927 36
928 31
929 34
930 40
931 41
932 31
933 34
934 31
935 25
936 26
937 40
938 36
939 32
940 34
941 21
942 26
943 39
944 37
945 27
946 34
947 33
948 37
949 29
950 33
951 41
952 39
953 32
954 24
955 30
956 34
957 36
958 42
959 35
960 29
961 27
962 27
963 45
964 42
965 46
966 27
967 41
968 21
969 28
970 33
971 33
972 28
973 40
974 29
975 30
976 23
977 32
978 33
979 38
980 49
981 37
982 29
983 36
984 27
985 30
986 35
987 30
988 31
989 30
990 32
991 33
992 27
993 35
994 35
995 31
996 27
997 33
998 29
999 36
1000 35
1001 32
1002 24
1003 25
1004 30
1005 31
1006 29
1007 25
1008 33
1009 26
1010 35
1011 39
1012 21
1013 35
1014 30
1015 32
1016 30
1017 31
1018 32
1019 32
1020 33
1021 26
1022 28
1023 38
1024 30
1025 20
1026 35
1027 21
1028 29
1029 31
1030 23
1031 25
1032 28
1033 25
1034 39
1035 37
1036 21
1037 25
1038 34
1039 40
1040 35
1041 22
1042 29
1043 36
1044 31
1045 39
1046 45
1047 30
1048 28
1049 32
1050 34
1051 26
1052 26
1053 35
1054 33
1055 21
1056 28
1057 30
1058 35
1059 40
1060 44
1061 27
1062 29
1063 22
1064 31
1065 40
1066 33
1067 24
1068 31
1069 30
1070 26
1071 38
1072 34
1073 23
1074 32
1075 32
1076 23
1077 32
1078 36
1079 30
1080 30
1081 28
1082 34
1083 32
1084 27
1085 28
1086 27
1087 40
1088 30
1089 34
1090 36
1091 31
1092 22
1093 29
1094 23
1095 21
1096 28
1097 28
1098 29
1099 33
1100 21
1101 33
1102 31
1103 28
1104 36
1105 36
1106 30
1107 39
1108 24
1109 31
1110 37
1111 35
1112 24
1113 25
1114 33
1115 38
1116 28
1117 35
1118 37
1119 37
1120 32
1121 32
1122 33
1123 36
1124 38
1125 30
1126 28
1127 42
1128 22
1129 31
1130 23
1131 31
1132 30
1133 38
1134 29
1135 39
1136 34
1137 27
1138 33
1139 35
1140 33
1141 30
1142 34
1143 41
1144 27
1145 25
1146 31
1147 34
1148 58
1149 46
1150 40
1151 66
1152 79
1153 70
1154 91
1155 92
1156 121
1157 165
1158 160
1159 193
1160 240
1161 297
1162 298
1163 296
1164 409
1165 478
1166 536
1167 649
1168 656
1169 689
1170 607
1171 573
1172 497
1173 487
1174 365
1175 279
1176 177
1177 155
1178 120
1179 102
1180 98
1181 56
1182 50
1183 47
1184 37
1185 33
1186 47
1187 40
1188 39
1189 39
1190 27
1191 23
1192 28
1193 17
1194 32
1195 35
1196 30
1197 33
1198 25
1199 42
1200 27
1201 32
1202 42
1203 33
1204 29
1205 42
1206 38
1207 34
1208 26
1209 25
1210 28
1211 12
1212 23
1213 37
1214 27
1215 43
1216 43
1217 29
1218 27
1219 48
1220 33
1221 20
1222 30
1223 25
1224 26
1225 26
1226 30
1227 25
1228 24
1229 29
1230 33
1231 37
1232 30
1233 36
1234 30
1235 30
1236 28
1237 36
1238 31
1239 36
1240 34
1241 24
1242 20
1243 24
1244 33
1245 37
1246 26
1247 24
1248 29
1249 34
1250 24
1251 25
1252 27
1253 22
1254 21
1255 32
1256 32
1257 36
1258 37
1259 35
1260 29
1261 36
1262 37
1263 28
1264 27
1265 22
1266 28
1267 27
1268 15
1269 32
1270 27
1271 23
1272 17
1273 16
1274 18
1275 23
1276 10
1277 13
1278 10
1279 6
1280 35
1281 19
1282 23
1283 33
1284 23
1285 21
1286 26
1287 21
1288 24
1289 19
1290 21
1291 16
1292 21
1293 28
1294 26
1295 26
1296 25
1297 25
1298 24
1299 31
1300 15
1301 17
1302 29
1303 28
1304 20
1305 20
1306 23
1307 12
1308 20
1309 19
1310 27
1311 16
1312 21
1313 23
1314 23
1315 24
1316 23
1317 23
1318 25
1319 19
1320 17
1321 19
1322 21
1323 19
1324 16
1325 18
1326 21
1327 22
1328 26
1329 27
1330 24
1331 18
1332 19
1333 21
1334 27
1335 21
1336 21
1337 16
1338 21
1339 29
1340 21
1341 18
1342 33
1343 31
1344 29
1345 26
1346 18
1347 17
1348 19
1349 21
1350 17
1351 21
1352 27
1353 26
1354 16
1355 21
1356 22
1357 20
1358 13
1359 23
1360 27
1361 20
1362 19
1363 26
1364 29
1365 17
1366 30
1367 18
1368 25
1369 23
1370 32
1371 19
1372 22
1373 23
1374 22
1375 17
1376 24
1377 27
1378 23
1379 21
1380 30
1381 36
1382 34
1383 38
1384 45
1385 55
1386 45
1387 38
1388 70
1389 75
1390 52
1391 35
1392 41
1393 36
1394 41
1395 33
1396 31
1397 30
1398 33
1399 22
1400 24
1401 25
1402 19
1403 20
1404 22
1405 25
1406 28
1407 24
1408 27
1409 29
1410 26
1411 18
1412 23
1413 25
1414 25
1415 19
1416 16
1417 17
1418 25
1419 26
1420 25
1421 16
1422 17
1423 14
1424 25
1425 14
1426 22
1427 26
1428 22
1429 20
1430 19
1431 27
1432 24
1433 26
1434 28
1435 20
1436 22
1437 20
1438 27
1439 19
1440 12
1441 17
1442 25
1443 25
1444 19
1445 29
1446 15
1447 28
1448 19
1449 30
1450 26
1451 34
1452 36
1453 22
1454 38
1455 26
1456 22
1457 30
1458 37
1459 55
1460 45
1461 44
1462 49
1463 66
1464 84
1465 97
1466 128
1467 181
1468 185
1469 208
1470 147
1471 215
1472 229
1473 237
1474 215
1475 196
1476 175
1477 183
1478 236
1479 248
1480 177
1481 170
1482 149
1483 130
1484 156
1485 128
1486 102
1487 87
1488 42
1489 47
1490 24
1491 32
1492 16
1493 20
1494 28
1495 26
1496 22
1497 30
1498 15
1499 22
1500 26
1501 21
1502 23
1503 22
1504 21
1505 17
1506 25
1507 17
1508 18
1509 18
1510 16
1511 21
1512 21
1513 24
1514 18
1515 13
1516 28
1517 23
1518 21
1519 21
1520 23
1521 14
1522 16
1523 23
1524 16
1525 25
1526 17
1527 27
1528 23
1529 18
1530 17
1531 17
1532 15
1533 18
1534 16
1535 21
1536 15
1537 16
1538 18
1539 22
1540 20
1541 23
1542 21
1543 23
1544 25
1545 22
1546 18
1547 20
1548 21
1549 22
1550 17
1551 22
1552 22
1553 16
1554 17
1555 14
1556 22
1557 17
1558 24
1559 19
1560 29
1561 20
1562 18
1563 18
1564 17
1565 15
1566 22
1567 14
1568 19
1569 23
1570 23
1571 20
1572 18
1573 22
1574 17
1575 18
1576 16
1577 20
1578 20
1579 25
1580 19
1581 16
1582 16
1583 16
1584 18
1585 14
1586 15
1587 16
1588 24
1589 15
1590 29
1591 19
1592 23
1593 18
1594 19
1595 19
1596 17
1597 17
1598 23
1599 22
1600 27
1601 18
1602 15
1603 19
1604 25
1605 23
1606 17
1607 25
1608 19
1609 18
1610 20
1611 27
1612 21
1613 14
1614 22
1615 18
1616 21
1617 22
1618 13
1619 14
1620 18
1621 18
1622 16
1623 21
1624 13
1625 28
1626 17
1627 15
1628 13
1629 12
1630 24
1631 20
1632 21
1633 18
1634 21
1635 24
1636 18
1637 21
1638 21
1639 18
1640 16
1641 16
1642 15
1643 22
1644 14
1645 16
1646 15
1647 18
1648 11
1649 23
1650 16
1651 13
1652 16
1653 14
1654 17
1655 19
1656 22
1657 15
1658 23
1659 18
1660 18
1661 19
1662 16
1663 17
1664 25
1665 22
1666 19
1667 20
1668 28
1669 18
1670 18
1671 23
1672 14
1673 12
1674 18
1675 19
1676 15
1677 16
1678 19
1679 18
1680 14
1681 13
1682 21
1683 19
1684 22
1685 29
1686 20
1687 23
1688 18
1689 24
1690 27
1691 19
1692 21
1693 22
1694 24
1695 21
1696 20
1697 21
1698 18
1699 23
1700 14
1701 17
1702 25
1703 18
1704 21
1705 15
1706 15
1707 10
1708 12
1709 20
1710 24
1711 19
1712 11
1713 20
1714 20
1715 17
1716 15
1717 19
1718 18
1719 17
1720 11
1721 17
1722 19
1723 19
1724 26
1725 18
1726 17
1727 19
1728 20
1729 18
1730 16
1731 19
1732 12
1733 22
1734 16
1735 7
1736 15
1737 19
1738 18
1739 21
1740 22
1741 15
1742 13
1743 20
1744 20
1745 26
1746 16
1747 19
1748 19
1749 21
1750 25
1751 21
1752 18
1753 24
1754 17
1755 21
1756 16
1757 17
1758 14
1759 17
1760 12
1761 18
1762 23
1763 15
1764 17
1765 26
1766 17
1767 18
1768 18
1769 24
1770 22
1771 23
1772 18
1773 8
1774 14
1775 15
1776 19
1777 15
1778 17
1779 15
1780 17
1781 19
1782 21
1783 17
1784 15
1785 13
1786 15
1787 19
1788 19
1789 14
1790 16
1791 14
1792 22
1793 19
1794 18
1795 16
1796 16
1797 16
1798 18
1799 20
1800 21
1801 20
1802 18
1803 15
1804 14
1805 19
1806 21
1807 15
1808 15
1809 24
1810 24
1811 16
1812 25
1813 17
1814 16
1815 18
1816 20
1817 8
1818 23
1819 19
1820 24
1821 16
1822 16
1823 13
1824 16
1825 22
1826 17
1827 14
1828 10
1829 21
1830 22
1831 15
1832 20
1833 13
1834 13
1835 10
1836 12
1837 16
1838 18
1839 7
1840 11
1841 12
1842 14
1843 13
1844 16
1845 18
1846 24
1847 14
1848 20
1849 18
1850 13
1851 18
1852 14
1853 9
1854 9
1855 12
1856 15
1857 13
1858 20
1859 11
1860 21
1861 12
1862 18
1863 16
1864 19
1865 13
1866 21
1867 14
1868 23
1869 11
1870 23
1871 12
1872 19
1873 19
1874 13
1875 21
1876 16
1877 20
1878 20
1879 11
1880 21
1881 17
1882 14
1883 18
1884 16
1885 23
1886 21
1887 17
1888 16
1889 21
1890 17
1891 12
1892 13
1893 18
1894 19
1895 16
1896 26
1897 22
1898 20
1899 21
1900 26
1901 21
1902 21
1903 18
1904 10
1905 22
1906 16
1907 22
1908 25
1909 22
1910 28
1911 17
1912 15
1913 19
1914 24
1915 15
1916 14
1917 23
1918 11
1919 13
1920 18
1921 26
1922 19
1923 16
1924 8
1925 12
1926 21
1927 18
1928 19
1929 22
1930 22
1931 16
1932 16
1933 20
1934 11
1935 19
1936 17
1937 19
1938 21
1939 25
1940 21
1941 24
1942 30
1943 23
1944 33
1945 34
1946 48
1947 40
1948 42
1949 53
1950 49
1951 93
1952 155
1953 179
1954 203
1955 227
1956 209
1957 209
1958 234
1959 207
1960 147
1961 92
1962 109
1963 114
1964 133
1965 96
1966 96
1967 96
1968 119
1969 129
1970 81
1971 65
1972 54
1973 47
1974 34
1975 23
1976 28
1977 25
1978 19
1979 26
1980 15
1981 12
1982 22
1983 10
1984 16
1985 21
1986 10
1987 14
1988 20
1989 12
1990 13
1991 22
1992 17
1993 15
1994 14
1995 18
1996 15
1997 19
1998 12
1999 15
2000 20
2001 16
2002 16
2003 20
2004 12
2005 17
2006 7
2007 11
2008 26
2009 18
2010 21
2011 16
2012 14
2013 17
2014 16
2015 13
2016 18
2017 12
2018 18
2019 21
2020 18
2021 17
2022 13
2023 17
2024 20
2025 14
2026 17
2027 22
2028 21
2029 6
2030 16
2031 10
2032 13
2033 11
2034 16
2035 14
2036 10
2037 11
2038 11
2039 14
2040 7
2041 11
2042 14
2043 14
2044 11
2045 11
2046 17
2047 13
2048 12
2049 26
2050 16
2051 12
2052 11
2053 11
2054 11
2055 10
2056 17
2057 14
2058 15
2059 19
2060 12
2061 12
2062 6
2063 6
2064 10
2065 18
2066 8
2067 10
2068 11
2069 13
2070 17
2071 19
2072 17
2073 21
2074 13
2075 21
2076 16
2077 20
2078 14
2079 22
2080 14
2081 12
2082 12
2083 11
2084 17
2085 14
2086 11
2087 10
2088 15
2089 15
2090 16
2091 8
2092 19
2093 15
2094 9
2095 12
2096 15
2097 20
2098 17
2099 19
2100 20
2101 25
2102 13
2103 14
2104 20
2105 11
2106 13
2107 19
2108 14
2109 11
2110 16
2111 12
2112 15
2113 18
2114 13
2115 19
2116 17
2117 21
2118 24
2119 18
2120 14
2121 11
2122 13
2123 13
2124 15
2125 13
2126 14
2127 17
2128 15
2129 17
2130 13
2131 10
2132 12
2133 10
2134 16
2135 10
2136 12
2137 19
2138 14
2139 13
2140 18
2141 16
2142 12
2143 13
2144 10
2145 12
2146 12
2147 17
2148 15
2149 13
2150 10
2151 15
2152 12
2153 15
2154 12
2155 13
2156 9
2157 12
2158 15
2159 13
2160 20
2161 14
2162 12
2163 21
2164 10
2165 23
2166 15
2167 12
2168 11
2169 11
2170 12
2171 13
2172 19
2173 12
2174 10
2175 18
2176 13
2177 24
2178 15
2179 12
2180 15
2181 19
2182 15
2183 15
2184 20
2185 21
2186 13
2187 15
2188 11
2189 10
2190 21
2191 18
2192 20
2193 17
2194 14
2195 22
2196 18
2197 18
2198 16
2199 25
2200 21
2201 20
2202 24
2203 34
2204 27
2205 37
2206 37
2207 39
2208 47
2209 48
2210 72
2211 83
2212 81
2213 94
2214 118
2215 143
2216 203
2217 184
2218 213
2219 245
2220 228
2221 250
2222 270
2223 325
2224 409
2225 476
2226 370
2227 371
2228 369
2229 373
2230 352
2231 373
2232 300
2233 270
2234 226
2235 180
2236 192
2237 157
2238 136
2239 120
2240 95
2241 79
2242 80
2243 61
2244 48
2245 47
2246 31
2247 44
2248 32
2249 27
2250 24
2251 26
2252 23
2253 12
2254 20
2255 15
2256 8
2257 11
2258 15
2259 18
2260 20
2261 13
2262 21
2263 16
2264 16
2265 14
2266 15
2267 19
2268 12
2269 20
2270 14
2271 8
2272 16
2273 13
2274 22
2275 12
2276 15
2277 14
2278 19
2279 19
2280 12
2281 14
2282 14
2283 16
2284 14
2285 15
2286 18
2287 12
2288 9
2289 11
2290 8
2291 13
2292 18
2293 12
2294 10
2295 21
2296 13
2297 10
2298 16
2299 17
2300 16
2301 15
2302 10
2303 18
2304 14
2305 11
2306 14
2307 16
2308 15
2309 14
2310 16
2311 10
2312 8
2313 9
2314 16
2315 11
2316 8
2317 9
2318 17
2319 12
2320 21
2321 6
2322 13
2323 13
2324 18
2325 11
2326 14
2327 16
2328 17
2329 9
2330 11
2331 17
2332 18
2333 18
2334 8
2335 17
2336 21
2337 15
2338 16
2339 8
2340 12
2341 9
2342 13
2343 15
2344 14
2345 7
2346 18
2347 11
2348 15
2349 10
2350 12
2351 15
2352 17
2353 13
2354 26
2355 16
2356 14
2357 14
2358 7
2359 11
2360 11
2361 8
2362 10
2363 15
2364 14
2365 16
2366 14
2367 11
2368 15
2369 19
2370 17
2371 14
2372 10
2373 13
2374 11
2375 13
2376 14
2377 11
2378 10
2379 12
2380 15
2381 20
2382 11
2383 10
2384 10
2385 8
2386 20
2387 18
2388 11
2389 16
2390 9
2391 13
2392 16
2393 12
2394 14
2395 12
2396 15
2397 12
2398 22
2399 15
2400 24
2401 14
2402 12
2403 10
2404 16
2405 13
2406 13
2407 18
2408 10
2409 13
2410 14
2411 13
2412 22
2413 20
2414 11
2415 13
2416 18
2417 14
2418 12
2419 16
2420 32
2421 17
2422 23
2423 26
2424 37
2425 32
2426 30
2427 21
2428 32
2429 38
2430 51
2431 53
2432 64
2433 66
2434 67
2435 82
2436 106
2437 81
2438 69
2439 64
2440 84
2441 87
2442 99
2443 83
2444 70
2445 85
2446 74
2447 73
2448 53
2449 48
2450 43
2451 33
2452 33
2453 24
2454 25
2455 25
2456 17
2457 18
2458 13
2459 14
2460 19
2461 13
2462 16
2463 18
2464 15
2465 10
2466 18
2467 12
2468 15
2469 11
2470 15
2471 15
2472 10
2473 18
2474 13
2475 7
2476 8
2477 11
2478 10
2479 12
2480 9
2481 12
2482 7
2483 13
2484 14
2485 11
2486 9
2487 14
2488 17
2489 15
2490 10
2491 15
2492 7
2493 9
2494 10
2495 13
2496 9
2497 8
2498 12
2499 9
2500 15
2501 21
2502 13
2503 12
2504 20
2505 13
2506 8
2507 16
2508 8
2509 12
2510 15
2511 9
2512 16
2513 11
2514 10
2515 17
2516 11
2517 11
2518 16
2519 11
2520 15
2521 12
2522 18
2523 13
2524 14
2525 11
2526 10
2527 11
2528 15
2529 12
2530 10
2531 10
2532 6
2533 11
2534 10
2535 9
2536 10
2537 12
2538 15
2539 8
2540 8
2541 7
2542 10
2543 10
2544 8
2545 9
2546 12
2547 16
2548 13
2549 10
2550 12
2551 7
2552 12
2553 13
2554 10
2555 13
2556 12
2557 19
2558 13
2559 12
