0 33
1 17
2 27
3 24
4 28
5 21
6 20
7 26
8 20
9 25
10 20
11 28
12 37
13 24
14 22
15 31
16 28
17 31
18 29
19 25
20 27
21 33
22 23
23 31
24 25
25 38
26 26
27 27
28 34
29 25
30 28
31 23
32 23
33 27
34 20
35 33
36 30
37 26
38 26
39 30
40 30
41 39
42 25
43 25
44 28
45 26
46 19
47 34
48 32
49 27
50 26
51 34
52 28
53 21
54 21
55 30
56 24
57 35
58 20
59 25
60 25
61 23
62 25
63 27
64 33
65 20
66 29
67 26
68 18
69 27
70 32
71 37
72 26
73 29
74 28
75 25
76 33
77 20
78 33
79 22
80 29
81 28
82 30
83 18
84 19
85 26
86 28
87 29
88 21
89 25
90 27
91 24
92 21
93 29
94 24
95 28
96 19
97 34
98 27
99 17
100 26
101 30
102 21
103 35
104 25
105 30
106 33
107 39
108 22
109 30
110 25
111 19
112 31
113 28
114 34
115 33
116 34
117 28
118 31
119 29
120 31
121 29
122 24
123 18
124 16
125 16
126 28
127 36
128 40
129 31
130 38
131 36
132 33
133 23
134 20
135 32
136 26
137 24
138 44
139 30
140 37
141 23
142 24
143 23
144 29
145 27
146 27
147 31
148 30
149 30
150 31
151 29
152 26
153 42
154 20
155 30
156 26
157 32
158 36
159 28
160 25
161 29
162 25
163 27
164 31
165 29
166 25
167 31
168 29
169 34
170 21
171 32
172 34
173 28
174 25
175 33
176 40
177 30
178 30
179 28
180 34
181 36
182 29
183 42
184 23
185 30
186 30
187 34
188 31
189 24
190 31
191 25
192 27
193 45
194 23
195 20
196 21
197 36
198 29
199 23
200 28
201 30
202 33
203 30
204 38
205 28
206 23
207 35
208 37
209 28
210 23
211 28
212 30
213 31
214 36
215 24
216 34
217 28
218 43
219 31
220 34
221 32
222 26
223 22
224 32
225 41
226 39
227 41
228 25
229 33
230 33
231 29
232 25
233 33
234 28
235 32
236 25
237 25
238 23
239 29
240 22
241 34
242 39
243 35
244 23
245 31
246 28
247 30
248 36
249 37
250 27
251 37
252 37
253 23
254 37
255 31
256 27
257 30
258 36
259 27
260 34
261 29
262 24
263 25
264 29
265 23
266 35
267 27
268 31
269 30
270 29
271 37
272 39
273 27
274 32
275 29
276 24
277 37
278 24
279 25
280 27
281 39
282 40
283 41
284 33
285 28
286 29
287 32
288 30
289 20
290 29
291 32
292 23
293 26
294 37
295 31
296 40
297 30
298 27
299 28
300 42
301 32
302 32
303 33
304 35
305 35
306 27
307 28
308 35
309 26
310 23
311 29
312 31
313 30
314 43
315 35
316 29
317 33
318 40
319 35
320 37
321 23
322 37
323 24
324 36
325 27
326 31
327 27
328 35
329 33
330 36
331 33
332 30
333 31
334 37
335 35
336 42
337 29
338 38
339 23
340 24
341 39
342 32
343 25
344 26
345 33
346 32
347 37
348 34
349 26
350 22
351 34
352 46
353 25
354 25
355 25
356 40
357 34
358 41
359 38
360 36
361 32
362 27
363 47
364 42
365 31
366 30
367 29
368 35
369 35
370 39
371 24
372 29
373 26
374 23
375 25
376 46
377 28
378 28
379 33
380 32
381 39
382 40
383 29
384 24
385 27
386 33
387 25
388 39
389 32
390 35
391 35
392 35
393 34
394 34
395 36
396 27
397 35
398 33
399 28
400 33
401 39
402 30
403 37
404 26
405 34
406 28
407 31
408 36
409 32
410 39
411 22
412 35
413 23
414 32
415 26
416 38
417 35
418 39
419 33
420 27
421 26
422 30
423 32
424 33
425 20
426 32
427 38
428 32
429 31
430 38
431 33
432 28
433 26
434 39
435 39
436 31
437 40
438 30
439 26
440 37
441 36
442 18
443 29
444 34
445 24
446 28
447 35
448 33
449 27
450 35
451 38
452 34
453 27
454 31
455 40
456 36
457 28
458 32
459 35
460 34
461 33
462 44
463 26
464 34
465 37
466 42
467 34
468 42
469 32
470 30
471 28
472 26
473 31
474 32
475 32
476 35
477 36
478 27
479 42
480 36
481 34
482 44
483 33
484 43
485 32
486 42
487 31
488 26
489 39
490 38
491 30
492 41
493 28
494 31
495 31
496 24
497 29
498 32
499 33
500 41
501 35
502 32
503 25
504 35
505 24
506 35
507 41
508 45
509 29
510 35
511 30
512 42
513 33
514 28
515 32
516 29
517 43
518 28
519 28
520 41
521 31
522 53
523 37
524 42
525 37
526 33
527 19
528 22
529 28
530 33
531 31
532 38
533 33
534 34
535 27
536 29
537 35
538 23
539 29
540 26
541 49
542 37
543 37
544 40
545 29
546 36
547 44
548 30
549 41
550 33
551 29
552 32
553 32
554 26
555 26
556 37
557 36
558 34
559 34
560 43
561 35
562 30
563 33
564 36
565 43
566 29
567 38
568 42
569 36
570 37
571 35
572 33
573 30
574 35
575 40
576 40
577 44
578 28
579 40
580 41
581 42
582 39
583 26
584 36
585 45
586 34
587 46
588 33
589 31
590 43
591 31
592 46
593 47
594 33
595 49
596 44
597 54
598 40
599 50
600 52
601 47
602 47
603 47
604 49
605 40
606 47
607 73
608 67
609 71
610 59
611 72
612 101
613 84
614 64
615 82
616 91
617 90
618 107
619 87
620 90
621 88
622 88
623 92
624 79
625 98
626 101
627 55
628 51
629 44
630 39
631 40
632 41
633 39
634 33
635 32
636 35
637 28
638 46
639 36
640 33
641 34
642 36
643 43
644 40
645 34
646 28
647 44
648 43
649 37
650 35
651 32
652 35
653 44
654 30
655 25
656 35
657 28
658 39
659 36
660 39
661 24
662 34
663 31
664 37
665 22
666 33
667 37
668 37
669 46
670 49
671 34
672 36
673 34
674 46
675 46
676 33
677 33
678 42
679 30
680 32
681 31
682 32
683 40
684 35
685 34
686 34
687 35
688 30
689 38
690 44
691 29
692 40
693 36
694 25
695 37
696 36
697 41
698 44
699 32
700 44
701 42
702 36
703 33
704 35
705 29
706 36
707 41
708 37
709 30
710 40
711 31
712 36
713 36
714 34
715 32
716 30
717 37
718 32
719 36
720 33
721 28
722 44
723 49
724 27
725 35
726 40
727 38
728 36
729 35
730 35
731 37
732 38
733 38
734 35
735 39
736 36
737 32
738 37
739 36
740 35
741 47
742 30
743 42
744 36
745 29
746 40
747 39
748 33
749 30
750 28
751 34
752 34
753 35
754 25
755 39
756 36
757 39
758 41
759 37
760 29
761 32
762 27
763 30
764 29
765 36
766 36
767 31
768 42
769 43
770 33
771 40
772 35
773 27
774 37
775 41
776 31
777 25
778 32
779 40
780 37
781 35
782 26
783 35
784 33
785 36
786 42
787 29
788 35
789 40
790 38
791 26
792 40
793 27
794 33
795 29
796 40
797 29
798 31
799 41
800 30
801 31
802 46
803 33
804 41
805 36
806 28
807 36
808 27
809 38
810 46
811 32
812 39
813 37
814 35
815 24
816 28
817 34
818 38
819 37
820 36
821 36
822 38
823 38
824 40
825 39
826 34
827 38
828 34
829 37
830 35
831 34
832 32
833 31
834 32
835 29
836 31
837 22
838 28
839 41
840 34
841 26
842 41
843 27
844 33
845 36
846 35
847 27
848 32
849 30
850 39
851 35
852 34
853 37
854 31
855 38
856 37
857 37
858 35
859 36
860 38
861 40
862 38
863 26
864 17
865 20
866 33
867 34
868 35
869 38
870 38
871 39
872 37
873 43
874 24
875 24
876 27
877 30
878 36
879 36
880 39
881 27
882 26
883 23
884 32
885 36
886 41
887 30
888 28
889 27
890 27
891 23
892 26
893 30
894 30
895 25
896 39
897 25
898 33
899 29
900 33
901 27
902 29
903 34
904 23
905 29
906 30
907 34
908 41
909 32
910 28
911 33
912 37
913 36
914 25
915 33
916 31
917 38
918 34
919 27
920 39
921 18
922 41
923 39
924 32
925 27
926 39
927 29
928 35
929 21
930 45
931 28
932 43
933 31
934 33
935 40
936 32
937 26
938 36
939 27
940 30
941 37
942 39
943 31
944 38
945 36
946 36
947 31
948 26
949 42
950 34
951 41
952 31
953 29
954 30
955 23
956 24
957 34
958 32
959 28
960 44
961 30
962 35
963 24
964 34
965 26
966 33
967 40
968 42
969 32
970 40
971 28
972 42
973 31
974 52
975 29
976 29
977 35
978 38
979 25
980 26
981 30
982 30
983 36
984 26
985 35
986 37
987 22
988 18
989 35
990 27
991 40
992 37
993 34
994 26
995 38
996 22
997 20
998 25
999 31
1000 28
1001 29
1002 25
1003 38
1004 31
1005 30
1006 20
1007 35
1008 38
1009 30
1010 33
1011 30
1012 33
1013 49
1014 28
1015 31
1016 30
1017 36
1018 25
1019 35
1020 22
1021 23
1022 28
1023 33
1024 24
1025 41
1026 42
1027 39
1028 26
1029 26
1030 32
1031 24
1032 40
1033 30
1034 35
1035 28
1036 29
1037 33
1038 32
1039 27
1040 31
1041 34
1042 31
1043 33
1044 33
1045 35
1046 34
1047 31
1048 40
1049 34
1050 34
1051 39
1052 32
1053 34
1054 38
1055 39
1056 30
1057 34
1058 33
1059 37
1060 27
1061 18
1062 39
1063 25
1064 26
1065 38
1066 33
1067 30
1068 26
1069 32
1070 44
1071 24
1072 34
1073 26
1074 29
1075 29
1076 39
1077 40
1078 32
1079 39
1080 27
1081 30
1082 25
1083 26
1084 34
1085 38
1086 38
1087 36
1088 38
1089 35
1090 32
1091 32
1092 26
1093 25
1094 32
1095 37
1096 27
1097 37
1098 28
1099 35
1100 34
1101 42
1102 29
1103 39
1104 38
1105 36
1106 34
1107 42
1108 39
1109 38
1110 25
1111 34
1112 41
1113 28
1114 30
1115 36
1116 36
1117 33
1118 38
1119 23
1120 30
1121 25
1122 33
1123 31
1124 41
1125 36
1126 27
1127 32
1128 29
1129 23
1130 32
1131 35
1132 35
1133 24
1134 32
1135 48
1136 51
1137 49
1138 46
1139 56
1140 68
1141 78
1142 88
1143 94
1144 105
1145 109
1146 139
1147 192
1148 223
1149 321
1150 338
1151 322
1152 358
1153 390
1154 461
1155 606
1156 586
1157 585
1158 498
1159 458
1160 482
1161 515
1162 461
1163 364
1164 326
1165 235
1166 201
1167 191
1168 122
1169 90
1170 59
1171 41
1172 40
1173 38
1174 36
1175 40
1176 36
1177 28
1178 32
1179 35
1180 28
1181 48
1182 25
1183 30
1184 28
1185 33
1186 44
1187 17
1188 28
1189 23
1190 32
1191 30
1192 24
1193 34
1194 24
1195 39
1196 27
1197 31
1198 41
1199 31
1200 24
1201 28
1202 34
1203 30
1204 26
1205 33
1206 35
1207 27
1208 21
1209 19
1210 34
1211 30
1212 28
1213 38
1214 26
1215 34
1216 21
1217 35
1218 36
1219 29
1220 37
1221 32
1222 32
1223 24
1224 31
1225 17
1226 35
1227 29
1228 31
1229 26
1230 18
1231 28
1232 32
1233 31
1234 22
1235 36
1236 33
1237 23
1238 32
1239 36
1240 39
1241 24
1242 25
1243 31
1244 30
1245 30
1246 36
1247 25
1248 19
1249 34
1250 32
1251 25
1252 29
1253 29
1254 29
1255 31
1256 34
1257 35
1258 27
1259 27
1260 21
1261 25
1262 34
1263 28
1264 32
1265 24
1266 24
1267 29
1268 29
1269 23
1270 27
1271 16
1272 19
1273 21
1274 19
1275 15
1276 22
1277 13
1278 13
1279 6
1280 38
1281 29
1282 24
1283 22
1284 17
1285 25
1286 23
1287 29
1288 27
1289 26
1290 20
1291 26
1292 15
1293 25
1294 25
1295 19
1296 22
1297 20
1298 26
1299 23
1300 15
1301 14
1302 29
1303 32
1304 28
1305 28
1306 29
1307 28
1308 26
1309 22
1310 18
1311 25
1312 19
1313 22
1314 26
1315 16
1316 20
1317 17
1318 24
1319 23
1320 22
1321 15
1322 25
1323 22
1324 28
1325 23
1326 23
1327 21
1328 20
1329 17
1330 26
1331 17
1332 28
1333 22
1334 24
1335 24
1336 20
1337 19
1338 23
1339 23
1340 23
1341 23
1342 21
1343 20
1344 18
1345 14
1346 24
1347 22
1348 18
1349 25
1350 21
1351 24
1352 17
1353 12
1354 21
1355 21
1356 21
1357 18
1358 17
1359 25
1360 24
1361 30
1362 24
1363 26
1364 26
1365 21
1366 29
1367 36
1368 32
1369 23
1370 35
1371 41
1372 48
1373 50
1374 41
1375 45
1376 40
1377 57
1378 54
1379 54
1380 47
1381 31
1382 41
1383 38
1384 26
1385 22
1386 20
1387 31
1388 26
1389 25
1390 21
1391 20
1392 24
1393 20
1394 23
1395 25
1396 22
1397 27
1398 26
1399 15
1400 23
1401 23
1402 23
1403 30
1404 21
1405 17
1406 18
1407 14
1408 14
1409 25
1410 22
1411 22
1412 23
1413 17
1414 16
1415 20
1416 26
1417 17
1418 18
1419 23
1420 19
1421 26
1422 21
1423 18
1424 22
1425 20
1426 27
1427 25
1428 17
1429 25
1430 19
1431 24
1432 32
1433 28
1434 18
1435 19
1436 22
1437 24
1438 23
1439 22
1440 24
1441 23
1442 30
1443 29
1444 26
1445 28
1446 34
1447 31
1448 44
1449 40
1450 46
1451 71
1452 80
1453 71
1454 90
1455 98
1456 126
1457 142
1458 191
1459 212
1460 214
1461 219
1462 229
1463 303
1464 262
1465 294
1466 259
1467 203
1468 161
1469 138
1470 99
1471 63
1472 81
1473 61
1474 46
1475 35
1476 30
1477 27
1478 18
1479 24
1480 29
1481 20
1482 20
1483 19
1484 19
1485 20
1486 25
1487 22
1488 19
1489 19
1490 22
1491 19
1492 18
1493 23
1494 23
1495 20
1496 19
1497 16
1498 19
1499 21
1500 19
1501 23
1502 24
1503 25
1504 20
1505 23
1506 32
1507 21
1508 13
1509 23
1510 20
1511 17
1512 12
1513 26
1514 18
1515 24
1516 16
1517 17
1518 19
1519 25
1520 23
1521 24
1522 17
1523 26
1524 19
1525 15
1526 19
1527 20
1528 20
1529 17
1530 13
1531 21
1532 18
1533 19
1534 14
1535 13
1536 20
1537 17
1538 18
1539 19
1540 21
1541 21
1542 21
1543 15
1544 17
1545 17
1546 19
1547 16
1548 10
1549 18
1550 24
1551 17
1552 20
1553 23
1554 15
1555 18
1556 20
1557 25
1558 21
1559 17
1560 18
1561 23
1562 20
1563 22
1564 22
1565 19
1566 22
1567 17
1568 16
1569 14
1570 23
1571 18
1572 24
1573 14
1574 22
1575 18
1576 12
1577 17
1578 14
1579 25
1580 19
1581 24
1582 21
1583 19
1584 20
1585 22
1586 20
1587 21
1588 11
1589 19
1590 18
1591 11
1592 21
1593 14
1594 23
1595 17
1596 23
1597 23
1598 17
1599 19
1600 19
1601 16
1602 14
1603 18
1604 16
1605 11
1606 16
1607 22
1608 30
1609 26
1610 26
1611 36
1612 23
1613 18
1614 18
1615 26
1616 33
1617 22
1618 22
1619 16
1620 25
1621 17
1622 26
1623 19
1624 15
1625 18
1626 25
1627 22
1628 12
1629 15
1630 23
1631 31
1632 13
1633 19
1634 13
1635 18
1636 17
1637 13
1638 16
1639 20
1640 19
1641 15
1642 16
1643 19
1644 16
1645 15
1646 16
1647 14
1648 18
1649 12
1650 20
1651 17
1652 24
1653 20
1654 21
1655 13
1656 22
1657 19
1658 23
1659 18
1660 13
1661 20
1662 16
1663 11
1664 12
1665 7
1666 18
1667 13
1668 18
1669 19
1670 9
1671 17
1672 22
1673 17
1674 16
1675 14
1676 19
1677 19
1678 19
1679 14
1680 16
1681 20
1682 21
1683 24
1684 20
1685 17
1686 17
1687 21
1688 19
1689 14
1690 15
1691 17
1692 19
1693 14
1694 17
1695 21
1696 16
1697 25
1698 17
1699 24
1700 16
1701 19
1702 18
1703 15
1704 14
1705 17
1706 15
1707 11
1708 18
1709 15
1710 21
1711 11
1712 18
1713 13
1714 17
1715 15
1716 19
1717 8
1718 15
1719 16
1720 14
1721 20
1722 15
1723 21
1724 16
1725 23
1726 13
1727 15
1728 13
1729 16
1730 17
1731 14
1732 19
1733 13
1734 16
1735 19
1736 19
1737 19
1738 18
1739 10
1740 23
1741 16
1742 8
1743 26
1744 22
1745 19
1746 23
1747 14
1748 18
1749 25
1750 14
1751 13
1752 17
1753 23
1754 15
1755 27
1756 21
1757 11
1758 11
1759 20
1760 23
1761 17
1762 18
1763 14
1764 24
1765 20
1766 14
1767 15
1768 20
1769 18
1770 29
1771 15
1772 14
1773 12
1774 11
1775 23
1776 13
1777 18
1778 13
1779 20
1780 23
1781 18
1782 20
1783 10
1784 17
1785 15
1786 11
1787 23
1788 13
1789 14
1790 13
1791 13
1792 16
1793 14
1794 19
1795 15
1796 17
1797 14
1798 26
1799 22
1800 16
1801 16
1802 14
1803 15
1804 16
1805 17
1806 16
1807 21
1808 16
1809 18
1810 18
1811 17
1812 18
1813 11
1814 16
1815 21
1816 14
1817 8
1818 16
1819 17
1820 15
1821 13
1822 16
1823 20
1824 14
1825 19
1826 18
1827 23
1828 10
1829 15
1830 18
1831 16
1832 13
1833 13
1834 13
1835 19
1836 17
1837 20
1838 13
1839 17
1840 19
1841 17
1842 14
1843 14
1844 20
1845 15
1846 18
1847 19
1848 16
1849 14
1850 23
1851 20
1852 22
1853 15
1854 17
1855 21
1856 15
1857 14
1858 13
1859 13
1860 15
1861 16
1862 21
1863 12
1864 20
1865 18
1866 14
1867 13
1868 13
1869 9
1870 12
1871 18
1872 13
1873 28
1874 21
1875 20
1876 23
1877 16
1878 23
1879 17
1880 9
1881 13
1882 22
1883 22
1884 29
1885 19
1886 24
1887 26
1888 21
1889 16
1890 14
1891 16
1892 18
1893 19
1894 12
1895 21
1896 21
1897 17
1898 15
1899 17
1900 15
1901 15
1902 17
1903 11
1904 16
1905 16
1906 14
1907 18
1908 17
1909 20
1910 14
1911 13
1912 14
1913 18
1914 13
1915 15
1916 21
1917 12
1918 20
1919 25
1920 20
1921 13
1922 24
1923 21
1924 22
1925 24
1926 24
1927 25
1928 42
1929 33
1930 42
1931 43
1932 44
1933 52
1934 45
1935 53
1936 46
1937 54
1938 66
1939 101
1940 113
1941 136
1942 114
1943 100
1944 135
1945 159
1946 132
1947 127
1948 76
1949 56
1950 76
1951 68
1952 99
1953 122
1954 106
1955 148
1956 160
1957 89
1958 53
1959 46
1960 27
1961 27
1962 28
1963 16
1964 16
1965 16
1966 17
1967 21
1968 18
1969 15
1970 16
1971 15
1972 14
1973 21
1974 21
1975 15
1976 14
1977 14
1978 19
1979 15
1980 13
1981 12
1982 21
1983 15
1984 14
1985 13
1986 9
1987 14
1988 13
1989 17
1990 15
1991 18
1992 15
1993 17
1994 22
1995 12
1996 11
1997 16
1998 26
1999 12
2000 13
2001 17
2002 13
2003 16
2004 19
2005 18
2006 20
2007 10
2008 15
2009 10
2010 17
2011 13
2012 13
2013 14
2014 15
2015 13
2016 9
2017 12
2018 14
2019 21
2020 17
2021 17
2022 11
2023 14
2024 13
2025 30
2026 18
2027 11
2028 19
2029 14
2030 16
2031 12
2032 11
2033 16
2034 18
2035 15
2036 18
2037 17
2038 14
2039 13
2040 20
2041 14
2042 14
2043 11
2044 14
2045 12
2046 15
2047 16
2048 9
2049 19
2050 8
2051 18
2052 14
2053 10
2054 14
2055 11
2056 14
2057 20
2058 13
2059 14
2060 16
2061 22
2062 17
2063 10
2064 20
2065 20
2066 23
2067 13
2068 20
2069 19
2070 12
2071 18
2072 19
2073 19
2074 16
2075 13
2076 13
2077 14
2078 9
2079 18
2080 15
2081 11
2082 15
2083 22
2084 13
2085 15
2086 20
2087 15
2088 13
2089 16
2090 18
2091 13
2092 11
2093 18
2094 22
2095 20
2096 19
2097 20
2098 6
2099 11
2100 10
2101 18
2102 15
2103 16
2104 10
2105 10
2106 17
2107 19
2108 16
2109 13
2110 9
2111 13
2112 18
2113 9
2114 12
2115 13
2116 10
2117 21
2118 10
2119 12
2120 23
2121 20
2122 17
2123 17
2124 27
2125 16
2126 18
2127 14
2128 14
2129 15
2130 16
2131 14
2132 15
2133 19
2134 14
2135 12
2136 9
2137 14
2138 16
2139 19
2140 18
2141 12
2142 8
2143 15
2144 14
2145 19
2146 20
2147 12
2148 14
2149 17
2150 17
2151 17
2152 15
2153 12
2154 11
2155 15
2156 14
2157 14
2158 22
2159 16
2160 18
2161 18
2162 22
2163 15
2164 20
2165 13
2166 21
2167 19
2168 17
2169 13
2170 18
2171 10
2172 13
2173 13
2174 12
2175 21
2176 22
2177 19
2178 13
2179 17
2180 19
2181 24
2182 19
2183 23
2184 33
2185 27
2186 36
2187 38
2188 20
2189 20
2190 47
2191 42
2192 62
2193 55
2194 65
2195 72
2196 92
2197 121
2198 133
2199 145
2200 137
2201 160
2202 198
2203 212
2204 269
2205 298
2206 369
2207 371
2208 407
2209 373
2210 423
2211 465
2212 580
2213 589
2214 590
2215 529
2216 355
2217 387
2218 333
2219 253
2220 261
2221 239
2222 221
2223 152
2224 140
2225 83
2226 83
2227 51
2228 62
2229 44
2230 38
2231 36
2232 23
2233 19
2234 26
2235 24
2236 15
2237 18
2238 15
2239 10
2240 15
2241 14
2242 15
2243 19
2244 16
2245 14
2246 17
2247 17
2248 15
2249 16
2250 15
2251 23
2252 13
2253 17
2254 12
2255 17
2256 10
2257 15
2258 15
2259 15
2260 14
2261 16
2262 15
2263 13
2264 14
2265 15
2266 10
2267 9
2268 16
2269 7
2270 19
2271 10
2272 13
2273 12
2274 14
2275 13
2276 14
2277 13
2278 19
2279 15
2280 17
2281 15
2282 19
2283 12
2284 15
2285 14
2286 22
2287 10
2288 11
2289 18
2290 11
2291 11
2292 15
2293 7
2294 14
2295 14
2296 15
2297 15
2298 18
2299 10
2300 18
2301 16
2302 11
2303 13
2304 15
2305 9
2306 17
2307 17
2308 19
2309 17
2310 15
2311 20
2312 17
2313 12
2314 14
2315 19
2316 17
2317 20
2318 10
2319 9
2320 11
2321 7
2322 20
2323 14
2324 11
2325 12
2326 16
2327 14
2328 17
2329 12
2330 14
2331 15
2332 17
2333 14
2334 25
2335 16
2336 16
2337 14
2338 17
2339 14
2340 13
2341 14
2342 10
2343 9
2344 11
2345 15
2346 24
2347 16
2348 13
2349 9
2350 12
2351 27
2352 16
2353 17
2354 15
2355 15
2356 18
2357 17
2358 8
2359 14
2360 15
2361 14
2362 7
2363 10
2364 18
2365 12
2366 22
2367 11
2368 20
2369 11
2370 10
2371 19
2372 16
2373 12
2374 16
2375 15
2376 14
2377 14
2378 14
2379 10
2380 19
2381 16
2382 19
2383 15
2384 18
2385 14
2386 16
2387 13
2388 16
2389 21
2390 20
2391 13
2392 19
2393 13
2394 12
2395 14
2396 18
2397 14
2398 18
2399 19
2400 16
2401 15
2402 21
2403 25
2404 25
2405 31
2406 24
2407 30
2408 40
2409 35
2410 45
2411 53
2412 39
2413 51
2414 45
2415 67
2416 79
2417 101
2418 118
2419 109
2420 109
2421 74
2422 98
2423 65
2424 59
2425 68
2426 101
2427 106
2428 72
2429 44
2430 54
2431 52
2432 50
2433 56
2434 30
2435 38
2436 34
2437 38
2438 36
2439 29
2440 15
2441 18
2442 19
2443 14
2444 17
2445 18
2446 18
2447 12
2448 18
2449 17
2450 13
2451 22
2452 16
2453 9
2454 9
2455 8
2456 8
2457 15
2458 14
2459 9
2460 8
2461 8
2462 10
2463 15
2464 10
2465 10
2466 12
2467 10
2468 8
2469 6
2470 12
2471 18
2472 17
2473 16
2474 15
2475 7
2476 14
2477 18
2478 8
2479 13
2480 12
2481 11
2482 15
2483 7
2484 9
2485 10
2486 11
2487 15
2488 13
2489 11
2490 13
2491 16
2492 15
2493 11
2494 5
2495 15
2496 9
2497 17
2498 10
2499 12
2500 11
2501 8
2502 13
2503 13
2504 10
2505 7
2506 10
2507 18
2508 19
2509 6
2510 14
2511 10
2512 8
2513 10
2514 5
2515 8
2516 13
2517 9
2518 14
2519 10
2520 10
2521 12
2522 6
2523 11
2524 14
2525 7
2526 7
2527 17
2528 10
2529 15
2530 13
2531 9
2532 8
2533 13
2534 11
2535 14
2536 13
2537 9
2538 11
2539 16
2540 17
2541 11
2542 10
2543 9
2544 10
2545 15
2546 9
2547 9
2548 10
2549 10
2550 11
2551 9
2552 13
2553 11
2554 10
2555 13
2556 19
2557 15
2558 12
2559 13
