0 38
1 27
2 23
3 31
4 37
5 43
6 23
7 30
8 26
9 28
10 35
11 39
12 28
13 31
14 33
15 26
16 42
17 27
18 37
19 32
20 32
21 19
22 32
23 38
24 30
25 32
26 32
27 43
28 47
29 30
30 29
31 33
32 29
33 30
34 30
35 33
36 44
37 34
38 34
39 36
40 30
41 36
42 28
43 26
44 25
45 31
46 33
47 34
48 29
49 32
50 42
51 35
52 37
53 30
54 30
55 25
56 27
57 38
58 24
59 38
60 28
61 17
62 17
63 34
64 27
65 34
66 32
67 37
68 33
69 33
70 31
71 35
72 39
73 39
74 47
75 32
76 33
77 26
78 37
79 29
80 32
81 33
82 17
83 27
84 27
85 34
86 27
87 27
88 42
89 24
90 28
91 40
92 36
93 27
94 33
95 27
96 23
97 39
98 45
99 35
100 20
101 32
102 31
103 29
104 27
105 36
106 30
107 39
108 41
109 35
110 38
111 33
112 36
113 29
114 32
115 26
116 44
117 28
118 25
119 38
120 29
121 23
122 32
123 24
124 28
125 38
126 36
127 29
128 35
129 44
130 37
131 29
132 39
133 47
134 34
135 41
136 35
137 28
138 33
139 47
140 35
141 26
142 25
143 37
144 47
145 36
146 29
147 25
148 39
149 33
150 28
151 43
152 35
153 32
154 34
155 45
156 38
157 38
158 32
159 27
160 38
161 38
162 47
163 37
164 30
165 17
166 20
167 29
168 33
169 31
170 34
171 31
172 48
173 28
174 27
175 42
176 38
177 33
178 33
179 38
180 29
181 39
182 35
183 32
184 42
185 39
186 41
187 44
188 30
189 40
190 38
191 37
192 33
193 38
194 26
195 34
196 44
197 31
198 42
199 40
200 32
201 37
202 28
203 28
204 39
205 26
206 35
207 43
208 37
209 26
210 38
211 29
212 38
213 46
214 30
215 28
216 33
217 34
218 37
219 36
220 42
221 27
222 40
223 41
224 38
225 32
226 28
227 35
228 44
229 43
230 39
231 34
232 26
233 33
234 40
235 31
236 27
237 35
238 29
239 39
240 30
241 34
242 29
243 29
244 36
245 39
246 42
247 37
248 39
249 41
250 34
251 38
252 37
253 29
254 44
255 40
256 32
257 39
258 35
259 32
260 36
261 40
262 43
263 41
264 21
265 50
266 44
267 43
268 44
269 42
270 30
271 34
272 38
273 36
274 34
275 45
276 40
277 34
278 39
279 30
280 43
281 44
282 33
283 35
284 45
285 29
286 35
287 44
288 31
289 45
290 33
291 24
292 30
293 35
294 37
295 31
296 34
297 40
298 41
299 28
300 31
301 38
302 36
303 27
304 29
305 40
306 34
307 28
308 28
309 36
310 48
311 39
312 34
313 30
314 36
315 34
316 35
317 40
318 38
319 40
320 40
321 32
322 37
323 38
324 32
325 34
326 28
327 29
328 36
329 38
330 44
331 38
332 38
333 35
334 38
335 35
336 32
337 26
338 37
339 28
340 35
341 34
342 36
343 28
344 44
345 24
346 35
347 34
348 45
349 38
350 42
351 33
352 45
353 47
354 45
355 42
356 42
357 40
358 44
359 45
360 38
361 41
362 29
363 40
364 46
365 36
366 39
367 40
368 51
369 41
370 41
371 32
372 42
373 41
374 44
375 35
376 38
377 31
378 39
379 38
380 36
381 38
382 36
383 43
384 37
385 43
386 35
387 34
388 28
389 51
390 31
391 45
392 29
393 30
394 41
395 44
396 50
397 36
398 51
399 34
400 30
401 41
402 51
403 27
404 44
405 27
406 32
407 39
408 32
409 45
410 42
411 34
412 26
413 55
414 28
415 43
416 30
417 34
418 40
419 40
420 42
421 48
422 44
423 40
424 38
425 41
426 25
427 44
428 41
429 38
430 37
431 33
432 31
433 41
434 27
435 45
436 59
437 40
438 37
439 29
440 42
441 33
442 37
443 40
444 48
445 39
446 48
447 41
448 36
449 44
450 39
451 42
452 43
453 38
454 37
455 34
456 28
457 48
458 42
459 34
460 33
461 36
462 50
463 38
464 28
465 34
466 28
467 32
468 45
469 43
470 35
471 33
472 35
473 41
474 40
475 34
476 36
477 34
478 30
479 52
480 37
481 43
482 46
483 40
484 42
485 33
486 45
487 37
488 30
489 31
490 43
491 48
492 40
493 39
494 37
495 40
496 42
497 38
498 34
499 43
500 40
501 49
502 47
503 33
504 43
505 43
506 46
507 52
508 48
509 50
510 57
511 61
512 74
513 54
514 43
515 57
516 62
517 49
518 59
519 57
520 83
521 89
522 92
523 142
524 154
525 141
526 134
527 115
528 100
529 83
530 81
531 72
532 89
533 70
534 93
535 123
536 124
537 142
538 129
539 131
540 103
541 84
542 86
543 93
544 80
545 82
546 68
547 59
548 47
549 42
550 48
551 27
552 24
553 53
554 40
555 40
556 37
557 47
558 43
559 61
560 40
561 41
562 38
563 25
564 45
565 39
566 39
567 40
568 50
569 37
570 35
571 46
572 39
573 52
574 51
575 33
576 44
577 48
578 46
579 41
580 44
581 50
582 41
583 32
584 43
585 44
586 36
587 51
588 47
589 49
590 46
591 40
592 39
593 36
594 42
595 55
596 41
597 45
598 39
599 42
600 50
601 39
602 32
603 42
604 39
605 41
606 30
607 33
608 47
609 36
610 41
611 39
612 54
613 46
614 45
615 50
616 36
617 40
618 37
619 29
620 43
621 46
622 48
623 43
624 38
625 40
626 40
627 59
628 45
629 41
630 37
631 34
632 39
633 40
634 46
635 39
636 44
637 38
638 35
639 33
640 45
641 53
642 44
643 32
644 43
645 31
646 35
647 50
648 28
649 58
650 36
651 47
652 34
653 43
654 45
655 28
656 42
657 50
658 41
659 39
660 43
661 50
662 34
663 38
664 26
665 34
666 35
667 43
668 55
669 49
670 41
671 36
672 46
673 47
674 41
675 40
676 45
677 39
678 46
679 41
680 36
681 43
682 34
683 33
684 39
685 41
686 38
687 36
688 46
689 41
690 38
691 37
692 42
693 52
694 32
695 42
696 27
697 45
698 41
699 33
700 28
701 41
702 31
703 49
704 44
705 48
706 41
707 38
708 42
709 32
710 42
711 40
712 27
713 40
714 42
715 30
716 38
717 27
718 36
719 38
720 45
721 45
722 46
723 49
724 41
725 29
726 37
727 38
728 33
729 38
730 41
731 46
732 41
733 32
734 42
735 44
736 35
737 28
738 43
739 33
740 33
741 42
742 37
743 45
744 45
745 44
746 44
747 34
748 36
749 43
750 28
751 40
752 35
753 27
754 35
755 36
756 37
757 50
758 39
759 39
760 42
761 43
762 43
763 44
764 35
765 39
766 34
767 28
768 36
769 26
770 43
771 34
772 48
773 46
774 34
775 32
776 36
777 35
778 33
779 36
780 31
781 49
782 38
783 41
784 42
785 27
786 41
787 41
788 39
789 32
790 34
791 30
792 36
793 44
794 29
795 42
796 47
797 45
798 38
799 46
800 28
801 35
802 37
803 35
804 28
805 48
806 44
807 39
808 44
809 25
810 40
811 38
812 36
813 36
814 30
815 39
816 33
817 35
818 38
819 31
820 32
821 35
822 35
823 44
824 35
825 37
826 42
827 50
828 39
829 42
830 39
831 36
832 38
833 39
834 40
835 32
836 39
837 38
838 33
839 42
840 32
841 35
842 41
843 38
844 41
845 34
846 54
847 32
848 40
849 30
850 32
851 34
852 40
853 36
854 44
855 26
856 30
857 36
858 48
859 46
860 33
861 33
862 48
863 37
864 29
865 42
866 46
867 33
868 23
869 38
870 41
871 44
872 34
873 43
874 23
875 39
876 41
877 33
878 50
879 26
880 32
881 39
882 35
883 36
884 30
885 34
886 45
887 31
888 30
889 38
890 31
891 20
892 27
893 43
894 34
895 36
896 51
897 37
898 35
899 43
900 31
901 40
902 35
903 38
904 35
905 27
906 37
907 30
908 29
909 32
910 35
911 38
912 32
913 20
914 29
915 39
916 42
917 31
918 24
919 31
920 37
921 35
922 35
923 53
924 28
925 47
926 31
927 47
928 30
929 41
930 31
931 32
932 30
933 48
934 42
935 30
936 30
937 38
938 33
939 31
940 39
941 43
942 31
943 34
944 32
945 49
946 44
947 36
948 43
949 36
950 47
951 35
952 46
953 45
954 36
955 36
956 27
957 39
958 35
959 41
960 39
961 32
962 35
963 33
964 31
965 30
966 15
967 35
968 46
969 36
970 34
971 36
972 30
973 33
974 49
975 28
976 24
977 42
978 32
979 31
980 36
981 38
982 31
983 29
984 36
985 30
986 30
987 37
988 25
989 37
990 42
991 40
992 49
993 38
994 29
995 25
996 39
997 34
998 32
999 28
1000 37
1001 30
1002 46
1003 31
1004 31
1005 35
1006 39
1007 33
1008 46
1009 38
1010 40
1011 41
1012 51
1013 30
1014 30
1015 28
1016 39
1017 28
1018 51
1019 31
1020 32
1021 32
1022 31
1023 43
1024 37
1025 48
1026 48
1027 55
1028 62
1029 58
1030 47
1031 48
1032 56
1033 81
1034 89
1035 89
1036 92
1037 97
1038 132
1039 166
1040 185
1041 216
1042 199
1043 277
1044 276
1045 356
1046 351
1047 305
1048 407
1049 429
1050 453
1051 450
1052 469
1053 506
1054 471
1055 454
1056 526
1057 493
1058 397
1059 301
1060 203
1061 207
1062 134
1063 84
1064 67
1065 41
1066 47
1067 44
1068 34
1069 38
1070 34
1071 37
1072 29
1073 27
1074 38
1075 41
1076 23
1077 42
1078 39
1079 40
1080 44
1081 41
1082 38
1083 27
1084 36
1085 45
1086 43
1087 38
1088 38
1089 28
1090 31
1091 25
1092 40
1093 25
1094 37
1095 32
1096 29
1097 28
1098 32
1099 38
1100 33
1101 28
1102 34
1103 42
1104 39
1105 35
1106 37
1107 31
1108 29
1109 37
1110 33
1111 32
1112 30
1113 25
1114 24
1115 29
1116 33
1117 41
1118 34
1119 31
1120 37
1121 21
1122 34
1123 19
1124 36
1125 41
1126 37
1127 31
1128 43
1129 35
1130 22
1131 35
1132 34
1133 33
1134 40
1135 38
1136 31
1137 36
1138 37
1139 36
1140 34
1141 36
1142 36
1143 27
1144 34
1145 43
1146 37
1147 33
1148 40
1149 41
1150 32
1151 33
1152 48
1153 50
1154 35
1155 32
1156 38
1157 33
1158 26
1159 34
1160 28
1161 34
1162 50
1163 27
1164 34
1165 39
1166 40
1167 34
1168 48
1169 42
1170 47
1171 44
1172 50
1173 61
1174 54
1175 61
1176 60
1177 52
1178 58
1179 60
1180 55
1181 73
1182 59
1183 66
1184 53
1185 56
1186 47
1187 51
1188 66
1189 59
1190 66
1191 65
1192 50
1193 53
1194 40
1195 44
1196 40
1197 36
1198 28
1199 29
1200 35
1201 32
1202 27
1203 26
1204 25
1205 33
1206 23
1207 33
1208 31
1209 26
1210 38
1211 34
1212 21
1213 27
1214 35
1215 33
1216 37
1217 26
1218 34
1219 39
1220 39
1221 30
1222 35
1223 40
1224 39
1225 35
1226 28
1227 34
1228 32
1229 34
1230 22
1231 33
1232 32
1233 28
1234 30
1235 29
1236 32
1237 31
1238 33
1239 27
1240 30
1241 32
1242 34
1243 39
1244 25
1245 35
1246 23
1247 20
1248 34
1249 35
1250 37
1251 27
1252 26
1253 34
1254 38
1255 34
1256 31
1257 37
1258 28
1259 27
1260 39
1261 33
1262 32
1263 45
1264 24
1265 43
1266 30
1267 31
1268 23
1269 30
1270 23
1271 18
1272 19
1273 24
1274 16
1275 22
1276 20
1277 8
1278 18
1279 23
1280 29
1281 27
1282 24
1283 25
1284 27
1285 32
1286 25
1287 31
1288 32
1289 22
1290 27
1291 17
1292 21
1293 30
1294 35
1295 31
1296 24
1297 27
1298 19
1299 19
1300 32
1301 19
1302 15
1303 28
1304 36
1305 20
1306 21
1307 22
1308 29
1309 31
1310 25
1311 20
1312 27
1313 29
1314 32
1315 31
1316 27
1317 37
1318 46
1319 39
1320 41
1321 51
1322 51
1323 46
1324 54
1325 67
1326 88
1327 98
1328 92
1329 122
1330 132
1331 153
1332 176
1333 181
1334 234
1335 233
1336 298
1337 247
1338 218
1339 199
1340 238
1341 266
1342 262
1343 203
1344 131
1345 108
1346 108
1347 111
1348 112
1349 88
1350 60
1351 44
1352 41
1353 23
1354 29
1355 20
1356 21
1357 20
1358 34
1359 27
1360 23
1361 29
1362 26
1363 26
1364 34
1365 18
1366 27
1367 27
1368 26
1369 17
1370 14
1371 26
1372 25
1373 34
1374 25
1375 19
1376 23
1377 14
1378 28
1379 26
1380 18
1381 15
1382 19
1383 18
1384 30
1385 22
1386 19
1387 16
1388 31
1389 20
1390 20
1391 30
1392 17
1393 24
1394 22
1395 14
1396 18
1397 18
1398 34
1399 16
1400 25
1401 22
1402 29
1403 25
1404 19
1405 20
1406 20
1407 20
1408 21
1409 22
1410 24
1411 26
1412 27
1413 19
1414 23
1415 20
1416 22
1417 27
1418 22
1419 25
1420 27
1421 21
1422 20
1423 30
1424 22
1425 26
1426 22
1427 23
1428 25
1429 32
1430 26
1431 28
1432 26
1433 23
1434 19
1435 22
1436 21
1437 26
1438 12
1439 19
1440 25
1441 18
1442 16
1443 24
1444 27
1445 19
1446 22
1447 11
1448 22
1449 17
1450 26
1451 23
1452 28
1453 31
1454 25
1455 27
1456 22
1457 24
1458 19
1459 27
1460 30
1461 22
1462 28
1463 19
1464 31
1465 25
1466 24
1467 22
1468 24
1469 24
1470 22
1471 25
1472 26
1473 21
1474 21
1475 38
1476 20
1477 23
1478 18
1479 27
1480 22
1481 21
1482 24
1483 29
1484 27
1485 15
1486 28
1487 14
1488 19
1489 27
1490 19
1491 27
1492 26
1493 15
1494 19
1495 19
1496 26
1497 17
1498 21
1499 16
1500 12
1501 16
1502 21
1503 20
1504 16
1505 20
1506 26
1507 20
1508 28
1509 30
1510 21
1511 19
1512 22
1513 21
1514 28
1515 27
1516 23
1517 20
1518 24
1519 25
1520 22
1521 23
1522 17
1523 25
1524 26
1525 13
1526 16
1527 13
1528 18
1529 18
1530 20
1531 23
1532 15
1533 19
1534 18
1535 11
1536 34
1537 19
1538 16
1539 25
1540 19
1541 24
1542 22
1543 23
1544 25
1545 21
1546 19
1547 18
1548 29
1549 19
1550 17
1551 21
1552 23
1553 23
1554 27
1555 16
1556 20
1557 17
1558 22
1559 19
1560 19
1561 24
1562 24
1563 22
1564 23
1565 17
1566 23
1567 27
1568 21
1569 18
1570 31
1571 25
1572 14
1573 17
1574 17
1575 24
1576 16
1577 18
1578 23
1579 19
1580 24
1581 26
1582 22
1583 20
1584 20
1585 18
1586 14
1587 21
1588 17
1589 20
1590 28
1591 23
1592 20
1593 26
1594 26
1595 17
1596 29
1597 25
1598 22
1599 24
1600 16
1601 15
1602 17
1603 24
1604 21
1605 20
1606 16
1607 24
1608 38
1609 14
1610 19
1611 19
1612 18
1613 11
1614 16
1615 18
1616 13
1617 17
1618 20
1619 15
1620 15
1621 23
1622 27
1623 19
1624 27
1625 20
1626 11
1627 14
1628 21
1629 17
1630 24
1631 24
1632 30
1633 18
1634 30
1635 23
1636 18
1637 19
1638 21
1639 21
1640 17
1641 14
1642 18
1643 20
1644 12
1645 21
1646 15
1647 15
1648 14
1649 23
1650 15
1651 22
1652 25
1653 24
1654 20
1655 21
1656 20
1657 15
1658 13
1659 18
1660 17
1661 17
1662 15
1663 19
1664 23
1665 14
1666 18
1667 22
1668 33
1669 22
1670 26
1671 16
1672 15
1673 17
1674 17
1675 20
1676 18
1677 23
1678 18
1679 17
1680 14
1681 17
1682 19
1683 17
1684 19
1685 17
1686 17
1687 22
1688 27
1689 19
1690 7
1691 19
1692 20
1693 17
1694 15
1695 18
1696 14
1697 13
1698 15
1699 21
1700 29
1701 14
1702 30
1703 24
1704 24
1705 20
1706 21
1707 15
1708 21
1709 17
1710 20
1711 22
1712 23
1713 26
1714 19
1715 19
1716 15
1717 11
1718 20
1719 25
1720 26
1721 17
1722 19
1723 14
1724 15
1725 20
1726 23
1727 19
1728 18
1729 19
1730 26
1731 19
1732 20
1733 21
1734 21
1735 12
1736 24
1737 23
1738 32
1739 19
1740 20
1741 22
1742 19
1743 31
1744 20
1745 20
1746 25
1747 22
1748 23
1749 24
1750 24
1751 23
1752 22
1753 19
1754 23
1755 16
1756 22
1757 13
1758 20
1759 23
1760 20
1761 22
1762 30
1763 19
1764 15
1765 14
1766 19
1767 25
1768 14
1769 21
1770 21
1771 15
1772 23
1773 24
1774 19
1775 13
1776 25
1777 25
1778 32
1779 34
1780 30
1781 53
1782 60
1783 64
1784 49
1785 51
1786 60
1787 115
1788 95
1789 84
1790 74
1791 77
1792 87
1793 90
1794 78
1795 67
1796 80
1797 130
1798 151
1799 138
1800 135
1801 126
1802 71
1803 113
1804 123
1805 106
1806 105
1807 89
1808 71
1809 69
1810 53
1811 63
1812 45
1813 30
1814 24
1815 24
1816 26
1817 22
1818 25
1819 28
1820 26
1821 20
1822 18
1823 22
1824 17
1825 19
1826 22
1827 16
1828 14
1829 14
1830 19
1831 17
1832 19
1833 13
1834 11
1835 22
1836 15
1837 14
1838 23
1839 15
1840 22
1841 20
1842 19
1843 17
1844 17
1845 18
1846 18
1847 22
1848 17
1849 12
1850 18
1851 17
1852 8
1853 15
1854 17
1855 23
1856 19
1857 24
1858 17
1859 13
1860 18
1861 19
1862 14
1863 22
1864 8
1865 23
1866 20
1867 21
1868 25
1869 18
1870 21
1871 11
1872 17
1873 22
1874 19
1875 15
1876 20
1877 14
1878 19
1879 23
1880 16
1881 21
1882 16
1883 25
1884 21
1885 19
1886 14
1887 19
1888 15
1889 21
1890 23
1891 21
1892 19
1893 21
1894 15
1895 19
1896 17
1897 18
1898 19
1899 13
1900 17
1901 16
1902 25
1903 29
1904 17
1905 21
1906 22
1907 18
1908 15
1909 11
1910 17
1911 17
1912 18
1913 17
1914 25
1915 31
1916 24
1917 24
1918 18
1919 18
1920 15
1921 20
1922 24
1923 13
1924 14
1925 18
1926 27
1927 16
1928 20
1929 9
1930 21
1931 13
1932 11
1933 17
1934 21
1935 20
1936 12
1937 15
1938 23
1939 21
1940 17
1941 22
1942 13
1943 12
1944 27
1945 17
1946 18
1947 16
1948 16
1949 23
1950 18
1951 18
1952 15
1953 17
1954 10
1955 19
1956 14
1957 9
1958 21
1959 20
1960 24
1961 21
1962 22
1963 13
1964 14
1965 13
1966 18
1967 19
1968 25
1969 15
1970 16
1971 19
1972 27
1973 14
1974 12
1975 19
1976 14
1977 15
1978 19
1979 24
1980 13
1981 8
1982 21
1983 13
1984 18
1985 17
1986 15
1987 12
1988 20
1989 14
1990 15
1991 22
1992 15
1993 15
1994 13
1995 14
1996 13
1997 7
1998 21
1999 16
2000 19
2001 13
2002 18
2003 19
2004 18
2005 24
2006 16
2007 14
2008 19
2009 18
2010 20
2011 17
2012 17
2013 24
2014 20
2015 27
2016 22
2017 23
2018 15
2019 18
2020 18
2021 35
2022 23
2023 26
2024 24
2025 35
2026 37
2027 32
2028 34
2029 30
2030 40
2031 58
2032 44
2033 58
2034 54
2035 98
2036 78
2037 126
2038 185
2039 161
2040 153
2041 160
2042 168
2043 186
2044 243
2045 239
2046 240
2047 299
2048 275
2049 273
2050 286
2051 354
2052 390
2053 392
2054 467
2055 459
2056 400
2057 356
2058 346
2059 333
2060 288
2061 271
2062 231
2063 197
2064 216
2065 213
2066 151
2067 96
2068 125
2069 64
2070 74
2071 64
2072 62
2073 53
2074 39
2075 33
2076 35
2077 27
2078 22
2079 20
2080 21
2081 13
2082 15
2083 23
2084 18
2085 22
2086 15
2087 13
2088 18
2089 18
2090 18
2091 11
2092 17
2093 21
2094 17
2095 18
2096 19
2097 16
2098 13
2099 17
2100 25
2101 15
2102 13
2103 15
2104 18
2105 12
2106 16
2107 13
2108 20
2109 21
2110 18
2111 17
2112 14
2113 15
2114 14
2115 19
2116 15
2117 17
2118 22
2119 15
2120 15
2121 18
2122 12
2123 18
2124 11
2125 25
2126 18
2127 20
2128 13
2129 20
2130 13
2131 18
2132 11
2133 20
2134 12
2135 25
2136 19
2137 10
2138 15
2139 11
2140 10
2141 13
2142 20
2143 22
2144 16
2145 8
2146 17
2147 13
2148 16
2149 13
2150 14
2151 22
2152 17
2153 21
2154 9
2155 15
2156 21
2157 14
2158 16
2159 21
2160 9
2161 12
2162 13
2163 11
2164 16
2165 20
2166 23
2167 23
2168 19
2169 17
2170 7
2171 15
2172 19
2173 16
2174 14
2175 23
2176 16
2177 20
2178 14
2179 19
2180 10
2181 18
2182 18
2183 10
2184 14
2185 18
2186 19
2187 16
2188 17
2189 16
2190 18
2191 19
2192 13
2193 14
2194 12
2195 14
2196 13
2197 16
2198 10
2199 19
2200 17
2201 21
2202 18
2203 10
2204 17
2205 16
2206 10
2207 17
2208 16
2209 9
2210 13
2211 18
2212 11
2213 18
2214 17
2215 13
2216 11
2217 14
2218 15
2219 15
2220 18
2221 16
2222 20
2223 19
2224 19
2225 33
2226 14
2227 25
2228 24
2229 25
2230 17
2231 34
2232 16
2233 20
2234 16
2235 10
2236 31
2237 26
2238 30
2239 41
2240 48
2241 43
2242 52
2243 48
2244 46
2245 54
2246 46
2247 55
2248 63
2249 65
2250 48
2251 63
2252 87
2253 91
2254 93
2255 100
2256 103
2257 95
2258 67
2259 75
2260 70
2261 44
2262 67
2263 46
2264 55
2265 51
2266 68
2267 42
2268 46
2269 35
2270 39
2271 29
2272 28
2273 25
2274 37
2275 26
2276 21
2277 18
2278 19
2279 14
2280 19
2281 18
2282 18
2283 19
2284 15
2285 12
2286 11
2287 6
2288 14
2289 19
2290 21
2291 19
2292 15
2293 18
2294 21
2295 21
2296 19
2297 23
2298 15
2299 15
2300 7
2301 10
2302 14
2303 9
2304 17
2305 16
2306 14
2307 18
2308 14
2309 12
2310 19
2311 7
2312 15
2313 14
2314 20
2315 17
2316 11
2317 15
2318 18
2319 13
2320 15
2321 17
2322 14
2323 10
2324 14
2325 13
2326 11
2327 11
2328 22
2329 16
2330 9
2331 7
2332 15
2333 18
2334 12
2335 17
2336 12
2337 14
2338 14
2339 14
2340 7
2341 14
2342 15
2343 13
2344 13
2345 23
2346 11
2347 9
2348 15
2349 8
2350 11
2351 21
2352 19
2353 19
2354 12
2355 18
2356 11
2357 19
2358 19
2359 5
2360 9
2361 17
2362 7
2363 10
2364 10
2365 15
2366 14
2367 20
2368 17
2369 10
2370 12
2371 10
2372 9
2373 15
2374 13
2375 9
2376 7
2377 16
2378 17
2379 14
2380 15
2381 13
2382 16
2383 18
2384 13
2385 12
2386 23
2387 11
2388 10
2389 16
2390 20
2391 13
2392 7
2393 8
2394 9
2395 11
2396 14
2397 14
2398 12
2399 17
2400 12
2401 12
2402 15
2403 16
2404 12
2405 5
2406 14
2407 14
2408 7
2409 16
2410 7
2411 9
2412 8
2413 16
2414 10
2415 11
2416 9
2417 3
2418 14
2419 9
2420 19
2421 17
2422 15
2423 11
2424 15
2425 18
2426 18
2427 19
2428 18
2429 17
2430 7
2431 12
2432 11
2433 17
2434 14
2435 8
2436 14
2437 8
2438 20
2439 7
2440 14
2441 12
2442 8
2443 13
2444 16
2445 15
2446 14
2447 10
2448 16
2449 14
2450 13
2451 17
2452 12
2453 12
2454 16
2455 14
2456 8
2457 9
2458 13
2459 17
2460 13
2461 11
2462 13
2463 11
2464 16
2465 17
2466 13
2467 10
2468 13
2469 17
2470 13
2471 13
2472 11
2473 6
2474 16
2475 12
2476 15
2477 17
2478 10
2479 5
2480 11
2481 20
2482 17
2483 12
2484 12
2485 12
2486 13
2487 11
2488 13
2489 8
2490 11
2491 7
2492 14
2493 7
2494 11
2495 13
2496 11
2497 9
2498 12
2499 19
2500 10
2501 7
2502 14
2503 14
2504 15
2505 15
2506 8
2507 20
2508 22
2509 13
2510 16
2511 14
2512 17
2513 19
2514 17
2515 17
2516 15
2517 23
2518 16
2519 18
2520 13
2521 10
2522 22
2523 13
2524 15
2525 19
2526 20
2527 15
2528 26
2529 29
2530 28
2531 22
2532 36
2533 35
2534 23
2535 33
2536 30
2537 32
2538 38
2539 45
2540 29
2541 42
2542 27
2543 53
2544 63
2545 60
2546 70
2547 73
2548 86
2549 90
2550 100
2551 82
2552 58
2553 57
2554 64
2555 61
2556 46
2557 57
2558 53
2559 52
