0 42
1 19
2 23
3 20
4 28
5 19
6 27
7 25
8 31
9 31
10 26
11 16
12 20
13 23
14 21
15 35
16 33
17 36
18 29
19 28
20 28
21 29
22 29
23 22
24 25
25 24
26 24
27 22
28 25
29 25
30 27
31 27
32 30
33 29
34 20
35 27
36 24
37 27
38 29
39 25
40 16
41 26
42 17
43 36
44 22
45 30
46 27
47 32
48 27
49 29
50 20
51 38
52 28
53 20
54 35
55 25
56 21
57 21
58 25
59 33
60 27
61 33
62 33
63 30
64 19
65 25
66 29
67 28
68 41
69 33
70 17
71 21
72 26
73 24
74 21
75 29
76 27
77 26
78 37
79 28
80 22
81 26
82 36
83 29
84 27
85 35
86 27
87 26
88 25
89 24
90 29
91 31
92 31
93 32
94 19
95 23
96 24
97 29
98 30
99 20
100 21
101 25
102 25
103 24
104 27
105 29
106 25
107 29
108 34
109 24
110 24
111 19
112 27
113 26
114 24
115 26
116 25
117 30
118 22
119 17
120 25
121 27
122 37
123 23
124 24
125 32
126 25
127 39
128 21
129 28
130 33
131 32
132 35
133 25
134 25
135 36
136 28
137 30
138 30
139 27
140 29
141 27
142 31
143 23
144 24
145 36
146 35
147 28
148 28
149 30
150 30
151 37
152 25
153 30
154 30
155 22
156 32
157 23
158 26
159 39
160 28
161 24
162 27
163 20
164 31
165 23
166 23
167 41
168 28
169 25
170 26
171 43
172 21
173 25
174 33
175 30
176 43
177 33
178 23
179 32
180 22
181 29
182 18
183 27
184 37
185 30
186 29
187 35
188 31
189 34
190 22
191 32
192 36
193 29
194 26
195 31
196 32
197 20
198 38
199 35
200 25
201 32
202 39
203 32
204 39
205 24
206 41
207 33
208 27
209 29
210 29
211 28
212 24
213 28
214 34
215 28
216 30
217 31
218 29
219 43
220 37
221 27
222 26
223 13
224 27
225 26
226 34
227 26
228 35
229 17
230 26
231 31
232 21
233 39
234 24
235 23
236 30
237 18
238 33
239 31
240 29
241 38
242 45
243 31
244 23
245 31
246 36
247 27
248 25
249 20
250 33
251 28
252 27
253 37
254 26
255 20
256 30
257 45
258 30
259 37
260 32
261 38
262 32
263 29
264 22
265 32
266 28
267 36
268 34
269 31
270 27
271 26
272 46
273 37
274 32
275 35
276 26
277 35
278 29
279 26
280 29
281 32
282 29
283 22
284 28
285 35
286 29
287 41
288 20
289 35
290 34
291 33
292 30
293 37
294 19
295 30
296 32
297 31
298 24
299 28
300 35
301 28
302 35
303 34
304 30
305 20
306 34
307 35
308 17
309 30
310 28
311 39
312 30
313 24
314 35
315 29
316 27
317 37
318 38
319 26
320 24
321 27
322 39
323 25
324 27
325 32
326 22
327 36
328 22
329 33
330 37
331 28
332 29
333 31
334 39
335 26
336 41
337 32
338 27
339 35
340 31
341 29
342 26
343 26
344 25
345 35
346 32
347 31
348 39
349 29
350 31
351 26
352 38
353 26
354 33
355 38
356 28
357 20
358 31
359 36
360 20
361 25
362 41
363 33
364 35
365 22
366 41
367 33
368 32
369 24
370 28
371 22
372 35
373 32
374 36
375 40
376 43
377 27
378 26
379 30
380 33
381 33
382 31
383 30
384 30
385 29
386 22
387 30
388 19
389 34
390 42
391 39
392 34
393 39
394 42
395 29
396 18
397 30
398 25
399 31
400 41
401 33
402 27
403 26
404 38
405 40
406 23
407 26
408 39
409 31
410 34
411 38
412 20
413 26
414 26
415 27
416 41
417 30
418 39
419 24
420 24
421 31
422 37
423 33
424 33
425 31
426 31
427 33
428 29
429 22
430 36
431 28
432 29
433 37
434 27
435 32
436 33
437 29
438 25
439 38
440 37
441 32
442 26
443 35
444 32
445 41
446 37
447 35
448 39
449 34
450 35
451 32
452 42
453 30
454 42
455 38
456 26
457 34
458 33
459 32
460 34
461 28
462 35
463 33
464 26
465 34
466 36
467 35
468 24
469 38
470 37
471 22
472 26
473 26
474 42
475 39
476 40
477 36
478 40
479 35
480 31
481 37
482 36
483 34
484 41
485 41
486 31
487 37
488 40
489 36
490 33
491 33
492 26
493 21
494 51
495 32
496 16
497 40
498 33
499 32
500 23
501 40
502 38
503 38
504 40
505 35
506 38
507 30
508 32
509 32
510 36
511 40
512 31
513 29
514 26
515 24
516 28
517 45
518 43
519 25
520 44
521 38
522 42
523 43
524 36
525 35
526 33
527 36
528 33
529 32
530 41
531 33
532 43
533 37
534 36
535 38
536 37
537 40
538 31
539 32
540 38
541 42
542 43
543 26
544 33
545 33
546 30
547 40
548 37
549 32
550 39
551 29
552 38
553 30
554 35
555 30
556 47
557 34
558 33
559 32
560 39
561 34
562 34
563 36
564 44
565 28
566 32
567 34
568 39
569 31
570 28
571 29
572 39
573 33
574 40
575 37
576 39
577 41
578 48
579 43
580 36
581 47
582 39
583 37
584 40
585 39
586 39
587 44
588 27
589 29
590 35
591 49
592 38
593 37
594 27
595 39
596 24
597 38
598 32
599 29
600 36
601 43
602 23
603 28
604 43
605 43
606 35
607 32
608 42
609 41
610 67
611 38
612 48
613 54
614 45
615 37
616 37
617 49
618 50
619 49
620 42
621 65
622 80
623 88
624 87
625 77
626 90
627 72
628 80
629 86
630 89
631 82
632 72
633 83
634 89
635 79
636 120
637 139
638 117
639 80
640 66
641 52
642 47
643 43
644 33
645 44
646 35
647 40
648 31
649 58
650 22
651 35
652 27
653 46
654 37
655 40
656 31
657 41
658 48
659 28
660 39
661 37
662 42
663 33
664 43
665 38
666 37
667 42
668 43
669 36
670 42
671 50
672 33
673 39
674 32
675 39
676 34
677 41
678 35
679 38
680 31
681 32
682 37
683 30
684 24
685 38
686 41
687 44
688 48
689 41
690 37
691 38
692 30
693 37
694 37
695 35
696 44
697 36
698 36
699 30
700 43
701 34
702 23
703 28
704 41
705 36
706 28
707 43
708 34
709 34
710 30
711 36
712 43
713 32
714 39
715 36
716 30
717 24
718 26
719 30
720 46
721 40
722 35
723 36
724 25
725 42
726 29
727 38
728 36
729 31
730 33
731 45
732 40
733 36
734 49
735 31
736 27
737 29
738 41
739 34
740 40
741 43
742 30
743 46
744 42
745 29
746 30
747 27
748 33
749 30
750 37
751 33
752 38
753 28
754 32
755 27
756 24
757 32
758 42
759 34
760 30
761 26
762 25
763 28
764 33
765 30
766 32
767 33
768 38
769 22
770 28
771 33
772 37
773 34
774 39
775 39
776 26
777 26
778 33
779 52
780 23
781 32
782 26
783 39
784 48
785 40
786 38
787 29
788 34
789 31
790 34
791 33
792 30
793 31
794 27
795 28
796 32
797 36
798 31
799 30
800 41
801 25
802 36
803 27
804 32
805 32
806 30
807 40
808 36
809 32
810 37
811 36
812 37
813 46
814 31
815 29
816 24
817 31
818 29
819 23
820 30
821 24
822 36
823 30
824 39
825 32
826 35
827 31
828 33
829 48
830 36
831 38
832 25
833 42
834 42
835 35
836 21
837 33
838 42
839 36
840 25
841 41
842 34
843 32
844 21
845 41
846 33
847 35
848 43
849 37
850 31
851 31
852 34
853 35
854 35
855 31
856 30
857 32
858 27
859 39
860 38
861 26
862 25
863 32
864 29
865 27
866 34
867 39
868 31
869 25
870 23
871 38
872 32
873 35
874 27
875 34
876 28
877 24
878 30
879 22
880 20
881 41
882 25
883 37
884 34
885 34
886 27
887 29
888 28
889 30
890 33
891 32
892 34
893 26
894 30
895 36
896 30
897 29
898 42
899 29
900 31
901 29
902 26
903 33
904 29
905 36
906 31
907 23
908 23
909 33
910 45
911 34
912 33
913 34
914 38
915 34
916 33
917 31
918 20
919 28
920 41
921 33
922 29
923 33
924 34
925 25
926 35
927 31
928 29
929 31
930 29
931 26
932 35
933 28
934 26
935 40
936 33
937 30
938 38
939 31
940 41
941 31
942 41
943 27
944 38
945 40
946 41
947 38
948 26
949 31
950 32
951 27
952 26
953 33
954 32
955 33
956 34
957 31
958 35
959 40
960 39
961 33
962 27
963 33
964 34
965 29
966 27
967 30
968 26
969 28
970 33
971 31
972 27
973 41
974 25
975 40
976 27
977 25
978 28
979 26
980 31
981 37
982 41
983 31
984 45
985 31
986 32
987 42
988 24
989 39
990 38
991 30
992 34
993 26
994 38
995 30
996 30
997 28
998 25
999 35
1000 37
1001 30
1002 27
1003 32
1004 43
1005 35
1006 24
1007 33
1008 20
1009 23
1010 26
1011 36
1012 27
1013 33
1014 32
1015 22
1016 30
1017 29
1018 33
1019 38
1020 42
1021 28
1022 35
1023 34
1024 38
1025 46
1026 39
1027 37
1028 33
1029 41
1030 23
1031 28
1032 29
1033 37
1034 30
1035 30
1036 28
1037 30
1038 30
1039 33
1040 40
1041 37
1042 27
1043 30
1044 28
1045 36
1046 23
1047 40
1048 27
1049 27
1050 24
1051 31
1052 34
1053 25
1054 34
1055 19
1056 32
1057 32
1058 28
1059 28
1060 23
1061 28
1062 31
1063 32
1064 36
1065 35
1066 30
1067 36
1068 32
1069 17
1070 34
1071 25
1072 21
1073 30
1074 38
1075 35
1076 32
1077 32
1078 31
1079 32
1080 35
1081 38
1082 27
1083 31
1084 24
1085 30
1086 53
1087 31
1088 28
1089 35
1090 28
1091 36
1092 44
1093 27
1094 24
1095 37
1096 24
1097 27
1098 31
1099 33
1100 28
1101 33
1102 26
1103 44
1104 22
1105 31
1106 41
1107 27
1108 35
1109 46
1110 38
1111 34
1112 29
1113 31
1114 39
1115 25
1116 21
1117 28
1118 38
1119 29
1120 38
1121 34
1122 30
1123 32
1124 40
1125 32
1126 39
1127 33
1128 31
1129 23
1130 33
1131 29
1132 24
1133 31
1134 26
1135 22
1136 24
1137 25
1138 31
1139 26
1140 30
1141 33
1142 34
1143 31
1144 24
1145 33
1146 33
1147 36
1148 30
1149 25
1150 31
1151 48
1152 53
1153 49
1154 49
1155 56
1156 64
1157 79
1158 130
1159 125
1160 127
1161 142
1162 147
1163 168
1164 192
1165 246
1166 300
1167 294
1168 390
1169 460
1170 412
1171 524
1172 526
1173 644
1174 533
1175 439
1176 435
1177 444
1178 447
1179 397
1180 304
1181 301
1182 245
1183 153
1184 110
1185 87
1186 76
1187 49
1188 41
1189 44
1190 44
1191 29
1192 42
1193 39
1194 20
1195 26
1196 24
1197 35
1198 38
1199 34
1200 33
1201 42
1202 30
1203 29
1204 25
1205 35
1206 31
1207 45
1208 46
1209 25
1210 35
1211 21
1212 26
1213 33
1214 24
1215 32
1216 23
1217 33
1218 22
1219 25
1220 24
1221 29
1222 39
1223 32
1224 30
1225 36
1226 38
1227 32
1228 26
1229 40
1230 18
1231 32
1232 25
1233 23
1234 33
1235 26
1236 21
1237 39
1238 32
1239 24
1240 21
1241 21
1242 23
1243 23
1244 28
1245 28
1246 23
1247 26
1248 23
1249 26
1250 38
1251 33
1252 31
1253 23
1254 29
1255 24
1256 27
1257 30
1258 26
1259 25
1260 34
1261 25
1262 32
1263 24
1264 32
1265 28
1266 23
1267 30
1268 20
1269 24
1270 23
1271 21
1272 18
1273 25
1274 18
1275 19
1276 15
1277 21
1278 10
1279 3
1280 23
1281 19
1282 22
1283 26
1284 31
1285 28
1286 22
1287 25
1288 19
1289 15
1290 11
1291 30
1292 27
1293 25
1294 23
1295 23
1296 19
1297 26
1298 22
1299 15
1300 15
1301 25
1302 21
1303 21
1304 29
1305 36
1306 22
1307 28
1308 25
1309 26
1310 20
1311 24
1312 22
1313 20
1314 28
1315 19
1316 28
1317 22
1318 25
1319 20
1320 26
1321 22
1322 21
1323 24
1324 21
1325 22
1326 24
1327 23
1328 20
1329 26
1330 22
1331 27
1332 33
1333 22
1334 14
1335 20
1336 27
1337 24
1338 25
1339 27
1340 24
1341 22
1342 23
1343 18
1344 18
1345 17
1346 17
1347 16
1348 21
1349 16
1350 23
1351 31
1352 23
1353 24
1354 17
1355 26
1356 27
1357 29
1358 18
1359 20
1360 28
1361 15
1362 28
1363 27
1364 27
1365 13
1366 21
1367 18
1368 18
1369 16
1370 23
1371 23
1372 23
1373 17
1374 22
1375 18
1376 22
1377 22
1378 20
1379 28
1380 27
1381 26
1382 28
1383 27
1384 22
1385 25
1386 27
1387 33
1388 41
1389 46
1390 56
1391 55
1392 41
1393 42
1394 47
1395 48
1396 53
1397 40
1398 48
1399 37
1400 37
1401 26
1402 24
1403 28
1404 22
1405 24
1406 20
1407 16
1408 11
1409 18
1410 16
1411 23
1412 22
1413 31
1414 26
1415 24
1416 23
1417 22
1418 19
1419 20
1420 13
1421 22
1422 23
1423 21
1424 17
1425 17
1426 26
1427 22
1428 23
1429 23
1430 23
1431 24
1432 21
1433 20
1434 22
1435 24
1436 33
1437 15
1438 17
1439 28
1440 25
1441 29
1442 21
1443 19
1444 34
1445 20
1446 17
1447 19
1448 20
1449 19
1450 22
1451 23
1452 20
1453 21
1454 27
1455 23
1456 20
1457 20
1458 21
1459 19
1460 25
1461 19
1462 26
1463 22
1464 33
1465 32
1466 33
1467 34
1468 52
1469 57
1470 63
1471 78
1472 104
1473 97
1474 96
1475 112
1476 139
1477 168
1478 188
1479 194
1480 230
1481 234
1482 296
1483 317
1484 286
1485 318
1486 303
1487 244
1488 186
1489 131
1490 76
1491 70
1492 56
1493 56
1494 43
1495 43
1496 38
1497 33
1498 25
1499 25
1500 25
1501 23
1502 18
1503 28
1504 22
1505 19
1506 26
1507 27
1508 17
1509 22
1510 24
1511 17
1512 19
1513 20
1514 21
1515 19
1516 18
1517 15
1518 16
1519 21
1520 17
1521 15
1522 16
1523 17
1524 15
1525 25
1526 19
1527 19
1528 24
1529 13
1530 23
1531 17
1532 17
1533 23
1534 23
1535 19
1536 23
1537 18
1538 19
1539 28
1540 20
1541 17
1542 15
1543 22
1544 17
1545 13
1546 16
1547 14
1548 25
1549 23
1550 29
1551 16
1552 29
1553 16
1554 17
1555 19
1556 28
1557 22
1558 19
1559 17
1560 24
1561 20
1562 29
1563 21
1564 13
1565 17
1566 19
1567 13
1568 18
1569 8
1570 18
1571 10
1572 20
1573 18
1574 20
1575 25
1576 20
1577 8
1578 9
1579 13
1580 17
1581 15
1582 20
1583 22
1584 15
1585 15
1586 19
1587 14
1588 11
1589 27
1590 19
1591 15
1592 21
1593 19
1594 19
1595 21
1596 19
1597 15
1598 11
1599 25
1600 23
1601 23
1602 19
1603 19
1604 23
1605 19
1606 18
1607 14
1608 14
1609 20
1610 18
1611 19
1612 15
1613 15
1614 19
1615 23
1616 16
1617 15
1618 22
1619 17
1620 12
1621 16
1622 15
1623 14
1624 20
1625 19
1626 15
1627 20
1628 25
1629 25
1630 21
1631 14
1632 20
1633 16
1634 19
1635 16
1636 19
1637 18
1638 22
1639 22
1640 15
1641 18
1642 18
1643 18
1644 19
1645 23
1646 20
1647 24
1648 14
1649 12
1650 20
1651 19
1652 17
1653 21
1654 21
1655 24
1656 21
1657 28
1658 18
1659 13
1660 15
1661 13
1662 13
1663 18
1664 19
1665 13
1666 21
1667 17
1668 20
1669 22
1670 15
1671 24
1672 17
1673 18
1674 18
1675 13
1676 19
1677 12
1678 19
1679 20
1680 26
1681 21
1682 7
1683 12
1684 17
1685 12
1686 19
1687 14
1688 15
1689 22
1690 16
1691 14
1692 22
1693 22
1694 15
1695 18
1696 14
1697 23
1698 22
1699 22
1700 29
1701 22
1702 17
1703 15
1704 12
1705 14
1706 17
1707 15
1708 14
1709 20
1710 20
1711 14
1712 21
1713 15
1714 23
1715 16
1716 19
1717 22
1718 11
1719 24
1720 10
1721 9
1722 22
1723 18
1724 14
1725 11
1726 17
1727 14
1728 8
1729 18
1730 18
1731 15
1732 17
1733 13
1734 20
1735 20
1736 20
1737 18
1738 18
1739 17
1740 16
1741 20
1742 17
1743 14
1744 18
1745 20
1746 20
1747 16
1748 16
1749 21
1750 11
1751 10
1752 21
1753 18
1754 20
1755 16
1756 26
1757 23
1758 11
1759 18
1760 24
1761 20
1762 16
1763 20
1764 18
1765 16
1766 16
1767 12
1768 14
1769 13
1770 20
1771 14
1772 16
1773 17
1774 21
1775 24
1776 25
1777 29
1778 15
1779 14
1780 21
1781 12
1782 18
1783 13
1784 18
1785 26
1786 15
1787 12
1788 25
1789 15
1790 12
1791 18
1792 16
1793 12
1794 11
1795 15
1796 29
1797 24
1798 20
1799 17
1800 9
1801 16
1802 14
1803 10
1804 8
1805 9
1806 12
1807 19
1808 17
1809 16
1810 14
1811 14
1812 17
1813 13
1814 16
1815 18
1816 17
1817 19
1818 18
1819 15
1820 18
1821 17
1822 16
1823 22
1824 18
1825 10
1826 19
1827 17
1828 17
1829 16
1830 18
1831 14
1832 18
1833 21
1834 11
1835 15
1836 19
1837 14
1838 15
1839 16
1840 16
1841 13
1842 23
1843 15
1844 16
1845 25
1846 24
1847 16
1848 13
1849 15
1850 18
1851 23
1852 13
1853 18
1854 12
1855 12
1856 21
1857 22
1858 19
1859 18
1860 16
1861 13
1862 17
1863 14
1864 22
1865 14
1866 15
1867 25
1868 12
1869 9
1870 17
1871 15
1872 14
1873 13
1874 12
1875 9
1876 12
1877 21
1878 22
1879 16
1880 11
1881 15
1882 17
1883 22
1884 10
1885 16
1886 9
1887 16
1888 18
1889 19
1890 14
1891 10
1892 12
1893 17
1894 18
1895 20
1896 13
1897 12
1898 16
1899 18
1900 18
1901 13
1902 18
1903 21
1904 19
1905 17
1906 26
1907 15
1908 23
1909 19
1910 24
1911 24
1912 20
1913 17
1914 25
1915 20
1916 18
1917 22
1918 23
1919 17
1920 14
1921 19
1922 13
1923 10
1924 27
1925 17
1926 29
1927 17
1928 19
1929 21
1930 20
1931 21
1932 19
1933 18
1934 12
1935 17
1936 21
1937 18
1938 26
1939 20
1940 21
1941 18
1942 25
1943 21
1944 29
1945 18
1946 14
1947 23
1948 26
1949 25
1950 33
1951 38
1952 33
1953 34
1954 32
1955 38
1956 48
1957 61
1958 82
1959 93
1960 104
1961 99
1962 127
1963 138
1964 158
1965 136
1966 175
1967 175
1968 201
1969 195
1970 148
1971 159
1972 128
1973 101
1974 110
1975 68
1976 59
1977 47
1978 34
1979 31
1980 31
1981 24
1982 18
1983 31
1984 19
1985 17
1986 21
1987 19
1988 18
1989 20
1990 18
1991 14
1992 18
1993 13
1994 14
1995 6
1996 12
1997 12
1998 14
1999 18
2000 16
2001 11
2002 13
2003 12
2004 22
2005 17
2006 12
2007 16
2008 20
2009 25
2010 13
2011 14
2012 12
2013 12
2014 14
2015 13
2016 16
2017 13
2018 12
2019 16
2020 13
2021 15
2022 18
2023 14
2024 17
2025 13
2026 14
2027 12
2028 8
2029 16
2030 19
2031 17
2032 23
2033 12
2034 13
2035 13
2036 11
2037 12
2038 23
2039 16
2040 16
2041 14
2042 15
2043 10
2044 18
2045 16
2046 11
2047 10
2048 15
2049 12
2050 20
2051 12
2052 18
2053 11
2054 15
2055 17
2056 17
2057 14
2058 25
2059 14
2060 19
2061 15
2062 14
2063 18
2064 13
2065 14
2066 16
2067 12
2068 12
2069 17
2070 12
2071 18
2072 13
2073 13
2074 13
2075 13
2076 15
2077 13
2078 14
2079 18
2080 13
2081 11
2082 19
2083 10
2084 16
2085 16
2086 17
2087 13
2088 11
2089 17
2090 15
2091 17
2092 17
2093 14
2094 11
2095 19
2096 16
2097 15
2098 22
2099 14
2100 8
2101 15
2102 8
2103 10
2104 14
2105 13
2106 14
2107 9
2108 12
2109 17
2110 16
2111 12
2112 16
2113 11
2114 10
2115 12
2116 15
2117 19
2118 11
2119 10
2120 19
2121 17
2122 10
2123 20
2124 17
2125 19
2126 18
2127 15
2128 15
2129 19
2130 16
2131 13
2132 17
2133 7
2134 15
2135 15
2136 18
2137 15
2138 12
2139 14
2140 16
2141 13
2142 17
2143 15
2144 9
2145 18
2146 11
2147 15
2148 14
2149 19
2150 15
2151 19
2152 23
2153 17
2154 15
2155 15
2156 16
2157 11
2158 14
2159 13
2160 19
2161 12
2162 17
2163 12
2164 11
2165 15
2166 9
2167 22
2168 19
2169 16
2170 14
2171 16
2172 18
2173 21
2174 7
2175 19
2176 19
2177 14
2178 12
2179 16
2180 14
2181 23
2182 15
2183 10
2184 17
2185 11
2186 14
2187 14
2188 10
2189 15
2190 15
2191 14
2192 16
2193 17
2194 15
2195 14
2196 16
2197 24
2198 6
2199 10
2200 12
2201 17
2202 15
2203 16
2204 14
2205 17
2206 12
2207 21
2208 23
2209 16
2210 24
2211 19
2212 32
2213 31
2214 26
2215 36
2216 49
2217 58
2218 92
2219 93
2220 101
2221 96
2222 116
2223 129
2224 175
2225 210
2226 250
2227 257
2228 237
2229 340
2230 350
2231 339
2232 356
2233 380
2234 352
2235 334
2236 379
2237 433
2238 440
2239 297
2240 261
2241 234
2242 235
2243 268
2244 281
2245 267
2246 275
2247 221
2248 204
2249 114
2250 89
2251 72
2252 69
2253 56
2254 47
2255 35
2256 38
2257 19
2258 33
2259 17
2260 20
2261 24
2262 23
2263 22
2264 16
2265 20
2266 16
2267 18
2268 9
2269 19
2270 20
2271 15
2272 12
2273 16
2274 9
2275 8
2276 16
2277 13
2278 18
2279 15
2280 15
2281 12
2282 16
2283 10
2284 14
2285 11
2286 13
2287 16
2288 18
2289 15
2290 7
2291 8
2292 12
2293 14
2294 14
2295 18
2296 14
2297 14
2298 15
2299 12
2300 19
2301 20
2302 18
2303 16
2304 14
2305 16
2306 15
2307 19
2308 11
2309 16
2310 19
2311 17
2312 24
2313 12
2314 17
2315 17
2316 6
2317 14
2318 13
2319 13
2320 11
2321 11
2322 12
2323 9
2324 14
2325 18
2326 15
2327 10
2328 27
2329 14
2330 17
2331 10
2332 16
2333 18
2334 15
2335 24
2336 19
2337 17
2338 12
2339 13
2340 14
2341 15
2342 24
2343 10
2344 16
2345 13
2346 20
2347 21
2348 15
2349 23
2350 17
2351 18
2352 18
2353 17
2354 13
2355 13
2356 14
2357 12
2358 12
2359 16
2360 12
2361 18
2362 12
2363 14
2364 20
2365 23
2366 22
2367 11
2368 20
2369 14
2370 17
2371 17
2372 13
2373 8
2374 10
2375 15
2376 12
2377 14
2378 13
2379 11
2380 8
2381 11
2382 17
2383 16
2384 11
2385 9
2386 12
2387 12
2388 10
2389 13
2390 10
2391 11
2392 16
2393 10
2394 16
2395 14
2396 12
2397 12
2398 12
2399 16
2400 9
2401 18
2402 13
2403 13
2404 18
2405 4
2406 10
2407 13
2408 11
2409 15
2410 16
2411 14
2412 8
2413 10
2414 14
2415 11
2416 11
2417 15
2418 12
2419 12
2420 14
2421 13
2422 14
2423 21
2424 16
2425 19
2426 18
2427 18
2428 16
2429 12
2430 19
2431 28
2432 28
2433 27
2434 30
2435 41
2436 51
2437 56
2438 61
2439 58
2440 59
2441 68
2442 53
2443 57
2444 100
2445 98
2446 94
2447 78
2448 84
2449 76
2450 73
2451 57
2452 61
2453 64
2454 61
2455 50
2456 44
2457 32
2458 45
2459 33
2460 31
2461 42
2462 38
2463 21
2464 41
2465 23
2466 20
2467 13
2468 16
2469 16
2470 16
2471 5
2472 13
2473 13
2474 11
2475 10
2476 12
2477 17
2478 11
2479 13
2480 12
2481 9
2482 11
2483 11
2484 16
2485 10
2486 11
2487 16
2488 8
2489 18
2490 12
2491 17
2492 12
2493 9
2494 13
2495 11
2496 8
2497 8
2498 9
2499 10
2500 13
2501 7
2502 11
2503 7
2504 10
2505 10
2506 13
2507 11
2508 10
2509 18
2510 14
2511 8
2512 12
2513 15
2514 10
2515 14
2516 16
2517 11
2518 11
2519 6
2520 18
2521 11
2522 16
2523 12
2524 13
2525 12
2526 12
2527 13
2528 9
2529 12
2530 8
2531 8
2532 10
2533 9
2534 10
2535 6
2536 15
2537 10
2538 11
2539 19
2540 7
2541 12
2542 10
2543 13
2544 7
2545 15
2546 11
2547 13
2548 12
2549 12
2550 10
2551 14
2552 9
2553 13
2554 12
2555 11
2556 12
2557 11
2558 10
2559 16
