0 34
1 23
2 18
3 19
4 21
5 24
6 29
7 23
8 21
9 20
10 22
11 24
12 20
13 27
14 21
15 35
16 22
17 36
18 32
19 29
20 28
21 31
22 26
23 30
24 26
25 31
26 26
27 35
28 24
29 29
30 35
31 28
32 24
33 27
34 26
35 24
36 25
37 35
38 29
39 17
40 24
41 18
42 33
43 26
44 26
45 27
46 31
47 21
48 25
49 19
50 26
51 29
52 38
53 32
54 19
55 21
56 24
57 34
58 21
59 28
60 26
61 21
62 29
63 27
64 29
65 25
66 21
67 27
68 28
69 31
70 31
71 23
72 34
73 19
74 28
75 16
76 34
77 30
78 25
79 27
80 29
81 32
82 32
83 28
84 18
85 18
86 19
87 28
88 24
89 27
90 27
91 32
92 24
93 25
94 26
95 23
96 19
97 27
98 23
99 32
100 23
101 25
102 31
103 20
104 23
105 24
106 15
107 40
108 29
109 28
110 19
111 30
112 18
113 30
114 34
115 34
116 28
117 26
118 30
119 23
120 25
121 31
122 30
123 28
124 28
125 28
126 27
127 26
128 23
129 32
130 28
131 26
132 17
133 26
134 23
135 28
136 17
137 31
138 39
139 20
140 19
141 25
142 20
143 27
144 19
145 25
146 28
147 27
148 20
149 18
150 35
151 35
152 27
153 25
154 41
155 31
156 30
157 35
158 28
159 25
160 35
161 25
162 28
163 29
164 23
165 34
166 36
167 32
168 32
169 17
170 29
171 30
172 27
173 31
174 32
175 30
176 39
177 26
178 24
179 36
180 23
181 16
182 36
183 30
184 30
185 30
186 23
187 32
188 32
189 33
190 23
191 28
192 39
193 20
194 26
195 27
196 21
197 32
198 32
199 28
200 31
201 35
202 26
203 35
204 28
205 31
206 29
207 23
208 33
209 32
210 30
211 35
212 33
213 28
214 25
215 23
216 28
217 24
218 25
219 31
220 41
221 24
222 25
223 29
224 35
225 37
226 32
227 31
228 27
229 31
230 26
231 29
232 23
233 35
234 33
235 33
236 24
237 24
238 33
239 36
240 30
241 29
242 34
243 26
244 37
245 24
246 29
247 24
248 31
249 32
250 29
251 32
252 28
253 27
254 27
255 27
256 37
257 33
258 28
259 25
260 31
261 27
262 29
263 32
264 26
265 27
266 23
267 21
268 33
269 38
270 31
271 28
272 32
273 34
274 29
275 31
276 24
277 25
278 28
279 30
280 29
281 26
282 34
283 36
284 35
285 32
286 39
287 28
288 20
289 32
290 22
291 33
292 37
293 25
294 37
295 32
296 36
297 32
298 23
299 37
300 37
301 43
302 34
303 32
304 35
305 21
306 35
307 26
308 30
309 30
310 35
311 33
312 27
313 29
314 38
315 30
316 37
317 40
318 32
319 25
320 35
321 36
322 33
323 25
324 20
325 41
326 40
327 43
328 40
329 23
330 37
331 26
332 23
333 27
334 34
335 34
336 24
337 32
338 37
339 25
340 29
341 35
342 32
343 20
344 29
345 41
346 37
347 28
348 35
349 30
350 32
351 43
352 37
353 24
354 29
355 26
356 32
357 36
358 31
359 35
360 37
361 36
362 36
363 28
364 26
365 35
366 22
367 28
368 26
369 20
370 19
371 23
372 39
373 40
374 32
375 35
376 32
377 24
378 33
379 33
380 22
381 32
382 31
383 31
384 30
385 22
386 31
387 27
388 28
389 36
390 28
391 26
392 33
393 34
394 32
395 30
396 27
397 31
398 33
399 32
400 34
401 38
402 37
403 39
404 28
405 34
406 28
407 31
408 32
409 26
410 24
411 31
412 30
413 36
414 36
415 25
416 36
417 32
418 40
419 40
420 30
421 33
422 42
423 38
424 31
425 34
426 28
427 36
428 43
429 42
430 32
431 38
432 28
433 38
434 25
435 32
436 32
437 39
438 32
439 26
440 44
441 32
442 27
443 39
444 27
445 31
446 27
447 32
448 47
449 39
450 32
451 28
452 37
453 29
454 33
455 35
456 40
457 34
458 24
459 31
460 29
461 32
462 37
463 27
464 28
465 38
466 38
467 32
468 27
469 28
470 41
471 29
472 36
473 29
474 30
475 30
476 34
477 18
478 42
479 42
480 49
481 32
482 30
483 23
484 27
485 42
486 31
487 35
488 37
489 44
490 21
491 26
492 43
493 27
494 32
495 39
496 27
497 40
498 31
499 29
500 39
501 42
502 33
503 31
504 31
505 38
506 32
507 28
508 32
509 41
510 45
511 28
512 37
513 37
514 37
515 29
516 31
517 38
518 35
519 48
520 35
521 38
522 34
523 32
524 32
525 46
526 27
527 39
528 44
529 35
530 27
531 34
532 33
533 33
534 34
535 42
536 32
537 39
538 38
539 24
540 43
541 42
542 33
543 37
544 27
545 40
546 35
547 39
548 35
549 36
550 31
551 29
552 41
553 29
554 28
555 42
556 37
557 30
558 35
559 38
560 32
561 44
562 34
563 30
564 23
565 46
566 26
567 37
568 40
569 24
570 29
571 44
572 41
573 34
574 36
575 35
576 31
577 40
578 29
579 43
580 39
581 32
582 30
583 37
584 33
585 27
586 37
587 45
588 29
589 28
590 32
591 25
592 39
593 33
594 35
595 36
596 35
597 43
598 40
599 39
600 38
601 29
602 32
603 40
604 51
605 53
606 33
607 44
608 43
609 37
610 33
611 32
612 40
613 50
614 40
615 46
616 51
617 56
618 50
619 63
620 84
621 83
622 93
623 97
624 92
625 87
626 65
627 62
628 63
629 77
630 77
631 95
632 104
633 88
634 124
635 103
636 102
637 79
638 85
639 53
640 45
641 40
642 36
643 36
644 43
645 41
646 45
647 35
648 33
649 28
650 32
651 34
652 44
653 31
654 36
655 43
656 29
657 35
658 40
659 32
660 38
661 28
662 39
663 41
664 27
665 29
666 44
667 46
668 36
669 38
670 39
671 42
672 39
673 46
674 28
675 29
676 32
677 28
678 39
679 34
680 43
681 38
682 40
683 34
684 33
685 37
686 37
687 37
688 45
689 41
690 38
691 32
692 32
693 39
694 34
695 49
696 39
697 37
698 39
699 25
700 36
701 42
702 36
703 35
704 36
705 42
706 27
707 36
708 47
709 42
710 34
711 41
712 29
713 38
714 39
715 34
716 28
717 30
718 34
719 25
720 28
721 40
722 31
723 32
724 29
725 48
726 39
727 33
728 24
729 30
730 35
731 48
732 26
733 36
734 33
735 36
736 39
737 39
738 35
739 34
740 32
741 41
742 27
743 30
744 34
745 42
746 44
747 30
748 41
749 38
750 38
751 37
752 39
753 41
754 33
755 32
756 37
757 32
758 41
759 37
760 35
761 27
762 35
763 41
764 36
765 37
766 35
767 28
768 38
769 33
770 41
771 37
772 35
773 37
774 36
775 47
776 28
777 23
778 38
779 34
780 35
781 30
782 35
783 41
784 34
785 38
786 29
787 43
788 26
789 41
790 36
791 28
792 39
793 31
794 23
795 23
796 34
797 41
798 41
799 41
800 30
801 44
802 38
803 41
804 35
805 32
806 42
807 42
808 37
809 29
810 31
811 31
812 46
813 39
814 35
815 30
816 33
817 24
818 31
819 29
820 34
821 34
822 38
823 46
824 42
825 29
826 31
827 28
828 41
829 25
830 39
831 35
832 20
833 36
834 33
835 45
836 32
837 35
838 29
839 38
840 30
841 32
842 35
843 36
844 26
845 24
846 36
847 31
848 36
849 34
850 35
851 44
852 29
853 41
854 33
855 37
856 37
857 39
858 35
859 40
860 34
861 38
862 41
863 25
864 28
865 35
866 38
867 31
868 29
869 35
870 30
871 36
872 24
873 40
874 38
875 35
876 33
877 30
878 26
879 25
880 24
881 28
882 37
883 32
884 39
885 37
886 40
887 26
888 32
889 22
890 38
891 30
892 32
893 37
894 35
895 31
896 25
897 37
898 27
899 41
900 22
901 28
902 41
903 30
904 42
905 37
906 35
907 34
908 25
909 30
910 40
911 34
912 36
913 40
914 40
915 36
916 35
917 43
918 26
919 38
920 28
921 41
922 26
923 26
924 33
925 31
926 30
927 23
928 39
929 42
930 22
931 29
932 27
933 46
934 29
935 31
936 41
937 28
938 46
939 36
940 39
941 34
942 40
943 27
944 29
945 27
946 34
947 38
948 32
949 17
950 42
951 33
952 37
953 32
954 30
955 25
956 38
957 40
958 32
959 38
960 27
961 32
962 45
963 32
964 44
965 40
966 35
967 35
968 24
969 40
970 36
971 24
972 32
973 31
974 48
975 39
976 33
977 38
978 35
979 40
980 23
981 29
982 27
983 34
984 38
985 31
986 28
987 35
988 31
989 29
990 24
991 45
992 31
993 27
994 34
995 32
996 26
997 28
998 34
999 42
1000 30
1001 42
1002 30
1003 42
1004 33
1005 31
1006 32
1007 42
1008 25
1009 33
1010 30
1011 27
1012 28
1013 35
1014 24
1015 26
1016 31
1017 22
1018 29
1019 29
1020 23
1021 26
1022 36
1023 36
1024 33
1025 29
1026 17
1027 22
1028 28
1029 31
1030 28
1031 45
1032 38
1033 34
1034 34
1035 28
1036 26
1037 28
1038 20
1039 25
1040 29
1041 25
1042 39
1043 25
1044 29
1045 23
1046 42
1047 35
1048 31
1049 35
1050 36
1051 22
1052 24
1053 28
1054 32
1055 28
1056 30
1057 34
1058 35
1059 33
1060 30
1061 41
1062 37
1063 31
1064 25
1065 29
1066 28
1067 25
1068 30
1069 29
1070 33
1071 31
1072 29
1073 29
1074 27
1075 22
1076 24
1077 35
1078 28
1079 38
1080 32
1081 26
1082 27
1083 28
1084 36
1085 32
1086 31
1087 32
1088 30
1089 32
1090 22
1091 37
1092 38
1093 36
1094 32
1095 38
1096 34
1097 26
1098 38
1099 40
1100 38
1101 23
1102 27
1103 33
1104 37
1105 28
1106 35
1107 30
1108 31
1109 34
1110 29
1111 25
1112 31
1113 39
1114 38
1115 36
1116 38
1117 28
1118 33
1119 23
1120 30
1121 32
1122 36
1123 24
1124 39
1125 42
1126 24
1127 29
1128 37
1129 33
1130 36
1131 29
1132 26
1133 33
1134 37
1135 36
1136 35
1137 18
1138 34
1139 30
1140 42
1141 40
1142 27
1143 40
1144 32
1145 35
1146 41
1147 34
1148 45
1149 56
1150 38
1151 43
1152 58
1153 77
1154 68
1155 106
1156 119
1157 133
1158 149
1159 179
1160 239
1161 293
1162 306
1163 272
1164 350
1165 422
1166 469
1167 596
1168 671
1169 678
1170 656
1171 674
1172 561
1173 470
1174 431
1175 364
1176 245
1177 197
1178 163
1179 150
1180 144
1181 71
1182 48
1183 38
1184 41
1185 37
1186 53
1187 36
1188 32
1189 38
1190 35
1191 39
1192 39
1193 39
1194 21
1195 24
1196 26
1197 32
1198 30
1199 29
1200 40
1201 29
1202 38
1203 28
1204 37
1205 39
1206 30
1207 27
1208 21
1209 33
1210 31
1211 29
1212 34
1213 21
1214 29
1215 28
1216 32
1217 34
1218 29
1219 35
1220 32
1221 25
1222 22
1223 25
1224 28
1225 33
1226 33
1227 30
1228 28
1229 26
1230 22
1231 28
1232 43
1233 21
1234 26
1235 27
1236 34
1237 22
1238 27
1239 25
1240 26
1241 30
1242 24
1243 20
1244 24
1245 35
1246 23
1247 30
1248 13
1249 19
1250 27
1251 25
1252 29
1253 35
1254 24
1255 29
1256 25
1257 16
1258 32
1259 30
1260 33
1261 24
1262 24
1263 31
1264 33
1265 21
1266 27
1267 38
1268 26
1269 20
1270 20
1271 25
1272 23
1273 33
1274 18
1275 16
1276 17
1277 24
1278 11
1279 4
1280 29
1281 25
1282 21
1283 22
1284 28
1285 31
1286 25
1287 19
1288 22
1289 19
1290 23
1291 15
1292 16
1293 25
1294 21
1295 18
1296 29
1297 27
1298 25
1299 27
1300 21
1301 16
1302 18
1303 33
1304 26
1305 30
1306 16
1307 21
1308 13
1309 25
1310 20
1311 27
1312 17
1313 18
1314 25
1315 19
1316 33
1317 20
1318 25
1319 29
1320 21
1321 25
1322 28
1323 17
1324 22
1325 20
1326 23
1327 16
1328 27
1329 22
1330 15
1331 21
1332 19
1333 20
1334 19
1335 17
1336 28
1337 26
1338 18
1339 21
1340 16
1341 30
1342 24
1343 25
1344 18
1345 27
1346 29
1347 23
1348 18
1349 13
1350 19
1351 25
1352 26
1353 29
1354 24
1355 25
1356 26
1357 24
1358 29
1359 14
1360 18
1361 25
1362 28
1363 23
1364 21
1365 26
1366 27
1367 27
1368 20
1369 22
1370 26
1371 20
1372 19
1373 27
1374 22
1375 24
1376 25
1377 11
1378 24
1379 25
1380 20
1381 33
1382 46
1383 44
1384 42
1385 29
1386 53
1387 56
1388 65
1389 61
1390 57
1391 63
1392 45
1393 55
1394 36
1395 36
1396 37
1397 36
1398 28
1399 30
1400 32
1401 17
1402 28
1403 25
1404 26
1405 22
1406 23
1407 23
1408 25
1409 22
1410 32
1411 12
1412 18
1413 23
1414 30
1415 31
1416 23
1417 18
1418 24
1419 21
1420 23
1421 17
1422 22
1423 18
1424 14
1425 16
1426 20
1427 20
1428 19
1429 26
1430 25
1431 17
1432 27
1433 15
1434 20
1435 20
1436 20
1437 31
1438 27
1439 31
1440 31
1441 27
1442 27
1443 24
1444 23
1445 19
1446 20
1447 21
1448 26
1449 24
1450 19
1451 29
1452 13
1453 32
1454 32
1455 28
1456 26
1457 31
1458 36
1459 29
1460 37
1461 42
1462 41
1463 56
1464 55
1465 75
1466 111
1467 101
1468 133
1469 155
1470 159
1471 178
1472 229
1473 183
1474 176
1475 214
1476 179
1477 169
1478 219
1479 237
1480 251
1481 206
1482 207
1483 141
1484 162
1485 148
1486 104
1487 118
1488 89
1489 59
1490 43
1491 24
1492 26
1493 32
1494 31
1495 23
1496 23
1497 17
1498 21
1499 31
1500 22
1501 15
1502 25
1503 31
1504 25
1505 13
1506 24
1507 19
1508 32
1509 24
1510 32
1511 20
1512 15
1513 24
1514 20
1515 20
1516 25
1517 22
1518 30
1519 12
1520 16
1521 19
1522 25
1523 19
1524 20
1525 10
1526 11
1527 26
1528 17
1529 16
1530 22
1531 25
1532 18
1533 19
1534 17
1535 9
1536 23
1537 14
1538 18
1539 20
1540 19
1541 14
1542 15
1543 25
1544 9
1545 21
1546 19
1547 16
1548 21
1549 13
1550 17
1551 15
1552 19
1553 18
1554 23
1555 21
1556 22
1557 17
1558 23
1559 22
1560 26
1561 22
1562 14
1563 12
1564 18
1565 27
1566 19
1567 17
1568 21
1569 22
1570 19
1571 26
1572 13
1573 28
1574 22
1575 18
1576 22
1577 16
1578 22
1579 22
1580 16
1581 20
1582 27
1583 28
1584 12
1585 23
1586 10
1587 14
1588 12
1589 12
1590 26
1591 22
1592 25
1593 12
1594 13
1595 19
1596 17
1597 17
1598 15
1599 16
1600 24
1601 20
1602 28
1603 23
1604 26
1605 24
1606 17
1607 16
1608 17
1609 29
1610 20
1611 17
1612 13
1613 22
1614 18
1615 9
1616 16
1617 33
1618 25
1619 32
1620 20
1621 14
1622 16
1623 12
1624 15
1625 15
1626 27
1627 20
1628 25
1629 17
1630 16
1631 15
1632 20
1633 15
1634 14
1635 16
1636 17
1637 17
1638 15
1639 19
1640 15
1641 16
1642 21
1643 19
1644 20
1645 18
1646 12
1647 9
1648 13
1649 14
1650 15
1651 19
1652 23
1653 16
1654 12
1655 13
1656 18
1657 25
1658 15
1659 18
1660 21
1661 15
1662 18
1663 17
1664 21
1665 17
1666 20
1667 18
1668 22
1669 21
1670 19
1671 21
1672 17
1673 23
1674 30
1675 32
1676 26
1677 21
1678 22
1679 17
1680 22
1681 12
1682 19
1683 18
1684 14
1685 15
1686 23
1687 20
1688 21
1689 15
1690 14
1691 22
1692 23
1693 23
1694 12
1695 19
1696 28
1697 24
1698 17
1699 23
1700 16
1701 15
1702 19
1703 12
1704 17
1705 20
1706 23
1707 25
1708 14
1709 13
1710 13
1711 22
1712 16
1713 14
1714 17
1715 17
1716 19
1717 13
1718 17
1719 21
1720 16
1721 16
1722 24
1723 14
1724 13
1725 15
1726 16
1727 13
1728 14
1729 14
1730 26
1731 19
1732 17
1733 15
1734 17
1735 13
1736 13
1737 11
1738 20
1739 18
1740 25
1741 19
1742 12
1743 15
1744 20
1745 14
1746 18
1747 16
1748 25
1749 21
1750 13
1751 15
1752 19
1753 20
1754 14
1755 10
1756 16
1757 13
1758 18
1759 17
1760 14
1761 25
1762 22
1763 16
1764 13
1765 16
1766 14
1767 16
1768 17
1769 17
1770 16
1771 12
1772 12
1773 16
1774 11
1775 16
1776 21
1777 25
1778 14
1779 10
1780 15
1781 11
1782 15
1783 11
1784 14
1785 14
1786 17
1787 17
1788 19
1789 16
1790 20
1791 11
1792 19
1793 19
1794 23
1795 13
1796 17
1797 13
1798 21
1799 19
1800 13
1801 15
1802 11
1803 17
1804 21
1805 18
1806 11
1807 15
1808 19
1809 18
1810 13
1811 18
1812 17
1813 19
1814 10
1815 9
1816 21
1817 19
1818 24
1819 20
1820 15
1821 19
1822 16
1823 15
1824 15
1825 13
1826 8
1827 17
1828 18
1829 18
1830 15
1831 18
1832 15
1833 12
1834 20
1835 13
1836 13
1837 13
1838 11
1839 11
1840 15
1841 14
1842 20
1843 12
1844 13
1845 13
1846 20
1847 16
1848 13
1849 9
1850 16
1851 16
1852 18
1853 10
1854 15
1855 14
1856 23
1857 12
1858 15
1859 12
1860 15
1861 11
1862 17
1863 12
1864 15
1865 26
1866 18
1867 13
1868 21
1869 19
1870 11
1871 15
1872 21
1873 19
1874 25
1875 18
1876 15
1877 14
1878 12
1879 22
1880 17
1881 17
1882 17
1883 16
1884 19
1885 18
1886 20
1887 19
1888 20
1889 19
1890 16
1891 21
1892 22
1893 23
1894 17
1895 23
1896 18
1897 15
1898 18
1899 22
1900 15
1901 24
1902 20
1903 11
1904 16
1905 19
1906 29
1907 19
1908 23
1909 19
1910 18
1911 16
1912 20
1913 17
1914 21
1915 22
1916 22
1917 15
1918 15
1919 21
1920 16
1921 17
1922 22
1923 20
1924 24
1925 16
1926 23
1927 19
1928 17
1929 18
1930 15
1931 20
1932 20
1933 12
1934 23
1935 24
1936 17
1937 21
1938 28
1939 21
1940 19
1941 25
1942 16
1943 31
1944 33
1945 36
1946 48
1947 31
1948 31
1949 38
1950 45
1951 67
1952 124
1953 154
1954 145
1955 151
1956 190
1957 203
1958 234
1959 183
1960 151
1961 123
1962 137
1963 135
1964 142
1965 129
1966 116
1967 122
1968 142
1969 153
1970 91
1971 75
1972 67
1973 52
1974 57
1975 36
1976 17
1977 21
1978 18
1979 15
1980 17
1981 21
1982 13
1983 11
1984 11
1985 17
1986 13
1987 19
1988 19
1989 11
1990 17
1991 9
1992 15
1993 18
1994 14
1995 17
1996 22
1997 14
1998 21
1999 17
2000 14
2001 13
2002 20
2003 16
2004 21
2005 12
2006 12
2007 11
2008 11
2009 16
2010 15
2011 18
2012 18
2013 16
2014 20
2015 17
2016 17
2017 13
2018 17
2019 13
2020 12
2021 4
2022 14
2023 14
2024 19
2025 19
2026 14
2027 15
2028 13
2029 14
2030 16
2031 15
2032 11
2033 10
2034 14
2035 8
2036 9
2037 12
2038 16
2039 12
2040 15
2041 20
2042 16
2043 13
2044 15
2045 15
2046 9
2047 22
2048 17
2049 16
2050 19
2051 10
2052 12
2053 15
2054 15
2055 16
2056 10
2057 13
2058 15
2059 14
2060 14
2061 12
2062 10
2063 13
2064 15
2065 20
2066 19
2067 13
2068 12
2069 11
2070 9
2071 12
2072 11
2073 20
2074 25
2075 7
2076 15
2077 7
2078 9
2079 12
2080 12
2081 10
2082 8
2083 9
2084 18
2085 10
2086 10
2087 15
2088 15
2089 23
2090 17
2091 14
2092 17
2093 17
2094 20
2095 16
2096 13
2097 16
2098 22
2099 10
2100 8
2101 11
2102 11
2103 12
2104 14
2105 13
2106 14
2107 19
2108 18
2109 16
2110 10
2111 11
2112 14
2113 9
2114 16
2115 11
2116 17
2117 9
2118 19
2119 11
2120 11
2121 7
2122 13
2123 18
2124 19
2125 14
2126 15
2127 18
2128 11
2129 18
2130 20
2131 15
2132 18
2133 13
2134 15
2135 14
2136 15
2137 8
2138 12
2139 13
2140 11
2141 19
2142 12
2143 15
2144 16
2145 7
2146 12
2147 11
2148 18
2149 15
2150 19
2151 14
2152 17
2153 12
2154 14
2155 18
2156 17
2157 8
2158 19
2159 15
2160 12
2161 13
2162 9
2163 15
2164 14
2165 7
2166 16
2167 13
2168 8
2169 16
2170 19
2171 18
2172 15
2173 17
2174 11
2175 12
2176 16
2177 14
2178 20
2179 24
2180 13
2181 19
2182 17
2183 22
2184 22
2185 16
2186 16
2187 3
2188 15
2189 18
2190 19
2191 11
2192 12
2193 23
2194 19
2195 24
2196 19
2197 16
2198 22
2199 27
2200 15
2201 17
2202 24
2203 21
2204 32
2205 27
2206 40
2207 39
2208 33
2209 25
2210 47
2211 74
2212 63
2213 57
2214 91
2215 124
2216 147
2217 195
2218 156
2219 208
2220 213
2221 223
2222 237
2223 277
2224 355
2225 401
2226 375
2227 374
2228 390
2229 365
2230 396
2231 416
2232 356
2233 267
2234 261
2235 253
2236 234
2237 197
2238 207
2239 140
2240 115
2241 102
2242 88
2243 82
2244 76
2245 76
2246 56
2247 39
2248 41
2249 26
2250 37
2251 22
2252 12
2253 22
2254 25
2255 26
2256 20
2257 19
2258 19
2259 18
2260 17
2261 13
2262 13
2263 9
2264 16
2265 17
2266 13
2267 15
2268 13
2269 11
2270 18
2271 14
2272 11
2273 15
2274 13
2275 16
2276 14
2277 17
2278 14
2279 14
2280 14
2281 14
2282 16
2283 11
2284 16
2285 14
2286 11
2287 12
2288 18
2289 8
2290 12
2291 10
2292 15
2293 12
2294 11
2295 15
2296 20
2297 18
2298 13
2299 8
2300 13
2301 8
2302 15
2303 16
2304 10
2305 8
2306 13
2307 14
2308 12
2309 24
2310 16
2311 12
2312 8
2313 13
2314 14
2315 15
2316 10
2317 12
2318 11
2319 17
2320 16
2321 14
2322 23
2323 9
2324 10
2325 10
2326 24
2327 17
2328 11
2329 14
2330 12
2331 10
2332 14
2333 12
2334 18
2335 21
2336 11
2337 11
2338 8
2339 13
2340 16
2341 19
2342 17
2343 16
2344 15
2345 10
2346 20
2347 22
2348 10
2349 9
2350 20
2351 16
2352 11
2353 15
2354 15
2355 20
2356 14
2357 14
2358 16
2359 8
2360 16
2361 15
2362 10
2363 19
2364 15
2365 8
2366 10
2367 11
2368 11
2369 11
2370 17
2371 9
2372 10
2373 13
2374 14
2375 13
2376 17
2377 12
2378 16
2379 9
2380 15
2381 14
2382 15
2383 10
2384 14
2385 14
2386 15
2387 15
2388 7
2389 13
2390 14
2391 14
2392 9
2393 9
2394 13
2395 8
2396 9
2397 17
2398 10
2399 16
2400 17
2401 12
2402 8
2403 16
2404 15
2405 9
2406 12
2407 12
2408 11
2409 6
2410 12
2411 19
2412 18
2413 14
2414 15
2415 18
2416 15
2417 14
2418 18
2419 16
2420 22
2421 18
2422 23
2423 15
2424 36
2425 20
2426 25
2427 27
2428 36
2429 30
2430 44
2431 53
2432 54
2433 55
2434 71
2435 75
2436 91
2437 93
2438 84
2439 70
2440 70
2441 75
2442 68
2443 91
2444 93
2445 88
2446 73
2447 83
2448 52
2449 53
2450 46
2451 47
2452 33
2453 30
2454 27
2455 23
2456 23
2457 27
2458 19
2459 16
2460 15
2461 17
2462 15
2463 15
2464 14
2465 18
2466 16
2467 10
2468 10
2469 16
2470 13
2471 15
2472 12
2473 13
2474 10
2475 12
2476 11
2477 16
2478 13
2479 8
2480 7
2481 8
2482 9
2483 10
2484 11
2485 15
2486 13
2487 14
2488 13
2489 19
2490 9
2491 15
2492 14
2493 8
2494 15
2495 17
2496 16
2497 16
2498 10
2499 10
2500 10
2501 21
2502 15
2503 11
2504 6
2505 7
2506 16
2507 14
2508 10
2509 17
2510 15
2511 7
2512 8
2513 12
2514 5
2515 12
2516 23
2517 7
2518 11
2519 17
2520 11
2521 18
2522 6
2523 12
2524 8
2525 13
2526 11
2527 15
2528 14
2529 9
2530 10
2531 14
2532 9
2533 10
2534 16
2535 8
2536 15
2537 13
2538 10
2539 11
2540 8
2541 5
2542 10
2543 12
2544 16
2545 14
2546 16
2547 14
2548 10
2549 6
2550 11
2551 8
2552 8
2553 17
2554 10
2555 11
2556 17
2557 11
2558 12
2559 17
