0 30
1 22
2 23
3 24
4 36
5 23
6 24
7 28
8 25
9 30
10 15
11 23
12 21
13 22
14 25
15 28
16 24
17 24
18 27
19 29
20 17
21 22
22 23
23 25
24 21
25 22
26 27
27 38
28 26
29 31
30 22
31 20
32 25
33 14
34 22
35 25
36 24
37 25
38 29
39 23
40 24
41 26
42 21
43 31
44 28
45 18
46 26
47 22
48 18
49 21
50 19
51 31
52 22
53 26
54 20
55 16
56 31
57 24
58 34
59 25
60 25
61 25
62 22
63 18
64 31
65 24
66 28
67 32
68 20
69 23
70 27
71 27
72 26
73 29
74 24
75 29
76 23
77 28
78 28
79 32
80 26
81 20
82 31
83 17
84 19
85 27
86 28
87 19
88 21
89 22
90 21
91 26
92 27
93 28
94 34
95 34
96 29
97 29
98 29
99 24
100 23
101 27
102 31
103 25
104 24
105 18
106 20
107 32
108 18
109 28
110 26
111 27
112 22
113 30
114 24
115 20
116 34
117 20
118 22
119 26
120 27
121 31
122 30
123 27
124 26
125 34
126 35
127 31
128 31
129 39
130 24
131 22
132 20
133 17
134 35
135 28
136 25
137 26
138 33
139 26
140 39
141 29
142 21
143 18
144 23
145 23
146 28
147 24
148 27
149 33
150 35
151 29
152 28
153 23
154 29
155 30
156 18
157 30
158 44
159 25
160 24
161 32
162 36
163 25
164 32
165 16
166 35
167 21
168 32
169 23
170 23
171 39
172 28
173 29
174 22
175 34
176 23
177 27
178 32
179 28
180 26
181 30
182 30
183 29
184 39
185 29
186 19
187 28
188 31
189 38
190 30
191 12
192 22
193 32
194 23
195 19
196 32
197 28
198 32
199 30
200 32
201 31
202 30
203 29
204 26
205 32
206 37
207 25
208 27
209 31
210 26
211 30
212 32
213 28
214 23
215 28
216 26
217 18
218 29
219 18
220 31
221 23
222 22
223 28
224 29
225 43
226 34
227 25
228 24
229 18
230 30
231 33
232 30
233 34
234 25
235 22
236 36
237 22
238 25
239 26
240 35
241 26
242 24
243 24
244 30
245 31
246 40
247 34
248 34
249 30
250 25
251 21
252 31
253 29
254 29
255 24
256 37
257 22
258 34
259 31
260 24
261 30
262 18
263 29
264 29
265 32
266 28
267 27
268 30
269 30
270 30
271 19
272 29
273 30
274 34
275 20
276 24
277 38
278 31
279 27
280 32
281 48
282 22
283 32
284 26
285 24
286 30
287 29
288 38
289 26
290 29
291 37
292 21
293 31
294 35
295 30
296 20
297 34
298 29
299 21
300 24
301 25
302 24
303 33
304 21
305 36
306 18
307 31
308 31
309 21
310 31
311 26
312 31
313 32
314 30
315 34
316 21
317 30
318 33
319 28
320 24
321 32
322 29
323 25
324 31
325 32
326 35
327 31
328 30
329 23
330 31
331 25
332 26
333 27
334 27
335 38
336 26
337 41
338 37
339 26
340 24
341 26
342 40
343 24
344 28
345 44
346 40
347 29
348 38
349 16
350 26
351 30
352 25
353 35
354 25
355 28
356 31
357 31
358 26
359 33
360 28
361 25
362 36
363 44
364 31
365 23
366 31
367 35
368 26
369 29
370 25
371 29
372 30
373 31
374 29
375 29
376 31
377 30
378 24
379 40
380 45
381 29
382 20
383 27
384 39
385 38
386 36
387 22
388 30
389 39
390 31
391 36
392 31
393 31
394 35
395 38
396 38
397 33
398 31
399 43
400 33
401 27
402 33
403 40
404 36
405 43
406 33
407 32
408 35
409 34
410 39
411 32
412 21
413 29
414 31
415 38
416 25
417 23
418 33
419 27
420 36
421 48
422 30
423 35
424 27
425 25
426 31
427 39
428 26
429 27
430 24
431 28
432 29
433 26
434 40
435 27
436 36
437 41
438 18
439 44
440 32
441 30
442 34
443 36
444 36
445 29
446 30
447 32
448 26
449 34
450 34
451 40
452 23
453 21
454 32
455 32
456 28
457 30
458 29
459 32
460 27
461 40
462 27
463 40
464 32
465 34
466 34
467 37
468 30
469 30
470 29
471 24
472 33
473 23
474 42
475 40
476 44
477 37
478 34
479 34
480 32
481 36
482 35
483 34
484 29
485 39
486 27
487 36
488 37
489 38
490 38
491 35
492 34
493 38
494 30
495 34
496 40
497 34
498 32
499 31
500 31
501 26
502 23
503 35
504 39
505 38
506 29
507 33
508 32
509 25
510 22
511 42
512 36
513 37
514 19
515 38
516 29
517 39
518 32
519 29
520 29
521 42
522 49
523 39
524 36
525 40
526 24
527 36
528 27
529 39
530 28
531 32
532 36
533 35
534 37
535 40
536 24
537 34
538 26
539 38
540 27
541 34
542 32
543 29
544 24
545 37
546 39
547 27
548 33
549 37
550 36
551 27
552 41
553 33
554 34
555 36
556 30
557 35
558 41
559 41
560 34
561 37
562 41
563 31
564 32
565 25
566 35
567 29
568 29
569 35
570 30
571 30
572 33
573 31
574 38
575 33
576 40
577 40
578 32
579 31
580 37
581 34
582 32
583 40
584 31
585 34
586 32
587 26
588 29
589 27
590 35
591 31
592 38
593 39
594 36
595 43
596 26
597 33
598 44
599 25
600 33
601 32
602 33
603 38
604 34
605 35
606 36
607 34
608 43
609 35
610 31
611 39
612 33
613 34
614 29
615 40
616 29
617 21
618 40
619 34
620 30
621 49
622 43
623 46
624 57
625 62
626 56
627 65
628 59
629 63
630 49
631 48
632 58
633 55
634 58
635 67
636 75
637 69
638 83
639 88
640 90
641 114
642 111
643 101
644 129
645 111
646 114
647 117
648 126
649 122
650 128
651 113
652 105
653 80
654 54
655 52
656 29
657 49
658 44
659 29
660 43
661 48
662 28
663 25
664 41
665 45
666 30
667 33
668 43
669 30
670 21
671 41
672 33
673 33
674 41
675 37
676 34
677 42
678 41
679 32
680 44
681 36
682 31
683 32
684 32
685 38
686 34
687 31
688 34
689 23
690 44
691 32
692 40
693 28
694 34
695 31
696 36
697 37
698 36
699 36
700 34
701 45
702 26
703 38
704 18
705 33
706 30
707 41
708 34
709 45
710 39
711 40
712 25
713 35
714 31
715 35
716 33
717 28
718 40
719 37
720 39
721 35
722 37
723 22
724 28
725 30
726 31
727 33
728 38
729 46
730 26
731 42
732 29
733 35
734 25
735 26
736 32
737 23
738 39
739 25
740 41
741 43
742 32
743 30
744 37
745 35
746 28
747 18
748 25
749 29
750 38
751 52
752 24
753 32
754 39
755 29
756 38
757 38
758 42
759 39
760 38
761 27
762 45
763 29
764 32
765 30
766 32
767 33
768 30
769 29
770 33
771 40
772 32
773 33
774 36
775 26
776 30
777 34
778 30
779 20
780 24
781 37
782 38
783 26
784 31
785 35
786 26
787 30
788 31
789 36
790 25
791 34
792 46
793 34
794 26
795 41
796 30
797 38
798 35
799 48
800 28
801 33
802 36
803 44
804 27
805 36
806 34
807 36
808 31
809 32
810 33
811 34
812 23
813 31
814 32
815 40
816 34
817 27
818 35
819 27
820 37
821 29
822 32
823 29
824 27
825 32
826 25
827 27
828 40
829 34
830 32
831 36
832 39
833 33
834 35
835 33
836 27
837 37
838 38
839 29
840 26
841 34
842 36
843 44
844 26
845 38
846 33
847 30
848 32
849 25
850 23
851 27
852 32
853 25
854 24
855 15
856 39
857 43
858 43
859 26
860 25
861 37
862 32
863 31
864 39
865 32
866 28
867 31
868 27
869 33
870 39
871 29
872 43
873 26
874 33
875 26
876 25
877 28
878 37
879 33
880 35
881 40
882 29
883 23
884 32
885 28
886 29
887 36
888 26
889 30
890 33
891 28
892 34
893 28
894 36
895 20
896 28
897 30
898 26
899 36
900 31
901 28
902 36
903 37
904 23
905 35
906 27
907 34
908 38
909 33
910 36
911 34
912 48
913 26
914 35
915 24
916 42
917 34
918 42
919 33
920 31
921 26
922 31
923 29
924 36
925 38
926 36
927 34
928 30
929 24
930 30
931 24
932 29
933 33
934 28
935 41
936 33
937 32
938 32
939 27
940 23
941 39
942 31
943 32
944 32
945 31
946 22
947 30
948 36
949 25
950 31
951 33
952 27
953 21
954 21
955 28
956 35
957 31
958 36
959 38
960 30
961 19
962 31
963 41
964 39
965 25
966 20
967 39
968 37
969 24
970 27
971 23
972 30
973 26
974 21
975 32
976 53
977 30
978 45
979 27
980 29
981 30
982 29
983 30
984 35
985 32
986 22
987 44
988 34
989 32
990 33
991 25
992 27
993 31
994 29
995 27
996 35
997 35
998 38
999 29
1000 25
1001 39
1002 44
1003 43
1004 32
1005 42
1006 43
1007 39
1008 28
1009 30
1010 23
1011 29
1012 18
1013 36
1014 23
1015 20
1016 43
1017 29
1018 32
1019 29
1020 32
1021 28
1022 27
1023 31
1024 29
1025 33
1026 27
1027 27
1028 24
1029 28
1030 41
1031 28
1032 24
1033 29
1034 38
1035 26
1036 21
1037 31
1038 38
1039 34
1040 29
1041 29
1042 27
1043 43
1044 23
1045 29
1046 29
1047 35
1048 29
1049 26
1050 31
1051 22
1052 28
1053 23
1054 35
1055 32
1056 42
1057 35
1058 30
1059 28
1060 37
1061 32
1062 22
1063 27
1064 32
1065 22
1066 30
1067 25
1068 28
1069 33
1070 24
1071 37
1072 26
1073 26
1074 28
1075 24
1076 24
1077 29
1078 21
1079 28
1080 31
1081 32
1082 21
1083 22
1084 30
1085 21
1086 21
1087 27
1088 29
1089 27
1090 28
1091 29
1092 22
1093 23
1094 34
1095 34
1096 36
1097 31
1098 24
1099 30
1100 35
1101 32
1102 39
1103 27
1104 32
1105 24
1106 23
1107 29
1108 26
1109 27
1110 37
1111 22
1112 25
1113 29
1114 30
1115 27
1116 30
1117 15
1118 22
1119 37
1120 37
1121 36
1122 16
1123 31
1124 30
1125 25
1126 35
1127 32
1128 29
1129 38
1130 27
1131 28
1132 31
1133 31
1134 44
1135 28
1136 32
1137 39
1138 33
1139 26
1140 26
1141 36
1142 33
1143 28
1144 21
1145 25
1146 33
1147 30
1148 29
1149 35
1150 33
1151 25
1152 27
1153 40
1154 42
1155 38
1156 45
1157 31
1158 27
1159 35
1160 36
1161 33
1162 30
1163 38
1164 29
1165 32
1166 33
1167 33
1168 35
1169 30
1170 26
1171 28
1172 28
1173 33
1174 48
1175 51
1176 55
1177 57
1178 76
1179 86
1180 138
1181 162
1182 209
1183 203
1184 231
1185 208
1186 263
1187 331
1188 390
1189 544
1190 489
1191 481
1192 496
1193 495
1194 485
1195 427
1196 481
1197 425
1198 308
1199 230
1200 184
1201 173
1202 180
1203 103
1204 66
1205 38
1206 50
1207 39
1208 29
1209 36
1210 41
1211 30
1212 26
1213 26
1214 33
1215 24
1216 33
1217 25
1218 22
1219 31
1220 23
1221 28
1222 30
1223 24
1224 39
1225 23
1226 26
1227 34
1228 33
1229 24
1230 33
1231 23
1232 33
1233 26
1234 21
1235 27
1236 31
1237 22
1238 28
1239 31
1240 19
1241 37
1242 20
1243 31
1244 28
1245 29
1246 26
1247 28
1248 32
1249 27
1250 30
1251 27
1252 25
1253 25
1254 25
1255 30
1256 21
1257 36
1258 21
1259 34
1260 31
1261 28
1262 22
1263 25
1264 31
1265 27
1266 13
1267 20
1268 22
1269 15
1270 16
1271 35
1272 16
1273 18
1274 20
1275 14
1276 17
1277 7
1278 8
1279 3
1280 38
1281 24
1282 14
1283 25
1284 22
1285 28
1286 12
1287 26
1288 19
1289 32
1290 17
1291 16
1292 25
1293 25
1294 19
1295 23
1296 16
1297 18
1298 20
1299 17
1300 19
1301 26
1302 24
1303 19
1304 25
1305 17
1306 17
1307 23
1308 32
1309 23
1310 17
1311 29
1312 14
1313 25
1314 23
1315 29
1316 24
1317 21
1318 16
1319 37
1320 25
1321 20
1322 30
1323 22
1324 20
1325 25
1326 23
1327 23
1328 22
1329 14
1330 29
1331 18
1332 17
1333 24
1334 26
1335 17
1336 24
1337 23
1338 18
1339 14
1340 15
1341 18
1342 21
1343 19
1344 15
1345 18
1346 19
1347 23
1348 17
1349 23
1350 24
1351 24
1352 25
1353 17
1354 16
1355 19
1356 23
1357 25
1358 17
1359 16
1360 15
1361 17
1362 21
1363 14
1364 21
1365 17
1366 25
1367 18
1368 19
1369 18
1370 19
1371 27
1372 34
1373 24
1374 24
1375 16
1376 19
1377 22
1378 25
1379 20
1380 19
1381 26
1382 15
1383 29
1384 22
1385 24
1386 26
1387 12
1388 19
1389 19
1390 28
1391 22
1392 17
1393 19
1394 20
1395 21
1396 26
1397 19
1398 18
1399 25
1400 32
1401 26
1402 24
1403 24
1404 20
1405 28
1406 23
1407 32
1408 31
1409 31
1410 38
1411 46
1412 48
1413 37
1414 42
1415 49
1416 51
1417 33
1418 45
1419 38
1420 46
1421 36
1422 31
1423 25
1424 24
1425 17
1426 25
1427 18
1428 17
1429 12
1430 17
1431 22
1432 28
1433 32
1434 18
1435 28
1436 26
1437 19
1438 27
1439 23
1440 19
1441 29
1442 23
1443 22
1444 24
1445 20
1446 33
1447 21
1448 20
1449 22
1450 25
1451 20
1452 23
1453 24
1454 29
1455 23
1456 24
1457 24
1458 21
1459 25
1460 35
1461 21
1462 19
1463 29
1464 23
1465 14
1466 17
1467 18
1468 21
1469 16
1470 21
1471 26
1472 24
1473 20
1474 22
1475 17
1476 22
1477 25
1478 22
1479 22
1480 31
1481 27
1482 24
1483 21
1484 23
1485 34
1486 33
1487 36
1488 46
1489 44
1490 48
1491 62
1492 55
1493 70
1494 84
1495 113
1496 114
1497 120
1498 134
1499 138
1500 125
1501 130
1502 162
1503 202
1504 220
1505 248
1506 214
1507 163
1508 116
1509 122
1510 137
1511 106
1512 51
1513 47
1514 48
1515 45
1516 46
1517 43
1518 30
1519 23
1520 21
1521 21
1522 20
1523 19
1524 22
1525 18
1526 22
1527 20
1528 21
1529 17
1530 19
1531 21
1532 20
1533 12
1534 18
1535 21
1536 11
1537 13
1538 17
1539 15
1540 18
1541 12
1542 14
1543 18
1544 15
1545 18
1546 22
1547 22
1548 22
1549 27
1550 17
1551 20
1552 21
1553 15
1554 18
1555 19
1556 15
1557 20
1558 14
1559 29
1560 22
1561 19
1562 14
1563 18
1564 23
1565 23
1566 19
1567 16
1568 21
1569 23
1570 16
1571 19
1572 20
1573 13
1574 27
1575 16
1576 22
1577 15
1578 32
1579 23
1580 17
1581 15
1582 19
1583 17
1584 14
1585 16
1586 19
1587 14
1588 17
1589 25
1590 17
1591 22
1592 20
1593 21
1594 25
1595 19
1596 14
1597 15
1598 22
1599 16
1600 11
1601 19
1602 21
1603 24
1604 18
1605 23
1606 19
1607 19
1608 22
1609 20
1610 13
1611 18
1612 19
1613 22
1614 16
1615 23
1616 22
1617 13
1618 21
1619 20
1620 19
1621 17
1622 21
1623 17
1624 12
1625 19
1626 19
1627 16
1628 20
1629 21
1630 16
1631 23
1632 16
1633 21
1634 14
1635 19
1636 16
1637 12
1638 11
1639 17
1640 13
1641 22
1642 17
1643 10
1644 20
1645 19
1646 22
1647 17
1648 18
1649 22
1650 21
1651 18
1652 17
1653 17
1654 22
1655 19
1656 23
1657 20
1658 15
1659 18
1660 23
1661 16
1662 20
1663 21
1664 16
1665 21
1666 12
1667 18
1668 10
1669 17
1670 23
1671 14
1672 14
1673 18
1674 22
1675 14
1676 19
1677 16
1678 18
1679 19
1680 18
1681 15
1682 21
1683 25
1684 12
1685 26
1686 19
1687 20
1688 20
1689 27
1690 15
1691 13
1692 24
1693 16
1694 15
1695 22
1696 23
1697 16
1698 13
1699 15
1700 26
1701 24
1702 24
1703 23
1704 21
1705 16
1706 18
1707 20
1708 17
1709 8
1710 14
1711 19
1712 18
1713 23
1714 17
1715 13
1716 14
1717 24
1718 18
1719 16
1720 22
1721 21
1722 19
1723 17
1724 15
1725 23
1726 15
1727 20
1728 15
1729 13
1730 16
1731 17
1732 17
1733 13
1734 16
1735 22
1736 22
1737 19
1738 15
1739 17
1740 20
1741 25
1742 16
1743 20
1744 16
1745 17
1746 23
1747 17
1748 19
1749 16
1750 26
1751 19
1752 20
1753 17
1754 16
1755 20
1756 12
1757 13
1758 16
1759 20
1760 14
1761 15
1762 19
1763 8
1764 12
1765 16
1766 18
1767 12
1768 14
1769 10
1770 16
1771 15
1772 26
1773 20
1774 21
1775 15
1776 17
1777 25
1778 14
1779 11
1780 18
1781 16
1782 24
1783 14
1784 10
1785 11
1786 19
1787 19
1788 18
1789 19
1790 13
1791 12
1792 14
1793 18
1794 13
1795 11
1796 17
1797 12
1798 12
1799 16
1800 18
1801 17
1802 20
1803 18
1804 12
1805 25
1806 19
1807 20
1808 13
1809 14
1810 15
1811 19
1812 16
1813 21
1814 20
1815 15
1816 14
1817 15
1818 17
1819 12
1820 16
1821 8
1822 13
1823 14
1824 13
1825 20
1826 23
1827 16
1828 16
1829 19
1830 13
1831 11
1832 18
1833 13
1834 13
1835 15
1836 19
1837 14
1838 17
1839 13
1840 17
1841 18
1842 18
1843 15
1844 7
1845 16
1846 20
1847 18
1848 16
1849 13
1850 13
1851 17
1852 16
1853 15
1854 21
1855 24
1856 26
1857 19
1858 14
1859 14
1860 19
1861 12
1862 17
1863 17
1864 19
1865 23
1866 18
1867 12
1868 18
1869 17
1870 19
1871 23
1872 26
1873 11
1874 16
1875 13
1876 20
1877 15
1878 19
1879 18
1880 12
1881 18
1882 14
1883 13
1884 13
1885 14
1886 19
1887 14
1888 19
1889 11
1890 11
1891 20
1892 21
1893 19
1894 22
1895 18
1896 19
1897 13
1898 13
1899 16
1900 20
1901 11
1902 13
1903 16
1904 20
1905 12
1906 14
1907 18
1908 21
1909 19
1910 14
1911 17
1912 16
1913 17
1914 19
1915 18
1916 19
1917 14
1918 15
1919 17
1920 14
1921 11
1922 21
1923 17
1924 14
1925 22
1926 26
1927 14
1928 15
1929 18
1930 20
1931 21
1932 27
1933 22
1934 26
1935 21
1936 19
1937 22
1938 17
1939 23
1940 12
1941 22
1942 16
1943 21
1944 21
1945 17
1946 12
1947 23
1948 18
1949 22
1950 22
1951 19
1952 24
1953 21
1954 11
1955 18
1956 25
1957 22
1958 22
1959 11
1960 18
1961 13
1962 18
1963 18
1964 15
1965 11
1966 16
1967 18
1968 20
1969 12
1970 18
1971 17
1972 16
1973 29
1974 20
1975 33
1976 28
1977 39
1978 29
1979 28
1980 30
1981 35
1982 49
1983 45
1984 69
1985 101
1986 120
1987 119
1988 84
1989 98
1990 109
1991 132
1992 100
1993 99
1994 67
1995 57
1996 73
1997 128
1998 103
1999 118
2000 90
2001 74
2002 48
2003 45
2004 29
2005 30
2006 28
2007 21
2008 16
2009 17
2010 20
2011 18
2012 12
2013 11
2014 21
2015 16
2016 20
2017 14
2018 16
2019 13
2020 12
2021 12
2022 15
2023 13
2024 17
2025 16
2026 14
2027 10
2028 11
2029 9
2030 17
2031 15
2032 25
2033 15
2034 9
2035 13
2036 12
2037 17
2038 17
2039 16
2040 10
2041 16
2042 24
2043 16
2044 9
2045 13
2046 16
2047 14
2048 12
2049 15
2050 10
2051 11
2052 12
2053 8
2054 16
2055 18
2056 21
2057 16
2058 13
2059 5
2060 13
2061 19
2062 5
2063 10
2064 14
2065 13
2066 12
2067 13
2068 11
2069 12
2070 14
2071 18
2072 18
2073 14
2074 20
2075 15
2076 15
2077 16
2078 14
2079 19
2080 13
2081 15
2082 17
2083 9
2084 15
2085 18
2086 13
2087 15
2088 23
2089 12
2090 11
2091 18
2092 11
2093 13
2094 12
2095 6
2096 20
2097 14
2098 18
2099 17
2100 16
2101 14
2102 12
2103 15
2104 13
2105 18
2106 11
2107 14
2108 13
2109 13
2110 12
2111 9
2112 16
2113 13
2114 11
2115 11
2116 17
2117 10
2118 15
2119 10
2120 7
2121 14
2122 18
2123 21
2124 17
2125 12
2126 12
2127 11
2128 9
2129 16
2130 19
2131 14
2132 14
2133 13
2134 15
2135 16
2136 15
2137 10
2138 11
2139 21
2140 12
2141 11
2142 7
2143 12
2144 10
2145 15
2146 15
2147 16
2148 18
2149 9
2150 16
2151 11
2152 19
2153 13
2154 13
2155 12
2156 10
2157 17
2158 14
2159 14
2160 11
2161 13
2162 11
2163 18
2164 14
2165 13
2166 22
2167 16
2168 14
2169 14
2170 11
2171 13
2172 15
2173 9
2174 12
2175 17
2176 12
2177 15
2178 16
2179 11
2180 20
2181 20
2182 8
2183 15
2184 13
2185 7
2186 27
2187 22
2188 16
2189 15
2190 15
2191 15
2192 8
2193 10
2194 13
2195 14
2196 13
2197 18
2198 12
2199 18
2200 15
2201 13
2202 17
2203 21
2204 19
2205 21
2206 12
2207 24
2208 18
2209 15
2210 20
2211 12
2212 14
2213 12
2214 11
2215 17
2216 13
2217 17
2218 11
2219 11
2220 8
2221 16
2222 16
2223 18
2224 13
2225 12
2226 11
2227 19
2228 16
2229 16
2230 15
2231 15
2232 15
2233 17
2234 18
2235 16
2236 16
2237 22
2238 29
2239 20
2240 35
2241 29
2242 55
2243 55
2244 71
2245 70
2246 89
2247 105
2248 128
2249 127
2250 150
2251 168
2252 239
2253 293
2254 351
2255 473
2256 597
2257 615
2258 694
2259 651
2260 543
2261 499
2262 507
2263 621
2264 527
2265 510
2266 369
2267 292
2268 294
2269 229
2270 283
2271 224
2272 212
2273 193
2274 207
2275 140
2276 86
2277 70
2278 54
2279 50
2280 51
2281 32
2282 31
2283 27
2284 25
2285 23
2286 16
2287 18
2288 13
2289 12
2290 17
2291 16
2292 17
2293 13
2294 17
2295 13
2296 16
2297 17
2298 16
2299 16
2300 10
2301 15
2302 15
2303 11
2304 11
2305 20
2306 23
2307 20
2308 18
2309 18
2310 17
2311 12
2312 22
2313 15
2314 9
2315 15
2316 13
2317 13
2318 7
2319 10
2320 10
2321 11
2322 9
2323 9
2324 10
2325 14
2326 11
2327 13
2328 18
2329 16
2330 10
2331 7
2332 12
2333 22
2334 14
2335 15
2336 21
2337 14
2338 13
2339 13
2340 12
2341 12
2342 12
2343 14
2344 11
2345 19
2346 22
2347 14
2348 14
2349 12
2350 13
2351 14
2352 14
2353 16
2354 14
2355 12
2356 9
2357 15
2358 15
2359 14
2360 11
2361 17
2362 14
2363 16
2364 11
2365 8
2366 11
2367 17
2368 14
2369 12
2370 7
2371 16
2372 17
2373 12
2374 11
2375 12
2376 12
2377 14
2378 16
2379 14
2380 11
2381 9
2382 14
2383 17
2384 13
2385 15
2386 19
2387 15
2388 14
2389 7
2390 8
2391 9
2392 10
2393 15
2394 13
2395 8
2396 7
2397 14
2398 14
2399 21
2400 12
2401 16
2402 16
2403 13
2404 8
2405 7
2406 12
2407 7
2408 13
2409 8
2410 17
2411 16
2412 9
2413 11
2414 10
2415 19
2416 14
2417 19
2418 12
2419 10
2420 13
2421 13
2422 14
2423 13
2424 13
2425 13
2426 16
2427 14
2428 16
2429 8
2430 17
2431 10
2432 12
2433 16
2434 13
2435 16
2436 12
2437 12
2438 13
2439 16
2440 12
2441 9
2442 12
2443 10
2444 8
2445 11
2446 17
2447 16
2448 17
2449 12
2450 14
2451 9
2452 17
2453 15
2454 14
2455 18
2456 19
2457 23
2458 20
2459 19
2460 27
2461 30
2462 29
2463 36
2464 36
2465 53
2466 48
2467 58
2468 49
2469 50
2470 69
2471 75
2472 87
2473 88
2474 108
2475 101
2476 106
2477 101
2478 84
2479 92
2480 86
2481 45
2482 59
2483 50
2484 56
2485 50
2486 53
2487 43
2488 33
2489 32
2490 31
2491 24
2492 18
2493 17
2494 27
2495 18
2496 15
2497 12
2498 12
2499 19
2500 14
2501 11
2502 14
2503 7
2504 15
2505 15
2506 11
2507 14
2508 7
2509 18
2510 14
2511 7
2512 6
2513 12
2514 8
2515 10
2516 15
2517 10
2518 13
2519 8
2520 9
2521 9
2522 13
2523 12
2524 9
2525 6
2526 19
2527 9
2528 17
2529 20
2530 11
2531 13
2532 11
2533 18
2534 10
2535 5
2536 12
2537 11
2538 8
2539 14
2540 8
2541 12
2542 14
2543 7
2544 11
2545 6
2546 11
2547 15
2548 11
2549 10
2550 16
2551 13
2552 6
2553 13
2554 10
2555 15
2556 12
2557 10
2558 8
2559 14
