0 42
1 28
2 22
3 25
4 24
5 20
6 30
7 34
8 23
9 26
10 28
11 24
12 21
13 21
14 12
15 30
16 29
17 28
18 21
19 34
20 32
21 22
22 16
23 20
24 25
25 29
26 24
27 32
28 29
29 28
30 31
31 18
32 26
33 25
34 36
35 33
36 29
37 33
38 19
39 28
40 42
41 29
42 31
43 29
44 27
45 27
46 24
47 40
48 22
49 25
50 47
51 27
52 28
53 27
54 25
55 28
56 31
57 27
58 29
59 22
60 22
61 35
62 27
63 26
64 30
65 28
66 28
67 36
68 29
69 23
70 30
71 27
72 27
73 27
74 23
75 32
76 31
77 23
78 26
79 18
80 36
81 25
82 29
83 22
84 35
85 24
86 27
87 41
88 28
89 35
90 32
91 16
92 23
93 30
94 37
95 29
96 27
97 28
98 26
99 32
100 19
101 29
102 22
103 23
104 25
105 31
106 26
107 35
108 29
109 27
110 27
111 22
112 40
113 24
114 26
115 24
116 37
117 31
118 33
119 29
120 26
121 29
122 26
123 19
124 34
125 35
126 20
127 33
128 23
129 38
130 22
131 23
132 22
133 34
134 26
135 28
136 28
137 38
138 28
139 24
140 45
141 27
142 20
143 23
144 25
145 23
146 19
147 39
148 25
149 27
150 32
151 34
152 39
153 24
154 34
155 35
156 33
157 23
158 32
159 23
160 25
161 28
162 47
163 43
164 34
165 33
166 39
167 27
168 23
169 30
170 45
171 26
172 30
173 32
174 27
175 39
176 24
177 27
178 32
179 24
180 26
181 40
182 38
183 28
184 37
185 21
186 29
187 31
188 33
189 30
190 23
191 35
192 39
193 32
194 34
195 37
196 26
197 43
198 32
199 39
200 30
201 31
202 30
203 28
204 29
205 32
206 33
207 29
208 32
209 37
210 23
211 35
212 41
213 31
214 36
215 30
216 35
217 30
218 40
219 21
220 34
221 25
222 20
223 26
224 24
225 44
226 34
227 29
228 26
229 27
230 31
231 35
232 26
233 27
234 33
235 31
236 42
237 32
238 21
239 31
240 26
241 29
242 25
243 16
244 19
245 36
246 35
247 33
248 29
249 33
250 26
251 29
252 34
253 29
254 32
255 27
256 38
257 38
258 36
259 28
260 33
261 34
262 20
263 21
264 30
265 37
266 34
267 28
268 29
269 41
270 37
271 35
272 38
273 33
274 35
275 28
276 35
277 30
278 31
279 43
280 36
281 37
282 37
283 38
284 42
285 39
286 25
287 30
288 24
289 32
290 38
291 30
292 36
293 37
294 36
295 19
296 29
297 36
298 24
299 24
300 20
301 26
302 38
303 30
304 27
305 35
306 28
307 27
308 40
309 41
310 31
311 32
312 39
313 34
314 39
315 35
316 38
317 37
318 40
319 37
320 28
321 37
322 26
323 30
324 29
325 37
326 33
327 33
328 34
329 32
330 30
331 24
332 22
333 33
334 37
335 34
336 36
337 43
338 34
339 37
340 25
341 25
342 19
343 25
344 31
345 28
346 37
347 26
348 25
349 38
350 42
351 34
352 27
353 35
354 36
355 38
356 32
357 34
358 41
359 31
360 31
361 29
362 34
363 27
364 25
365 22
366 32
367 30
368 40
369 48
370 34
371 38
372 34
373 24
374 41
375 37
376 32
377 23
378 34
379 33
380 34
381 33
382 35
383 36
384 39
385 29
386 38
387 28
388 39
389 33
390 39
391 41
392 43
393 37
394 38
395 35
396 32
397 31
398 40
399 44
400 26
401 33
402 31
403 41
404 28
405 32
406 32
407 32
408 36
409 41
410 35
411 36
412 29
413 35
414 36
415 54
416 31
417 29
418 34
419 29
420 41
421 34
422 39
423 33
424 33
425 44
426 35
427 50
428 33
429 43
430 25
431 32
432 32
433 32
434 33
435 42
436 39
437 34
438 35
439 29
440 30
441 34
442 34
443 51
444 35
445 27
446 28
447 41
448 31
449 21
450 43
451 38
452 29
453 34
454 44
455 46
456 40
457 33
458 45
459 31
460 27
461 36
462 24
463 42
464 35
465 34
466 33
467 35
468 34
469 35
470 33
471 35
472 38
473 39
474 22
475 31
476 34
477 34
478 33
479 32
480 36
481 43
482 38
483 38
484 33
485 44
486 36
487 32
488 37
489 43
490 32
491 29
492 34
493 44
494 33
495 43
496 39
497 30
498 29
499 39
500 32
501 34
502 35
503 35
504 35
505 38
506 35
507 34
508 31
509 37
510 34
511 35
512 29
513 32
514 31
515 26
516 25
517 39
518 35
519 42
520 28
521 38
522 36
523 31
524 40
525 37
526 24
527 40
528 42
529 33
530 37
531 26
532 28
533 36
534 24
535 40
536 33
537 46
538 36
539 31
540 35
541 23
542 36
543 45
544 38
545 39
546 36
547 34
548 31
549 39
550 35
551 31
552 34
553 47
554 34
555 33
556 31
557 27
558 38
559 32
560 32
561 35
562 51
563 40
564 40
565 39
566 30
567 34
568 30
569 41
570 25
571 30
572 48
573 42
574 51
575 33
576 28
577 49
578 24
579 44
580 39
581 39
582 40
583 46
584 60
585 62
586 81
587 77
588 70
589 56
590 66
591 54
592 61
593 55
594 57
595 71
596 74
597 88
598 90
599 103
600 92
601 95
602 85
603 104
604 74
605 72
606 94
607 105
608 101
609 119
610 85
611 86
612 76
613 57
614 49
615 44
616 47
617 34
618 43
619 37
620 36
621 42
622 40
623 45
624 41
625 35
626 38
627 38
628 40
629 28
630 48
631 32
632 34
633 34
634 34
635 33
636 39
637 33
638 43
639 42
640 30
641 46
642 41
643 29
644 33
645 33
646 27
647 42
648 40
649 41
650 31
651 31
652 46
653 31
654 38
655 32
656 30
657 27
658 38
659 39
660 35
661 34
662 43
663 27
664 22
665 38
666 45
667 51
668 40
669 33
670 38
671 42
672 42
673 48
674 45
675 36
676 41
677 39
678 48
679 34
680 38
681 28
682 40
683 22
684 27
685 35
686 29
687 24
688 37
689 40
690 43
691 27
692 43
693 32
694 24
695 31
696 39
697 33
698 38
699 39
700 32
701 40
702 39
703 37
704 27
705 42
706 32
707 45
708 39
709 37
710 38
711 37
712 37
713 49
714 35
715 23
716 37
717 30
718 36
719 37
720 46
721 34
722 31
723 37
724 27
725 31
726 42
727 38
728 44
729 33
730 39
731 37
732 45
733 33
734 42
735 36
736 43
737 33
738 33
739 36
740 35
741 29
742 30
743 32
744 35
745 34
746 35
747 33
748 34
749 25
750 33
751 35
752 34
753 35
754 34
755 34
756 31
757 37
758 31
759 31
760 38
761 41
762 37
763 27
764 44
765 31
766 38
767 40
768 31
769 30
770 35
771 39
772 27
773 43
774 36
775 44
776 39
777 34
778 37
779 27
780 31
781 53
782 37
783 32
784 32
785 36
786 33
787 38
788 34
789 38
790 42
791 36
792 41
793 27
794 31
795 30
796 36
797 32
798 30
799 29
800 45
801 32
802 29
803 22
804 30
805 32
806 31
807 29
808 24
809 35
810 37
811 34
812 31
813 36
814 32
815 39
816 24
817 22
818 41
819 28
820 31
821 32
822 34
823 30
824 31
825 26
826 34
827 45
828 32
829 36
830 41
831 29
832 30
833 24
834 28
835 26
836 41
837 28
838 37
839 42
840 32
841 29
842 34
843 32
844 39
845 41
846 32
847 28
848 36
849 35
850 36
851 37
852 28
853 32
854 34
855 38
856 48
857 30
858 41
859 39
860 24
861 36
862 32
863 31
864 28
865 35
866 32
867 32
868 30
869 38
870 35
871 38
872 31
873 32
874 31
875 26
876 30
877 25
878 40
879 40
880 43
881 25
882 31
883 31
884 36
885 24
886 46
887 38
888 36
889 29
890 36
891 43
892 15
893 36
894 38
895 36
896 30
897 30
898 33
899 38
900 44
901 26
902 26
903 48
904 39
905 44
906 28
907 28
908 21
909 36
910 30
911 29
912 28
913 37
914 27
915 27
916 37
917 40
918 32
919 41
920 29
921 26
922 33
923 32
924 32
925 29
926 30
927 27
928 28
929 30
930 27
931 38
932 30
933 36
934 31
935 34
936 33
937 33
938 27
939 35
940 37
941 29
942 26
943 31
944 31
945 40
946 32
947 37
948 42
949 28
950 37
951 45
952 37
953 46
954 44
955 28
956 40
957 34
958 35
959 39
960 18
961 44
962 52
963 29
964 34
965 17
966 31
967 28
968 33
969 41
970 37
971 30
972 30
973 31
974 30
975 32
976 30
977 27
978 23
979 26
980 23
981 36
982 30
983 22
984 33
985 32
986 44
987 42
988 34
989 30
990 28
991 40
992 26
993 35
994 26
995 34
996 21
997 27
998 23
999 31
1000 34
1001 22
1002 37
1003 29
1004 32
1005 24
1006 19
1007 38
1008 33
1009 39
1010 40
1011 29
1012 37
1013 33
1014 30
1015 26
1016 32
1017 28
1018 21
1019 19
1020 30
1021 26
1022 36
1023 43
1024 27
1025 42
1026 43
1027 27
1028 38
1029 26
1030 31
1031 27
1032 36
1033 37
1034 36
1035 27
1036 25
1037 23
1038 34
1039 35
1040 29
1041 40
1042 28
1043 25
1044 44
1045 41
1046 37
1047 33
1048 19
1049 25
1050 29
1051 35
1052 32
1053 31
1054 21
1055 35
1056 31
1057 29
1058 23
1059 29
1060 27
1061 27
1062 34
1063 37
1064 28
1065 30
1066 38
1067 33
1068 23
1069 30
1070 27
1071 41
1072 26
1073 38
1074 31
1075 28
1076 28
1077 29
1078 31
1079 16
1080 19
1081 23
1082 26
1083 34
1084 29
1085 31
1086 45
1087 36
1088 32
1089 46
1090 39
1091 35
1092 39
1093 36
1094 37
1095 34
1096 32
1097 35
1098 30
1099 23
1100 28
1101 26
1102 34
1103 36
1104 26
1105 40
1106 38
1107 33
1108 41
1109 29
1110 33
1111 28
1112 30
1113 31
1114 35
1115 34
1116 39
1117 47
1118 44
1119 61
1120 62
1121 50
1122 49
1123 58
1124 86
1125 94
1126 124
1127 187
1128 253
1129 286
1130 271
1131 250
1132 284
1133 297
1134 333
1135 414
1136 407
1137 482
1138 566
1139 763
1140 795
1141 790
1142 731
1143 627
1144 563
1145 471
1146 392
1147 322
1148 214
1149 151
1150 97
1151 82
1152 66
1153 54
1154 38
1155 38
1156 29
1157 32
1158 26
1159 26
1160 43
1161 33
1162 37
1163 30
1164 30
1165 31
1166 23
1167 22
1168 32
1169 33
1170 38
1171 38
1172 32
1173 28
1174 33
1175 37
1176 31
1177 36
1178 36
1179 36
1180 41
1181 27
1182 29
1183 20
1184 29
1185 29
1186 22
1187 25
1188 29
1189 36
1190 23
1191 24
1192 36
1193 41
1194 29
1195 26
1196 21
1197 36
1198 32
1199 31
1200 41
1201 36
1202 32
1203 34
1204 28
1205 31
1206 27
1207 26
1208 18
1209 33
1210 31
1211 22
1212 31
1213 45
1214 37
1215 34
1216 27
1217 26
1218 26
1219 36
1220 40
1221 32
1222 42
1223 39
1224 14
1225 29
1226 25
1227 22
1228 31
1229 18
1230 30
1231 26
1232 26
1233 27
1234 31
1235 31
1236 22
1237 37
1238 36
1239 30
1240 29
1241 25
1242 26
1243 24
1244 30
1245 35
1246 29
1247 28
1248 34
1249 34
1250 36
1251 15
1252 35
1253 31
1254 23
1255 31
1256 29
1257 30
1258 27
1259 37
1260 38
1261 39
1262 26
1263 26
1264 39
1265 32
1266 36
1267 35
1268 38
1269 21
1270 29
1271 43
1272 27
1273 53
1274 82
1275 57
1276 70
1277 58
1278 84
1279 13
1280 32
1281 20
1282 20
1283 23
1284 31
1285 22
1286 24
1287 28
1288 23
1289 19
1290 20
1291 14
1292 19
1293 15
1294 19
1295 19
1296 23
1297 27
1298 21
1299 25
1300 20
1301 27
1302 26
1303 28
1304 24
1305 25
1306 28
1307 24
1308 18
1309 29
1310 17
1311 20
1312 29
1313 24
1314 22
1315 16
1316 22
1317 26
1318 23
1319 19
1320 28
1321 24
1322 23
1323 29
1324 32
1325 24
1326 27
1327 30
1328 22
1329 20
1330 18
1331 25
1332 21
1333 14
1334 14
1335 28
1336 22
1337 22
1338 22
1339 24
1340 22
1341 19
1342 26
1343 20
1344 24
1345 33
1346 35
1347 31
1348 32
1349 33
1350 41
1351 45
1352 37
1353 50
1354 55
1355 52
1356 44
1357 44
1358 49
1359 39
1360 34
1361 49
1362 29
1363 27
1364 34
1365 35
1366 21
1367 28
1368 29
1369 22
1370 23
1371 17
1372 19
1373 22
1374 21
1375 30
1376 19
1377 18
1378 24
1379 15
1380 27
1381 12
1382 23
1383 24
1384 18
1385 22
1386 25
1387 21
1388 21
1389 25
1390 28
1391 23
1392 20
1393 26
1394 24
1395 14
1396 15
1397 23
1398 18
1399 29
1400 27
1401 26
1402 25
1403 18
1404 23
1405 16
1406 24
1407 21
1408 24
1409 18
1410 22
1411 25
1412 21
1413 30
1414 25
1415 24
1416 23
1417 25
1418 21
1419 25
1420 22
1421 21
1422 32
1423 36
1424 27
1425 41
1426 52
1427 63
1428 54
1429 48
1430 68
1431 85
1432 134
1433 145
1434 156
1435 185
1436 211
1437 242
1438 263
1439 323
1440 283
1441 270
1442 217
1443 247
1444 252
1445 252
1446 158
1447 135
1448 117
1449 136
1450 133
1451 116
1452 71
1453 52
1454 38
1455 43
1456 27
1457 24
1458 28
1459 31
1460 34
1461 30
1462 17
1463 19
1464 27
1465 17
1466 19
1467 23
1468 29
1469 18
1470 21
1471 17
1472 18
1473 25
1474 21
1475 19
1476 21
1477 23
1478 19
1479 24
1480 24
1481 21
1482 13
1483 19
1484 32
1485 20
1486 21
1487 24
1488 22
1489 17
1490 20
1491 11
1492 17
1493 15
1494 22
1495 27
1496 24
1497 21
1498 26
1499 15
1500 22
1501 20
1502 17
1503 24
1504 27
1505 18
1506 26
1507 14
1508 18
1509 23
1510 11
1511 16
1512 24
1513 17
1514 19
1515 23
1516 27
1517 24
1518 17
1519 21
1520 17
1521 17
1522 13
1523 26
1524 24
1525 24
1526 20
1527 20
1528 23
1529 17
1530 21
1531 17
1532 15
1533 22
1534 18
1535 13
1536 31
1537 23
1538 26
1539 19
1540 19
1541 22
1542 24
1543 24
1544 14
1545 24
1546 15
1547 25
1548 16
1549 28
1550 14
1551 22
1552 23
1553 18
1554 31
1555 20
1556 18
1557 23
1558 19
1559 28
1560 16
1561 20
1562 23
1563 25
1564 19
1565 18
1566 24
1567 20
1568 16
1569 14
1570 25
1571 22
1572 18
1573 17
1574 21
1575 23
1576 18
1577 19
1578 17
1579 14
1580 19
1581 14
1582 16
1583 22
1584 22
1585 20
1586 27
1587 23
1588 23
1589 15
1590 22
1591 23
1592 19
1593 22
1594 26
1595 20
1596 30
1597 14
1598 13
1599 20
1600 17
1601 21
1602 18
1603 24
1604 23
1605 18
1606 21
1607 16
1608 19
1609 28
1610 23
1611 18
1612 16
1613 13
1614 14
1615 20
1616 26
1617 25
1618 19
1619 23
1620 18
1621 18
1622 18
1623 18
1624 12
1625 19
1626 24
1627 19
1628 26
1629 21
1630 17
1631 25
1632 29
1633 15
1634 17
1635 19
1636 16
1637 19
1638 25
1639 21
1640 21
1641 17
1642 16
1643 14
1644 11
1645 15
1646 14
1647 17
1648 21
1649 22
1650 25
1651 20
1652 26
1653 13
1654 10
1655 22
1656 22
1657 20
1658 23
1659 14
1660 17
1661 11
1662 21
1663 22
1664 23
1665 18
1666 20
1667 21
1668 30
1669 13
1670 21
1671 15
1672 18
1673 11
1674 16
1675 16
1676 27
1677 16
1678 23
1679 14
1680 22
1681 20
1682 24
1683 19
1684 20
1685 18
1686 20
1687 16
1688 14
1689 16
1690 21
1691 14
1692 21
1693 18
1694 14
1695 18
1696 19
1697 18
1698 27
1699 30
1700 19
1701 18
1702 23
1703 25
1704 30
1705 21
1706 30
1707 19
1708 24
1709 22
1710 20
1711 18
1712 17
1713 12
1714 19
1715 19
1716 23
1717 19
1718 21
1719 17
1720 13
1721 18
1722 23
1723 22
1724 18
1725 15
1726 15
1727 10
1728 14
1729 24
1730 19
1731 21
1732 16
1733 26
1734 18
1735 15
1736 14
1737 21
1738 20
1739 19
1740 22
1741 19
1742 20
1743 21
1744 16
1745 20
1746 11
1747 17
1748 16
1749 14
1750 12
1751 16
1752 22
1753 16
1754 12
1755 19
1756 16
1757 23
1758 17
1759 13
1760 15
1761 15
1762 19
1763 16
1764 7
1765 24
1766 14
1767 26
1768 22
1769 15
1770 21
1771 19
1772 19
1773 16
1774 20
1775 9
1776 12
1777 17
1778 13
1779 11
1780 20
1781 18
1782 14
1783 14
1784 20
1785 16
1786 15
1787 12
1788 13
1789 17
1790 13
1791 14
1792 23
1793 26
1794 9
1795 20
1796 17
1797 25
1798 23
1799 14
1800 27
1801 10
1802 6
1803 19
1804 8
1805 24
1806 24
1807 20
1808 13
1809 16
1810 19
1811 15
1812 11
1813 16
1814 16
1815 15
1816 20
1817 11
1818 25
1819 16
1820 13
1821 16
1822 16
1823 16
1824 11
1825 21
1826 14
1827 8
1828 10
1829 11
1830 18
1831 21
1832 18
1833 12
1834 23
1835 19
1836 18
1837 11
1838 15
1839 20
1840 9
1841 19
1842 18
1843 16
1844 18
1845 22
1846 12
1847 23
1848 24
1849 23
1850 22
1851 20
1852 25
1853 19
1854 22
1855 22
1856 18
1857 11
1858 19
1859 29
1860 15
1861 24
1862 21
1863 13
1864 26
1865 17
1866 18
1867 21
1868 17
1869 16
1870 31
1871 23
1872 19
1873 21
1874 13
1875 16
1876 22
1877 22
1878 19
1879 17
1880 13
1881 19
1882 16
1883 12
1884 16
1885 10
1886 15
1887 17
1888 12
1889 21
1890 14
1891 13
1892 17
1893 14
1894 13
1895 22
1896 27
1897 21
1898 25
1899 11
1900 22
1901 24
1902 31
1903 23
1904 24
1905 33
1906 42
1907 52
1908 50
1909 66
1910 67
1911 64
1912 72
1913 93
1914 143
1915 138
1916 114
1917 132
1918 87
1919 109
1920 78
1921 120
1922 92
1923 96
1924 92
1925 71
1926 93
1927 82
1928 79
1929 46
1930 43
1931 33
1932 34
1933 38
1934 27
1935 20
1936 18
1937 12
1938 19
1939 12
1940 17
1941 16
1942 16
1943 19
1944 25
1945 19
1946 15
1947 18
1948 15
1949 14
1950 15
1951 19
1952 20
1953 23
1954 18
1955 12
1956 13
1957 17
1958 15
1959 15
1960 17
1961 13
1962 17
1963 9
1964 19
1965 21
1966 16
1967 17
1968 17
1969 15
1970 15
1971 13
1972 18
1973 15
1974 18
1975 21
1976 15
1977 19
1978 14
1979 14
1980 19
1981 17
1982 14
1983 19
1984 12
1985 6
1986 12
1987 20
1988 17
1989 12
1990 14
1991 16
1992 15
1993 23
1994 14
1995 16
1996 13
1997 12
1998 14
1999 20
2000 15
2001 12
2002 13
2003 13
2004 13
2005 16
2006 16
2007 11
2008 15
2009 20
2010 14
2011 18
2012 13
2013 17
2014 23
2015 8
2016 14
2017 17
2018 15
2019 3
2020 11
2021 18
2022 8
2023 18
2024 19
2025 17
2026 18
2027 15
2028 12
2029 14
2030 11
2031 16
2032 24
2033 11
2034 8
2035 25
2036 18
2037 11
2038 22
2039 16
2040 16
2041 20
2042 11
2043 15
2044 16
2045 10
2046 12
2047 15
2048 16
2049 10
2050 12
2051 11
2052 16
2053 15
2054 20
2055 27
2056 19
2057 20
2058 16
2059 12
2060 15
2061 11
2062 18
2063 18
2064 22
2065 19
2066 18
2067 15
2068 19
2069 10
2070 14
2071 13
2072 19
2073 18
2074 17
2075 11
2076 8
2077 13
2078 13
2079 10
2080 21
2081 15
2082 16
2083 14
2084 13
2085 12
2086 14
2087 25
2088 14
2089 10
2090 11
2091 11
2092 15
2093 21
2094 16
2095 16
2096 16
2097 15
2098 21
2099 23
2100 19
2101 13
2102 12
2103 17
2104 13
2105 17
2106 18
2107 28
2108 13
2109 14
2110 12
2111 19
2112 15
2113 15
2114 19
2115 17
2116 16
2117 21
2118 25
2119 15
2120 18
2121 18
2122 12
2123 9
2124 16
2125 25
2126 12
2127 11
2128 17
2129 12
2130 13
2131 17
2132 16
2133 18
2134 13
2135 17
2136 13
2137 13
2138 19
2139 12
2140 16
2141 14
2142 17
2143 18
2144 11
2145 21
2146 22
2147 10
2148 20
2149 11
2150 11
2151 22
2152 27
2153 16
2154 17
2155 18
2156 18
2157 16
2158 30
2159 24
2160 30
2161 29
2162 43
2163 60
2164 59
2165 74
2166 70
2167 81
2168 92
2169 100
2170 111
2171 150
2172 177
2173 242
2174 274
2175 411
2176 507
2177 514
2178 403
2179 402
2180 449
2181 519
2182 532
2183 495
2184 563
2185 384
2186 418
2187 393
2188 458
2189 585
2190 568
2191 477
2192 357
2193 275
2194 217
2195 155
2196 151
2197 106
2198 88
2199 80
2200 58
2201 51
2202 39
2203 32
2204 30
2205 27
2206 25
2207 28
2208 17
2209 13
2210 23
2211 19
2212 17
2213 16
2214 19
2215 15
2216 23
2217 23
2218 14
2219 16
2220 12
2221 16
2222 19
2223 14
2224 15
2225 12
2226 13
2227 17
2228 23
2229 25
2230 22
2231 15
2232 26
2233 16
2234 12
2235 18
2236 13
2237 17
2238 9
2239 13
2240 16
2241 10
2242 13
2243 14
2244 10
2245 21
2246 13
2247 23
2248 7
2249 13
2250 17
2251 15
2252 15
2253 13
2254 18
2255 14
2256 9
2257 12
2258 12
2259 17
2260 14
2261 16
2262 15
2263 15
2264 17
2265 13
2266 12
2267 15
2268 12
2269 12
2270 17
2271 11
2272 13
2273 14
2274 15
2275 17
2276 10
2277 15
2278 8
2279 25
2280 9
2281 6
2282 11
2283 12
2284 9
2285 15
2286 15
2287 16
2288 20
2289 17
2290 17
2291 16
2292 13
2293 21
2294 12
2295 21
2296 9
2297 14
2298 12
2299 8
2300 23
2301 11
2302 11
2303 15
2304 12
2305 14
2306 14
2307 5
2308 12
2309 11
2310 15
2311 15
2312 16
2313 12
2314 22
2315 18
2316 16
2317 21
2318 8
2319 10
2320 10
2321 21
2322 11
2323 14
2324 15
2325 11
2326 12
2327 13
2328 10
2329 12
2330 8
2331 16
2332 13
2333 13
2334 12
2335 11
2336 11
2337 11
2338 11
2339 11
2340 11
2341 12
2342 16
2343 17
2344 12
2345 15
2346 15
2347 14
2348 10
2349 13
2350 10
2351 11
2352 9
2353 13
2354 12
2355 12
2356 9
2357 13
2358 14
2359 15
2360 15
2361 18
2362 15
2363 11
2364 11
2365 16
2366 18
2367 13
2368 11
2369 18
2370 23
2371 23
2372 25
2373 31
2374 15
2375 21
2376 24
2377 17
2378 25
2379 31
2380 43
2381 39
2382 40
2383 40
2384 69
2385 79
2386 77
2387 79
2388 61
2389 100
2390 94
2391 88
2392 96
2393 94
2394 107
2395 110
2396 77
2397 95
2398 120
2399 99
2400 69
2401 60
2402 47
2403 55
2404 43
2405 39
2406 55
2407 38
2408 40
2409 43
2410 29
2411 24
2412 22
2413 22
2414 21
2415 19
2416 23
2417 15
2418 13
2419 18
2420 17
2421 8
2422 19
2423 12
2424 18
2425 21
2426 16
2427 9
2428 12
2429 18
2430 9
2431 12
2432 20
2433 15
2434 13
2435 10
2436 12
2437 16
2438 16
2439 14
2440 16
2441 14
2442 15
2443 8
2444 14
2445 19
2446 17
2447 8
2448 8
2449 12
2450 18
2451 14
2452 12
2453 15
2454 10
2455 19
2456 16
2457 12
2458 7
2459 14
2460 12
2461 12
2462 13
2463 18
2464 14
2465 10
2466 15
2467 8
2468 13
2469 13
2470 10
2471 9
2472 15
2473 11
2474 11
2475 12
2476 11
2477 9
2478 18
2479 9
2480 6
2481 10
2482 8
2483 16
2484 10
2485 12
2486 8
2487 12
2488 14
2489 8
2490 10
2491 11
2492 10
2493 10
2494 16
2495 11
2496 10
2497 23
2498 12
2499 8
2500 9
2501 12
2502 11
2503 12
2504 9
2505 9
2506 13
2507 15
2508 14
2509 15
2510 13
2511 11
2512 10
2513 15
2514 11
2515 13
2516 9
2517 10
2518 13
2519 15
2520 13
2521 8
2522 12
2523 14
2524 6
2525 19
2526 17
2527 12
2528 13
2529 8
2530 9
2531 10
2532 10
2533 20
2534 9
2535 8
2536 15
2537 16
2538 14
2539 14
2540 16
2541 16
2542 15
2543 12
2544 15
2545 11
2546 10
2547 5
2548 8
2549 15
2550 8
2551 11
2552 6
2553 13
2554 10
2555 9
2556 19
2557 11
2558 15
2559 17
