0 39
1 25
2 33
3 24
4 34
5 33
6 31
7 38
8 34
9 34
10 37
11 25
12 38
13 34
14 19
15 35
16 37
17 31
18 34
19 33
20 37
21 37
22 39
23 33
24 21
25 19
26 27
27 36
28 34
29 36
30 32
31 37
32 37
33 37
34 37
35 46
36 30
37 32
38 20
39 31
40 38
41 31
42 35
43 37
44 42
45 44
46 34
47 32
48 36
49 33
50 35
51 33
52 31
53 31
54 35
55 28
56 37
57 25
58 35
59 28
60 36
61 43
62 28
63 37
64 39
65 35
66 34
67 42
68 33
69 40
70 20
71 33
72 40
73 36
74 25
75 22
76 30
77 36
78 40
79 34
80 31
81 28
82 30
83 28
84 30
85 34
86 39
87 33
88 31
89 44
90 26
91 33
92 25
93 24
94 32
95 21
96 40
97 29
98 32
99 38
100 31
101 37
102 38
103 28
104 32
105 40
106 36
107 38
108 23
109 32
110 31
111 39
112 56
113 33
114 36
115 44
116 31
117 30
118 33
119 37
120 30
121 33
122 24
123 27
124 32
125 39
126 34
127 32
128 40
129 45
130 31
131 40
132 45
133 37
134 31
135 23
136 30
137 44
138 32
139 39
140 37
141 38
142 45
143 42
144 31
145 35
146 35
147 36
148 35
149 34
150 39
151 30
152 38
153 37
154 25
155 42
156 28
157 28
158 41
159 44
160 35
161 35
162 39
163 44
164 39
165 43
166 30
167 37
168 27
169 30
170 30
171 36
172 29
173 37
174 22
175 36
176 40
177 42
178 24
179 30
180 41
181 35
182 33
183 42
184 38
185 33
186 33
187 42
188 20
189 31
190 33
191 25
192 39
193 35
194 37
195 42
196 29
197 33
198 39
199 38
200 35
201 44
202 35
203 47
204 30
205 25
206 47
207 40
208 33
209 44
210 35
211 34
212 33
213 40
214 38
215 33
216 34
217 29
218 42
219 36
220 38
221 36
222 45
223 26
224 33
225 33
226 36
227 41
228 19
229 43
230 54
231 39
232 35
233 30
234 38
235 30
236 39
237 51
238 33
239 29
240 28
241 22
242 30
243 31
244 41
245 50
246 38
247 36
248 30
249 41
250 44
251 38
252 39
253 50
254 46
255 39
256 28
257 33
258 37
259 45
260 38
261 39
262 48
263 35
264 47
265 35
266 22
267 45
268 36
269 42
270 38
271 40
272 34
273 34
274 51
275 39
276 30
277 35
278 41
279 29
280 29
281 40
282 34
283 38
284 39
285 50
286 49
287 39
288 29
289 34
290 40
291 36
292 47
293 38
294 37
295 38
296 37
297 36
298 42
299 30
300 30
301 34
302 38
303 47
304 35
305 29
306 36
307 30
308 37
309 32
310 29
311 38
312 48
313 34
314 35
315 29
316 36
317 50
318 37
319 35
320 36
321 42
322 36
323 29
324 33
325 31
326 34
327 44
328 26
329 28
330 37
331 37
332 34
333 37
334 28
335 34
336 28
337 36
338 42
339 37
340 40
341 42
342 42
343 43
344 29
345 47
346 49
347 37
348 41
349 44
350 37
351 24
352 38
353 43
354 31
355 41
356 53
357 47
358 47
359 46
360 36
361 40
362 38
363 38
364 38
365 30
366 43
367 45
368 27
369 45
370 40
371 42
372 33
373 54
374 50
375 46
376 55
377 36
378 32
379 41
380 41
381 44
382 47
383 31
384 26
385 43
386 39
387 34
388 42
389 38
390 28
391 40
392 35
393 36
394 40
395 36
396 28
397 34
398 28
399 31
400 36
401 34
402 49
403 36
404 37
405 38
406 39
407 44
408 41
409 38
410 49
411 44
412 36
413 41
414 45
415 44
416 36
417 42
418 47
419 32
420 31
421 39
422 35
423 33
424 43
425 34
426 39
427 39
428 32
429 38
430 57
431 31
432 28
433 31
434 48
435 38
436 40
437 50
438 35
439 37
440 37
441 37
442 34
443 32
444 24
445 33
446 27
447 30
448 49
449 41
450 35
451 35
452 38
453 38
454 45
455 40
456 39
457 44
458 38
459 43
460 38
461 40
462 36
463 38
464 36
465 37
466 39
467 40
468 48
469 35
470 46
471 38
472 41
473 42
474 47
475 33
476 36
477 28
478 38
479 36
480 40
481 39
482 39
483 51
484 39
485 33
486 43
487 45
488 46
489 37
490 33
491 51
492 44
493 66
494 43
495 32
496 40
497 52
498 37
499 41
500 35
501 34
502 39
503 41
504 35
505 50
506 52
507 55
508 56
509 43
510 49
511 46
512 65
513 71
514 56
515 54
516 55
517 69
518 64
519 81
520 91
521 114
522 122
523 105
524 94
525 101
526 114
527 88
528 64
529 72
530 80
531 79
532 120
533 129
534 151
535 163
536 134
537 99
538 116
539 93
540 74
541 79
542 51
543 62
544 50
545 40
546 59
547 44
548 26
549 40
550 47
551 51
552 43
553 39
554 41
555 39
556 32
557 41
558 53
559 53
560 39
561 44
562 29
563 42
564 37
565 27
566 35
567 52
568 45
569 34
570 31
571 38
572 32
573 43
574 37
575 36
576 39
577 39
578 43
579 42
580 49
581 32
582 29
583 44
584 31
585 40
586 42
587 49
588 48
589 38
590 41
591 53
592 48
593 47
594 38
595 46
596 39
597 45
598 40
599 42
600 41
601 31
602 34
603 44
604 53
605 49
606 41
607 48
608 46
609 47
610 34
611 44
612 39
613 42
614 41
615 36
616 38
617 40
618 30
619 34
620 51
621 47
622 32
623 35
624 41
625 35
626 50
627 40
628 39
629 52
630 28
631 41
632 38
633 34
634 41
635 37
636 43
637 31
638 32
639 43
640 60
641 34
642 42
643 46
644 33
645 31
646 48
647 37
648 38
649 39
650 39
651 36
652 51
653 48
654 37
655 40
656 30
657 42
658 49
659 40
660 40
661 40
662 49
663 29
664 27
665 40
666 33
667 40
668 42
669 41
670 40
671 43
672 44
673 43
674 42
675 45
676 38
677 47
678 37
679 39
680 43
681 33
682 39
683 33
684 42
685 40
686 41
687 43
688 38
689 31
690 39
691 39
692 41
693 52
694 47
695 41
696 35
697 34
698 36
699 39
700 56
701 44
702 51
703 33
704 39
705 32
706 44
707 45
708 41
709 33
710 34
711 38
712 33
713 40
714 29
715 41
716 48
717 31
718 44
719 43
720 34
721 38
722 48
723 32
724 36
725 41
726 43
727 39
728 41
729 34
730 48
731 37
732 34
733 32
734 38
735 42
736 40
737 34
738 46
739 34
740 43
741 27
742 39
743 41
744 33
745 44
746 36
747 43
748 35
749 43
750 39
751 40
752 41
753 44
754 33
755 42
756 53
757 20
758 36
759 41
760 33
761 37
762 46
763 41
764 40
765 47
766 47
767 38
768 49
769 30
770 47
771 36
772 48
773 29
774 45
775 35
776 22
777 41
778 28
779 56
780 34
781 37
782 40
783 40
784 31
785 38
786 40
787 32
788 38
789 30
790 38
791 47
792 43
793 36
794 37
795 27
796 35
797 53
798 34
799 37
800 35
801 32
802 33
803 39
804 44
805 43
806 42
807 47
808 39
809 44
810 40
811 44
812 36
813 38
814 40
815 40
816 39
817 34
818 43
819 31
820 34
821 30
822 27
823 33
824 40
825 27
826 43
827 45
828 27
829 37
830 39
831 34
832 33
833 32
834 36
835 46
836 47
837 45
838 38
839 41
840 28
841 36
842 44
843 38
844 45
845 37
846 42
847 34
848 52
849 30
850 28
851 38
852 42
853 34
854 40
855 33
856 50
857 45
858 35
859 46
860 34
861 39
862 46
863 32
864 44
865 34
866 44
867 38
868 33
869 34
870 29
871 34
872 44
873 37
874 41
875 54
876 33
877 45
878 36
879 37
880 37
881 41
882 42
883 47
884 32
885 28
886 43
887 30
888 30
889 40
890 44
891 39
892 34
893 36
894 38
895 39
896 32
897 38
898 48
899 29
900 32
901 37
902 43
903 32
904 35
905 37
906 44
907 34
908 32
909 30
910 38
911 35
912 39
913 30
914 47
915 36
916 48
917 52
918 46
919 36
920 45
921 37
922 44
923 31
924 24
925 29
926 43
927 39
928 35
929 26
930 31
931 37
932 34
933 37
934 33
935 47
936 36
937 31
938 37
939 39
940 29
941 26
942 32
943 50
944 31
945 36
946 30
947 32
948 30
949 26
950 37
951 49
952 28
953 41
954 30
955 31
956 37
957 34
958 34
959 23
960 44
961 31
962 32
963 43
964 27
965 27
966 29
967 36
968 30
969 35
970 40
971 36
972 34
973 31
974 37
975 34
976 32
977 19
978 41
979 28
980 37
981 28
982 33
983 28
984 24
985 41
986 32
987 34
988 34
989 40
990 26
991 43
992 40
993 39
994 37
995 25
996 35
997 30
998 33
999 43
1000 23
1001 53
1002 34
1003 31
1004 31
1005 46
1006 39
1007 35
1008 36
1009 31
1010 29
1011 31
1012 39
1013 34
1014 28
1015 41
1016 49
1017 36
1018 36
1019 39
1020 32
1021 37
1022 50
1023 49
1024 63
1025 67
1026 66
1027 69
1028 68
1029 61
1030 73
1031 108
1032 102
1033 93
1034 101
1035 113
1036 172
1037 240
1038 222
1039 241
1040 255
1041 282
1042 346
1043 347
1044 377
1045 463
1046 460
1047 456
1048 457
1049 407
1050 439
1051 462
1052 490
1053 411
1054 301
1055 355
1056 236
1057 192
1058 188
1059 150
1060 99
1061 74
1062 51
1063 42
1064 33
1065 36
1066 41
1067 40
1068 33
1069 39
1070 39
1071 44
1072 42
1073 39
1074 45
1075 37
1076 32
1077 41
1078 32
1079 36
1080 40
1081 30
1082 29
1083 35
1084 31
1085 41
1086 36
1087 38
1088 36
1089 34
1090 33
1091 37
1092 31
1093 28
1094 26
1095 30
1096 28
1097 40
1098 36
1099 43
1100 38
1101 22
1102 30
1103 37
1104 41
1105 23
1106 31
1107 29
1108 31
1109 29
1110 38
1111 35
1112 32
1113 30
1114 36
1115 42
1116 27
1117 26
1118 35
1119 37
1120 36
1121 32
1122 30
1123 31
1124 36
1125 42
1126 46
1127 39
1128 39
1129 29
1130 37
1131 25
1132 32
1133 29
1134 28
1135 37
1136 30
1137 39
1138 35
1139 44
1140 39
1141 26
1142 28
1143 19
1144 21
1145 29
1146 43
1147 38
1148 38
1149 39
1150 43
1151 27
1152 36
1153 29
1154 30
1155 37
1156 37
1157 24
1158 33
1159 26
1160 27
1161 36
1162 38
1163 35
1164 46
1165 37
1166 41
1167 46
1168 37
1169 73
1170 73
1171 84
1172 79
1173 84
1174 58
1175 58
1176 65
1177 62
1178 59
1179 53
1180 76
1181 57
1182 48
1183 63
1184 47
1185 49
1186 47
1187 51
1188 60
1189 54
1190 35
1191 41
1192 30
1193 44
1194 33
1195 35
1196 24
1197 39
1198 34
1199 36
1200 26
1201 32
1202 42
1203 30
1204 38
1205 29
1206 30
1207 28
1208 35
1209 29
1210 22
1211 19
1212 27
1213 28
1214 21
1215 26
1216 24
1217 32
1218 26
1219 40
1220 23
1221 33
1222 21
1223 39
1224 29
1225 26
1226 27
1227 32
1228 19
1229 30
1230 35
1231 37
1232 23
1233 29
1234 36
1235 33
1236 34
1237 24
1238 30
1239 32
1240 47
1241 25
1242 23
1243 31
1244 40
1245 30
1246 39
1247 23
1248 22
1249 22
1250 37
1251 33
1252 29
1253 35
1254 26
1255 48
1256 35
1257 38
1258 20
1259 31
1260 33
1261 23
1262 26
1263 25
1264 35
1265 22
1266 23
1267 25
1268 22
1269 21
1270 19
1271 30
1272 24
1273 22
1274 18
1275 18
1276 20
1277 18
1278 23
1279 24
1280 25
1281 24
1282 32
1283 24
1284 22
1285 33
1286 24
1287 21
1288 27
1289 20
1290 24
1291 29
1292 26
1293 26
1294 24
1295 20
1296 28
1297 25
1298 25
1299 25
1300 18
1301 28
1302 24
1303 26
1304 33
1305 25
1306 29
1307 34
1308 27
1309 33
1310 35
1311 25
1312 35
1313 46
1314 34
1315 40
1316 54
1317 61
1318 40
1319 70
1320 62
1321 91
1322 80
1323 83
1324 91
1325 108
1326 107
1327 128
1328 167
1329 170
1330 155
1331 168
1332 273
1333 384
1334 338
1335 259
1336 196
1337 150
1338 183
1339 223
1340 194
1341 137
1342 99
1343 65
1344 75
1345 63
1346 62
1347 56
1348 49
1349 28
1350 23
1351 22
1352 26
1353 21
1354 27
1355 23
1356 23
1357 17
1358 19
1359 32
1360 29
1361 30
1362 17
1363 33
1364 16
1365 21
1366 22
1367 31
1368 22
1369 27
1370 15
1371 34
1372 25
1373 17
1374 14
1375 30
1376 29
1377 27
1378 22
1379 23
1380 23
1381 13
1382 24
1383 18
1384 33
1385 21
1386 21
1387 26
1388 31
1389 23
1390 20
1391 17
1392 24
1393 29
1394 24
1395 25
1396 26
1397 16
1398 22
1399 10
1400 27
1401 25
1402 20
1403 25
1404 15
1405 27
1406 18
1407 17
1408 25
1409 18
1410 17
1411 25
1412 31
1413 20
1414 24
1415 19
1416 32
1417 23
1418 31
1419 28
1420 23
1421 23
1422 22
1423 27
1424 23
1425 25
1426 30
1427 21
1428 22
1429 23
1430 25
1431 27
1432 16
1433 16
1434 25
1435 15
1436 24
1437 18
1438 14
1439 21
1440 14
1441 18
1442 24
1443 19
1444 21
1445 28
1446 24
1447 21
1448 20
1449 26
1450 36
1451 16
1452 21
1453 23
1454 21
1455 19
1456 28
1457 24
1458 22
1459 20
1460 34
1461 25
1462 30
1463 25
1464 18
1465 21
1466 20
1467 21
1468 27
1469 29
1470 26
1471 23
1472 36
1473 14
1474 19
1475 23
1476 30
1477 30
1478 20
1479 35
1480 26
1481 18
1482 25
1483 21
1484 29
1485 34
1486 21
1487 19
1488 20
1489 17
1490 24
1491 23
1492 26
1493 20
1494 20
1495 22
1496 18
1497 12
1498 17
1499 15
1500 23
1501 20
1502 18
1503 20
1504 24
1505 19
1506 16
1507 22
1508 12
1509 15
1510 22
1511 20
1512 16
1513 19
1514 23
1515 16
1516 11
1517 19
1518 20
1519 15
1520 17
1521 25
1522 19
1523 27
1524 25
1525 18
1526 18
1527 21
1528 20
1529 22
1530 22
1531 16
1532 16
1533 19
1534 24
1535 18
1536 28
1537 31
1538 19
1539 21
1540 21
1541 22
1542 24
1543 18
1544 19
1545 24
1546 17
1547 16
1548 21
1549 18
1550 14
1551 26
1552 22
1553 21
1554 16
1555 18
1556 27
1557 16
1558 26
1559 19
1560 26
1561 19
1562 17
1563 16
1564 16
1565 23
1566 24
1567 30
1568 24
1569 17
1570 28
1571 25
1572 13
1573 11
1574 16
1575 11
1576 18
1577 24
1578 22
1579 18
1580 20
1581 14
1582 21
1583 16
1584 16
1585 21
1586 11
1587 19
1588 26
1589 17
1590 28
1591 23
1592 21
1593 18
1594 20
1595 32
1596 23
1597 15
1598 16
1599 16
1600 22
1601 11
1602 18
1603 25
1604 22
1605 15
1606 13
1607 16
1608 24
1609 22
1610 19
1611 15
1612 22
1613 26
1614 17
1615 21
1616 17
1617 21
1618 15
1619 19
1620 22
1621 23
1622 21
1623 9
1624 26
1625 26
1626 14
1627 22
1628 21
1629 20
1630 29
1631 12
1632 13
1633 16
1634 22
1635 17
1636 16
1637 17
1638 23
1639 16
1640 15
1641 20
1642 22
1643 21
1644 20
1645 19
1646 24
1647 15
1648 20
1649 13
1650 26
1651 21
1652 17
1653 26
1654 32
1655 29
1656 23
1657 17
1658 31
1659 16
1660 27
1661 26
1662 19
1663 16
1664 20
1665 10
1666 18
1667 16
1668 22
1669 20
1670 17
1671 21
1672 22
1673 23
1674 23
1675 17
1676 19
1677 16
1678 24
1679 19
1680 27
1681 26
1682 16
1683 24
1684 22
1685 20
1686 18
1687 21
1688 18
1689 9
1690 20
1691 20
1692 14
1693 23
1694 21
1695 17
1696 15
1697 17
1698 22
1699 24
1700 21
1701 17
1702 19
1703 16
1704 26
1705 19
1706 14
1707 28
1708 17
1709 24
1710 23
1711 12
1712 20
1713 20
1714 27
1715 20
1716 21
1717 29
1718 14
1719 15
1720 18
1721 20
1722 25
1723 17
1724 18
1725 18
1726 20
1727 14
1728 21
1729 18
1730 25
1731 21
1732 21
1733 13
1734 21
1735 17
1736 28
1737 22
1738 23
1739 21
1740 13
1741 17
1742 24
1743 29
1744 24
1745 18
1746 15
1747 21
1748 20
1749 24
1750 24
1751 19
1752 27
1753 15
1754 20
1755 24
1756 24
1757 19
1758 19
1759 23
1760 22
1761 14
1762 18
1763 16
1764 22
1765 23
1766 23
1767 17
1768 18
1769 30
1770 30
1771 31
1772 30
1773 30
1774 29
1775 26
1776 39
1777 38
1778 33
1779 42
1780 50
1781 55
1782 86
1783 84
1784 143
1785 151
1786 176
1787 130
1788 112
1789 99
1790 116
1791 89
1792 80
1793 81
1794 62
1795 80
1796 86
1797 112
1798 113
1799 103
1800 85
1801 70
1802 60
1803 47
1804 52
1805 39
1806 35
1807 44
1808 50
1809 53
1810 41
1811 26
1812 33
1813 30
1814 18
1815 23
1816 22
1817 17
1818 26
1819 25
1820 13
1821 15
1822 28
1823 12
1824 23
1825 23
1826 23
1827 22
1828 17
1829 19
1830 18
1831 20
1832 21
1833 24
1834 25
1835 15
1836 11
1837 18
1838 19
1839 11
1840 16
1841 14
1842 16
1843 15
1844 16
1845 24
1846 18
1847 15
1848 18
1849 19
1850 11
1851 14
1852 20
1853 20
1854 14
1855 19
1856 21
1857 23
1858 23
1859 17
1860 19
1861 15
1862 9
1863 16
1864 18
1865 17
1866 14
1867 20
1868 21
1869 15
1870 17
1871 13
1872 14
1873 18
1874 15
1875 13
1876 20
1877 16
1878 20
1879 24
1880 19
1881 20
1882 14
1883 11
1884 10
1885 12
1886 15
1887 18
1888 15
1889 15
1890 21
1891 21
1892 15
1893 19
1894 21
1895 13
1896 13
1897 22
1898 17
1899 17
1900 16
1901 21
1902 20
1903 13
1904 20
1905 18
1906 14
1907 12
1908 16
1909 19
1910 14
1911 15
1912 15
1913 15
1914 15
1915 14
1916 13
1917 17
1918 16
1919 25
1920 15
1921 15
1922 24
1923 19
1924 20
1925 12
1926 22
1927 15
1928 19
1929 15
1930 24
1931 28
1932 18
1933 20
1934 22
1935 10
1936 16
1937 18
1938 17
1939 21
1940 14
1941 24
1942 23
1943 20
1944 20
1945 13
1946 16
1947 24
1948 15
1949 17
1950 16
1951 18
1952 19
1953 21
1954 18
1955 16
1956 17
1957 20
1958 19
1959 20
1960 22
1961 20
1962 17
1963 17
1964 17
1965 18
1966 21
1967 15
1968 19
1969 22
1970 21
1971 19
1972 12
1973 15
1974 10
1975 19
1976 18
1977 26
1978 17
1979 24
1980 19
1981 17
1982 17
1983 20
1984 20
1985 17
1986 13
1987 21
1988 16
1989 15
1990 18
1991 18
1992 18
1993 21
1994 15
1995 15
1996 19
1997 26
1998 22
1999 13
2000 23
2001 17
2002 21
2003 10
2004 17
2005 21
2006 19
2007 20
2008 22
2009 14
2010 27
2011 16
2012 22
2013 29
2014 22
2015 28
2016 29
2017 23
2018 27
2019 28
2020 26
2021 20
2022 37
2023 35
2024 53
2025 57
2026 47
2027 44
2028 66
2029 76
2030 67
2031 96
2032 102
2033 123
2034 141
2035 166
2036 231
2037 241
2038 277
2039 274
2040 264
2041 255
2042 283
2043 290
2044 282
2045 286
2046 366
2047 385
2048 339
2049 306
2050 305
2051 338
2052 391
2053 377
2054 369
2055 319
2056 255
2057 268
2058 221
2059 196
2060 178
2061 121
2062 97
2063 94
2064 69
2065 75
2066 53
2067 50
2068 35
2069 30
2070 34
2071 28
2072 34
2073 20
2074 27
2075 19
2076 18
2077 21
2078 19
2079 16
2080 20
2081 15
2082 13
2083 13
2084 12
2085 16
2086 16
2087 19
2088 19
2089 14
2090 18
2091 15
2092 17
2093 18
2094 17
2095 22
2096 13
2097 15
2098 20
2099 14
2100 25
2101 18
2102 8
2103 18
2104 12
2105 16
2106 16
2107 14
2108 13
2109 15
2110 12
2111 11
2112 23
2113 20
2114 13
2115 13
2116 15
2117 16
2118 21
2119 16
2120 18
2121 13
2122 12
2123 16
2124 8
2125 17
2126 8
2127 17
2128 15
2129 16
2130 16
2131 15
2132 16
2133 18
2134 21
2135 10
2136 14
2137 17
2138 13
2139 11
2140 17
2141 15
2142 15
2143 19
2144 13
2145 13
2146 18
2147 11
2148 16
2149 11
2150 18
2151 24
2152 17
2153 9
2154 14
2155 16
2156 20
2157 18
2158 20
2159 23
2160 20
2161 15
2162 12
2163 21
2164 20
2165 28
2166 26
2167 18
2168 13
2169 16
2170 18
2171 15
2172 14
2173 19
2174 14
2175 19
2176 23
2177 15
2178 19
2179 21
2180 11
2181 18
2182 15
2183 13
2184 12
2185 16
2186 15
2187 21
2188 13
2189 18
2190 14
2191 20
2192 14
2193 14
2194 13
2195 12
2196 14
2197 12
2198 18
2199 13
2200 13
2201 18
2202 22
2203 11
2204 21
2205 17
2206 17
2207 13
2208 16
2209 17
2210 15
2211 14
2212 8
2213 19
2214 7
2215 14
2216 16
2217 17
2218 16
2219 20
2220 21
2221 20
2222 22
2223 10
2224 21
2225 31
2226 30
2227 17
2228 20
2229 26
2230 26
2231 37
2232 33
2233 34
2234 42
2235 38
2236 42
2237 38
2238 38
2239 45
2240 50
2241 50
2242 75
2243 70
2244 74
2245 62
2246 68
2247 87
2248 88
2249 63
2250 63
2251 89
2252 95
2253 112
2254 105
2255 93
2256 67
2257 55
2258 59
2259 51
2260 68
2261 39
2262 40
2263 41
2264 38
2265 19
2266 25
2267 29
2268 28
2269 24
2270 17
2271 17
2272 26
2273 15
2274 17
2275 17
2276 14
2277 9
2278 14
2279 14
2280 14
2281 23
2282 13
2283 17
2284 17
2285 15
2286 19
2287 10
2288 16
2289 17
2290 12
2291 20
2292 16
2293 10
2294 12
2295 20
2296 19
2297 14
2298 13
2299 8
2300 10
2301 15
2302 14
2303 13
2304 7
2305 11
2306 16
2307 11
2308 6
2309 14
2310 12
2311 21
2312 20
2313 17
2314 17
2315 16
2316 15
2317 16
2318 12
2319 11
2320 11
2321 11
2322 13
2323 13
2324 10
2325 13
2326 15
2327 20
2328 11
2329 15
2330 10
2331 10
2332 14
2333 15
2334 11
2335 12
2336 12
2337 15
2338 16
2339 11
2340 15
2341 9
2342 16
2343 18
2344 19
2345 15
2346 13
2347 16
2348 21
2349 14
2350 13
2351 11
2352 11
2353 13
2354 16
2355 11
2356 22
2357 18
2358 20
2359 16
2360 17
2361 13
2362 11
2363 15
2364 13
2365 16
2366 17
2367 16
2368 14
2369 15
2370 13
2371 10
2372 13
2373 8
2374 10
2375 14
2376 13
2377 14
2378 12
2379 14
2380 10
2381 15
2382 10
2383 11
2384 9
2385 10
2386 10
2387 8
2388 12
2389 14
2390 13
2391 7
2392 16
2393 12
2394 15
2395 7
2396 14
2397 9
2398 14
2399 14
2400 11
2401 7
2402 10
2403 8
2404 14
2405 12
2406 12
2407 16
2408 26
2409 15
2410 18
2411 15
2412 9
2413 7
2414 7
2415 13
2416 13
2417 7
2418 13
2419 12
2420 11
2421 13
2422 10
2423 8
2424 16
2425 11
2426 7
2427 7
2428 13
2429 15
2430 16
2431 9
2432 9
2433 14
2434 19
2435 7
2436 20
2437 21
2438 22
2439 8
2440 17
2441 15
2442 5
2443 10
2444 7
2445 16
2446 14
2447 12
2448 15
2449 12
2450 10
2451 15
2452 11
2453 11
2454 13
2455 13
2456 21
2457 11
2458 15
2459 8
2460 9
2461 13
2462 8
2463 15
2464 15
2465 12
2466 8
2467 11
2468 7
2469 8
2470 12
2471 13
2472 6
2473 15
2474 10
2475 18
2476 10
2477 8
2478 10
2479 15
2480 16
2481 7
2482 14
2483 17
2484 13
2485 10
2486 14
2487 14
2488 10
2489 13
2490 17
2491 19
2492 10
2493 14
2494 9
2495 9
2496 12
2497 11
2498 15
2499 19
2500 10
2501 6
2502 14
2503 19
2504 21
2505 13
2506 16
2507 13
2508 21
2509 12
2510 14
2511 20
2512 24
2513 24
2514 22
2515 15
2516 9
2517 23
2518 17
2519 18
2520 24
2521 15
2522 24
2523 32
2524 17
2525 31
2526 23
2527 21
2528 38
2529 43
2530 49
2531 29
2532 42
2533 33
2534 44
2535 57
2536 59
2537 38
2538 48
2539 36
2540 41
2541 43
2542 58
2543 52
2544 49
2545 43
2546 65
2547 64
2548 82
2549 69
2550 65
2551 50
2552 39
2553 24
2554 26
2555 38
2556 35
2557 29
2558 29
2559 31
