0 29
1 23
2 25
3 20
4 26
5 22
6 22
7 23
8 26
9 20
10 32
11 19
12 29
13 12
14 23
15 30
16 22
17 24
18 23
19 36
20 29
21 25
22 23
23 33
24 23
25 14
26 27
27 17
28 25
29 25
30 39
31 20
32 21
33 25
34 29
35 28
36 24
37 20
38 26
39 23
40 24
41 19
42 21
43 22
44 18
45 25
46 25
47 34
48 23
49 30
50 17
51 29
52 25
53 27
54 19
55 29
56 23
57 30
58 27
59 31
60 19
61 25
62 15
63 21
64 27
65 26
66 29
67 23
68 20
69 25
70 19
71 20
72 30
73 33
74 23
75 20
76 19
77 23
78 26
79 29
80 21
81 32
82 31
83 29
84 28
85 18
86 35
87 33
88 23
89 30
90 26
91 28
92 21
93 24
94 28
95 28
96 18
97 32
98 28
99 25
100 20
101 29
102 24
103 30
104 19
105 15
106 25
107 28
108 37
109 24
110 25
111 23
112 20
113 17
114 17
115 28
116 27
117 22
118 24
119 22
120 32
121 32
122 22
123 15
124 23
125 30
126 25
127 20
128 25
129 29
130 28
131 31
132 33
133 29
134 22
135 27
136 22
137 23
138 27
139 30
140 20
141 22
142 31
143 38
144 31
145 20
146 29
147 39
148 20
149 18
150 26
151 29
152 35
153 24
154 31
155 40
156 20
157 31
158 29
159 32
160 28
161 25
162 36
163 27
164 31
165 29
166 32
167 32
168 25
169 30
170 29
171 30
172 33
173 21
174 28
175 21
176 23
177 32
178 25
179 17
180 27
181 21
182 24
183 23
184 25
185 19
186 25
187 28
188 19
189 23
190 26
191 24
192 20
193 26
194 22
195 32
196 35
197 22
198 27
199 19
200 28
201 34
202 29
203 32
204 24
205 31
206 35
207 25
208 31
209 33
210 25
211 20
212 21
213 35
214 27
215 29
216 28
217 19
218 33
219 24
220 35
221 28
222 33
223 34
224 27
225 31
226 29
227 31
228 26
229 26
230 31
231 26
232 34
233 20
234 35
235 27
236 18
237 27
238 37
239 28
240 38
241 35
242 30
243 28
244 33
245 37
246 26
247 41
248 33
249 26
250 32
251 28
252 29
253 37
254 29
255 25
256 37
257 25
258 37
259 25
260 29
261 35
262 24
263 25
264 20
265 35
266 32
267 20
268 39
269 31
270 18
271 20
272 30
273 35
274 21
275 26
276 26
277 31
278 41
279 18
280 21
281 31
282 31
283 28
284 24
285 27
286 38
287 24
288 31
289 34
290 34
291 33
292 27
293 40
294 34
295 23
296 26
297 29
298 35
299 25
300 29
301 37
302 33
303 26
304 34
305 20
306 26
307 23
308 32
309 26
310 33
311 29
312 30
313 30
314 30
315 22
316 23
317 26
318 27
319 23
320 28
321 41
322 30
323 35
324 31
325 24
326 29
327 35
328 21
329 19
330 27
331 27
332 30
333 29
334 32
335 36
336 31
337 20
338 34
339 22
340 40
341 25
342 29
343 17
344 35
345 32
346 36
347 24
348 34
349 31
350 26
351 27
352 16
353 27
354 28
355 35
356 32
357 19
358 29
359 21
360 31
361 33
362 19
363 24
364 30
365 18
366 20
367 26
368 34
369 26
370 24
371 30
372 33
373 29
374 35
375 26
376 24
377 35
378 27
379 33
380 28
381 27
382 22
383 26
384 26
385 45
386 30
387 39
388 32
389 30
390 31
391 18
392 24
393 40
394 30
395 37
396 38
397 33
398 37
399 31
400 47
401 31
402 25
403 27
404 37
405 47
406 33
407 23
408 37
409 39
410 25
411 25
412 38
413 24
414 27
415 33
416 35
417 29
418 33
419 43
420 23
421 37
422 32
423 38
424 30
425 30
426 38
427 36
428 35
429 30
430 28
431 26
432 29
433 38
434 32
435 25
436 37
437 33
438 39
439 34
440 42
441 31
442 25
443 29
444 32
445 28
446 20
447 37
448 30
449 34
450 39
451 28
452 26
453 33
454 31
455 32
456 33
457 37
458 29
459 33
460 32
461 32
462 29
463 30
464 22
465 35
466 38
467 27
468 21
469 28
470 25
471 26
472 27
473 36
474 25
475 27
476 27
477 34
478 35
479 40
480 36
481 31
482 34
483 46
484 29
485 35
486 33
487 26
488 33
489 29
490 29
491 35
492 24
493 38
494 28
495 37
496 40
497 36
498 34
499 40
500 40
501 28
502 39
503 29
504 26
505 31
506 33
507 21
508 22
509 29
510 32
511 33
512 41
513 34
514 31
515 42
516 30
517 36
518 39
519 32
520 28
521 33
522 44
523 31
524 30
525 37
526 38
527 29
528 27
529 32
530 38
531 25
532 35
533 38
534 28
535 28
536 31
537 30
538 29
539 27
540 34
541 24
542 32
543 39
544 23
545 32
546 41
547 30
548 37
549 32
550 23
551 29
552 32
553 36
554 47
555 36
556 33
557 43
558 39
559 35
560 20
561 31
562 31
563 26
564 37
565 27
566 36
567 38
568 36
569 28
570 37
571 36
572 32
573 30
574 31
575 36
576 29
577 32
578 35
579 25
580 23
581 36
582 34
583 40
584 36
585 17
586 44
587 26
588 30
589 39
590 30
591 36
592 32
593 31
594 38
595 32
596 32
597 42
598 44
599 24
600 33
601 25
602 29
603 40
604 36
605 35
606 36
607 37
608 45
609 30
610 29
611 37
612 33
613 40
614 37
615 46
616 37
617 31
618 30
619 22
620 30
621 34
622 38
623 39
624 39
625 39
626 64
627 50
628 74
629 46
630 51
631 67
632 51
633 53
634 52
635 40
636 58
637 53
638 61
639 81
640 107
641 95
642 113
643 87
644 117
645 88
646 84
647 102
648 85
649 93
650 105
651 75
652 86
653 88
654 69
655 51
656 64
657 52
658 46
659 39
660 44
661 40
662 35
663 29
664 32
665 37
666 25
667 37
668 30
669 39
670 55
671 35
672 28
673 25
674 29
675 32
676 39
677 30
678 44
679 35
680 32
681 43
682 35
683 33
684 32
685 32
686 37
687 43
688 35
689 33
690 26
691 34
692 33
693 39
694 32
695 32
696 34
697 32
698 30
699 34
700 23
701 29
702 21
703 31
704 33
705 24
706 39
707 38
708 29
709 32
710 38
711 42
712 41
713 36
714 38
715 26
716 41
717 35
718 40
719 28
720 32
721 30
722 36
723 32
724 34
725 34
726 29
727 35
728 35
729 25
730 30
731 27
732 32
733 28
734 45
735 39
736 46
737 43
738 40
739 31
740 25
741 29
742 21
743 37
744 31
745 34
746 40
747 40
748 24
749 30
750 21
751 27
752 38
753 37
754 31
755 27
756 20
757 24
758 32
759 36
760 31
761 31
762 33
763 27
764 30
765 32
766 31
767 45
768 40
769 32
770 41
771 30
772 19
773 42
774 39
775 40
776 24
777 26
778 30
779 32
780 31
781 38
782 29
783 23
784 29
785 31
786 28
787 45
788 30
789 37
790 32
791 32
792 27
793 28
794 24
795 28
796 42
797 29
798 30
799 34
800 31
801 39
802 32
803 32
804 30
805 46
806 42
807 38
808 36
809 24
810 45
811 37
812 40
813 18
814 35
815 29
816 31
817 30
818 23
819 49
820 37
821 26
822 19
823 31
824 31
825 39
826 35
827 44
828 32
829 33
830 25
831 34
832 39
833 27
834 30
835 22
836 29
837 35
838 32
839 35
840 29
841 40
842 26
843 33
844 25
845 24
846 30
847 35
848 41
849 45
850 27
851 30
852 39
853 37
854 33
855 33
856 36
857 27
858 31
859 31
860 33
861 24
862 43
863 29
864 27
865 24
866 43
867 23
868 37
869 29
870 23
871 36
872 33
873 29
874 31
875 48
876 35
877 31
878 26
879 25
880 27
881 32
882 27
883 33
884 33
885 23
886 30
887 34
888 28
889 32
890 41
891 34
892 40
893 37
894 29
895 34
896 30
897 35
898 29
899 27
900 34
901 30
902 34
903 27
904 34
905 32
906 46
907 33
908 41
909 37
910 30
911 26
912 37
913 36
914 39
915 27
916 35
917 34
918 37
919 34
920 31
921 24
922 34
923 39
924 27
925 32
926 25
927 39
928 20
929 36
930 31
931 34
932 32
933 40
934 35
935 28
936 40
937 36
938 37
939 32
940 24
941 24
942 26
943 33
944 41
945 38
946 26
947 20
948 29
949 33
950 30
951 30
952 28
953 26
954 26
955 23
956 34
957 35
958 33
959 42
960 23
961 24
962 26
963 42
964 35
965 30
966 36
967 30
968 31
969 22
970 30
971 31
972 33
973 36
974 31
975 24
976 25
977 25
978 33
979 33
980 22
981 28
982 22
983 26
984 21
985 24
986 27
987 36
988 31
989 23
990 30
991 38
992 36
993 36
994 21
995 34
996 47
997 24
998 43
999 32
1000 35
1001 46
1002 27
1003 28
1004 32
1005 40
1006 47
1007 30
1008 28
1009 28
1010 25
1011 38
1012 41
1013 34
1014 29
1015 32
1016 36
1017 28
1018 28
1019 28
1020 17
1021 37
1022 36
1023 25
1024 29
1025 37
1026 30
1027 28
1028 28
1029 38
1030 38
1031 24
1032 31
1033 28
1034 30
1035 26
1036 32
1037 43
1038 30
1039 41
1040 37
1041 33
1042 27
1043 21
1044 19
1045 23
1046 30
1047 22
1048 14
1049 27
1050 34
1051 28
1052 37
1053 23
1054 32
1055 22
1056 21
1057 27
1058 35
1059 35
1060 29
1061 34
1062 35
1063 35
1064 32
1065 29
1066 25
1067 22
1068 39
1069 47
1070 33
1071 32
1072 36
1073 27
1074 23
1075 43
1076 31
1077 31
1078 32
1079 29
1080 23
1081 27
1082 29
1083 38
1084 35
1085 35
1086 25
1087 24
1088 20
1089 25
1090 33
1091 20
1092 24
1093 35
1094 28
1095 24
1096 31
1097 28
1098 28
1099 34
1100 32
1101 31
1102 28
1103 28
1104 22
1105 17
1106 28
1107 31
1108 22
1109 28
1110 30
1111 25
1112 37
1113 27
1114 40
1115 35
1116 35
1117 38
1118 34
1119 30
1120 33
1121 35
1122 21
1123 36
1124 34
1125 26
1126 27
1127 27
1128 27
1129 25
1130 28
1131 26
1132 37
1133 38
1134 36
1135 30
1136 30
1137 25
1138 26
1139 41
1140 33
1141 24
1142 35
1143 23
1144 33
1145 25
1146 36
1147 21
1148 32
1149 24
1150 25
1151 33
1152 31
1153 31
1154 32
1155 37
1156 23
1157 34
1158 32
1159 37
1160 18
1161 32
1162 29
1163 33
1164 36
1165 25
1166 37
1167 30
1168 22
1169 28
1170 31
1171 28
1172 37
1173 28
1174 28
1175 50
1176 36
1177 34
1178 36
1179 52
1180 62
1181 80
1182 81
1183 85
1184 114
1185 141
1186 235
1187 305
1188 328
1189 288
1190 308
1191 406
1192 450
1193 527
1194 525
1195 447
1196 430
1197 441
1198 404
1199 452
1200 437
1201 394
1202 335
1203 254
1204 233
1205 176
1206 151
1207 133
1208 97
1209 62
1210 58
1211 41
1212 45
1213 43
1214 41
1215 39
1216 42
1217 37
1218 29
1219 26
1220 21
1221 32
1222 32
1223 26
1224 39
1225 22
1226 23
1227 38
1228 31
1229 34
1230 26
1231 30
1232 33
1233 29
1234 45
1235 31
1236 35
1237 24
1238 29
1239 23
1240 26
1241 31
1242 35
1243 29
1244 35
1245 41
1246 24
1247 31
1248 37
1249 21
1250 23
1251 27
1252 32
1253 24
1254 26
1255 24
1256 29
1257 41
1258 30
1259 29
1260 18
1261 35
1262 26
1263 26
1264 21
1265 36
1266 31
1267 23
1268 25
1269 26
1270 27
1271 21
1272 21
1273 17
1274 19
1275 18
1276 27
1277 15
1278 6
1279 2
1280 28
1281 17
1282 24
1283 24
1284 24
1285 18
1286 26
1287 25
1288 29
1289 23
1290 22
1291 26
1292 21
1293 24
1294 24
1295 24
1296 23
1297 24
1298 21
1299 20
1300 22
1301 24
1302 27
1303 25
1304 28
1305 23
1306 18
1307 21
1308 20
1309 23
1310 14
1311 25
1312 25
1313 27
1314 25
1315 20
1316 25
1317 24
1318 19
1319 18
1320 16
1321 18
1322 18
1323 22
1324 25
1325 17
1326 10
1327 25
1328 30
1329 21
1330 25
1331 24
1332 21
1333 25
1334 12
1335 21
1336 24
1337 26
1338 27
1339 26
1340 26
1341 20
1342 19
1343 18
1344 18
1345 15
1346 26
1347 13
1348 24
1349 18
1350 23
1351 27
1352 18
1353 15
1354 25
1355 18
1356 15
1357 22
1358 19
1359 26
1360 25
1361 24
1362 20
1363 10
1364 29
1365 14
1366 18
1367 19
1368 22
1369 24
1370 19
1371 18
1372 15
1373 22
1374 10
1375 13
1376 23
1377 24
1378 17
1379 20
1380 20
1381 26
1382 22
1383 23
1384 28
1385 11
1386 24
1387 20
1388 25
1389 22
1390 26
1391 19
1392 28
1393 21
1394 28
1395 16
1396 14
1397 18
1398 18
1399 19
1400 25
1401 16
1402 15
1403 20
1404 26
1405 29
1406 23
1407 23
1408 17
1409 23
1410 21
1411 23
1412 45
1413 35
1414 39
1415 43
1416 49
1417 40
1418 52
1419 70
1420 44
1421 53
1422 51
1423 44
1424 42
1425 21
1426 32
1427 42
1428 28
1429 23
1430 22
1431 21
1432 17
1433 18
1434 28
1435 16
1436 21
1437 22
1438 26
1439 19
1440 22
1441 25
1442 19
1443 18
1444 18
1445 26
1446 24
1447 21
1448 22
1449 15
1450 23
1451 30
1452 21
1453 21
1454 23
1455 19
1456 22
1457 13
1458 22
1459 21
1460 20
1461 19
1462 20
1463 11
1464 28
1465 24
1466 19
1467 17
1468 23
1469 20
1470 22
1471 21
1472 18
1473 25
1474 21
1475 14
1476 14
1477 18
1478 17
1479 25
1480 28
1481 16
1482 25
1483 21
1484 25
1485 18
1486 16
1487 24
1488 21
1489 19
1490 18
1491 31
1492 28
1493 26
1494 32
1495 43
1496 43
1497 61
1498 68
1499 56
1500 78
1501 82
1502 91
1503 105
1504 147
1505 159
1506 203
1507 216
1508 334
1509 353
1510 277
1511 182
1512 157
1513 119
1514 130
1515 175
1516 156
1517 136
1518 123
1519 95
1520 54
1521 35
1522 25
1523 26
1524 30
1525 25
1526 21
1527 26
1528 22
1529 26
1530 35
1531 21
1532 25
1533 25
1534 18
1535 23
1536 19
1537 11
1538 15
1539 24
1540 12
1541 19
1542 21
1543 15
1544 17
1545 20
1546 30
1547 22
1548 19
1549 28
1550 20
1551 16
1552 22
1553 22
1554 20
1555 23
1556 17
1557 13
1558 19
1559 19
1560 15
1561 22
1562 20
1563 23
1564 16
1565 19
1566 19
1567 17
1568 21
1569 15
1570 23
1571 25
1572 19
1573 21
1574 17
1575 15
1576 20
1577 26
1578 28
1579 22
1580 20
1581 20
1582 24
1583 19
1584 26
1585 18
1586 15
1587 13
1588 13
1589 25
1590 19
1591 14
1592 15
1593 22
1594 23
1595 20
1596 16
1597 24
1598 22
1599 21
1600 17
1601 19
1602 16
1603 27
1604 12
1605 22
1606 28
1607 22
1608 15
1609 21
1610 22
1611 24
1612 21
1613 18
1614 15
1615 20
1616 14
1617 25
1618 16
1619 12
1620 20
1621 17
1622 19
1623 16
1624 21
1625 22
1626 10
1627 20
1628 33
1629 25
1630 23
1631 13
1632 18
1633 12
1634 18
1635 20
1636 18
1637 18
1638 15
1639 16
1640 18
1641 18
1642 23
1643 19
1644 21
1645 15
1646 17
1647 21
1648 13
1649 20
1650 20
1651 18
1652 15
1653 23
1654 21
1655 21
1656 21
1657 14
1658 21
1659 18
1660 22
1661 23
1662 12
1663 20
1664 20
1665 21
1666 20
1667 18
1668 17
1669 19
1670 15
1671 16
1672 15
1673 18
1674 20
1675 16
1676 15
1677 16
1678 19
1679 17
1680 14
1681 17
1682 20
1683 16
1684 15
1685 18
1686 11
1687 15
1688 12
1689 16
1690 24
1691 18
1692 19
1693 14
1694 15
1695 16
1696 22
1697 9
1698 15
1699 20
1700 22
1701 21
1702 13
1703 22
1704 20
1705 25
1706 20
1707 13
1708 18
1709 19
1710 19
1711 19
1712 17
1713 21
1714 15
1715 18
1716 12
1717 18
1718 16
1719 15
1720 27
1721 24
1722 22
1723 17
1724 29
1725 16
1726 13
1727 22
1728 11
1729 18
1730 14
1731 20
1732 21
1733 13
1734 20
1735 9
1736 18
1737 19
1738 21
1739 11
1740 13
1741 11
1742 22
1743 14
1744 14
1745 20
1746 21
1747 18
1748 17
1749 15
1750 12
1751 18
1752 19
1753 17
1754 13
1755 21
1756 18
1757 16
1758 20
1759 17
1760 14
1761 27
1762 23
1763 11
1764 20
1765 11
1766 14
1767 13
1768 17
1769 16
1770 14
1771 8
1772 18
1773 22
1774 16
1775 18
1776 14
1777 23
1778 15
1779 12
1780 18
1781 22
1782 11
1783 19
1784 10
1785 14
1786 16
1787 18
1788 15
1789 10
1790 20
1791 16
1792 12
1793 14
1794 14
1795 15
1796 18
1797 16
1798 18
1799 12
1800 22
1801 17
1802 19
1803 12
1804 10
1805 15
1806 21
1807 13
1808 17
1809 19
1810 16
1811 15
1812 22
1813 13
1814 22
1815 25
1816 12
1817 17
1818 15
1819 16
1820 17
1821 20
1822 13
1823 11
1824 14
1825 17
1826 13
1827 16
1828 23
1829 18
1830 18
1831 13
1832 18
1833 22
1834 23
1835 14
1836 11
1837 10
1838 21
1839 14
1840 14
1841 13
1842 15
1843 19
1844 15
1845 15
1846 13
1847 28
1848 11
1849 10
1850 14
1851 17
1852 9
1853 13
1854 16
1855 17
1856 19
1857 14
1858 20
1859 14
1860 13
1861 13
1862 13
1863 16
1864 13
1865 23
1866 11
1867 22
1868 12
1869 8
1870 20
1871 13
1872 20
1873 16
1874 8
1875 10
1876 13
1877 14
1878 13
1879 20
1880 17
1881 12
1882 10
1883 14
1884 22
1885 17
1886 14
1887 15
1888 16
1889 16
1890 15
1891 14
1892 18
1893 19
1894 24
1895 13
1896 10
1897 22
1898 16
1899 18
1900 14
1901 25
1902 15
1903 14
1904 32
1905 23
1906 17
1907 19
1908 17
1909 16
1910 18
1911 23
1912 9
1913 18
1914 10
1915 16
1916 14
1917 11
1918 11
1919 13
1920 10
1921 16
1922 17
1923 21
1924 15
1925 17
1926 18
1927 12
1928 21
1929 21
1930 18
1931 22
1932 17
1933 21
1934 15
1935 19
1936 24
1937 23
1938 19
1939 16
1940 20
1941 22
1942 17
1943 20
1944 29
1945 21
1946 20
1947 22
1948 17
1949 20
1950 16
1951 15
1952 16
1953 21
1954 18
1955 14
1956 27
1957 18
1958 26
1959 10
1960 18
1961 12
1962 15
1963 11
1964 10
1965 16
1966 10
1967 15
1968 16
1969 19
1970 19
1971 14
1972 19
1973 13
1974 18
1975 24
1976 12
1977 25
1978 25
1979 20
1980 23
1981 15
1982 21
1983 34
1984 29
1985 34
1986 41
1987 47
1988 52
1989 63
1990 55
1991 63
1992 95
1993 92
1994 104
1995 105
1996 146
1997 200
1998 179
1999 134
2000 95
2001 103
2002 126
2003 126
2004 107
2005 67
2006 56
2007 46
2008 47
2009 28
2010 27
2011 26
2012 28
2013 29
2014 22
2015 10
2016 26
2017 16
2018 18
2019 14
2020 20
2021 17
2022 14
2023 14
2024 15
2025 20
2026 18
2027 14
2028 20
2029 13
2030 15
2031 11
2032 14
2033 18
2034 12
2035 12
2036 10
2037 16
2038 14
2039 14
2040 8
2041 16
2042 12
2043 14
2044 16
2045 10
2046 10
2047 14
2048 12
2049 10
2050 20
2051 17
2052 12
2053 12
2054 15
2055 12
2056 11
2057 12
2058 10
2059 14
2060 18
2061 21
2062 13
2063 16
2064 15
2065 10
2066 18
2067 19
2068 16
2069 20
2070 13
2071 18
2072 17
2073 11
2074 13
2075 14
2076 10
2077 7
2078 11
2079 14
2080 8
2081 7
2082 14
2083 13
2084 12
2085 12
2086 17
2087 11
2088 16
2089 16
2090 9
2091 11
2092 13
2093 7
2094 10
2095 17
2096 10
2097 7
2098 7
2099 16
2100 16
2101 18
2102 9
2103 17
2104 23
2105 11
2106 15
2107 16
2108 20
2109 7
2110 17
2111 13
2112 13
2113 9
2114 14
2115 17
2116 11
2117 16
2118 13
2119 15
2120 14
2121 13
2122 15
2123 15
2124 11
2125 15
2126 26
2127 10
2128 13
2129 10
2130 18
2131 14
2132 16
2133 22
2134 15
2135 10
2136 17
2137 14
2138 12
2139 10
2140 12
2141 13
2142 17
2143 20
2144 14
2145 15
2146 10
2147 19
2148 14
2149 10
2150 13
2151 14
2152 6
2153 8
2154 14
2155 13
2156 14
2157 22
2158 16
2159 15
2160 17
2161 15
2162 12
2163 13
2164 19
2165 19
2166 18
2167 30
2168 13
2169 18
2170 17
2171 11
2172 11
2173 16
2174 5
2175 16
2176 6
2177 8
2178 15
2179 11
2180 20
2181 11
2182 16
2183 19
2184 15
2185 20
2186 14
2187 21
2188 18
2189 24
2190 17
2191 13
2192 11
2193 15
2194 10
2195 14
2196 16
2197 17
2198 9
2199 9
2200 23
2201 11
2202 19
2203 12
2204 13
2205 18
2206 12
2207 7
2208 9
2209 15
2210 12
2211 14
2212 9
2213 10
2214 13
2215 18
2216 16
2217 16
2218 18
2219 14
2220 12
2221 14
2222 13
2223 16
2224 14
2225 12
2226 16
2227 11
2228 12
2229 9
2230 18
2231 17
2232 12
2233 10
2234 16
2235 17
2236 9
2237 23
2238 17
2239 18
2240 17
2241 21
2242 21
2243 21
2244 35
2245 38
2246 35
2247 46
2248 41
2249 53
2250 66
2251 66
2252 66
2253 90
2254 128
2255 154
2256 222
2257 305
2258 291
2259 325
2260 303
2261 279
2262 292
2263 389
2264 480
2265 530
2266 518
2267 491
2268 503
2269 453
2270 390
2271 388
2272 472
2273 462
2274 402
2275 328
2276 274
2277 242
2278 237
2279 234
2280 212
2281 150
2282 146
2283 115
2284 66
2285 51
2286 46
2287 25
2288 26
2289 23
2290 23
2291 20
2292 22
2293 19
2294 14
2295 15
2296 15
2297 18
2298 18
2299 12
2300 18
2301 21
2302 13
2303 10
2304 18
2305 20
2306 14
2307 19
2308 16
2309 18
2310 15
2311 18
2312 13
2313 16
2314 10
2315 16
2316 15
2317 16
2318 15
2319 21
2320 14
2321 7
2322 15
2323 19
2324 11
2325 9
2326 9
2327 18
2328 16
2329 14
2330 10
2331 13
2332 12
2333 8
2334 14
2335 13
2336 9
2337 15
2338 14
2339 17
2340 15
2341 19
2342 15
2343 18
2344 14
2345 14
2346 23
2347 11
2348 19
2349 17
2350 11
2351 16
2352 10
2353 12
2354 16
2355 10
2356 13
2357 7
2358 19
2359 10
2360 9
2361 11
2362 11
2363 12
2364 10
2365 15
2366 13
2367 9
2368 20
2369 17
2370 19
2371 18
2372 16
2373 16
2374 14
2375 8
2376 8
2377 12
2378 15
2379 12
2380 11
2381 14
2382 17
2383 15
2384 13
2385 8
2386 11
2387 12
2388 16
2389 10
2390 16
2391 18
2392 10
2393 16
2394 16
2395 17
2396 17
2397 13
2398 18
2399 14
2400 15
2401 13
2402 12
2403 14
2404 15
2405 13
2406 13
2407 13
2408 14
2409 15
2410 14
2411 19
2412 10
2413 9
2414 11
2415 12
2416 10
2417 16
2418 10
2419 16
2420 15
2421 13
2422 16
2423 14
2424 14
2425 13
2426 12
2427 10
2428 16
2429 19
2430 10
2431 17
2432 15
2433 9
2434 11
2435 11
2436 13
2437 13
2438 14
2439 8
2440 10
2441 10
2442 15
2443 14
2444 15
2445 14
2446 18
2447 12
2448 16
2449 11
2450 8
2451 17
2452 10
2453 10
2454 15
2455 18
2456 9
2457 12
2458 12
2459 16
2460 18
2461 21
2462 18
2463 23
2464 21
2465 31
2466 27
2467 30
2468 32
2469 40
2470 27
2471 35
2472 39
2473 68
2474 63
2475 84
2476 80
2477 92
2478 95
2479 85
2480 80
2481 83
2482 81
2483 76
2484 81
2485 84
2486 85
2487 57
2488 75
2489 65
2490 57
2491 60
2492 48
2493 46
2494 29
2495 35
2496 28
2497 23
2498 23
2499 27
2500 24
2501 23
2502 14
2503 17
2504 14
2505 8
2506 12
2507 11
2508 6
2509 13
2510 8
2511 13
2512 10
2513 13
2514 14
2515 13
2516 11
2517 11
2518 9
2519 9
2520 8
2521 8
2522 14
2523 10
2524 11
2525 11
2526 11
2527 12
2528 11
2529 12
2530 16
2531 15
2532 14
2533 10
2534 11
2535 10
2536 13
2537 9
2538 13
2539 10
2540 10
2541 11
2542 10
2543 11
2544 10
2545 9
2546 8
2547 15
2548 10
2549 9
2550 12
2551 11
2552 8
2553 8
2554 13
2555 14
2556 12
2557 18
2558 14
2559 14
