0 40
1 36
2 32
3 29
4 36
5 36
6 26
7 30
8 28
9 29
10 28
11 34
12 51
13 34
14 36
15 27
16 37
17 36
18 32
19 36
20 28
21 30
22 28
23 35
24 33
25 31
26 37
27 23
28 29
29 40
30 25
31 29
32 30
33 24
34 29
35 26
36 31
37 30
38 29
39 29
40 30
41 35
42 26
43 35
44 33
45 28
46 31
47 42
48 29
49 38
50 22
51 27
52 36
53 23
54 40
55 36
56 25
57 26
58 47
59 30
60 25
61 27
62 25
63 38
64 31
65 30
66 28
67 32
68 29
69 38
70 41
71 32
72 30
73 30
74 31
75 41
76 35
77 28
78 35
79 33
80 25
81 33
82 27
83 28
84 33
85 35
86 37
87 26
88 25
89 20
90 35
91 28
92 20
93 28
94 24
95 43
96 29
97 35
98 26
99 45
100 47
101 32
102 45
103 28
104 31
105 47
106 36
107 31
108 22
109 34
110 36
111 33
112 27
113 38
114 39
115 20
116 46
117 33
118 36
119 41
120 28
121 34
122 36
123 21
124 32
125 30
126 31
127 32
128 35
129 42
130 49
131 43
132 20
133 35
134 35
135 43
136 31
137 37
138 40
139 30
140 35
141 34
142 37
143 36
144 25
145 28
146 30
147 32
148 39
149 47
150 40
151 33
152 35
153 38
154 29
155 41
156 30
157 38
158 50
159 42
160 50
161 43
162 33
163 30
164 34
165 34
166 31
167 32
168 25
169 27
170 37
171 31
172 38
173 31
174 35
175 44
176 36
177 37
178 30
179 33
180 38
181 42
182 40
183 27
184 31
185 44
186 40
187 28
188 42
189 41
190 27
191 40
192 43
193 35
194 29
195 33
196 32
197 33
198 32
199 28
200 37
201 38
202 29
203 36
204 35
205 39
206 43
207 37
208 28
209 43
210 33
211 33
212 29
213 37
214 35
215 38
216 29
217 27
218 36
219 38
220 24
221 30
222 36
223 40
224 34
225 42
226 35
227 31
228 32
229 42
230 57
231 32
232 32
233 34
234 33
235 30
236 35
237 34
238 30
239 41
240 30
241 32
242 38
243 30
244 41
245 23
246 38
247 33
248 29
249 35
250 39
251 37
252 37
253 28
254 30
255 40
256 50
257 44
258 45
259 41
260 38
261 47
262 39
263 47
264 33
265 40
266 32
267 49
268 34
269 30
270 34
271 30
272 37
273 24
274 41
275 27
276 30
277 42
278 30
279 37
280 51
281 39
282 42
283 32
284 43
285 43
286 41
287 40
288 35
289 42
290 39
291 39
292 32
293 28
294 51
295 46
296 38
297 35
298 29
299 40
300 33
301 43
302 50
303 38
304 41
305 31
306 38
307 34
308 35
309 36
310 35
311 28
312 25
313 33
314 43
315 45
316 42
317 43
318 47
319 39
320 40
321 40
322 36
323 49
324 38
325 40
326 46
327 35
328 30
329 30
330 39
331 32
332 26
333 28
334 48
335 31
336 32
337 60
338 39
339 42
340 31
341 19
342 45
343 37
344 36
345 26
346 40
347 51
348 38
349 34
350 57
351 43
352 29
353 43
354 41
355 44
356 30
357 39
358 35
359 47
360 43
361 38
362 34
363 41
364 36
365 37
366 43
367 37
368 45
369 38
370 43
371 41
372 42
373 42
374 26
375 43
376 29
377 35
378 31
379 34
380 36
381 32
382 37
383 34
384 36
385 49
386 40
387 45
388 49
389 42
390 33
391 36
392 38
393 37
394 50
395 36
396 43
397 36
398 45
399 32
400 50
401 52
402 34
403 39
404 49
405 30
406 34
407 48
408 27
409 53
410 48
411 35
412 38
413 45
414 31
415 38
416 38
417 42
418 46
419 41
420 52
421 33
422 33
423 39
424 43
425 39
426 37
427 41
428 38
429 36
430 43
431 48
432 40
433 43
434 40
435 45
436 43
437 54
438 37
439 42
440 44
441 45
442 37
443 44
444 43
445 36
446 40
447 42
448 42
449 41
450 37
451 39
452 37
453 41
454 36
455 41
456 34
457 55
458 28
459 39
460 42
461 36
462 29
463 41
464 36
465 43
466 37
467 35
468 38
469 32
470 44
471 46
472 38
473 31
474 38
475 41
476 34
477 48
478 36
479 28
480 35
481 51
482 46
483 33
484 41
485 42
486 36
487 50
488 46
489 25
490 42
491 36
492 43
493 39
494 44
495 27
496 43
497 44
498 53
499 42
500 45
501 37
502 38
503 48
504 48
505 48
506 62
507 43
508 46
509 48
510 58
511 54
512 78
513 49
514 61
515 64
516 61
517 72
518 71
519 84
520 90
521 102
522 104
523 102
524 122
525 109
526 100
527 75
528 87
529 75
530 80
531 88
532 112
533 142
534 150
535 142
536 119
537 105
538 82
539 75
540 59
541 82
542 52
543 45
544 32
545 48
546 45
547 43
548 57
549 45
550 35
551 42
552 41
553 40
554 37
555 45
556 45
557 33
558 45
559 39
560 47
561 43
562 27
563 39
564 39
565 35
566 35
567 40
568 50
569 52
570 46
571 38
572 34
573 47
574 45
575 35
576 36
577 47
578 53
579 48
580 35
581 40
582 36
583 27
584 38
585 46
586 55
587 39
588 36
589 43
590 38
591 39
592 39
593 57
594 42
595 48
596 45
597 48
598 40
599 36
600 44
601 40
602 29
603 28
604 35
605 35
606 37
607 42
608 47
609 36
610 37
611 43
612 45
613 48
614 45
615 36
616 36
617 35
618 36
619 34
620 36
621 52
622 36
623 36
624 37
625 36
626 38
627 43
628 39
629 44
630 42
631 40
632 44
633 50
634 36
635 34
636 36
637 47
638 47
639 47
640 47
641 40
642 47
643 47
644 41
645 41
646 29
647 39
648 50
649 34
650 46
651 35
652 44
653 51
654 46
655 40
656 49
657 48
658 45
659 41
660 36
661 46
662 38
663 37
664 33
665 35
666 31
667 43
668 41
669 40
670 31
671 34
672 36
673 39
674 53
675 50
676 44
677 45
678 41
679 45
680 32
681 43
682 39
683 39
684 55
685 37
686 36
687 36
688 38
689 35
690 37
691 48
692 42
693 52
694 43
695 50
696 43
697 65
698 39
699 47
700 48
701 50
702 39
703 33
704 38
705 44
706 48
707 32
708 33
709 37
710 41
711 40
712 52
713 33
714 41
715 42
716 37
717 44
718 40
719 44
720 51
721 40
722 35
723 31
724 46
725 24
726 31
727 27
728 35
729 28
730 46
731 42
732 45
733 32
734 40
735 36
736 37
737 27
738 32
739 36
740 36
741 38
742 43
743 38
744 41
745 30
746 41
747 41
748 37
749 35
750 40
751 39
752 40
753 37
754 34
755 39
756 33
757 30
758 40
759 34
760 23
761 37
762 37
763 35
764 41
765 38
766 40
767 28
768 35
769 47
770 30
771 41
772 36
773 41
774 37
775 39
776 43
777 38
778 43
779 35
780 39
781 39
782 47
783 46
784 39
785 39
786 40
787 30
788 41
789 38
790 32
791 41
792 46
793 43
794 33
795 33
796 43
797 28
798 43
799 30
800 33
801 35
802 30
803 39
804 36
805 44
806 36
807 27
808 28
809 31
810 41
811 36
812 40
813 43
814 37
815 33
816 39
817 36
818 36
819 42
820 30
821 38
822 32
823 34
824 31
825 39
826 28
827 42
828 43
829 49
830 38
831 37
832 32
833 34
834 32
835 41
836 31
837 28
838 38
839 40
840 39
841 40
842 40
843 35
844 27
845 27
846 37
847 39
848 38
849 36
850 32
851 33
852 36
853 42
854 39
855 42
856 40
857 35
858 44
859 47
860 47
861 41
862 32
863 37
864 34
865 42
866 29
867 34
868 42
869 46
870 45
871 36
872 42
873 47
874 38
875 37
876 28
877 36
878 26
879 27
880 40
881 34
882 27
883 44
884 43
885 21
886 44
887 35
888 31
889 37
890 28
891 38
892 30
893 31
894 40
895 30
896 39
897 53
898 36
899 30
900 43
901 47
902 22
903 30
904 28
905 26
906 37
907 53
908 39
909 29
910 45
911 44
912 34
913 34
914 38
915 49
916 41
917 42
918 40
919 28
920 40
921 40
922 33
923 36
924 41
925 30
926 38
927 27
928 34
929 31
930 45
931 28
932 47
933 36
934 42
935 40
936 40
937 37
938 38
939 40
940 48
941 39
942 29
943 36
944 40
945 28
946 23
947 28
948 34
949 40
950 31
951 28
952 40
953 41
954 37
955 35
956 49
957 37
958 27
959 35
960 31
961 31
962 35
963 45
964 42
965 26
966 31
967 28
968 25
969 35
970 35
971 40
972 27
973 27
974 19
975 38
976 32
977 26
978 38
979 35
980 30
981 44
982 43
983 27
984 40
985 49
986 33
987 38
988 19
989 27
990 48
991 35
992 44
993 43
994 42
995 30
996 32
997 25
998 36
999 32
1000 37
1001 47
1002 47
1003 44
1004 30
1005 40
1006 42
1007 31
1008 26
1009 37
1010 34
1011 44
1012 39
1013 39
1014 29
1015 32
1016 36
1017 37
1018 34
1019 42
1020 42
1021 41
1022 46
1023 56
1024 71
1025 82
1026 72
1027 57
1028 78
1029 81
1030 89
1031 106
1032 88
1033 105
1034 100
1035 162
1036 206
1037 246
1038 286
1039 266
1040 298
1041 314
1042 318
1043 378
1044 436
1045 469
1046 450
1047 465
1048 487
1049 425
1050 482
1051 477
1052 415
1053 351
1054 284
1055 254
1056 174
1057 176
1058 146
1059 98
1060 64
1061 51
1062 50
1063 38
1064 30
1065 41
1066 43
1067 44
1068 31
1069 38
1070 45
1071 33
1072 28
1073 37
1074 39
1075 43
1076 23
1077 40
1078 55
1079 46
1080 32
1081 35
1082 37
1083 35
1084 45
1085 37
1086 35
1087 36
1088 33
1089 34
1090 30
1091 34
1092 38
1093 43
1094 29
1095 42
1096 31
1097 38
1098 34
1099 43
1100 38
1101 34
1102 43
1103 34
1104 36
1105 32
1106 38
1107 37
1108 36
1109 44
1110 30
1111 27
1112 33
1113 33
1114 32
1115 40
1116 28
1117 36
1118 42
1119 26
1120 24
1121 31
1122 34
1123 23
1124 30
1125 33
1126 37
1127 36
1128 29
1129 25
1130 29
1131 26
1132 34
1133 43
1134 43
1135 38
1136 28
1137 34
1138 31
1139 33
1140 28
1141 30
1142 32
1143 35
1144 27
1145 33
1146 44
1147 22
1148 36
1149 37
1150 37
1151 44
1152 37
1153 29
1154 36
1155 28
1156 34
1157 34
1158 41
1159 24
1160 37
1161 33
1162 34
1163 31
1164 34
1165 43
1166 43
1167 29
1168 51
1169 71
1170 72
1171 74
1172 60
1173 68
1174 53
1175 66
1176 68
1177 66
1178 54
1179 53
1180 72
1181 79
1182 74
1183 58
1184 44
1185 52
1186 55
1187 45
1188 64
1189 42
1190 48
1191 44
1192 42
1193 32
1194 30
1195 41
1196 37
1197 54
1198 24
1199 30
1200 26
1201 19
1202 23
1203 25
1204 33
1205 28
1206 31
1207 27
1208 31
1209 28
1210 20
1211 27
1212 23
1213 30
1214 28
1215 38
1216 34
1217 44
1218 34
1219 30
1220 30
1221 40
1222 30
1223 35
1224 26
1225 41
1226 28
1227 23
1228 27
1229 27
1230 25
1231 32
1232 36
1233 33
1234 30
1235 38
1236 32
1237 36
1238 34
1239 34
1240 34
1241 31
1242 38
1243 31
1244 23
1245 36
1246 21
1247 41
1248 43
1249 35
1250 22
1251 32
1252 38
1253 39
1254 25
1255 34
1256 38
1257 34
1258 28
1259 32
1260 26
1261 26
1262 28
1263 34
1264 23
1265 24
1266 39
1267 22
1268 22
1269 30
1270 17
1271 30
1272 24
1273 21
1274 18
1275 18
1276 15
1277 16
1278 20
1279 24
1280 27
1281 25
1282 28
1283 24
1284 20
1285 21
1286 22
1287 24
1288 18
1289 27
1290 29
1291 25
1292 18
1293 34
1294 26
1295 23
1296 35
1297 31
1298 33
1299 25
1300 23
1301 25
1302 22
1303 22
1304 27
1305 29
1306 21
1307 33
1308 39
1309 34
1310 41
1311 33
1312 28
1313 44
1314 38
1315 53
1316 40
1317 53
1318 75
1319 85
1320 103
1321 73
1322 99
1323 69
1324 118
1325 138
1326 115
1327 132
1328 157
1329 137
1330 164
1331 201
1332 304
1333 408
1334 294
1335 187
1336 148
1337 127
1338 162
1339 176
1340 150
1341 95
1342 79
1343 77
1344 70
1345 57
1346 47
1347 40
1348 28
1349 18
1350 34
1351 32
1352 40
1353 34
1354 22
1355 29
1356 22
1357 29
1358 27
1359 28
1360 16
1361 22
1362 19
1363 21
1364 23
1365 25
1366 29
1367 28
1368 15
1369 23
1370 23
1371 12
1372 22
1373 23
1374 30
1375 21
1376 23
1377 23
1378 23
1379 24
1380 24
1381 24
1382 22
1383 24
1384 33
1385 19
1386 31
1387 19
1388 18
1389 18
1390 15
1391 17
1392 23
1393 25
1394 25
1395 26
1396 18
1397 12
1398 20
1399 25
1400 23
1401 26
1402 26
1403 25
1404 32
1405 20
1406 28
1407 23
1408 33
1409 23
1410 28
1411 15
1412 16
1413 29
1414 27
1415 24
1416 20
1417 22
1418 32
1419 27
1420 25
1421 24
1422 27
1423 20
1424 24
1425 20
1426 14
1427 19
1428 26
1429 22
1430 18
1431 25
1432 20
1433 21
1434 26
1435 25
1436 23
1437 32
1438 24
1439 22
1440 24
1441 27
1442 22
1443 27
1444 24
1445 19
1446 25
1447 23
1448 19
1449 18
1450 24
1451 22
1452 29
1453 28
1454 34
1455 27
1456 22
1457 35
1458 23
1459 17
1460 23
1461 26
1462 21
1463 28
1464 24
1465 20
1466 29
1467 27
1468 24
1469 16
1470 23
1471 16
1472 18
1473 11
1474 30
1475 16
1476 26
1477 19
1478 20
1479 33
1480 17
1481 14
1482 20
1483 26
1484 23
1485 33
1486 22
1487 24
1488 20
1489 19
1490 25
1491 25
1492 21
1493 23
1494 22
1495 23
1496 26
1497 24
1498 27
1499 18
1500 20
1501 22
1502 22
1503 19
1504 21
1505 26
1506 28
1507 21
1508 25
1509 18
1510 26
1511 25
1512 26
1513 14
1514 11
1515 22
1516 19
1517 18
1518 24
1519 18
1520 15
1521 23
1522 18
1523 25
1524 18
1525 27
1526 20
1527 20
1528 25
1529 23
1530 22
1531 22
1532 34
1533 17
1534 19
1535 17
1536 13
1537 21
1538 15
1539 26
1540 16
1541 19
1542 24
1543 18
1544 18
1545 24
1546 18
1547 24
1548 23
1549 19
1550 21
1551 19
1552 20
1553 30
1554 18
1555 20
1556 24
1557 20
1558 24
1559 25
1560 20
1561 15
1562 17
1563 21
1564 15
1565 16
1566 26
1567 17
1568 27
1569 21
1570 24
1571 25
1572 17
1573 18
1574 30
1575 17
1576 21
1577 17
1578 31
1579 23
1580 17
1581 34
1582 25
1583 29
1584 22
1585 28
1586 17
1587 20
1588 19
1589 20
1590 20
1591 19
1592 24
1593 33
1594 24
1595 19
1596 25
1597 23
1598 19
1599 23
1600 28
1601 16
1602 20
1603 17
1604 19
1605 20
1606 18
1607 23
1608 13
1609 13
1610 19
1611 21
1612 18
1613 20
1614 18
1615 20
1616 28
1617 27
1618 18
1619 16
1620 16
1621 25
1622 14
1623 10
1624 19
1625 16
1626 19
1627 19
1628 16
1629 18
1630 21
1631 20
1632 24
1633 14
1634 24
1635 15
1636 19
1637 7
1638 20
1639 24
1640 20
1641 19
1642 24
1643 18
1644 22
1645 23
1646 15
1647 23
1648 12
1649 13
1650 17
1651 18
1652 13
1653 25
1654 25
1655 20
1656 12
1657 23
1658 21
1659 22
1660 20
1661 17
1662 15
1663 17
1664 22
1665 16
1666 18
1667 18
1668 12
1669 20
1670 22
1671 24
1672 11
1673 25
1674 25
1675 15
1676 25
1677 15
1678 16
1679 19
1680 18
1681 12
1682 17
1683 15
1684 21
1685 26
1686 25
1687 18
1688 20
1689 18
1690 17
1691 24
1692 20
1693 19
1694 16
1695 14
1696 18
1697 28
1698 22
1699 16
1700 20
1701 25
1702 16
1703 18
1704 23
1705 23
1706 18
1707 21
1708 11
1709 14
1710 16
1711 12
1712 24
1713 22
1714 11
1715 18
1716 26
1717 30
1718 16
1719 19
1720 20
1721 18
1722 29
1723 17
1724 20
1725 11
1726 19
1727 23
1728 22
1729 31
1730 26
1731 21
1732 15
1733 19
1734 14
1735 23
1736 28
1737 19
1738 26
1739 17
1740 23
1741 20
1742 28
1743 21
1744 18
1745 18
1746 19
1747 11
1748 30
1749 20
1750 12
1751 13
1752 19
1753 15
1754 25
1755 19
1756 21
1757 16
1758 17
1759 17
1760 19
1761 25
1762 17
1763 26
1764 17
1765 21
1766 22
1767 17
1768 22
1769 24
1770 24
1771 33
1772 30
1773 31
1774 36
1775 27
1776 35
1777 35
1778 40
1779 54
1780 47
1781 79
1782 98
1783 134
1784 155
1785 171
1786 162
1787 110
1788 105
1789 129
1790 120
1791 83
1792 67
1793 78
1794 88
1795 90
1796 76
1797 96
1798 86
1799 95
1800 66
1801 54
1802 40
1803 51
1804 31
1805 40
1806 31
1807 35
1808 33
1809 33
1810 18
1811 22
1812 34
1813 16
1814 23
1815 16
1816 17
1817 12
1818 17
1819 23
1820 21
1821 11
1822 17
1823 11
1824 13
1825 14
1826 20
1827 13
1828 22
1829 18
1830 24
1831 11
1832 23
1833 13
1834 23
1835 18
1836 24
1837 20
1838 17
1839 18
1840 20
1841 11
1842 13
1843 16
1844 12
1845 18
1846 19
1847 11
1848 18
1849 17
1850 13
1851 21
1852 8
1853 17
1854 10
1855 20
1856 18
1857 20
1858 14
1859 15
1860 12
1861 20
1862 14
1863 10
1864 20
1865 17
1866 15
1867 11
1868 20
1869 14
1870 17
1871 21
1872 14
1873 19
1874 19
1875 15
1876 12
1877 8
1878 28
1879 12
1880 15
1881 14
1882 15
1883 18
1884 8
1885 19
1886 25
1887 6
1888 17
1889 15
1890 13
1891 20
1892 13
1893 19
1894 20
1895 9
1896 21
1897 12
1898 17
1899 15
1900 18
1901 24
1902 16
1903 18
1904 21
1905 21
1906 23
1907 12
1908 18
1909 22
1910 27
1911 20
1912 14
1913 16
1914 22
1915 21
1916 14
1917 20
1918 17
1919 18
1920 16
1921 21
1922 18
1923 16
1924 19
1925 22
1926 21
1927 17
1928 15
1929 14
1930 17
1931 19
1932 27
1933 17
1934 21
1935 18
1936 19
1937 16
1938 21
1939 21
1940 16
1941 22
1942 24
1943 28
1944 30
1945 19
1946 29
1947 16
1948 18
1949 13
1950 25
1951 21
1952 13
1953 14
1954 16
1955 14
1956 22
1957 12
1958 16
1959 18
1960 23
1961 18
1962 17
1963 11
1964 12
1965 16
1966 17
1967 22
1968 16
1969 21
1970 16
1971 21
1972 21
1973 17
1974 25
1975 22
1976 9
1977 22
1978 18
1979 15
1980 23
1981 15
1982 24
1983 14
1984 26
1985 22
1986 12
1987 24
1988 22
1989 20
1990 18
1991 19
1992 16
1993 14
1994 17
1995 17
1996 15
1997 17
1998 22
1999 21
2000 24
2001 15
2002 13
2003 14
2004 15
2005 23
2006 18
2007 17
2008 26
2009 13
2010 16
2011 17
2012 19
2013 13
2014 30
2015 15
2016 26
2017 28
2018 25
2019 33
2020 32
2021 33
2022 35
2023 43
2024 51
2025 56
2026 45
2027 60
2028 83
2029 100
2030 109
2031 132
2032 110
2033 126
2034 154
2035 192
2036 219
2037 281
2038 330
2039 320
2040 307
2041 292
2042 325
2043 299
2044 292
2045 320
2046 338
2047 399
2048 403
2049 344
2050 286
2051 352
2052 377
2053 294
2054 279
2055 289
2056 233
2057 223
2058 190
2059 140
2060 122
2061 97
2062 78
2063 73
2064 68
2065 55
2066 54
2067 41
2068 36
2069 27
2070 34
2071 22
2072 28
2073 26
2074 25
2075 20
2076 17
2077 25
2078 19
2079 12
2080 13
2081 18
2082 22
2083 23
2084 17
2085 18
2086 22
2087 12
2088 18
2089 18
2090 18
2091 23
2092 20
2093 16
2094 10
2095 22
2096 10
2097 22
2098 15
2099 10
2100 17
2101 15
2102 17
2103 12
2104 18
2105 11
2106 9
2107 21
2108 10
2109 11
2110 20
2111 14
2112 13
2113 15
2114 15
2115 15
2116 18
2117 17
2118 15
2119 16
2120 16
2121 15
2122 22
2123 25
2124 17
2125 15
2126 13
2127 16
2128 14
2129 16
2130 17
2131 13
2132 15
2133 13
2134 11
2135 17
2136 20
2137 13
2138 16
2139 20
2140 17
2141 8
2142 12
2143 15
2144 20
2145 19
2146 13
2147 13
2148 16
2149 12
2150 16
2151 16
2152 18
2153 22
2154 20
2155 13
2156 23
2157 17
2158 18
2159 23
2160 23
2161 20
2162 11
2163 12
2164 15
2165 24
2166 21
2167 16
2168 15
2169 8
2170 14
2171 14
2172 12
2173 14
2174 22
2175 13
2176 16
2177 16
2178 7
2179 15
2180 14
2181 15
2182 15
2183 15
2184 18
2185 13
2186 14
2187 11
2188 16
2189 14
2190 12
2191 13
2192 20
2193 17
2194 15
2195 15
2196 19
2197 12
2198 17
2199 15
2200 18
2201 11
2202 14
2203 16
2204 14
2205 13
2206 13
2207 7
2208 15
2209 14
2210 18
2211 12
2212 17
2213 16
2214 8
2215 19
2216 12
2217 21
2218 24
2219 15
2220 21
2221 23
2222 22
2223 31
2224 26
2225 25
2226 23
2227 32
2228 24
2229 24
2230 32
2231 40
2232 33
2233 47
2234 47
2235 54
2236 40
2237 47
2238 45
2239 53
2240 68
2241 66
2242 96
2243 77
2244 78
2245 76
2246 82
2247 88
2248 69
2249 80
2250 59
2251 86
2252 89
2253 82
2254 79
2255 72
2256 52
2257 59
2258 59
2259 54
2260 43
2261 29
2262 43
2263 32
2264 21
2265 19
2266 26
2267 29
2268 23
2269 23
2270 23
2271 17
2272 9
2273 24
2274 20
2275 18
2276 12
2277 8
2278 20
2279 12
2280 12
2281 15
2282 10
2283 14
2284 14
2285 11
2286 11
2287 20
2288 19
2289 10
2290 11
2291 10
2292 14
2293 13
2294 13
2295 10
2296 17
2297 15
2298 12
2299 9
2300 9
2301 15
2302 20
2303 11
2304 9
2305 21
2306 13
2307 11
2308 18
2309 13
2310 11
2311 8
2312 15
2313 16
2314 9
2315 14
2316 4
2317 12
2318 16
2319 13
2320 13
2321 13
2322 12
2323 19
2324 14
2325 13
2326 11
2327 11
2328 18
2329 12
2330 12
2331 8
2332 12
2333 14
2334 10
2335 17
2336 12
2337 14
2338 14
2339 15
2340 9
2341 9
2342 18
2343 12
2344 18
2345 11
2346 17
2347 9
2348 7
2349 17
2350 14
2351 10
2352 14
2353 11
2354 13
2355 15
2356 18
2357 13
2358 16
2359 12
2360 14
2361 13
2362 10
2363 15
2364 9
2365 14
2366 9
2367 13
2368 16
2369 12
2370 11
2371 14
2372 10
2373 16
2374 9
2375 14
2376 12
2377 16
2378 20
2379 16
2380 13
2381 13
2382 11
2383 17
2384 13
2385 10
2386 16
2387 15
2388 12
2389 8
2390 16
2391 10
2392 14
2393 6
2394 11
2395 10
2396 15
2397 15
2398 12
2399 14
2400 14
2401 16
2402 14
2403 19
2404 10
2405 13
2406 13
2407 16
2408 14
2409 8
2410 11
2411 15
2412 21
2413 9
2414 6
2415 14
2416 11
2417 16
2418 12
2419 22
2420 18
2421 7
2422 12
2423 13
2424 17
2425 18
2426 12
2427 10
2428 13
2429 15
2430 11
2431 9
2432 11
2433 19
2434 20
2435 13
2436 14
2437 10
2438 8
2439 10
2440 27
2441 18
2442 15
2443 12
2444 18
2445 16
2446 19
2447 11
2448 9
2449 12
2450 10
2451 8
2452 14
2453 15
2454 23
2455 10
2456 16
2457 11
2458 12
2459 8
2460 12
2461 12
2462 12
2463 11
2464 10
2465 12
2466 14
2467 14
2468 17
2469 10
2470 13
2471 12
2472 9
2473 11
2474 13
2475 12
2476 9
2477 10
2478 9
2479 12
2480 12
2481 8
2482 14
2483 12
2484 9
2485 13
2486 14
2487 11
2488 7
2489 10
2490 17
2491 13
2492 12
2493 20
2494 15
2495 8
2496 12
2497 14
2498 13
2499 12
2500 11
2501 10
2502 16
2503 14
2504 14
2505 10
2506 13
2507 14
2508 21
2509 16
2510 21
2511 25
2512 19
2513 26
2514 16
2515 17
2516 22
2517 25
2518 23
2519 23
2520 28
2521 21
2522 29
2523 23
2524 32
2525 34
2526 22
2527 30
2528 38
2529 34
2530 30
2531 46
2532 47
2533 39
2534 66
2535 54
2536 64
2537 53
2538 42
2539 40
2540 29
2541 49
2542 57
2543 51
2544 61
2545 61
2546 58
2547 56
2548 63
2549 76
2550 68
2551 52
2552 34
2553 54
2554 32
2555 32
2556 29
2557 24
2558 14
2559 22
