0 34
1 29
2 30
3 30
4 32
5 32
6 29
7 29
8 29
9 44
10 33
11 22
12 27
13 27
14 26
15 29
16 31
17 27
18 36
19 26
20 31
21 36
22 25
23 37
24 26
25 38
26 33
27 24
28 24
29 26
30 34
31 39
32 30
33 21
34 28
35 37
36 36
37 30
38 27
39 23
40 31
41 34
42 32
43 30
44 19
45 31
46 30
47 37
48 25
49 37
50 26
51 22
52 31
53 28
54 27
55 26
56 27
57 37
58 22
59 29
60 32
61 32
62 34
63 27
64 32
65 28
66 40
67 26
68 30
69 27
70 29
71 30
72 28
73 18
74 41
75 32
76 39
77 40
78 29
79 32
80 27
81 22
82 18
83 32
84 26
85 26
86 36
87 28
88 44
89 25
90 34
91 50
92 45
93 32
94 45
95 32
96 27
97 34
98 32
99 24
100 34
101 37
102 32
103 30
104 33
105 25
106 40
107 26
108 28
109 33
110 32
111 41
112 34
113 35
114 32
115 28
116 34
117 32
118 36
119 34
120 23
121 29
122 32
123 37
124 28
125 29
126 32
127 31
128 35
129 37
130 40
131 24
132 37
133 37
134 24
135 46
136 34
137 39
138 39
139 35
140 35
141 30
142 20
143 24
144 33
145 24
146 40
147 44
148 30
149 36
150 24
151 33
152 42
153 38
154 32
155 30
156 34
157 32
158 31
159 36
160 28
161 38
162 23
163 24
164 41
165 33
166 34
167 29
168 32
169 38
170 44
171 44
172 24
173 43
174 43
175 26
176 32
177 25
178 39
179 38
180 32
181 36
182 25
183 33
184 32
185 36
186 27
187 35
188 37
189 27
190 25
191 30
192 33
193 27
194 22
195 36
196 23
197 34
198 39
199 35
200 35
201 28
202 32
203 40
204 25
205 34
206 32
207 37
208 29
209 43
210 36
211 29
212 19
213 28
214 34
215 31
216 22
217 44
218 34
219 30
220 38
221 34
222 35
223 33
224 20
225 28
226 35
227 43
228 27
229 32
230 34
231 30
232 28
233 38
234 34
235 39
236 29
237 35
238 27
239 38
240 43
241 32
242 31
243 39
244 36
245 33
246 26
247 40
248 36
249 26
250 36
251 40
252 34
253 28
254 30
255 31
256 39
257 36
258 33
259 34
260 31
261 36
262 36
263 29
264 38
265 46
266 29
267 36
268 39
269 37
270 39
271 42
272 35
273 32
274 45
275 42
276 34
277 34
278 31
279 44
280 36
281 31
282 39
283 33
284 42
285 40
286 38
287 36
288 43
289 33
290 36
291 31
292 35
293 31
294 28
295 42
296 37
297 33
298 51
299 33
300 34
301 38
302 29
303 42
304 32
305 30
306 33
307 37
308 35
309 29
310 30
311 28
312 47
313 35
314 39
315 30
316 34
317 25
318 36
319 55
320 42
321 30
322 38
323 44
324 33
325 34
326 48
327 32
328 39
329 38
330 41
331 33
332 33
333 20
334 39
335 39
336 42
337 40
338 46
339 40
340 36
341 40
342 32
343 37
344 43
345 32
346 34
347 36
348 41
349 29
350 32
351 38
352 32
353 34
354 36
355 35
356 42
357 47
358 34
359 32
360 46
361 44
362 21
363 38
364 35
365 35
366 34
367 38
368 39
369 31
370 33
371 28
372 35
373 41
374 47
375 42
376 40
377 31
378 23
379 33
380 36
381 40
382 25
383 25
384 38
385 42
386 39
387 41
388 45
389 52
390 48
391 33
392 37
393 36
394 43
395 40
396 30
397 29
398 36
399 38
400 38
401 35
402 31
403 48
404 33
405 30
406 46
407 35
408 33
409 34
410 45
411 42
412 40
413 39
414 34
415 38
416 36
417 46
418 32
419 38
420 34
421 43
422 40
423 42
424 29
425 40
426 37
427 41
428 34
429 48
430 56
431 33
432 32
433 29
434 38
435 42
436 43
437 42
438 43
439 45
440 43
441 38
442 39
443 37
444 32
445 33
446 24
447 43
448 41
449 51
450 37
451 36
452 35
453 28
454 28
455 42
456 38
457 29
458 41
459 32
460 48
461 46
462 37
463 41
464 40
465 42
466 36
467 38
468 45
469 33
470 32
471 44
472 33
473 36
474 28
475 31
476 30
477 41
478 41
479 29
480 41
481 44
482 38
483 27
484 32
485 27
486 39
487 31
488 43
489 37
490 43
491 30
492 34
493 40
494 45
495 52
496 44
497 38
498 39
499 33
500 48
501 35
502 40
503 48
504 34
505 49
506 49
507 33
508 42
509 43
510 39
511 30
512 36
513 38
514 31
515 31
516 37
517 37
518 41
519 38
520 52
521 32
522 47
523 43
524 43
525 39
526 58
527 45
528 45
529 63
530 58
531 52
532 72
533 60
534 48
535 72
536 68
537 54
538 65
539 80
540 55
541 61
542 69
543 83
544 90
545 99
546 112
547 120
548 116
549 99
550 110
551 123
552 110
553 101
554 100
555 106
556 88
557 49
558 56
559 40
560 35
561 37
562 38
563 28
564 30
565 50
566 39
567 42
568 39
569 42
570 35
571 44
572 47
573 40
574 44
575 41
576 39
577 38
578 48
579 39
580 40
581 48
582 50
583 36
584 29
585 39
586 43
587 42
588 39
589 44
590 43
591 35
592 36
593 43
594 33
595 33
596 32
597 32
598 41
599 36
600 41
601 42
602 35
603 33
604 34
605 38
606 39
607 38
608 32
609 42
610 29
611 46
612 38
613 42
614 46
615 46
616 37
617 44
618 48
619 37
620 40
621 38
622 39
623 48
624 41
625 30
626 65
627 25
628 46
629 41
630 39
631 33
632 40
633 31
634 38
635 30
636 40
637 40
638 35
639 43
640 33
641 38
642 48
643 36
644 48
645 33
646 32
647 39
648 44
649 36
650 47
651 28
652 50
653 39
654 45
655 39
656 34
657 31
658 39
659 41
660 42
661 38
662 42
663 44
664 46
665 35
666 48
667 43
668 29
669 45
670 32
671 42
672 34
673 34
674 45
675 39
676 39
677 37
678 45
679 39
680 37
681 38
682 32
683 52
684 45
685 41
686 37
687 33
688 41
689 47
690 53
691 40
692 42
693 34
694 34
695 28
696 25
697 36
698 44
699 44
700 45
701 49
702 38
703 39
704 53
705 33
706 37
707 24
708 41
709 42
710 46
711 37
712 32
713 35
714 41
715 39
716 38
717 44
718 33
719 41
720 33
721 53
722 41
723 39
724 50
725 51
726 39
727 37
728 36
729 47
730 40
731 38
732 45
733 35
734 39
735 40
736 35
737 39
738 40
739 41
740 41
741 35
742 43
743 44
744 32
745 35
746 33
747 32
748 29
749 32
750 40
751 41
752 45
753 43
754 34
755 29
756 35
757 40
758 39
759 28
760 34
761 34
762 34
763 46
764 29
765 26
766 38
767 36
768 45
769 43
770 37
771 36
772 29
773 33
774 35
775 46
776 42
777 36
778 44
779 33
780 36
781 36
782 40
783 34
784 48
785 40
786 24
787 41
788 46
789 41
790 42
791 27
792 49
793 29
794 45
795 40
796 21
797 40
798 43
799 35
800 37
801 26
802 33
803 43
804 30
805 42
806 40
807 35
808 40
809 27
810 54
811 41
812 39
813 25
814 38
815 43
816 43
817 33
818 34
819 38
820 49
821 28
822 29
823 40
824 47
825 39
826 36
827 38
828 32
829 23
830 36
831 44
832 41
833 34
834 39
835 41
836 21
837 27
838 37
839 38
840 40
841 42
842 36
843 35
844 38
845 53
846 33
847 37
848 40
849 33
850 30
851 26
852 31
853 31
854 35
855 31
856 36
857 33
858 33
859 37
860 24
861 33
862 46
863 35
864 30
865 28
866 33
867 34
868 37
869 31
870 39
871 24
872 38
873 32
874 29
875 31
876 42
877 37
878 36
879 34
880 35
881 35
882 39
883 32
884 39
885 43
886 44
887 46
888 38
889 27
890 38
891 34
892 34
893 32
894 34
895 33
896 38
897 24
898 35
899 27
900 36
901 35
902 42
903 36
904 33
905 44
906 36
907 33
908 37
909 34
910 33
911 27
912 36
913 36
914 34
915 29
916 34
917 32
918 43
919 36
920 41
921 40
922 35
923 34
924 30
925 38
926 21
927 30
928 33
929 33
930 31
931 35
932 32
933 27
934 31
935 50
936 39
937 46
938 32
939 39
940 37
941 29
942 37
943 27
944 40
945 40
946 27
947 29
948 40
949 29
950 17
951 33
952 30
953 34
954 32
955 32
956 24
957 33
958 36
959 21
960 32
961 38
962 36
963 35
964 37
965 37
966 36
967 24
968 32
969 42
970 26
971 32
972 25
973 35
974 31
975 32
976 37
977 27
978 29
979 31
980 20
981 35
982 29
983 36
984 37
985 35
986 32
987 26
988 38
989 29
990 34
991 28
992 19
993 29
994 38
995 30
996 43
997 31
998 46
999 34
1000 34
1001 29
1002 26
1003 43
1004 40
1005 42
1006 40
1007 34
1008 40
1009 37
1010 30
1011 38
1012 31
1013 39
1014 38
1015 28
1016 27
1017 32
1018 37
1019 36
1020 30
1021 32
1022 29
1023 34
1024 49
1025 37
1026 27
1027 35
1028 38
1029 24
1030 41
1031 42
1032 30
1033 36
1034 35
1035 36
1036 38
1037 26
1038 34
1039 38
1040 45
1041 52
1042 50
1043 39
1044 43
1045 44
1046 51
1047 47
1048 64
1049 67
1050 85
1051 133
1052 114
1053 153
1054 166
1055 134
1056 179
1057 197
1058 248
1059 276
1060 311
1061 440
1062 521
1063 713
1064 610
1065 479
1066 456
1067 473
1068 546
1069 527
1070 534
1071 575
1072 498
1073 368
1074 277
1075 198
1076 207
1077 145
1078 87
1079 78
1080 52
1081 45
1082 44
1083 45
1084 35
1085 36
1086 31
1087 34
1088 39
1089 30
1090 44
1091 35
1092 35
1093 46
1094 43
1095 53
1096 36
1097 30
1098 34
1099 44
1100 38
1101 40
1102 29
1103 37
1104 27
1105 29
1106 29
1107 33
1108 34
1109 35
1110 49
1111 37
1112 37
1113 33
1114 34
1115 30
1116 33
1117 32
1118 29
1119 20
1120 28
1121 40
1122 19
1123 22
1124 23
1125 29
1126 47
1127 32
1128 32
1129 34
1130 39
1131 25
1132 26
1133 22
1134 30
1135 25
1136 28
1137 21
1138 23
1139 37
1140 29
1141 35
1142 36
1143 46
1144 27
1145 34
1146 35
1147 26
1148 20
1149 23
1150 34
1151 29
1152 34
1153 29
1154 31
1155 43
1156 26
1157 27
1158 34
1159 22
1160 32
1161 32
1162 33
1163 39
1164 26
1165 31
1166 35
1167 32
1168 27
1169 19
1170 43
1171 39
1172 31
1173 30
1174 34
1175 39
1176 35
1177 39
1178 31
1179 39
1180 33
1181 41
1182 43
1183 35
1184 33
1185 33
1186 41
1187 34
1188 26
1189 32
1190 38
1191 33
1192 35
1193 40
1194 32
1195 55
1196 56
1197 70
1198 64
1199 77
1200 79
1201 71
1202 62
1203 48
1204 64
1205 71
1206 70
1207 59
1208 63
1209 53
1210 63
1211 45
1212 51
1213 43
1214 44
1215 30
1216 36
1217 38
1218 33
1219 38
1220 31
1221 23
1222 32
1223 39
1224 32
1225 24
1226 26
1227 42
1228 38
1229 34
1230 31
1231 30
1232 31
1233 25
1234 39
1235 27
1236 32
1237 37
1238 36
1239 26
1240 34
1241 35
1242 28
1243 31
1244 30
1245 30
1246 24
1247 25
1248 25
1249 31
1250 38
1251 30
1252 33
1253 20
1254 33
1255 28
1256 26
1257 33
1258 27
1259 25
1260 35
1261 39
1262 29
1263 27
1264 28
1265 26
1266 31
1267 22
1268 30
1269 25
1270 25
1271 24
1272 17
1273 24
1274 17
1275 21
1276 19
1277 13
1278 16
1279 23
1280 45
1281 39
1282 37
1283 31
1284 42
1285 30
1286 29
1287 35
1288 26
1289 23
1290 30
1291 26
1292 25
1293 28
1294 29
1295 22
1296 26
1297 21
1298 23
1299 33
1300 23
1301 28
1302 29
1303 24
1304 16
1305 28
1306 25
1307 21
1308 18
1309 26
1310 14
1311 26
1312 18
1313 24
1314 27
1315 23
1316 27
1317 13
1318 29
1319 29
1320 21
1321 24
1322 26
1323 24
1324 27
1325 28
1326 31
1327 26
1328 28
1329 22
1330 26
1331 30
1332 26
1333 34
1334 27
1335 41
1336 39
1337 40
1338 31
1339 43
1340 54
1341 58
1342 50
1343 46
1344 54
1345 86
1346 103
1347 115
1348 130
1349 164
1350 170
1351 156
1352 188
1353 201
1354 227
1355 219
1356 253
1357 399
1358 326
1359 237
1360 170
1361 134
1362 180
1363 131
1364 100
1365 96
1366 97
1367 74
1368 73
1369 53
1370 49
1371 38
1372 29
1373 28
1374 26
1375 27
1376 26
1377 26
1378 20
1379 27
1380 22
1381 23
1382 22
1383 25
1384 27
1385 20
1386 34
1387 26
1388 26
1389 23
1390 22
1391 27
1392 24
1393 22
1394 21
1395 28
1396 25
1397 30
1398 28
1399 20
1400 15
1401 25
1402 24
1403 22
1404 25
1405 25
1406 28
1407 30
1408 25
1409 27
1410 29
1411 18
1412 16
1413 18
1414 21
1415 30
1416 14
1417 21
1418 28
1419 24
1420 27
1421 23
1422 22
1423 26
1424 11
1425 20
1426 20
1427 23
1428 23
1429 30
1430 17
1431 12
1432 27
1433 22
1434 20
1435 27
1436 23
1437 24
1438 19
1439 17
1440 21
1441 29
1442 27
1443 18
1444 26
1445 20
1446 19
1447 26
1448 28
1449 21
1450 30
1451 20
1452 21
1453 24
1454 14
1455 15
1456 27
1457 19
1458 15
1459 29
1460 17
1461 30
1462 20
1463 15
1464 20
1465 24
1466 30
1467 17
1468 18
1469 16
1470 20
1471 12
1472 18
1473 25
1474 26
1475 17
1476 17
1477 21
1478 27
1479 19
1480 26
1481 19
1482 16
1483 28
1484 21
1485 30
1486 23
1487 16
1488 17
1489 21
1490 23
1491 17
1492 27
1493 21
1494 28
1495 28
1496 28
1497 23
1498 28
1499 30
1500 17
1501 18
1502 22
1503 22
1504 20
1505 26
1506 23
1507 22
1508 27
1509 24
1510 22
1511 18
1512 13
1513 24
1514 30
1515 24
1516 21
1517 23
1518 28
1519 22
1520 20
1521 15
1522 24
1523 22
1524 28
1525 21
1526 17
1527 22
1528 12
1529 22
1530 22
1531 29
1532 21
1533 24
1534 15
1535 24
1536 25
1537 13
1538 27
1539 20
1540 26
1541 16
1542 23
1543 25
1544 18
1545 24
1546 27
1547 22
1548 23
1549 24
1550 24
1551 25
1552 19
1553 20
1554 29
1555 21
1556 25
1557 22
1558 23
1559 21
1560 17
1561 23
1562 13
1563 24
1564 17
1565 20
1566 21
1567 31
1568 24
1569 15
1570 25
1571 28
1572 19
1573 27
1574 14
1575 18
1576 19
1577 23
1578 13
1579 15
1580 20
1581 12
1582 15
1583 13
1584 17
1585 18
1586 23
1587 17
1588 14
1589 18
1590 19
1591 16
1592 19
1593 19
1594 23
1595 18
1596 15
1597 19
1598 22
1599 19
1600 21
1601 15
1602 13
1603 16
1604 20
1605 20
1606 24
1607 19
1608 15
1609 22
1610 15
1611 17
1612 20
1613 12
1614 22
1615 19
1616 16
1617 20
1618 12
1619 17
1620 14
1621 19
1622 15
1623 19
1624 20
1625 20
1626 22
1627 21
1628 15
1629 25
1630 22
1631 13
1632 18
1633 16
1634 24
1635 12
1636 12
1637 24
1638 21
1639 11
1640 22
1641 17
1642 16
1643 15
1644 17
1645 21
1646 21
1647 18
1648 23
1649 12
1650 21
1651 18
1652 15
1653 16
1654 19
1655 18
1656 17
1657 8
1658 17
1659 20
1660 19
1661 26
1662 14
1663 17
1664 20
1665 31
1666 14
1667 23
1668 22
1669 20
1670 24
1671 15
1672 19
1673 22
1674 19
1675 19
1676 15
1677 23
1678 23
1679 20
1680 22
1681 17
1682 13
1683 14
1684 18
1685 20
1686 18
1687 20
1688 14
1689 25
1690 16
1691 19
1692 28
1693 19
1694 23
1695 26
1696 17
1697 9
1698 18
1699 23
1700 15
1701 17
1702 17
1703 16
1704 18
1705 16
1706 28
1707 29
1708 22
1709 19
1710 18
1711 22
1712 19
1713 24
1714 19
1715 16
1716 24
1717 22
1718 18
1719 23
1720 18
1721 18
1722 21
1723 10
1724 20
1725 23
1726 16
1727 14
1728 13
1729 18
1730 20
1731 18
1732 24
1733 11
1734 9
1735 26
1736 24
1737 21
1738 19
1739 20
1740 17
1741 14
1742 14
1743 20
1744 13
1745 14
1746 18
1747 22
1748 23
1749 17
1750 19
1751 20
1752 18
1753 20
1754 18
1755 21
1756 16
1757 24
1758 21
1759 25
1760 24
1761 28
1762 15
1763 21
1764 21
1765 15
1766 14
1767 36
1768 18
1769 23
1770 18
1771 21
1772 15
1773 16
1774 17
1775 19
1776 17
1777 26
1778 20
1779 21
1780 19
1781 19
1782 20
1783 19
1784 16
1785 26
1786 18
1787 18
1788 12
1789 23
1790 13
1791 26
1792 25
1793 28
1794 20
1795 20
1796 28
1797 23
1798 28
1799 20
1800 25
1801 36
1802 24
1803 55
1804 51
1805 63
1806 58
1807 60
1808 75
1809 83
1810 82
1811 84
1812 66
1813 73
1814 82
1815 88
1816 114
1817 136
1818 110
1819 94
1820 106
1821 86
1822 81
1823 105
1824 116
1825 92
1826 73
1827 86
1828 73
1829 66
1830 56
1831 49
1832 27
1833 31
1834 34
1835 34
1836 26
1837 22
1838 29
1839 24
1840 18
1841 27
1842 18
1843 22
1844 16
1845 22
1846 32
1847 16
1848 16
1849 23
1850 23
1851 21
1852 18
1853 21
1854 18
1855 19
1856 13
1857 17
1858 22
1859 15
1860 20
1861 19
1862 18
1863 22
1864 20
1865 7
1866 13
1867 16
1868 18
1869 17
1870 15
1871 20
1872 19
1873 11
1874 13
1875 19
1876 17
1877 20
1878 18
1879 12
1880 16
1881 16
1882 14
1883 19
1884 19
1885 21
1886 16
1887 14
1888 26
1889 17
1890 18
1891 14
1892 19
1893 25
1894 14
1895 19
1896 18
1897 22
1898 19
1899 19
1900 19
1901 17
1902 7
1903 20
1904 14
1905 12
1906 23
1907 17
1908 17
1909 18
1910 12
1911 12
1912 20
1913 22
1914 20
1915 22
1916 11
1917 19
1918 11
1919 19
1920 15
1921 25
1922 18
1923 17
1924 17
1925 19
1926 25
1927 21
1928 13
1929 12
1930 26
1931 15
1932 20
1933 16
1934 18
1935 19
1936 26
1937 19
1938 19
1939 15
1940 21
1941 13
1942 17
1943 17
1944 24
1945 20
1946 22
1947 14
1948 24
1949 14
1950 20
1951 14
1952 17
1953 14
1954 19
1955 17
1956 15
1957 15
1958 17
1959 13
1960 21
1961 18
1962 20
1963 15
1964 18
1965 21
1966 19
1967 22
1968 20
1969 23
1970 22
1971 21
1972 19
1973 20
1974 12
1975 25
1976 15
1977 23
1978 19
1979 24
1980 21
1981 13
1982 17
1983 23
1984 15
1985 22
1986 35
1987 22
1988 15
1989 11
1990 15
1991 18
1992 15
1993 16
1994 27
1995 27
1996 17
1997 20
1998 21
1999 22
2000 8
2001 17
2002 13
2003 23
2004 14
2005 17
2006 11
2007 15
2008 15
2009 15
2010 16
2011 20
2012 18
2013 16
2014 14
2015 21
2016 22
2017 16
2018 22
2019 10
2020 13
2021 18
2022 12
2023 12
2024 18
2025 20
2026 22
2027 9
2028 16
2029 18
2030 21
2031 18
2032 20
2033 18
2034 25
2035 25
2036 18
2037 20
2038 28
2039 25
2040 26
2041 16
2042 15
2043 16
2044 20
2045 19
2046 28
2047 28
2048 35
2049 37
2050 44
2051 28
2052 43
2053 52
2054 66
2055 64
2056 87
2057 80
2058 74
2059 73
2060 85
2061 88
2062 109
2063 72
2064 96
2065 109
2066 141
2067 150
2068 211
2069 239
2070 311
2071 360
2072 421
2073 409
2074 471
2075 430
2076 605
2077 442
2078 415
2079 317
2080 285
2081 382
2082 377
2083 305
2084 280
2085 241
2086 198
2087 161
2088 139
2089 114
2090 107
2091 95
2092 105
2093 65
2094 47
2095 42
2096 42
2097 30
2098 29
2099 26
2100 25
2101 12
2102 22
2103 24
2104 26
2105 33
2106 19
2107 23
2108 24
2109 27
2110 17
2111 13
2112 12
2113 25
2114 12
2115 12
2116 15
2117 19
2118 17
2119 9
2120 17
2121 15
2122 18
2123 13
2124 18
2125 20
2126 20
2127 12
2128 17
2129 17
2130 16
2131 23
2132 8
2133 13
2134 12
2135 13
2136 11
2137 15
2138 15
2139 14
2140 9
2141 17
2142 16
2143 16
2144 24
2145 14
2146 16
2147 20
2148 20
2149 13
2150 17
2151 14
2152 15
2153 17
2154 17
2155 12
2156 12
2157 13
2158 9
2159 15
2160 20
2161 15
2162 14
2163 20
2164 16
2165 10
2166 18
2167 18
2168 15
2169 12
2170 20
2171 19
2172 18
2173 24
2174 16
2175 14
2176 18
2177 19
2178 16
2179 19
2180 16
2181 23
2182 21
2183 18
2184 16
2185 17
2186 12
2187 13
2188 16
2189 6
2190 12
2191 14
2192 16
2193 15
2194 16
2195 14
2196 24
2197 19
2198 10
2199 16
2200 19
2201 13
2202 18
2203 10
2204 13
2205 19
2206 18
2207 13
2208 20
2209 21
2210 23
2211 18
2212 15
2213 18
2214 18
2215 12
2216 18
2217 11
2218 21
2219 11
2220 25
2221 14
2222 17
2223 19
2224 13
2225 16
2226 11
2227 11
2228 10
2229 17
2230 14
2231 15
2232 14
2233 12
2234 20
2235 14
2236 13
2237 11
2238 15
2239 17
2240 13
2241 13
2242 14
2243 13
2244 17
2245 18
2246 18
2247 17
2248 13
2249 16
2250 19
2251 11
2252 23
2253 17
2254 26
2255 17
2256 19
2257 22
2258 17
2259 26
2260 27
2261 15
2262 27
2263 46
2264 43
2265 50
2266 39
2267 39
2268 51
2269 57
2270 74
2271 56
2272 79
2273 66
2274 66
2275 90
2276 75
2277 56
2278 80
2279 75
2280 88
2281 76
2282 88
2283 99
2284 83
2285 86
2286 64
2287 57
2288 48
2289 34
2290 37
2291 62
2292 59
2293 44
2294 47
2295 38
2296 44
2297 24
2298 26
2299 20
2300 25
2301 17
2302 15
2303 19
2304 12
2305 11
2306 15
2307 11
2308 11
2309 16
2310 12
2311 14
2312 12
2313 9
2314 17
2315 20
2316 16
2317 12
2318 11
2319 20
2320 9
2321 16
2322 18
2323 23
2324 20
2325 10
2326 15
2327 15
2328 12
2329 16
2330 13
2331 12
2332 15
2333 24
2334 14
2335 11
2336 10
2337 8
2338 20
2339 20
2340 25
2341 15
2342 20
2343 12
2344 13
2345 5
2346 13
2347 11
2348 15
2349 20
2350 12
2351 13
2352 19
2353 13
2354 14
2355 15
2356 14
2357 15
2358 6
2359 17
2360 15
2361 12
2362 13
2363 17
2364 17
2365 20
2366 12
2367 9
2368 16
2369 17
2370 13
2371 23
2372 15
2373 15
2374 13
2375 18
2376 16
2377 7
2378 10
2379 12
2380 10
2381 13
2382 6
2383 17
2384 15
2385 11
2386 14
2387 12
2388 10
2389 11
2390 14
2391 9
2392 16
2393 6
2394 9
2395 13
2396 22
2397 12
2398 18
2399 16
2400 18
2401 16
2402 12
2403 12
2404 13
2405 11
2406 13
2407 15
2408 12
2409 14
2410 13
2411 7
2412 18
2413 14
2414 11
2415 13
2416 6
2417 13
2418 11
2419 13
2420 11
2421 12
2422 17
2423 11
2424 10
2425 14
2426 11
2427 14
2428 10
2429 13
2430 12
2431 16
2432 11
2433 10
2434 18
2435 15
2436 19
2437 14
2438 13
2439 11
2440 12
2441 7
2442 6
2443 12
2444 11
2445 10
2446 11
2447 13
2448 12
2449 11
2450 9
2451 13
2452 8
2453 12
2454 16
2455 11
2456 13
2457 21
2458 12
2459 13
2460 14
2461 11
2462 15
2463 15
2464 16
2465 9
2466 12
2467 12
2468 13
2469 15
2470 10
2471 18
2472 8
2473 17
2474 10
2475 18
2476 11
2477 13
2478 8
2479 14
2480 9
2481 14
2482 15
2483 8
2484 8
2485 9
2486 7
2487 13
2488 13
2489 17
2490 9
2491 14
2492 10
2493 11
2494 14
2495 16
2496 8
2497 7
2498 14
2499 10
2500 16
2501 7
2502 11
2503 14
2504 14
2505 20
2506 15
2507 9
2508 12
2509 11
2510 7
2511 14
2512 12
2513 16
2514 9
2515 10
2516 12
2517 10
2518 12
2519 9
2520 13
2521 18
2522 10
2523 12
2524 14
2525 7
2526 12
2527 15
2528 9
2529 7
2530 14
2531 10
2532 13
2533 13
2534 16
2535 19
2536 13
2537 10
2538 10
2539 11
2540 13
2541 10
2542 12
2543 9
2544 20
2545 13
2546 19
2547 10
2548 19
2549 19
2550 20
2551 15
2552 13
2553 13
2554 23
2555 28
2556 27
2557 34
2558 24
2559 31
