0 36
1 26
2 33
3 33
4 42
5 32
6 34
7 46
8 36
9 56
10 30
11 25
12 35
13 30
14 34
15 31
16 21
17 34
18 38
19 33
20 41
21 40
22 41
23 39
24 38
25 29
26 42
27 38
28 34
29 37
30 45
31 29
32 35
33 48
34 30
35 41
36 39
37 34
38 32
39 50
40 38
41 39
42 30
43 30
44 39
45 31
46 27
47 37
48 24
49 33
50 38
51 32
52 33
53 28
54 37
55 38
56 42
57 38
58 30
59 29
60 33
61 29
62 35
63 53
64 47
65 27
66 33
67 38
68 38
69 54
70 41
71 39
72 35
73 23
74 42
75 45
76 30
77 38
78 33
79 42
80 44
81 38
82 32
83 38
84 32
85 39
86 38
87 37
88 36
89 33
90 32
91 40
92 44
93 34
94 27
95 34
96 40
97 34
98 32
99 37
100 32
101 31
102 36
103 28
104 32
105 27
106 37
107 43
108 41
109 57
110 46
111 31
112 35
113 46
114 42
115 38
116 34
117 42
118 39
119 36
120 43
121 44
122 35
123 45
124 37
125 34
126 46
127 30
128 38
129 43
130 36
131 38
132 40
133 49
134 33
135 40
136 51
137 43
138 46
139 40
140 39
141 44
142 43
143 25
144 29
145 33
146 43
147 38
148 36
149 33
150 32
151 36
152 41
153 49
154 38
155 35
156 38
157 29
158 25
159 29
160 44
161 36
162 51
163 38
164 28
165 39
166 33
167 44
168 44
169 41
170 38
171 45
172 35
173 31
174 40
175 35
176 52
177 42
178 33
179 38
180 42
181 47
182 32
183 41
184 34
185 39
186 38
187 38
188 47
189 37
190 41
191 39
192 40
193 54
194 43
195 33
196 33
197 44
198 42
199 29
200 34
201 29
202 41
203 42
204 43
205 35
206 43
207 43
208 46
209 50
210 48
211 36
212 37
213 40
214 47
215 42
216 36
217 34
218 42
219 44
220 31
221 42
222 40
223 44
224 38
225 42
226 42
227 35
228 35
229 29
230 26
231 28
232 40
233 35
234 62
235 44
236 33
237 46
238 37
239 46
240 48
241 27
242 40
243 32
244 45
245 47
246 40
247 38
248 34
249 41
250 46
251 44
252 44
253 42
254 44
255 46
256 55
257 58
258 45
259 27
260 41
261 43
262 44
263 53
264 39
265 48
266 42
267 48
268 38
269 54
270 44
271 34
272 53
273 39
274 33
275 35
276 45
277 43
278 38
279 48
280 39
281 41
282 55
283 36
284 43
285 37
286 44
287 48
288 58
289 52
290 36
291 42
292 40
293 44
294 39
295 41
296 43
297 34
298 45
299 44
300 32
301 38
302 45
303 38
304 38
305 33
306 38
307 38
308 48
309 31
310 35
311 43
312 46
313 44
314 30
315 36
316 40
317 41
318 40
319 52
320 45
321 48
322 47
323 36
324 44
325 28
326 33
327 33
328 40
329 45
330 35
331 34
332 32
333 35
334 49
335 40
336 39
337 39
338 54
339 46
340 26
341 51
342 58
343 28
344 39
345 44
346 44
347 46
348 34
349 35
350 41
351 40
352 42
353 40
354 34
355 43
356 37
357 51
358 42
359 45
360 36
361 41
362 47
363 42
364 36
365 25
366 40
367 43
368 32
369 42
370 41
371 57
372 45
373 47
374 43
375 40
376 44
377 51
378 37
379 36
380 38
381 34
382 43
383 40
384 30
385 48
386 39
387 39
388 59
389 33
390 46
391 49
392 52
393 44
394 44
395 45
396 35
397 49
398 43
399 39
400 35
401 43
402 40
403 44
404 36
405 35
406 52
407 43
408 35
409 47
410 31
411 39
412 43
413 51
414 34
415 38
416 49
417 40
418 44
419 46
420 26
421 39
422 40
423 46
424 32
425 44
426 43
427 40
428 46
429 51
430 52
431 46
432 41
433 41
434 33
435 33
436 33
437 30
438 39
439 46
440 47
441 36
442 41
443 37
444 55
445 41
446 46
447 37
448 41
449 43
450 49
451 45
452 42
453 42
454 40
455 42
456 55
457 29
458 35
459 42
460 57
461 48
462 51
463 49
464 47
465 48
466 35
467 48
468 45
469 45
470 33
471 36
472 45
473 43
474 49
475 45
476 57
477 47
478 52
479 53
480 62
481 65
482 61
483 63
484 73
485 49
486 60
487 55
488 61
489 86
490 95
491 100
492 90
493 103
494 100
495 83
496 88
497 108
498 108
499 118
500 99
501 108
502 103
503 81
504 117
505 113
506 90
507 109
508 86
509 63
510 60
511 65
512 65
513 41
514 38
515 40
516 40
517 38
518 42
519 42
520 27
521 33
522 49
523 29
524 40
525 46
526 42
527 48
528 48
529 53
530 45
531 44
532 46
533 44
534 41
535 48
536 41
537 38
538 30
539 39
540 38
541 41
542 47
543 34
544 37
545 52
546 41
547 47
548 40
549 49
550 37
551 38
552 36
553 47
554 43
555 47
556 46
557 42
558 50
559 50
560 42
561 39
562 46
563 40
564 30
565 39
566 42
567 40
568 39
569 40
570 38
571 35
572 29
573 42
574 42
575 44
576 27
577 53
578 50
579 41
580 46
581 34
582 48
583 48
584 45
585 43
586 38
587 37
588 35
589 57
590 48
591 41
592 47
593 33
594 23
595 53
596 47
597 51
598 51
599 35
600 49
601 51
602 36
603 46
604 44
605 51
606 40
607 51
608 48
609 47
610 36
611 38
612 43
613 46
614 54
615 47
616 46
617 43
618 46
619 40
620 36
621 34
622 35
623 36
624 40
625 38
626 36
627 40
628 43
629 38
630 47
631 52
632 54
633 38
634 41
635 43
636 48
637 49
638 42
639 55
640 35
641 41
642 38
643 47
644 42
645 50
646 42
647 41
648 39
649 47
650 42
651 53
652 45
653 32
654 41
655 46
656 30
657 50
658 46
659 45
660 42
661 50
662 43
663 39
664 41
665 22
666 37
667 47
668 39
669 50
670 43
671 35
672 42
673 44
674 37
675 46
676 49
677 38
678 45
679 45
680 43
681 51
682 35
683 46
684 61
685 48
686 48
687 49
688 39
689 52
690 45
691 58
692 34
693 31
694 49
695 33
696 39
697 43
698 47
699 36
700 48
701 54
702 41
703 44
704 37
705 35
706 44
707 36
708 53
709 39
710 40
711 48
712 44
713 51
714 53
715 40
716 39
717 41
718 42
719 47
720 44
721 54
722 31
723 33
724 35
725 33
726 46
727 44
728 61
729 36
730 43
731 42
732 40
733 39
734 38
735 40
736 40
737 39
738 40
739 45
740 41
741 35
742 36
743 41
744 37
745 38
746 49
747 35
748 36
749 37
750 36
751 41
752 36
753 51
754 32
755 55
756 39
757 33
758 28
759 36
760 40
761 54
762 43
763 43
764 54
765 39
766 30
767 39
768 39
769 30
770 40
771 29
772 46
773 39
774 42
775 32
776 34
777 37
778 39
779 38
780 36
781 21
782 39
783 50
784 33
785 46
786 37
787 39
788 41
789 35
790 37
791 31
792 41
793 44
794 36
795 35
796 41
797 37
798 40
799 46
800 33
801 30
802 33
803 37
804 46
805 42
806 35
807 44
808 43
809 50
810 37
811 44
812 46
813 43
814 35
815 44
816 42
817 46
818 45
819 45
820 37
821 36
822 33
823 29
824 47
825 47
826 32
827 51
828 42
829 51
830 48
831 40
832 48
833 39
834 41
835 30
836 49
837 31
838 38
839 33
840 52
841 35
842 36
843 31
844 30
845 41
846 37
847 33
848 45
849 43
850 36
851 35
852 33
853 33
854 41
855 38
856 41
857 48
858 57
859 43
860 33
861 37
862 40
863 36
864 36
865 35
866 28
867 40
868 35
869 47
870 36
871 34
872 42
873 53
874 49
875 40
876 35
877 33
878 34
879 31
880 39
881 31
882 32
883 37
884 34
885 37
886 30
887 31
888 46
889 36
890 39
891 23
892 30
893 25
894 39
895 33
896 33
897 36
898 45
899 37
900 43
901 41
902 37
903 36
904 39
905 33
906 37
907 37
908 43
909 33
910 23
911 42
912 33
913 37
914 38
915 38
916 38
917 42
918 36
919 23
920 38
921 41
922 47
923 22
924 40
925 38
926 39
927 32
928 32
929 45
930 28
931 36
932 39
933 47
934 27
935 36
936 41
937 32
938 34
939 29
940 39
941 48
942 40
943 39
944 52
945 49
946 35
947 38
948 41
949 47
950 43
951 46
952 32
953 39
954 36
955 41
956 34
957 35
958 28
959 32
960 35
961 52
962 54
963 29
964 34
965 43
966 29
967 28
968 46
969 34
970 32
971 38
972 36
973 40
974 40
975 28
976 33
977 31
978 39
979 43
980 39
981 42
982 50
983 45
984 42
985 52
986 64
987 92
988 92
989 98
990 88
991 78
992 112
993 109
994 108
995 131
996 133
997 147
998 189
999 208
1000 244
1001 261
1002 293
1003 352
1004 358
1005 354
1006 367
1007 410
1008 537
1009 476
1010 449
1011 523
1012 482
1013 488
1014 313
1015 262
1016 227
1017 166
1018 179
1019 95
1020 65
1021 54
1022 28
1023 48
1024 60
1025 45
1026 38
1027 46
1028 52
1029 40
1030 37
1031 40
1032 38
1033 43
1034 40
1035 40
1036 37
1037 35
1038 31
1039 37
1040 41
1041 30
1042 28
1043 40
1044 36
1045 58
1046 38
1047 38
1048 34
1049 39
1050 39
1051 40
1052 41
1053 44
1054 37
1055 42
1056 43
1057 42
1058 35
1059 38
1060 29
1061 32
1062 36
1063 32
1064 45
1065 33
1066 42
1067 27
1068 42
1069 35
1070 36
1071 26
1072 41
1073 44
1074 34
1075 36
1076 41
1077 31
1078 26
1079 29
1080 35
1081 36
1082 34
1083 30
1084 37
1085 31
1086 42
1087 42
1088 34
1089 30
1090 31
1091 41
1092 33
1093 38
1094 41
1095 29
1096 43
1097 30
1098 39
1099 33
1100 35
1101 31
1102 39
1103 44
1104 28
1105 32
1106 28
1107 35
1108 38
1109 34
1110 37
1111 31
1112 38
1113 39
1114 39
1115 44
1116 31
1117 33
1118 26
1119 41
1120 38
1121 33
1122 29
1123 35
1124 45
1125 31
1126 37
1127 29
1128 34
1129 50
1130 45
1131 26
1132 44
1133 53
1134 55
1135 68
1136 55
1137 48
1138 65
1139 76
1140 78
1141 54
1142 60
1143 62
1144 54
1145 50
1146 46
1147 48
1148 31
1149 40
1150 44
1151 40
1152 35
1153 39
1154 36
1155 32
1156 26
1157 36
1158 21
1159 29
1160 39
1161 37
1162 34
1163 37
1164 41
1165 30
1166 38
1167 25
1168 32
1169 30
1170 27
1171 36
1172 44
1173 23
1174 28
1175 48
1176 39
1177 33
1178 41
1179 27
1180 44
1181 40
1182 47
1183 34
1184 31
1185 30
1186 37
1187 31
1188 35
1189 30
1190 37
1191 53
1192 38
1193 32
1194 42
1195 33
1196 16
1197 35
1198 30
1199 35
1200 35
1201 39
1202 43
1203 38
1204 31
1205 31
1206 37
1207 35
1208 34
1209 34
1210 23
1211 28
1212 32
1213 25
1214 26
1215 31
1216 27
1217 33
1218 32
1219 31
1220 26
1221 29
1222 30
1223 32
1224 32
1225 32
1226 37
1227 37
1228 29
1229 26
1230 26
1231 35
1232 33
1233 23
1234 28
1235 36
1236 39
1237 34
1238 27
1239 22
1240 40
1241 31
1242 32
1243 18
1244 22
1245 40
1246 35
1247 30
1248 26
1249 42
1250 37
1251 29
1252 30
1253 35
1254 24
1255 29
1256 34
1257 33
1258 24
1259 25
1260 29
1261 31
1262 22
1263 34
1264 29
1265 26
1266 30
1267 20
1268 30
1269 24
1270 36
1271 38
1272 17
1273 26
1274 24
1275 17
1276 19
1277 22
1278 20
1279 19
1280 124
1281 188
1282 191
1283 156
1284 190
1285 200
1286 193
1287 201
1288 227
1289 220
1290 164
1291 190
1292 231
1293 194
1294 151
1295 129
1296 109
1297 71
1298 62
1299 53
1300 42
1301 53
1302 45
1303 33
1304 40
1305 27
1306 32
1307 30
1308 20
1309 13
1310 28
1311 26
1312 26
1313 30
1314 37
1315 23
1316 29
1317 25
1318 21
1319 29
1320 28
1321 23
1322 27
1323 26
1324 24
1325 15
1326 29
1327 27
1328 37
1329 26
1330 30
1331 30
1332 26
1333 25
1334 19
1335 20
1336 23
1337 23
1338 23
1339 26
1340 24
1341 23
1342 23
1343 33
1344 30
1345 18
1346 23
1347 15
1348 31
1349 24
1350 28
1351 32
1352 27
1353 34
1354 27
1355 26
1356 22
1357 22
1358 20
1359 23
1360 24
1361 26
1362 24
1363 25
1364 29
1365 18
1366 23
1367 18
1368 19
1369 22
1370 29
1371 24
1372 27
1373 18
1374 23
1375 18
1376 26
1377 17
1378 18
1379 25
1380 26
1381 17
1382 17
1383 20
1384 36
1385 23
1386 31
1387 20
1388 24
1389 19
1390 19
1391 23
1392 27
1393 20
1394 22
1395 31
1396 25
1397 23
1398 28
1399 31
1400 35
1401 25
1402 23
1403 31
1404 23
1405 18
1406 19
1407 25
1408 21
1409 21
1410 26
1411 25
1412 18
1413 22
1414 21
1415 31
1416 24
1417 24
1418 17
1419 28
1420 14
1421 29
1422 30
1423 27
1424 23
1425 23
1426 23
1427 25
1428 29
1429 25
1430 20
1431 25
1432 31
1433 28
1434 27
1435 19
1436 26
1437 19
1438 26
1439 26
1440 27
1441 17
1442 26
1443 26
1444 27
1445 28
1446 25
1447 17
1448 29
1449 22
1450 22
1451 28
1452 26
1453 24
1454 24
1455 26
1456 18
1457 22
1458 21
1459 21
1460 17
1461 23
1462 23
1463 17
1464 22
1465 18
1466 24
1467 22
1468 20
1469 20
1470 24
1471 21
1472 23
1473 26
1474 13
1475 20
1476 22
1477 17
1478 23
1479 20
1480 25
1481 26
1482 34
1483 19
1484 19
1485 19
1486 20
1487 21
1488 23
1489 22
1490 27
1491 14
1492 21
1493 15
1494 18
1495 34
1496 17
1497 16
1498 14
1499 21
1500 27
1501 28
1502 30
1503 23
1504 20
1505 23
1506 18
1507 25
1508 28
1509 25
1510 17
1511 15
1512 18
1513 23
1514 21
1515 20
1516 22
1517 25
1518 28
1519 27
1520 24
1521 15
1522 19
1523 23
1524 16
1525 23
1526 20
1527 17
1528 17
1529 20
1530 21
1531 21
1532 17
1533 11
1534 18
1535 20
1536 21
1537 16
1538 16
1539 19
1540 19
1541 22
1542 29
1543 20
1544 24
1545 26
1546 19
1547 16
1548 22
1549 25
1550 18
1551 20
1552 11
1553 21
1554 29
1555 26
1556 21
1557 21
1558 18
1559 15
1560 20
1561 16
1562 20
1563 23
1564 15
1565 23
1566 21
1567 26
1568 16
1569 18
1570 16
1571 26
1572 23
1573 29
1574 12
1575 22
1576 23
1577 19
1578 19
1579 25
1580 21
1581 20
1582 17
1583 14
1584 20
1585 26
1586 36
1587 19
1588 25
1589 17
1590 11
1591 22
1592 17
1593 18
1594 20
1595 26
1596 15
1597 19
1598 15
1599 21
1600 20
1601 19
1602 19
1603 12
1604 19
1605 13
1606 21
1607 15
1608 24
1609 19
1610 14
1611 26
1612 17
1613 19
1614 21
1615 15
1616 24
1617 21
1618 19
1619 16
1620 18
1621 14
1622 21
1623 21
1624 26
1625 21
1626 20
1627 18
1628 17
1629 21
1630 20
1631 18
1632 14
1633 12
1634 25
1635 20
1636 23
1637 19
1638 26
1639 28
1640 20
1641 17
1642 22
1643 25
1644 22
1645 14
1646 18
1647 20
1648 26
1649 19
1650 26
1651 15
1652 24
1653 16
1654 25
1655 17
1656 17
1657 31
1658 18
1659 20
1660 28
1661 8
1662 25
1663 16
1664 31
1665 28
1666 21
1667 15
1668 15
1669 20
1670 25
1671 26
1672 18
1673 25
1674 18
1675 25
1676 26
1677 30
1678 20
1679 27
1680 25
1681 30
1682 25
1683 27
1684 20
1685 27
1686 19
1687 22
1688 23
1689 18
1690 36
1691 19
1692 20
1693 29
1694 31
1695 17
1696 25
1697 24
1698 32
1699 14
1700 20
1701 23
1702 23
1703 17
1704 19
1705 10
1706 22
1707 27
1708 24
1709 11
1710 13
1711 26
1712 27
1713 22
1714 31
1715 29
1716 36
1717 32
1718 30
1719 33
1720 37
1721 39
1722 37
1723 44
1724 29
1725 41
1726 46
1727 63
1728 82
1729 69
1730 98
1731 85
1732 94
1733 128
1734 121
1735 136
1736 109
1737 123
1738 122
1739 129
1740 119
1741 120
1742 114
1743 124
1744 126
1745 116
1746 84
1747 67
1748 56
1749 64
1750 60
1751 38
1752 46
1753 32
1754 29
1755 36
1756 30
1757 27
1758 33
1759 34
1760 18
1761 18
1762 11
1763 23
1764 15
1765 23
1766 25
1767 19
1768 26
1769 22
1770 20
1771 13
1772 15
1773 16
1774 20
1775 21
1776 19
1777 15
1778 13
1779 22
1780 20
1781 16
1782 23
1783 15
1784 20
1785 16
1786 17
1787 13
1788 18
1789 23
1790 15
1791 24
1792 20
1793 23
1794 19
1795 15
1796 16
1797 18
1798 17
1799 22
1800 20
1801 14
1802 18
1803 14
1804 19
1805 25
1806 18
1807 14
1808 17
1809 11
1810 18
1811 25
1812 24
1813 12
1814 15
1815 21
1816 20
1817 23
1818 26
1819 20
1820 16
1821 19
1822 13
1823 20
1824 13
1825 23
1826 12
1827 13
1828 13
1829 18
1830 12
1831 18
1832 18
1833 22
1834 24
1835 13
1836 22
1837 17
1838 13
1839 19
1840 23
1841 14
1842 13
1843 16
1844 18
1845 11
1846 19
1847 19
1848 21
1849 19
1850 17
1851 16
1852 17
1853 17
1854 14
1855 19
1856 12
1857 21
1858 21
1859 22
1860 17
1861 24
1862 25
1863 20
1864 22
1865 25
1866 20
1867 20
1868 16
1869 17
1870 19
1871 19
1872 17
1873 15
1874 21
1875 31
1876 19
1877 21
1878 22
1879 17
1880 15
1881 16
1882 12
1883 22
1884 18
1885 25
1886 20
1887 24
1888 19
1889 23
1890 15
1891 25
1892 17
1893 17
1894 23
1895 8
1896 16
1897 21
1898 19
1899 19
1900 20
1901 21
1902 25
1903 18
1904 18
1905 24
1906 22
1907 13
1908 14
1909 17
1910 22
1911 26
1912 28
1913 20
1914 19
1915 21
1916 25
1917 22
1918 20
1919 23
1920 16
1921 14
1922 24
1923 19
1924 24
1925 29
1926 23
1927 16
1928 19
1929 24
1930 20
1931 21
1932 19
1933 19
1934 12
1935 14
1936 19
1937 15
1938 22
1939 19
1940 10
1941 19
1942 27
1943 16
1944 22
1945 17
1946 12
1947 19
1948 29
1949 21
1950 23
1951 19
1952 24
1953 30
1954 24
1955 22
1956 33
1957 22
1958 23
1959 26
1960 33
1961 45
1962 44
1963 40
1964 41
1965 55
1966 54
1967 60
1968 90
1969 107
1970 110
1971 103
1972 97
1973 138
1974 180
1975 207
1976 149
1977 168
1978 216
1979 227
1980 223
1981 219
1982 255
1983 255
1984 273
1985 293
1986 345
1987 398
1988 415
1989 436
1990 448
1991 347
1992 263
1993 301
1994 350
1995 272
1996 331
1997 268
1998 236
1999 197
2000 192
2001 151
2002 135
2003 110
2004 112
2005 124
2006 97
2007 74
2008 41
2009 30
2010 30
2011 34
2012 26
2013 20
2014 25
2015 23
2016 18
2017 20
2018 20
2019 23
2020 22
2021 25
2022 17
2023 20
2024 23
2025 17
2026 14
2027 18
2028 22
2029 25
2030 23
2031 12
2032 17
2033 16
2034 18
2035 18
2036 15
2037 14
2038 23
2039 23
2040 20
2041 14
2042 25
2043 19
2044 21
2045 13
2046 21
2047 11
2048 14
2049 17
2050 24
2051 13
2052 15
2053 18
2054 15
2055 16
2056 15
2057 20
2058 23
2059 26
2060 11
2061 15
2062 16
2063 18
2064 14
2065 17
2066 14
2067 11
2068 19
2069 16
2070 17
2071 13
2072 21
2073 15
2074 12
2075 15
2076 14
2077 19
2078 23
2079 20
2080 21
2081 16
2082 17
2083 20
2084 15
2085 24
2086 14
2087 14
2088 18
2089 25
2090 17
2091 9
2092 20
2093 21
2094 20
2095 12
2096 15
2097 15
2098 14
2099 16
2100 21
2101 14
2102 19
2103 19
2104 19
2105 22
2106 18
2107 20
2108 15
2109 18
2110 24
2111 24
2112 17
2113 14
2114 13
2115 18
2116 26
2117 19
2118 7
2119 13
2120 16
2121 15
2122 16
2123 9
2124 9
2125 14
2126 12
2127 14
2128 14
2129 13
2130 13
2131 12
2132 15
2133 15
2134 15
2135 18
2136 17
2137 16
2138 18
2139 16
2140 13
2141 13
2142 12
2143 14
2144 20
2145 23
2146 20
2147 18
2148 11
2149 9
2150 21
2151 15
2152 14
2153 10
2154 19
2155 18
2156 14
2157 12
2158 16
2159 17
2160 20
2161 20
2162 27
2163 23
2164 17
2165 19
2166 24
2167 27
2168 31
2169 31
2170 37
2171 33
2172 28
2173 46
2174 42
2175 55
2176 54
2177 51
2178 59
2179 74
2180 60
2181 80
2182 86
2183 90
2184 83
2185 75
2186 92
2187 88
2188 110
2189 97
2190 84
2191 68
2192 75
2193 69
2194 69
2195 73
2196 52
2197 63
2198 49
2199 43
2200 42
2201 40
2202 43
2203 34
2204 33
2205 30
2206 31
2207 20
2208 25
2209 23
2210 25
2211 18
2212 24
2213 14
2214 27
2215 18
2216 14
2217 13
2218 12
2219 11
2220 18
2221 18
2222 13
2223 10
2224 14
2225 16
2226 15
2227 8
2228 13
2229 10
2230 13
2231 11
2232 12
2233 11
2234 18
2235 8
2236 11
2237 12
2238 9
2239 15
2240 14
2241 16
2242 15
2243 19
2244 14
2245 15
2246 8
2247 16
2248 27
2249 13
2250 21
2251 19
2252 18
2253 21
2254 8
2255 16
2256 6
2257 13
2258 14
2259 22
2260 13
2261 16
2262 24
2263 12
2264 9
2265 14
2266 20
2267 16
2268 9
2269 13
2270 17
2271 16
2272 13
2273 7
2274 16
2275 10
2276 12
2277 11
2278 12
2279 12
2280 10
2281 20
2282 20
2283 17
2284 13
2285 12
2286 13
2287 14
2288 23
2289 15
2290 7
2291 15
2292 18
2293 14
2294 14
2295 14
2296 16
2297 17
2298 22
2299 10
2300 9
2301 15
2302 12
2303 13
2304 18
2305 11
2306 13
2307 11
2308 18
2309 15
2310 16
2311 10
2312 13
2313 12
2314 11
2315 14
2316 7
2317 7
2318 12
2319 14
2320 8
2321 10
2322 12
2323 14
2324 13
2325 17
2326 13
2327 14
2328 14
2329 13
2330 10
2331 14
2332 20
2333 8
2334 14
2335 16
2336 14
2337 8
2338 23
2339 9
2340 21
2341 17
2342 20
2343 16
2344 8
2345 19
2346 17
2347 12
2348 16
2349 9
2350 11
2351 14
2352 23
2353 18
2354 18
2355 11
2356 20
2357 14
2358 12
2359 14
2360 14
2361 12
2362 18
2363 9
2364 7
2365 12
2366 19
2367 9
2368 9
2369 13
2370 18
2371 15
2372 14
2373 20
2374 16
2375 14
2376 13
2377 8
2378 15
2379 10
2380 17
2381 23
2382 14
2383 11
2384 18
2385 12
2386 10
2387 14
2388 11
2389 11
2390 14
2391 7
2392 16
2393 6
2394 10
2395 8
2396 17
2397 14
2398 9
2399 14
2400 12
2401 18
2402 11
2403 18
2404 16
2405 13
2406 17
2407 17
2408 15
2409 14
2410 19
2411 8
2412 13
2413 11
2414 18
2415 8
2416 11
2417 11
2418 16
2419 11
2420 10
2421 12
2422 12
2423 20
2424 12
2425 8
2426 11
2427 13
2428 7
2429 8
2430 13
2431 17
2432 14
2433 10
2434 14
2435 11
2436 12
2437 10
2438 16
2439 7
2440 16
2441 16
2442 22
2443 8
2444 17
2445 20
2446 23
2447 13
2448 21
2449 12
2450 20
2451 14
2452 20
2453 25
2454 25
2455 19
2456 28
2457 36
2458 39
2459 55
2460 52
2461 47
2462 43
2463 40
2464 42
2465 47
2466 37
2467 44
2468 48
2469 61
2470 94
2471 65
2472 57
2473 57
2474 79
2475 76
2476 67
2477 66
2478 70
2479 60
2480 49
2481 48
2482 33
2483 40
2484 43
2485 37
2486 27
2487 27
2488 35
2489 29
2490 24
2491 34
2492 31
2493 26
2494 24
2495 19
2496 18
2497 24
2498 15
2499 13
2500 12
2501 14
2502 13
2503 13
2504 14
2505 14
2506 10
2507 11
2508 12
2509 17
2510 11
2511 10
2512 6
2513 12
2514 13
2515 15
2516 11
2517 11
2518 14
2519 10
2520 10
2521 10
2522 8
2523 11
2524 8
2525 11
2526 9
2527 11
2528 10
2529 7
2530 12
2531 13
2532 13
2533 9
2534 19
2535 9
2536 15
2537 24
2538 15
2539 16
2540 11
2541 16
2542 14
2543 12
2544 18
2545 20
2546 20
2547 18
2548 21
2549 30
2550 29
2551 33
2552 28
2553 32
2554 26
2555 22
2556 28
2557 28
2558 40
2559 57
