0 36
1 32
2 28
3 37
4 34
5 36
6 46
7 41
8 28
9 32
10 28
11 41
12 41
13 19
14 44
15 36
16 46
17 29
18 33
19 32
20 31
21 23
22 39
23 38
24 43
25 39
26 30
27 30
28 32
29 35
30 29
31 38
32 31
33 30
34 40
35 26
36 41
37 42
38 33
39 42
40 30
41 36
42 31
43 41
44 28
45 26
46 32
47 30
48 38
49 39
50 29
51 38
52 40
53 44
54 28
55 44
56 30
57 38
58 33
59 43
60 42
61 29
62 31
63 14
64 37
65 29
66 27
67 23
68 31
69 29
70 19
71 36
72 38
73 46
74 29
75 37
76 31
77 52
78 42
79 27
80 34
81 43
82 44
83 39
84 31
85 33
86 31
87 31
88 40
89 40
90 32
91 33
92 43
93 26
94 31
95 32
96 36
97 34
98 24
99 36
100 35
101 34
102 30
103 42
104 34
105 28
106 32
107 41
108 36
109 46
110 32
111 36
112 25
113 48
114 33
115 28
116 31
117 35
118 44
119 27
120 35
121 41
122 44
123 40
124 41
125 38
126 39
127 38
128 37
129 40
130 26
131 29
132 34
133 30
134 34
135 27
136 35
137 34
138 26
139 21
140 43
141 24
142 45
143 37
144 39
145 27
146 39
147 20
148 33
149 41
150 30
151 31
152 34
153 42
154 43
155 35
156 42
157 29
158 24
159 30
160 35
161 42
162 37
163 44
164 34
165 39
166 22
167 39
168 43
169 24
170 32
171 36
172 39
173 28
174 37
175 32
176 35
177 35
178 38
179 43
180 37
181 35
182 38
183 37
184 50
185 38
186 38
187 39
188 37
189 30
190 37
191 38
192 35
193 42
194 46
195 42
196 35
197 48
198 32
199 34
200 40
201 43
202 41
203 32
204 50
205 48
206 46
207 44
208 37
209 38
210 39
211 34
212 30
213 27
214 55
215 38
216 35
217 31
218 30
219 40
220 30
221 33
222 52
223 51
224 33
225 41
226 44
227 32
228 38
229 43
230 31
231 46
232 37
233 34
234 34
235 37
236 52
237 38
238 30
239 23
240 27
241 48
242 40
243 35
244 40
245 33
246 36
247 31
248 32
249 38
250 45
251 38
252 42
253 50
254 33
255 37
256 38
257 45
258 48
259 34
260 52
261 43
262 48
263 37
264 42
265 41
266 64
267 39
268 32
269 34
270 36
271 32
272 47
273 35
274 37
275 40
276 38
277 41
278 47
279 41
280 55
281 35
282 45
283 38
284 36
285 41
286 47
287 29
288 51
289 40
290 43
291 38
292 26
293 37
294 38
295 35
296 47
297 52
298 33
299 47
300 37
301 39
302 31
303 33
304 33
305 31
306 31
307 46
308 38
309 47
310 37
311 33
312 39
313 31
314 25
315 36
316 32
317 44
318 45
319 39
320 42
321 41
322 38
323 40
324 43
325 29
326 47
327 46
328 35
329 42
330 29
331 37
332 43
333 45
334 38
335 43
336 44
337 44
338 32
339 40
340 50
341 39
342 46
343 45
344 39
345 45
346 40
347 37
348 34
349 45
350 32
351 37
352 41
353 48
354 37
355 41
356 48
357 36
358 39
359 35
360 36
361 33
362 47
363 32
364 34
365 30
366 33
367 40
368 45
369 49
370 38
371 55
372 38
373 41
374 49
375 40
376 28
377 36
378 36
379 32
380 44
381 27
382 32
383 38
384 39
385 49
386 33
387 46
388 39
389 48
390 51
391 35
392 37
393 56
394 39
395 39
396 31
397 28
398 30
399 30
400 34
401 38
402 26
403 34
404 39
405 43
406 33
407 39
408 46
409 46
410 36
411 38
412 48
413 43
414 58
415 53
416 38
417 54
418 42
419 50
420 56
421 55
422 56
423 35
424 44
425 41
426 37
427 50
428 43
429 33
430 47
431 31
432 49
433 38
434 43
435 43
436 34
437 37
438 42
439 44
440 33
441 48
442 52
443 39
444 41
445 36
446 43
447 49
448 51
449 41
450 39
451 31
452 31
453 57
454 40
455 49
456 36
457 31
458 38
459 38
460 44
461 47
462 34
463 49
464 42
465 44
466 37
467 45
468 44
469 26
470 36
471 46
472 42
473 43
474 45
475 31
476 44
477 40
478 41
479 48
480 40
481 52
482 39
483 40
484 39
485 45
486 53
487 42
488 44
489 54
490 51
491 53
492 51
493 48
494 53
495 56
496 61
497 68
498 69
499 66
500 77
501 81
502 69
503 86
504 75
505 89
506 91
507 78
508 94
509 102
510 83
511 77
512 77
513 114
514 122
515 123
516 107
517 97
518 105
519 90
520 94
521 58
522 57
523 40
524 35
525 50
526 52
527 36
528 45
529 34
530 47
531 34
532 43
533 57
534 34
535 64
536 39
537 31
538 55
539 41
540 49
541 44
542 36
543 29
544 43
545 46
546 40
547 43
548 47
549 47
550 36
551 41
552 45
553 40
554 54
555 31
556 40
557 37
558 36
559 30
560 50
561 38
562 45
563 47
564 35
565 49
566 52
567 35
568 38
569 31
570 49
571 35
572 36
573 46
574 32
575 42
576 47
577 40
578 31
579 41
580 42
581 51
582 34
583 31
584 40
585 30
586 57
587 46
588 46
589 53
590 35
591 50
592 51
593 39
594 56
595 45
596 44
597 49
598 51
599 36
600 36
601 30
602 44
603 47
604 50
605 46
606 43
607 49
608 44
609 42
610 41
611 40
612 45
613 55
614 47
615 34
616 57
617 53
618 52
619 32
620 42
621 42
622 52
623 40
624 43
625 49
626 49
627 40
628 45
629 41
630 51
631 42
632 47
633 28
634 41
635 24
636 50
637 36
638 35
639 42
640 46
641 44
642 47
643 37
644 40
645 57
646 46
647 37
648 38
649 37
650 39
651 43
652 42
653 37
654 45
655 35
656 38
657 34
658 52
659 43
660 39
661 47
662 38
663 41
664 46
665 47
666 35
667 44
668 42
669 40
670 41
671 45
672 38
673 26
674 50
675 33
676 49
677 38
678 43
679 50
680 45
681 43
682 57
683 38
684 44
685 44
686 43
687 43
688 47
689 37
690 44
691 35
692 32
693 38
694 38
695 36
696 40
697 42
698 41
699 45
700 47
701 37
702 36
703 34
704 38
705 36
706 40
707 40
708 48
709 40
710 49
711 40
712 43
713 36
714 29
715 40
716 36
717 42
718 43
719 46
720 34
721 35
722 41
723 36
724 36
725 42
726 33
727 41
728 48
729 50
730 42
731 44
732 39
733 43
734 42
735 28
736 38
737 43
738 34
739 42
740 29
741 30
742 37
743 38
744 36
745 42
746 33
747 40
748 42
749 40
750 39
751 34
752 34
753 39
754 28
755 29
756 32
757 37
758 31
759 35
760 45
761 38
762 41
763 44
764 28
765 36
766 40
767 38
768 50
769 33
770 48
771 42
772 33
773 51
774 45
775 34
776 40
777 50
778 37
779 48
780 39
781 35
782 41
783 36
784 24
785 35
786 25
787 23
788 34
789 42
790 34
791 38
792 36
793 36
794 34
795 33
796 35
797 31
798 41
799 32
800 48
801 46
802 28
803 32
804 37
805 44
806 31
807 43
808 34
809 30
810 42
811 46
812 38
813 45
814 37
815 46
816 47
817 37
818 38
819 37
820 42
821 30
822 45
823 39
824 45
825 41
826 40
827 45
828 40
829 38
830 41
831 46
832 32
833 34
834 43
835 35
836 41
837 35
838 42
839 28
840 38
841 45
842 43
843 36
844 32
845 42
846 45
847 29
848 44
849 37
850 43
851 32
852 35
853 33
854 44
855 36
856 27
857 35
858 28
859 29
860 27
861 47
862 36
863 33
864 36
865 32
866 32
867 48
868 35
869 35
870 39
871 37
872 47
873 38
874 30
875 34
876 45
877 42
878 26
879 44
880 32
881 40
882 29
883 29
884 32
885 25
886 32
887 35
888 31
889 34
890 31
891 30
892 36
893 39
894 37
895 35
896 39
897 32
898 26
899 36
900 34
901 39
902 32
903 37
904 39
905 36
906 51
907 44
908 42
909 41
910 47
911 41
912 41
913 41
914 34
915 38
916 39
917 31
918 30
919 31
920 37
921 28
922 33
923 30
924 29
925 33
926 36
927 39
928 36
929 40
930 34
931 39
932 29
933 36
934 36
935 40
936 24
937 31
938 30
939 42
940 50
941 31
942 33
943 33
944 40
945 37
946 35
947 29
948 34
949 29
950 39
951 34
952 33
953 36
954 40
955 41
956 34
957 49
958 37
959 46
960 40
961 44
962 43
963 29
964 23
965 42
966 37
967 40
968 41
969 34
970 33
971 36
972 43
973 39
974 38
975 31
976 32
977 32
978 50
979 35
980 36
981 41
982 32
983 43
984 35
985 41
986 39
987 36
988 35
989 39
990 26
991 32
992 44
993 43
994 40
995 48
996 42
997 35
998 52
999 60
1000 52
1001 47
1002 51
1003 56
1004 73
1005 91
1006 123
1007 116
1008 131
1009 104
1010 148
1011 186
1012 170
1013 201
1014 254
1015 282
1016 361
1017 354
1018 307
1019 396
1020 374
1021 420
1022 409
1023 414
1024 439
1025 418
1026 450
1027 570
1028 479
1029 367
1030 270
1031 244
1032 174
1033 154
1034 146
1035 84
1036 50
1037 54
1038 47
1039 41
1040 43
1041 56
1042 34
1043 53
1044 39
1045 42
1046 50
1047 39
1048 28
1049 40
1050 39
1051 43
1052 38
1053 39
1054 29
1055 29
1056 37
1057 37
1058 41
1059 33
1060 27
1061 32
1062 45
1063 40
1064 32
1065 39
1066 37
1067 36
1068 54
1069 32
1070 38
1071 41
1072 40
1073 38
1074 31
1075 29
1076 38
1077 35
1078 35
1079 30
1080 29
1081 32
1082 36
1083 38
1084 30
1085 32
1086 41
1087 30
1088 40
1089 27
1090 32
1091 33
1092 29
1093 40
1094 24
1095 44
1096 37
1097 30
1098 31
1099 24
1100 35
1101 40
1102 37
1103 35
1104 28
1105 32
1106 36
1107 25
1108 43
1109 38
1110 25
1111 35
1112 53
1113 52
1114 42
1115 27
1116 33
1117 29
1118 37
1119 49
1120 39
1121 38
1122 33
1123 38
1124 36
1125 45
1126 47
1127 35
1128 27
1129 39
1130 36
1131 37
1132 44
1133 48
1134 37
1135 39
1136 25
1137 46
1138 27
1139 47
1140 38
1141 21
1142 30
1143 34
1144 38
1145 38
1146 36
1147 32
1148 55
1149 45
1150 58
1151 75
1152 74
1153 83
1154 79
1155 63
1156 45
1157 72
1158 88
1159 80
1160 101
1161 102
1162 80
1163 78
1164 58
1165 47
1166 34
1167 26
1168 34
1169 32
1170 36
1171 30
1172 31
1173 37
1174 38
1175 33
1176 30
1177 37
1178 29
1179 33
1180 34
1181 30
1182 30
1183 32
1184 40
1185 26
1186 29
1187 38
1188 35
1189 32
1190 27
1191 32
1192 42
1193 28
1194 30
1195 31
1196 38
1197 43
1198 30
1199 47
1200 27
1201 37
1202 26
1203 35
1204 35
1205 37
1206 41
1207 32
1208 33
1209 31
1210 45
1211 27
1212 45
1213 37
1214 23
1215 31
1216 18
1217 21
1218 36
1219 32
1220 35
1221 40
1222 30
1223 35
1224 25
1225 36
1226 28
1227 30
1228 34
1229 29
1230 42
1231 42
1232 29
1233 35
1234 30
1235 24
1236 24
1237 28
1238 25
1239 35
1240 38
1241 36
1242 31
1243 36
1244 26
1245 19
1246 37
1247 36
1248 27
1249 32
1250 39
1251 24
1252 33
1253 28
1254 24
1255 33
1256 31
1257 34
1258 19
1259 34
1260 50
1261 30
1262 20
1263 35
1264 32
1265 34
1266 32
1267 31
1268 28
1269 28
1270 19
1271 32
1272 24
1273 30
1274 24
1275 11
1276 16
1277 16
1278 10
1279 21
1280 40
1281 39
1282 35
1283 41
1284 39
1285 43
1286 50
1287 43
1288 84
1289 75
1290 74
1291 103
1292 110
1293 94
1294 98
1295 114
1296 161
1297 148
1298 128
1299 161
1300 140
1301 178
1302 168
1303 187
1304 242
1305 226
1306 258
1307 256
1308 261
1309 167
1310 128
1311 130
1312 113
1313 119
1314 90
1315 67
1316 60
1317 66
1318 53
1319 40
1320 42
1321 33
1322 43
1323 25
1324 21
1325 29
1326 33
1327 22
1328 29
1329 22
1330 18
1331 30
1332 34
1333 17
1334 24
1335 33
1336 21
1337 21
1338 24
1339 26
1340 25
1341 34
1342 26
1343 27
1344 22
1345 24
1346 27
1347 23
1348 28
1349 28
1350 27
1351 25
1352 23
1353 35
1354 29
1355 28
1356 32
1357 17
1358 18
1359 16
1360 27
1361 14
1362 34
1363 27
1364 22
1365 19
1366 28
1367 29
1368 25
1369 23
1370 29
1371 43
1372 28
1373 24
1374 24
1375 30
1376 20
1377 26
1378 31
1379 23
1380 31
1381 29
1382 21
1383 34
1384 22
1385 28
1386 24
1387 28
1388 29
1389 21
1390 27
1391 20
1392 27
1393 16
1394 22
1395 20
1396 27
1397 22
1398 19
1399 31
1400 20
1401 24
1402 25
1403 26
1404 23
1405 14
1406 20
1407 26
1408 22
1409 29
1410 18
1411 24
1412 27
1413 28
1414 13
1415 15
1416 24
1417 29
1418 20
1419 32
1420 24
1421 11
1422 26
1423 24
1424 21
1425 21
1426 25
1427 17
1428 20
1429 26
1430 23
1431 19
1432 26
1433 23
1434 20
1435 26
1436 22
1437 20
1438 23
1439 18
1440 18
1441 24
1442 15
1443 26
1444 21
1445 22
1446 27
1447 28
1448 20
1449 24
1450 24
1451 31
1452 23
1453 21
1454 24
1455 24
1456 24
1457 24
1458 22
1459 26
1460 22
1461 23
1462 9
1463 17
1464 24
1465 18
1466 18
1467 26
1468 26
1469 23
1470 26
1471 22
1472 22
1473 27
1474 21
1475 9
1476 31
1477 23
1478 33
1479 21
1480 22
1481 18
1482 23
1483 29
1484 22
1485 22
1486 14
1487 19
1488 19
1489 27
1490 25
1491 21
1492 15
1493 14
1494 16
1495 28
1496 24
1497 22
1498 18
1499 22
1500 17
1501 25
1502 20
1503 28
1504 20
1505 24
1506 24
1507 21
1508 30
1509 21
1510 24
1511 23
1512 22
1513 28
1514 27
1515 24
1516 24
1517 19
1518 18
1519 23
1520 30
1521 13
1522 28
1523 21
1524 27
1525 24
1526 23
1527 30
1528 24
1529 18
1530 23
1531 16
1532 21
1533 12
1534 20
1535 19
1536 20
1537 19
1538 19
1539 26
1540 12
1541 22
1542 23
1543 24
1544 21
1545 20
1546 20
1547 23
1548 21
1549 29
1550 25
1551 22
1552 25
1553 18
1554 23
1555 28
1556 21
1557 23
1558 18
1559 19
1560 20
1561 14
1562 20
1563 12
1564 14
1565 12
1566 23
1567 25
1568 18
1569 16
1570 20
1571 21
1572 18
1573 23
1574 25
1575 19
1576 21
1577 23
1578 13
1579 16
1580 21
1581 22
1582 19
1583 21
1584 25
1585 21
1586 25
1587 27
1588 26
1589 21
1590 21
1591 26
1592 23
1593 24
1594 26
1595 30
1596 25
1597 25
1598 21
1599 14
1600 15
1601 20
1602 25
1603 15
1604 25
1605 22
1606 14
1607 23
1608 18
1609 20
1610 19
1611 26
1612 21
1613 17
1614 25
1615 21
1616 19
1617 17
1618 20
1619 22
1620 17
1621 17
1622 22
1623 24
1624 24
1625 18
1626 19
1627 21
1628 18
1629 21
1630 22
1631 26
1632 23
1633 18
1634 14
1635 17
1636 16
1637 17
1638 16
1639 21
1640 19
1641 12
1642 19
1643 22
1644 21
1645 21
1646 23
1647 20
1648 23
1649 21
1650 19
1651 28
1652 21
1653 19
1654 15
1655 15
1656 17
1657 18
1658 22
1659 21
1660 19
1661 13
1662 22
1663 28
1664 24
1665 21
1666 14
1667 19
1668 21
1669 23
1670 25
1671 23
1672 21
1673 16
1674 24
1675 19
1676 21
1677 23
1678 24
1679 18
1680 25
1681 20
1682 21
1683 18
1684 23
1685 21
1686 18
1687 14
1688 23
1689 31
1690 25
1691 19
1692 19
1693 25
1694 16
1695 25
1696 14
1697 21
1698 18
1699 23
1700 23
1701 29
1702 20
1703 18
1704 25
1705 31
1706 21
1707 21
1708 25
1709 18
1710 25
1711 16
1712 27
1713 20
1714 24
1715 23
1716 21
1717 25
1718 31
1719 16
1720 15
1721 21
1722 23
1723 23
1724 22
1725 17
1726 26
1727 20
1728 21
1729 12
1730 24
1731 31
1732 15
1733 17
1734 23
1735 33
1736 28
1737 33
1738 35
1739 32
1740 26
1741 32
1742 27
1743 53
1744 79
1745 77
1746 66
1747 44
1748 57
1749 47
1750 59
1751 68
1752 86
1753 85
1754 99
1755 99
1756 113
1757 130
1758 126
1759 107
1760 96
1761 117
1762 119
1763 95
1764 83
1765 64
1766 68
1767 49
1768 95
1769 101
1770 63
1771 50
1772 36
1773 38
1774 27
1775 18
1776 34
1777 27
1778 22
1779 26
1780 29
1781 27
1782 25
1783 22
1784 16
1785 21
1786 16
1787 17
1788 17
1789 18
1790 18
1791 17
1792 19
1793 30
1794 14
1795 21
1796 12
1797 28
1798 19
1799 20
1800 18
1801 14
1802 26
1803 19
1804 20
1805 20
1806 19
1807 16
1808 23
1809 16
1810 24
1811 13
1812 22
1813 17
1814 21
1815 15
1816 17
1817 22
1818 17
1819 11
1820 21
1821 15
1822 18
1823 19
1824 19
1825 22
1826 25
1827 18
1828 23
1829 16
1830 25
1831 25
1832 13
1833 16
1834 15
1835 19
1836 19
1837 18
1838 15
1839 16
1840 26
1841 19
1842 20
1843 19
1844 24
1845 18
1846 19
1847 24
1848 22
1849 12
1850 16
1851 17
1852 16
1853 14
1854 15
1855 18
1856 18
1857 14
1858 13
1859 25
1860 27
1861 17
1862 19
1863 20
1864 17
1865 18
1866 11
1867 18
1868 15
1869 16
1870 21
1871 22
1872 14
1873 18
1874 17
1875 12
1876 15
1877 15
1878 25
1879 11
1880 20
1881 11
1882 20
1883 17
1884 12
1885 15
1886 23
1887 31
1888 22
1889 17
1890 31
1891 21
1892 18
1893 25
1894 24
1895 20
1896 16
1897 22
1898 28
1899 26
1900 21
1901 18
1902 19
1903 20
1904 17
1905 16
1906 25
1907 19
1908 21
1909 22
1910 19
1911 21
1912 23
1913 20
1914 18
1915 17
1916 21
1917 16
1918 20
1919 32
1920 12
1921 19
1922 22
1923 20
1924 27
1925 19
1926 27
1927 19
1928 23
1929 20
1930 10
1931 26
1932 15
1933 22
1934 17
1935 20
1936 17
1937 18
1938 26
1939 19
1940 17
1941 18
1942 23
1943 26
1944 33
1945 15
1946 22
1947 23
1948 12
1949 12
1950 25
1951 20
1952 20
1953 15
1954 14
1955 20
1956 11
1957 31
1958 24
1959 14
1960 17
1961 21
1962 20
1963 22
1964 20
1965 26
1966 17
1967 21
1968 17
1969 15
1970 25
1971 21
1972 17
1973 18
1974 27
1975 23
1976 24
1977 23
1978 34
1979 25
1980 32
1981 38
1982 23
1983 25
1984 27
1985 37
1986 37
1987 46
1988 62
1989 64
1990 58
1991 70
1992 66
1993 71
1994 73
1995 99
1996 99
1997 143
1998 152
1999 172
2000 200
2001 229
2002 249
2003 295
2004 249
2005 282
2006 296
2007 296
2008 317
2009 393
2010 429
2011 392
2012 359
2013 342
2014 433
2015 370
2016 396
2017 299
2018 343
2019 336
2020 316
2021 246
2022 216
2023 232
2024 191
2025 159
2026 140
2027 114
2028 99
2029 63
2030 45
2031 48
2032 49
2033 29
2034 40
2035 28
2036 18
2037 23
2038 13
2039 20
2040 20
2041 16
2042 20
2043 25
2044 24
2045 13
2046 24
2047 21
2048 18
2049 13
2050 16
2051 10
2052 18
2053 11
2054 21
2055 19
2056 12
2057 23
2058 16
2059 13
2060 16
2061 12
2062 14
2063 16
2064 12
2065 17
2066 18
2067 14
2068 23
2069 19
2070 25
2071 16
2072 9
2073 19
2074 14
2075 11
2076 11
2077 16
2078 14
2079 16
2080 17
2081 16
2082 16
2083 8
2084 12
2085 14
2086 12
2087 14
2088 18
2089 12
2090 14
2091 18
2092 12
2093 19
2094 7
2095 22
2096 19
2097 17
2098 23
2099 15
2100 12
2101 12
2102 24
2103 19
2104 14
2105 16
2106 19
2107 16
2108 11
2109 16
2110 12
2111 18
2112 14
2113 19
2114 12
2115 22
2116 17
2117 26
2118 13
2119 14
2120 19
2121 18
2122 12
2123 10
2124 19
2125 14
2126 14
2127 22
2128 19
2129 10
2130 24
2131 19
2132 35
2133 16
2134 13
2135 14
2136 18
2137 16
2138 22
2139 21
2140 18
2141 13
2142 16
2143 19
2144 8
2145 12
2146 21
2147 18
2148 18
2149 19
2150 19
2151 11
2152 9
2153 10
2154 15
2155 21
2156 14
2157 15
2158 21
2159 17
2160 17
2161 11
2162 11
2163 15
2164 12
2165 19
2166 12
2167 18
2168 15
2169 16
2170 10
2171 14
2172 21
2173 8
2174 12
2175 11
2176 15
2177 13
2178 13
2179 21
2180 20
2181 21
2182 15
2183 20
2184 20
2185 14
2186 28
2187 29
2188 35
2189 19
2190 31
2191 21
2192 32
2193 29
2194 31
2195 26
2196 53
2197 31
2198 38
2199 42
2200 36
2201 51
2202 46
2203 60
2204 67
2205 78
2206 85
2207 90
2208 99
2209 91
2210 107
2211 98
2212 97
2213 125
2214 98
2215 89
2216 89
2217 98
2218 81
2219 74
2220 68
2221 50
2222 62
2223 60
2224 50
2225 33
2226 34
2227 24
2228 25
2229 25
2230 22
2231 29
2232 16
2233 22
2234 18
2235 19
2236 23
2237 22
2238 19
2239 15
2240 15
2241 10
2242 11
2243 12
2244 20
2245 15
2246 18
2247 18
2248 9
2249 17
2250 17
2251 24
2252 14
2253 16
2254 18
2255 7
2256 13
2257 15
2258 15
2259 17
2260 12
2261 13
2262 10
2263 19
2264 14
2265 19
2266 15
2267 15
2268 19
2269 14
2270 14
2271 16
2272 10
2273 8
2274 8
2275 9
2276 11
2277 18
2278 19
2279 17
2280 13
2281 14
2282 13
2283 15
2284 12
2285 12
2286 20
2287 13
2288 13
2289 12
2290 11
2291 9
2292 14
2293 15
2294 11
2295 14
2296 13
2297 21
2298 15
2299 13
2300 10
2301 15
2302 20
2303 19
2304 13
2305 18
2306 9
2307 12
2308 14
2309 19
2310 16
2311 10
2312 7
2313 14
2314 14
2315 14
2316 16
2317 19
2318 15
2319 8
2320 21
2321 15
2322 14
2323 8
2324 7
2325 15
2326 11
2327 8
2328 13
2329 14
2330 7
2331 8
2332 11
2333 13
2334 10
2335 11
2336 13
2337 11
2338 13
2339 14
2340 11
2341 15
2342 10
2343 10
2344 15
2345 13
2346 17
2347 15
2348 11
2349 10
2350 16
2351 14
2352 19
2353 13
2354 12
2355 12
2356 10
2357 8
2358 16
2359 9
2360 11
2361 15
2362 14
2363 16
2364 16
2365 10
2366 19
2367 18
2368 11
2369 12
2370 13
2371 16
2372 14
2373 17
2374 13
2375 10
2376 11
2377 16
2378 14
2379 16
2380 20
2381 11
2382 10
2383 5
2384 10
2385 24
2386 13
2387 18
2388 12
2389 12
2390 16
2391 20
2392 17
2393 11
2394 15
2395 10
2396 12
2397 8
2398 17
2399 15
2400 11
2401 13
2402 17
2403 7
2404 11
2405 16
2406 11
2407 10
2408 14
2409 14
2410 6
2411 8
2412 9
2413 14
2414 15
2415 13
2416 16
2417 13
2418 13
2419 7
2420 13
2421 19
2422 13
2423 9
2424 16
2425 19
2426 9
2427 15
2428 14
2429 8
2430 9
2431 13
2432 15
2433 17
2434 6
2435 7
2436 7
2437 11
2438 14
2439 15
2440 14
2441 13
2442 11
2443 18
2444 13
2445 17
2446 9
2447 10
2448 15
2449 13
2450 15
2451 9
2452 14
2453 8
2454 15
2455 12
2456 14
2457 18
2458 10
2459 13
2460 14
2461 8
2462 20
2463 18
2464 19
2465 14
2466 11
2467 10
2468 12
2469 15
2470 10
2471 15
2472 16
2473 18
2474 14
2475 23
2476 32
2477 25
2478 32
2479 32
2480 32
2481 35
2482 25
2483 40
2484 27
2485 38
2486 39
2487 31
2488 30
2489 33
2490 51
2491 55
2492 69
2493 71
2494 83
2495 89
2496 84
2497 67
2498 62
2499 56
2500 64
2501 62
2502 64
2503 64
2504 67
2505 73
2506 71
2507 65
2508 70
2509 64
2510 46
2511 45
2512 22
2513 34
2514 32
2515 39
2516 37
2517 26
2518 24
2519 28
2520 17
2521 22
2522 15
2523 14
2524 19
2525 19
2526 13
2527 14
2528 12
2529 17
2530 19
2531 14
2532 17
2533 12
2534 11
2535 13
2536 17
2537 21
2538 14
2539 7
2540 8
2541 7
2542 11
2543 12
2544 18
2545 16
2546 8
2547 9
2548 6
2549 10
2550 13
2551 10
2552 7
2553 8
2554 13
2555 13
2556 12
2557 11
2558 11
2559 20
