0 36
1 31
2 30
3 32
4 33
5 30
6 19
7 28
8 42
9 31
10 30
11 33
12 31
13 28
14 27
15 26
16 38
17 22
18 34
19 38
20 34
21 38
22 24
23 31
24 23
25 33
26 24
27 28
28 37
29 31
30 32
31 38
32 24
33 23
34 35
35 32
36 37
37 34
38 36
39 31
40 27
41 29
42 25
43 35
44 27
45 30
46 41
47 33
48 33
49 29
50 25
51 24
52 25
53 37
54 34
55 43
56 28
57 34
58 27
59 22
60 37
61 31
62 32
63 28
64 30
65 32
66 24
67 21
68 23
69 37
70 38
71 26
72 27
73 31
74 36
75 28
76 23
77 28
78 35
79 23
80 29
81 17
82 27
83 34
84 21
85 24
86 30
87 21
88 33
89 29
90 37
91 38
92 28
93 24
94 18
95 23
96 33
97 35
98 45
99 45
100 30
101 36
102 22
103 24
104 31
105 29
106 25
107 38
108 34
109 35
110 30
111 25
112 37
113 39
114 27
115 30
116 29
117 32
118 32
119 23
120 33
121 32
122 29
123 25
124 34
125 27
126 37
127 22
128 42
129 39
130 35
131 31
132 42
133 35
134 40
135 28
136 40
137 36
138 45
139 30
140 25
141 36
142 35
143 29
144 29
145 34
146 30
147 32
148 35
149 33
150 29
151 33
152 41
153 38
154 33
155 32
156 30
157 27
158 35
159 19
160 26
161 28
162 36
163 34
164 23
165 38
166 40
167 22
168 24
169 33
170 32
171 41
172 35
173 33
174 22
175 26
176 34
177 28
178 35
179 27
180 40
181 32
182 31
183 31
184 31
185 30
186 29
187 44
188 27
189 27
190 35
191 16
192 37
193 27
194 27
195 39
196 24
197 30
198 32
199 32
200 31
201 37
202 29
203 33
204 27
205 38
206 32
207 30
208 25
209 44
210 27
211 32
212 32
213 33
214 30
215 34
216 29
217 32
218 33
219 37
220 33
221 38
222 29
223 29
224 30
225 22
226 31
227 34
228 33
229 35
230 38
231 33
232 41
233 38
234 31
235 36
236 27
237 34
238 34
239 37
240 28
241 37
242 29
243 34
244 30
245 34
246 34
247 43
248 34
249 39
250 31
251 28
252 34
253 22
254 42
255 25
256 21
257 24
258 29
259 28
260 45
261 35
262 42
263 46
264 36
265 34
266 29
267 32
268 31
269 29
270 37
271 29
272 29
273 31
274 34
275 37
276 38
277 36
278 29
279 35
280 37
281 30
282 32
283 32
284 30
285 44
286 38
287 40
288 39
289 32
290 37
291 40
292 35
293 34
294 32
295 34
296 34
297 43
298 39
299 39
300 41
301 33
302 40
303 51
304 41
305 38
306 38
307 32
308 33
309 27
310 36
311 30
312 44
313 27
314 39
315 34
316 38
317 34
318 32
319 39
320 37
321 31
322 37
323 39
324 45
325 32
326 28
327 43
328 41
329 42
330 34
331 28
332 27
333 30
334 30
335 31
336 33
337 45
338 34
339 40
340 40
341 36
342 44
343 30
344 39
345 26
346 28
347 38
348 36
349 39
350 46
351 36
352 27
353 27
354 28
355 28
356 33
357 40
358 31
359 40
360 31
361 37
362 27
363 28
364 37
365 31
366 30
367 31
368 33
369 29
370 38
371 36
372 44
373 35
374 36
375 35
376 34
377 32
378 35
379 30
380 32
381 37
382 33
383 32
384 27
385 35
386 29
387 36
388 53
389 33
390 31
391 34
392 45
393 41
394 35
395 36
396 32
397 42
398 24
399 33
400 45
401 38
402 31
403 43
404 37
405 44
406 37
407 36
408 33
409 36
410 36
411 37
412 39
413 39
414 36
415 42
416 24
417 38
418 37
419 30
420 34
421 32
422 26
423 45
424 45
425 46
426 38
427 34
428 28
429 43
430 45
431 26
432 34
433 36
434 30
435 37
436 36
437 39
438 41
439 30
440 37
441 31
442 29
443 35
444 34
445 38
446 34
447 34
448 39
449 25
450 37
451 51
452 33
453 38
454 31
455 38
456 39
457 39
458 33
459 41
460 34
461 32
462 38
463 39
464 45
465 37
466 46
467 45
468 36
469 39
470 28
471 30
472 24
473 36
474 33
475 34
476 36
477 36
478 42
479 31
480 42
481 30
482 44
483 44
484 42
485 37
486 38
487 30
488 37
489 45
490 38
491 37
492 39
493 34
494 24
495 42
496 37
497 45
498 41
499 30
500 39
501 52
502 43
503 46
504 37
505 41
506 39
507 29
508 32
509 44
510 34
511 25
512 35
513 46
514 43
515 54
516 36
517 47
518 43
519 33
520 31
521 47
522 37
523 31
524 39
525 25
526 41
527 40
528 36
529 42
530 40
531 49
532 32
533 22
534 30
535 39
536 42
537 36
538 44
539 57
540 37
541 41
542 45
543 53
544 38
545 58
546 47
547 55
548 44
549 58
550 52
551 65
552 55
553 55
554 38
555 64
556 58
557 54
558 64
559 77
560 76
561 64
562 81
563 77
564 88
565 102
566 102
567 102
568 96
569 92
570 97
571 102
572 87
573 83
574 60
575 76
576 70
577 47
578 43
579 32
580 42
581 42
582 35
583 36
584 36
585 38
586 30
587 36
588 50
589 40
590 53
591 40
592 35
593 37
594 40
595 41
596 41
597 38
598 22
599 47
600 30
601 36
602 35
603 38
604 27
605 45
606 38
607 48
608 45
609 33
610 43
611 40
612 39
613 46
614 49
615 44
616 34
617 33
618 35
619 37
620 35
621 37
622 30
623 28
624 44
625 32
626 36
627 50
628 30
629 43
630 48
631 42
632 43
633 39
634 50
635 28
636 43
637 41
638 32
639 44
640 44
641 39
642 26
643 37
644 34
645 54
646 44
647 50
648 49
649 54
650 34
651 33
652 29
653 39
654 35
655 38
656 42
657 25
658 28
659 48
660 53
661 45
662 37
663 38
664 46
665 51
666 41
667 49
668 40
669 45
670 31
671 33
672 39
673 41
674 34
675 33
676 23
677 49
678 35
679 44
680 41
681 40
682 37
683 35
684 40
685 25
686 36
687 47
688 29
689 33
690 29
691 60
692 41
693 42
694 36
695 32
696 51
697 34
698 27
699 40
700 34
701 37
702 34
703 34
704 35
705 38
706 38
707 38
708 36
709 41
710 31
711 40
712 37
713 31
714 45
715 37
716 34
717 44
718 26
719 30
720 31
721 45
722 37
723 36
724 31
725 36
726 29
727 43
728 37
729 30
730 50
731 40
732 37
733 31
734 35
735 36
736 38
737 43
738 32
739 25
740 35
741 41
742 31
743 40
744 30
745 44
746 46
747 30
748 33
749 52
750 38
751 30
752 38
753 41
754 37
755 38
756 31
757 41
758 42
759 27
760 38
761 35
762 36
763 42
764 38
765 33
766 43
767 34
768 48
769 40
770 36
771 42
772 50
773 46
774 32
775 20
776 40
777 33
778 27
779 31
780 56
781 37
782 42
783 29
784 33
785 39
786 49
787 30
788 37
789 35
790 44
791 43
792 36
793 48
794 33
795 44
796 48
797 36
798 31
799 39
800 37
801 30
802 34
803 34
804 35
805 26
806 41
807 37
808 31
809 44
810 33
811 34
812 22
813 43
814 23
815 26
816 39
817 39
818 31
819 33
820 36
821 35
822 40
823 33
824 39
825 38
826 40
827 38
828 26
829 32
830 36
831 34
832 41
833 36
834 28
835 38
836 48
837 31
838 29
839 29
840 32
841 35
842 38
843 39
844 41
845 46
846 33
847 34
848 41
849 36
850 41
851 23
852 41
853 34
854 42
855 51
856 20
857 28
858 30
859 36
860 32
861 31
862 38
863 38
864 24
865 32
866 26
867 29
868 37
869 38
870 31
871 45
872 31
873 41
874 37
875 38
876 34
877 40
878 35
879 37
880 33
881 28
882 38
883 34
884 42
885 26
886 33
887 25
888 28
889 37
890 32
891 43
892 47
893 32
894 39
895 46
896 27
897 38
898 20
899 40
900 32
901 38
902 49
903 40
904 36
905 32
906 33
907 45
908 40
909 47
910 46
911 33
912 35
913 36
914 32
915 39
916 30
917 44
918 30
919 31
920 36
921 36
922 38
923 37
924 40
925 41
926 40
927 32
928 44
929 47
930 29
931 23
932 31
933 26
934 27
935 44
936 28
937 59
938 26
939 30
940 35
941 27
942 32
943 20
944 41
945 34
946 29
947 29
948 40
949 26
950 39
951 41
952 30
953 27
954 28
955 25
956 27
957 36
958 33
959 34
960 35
961 25
962 32
963 24
964 35
965 29
966 40
967 45
968 40
969 43
970 34
971 26
972 31
973 26
974 36
975 43
976 19
977 29
978 34
979 28
980 33
981 31
982 42
983 40
984 26
985 37
986 30
987 31
988 40
989 30
990 31
991 22
992 33
993 34
994 39
995 34
996 41
997 29
998 23
999 38
1000 24
1001 37
1002 30
1003 44
1004 33
1005 36
1006 27
1007 41
1008 41
1009 29
1010 24
1011 40
1012 27
1013 36
1014 33
1015 24
1016 21
1017 37
1018 47
1019 31
1020 36
1021 45
1022 43
1023 27
1024 29
1025 44
1026 35
1027 40
1028 39
1029 29
1030 31
1031 24
1032 32
1033 32
1034 39
1035 37
1036 33
1037 29
1038 41
1039 32
1040 32
1041 33
1042 37
1043 36
1044 28
1045 29
1046 42
1047 40
1048 44
1049 39
1050 30
1051 38
1052 47
1053 40
1054 46
1055 33
1056 28
1057 31
1058 39
1059 37
1060 30
1061 30
1062 32
1063 40
1064 35
1065 37
1066 40
1067 51
1068 43
1069 55
1070 49
1071 49
1072 65
1073 88
1074 92
1075 120
1076 143
1077 134
1078 167
1079 156
1080 176
1081 223
1082 226
1083 284
1084 280
1085 341
1086 381
1087 509
1088 566
1089 473
1090 394
1091 419
1092 422
1093 491
1094 476
1095 462
1096 329
1097 286
1098 205
1099 212
1100 169
1101 121
1102 67
1103 72
1104 41
1105 45
1106 37
1107 45
1108 31
1109 35
1110 27
1111 33
1112 31
1113 41
1114 41
1115 31
1116 33
1117 36
1118 37
1119 33
1120 30
1121 31
1122 27
1123 34
1124 30
1125 41
1126 38
1127 32
1128 27
1129 31
1130 35
1131 18
1132 26
1133 31
1134 42
1135 39
1136 37
1137 23
1138 39
1139 36
1140 38
1141 16
1142 37
1143 28
1144 44
1145 33
1146 31
1147 47
1148 35
1149 23
1150 27
1151 33
1152 31
1153 29
1154 42
1155 35
1156 36
1157 39
1158 28
1159 28
1160 24
1161 42
1162 24
1163 38
1164 29
1165 37
1166 31
1167 40
1168 38
1169 39
1170 29
1171 22
1172 35
1173 36
1174 34
1175 31
1176 17
1177 29
1178 36
1179 43
1180 32
1181 33
1182 35
1183 38
1184 32
1185 37
1186 29
1187 25
1188 29
1189 33
1190 32
1191 28
1192 28
1193 25
1194 14
1195 31
1196 31
1197 34
1198 36
1199 34
1200 41
1201 36
1202 35
1203 32
1204 24
1205 28
1206 36
1207 37
1208 31
1209 39
1210 31
1211 35
1212 28
1213 26
1214 33
1215 32
1216 53
1217 42
1218 39
1219 54
1220 51
1221 72
1222 90
1223 120
1224 111
1225 75
1226 60
1227 73
1228 64
1229 67
1230 72
1231 64
1232 78
1233 85
1234 76
1235 78
1236 48
1237 36
1238 41
1239 49
1240 30
1241 26
1242 31
1243 29
1244 24
1245 38
1246 30
1247 33
1248 32
1249 31
1250 36
1251 22
1252 28
1253 28
1254 24
1255 29
1256 39
1257 31
1258 25
1259 36
1260 46
1261 33
1262 28
1263 19
1264 24
1265 27
1266 27
1267 19
1268 22
1269 27
1270 26
1271 27
1272 30
1273 25
1274 29
1275 19
1276 23
1277 17
1278 18
1279 19
1280 32
1281 26
1282 29
1283 31
1284 33
1285 37
1286 25
1287 25
1288 40
1289 30
1290 34
1291 26
1292 32
1293 30
1294 32
1295 39
1296 44
1297 51
1298 33
1299 52
1300 39
1301 53
1302 33
1303 32
1304 45
1305 41
1306 34
1307 34
1308 24
1309 33
1310 24
1311 27
1312 24
1313 21
1314 23
1315 25
1316 23
1317 20
1318 21
1319 15
1320 19
1321 28
1322 37
1323 30
1324 29
1325 25
1326 23
1327 23
1328 25
1329 25
1330 21
1331 25
1332 20
1333 12
1334 19
1335 29
1336 19
1337 30
1338 25
1339 19
1340 17
1341 28
1342 29
1343 22
1344 18
1345 25
1346 25
1347 33
1348 21
1349 26
1350 23
1351 22
1352 21
1353 24
1354 22
1355 23
1356 26
1357 22
1358 27
1359 29
1360 36
1361 30
1362 32
1363 29
1364 31
1365 42
1366 36
1367 40
1368 53
1369 45
1370 54
1371 64
1372 52
1373 89
1374 99
1375 111
1376 114
1377 156
1378 171
1379 174
1380 190
1381 231
1382 244
1383 322
1384 305
1385 294
1386 366
1387 312
1388 285
1389 188
1390 166
1391 158
1392 119
1393 84
1394 78
1395 60
1396 51
1397 43
1398 35
1399 33
1400 22
1401 25
1402 29
1403 22
1404 21
1405 31
1406 26
1407 23
1408 29
1409 30
1410 31
1411 18
1412 20
1413 21
1414 14
1415 26
1416 20
1417 26
1418 23
1419 32
1420 28
1421 18
1422 17
1423 24
1424 18
1425 31
1426 25
1427 22
1428 29
1429 28
1430 27
1431 26
1432 19
1433 24
1434 19
1435 28
1436 19
1437 21
1438 21
1439 20
1440 26
1441 19
1442 18
1443 27
1444 15
1445 13
1446 15
1447 14
1448 23
1449 13
1450 21
1451 19
1452 14
1453 32
1454 18
1455 17
1456 17
1457 18
1458 23
1459 18
1460 24
1461 15
1462 17
1463 19
1464 16
1465 15
1466 33
1467 19
1468 27
1469 34
1470 22
1471 26
1472 15
1473 19
1474 17
1475 20
1476 12
1477 20
1478 17
1479 18
1480 26
1481 18
1482 27
1483 20
1484 19
1485 19
1486 21
1487 29
1488 17
1489 21
1490 17
1491 21
1492 17
1493 17
1494 16
1495 22
1496 28
1497 33
1498 26
1499 17
1500 20
1501 26
1502 17
1503 26
1504 15
1505 22
1506 17
1507 22
1508 18
1509 22
1510 20
1511 17
1512 17
1513 24
1514 17
1515 21
1516 21
1517 19
1518 19
1519 19
1520 23
1521 22
1522 25
1523 27
1524 30
1525 21
1526 25
1527 20
1528 14
1529 15
1530 17
1531 16
1532 25
1533 24
1534 20
1535 29
1536 21
1537 19
1538 21
1539 18
1540 19
1541 23
1542 17
1543 21
1544 17
1545 21
1546 21
1547 15
1548 13
1549 19
1550 22
1551 11
1552 22
1553 22
1554 28
1555 31
1556 22
1557 30
1558 17
1559 20
1560 18
1561 29
1562 22
1563 21
1564 19
1565 20
1566 21
1567 23
1568 18
1569 30
1570 19
1571 27
1572 19
1573 22
1574 27
1575 27
1576 16
1577 28
1578 18
1579 14
1580 21
1581 22
1582 19
1583 16
1584 22
1585 19
1586 17
1587 17
1588 8
1589 16
1590 14
1591 17
1592 32
1593 26
1594 13
1595 25
1596 19
1597 18
1598 23
1599 27
1600 16
1601 20
1602 21
1603 20
1604 21
1605 17
1606 16
1607 28
1608 19
1609 12
1610 21
1611 15
1612 25
1613 19
1614 12
1615 28
1616 33
1617 25
1618 13
1619 17
1620 17
1621 15
1622 25
1623 18
1624 25
1625 15
1626 17
1627 19
1628 12
1629 16
1630 19
1631 14
1632 12
1633 18
1634 12
1635 20
1636 20
1637 16
1638 19
1639 7
1640 14
1641 23
1642 18
1643 11
1644 18
1645 20
1646 18
1647 18
1648 18
1649 22
1650 20
1651 29
1652 19
1653 15
1654 25
1655 20
1656 20
1657 24
1658 24
1659 14
1660 11
1661 13
1662 12
1663 20
1664 17
1665 20
1666 16
1667 30
1668 16
1669 24
1670 18
1671 18
1672 24
1673 21
1674 16
1675 22
1676 14
1677 19
1678 19
1679 18
1680 20
1681 20
1682 19
1683 19
1684 15
1685 19
1686 18
1687 16
1688 23
1689 27
1690 27
1691 16
1692 16
1693 15
1694 17
1695 15
1696 11
1697 20
1698 14
1699 14
1700 18
1701 22
1702 20
1703 16
1704 20
1705 15
1706 26
1707 22
1708 17
1709 13
1710 19
1711 19
1712 18
1713 11
1714 19
1715 14
1716 23
1717 19
1718 17
1719 16
1720 14
1721 25
1722 31
1723 24
1724 19
1725 17
1726 13
1727 23
1728 21
1729 14
1730 29
1731 22
1732 18
1733 19
1734 24
1735 21
1736 15
1737 15
1738 11
1739 12
1740 17
1741 20
1742 21
1743 13
1744 16
1745 19
1746 12
1747 22
1748 13
1749 23
1750 23
1751 21
1752 13
1753 29
1754 22
1755 19
1756 11
1757 10
1758 13
1759 21
1760 17
1761 18
1762 21
1763 17
1764 22
1765 15
1766 14
1767 17
1768 14
1769 23
1770 16
1771 23
1772 23
1773 20
1774 23
1775 22
1776 24
1777 16
1778 25
1779 14
1780 24
1781 24
1782 23
1783 27
1784 16
1785 18
1786 18
1787 19
1788 25
1789 17
1790 29
1791 20
1792 19
1793 27
1794 25
1795 24
1796 26
1797 26
1798 28
1799 25
1800 27
1801 26
1802 16
1803 23
1804 25
1805 17
1806 22
1807 20
1808 19
1809 20
1810 21
1811 15
1812 23
1813 18
1814 14
1815 16
1816 19
1817 22
1818 23
1819 23
1820 17
1821 14
1822 28
1823 24
1824 26
1825 19
1826 15
1827 12
1828 18
1829 17
1830 21
1831 19
1832 23
1833 33
1834 19
1835 38
1836 28
1837 26
1838 25
1839 51
1840 50
1841 60
1842 51
1843 44
1844 45
1845 61
1846 79
1847 72
1848 65
1849 55
1850 60
1851 60
1852 64
1853 106
1854 155
1855 127
1856 85
1857 86
1858 75
1859 94
1860 98
1861 62
1862 39
1863 38
1864 33
1865 33
1866 22
1867 28
1868 40
1869 20
1870 20
1871 16
1872 23
1873 23
1874 19
1875 16
1876 13
1877 16
1878 28
1879 19
1880 14
1881 13
1882 11
1883 13
1884 22
1885 15
1886 24
1887 15
1888 10
1889 11
1890 18
1891 23
1892 25
1893 21
1894 20
1895 17
1896 18
1897 18
1898 27
1899 21
1900 23
1901 19
1902 18
1903 20
1904 18
1905 14
1906 20
1907 10
1908 16
1909 19
1910 17
1911 22
1912 13
1913 21
1914 7
1915 11
1916 17
1917 10
1918 16
1919 24
1920 17
1921 20
1922 26
1923 18
1924 16
1925 22
1926 20
1927 14
1928 18
1929 19
1930 20
1931 16
1932 14
1933 24
1934 20
1935 21
1936 24
1937 22
1938 19
1939 10
1940 14
1941 17
1942 21
1943 19
1944 27
1945 20
1946 18
1947 27
1948 18
1949 18
1950 17
1951 13
1952 18
1953 18
1954 16
1955 21
1956 24
1957 26
1958 11
1959 14
1960 17
1961 17
1962 16
1963 10
1964 15
1965 13
1966 15
1967 14
1968 18
1969 11
1970 19
1971 17
1972 14
1973 14
1974 17
1975 11
1976 14
1977 16
1978 19
1979 16
1980 15
1981 17
1982 16
1983 20
1984 25
1985 19
1986 17
1987 17
1988 10
1989 17
1990 15
1991 9
1992 13
1993 18
1994 13
1995 18
1996 15
1997 15
1998 26
1999 13
2000 16
2001 17
2002 21
2003 21
2004 15
2005 14
2006 16
2007 19
2008 24
2009 12
2010 13
2011 14
2012 17
2013 22
2014 12
2015 18
2016 21
2017 12
2018 22
2019 23
2020 10
2021 14
2022 11
2023 16
2024 9
2025 22
2026 18
2027 19
2028 29
2029 22
2030 19
2031 23
2032 15
2033 22
2034 14
2035 8
2036 12
2037 11
2038 19
2039 14
2040 15
2041 18
2042 17
2043 18
2044 12
2045 13
2046 17
2047 17
2048 20
2049 16
2050 19
2051 14
2052 8
2053 20
2054 17
2055 13
2056 27
2057 16
2058 16
2059 25
2060 21
2061 23
2062 16
2063 19
2064 17
2065 16
2066 19
2067 10
2068 13
2069 16
2070 16
2071 16
2072 15
2073 10
2074 14
2075 16
2076 14
2077 28
2078 19
2079 19
2080 32
2081 20
2082 19
2083 21
2084 27
2085 30
2086 34
2087 28
2088 30
2089 39
2090 44
2091 42
2092 77
2093 84
2094 85
2095 111
2096 119
2097 107
2098 148
2099 142
2100 178
2101 187
2102 245
2103 268
2104 279
2105 353
2106 376
2107 350
2108 330
2109 318
2110 354
2111 435
2112 412
2113 359
2114 321
2115 278
2116 281
2117 335
2118 371
2119 297
2120 242
2121 257
2122 257
2123 179
2124 140
2125 111
2126 98
2127 106
2128 82
2129 70
2130 67
2131 49
2132 33
2133 35
2134 28
2135 15
2136 24
2137 20
2138 16
2139 23
2140 18
2141 16
2142 19
2143 20
2144 17
2145 12
2146 23
2147 15
2148 8
2149 20
2150 25
2151 16
2152 20
2153 23
2154 15
2155 17
2156 11
2157 12
2158 13
2159 12
2160 23
2161 16
2162 17
2163 12
2164 17
2165 9
2166 15
2167 10
2168 10
2169 14
2170 11
2171 12
2172 17
2173 11
2174 9
2175 12
2176 10
2177 18
2178 11
2179 15
2180 15
2181 15
2182 11
2183 23
2184 18
2185 17
2186 11
2187 11
2188 10
2189 18
2190 10
2191 8
2192 12
2193 19
2194 19
2195 18
2196 16
2197 11
2198 17
2199 12
2200 18
2201 20
2202 14
2203 15
2204 15
2205 11
2206 15
2207 16
2208 20
2209 17
2210 13
2211 14
2212 13
2213 23
2214 26
2215 9
2216 13
2217 16
2218 17
2219 18
2220 21
2221 14
2222 12
2223 14
2224 17
2225 11
2226 11
2227 16
2228 16
2229 17
2230 22
2231 15
2232 21
2233 13
2234 11
2235 17
2236 13
2237 20
2238 14
2239 18
2240 16
2241 15
2242 15
2243 16
2244 16
2245 10
2246 14
2247 14
2248 13
2249 14
2250 15
2251 21
2252 14
2253 17
2254 18
2255 13
2256 17
2257 18
2258 16
2259 11
2260 20
2261 13
2262 13
2263 10
2264 18
2265 22
2266 16
2267 9
2268 12
2269 8
2270 11
2271 18
2272 16
2273 13
2274 22
2275 21
2276 20
2277 11
2278 8
2279 13
2280 23
2281 11
2282 14
2283 13
2284 15
2285 14
2286 13
2287 13
2288 13
2289 20
2290 12
2291 25
2292 23
2293 13
2294 25
2295 20
2296 25
2297 29
2298 25
2299 33
2300 25
2301 30
2302 36
2303 32
2304 35
2305 37
2306 43
2307 47
2308 46
2309 55
2310 67
2311 57
2312 67
2313 76
2314 79
2315 66
2316 74
2317 72
2318 69
2319 58
2320 62
2321 57
2322 61
2323 68
2324 52
2325 39
2326 52
2327 52
2328 47
2329 34
2330 42
2331 38
2332 30
2333 28
2334 24
2335 22
2336 25
2337 28
2338 25
2339 18
2340 24
2341 16
2342 7
2343 12
2344 15
2345 15
2346 11
2347 14
2348 10
2349 22
2350 11
2351 19
2352 14
2353 18
2354 18
2355 10
2356 13
2357 8
2358 14
2359 19
2360 17
2361 9
2362 16
2363 21
2364 18
2365 16
2366 22
2367 17
2368 13
2369 17
2370 22
2371 21
2372 8
2373 17
2374 10
2375 17
2376 16
2377 14
2378 19
2379 11
2380 22
2381 11
2382 14
2383 9
2384 17
2385 14
2386 19
2387 11
2388 14
2389 16
2390 13
2391 11
2392 11
2393 10
2394 15
2395 9
2396 8
2397 12
2398 13
2399 10
2400 15
2401 15
2402 11
2403 11
2404 17
2405 4
2406 13
2407 9
2408 11
2409 8
2410 12
2411 16
2412 13
2413 11
2414 10
2415 13
2416 13
2417 13
2418 18
2419 16
2420 15
2421 16
2422 17
2423 9
2424 14
2425 12
2426 14
2427 15
2428 19
2429 19
2430 12
2431 14
2432 15
2433 12
2434 13
2435 18
2436 12
2437 12
2438 11
2439 11
2440 14
2441 18
2442 6
2443 9
2444 6
2445 18
2446 14
2447 14
2448 14
2449 12
2450 10
2451 15
2452 13
2453 14
2454 13
2455 11
2456 9
2457 9
2458 9
2459 11
2460 11
2461 10
2462 10
2463 23
2464 16
2465 10
2466 10
2467 11
2468 14
2469 10
2470 10
2471 8
2472 10
2473 13
2474 10
2475 12
2476 12
2477 14
2478 9
2479 16
2480 6
2481 12
2482 8
2483 8
2484 12
2485 18
2486 9
2487 15
2488 14
2489 10
2490 10
2491 13
2492 11
2493 12
2494 5
2495 9
2496 13
2497 13
2498 13
2499 13
2500 11
2501 9
2502 15
2503 11
2504 14
2505 17
2506 10
2507 14
2508 9
2509 12
2510 20
2511 7
2512 17
2513 15
2514 12
2515 16
2516 7
2517 11
2518 12
2519 11
2520 8
2521 13
2522 11
2523 14
2524 10
2525 13
2526 11
2527 11
2528 11
2529 11
2530 9
2531 16
2532 9
2533 16
2534 19
2535 13
2536 10
2537 8
2538 16
2539 12
2540 10
2541 8
2542 8
2543 10
2544 18
2545 18
2546 16
2547 5
2548 8
2549 11
2550 11
2551 11
2552 13
2553 13
2554 10
2555 18
2556 11
2557 10
2558 16
2559 9
