0 38
1 19
2 24
3 22
4 16
5 27
6 28
7 24
8 28
9 31
10 25
11 28
12 27
13 23
14 32
15 32
16 31
17 20
18 25
19 28
20 18
21 24
22 25
23 36
24 26
25 27
26 23
27 33
28 29
29 33
30 33
31 20
32 24
33 27
34 23
35 32
36 41
37 21
38 27
39 38
40 20
41 20
42 28
43 25
44 26
45 27
46 33
47 22
48 22
49 30
50 33
51 28
52 27
53 23
54 17
55 28
56 15
57 30
58 24
59 19
60 31
61 20
62 28
63 33
64 32
65 23
66 26
67 28
68 28
69 35
70 29
71 25
72 25
73 29
74 38
75 21
76 21
77 22
78 21
79 22
80 23
81 21
82 22
83 24
84 31
85 23
86 21
87 24
88 26
89 33
90 24
91 37
92 27
93 26
94 28
95 24
96 22
97 28
98 26
99 17
100 21
101 22
102 23
103 36
104 29
105 25
106 21
107 28
108 27
109 36
110 20
111 19
112 20
113 30
114 22
115 21
116 22
117 23
118 16
119 33
120 33
121 27
122 29
123 27
124 20
125 27
126 25
127 26
128 35
129 29
130 15
131 37
132 34
133 28
134 26
135 35
136 25
137 23
138 27
139 34
140 34
141 38
142 37
143 23
144 26
145 30
146 25
147 25
148 19
149 28
150 22
151 33
152 18
153 17
154 36
155 35
156 19
157 25
158 27
159 29
160 35
161 32
162 28
163 27
164 31
165 35
166 33
167 25
168 36
169 24
170 26
171 30
172 27
173 26
174 31
175 31
176 29
177 25
178 26
179 30
180 22
181 37
182 39
183 38
184 19
185 23
186 28
187 30
188 33
189 29
190 29
191 30
192 23
193 36
194 28
195 37
196 26
197 36
198 25
199 38
200 25
201 39
202 41
203 29
204 30
205 21
206 33
207 41
208 29
209 22
210 26
211 24
212 32
213 30
214 37
215 28
216 33
217 29
218 27
219 24
220 27
221 25
222 21
223 31
224 27
225 31
226 32
227 33
228 26
229 26
230 34
231 23
232 25
233 29
234 30
235 26
236 44
237 33
238 25
239 24
240 36
241 32
242 38
243 34
244 36
245 29
246 29
247 37
248 44
249 30
250 36
251 27
252 27
253 30
254 30
255 23
256 34
257 25
258 36
259 27
260 31
261 31
262 25
263 24
264 30
265 27
266 29
267 27
268 31
269 32
270 27
271 37
272 41
273 35
274 23
275 19
276 34
277 28
278 36
279 19
280 31
281 31
282 28
283 35
284 38
285 20
286 30
287 37
288 32
289 32
290 29
291 35
292 23
293 22
294 24
295 33
296 27
297 27
298 27
299 30
300 32
301 35
302 34
303 24
304 38
305 33
306 27
307 35
308 26
309 21
310 31
311 37
312 29
313 26
314 24
315 33
316 42
317 42
318 25
319 33
320 32
321 35
322 27
323 33
324 27
325 36
326 41
327 34
328 33
329 33
330 32
331 39
332 36
333 26
334 43
335 34
336 41
337 30
338 38
339 29
340 37
341 26
342 27
343 33
344 26
345 27
346 29
347 25
348 43
349 29
350 40
351 24
352 30
353 24
354 38
355 37
356 24
357 34
358 30
359 26
360 35
361 29
362 36
363 36
364 38
365 31
366 24
367 29
368 32
369 26
370 36
371 36
372 31
373 35
374 27
375 33
376 39
377 29
378 38
379 15
380 31
381 31
382 40
383 27
384 26
385 35
386 22
387 22
388 35
389 36
390 30
391 40
392 30
393 39
394 30
395 32
396 20
397 21
398 25
399 29
400 28
401 35
402 36
403 28
404 25
405 37
406 27
407 34
408 35
409 28
410 29
411 44
412 42
413 22
414 33
415 39
416 29
417 39
418 31
419 35
420 24
421 25
422 26
423 25
424 26
425 37
426 37
427 47
428 35
429 43
430 37
431 28
432 36
433 34
434 34
435 27
436 28
437 33
438 36
439 25
440 33
441 38
442 38
443 37
444 40
445 36
446 48
447 30
448 30
449 39
450 40
451 46
452 42
453 31
454 28
455 34
456 33
457 44
458 28
459 32
460 23
461 33
462 33
463 37
464 29
465 36
466 34
467 37
468 28
469 32
470 37
471 36
472 35
473 34
474 36
475 25
476 40
477 36
478 23
479 34
480 43
481 31
482 44
483 37
484 33
485 34
486 30
487 37
488 28
489 32
490 28
491 23
492 37
493 43
494 32
495 32
496 35
497 24
498 19
499 26
500 32
501 28
502 24
503 38
504 35
505 35
506 32
507 34
508 32
509 41
510 27
511 40
512 33
513 30
514 33
515 33
516 30
517 23
518 33
519 43
520 33
521 30
522 36
523 33
524 26
525 28
526 33
527 29
528 37
529 30
530 29
531 33
532 38
533 29
534 32
535 44
536 35
537 36
538 41
539 31
540 42
541 31
542 20
543 42
544 36
545 34
546 31
547 46
548 27
549 28
550 35
551 31
552 43
553 34
554 41
555 39
556 37
557 29
558 31
559 35
560 33
561 25
562 31
563 32
564 42
565 49
566 34
567 25
568 29
569 29
570 45
571 43
572 46
573 27
574 30
575 48
576 32
577 30
578 40
579 29
580 33
581 36
582 45
583 45
584 26
585 34
586 42
587 45
588 36
589 30
590 45
591 41
592 31
593 36
594 31
595 50
596 39
597 37
598 45
599 38
600 36
601 45
602 41
603 38
604 42
605 36
606 36
607 46
608 65
609 36
610 49
611 64
612 75
613 63
614 63
615 89
616 82
617 80
618 89
619 85
620 79
621 91
622 82
623 79
624 88
625 93
626 93
627 105
628 89
629 95
630 97
631 86
632 79
633 85
634 59
635 54
636 41
637 29
638 19
639 31
640 43
641 26
642 40
643 41
644 42
645 31
646 36
647 36
648 40
649 40
650 46
651 42
652 28
653 33
654 45
655 51
656 37
657 44
658 32
659 26
660 35
661 40
662 44
663 33
664 40
665 41
666 32
667 33
668 32
669 37
670 48
671 32
672 36
673 27
674 32
675 44
676 32
677 29
678 42
679 25
680 34
681 45
682 38
683 34
684 38
685 31
686 33
687 35
688 36
689 20
690 39
691 27
692 35
693 38
694 35
695 40
696 30
697 45
698 35
699 32
700 26
701 37
702 29
703 43
704 41
705 26
706 29
707 36
708 41
709 30
710 24
711 25
712 29
713 25
714 33
715 29
716 37
717 43
718 30
719 31
720 41
721 36
722 38
723 31
724 39
725 40
726 40
727 31
728 40
729 32
730 36
731 36
732 36
733 38
734 34
735 41
736 37
737 24
738 32
739 32
740 41
741 23
742 36
743 38
744 35
745 36
746 39
747 31
748 39
749 35
750 42
751 36
752 38
753 37
754 34
755 33
756 29
757 41
758 29
759 35
760 36
761 27
762 23
763 35
764 33
765 26
766 25
767 34
768 38
769 34
770 34
771 34
772 49
773 39
774 38
775 40
776 36
777 30
778 39
779 31
780 32
781 46
782 32
783 34
784 38
785 32
786 41
787 42
788 50
789 37
790 36
791 32
792 38
793 26
794 34
795 37
796 41
797 38
798 39
799 38
800 28
801 38
802 34
803 30
804 40
805 32
806 31
807 35
808 33
809 30
810 36
811 42
812 29
813 35
814 25
815 27
816 39
817 33
818 24
819 32
820 32
821 35
822 50
823 37
824 42
825 32
826 31
827 38
828 34
829 27
830 28
831 30
832 40
833 32
834 29
835 23
836 27
837 47
838 30
839 26
840 29
841 25
842 37
843 29
844 30
845 33
846 35
847 35
848 32
849 37
850 30
851 31
852 30
853 31
854 42
855 30
856 29
857 34
858 36
859 36
860 24
861 33
862 44
863 29
864 24
865 37
866 38
867 41
868 26
869 43
870 21
871 37
872 31
873 33
874 30
875 32
876 28
877 29
878 28
879 29
880 29
881 43
882 32
883 42
884 41
885 37
886 29
887 34
888 40
889 27
890 26
891 36
892 24
893 20
894 31
895 33
896 36
897 25
898 21
899 34
900 34
901 31
902 22
903 36
904 29
905 31
906 28
907 31
908 37
909 31
910 27
911 37
912 34
913 26
914 36
915 26
916 31
917 32
918 32
919 31
920 26
921 27
922 33
923 43
924 23
925 36
926 44
927 36
928 38
929 33
930 41
931 43
932 34
933 33
934 36
935 27
936 32
937 38
938 31
939 35
940 29
941 17
942 32
943 38
944 25
945 35
946 28
947 31
948 33
949 21
950 40
951 32
952 37
953 30
954 22
955 32
956 36
957 40
958 32
959 34
960 25
961 35
962 32
963 36
964 26
965 30
966 39
967 31
968 32
969 24
970 36
971 38
972 35
973 27
974 38
975 35
976 42
977 44
978 43
979 37
980 28
981 24
982 39
983 31
984 25
985 24
986 18
987 27
988 22
989 29
990 32
991 18
992 24
993 38
994 33
995 29
996 34
997 31
998 38
999 19
1000 48
1001 27
1002 34
1003 25
1004 33
1005 29
1006 33
1007 34
1008 33
1009 35
1010 21
1011 40
1012 26
1013 32
1014 15
1015 18
1016 34
1017 35
1018 29
1019 41
1020 28
1021 27
1022 36
1023 41
1024 28
1025 29
1026 33
1027 36
1028 36
1029 24
1030 31
1031 29
1032 36
1033 36
1034 29
1035 42
1036 34
1037 32
1038 33
1039 35
1040 31
1041 27
1042 23
1043 28
1044 27
1045 26
1046 42
1047 28
1048 36
1049 25
1050 28
1051 38
1052 37
1053 28
1054 36
1055 28
1056 17
1057 32
1058 34
1059 37
1060 39
1061 33
1062 21
1063 31
1064 31
1065 37
1066 39
1067 30
1068 30
1069 28
1070 28
1071 30
1072 34
1073 35
1074 32
1075 30
1076 34
1077 41
1078 26
1079 32
1080 31
1081 27
1082 32
1083 31
1084 36
1085 28
1086 31
1087 29
1088 34
1089 37
1090 34
1091 28
1092 29
1093 43
1094 34
1095 28
1096 29
1097 27
1098 30
1099 26
1100 28
1101 21
1102 36
1103 24
1104 34
1105 34
1106 37
1107 33
1108 36
1109 33
1110 24
1111 31
1112 34
1113 30
1114 31
1115 37
1116 38
1117 27
1118 29
1119 33
1120 43
1121 37
1122 32
1123 28
1124 34
1125 33
1126 31
1127 24
1128 36
1129 26
1130 30
1131 35
1132 35
1133 27
1134 24
1135 37
1136 35
1137 27
1138 35
1139 31
1140 54
1141 48
1142 50
1143 46
1144 47
1145 57
1146 71
1147 80
1148 104
1149 104
1150 113
1151 134
1152 183
1153 204
1154 187
1155 236
1156 269
1157 294
1158 294
1159 358
1160 409
1161 425
1162 422
1163 412
1164 557
1165 562
1166 614
1167 516
1168 418
1169 362
1170 302
1171 228
1172 175
1173 138
1174 80
1175 72
1176 52
1177 39
1178 35
1179 35
1180 42
1181 28
1182 39
1183 37
1184 38
1185 40
1186 34
1187 37
1188 41
1189 29
1190 26
1191 29
1192 41
1193 27
1194 40
1195 24
1196 29
1197 25
1198 31
1199 31
1200 36
1201 31
1202 38
1203 38
1204 20
1205 26
1206 26
1207 22
1208 23
1209 27
1210 32
1211 34
1212 31
1213 35
1214 29
1215 24
1216 19
1217 27
1218 23
1219 34
1220 31
1221 28
1222 26
1223 40
1224 23
1225 35
1226 30
1227 24
1228 19
1229 30
1230 29
1231 29
1232 22
1233 23
1234 26
1235 27
1236 32
1237 41
1238 29
1239 48
1240 31
1241 29
1242 26
1243 26
1244 21
1245 30
1246 27
1247 30
1248 30
1249 21
1250 32
1251 33
1252 32
1253 23
1254 22
1255 25
1256 24
1257 24
1258 21
1259 36
1260 31
1261 28
1262 36
1263 22
1264 20
1265 28
1266 24
1267 22
1268 24
1269 30
1270 23
1271 27
1272 20
1273 21
1274 26
1275 17
1276 21
1277 15
1278 9
1279 5
1280 18
1281 28
1282 16
1283 22
1284 30
1285 16
1286 38
1287 24
1288 19
1289 27
1290 19
1291 21
1292 23
1293 22
1294 25
1295 19
1296 27
1297 19
1298 23
1299 18
1300 23
1301 19
1302 14
1303 19
1304 36
1305 31
1306 22
1307 32
1308 12
1309 18
1310 13
1311 30
1312 23
1313 18
1314 29
1315 18
1316 22
1317 22
1318 28
1319 28
1320 19
1321 24
1322 21
1323 29
1324 31
1325 15
1326 21
1327 15
1328 26
1329 23
1330 23
1331 28
1332 28
1333 25
1334 28
1335 20
1336 22
1337 23
1338 25
1339 17
1340 21
1341 21
1342 24
1343 26
1344 21
1345 23
1346 13
1347 14
1348 13
1349 15
1350 19
1351 25
1352 23
1353 23
1354 20
1355 14
1356 28
1357 19
1358 29
1359 24
1360 25
1361 19
1362 22
1363 20
1364 23
1365 29
1366 21
1367 24
1368 25
1369 25
1370 26
1371 37
1372 28
1373 31
1374 28
1375 28
1376 34
1377 41
1378 47
1379 48
1380 50
1381 47
1382 47
1383 41
1384 59
1385 37
1386 43
1387 39
1388 38
1389 36
1390 35
1391 33
1392 28
1393 21
1394 16
1395 21
1396 18
1397 33
1398 17
1399 34
1400 20
1401 15
1402 25
1403 22
1404 29
1405 20
1406 28
1407 18
1408 30
1409 22
1410 18
1411 20
1412 30
1413 23
1414 18
1415 15
1416 19
1417 26
1418 21
1419 24
1420 28
1421 24
1422 19
1423 22
1424 27
1425 17
1426 22
1427 22
1428 25
1429 23
1430 22
1431 22
1432 26
1433 19
1434 19
1435 20
1436 22
1437 19
1438 21
1439 17
1440 18
1441 28
1442 17
1443 31
1444 16
1445 29
1446 21
1447 21
1448 22
1449 27
1450 32
1451 21
1452 21
1453 25
1454 33
1455 45
1456 56
1457 71
1458 70
1459 85
1460 96
1461 135
1462 152
1463 215
1464 305
1465 347
1466 292
1467 261
1468 238
1469 199
1470 166
1471 194
1472 216
1473 193
1474 116
1475 96
1476 111
1477 101
1478 86
1479 69
1480 58
1481 52
1482 42
1483 38
1484 30
1485 27
1486 21
1487 28
1488 18
1489 24
1490 23
1491 21
1492 18
1493 14
1494 20
1495 21
1496 13
1497 26
1498 25
1499 25
1500 25
1501 19
1502 25
1503 20
1504 30
1505 20
1506 19
1507 22
1508 20
1509 25
1510 25
1511 27
1512 15
1513 24
1514 26
1515 10
1516 18
1517 25
1518 16
1519 22
1520 23
1521 17
1522 18
1523 21
1524 18
1525 20
1526 23
1527 14
1528 23
1529 22
1530 18
1531 21
1532 21
1533 24
1534 27
1535 20
1536 22
1537 24
1538 18
1539 23
1540 24
1541 22
1542 14
1543 17
1544 17
1545 26
1546 20
1547 23
1548 23
1549 14
1550 28
1551 17
1552 16
1553 16
1554 13
1555 15
1556 21
1557 20
1558 23
1559 15
1560 21
1561 17
1562 21
1563 21
1564 20
1565 15
1566 20
1567 25
1568 16
1569 20
1570 24
1571 22
1572 17
1573 16
1574 21
1575 15
1576 20
1577 15
1578 20
1579 22
1580 17
1581 21
1582 18
1583 17
1584 13
1585 16
1586 25
1587 28
1588 21
1589 20
1590 19
1591 15
1592 23
1593 17
1594 24
1595 17
1596 21
1597 14
1598 12
1599 22
1600 21
1601 21
1602 26
1603 15
1604 28
1605 15
1606 17
1607 23
1608 18
1609 19
1610 20
1611 21
1612 25
1613 21
1614 17
1615 19
1616 19
1617 16
1618 20
1619 25
1620 22
1621 14
1622 20
1623 13
1624 20
1625 18
1626 24
1627 19
1628 15
1629 17
1630 16
1631 24
1632 22
1633 16
1634 16
1635 21
1636 20
1637 32
1638 12
1639 23
1640 14
1641 14
1642 16
1643 18
1644 15
1645 12
1646 15
1647 18
1648 14
1649 12
1650 20
1651 17
1652 17
1653 25
1654 18
1655 16
1656 14
1657 16
1658 14
1659 11
1660 15
1661 15
1662 15
1663 20
1664 28
1665 16
1666 16
1667 17
1668 14
1669 16
1670 22
1671 18
1672 25
1673 17
1674 21
1675 28
1676 16
1677 17
1678 12
1679 18
1680 20
1681 15
1682 18
1683 17
1684 27
1685 9
1686 14
1687 23
1688 17
1689 26
1690 19
1691 18
1692 11
1693 21
1694 15
1695 21
1696 22
1697 26
1698 19
1699 24
1700 18
1701 17
1702 12
1703 21
1704 13
1705 14
1706 19
1707 28
1708 18
1709 21
1710 20
1711 19
1712 24
1713 19
1714 23
1715 16
1716 14
1717 17
1718 16
1719 27
1720 15
1721 14
1722 18
1723 25
1724 13
1725 20
1726 19
1727 17
1728 23
1729 19
1730 10
1731 15
1732 17
1733 21
1734 22
1735 11
1736 18
1737 16
1738 17
1739 20
1740 9
1741 22
1742 21
1743 12
1744 22
1745 14
1746 23
1747 14
1748 24
1749 13
1750 13
1751 17
1752 25
1753 18
1754 22
1755 23
1756 13
1757 17
1758 18
1759 20
1760 14
1761 21
1762 18
1763 13
1764 20
1765 16
1766 19
1767 12
1768 13
1769 23
1770 26
1771 16
1772 17
1773 20
1774 20
1775 16
1776 15
1777 13
1778 11
1779 12
1780 16
1781 23
1782 16
1783 21
1784 18
1785 20
1786 17
1787 13
1788 13
1789 13
1790 17
1791 14
1792 23
1793 14
1794 15
1795 17
1796 12
1797 16
1798 23
1799 22
1800 23
1801 19
1802 18
1803 22
1804 17
1805 18
1806 21
1807 14
1808 22
1809 17
1810 14
1811 18
1812 12
1813 25
1814 19
1815 16
1816 15
1817 21
1818 15
1819 16
1820 23
1821 13
1822 18
1823 17
1824 20
1825 21
1826 19
1827 28
1828 19
1829 9
1830 18
1831 12
1832 11
1833 22
1834 15
1835 22
1836 12
1837 16
1838 17
1839 19
1840 14
1841 12
1842 21
1843 19
1844 16
1845 11
1846 8
1847 21
1848 14
1849 21
1850 15
1851 14
1852 21
1853 18
1854 13
1855 11
1856 21
1857 21
1858 23
1859 17
1860 20
1861 14
1862 21
1863 18
1864 15
1865 15
1866 13
1867 15
1868 13
1869 16
1870 15
1871 20
1872 16
1873 14
1874 12
1875 15
1876 15
1877 14
1878 17
1879 25
1880 26
1881 18
1882 13
1883 22
1884 17
1885 17
1886 13
1887 13
1888 19
1889 18
1890 17
1891 17
1892 18
1893 26
1894 16
1895 19
1896 20
1897 22
1898 21
1899 24
1900 17
1901 12
1902 17
1903 21
1904 24
1905 16
1906 23
1907 13
1908 13
1909 17
1910 19
1911 15
1912 13
1913 17
1914 17
1915 14
1916 19
1917 16
1918 13
1919 11
1920 14
1921 21
1922 26
1923 17
1924 13
1925 15
1926 24
1927 16
1928 18
1929 18
1930 19
1931 25
1932 26
1933 25
1934 21
1935 26
1936 39
1937 30
1938 40
1939 34
1940 35
1941 63
1942 88
1943 92
1944 140
1945 101
1946 108
1947 90
1948 108
1949 109
1950 119
1951 120
1952 151
1953 291
1954 348
1955 230
1956 146
1957 117
1958 123
1959 109
1960 141
1961 90
1962 62
1963 40
1964 60
1965 43
1966 40
1967 25
1968 30
1969 29
1970 20
1971 21
1972 15
1973 26
1974 12
1975 19
1976 16
1977 21
1978 17
1979 11
1980 19
1981 16
1982 21
1983 16
1984 11
1985 10
1986 13
1987 10
1988 12
1989 20
1990 17
1991 15
1992 12
1993 22
1994 23
1995 19
1996 16
1997 10
1998 8
1999 20
2000 13
2001 18
2002 25
2003 12
2004 12
2005 15
2006 13
2007 15
2008 16
2009 11
2010 9
2011 17
2012 14
2013 19
2014 17
2015 16
2016 12
2017 8
2018 11
2019 21
2020 18
2021 15
2022 19
2023 15
2024 12
2025 6
2026 14
2027 17
2028 16
2029 13
2030 18
2031 17
2032 22
2033 17
2034 11
2035 13
2036 12
2037 21
2038 11
2039 15
2040 17
2041 15
2042 17
2043 14
2044 18
2045 14
2046 13
2047 18
2048 11
2049 8
2050 11
2051 16
2052 20
2053 16
2054 10
2055 15
2056 8
2057 21
2058 17
2059 10
2060 14
2061 7
2062 11
2063 7
2064 16
2065 13
2066 20
2067 13
2068 17
2069 21
2070 14
2071 10
2072 16
2073 15
2074 8
2075 9
2076 17
2077 10
2078 16
2079 15
2080 14
2081 16
2082 12
2083 8
2084 19
2085 16
2086 9
2087 14
2088 9
2089 16
2090 10
2091 12
2092 13
2093 13
2094 8
2095 20
2096 10
2097 10
2098 13
2099 12
2100 17
2101 8
2102 12
2103 12
2104 16
2105 16
2106 15
2107 20
2108 10
2109 9
2110 21
2111 15
2112 16
2113 14
2114 18
2115 13
2116 15
2117 19
2118 20
2119 16
2120 25
2121 16
2122 21
2123 13
2124 13
2125 8
2126 21
2127 22
2128 13
2129 7
2130 18
2131 9
2132 17
2133 13
2134 16
2135 13
2136 13
2137 8
2138 10
2139 8
2140 17
2141 19
2142 16
2143 16
2144 23
2145 12
2146 12
2147 18
2148 12
2149 23
2150 21
2151 12
2152 19
2153 12
2154 14
2155 19
2156 15
2157 10
2158 13
2159 17
2160 18
2161 12
2162 10
2163 9
2164 12
2165 15
2166 15
2167 15
2168 14
2169 16
2170 13
2171 22
2172 16
2173 13
2174 13
2175 13
2176 17
2177 11
2178 18
2179 17
2180 11
2181 13
2182 19
2183 9
2184 14
2185 8
2186 12
2187 17
2188 20
2189 12
2190 19
2191 24
2192 12
2193 12
2194 22
2195 20
2196 28
2197 45
2198 41
2199 45
2200 54
2201 54
2202 59
2203 54
2204 79
2205 108
2206 144
2207 127
2208 212
2209 236
2210 302
2211 335
2212 269
2213 300
2214 331
2215 421
2216 411
2217 525
2218 463
2219 411
2220 408
2221 442
2222 475
2223 422
2224 337
2225 355
2226 277
2227 254
2228 251
2229 220
2230 170
2231 211
2232 151
2233 95
2234 82
2235 70
2236 42
2237 32
2238 37
2239 42
2240 24
2241 22
2242 21
2243 21
2244 23
2245 20
2246 17
2247 15
2248 15
2249 19
2250 12
2251 12
2252 10
2253 21
2254 17
2255 12
2256 12
2257 15
2258 11
2259 16
2260 14
2261 19
2262 17
2263 9
2264 15
2265 11
2266 16
2267 12
2268 12
2269 9
2270 13
2271 14
2272 14
2273 18
2274 15
2275 15
2276 15
2277 19
2278 18
2279 12
2280 21
2281 14
2282 12
2283 16
2284 14
2285 13
2286 11
2287 13
2288 15
2289 10
2290 20
2291 9
2292 13
2293 21
2294 9
2295 17
2296 19
2297 16
2298 13
2299 14
2300 19
2301 15
2302 15
2303 10
2304 16
2305 15
2306 15
2307 16
2308 10
2309 18
2310 13
2311 17
2312 5
2313 7
2314 14
2315 16
2316 12
2317 15
2318 9
2319 16
2320 16
2321 12
2322 11
2323 14
2324 14
2325 8
2326 14
2327 15
2328 18
2329 13
2330 12
2331 14
2332 17
2333 18
2334 15
2335 11
2336 12
2337 12
2338 22
2339 13
2340 23
2341 21
2342 17
2343 15
2344 12
2345 24
2346 18
2347 13
2348 12
2349 13
2350 16
2351 16
2352 12
2353 22
2354 14
2355 15
2356 7
2357 12
2358 22
2359 17
2360 10
2361 13
2362 11
2363 13
2364 17
2365 16
2366 11
2367 10
2368 16
2369 6
2370 13
2371 21
2372 13
2373 10
2374 9
2375 13
2376 12
2377 13
2378 16
2379 10
2380 17
2381 17
2382 13
2383 5
2384 12
2385 11
2386 10
2387 13
2388 16
2389 14
2390 19
2391 14
2392 12
2393 6
2394 15
2395 15
2396 16
2397 12
2398 14
2399 18
2400 15
2401 11
2402 10
2403 8
2404 18
2405 15
2406 12
2407 19
2408 19
2409 20
2410 19
2411 28
2412 23
2413 25
2414 26
2415 22
2416 32
2417 39
2418 44
2419 41
2420 49
2421 54
2422 59
2423 48
2424 47
2425 56
2426 65
2427 74
2428 71
2429 115
2430 105
2431 94
2432 85
2433 67
2434 51
2435 48
2436 62
2437 41
2438 62
2439 64
2440 73
2441 55
2442 52
2443 35
2444 28
2445 26
2446 33
2447 34
2448 28
2449 20
2450 21
2451 24
2452 16
2453 14
2454 9
2455 19
2456 17
2457 13
2458 11
2459 13
2460 10
2461 10
2462 11
2463 12
2464 17
2465 11
2466 14
2467 11
2468 12
2469 8
2470 10
2471 17
2472 9
2473 6
2474 10
2475 17
2476 12
2477 14
2478 10
2479 12
2480 19
2481 9
2482 14
2483 10
2484 9
2485 11
2486 8
2487 12
2488 8
2489 15
2490 13
2491 15
2492 11
2493 10
2494 11
2495 14
2496 8
2497 10
2498 11
2499 5
2500 9
2501 11
2502 15
2503 9
2504 8
2505 8
2506 9
2507 13
2508 21
2509 20
2510 15
2511 12
2512 11
2513 10
2514 16
2515 17
2516 13
2517 11
2518 14
2519 10
2520 9
2521 11
2522 8
2523 10
2524 14
2525 6
2526 9
2527 11
2528 16
2529 8
2530 18
2531 21
2532 13
2533 16
2534 15
2535 10
2536 14
2537 15
2538 9
2539 12
2540 13
2541 13
2542 11
2543 11
2544 14
2545 11
2546 17
2547 12
2548 17
2549 6
2550 5
2551 15
2552 9
2553 11
2554 10
2555 13
2556 17
2557 12
2558 16
2559 13
