0 43
1 28
2 23
3 31
4 30
5 32
6 35
7 31
8 36
9 34
10 33
11 29
12 41
13 19
14 30
15 26
16 30
17 29
18 31
19 30
20 34
21 29
22 42
23 32
24 33
25 35
26 31
27 33
28 27
29 41
30 36
31 23
32 25
33 33
34 32
35 27
36 28
37 34
38 32
39 40
40 32
41 37
42 36
43 40
44 36
45 30
46 47
47 45
48 24
49 32
50 36
51 36
52 38
53 34
54 33
55 27
56 43
57 41
58 36
59 30
60 27
61 34
62 31
63 38
64 37
65 36
66 36
67 32
68 31
69 41
70 27
71 30
72 34
73 38
74 26
75 38
76 26
77 31
78 38
79 48
80 39
81 35
82 36
83 47
84 32
85 37
86 40
87 32
88 40
89 37
90 36
91 34
92 28
93 31
94 41
95 27
96 39
97 31
98 27
99 29
100 33
101 33
102 35
103 34
104 30
105 38
106 26
107 35
108 21
109 36
110 32
111 21
112 29
113 29
114 22
115 38
116 28
117 37
118 35
119 34
120 45
121 37
122 35
123 30
124 42
125 40
126 30
127 31
128 38
129 40
130 38
131 39
132 23
133 36
134 33
135 38
136 34
137 29
138 42
139 39
140 31
141 39
142 44
143 26
144 39
145 31
146 37
147 48
148 46
149 24
150 30
151 36
152 36
153 39
154 29
155 42
156 26
157 39
158 37
159 27
160 26
161 29
162 28
163 37
164 45
165 33
166 33
167 46
168 32
169 40
170 36
171 41
172 27
173 33
174 33
175 46
176 29
177 38
178 38
179 37
180 47
181 29
182 36
183 41
184 39
185 30
186 33
187 30
188 40
189 45
190 32
191 39
192 36
193 29
194 47
195 39
196 38
197 32
198 19
199 38
200 41
201 41
202 41
203 40
204 37
205 33
206 51
207 40
208 46
209 41
210 39
211 41
212 36
213 36
214 30
215 33
216 37
217 41
218 37
219 34
220 47
221 33
222 35
223 28
224 37
225 27
226 31
227 30
228 37
229 31
230 28
231 36
232 52
233 42
234 36
235 32
236 21
237 27
238 46
239 49
240 36
241 36
242 50
243 56
244 37
245 36
246 32
247 35
248 23
249 47
250 36
251 43
252 25
253 42
254 33
255 44
256 32
257 33
258 43
259 33
260 44
261 38
262 47
263 26
264 46
265 41
266 44
267 38
268 31
269 38
270 40
271 37
272 39
273 41
274 41
275 36
276 41
277 37
278 44
279 42
280 40
281 40
282 42
283 46
284 35
285 41
286 43
287 32
288 41
289 40
290 30
291 45
292 32
293 47
294 35
295 45
296 40
297 58
298 29
299 49
300 37
301 49
302 40
303 48
304 46
305 39
306 36
307 36
308 43
309 35
310 34
311 44
312 41
313 34
314 25
315 41
316 48
317 34
318 33
319 42
320 43
321 38
322 45
323 33
324 43
325 28
326 46
327 34
328 39
329 42
330 37
331 31
332 24
333 33
334 44
335 40
336 29
337 35
338 38
339 37
340 47
341 39
342 36
343 35
344 38
345 29
346 45
347 39
348 37
349 39
350 40
351 38
352 50
353 38
354 34
355 41
356 47
357 36
358 42
359 30
360 40
361 35
362 36
363 39
364 37
365 36
366 44
367 49
368 29
369 30
370 39
371 43
372 43
373 50
374 43
375 50
376 28
377 42
378 42
379 44
380 37
381 31
382 41
383 44
384 25
385 37
386 46
387 45
388 37
389 37
390 39
391 44
392 46
393 48
394 31
395 36
396 34
397 47
398 37
399 57
400 44
401 49
402 41
403 41
404 38
405 46
406 41
407 53
408 45
409 42
410 45
411 29
412 29
413 47
414 50
415 50
416 39
417 41
418 45
419 41
420 35
421 32
422 42
423 47
424 43
425 46
426 30
427 35
428 31
429 43
430 45
431 36
432 25
433 38
434 35
435 36
436 41
437 34
438 46
439 39
440 42
441 38
442 34
443 71
444 44
445 40
446 35
447 38
448 40
449 38
450 36
451 45
452 39
453 33
454 37
455 53
456 49
457 36
458 46
459 32
460 34
461 51
462 47
463 42
464 38
465 36
466 40
467 42
468 35
469 43
470 43
471 46
472 39
473 44
474 44
475 37
476 47
477 30
478 50
479 38
480 43
481 45
482 44
483 42
484 58
485 49
486 38
487 37
488 42
489 51
490 39
491 52
492 49
493 43
494 53
495 45
496 42
497 58
498 44
499 43
500 53
501 47
502 53
503 49
504 60
505 63
506 60
507 53
508 50
509 83
510 87
511 86
512 87
513 80
514 76
515 84
516 79
517 82
518 95
519 117
520 144
521 142
522 130
523 126
524 86
525 77
526 78
527 63
528 57
529 56
530 42
531 63
532 47
533 51
534 51
535 54
536 41
537 45
538 41
539 40
540 39
541 44
542 31
543 43
544 38
545 50
546 37
547 37
548 36
549 43
550 46
551 43
552 39
553 48
554 43
555 47
556 32
557 42
558 53
559 37
560 32
561 38
562 57
563 49
564 42
565 48
566 42
567 34
568 50
569 38
570 33
571 49
572 41
573 44
574 27
575 45
576 51
577 35
578 44
579 41
580 45
581 41
582 51
583 29
584 47
585 42
586 41
587 41
588 27
589 50
590 40
591 51
592 38
593 47
594 39
595 40
596 31
597 44
598 40
599 32
600 36
601 39
602 36
603 37
604 34
605 38
606 44
607 41
608 34
609 37
610 29
611 48
612 47
613 45
614 40
615 52
616 53
617 32
618 35
619 35
620 34
621 40
622 46
623 46
624 49
625 29
626 31
627 44
628 38
629 35
630 34
631 42
632 42
633 40
634 41
635 46
636 37
637 49
638 38
639 31
640 47
641 33
642 39
643 39
644 40
645 27
646 47
647 35
648 41
649 43
650 57
651 36
652 45
653 39
654 44
655 40
656 44
657 39
658 40
659 41
660 47
661 32
662 40
663 33
664 46
665 44
666 38
667 49
668 35
669 28
670 47
671 35
672 35
673 38
674 38
675 50
676 39
677 44
678 39
679 41
680 44
681 32
682 50
683 44
684 44
685 36
686 33
687 31
688 48
689 49
690 52
691 40
692 36
693 38
694 50
695 35
696 46
697 33
698 30
699 39
700 45
701 43
702 38
703 40
704 28
705 40
706 35
707 42
708 36
709 46
710 42
711 42
712 30
713 31
714 40
715 34
716 34
717 35
718 35
719 41
720 47
721 46
722 32
723 45
724 28
725 46
726 33
727 47
728 54
729 25
730 34
731 41
732 39
733 41
734 25
735 42
736 37
737 40
738 48
739 38
740 41
741 38
742 33
743 39
744 50
745 41
746 34
747 33
748 39
749 47
750 36
751 52
752 44
753 32
754 33
755 32
756 39
757 38
758 44
759 40
760 40
761 40
762 51
763 32
764 38
765 34
766 44
767 44
768 32
769 53
770 43
771 38
772 29
773 40
774 36
775 27
776 42
777 37
778 42
779 42
780 44
781 42
782 35
783 44
784 44
785 33
786 40
787 33
788 38
789 40
790 32
791 41
792 35
793 36
794 34
795 35
796 40
797 43
798 38
799 34
800 37
801 41
802 50
803 37
804 40
805 34
806 26
807 53
808 43
809 49
810 47
811 48
812 32
813 41
814 47
815 42
816 43
817 36
818 34
819 29
820 39
821 44
822 38
823 33
824 45
825 32
826 35
827 27
828 39
829 36
830 38
831 27
832 33
833 40
834 26
835 36
836 35
837 39
838 24
839 43
840 37
841 43
842 44
843 30
844 39
845 45
846 33
847 35
848 43
849 41
850 29
851 32
852 39
853 47
854 38
855 48
856 35
857 35
858 36
859 41
860 39
861 38
862 27
863 32
864 31
865 41
866 35
867 33
868 35
869 38
870 41
871 37
872 38
873 33
874 44
875 30
876 42
877 29
878 40
879 41
880 40
881 49
882 42
883 35
884 44
885 36
886 39
887 46
888 35
889 27
890 45
891 32
892 40
893 30
894 37
895 33
896 34
897 27
898 39
899 37
900 43
901 44
902 40
903 42
904 38
905 33
906 41
907 46
908 46
909 39
910 40
911 55
912 32
913 34
914 29
915 43
916 42
917 31
918 35
919 31
920 47
921 31
922 29
923 33
924 34
925 33
926 24
927 37
928 39
929 38
930 37
931 35
932 29
933 47
934 43
935 40
936 44
937 37
938 35
939 41
940 30
941 35
942 37
943 37
944 45
945 35
946 28
947 38
948 29
949 43
950 31
951 35
952 38
953 32
954 28
955 39
956 42
957 28
958 29
959 42
960 37
961 32
962 34
963 39
964 46
965 34
966 34
967 47
968 27
969 32
970 49
971 37
972 41
973 36
974 37
975 53
976 37
977 30
978 36
979 38
980 40
981 37
982 39
983 44
984 26
985 39
986 42
987 49
988 37
989 53
990 41
991 45
992 48
993 39
994 35
995 44
996 43
997 36
998 31
999 41
1000 35
1001 29
1002 33
1003 38
1004 41
1005 46
1006 39
1007 59
1008 79
1009 82
1010 71
1011 70
1012 95
1013 109
1014 115
1015 87
1016 105
1017 111
1018 109
1019 99
1020 129
1021 164
1022 206
1023 242
1024 209
1025 201
1026 247
1027 326
1028 331
1029 394
1030 446
1031 565
1032 678
1033 610
1034 641
1035 594
1036 560
1037 399
1038 319
1039 265
1040 277
1041 221
1042 117
1043 102
1044 86
1045 62
1046 40
1047 38
1048 43
1049 34
1050 34
1051 35
1052 44
1053 27
1054 33
1055 32
1056 31
1057 39
1058 45
1059 39
1060 33
1061 37
1062 31
1063 27
1064 32
1065 41
1066 39
1067 33
1068 36
1069 34
1070 39
1071 46
1072 37
1073 32
1074 41
1075 33
1076 29
1077 31
1078 39
1079 39
1080 35
1081 37
1082 40
1083 37
1084 37
1085 30
1086 35
1087 37
1088 21
1089 31
1090 28
1091 34
1092 39
1093 27
1094 24
1095 23
1096 35
1097 32
1098 27
1099 29
1100 35
1101 45
1102 28
1103 38
1104 46
1105 36
1106 38
1107 32
1108 31
1109 31
1110 37
1111 26
1112 20
1113 26
1114 28
1115 39
1116 38
1117 45
1118 35
1119 40
1120 42
1121 32
1122 44
1123 39
1124 24
1125 38
1126 24
1127 36
1128 28
1129 24
1130 19
1131 34
1132 38
1133 41
1134 33
1135 38
1136 32
1137 35
1138 33
1139 36
1140 41
1141 32
1142 32
1143 41
1144 34
1145 29
1146 44
1147 38
1148 36
1149 36
1150 42
1151 42
1152 56
1153 65
1154 58
1155 63
1156 49
1157 62
1158 74
1159 76
1160 73
1161 77
1162 90
1163 57
1164 65
1165 68
1166 79
1167 43
1168 39
1169 55
1170 67
1171 61
1172 56
1173 45
1174 38
1175 40
1176 47
1177 40
1178 25
1179 33
1180 27
1181 41
1182 37
1183 31
1184 36
1185 38
1186 31
1187 34
1188 29
1189 36
1190 34
1191 26
1192 40
1193 34
1194 34
1195 44
1196 30
1197 34
1198 27
1199 34
1200 28
1201 42
1202 41
1203 36
1204 32
1205 35
1206 42
1207 29
1208 26
1209 41
1210 45
1211 32
1212 29
1213 36
1214 30
1215 35
1216 29
1217 27
1218 39
1219 32
1220 32
1221 32
1222 39
1223 30
1224 32
1225 34
1226 27
1227 29
1228 40
1229 31
1230 27
1231 28
1232 25
1233 37
1234 23
1235 38
1236 41
1237 40
1238 25
1239 37
1240 34
1241 32
1242 32
1243 37
1244 32
1245 29
1246 22
1247 28
1248 29
1249 34
1250 35
1251 31
1252 33
1253 23
1254 23
1255 28
1256 23
1257 23
1258 28
1259 35
1260 29
1261 30
1262 32
1263 22
1264 30
1265 37
1266 24
1267 34
1268 26
1269 19
1270 20
1271 24
1272 28
1273 26
1274 22
1275 26
1276 18
1277 21
1278 12
1279 22
1280 26
1281 27
1282 24
1283 24
1284 39
1285 26
1286 28
1287 27
1288 26
1289 28
1290 27
1291 37
1292 32
1293 28
1294 36
1295 55
1296 53
1297 52
1298 62
1299 53
1300 66
1301 81
1302 77
1303 81
1304 98
1305 120
1306 150
1307 173
1308 232
1309 192
1310 116
1311 173
1312 266
1313 257
1314 215
1315 173
1316 154
1317 189
1318 263
1319 195
1320 195
1321 138
1322 137
1323 97
1324 110
1325 87
1326 47
1327 40
1328 36
1329 36
1330 30
1331 26
1332 28
1333 27
1334 38
1335 38
1336 25
1337 28
1338 21
1339 26
1340 19
1341 25
1342 32
1343 18
1344 25
1345 20
1346 34
1347 21
1348 21
1349 20
1350 25
1351 24
1352 20
1353 26
1354 23
1355 20
1356 24
1357 23
1358 31
1359 25
1360 28
1361 36
1362 29
1363 18
1364 28
1365 24
1366 28
1367 29
1368 30
1369 22
1370 22
1371 27
1372 16
1373 27
1374 29
1375 16
1376 26
1377 29
1378 14
1379 22
1380 13
1381 15
1382 31
1383 24
1384 23
1385 18
1386 22
1387 27
1388 18
1389 33
1390 27
1391 25
1392 28
1393 25
1394 28
1395 23
1396 28
1397 31
1398 30
1399 20
1400 29
1401 19
1402 25
1403 19
1404 28
1405 29
1406 20
1407 21
1408 28
1409 27
1410 29
1411 18
1412 23
1413 19
1414 22
1415 24
1416 21
1417 24
1418 32
1419 24
1420 24
1421 28
1422 25
1423 28
1424 14
1425 26
1426 25
1427 25
1428 24
1429 19
1430 15
1431 18
1432 21
1433 26
1434 21
1435 27
1436 21
1437 17
1438 18
1439 22
1440 21
1441 22
1442 21
1443 27
1444 23
1445 27
1446 18
1447 15
1448 25
1449 31
1450 24
1451 26
1452 21
1453 29
1454 21
1455 13
1456 18
1457 31
1458 23
1459 20
1460 12
1461 24
1462 24
1463 18
1464 17
1465 23
1466 27
1467 28
1468 22
1469 25
1470 24
1471 22
1472 29
1473 28
1474 24
1475 25
1476 30
1477 16
1478 23
1479 25
1480 19
1481 21
1482 30
1483 23
1484 19
1485 17
1486 20
1487 22
1488 23
1489 15
1490 23
1491 23
1492 18
1493 21
1494 28
1495 28
1496 27
1497 18
1498 16
1499 22
1500 13
1501 18
1502 18
1503 18
1504 24
1505 18
1506 26
1507 19
1508 20
1509 23
1510 25
1511 29
1512 22
1513 16
1514 17
1515 14
1516 22
1517 18
1518 15
1519 20
1520 21
1521 24
1522 25
1523 22
1524 16
1525 19
1526 17
1527 21
1528 19
1529 13
1530 22
1531 20
1532 20
1533 19
1534 25
1535 20
1536 25
1537 23
1538 22
1539 17
1540 20
1541 22
1542 21
1543 22
1544 20
1545 28
1546 14
1547 18
1548 21
1549 20
1550 28
1551 18
1552 22
1553 25
1554 25
1555 19
1556 22
1557 23
1558 29
1559 26
1560 20
1561 20
1562 16
1563 26
1564 22
1565 16
1566 22
1567 9
1568 16
1569 15
1570 22
1571 20
1572 24
1573 17
1574 20
1575 24
1576 27
1577 16
1578 26
1579 20
1580 14
1581 26
1582 23
1583 28
1584 23
1585 20
1586 22
1587 22
1588 17
1589 20
1590 22
1591 19
1592 23
1593 16
1594 11
1595 24
1596 22
1597 25
1598 25
1599 28
1600 21
1601 22
1602 21
1603 22
1604 24
1605 15
1606 20
1607 10
1608 15
1609 13
1610 20
1611 18
1612 24
1613 16
1614 17
1615 17
1616 23
1617 18
1618 19
1619 14
1620 13
1621 25
1622 10
1623 21
1624 25
1625 15
1626 12
1627 21
1628 18
1629 20
1630 19
1631 25
1632 20
1633 13
1634 21
1635 16
1636 16
1637 27
1638 28
1639 20
1640 11
1641 8
1642 21
1643 24
1644 18
1645 19
1646 16
1647 15
1648 20
1649 19
1650 20
1651 18
1652 25
1653 25
1654 24
1655 15
1656 20
1657 19
1658 16
1659 15
1660 20
1661 21
1662 22
1663 17
1664 20
1665 28
1666 17
1667 13
1668 25
1669 21
1670 12
1671 20
1672 20
1673 17
1674 26
1675 27
1676 18
1677 13
1678 22
1679 19
1680 19
1681 18
1682 21
1683 20
1684 23
1685 22
1686 14
1687 24
1688 17
1689 18
1690 25
1691 22
1692 22
1693 22
1694 21
1695 16
1696 17
1697 16
1698 19
1699 24
1700 23
1701 25
1702 17
1703 23
1704 17
1705 18
1706 20
1707 22
1708 15
1709 19
1710 26
1711 22
1712 36
1713 14
1714 17
1715 16
1716 22
1717 21
1718 31
1719 19
1720 23
1721 19
1722 19
1723 18
1724 21
1725 27
1726 25
1727 23
1728 20
1729 19
1730 35
1731 13
1732 23
1733 29
1734 15
1735 19
1736 19
1737 15
1738 22
1739 26
1740 17
1741 17
1742 22
1743 17
1744 22
1745 25
1746 26
1747 20
1748 21
1749 23
1750 29
1751 29
1752 31
1753 33
1754 30
1755 41
1756 41
1757 41
1758 51
1759 46
1760 41
1761 47
1762 69
1763 65
1764 85
1765 60
1766 67
1767 68
1768 98
1769 123
1770 124
1771 107
1772 106
1773 113
1774 131
1775 127
1776 101
1777 70
1778 89
1779 75
1780 99
1781 112
1782 107
1783 71
1784 44
1785 32
1786 35
1787 31
1788 29
1789 32
1790 27
1791 18
1792 19
1793 20
1794 27
1795 21
1796 17
1797 18
1798 19
1799 26
1800 23
1801 20
1802 19
1803 20
1804 14
1805 11
1806 22
1807 18
1808 16
1809 14
1810 12
1811 23
1812 19
1813 16
1814 17
1815 18
1816 24
1817 22
1818 21
1819 17
1820 14
1821 14
1822 23
1823 20
1824 23
1825 21
1826 12
1827 25
1828 16
1829 13
1830 17
1831 15
1832 13
1833 25
1834 17
1835 12
1836 11
1837 22
1838 20
1839 12
1840 17
1841 12
1842 19
1843 15
1844 16
1845 16
1846 16
1847 15
1848 17
1849 15
1850 13
1851 20
1852 26
1853 22
1854 13
1855 11
1856 21
1857 32
1858 15
1859 13
1860 15
1861 19
1862 17
1863 12
1864 19
1865 10
1866 17
1867 10
1868 20
1869 17
1870 19
1871 19
1872 15
1873 8
1874 17
1875 16
1876 20
1877 13
1878 33
1879 15
1880 17
1881 12
1882 16
1883 14
1884 11
1885 25
1886 14
1887 14
1888 23
1889 21
1890 19
1891 26
1892 27
1893 21
1894 23
1895 23
1896 17
1897 22
1898 14
1899 10
1900 22
1901 11
1902 9
1903 24
1904 15
1905 23
1906 20
1907 14
1908 18
1909 19
1910 18
1911 25
1912 21
1913 18
1914 23
1915 23
1916 23
1917 16
1918 13
1919 25
1920 20
1921 18
1922 23
1923 18
1924 15
1925 20
1926 23
1927 24
1928 24
1929 21
1930 12
1931 16
1932 22
1933 19
1934 27
1935 13
1936 22
1937 12
1938 24
1939 23
1940 14
1941 24
1942 18
1943 16
1944 30
1945 15
1946 22
1947 19
1948 26
1949 19
1950 15
1951 20
1952 24
1953 21
1954 20
1955 15
1956 16
1957 19
1958 14
1959 9
1960 20
1961 16
1962 24
1963 18
1964 12
1965 19
1966 28
1967 19
1968 19
1969 18
1970 18
1971 14
1972 13
1973 28
1974 21
1975 22
1976 14
1977 19
1978 25
1979 24
1980 25
1981 19
1982 28
1983 22
1984 18
1985 22
1986 23
1987 19
1988 21
1989 18
1990 29
1991 27
1992 26
1993 31
1994 28
1995 30
1996 29
1997 34
1998 31
1999 44
2000 42
2001 48
2002 51
2003 62
2004 99
2005 89
2006 99
2007 93
2008 80
2009 103
2010 129
2011 163
2012 169
2013 190
2014 182
2015 195
2016 253
2017 302
2018 294
2019 290
2020 320
2021 429
2022 383
2023 400
2024 376
2025 410
2026 466
2027 405
2028 331
2029 285
2030 265
2031 260
2032 199
2033 161
2034 137
2035 113
2036 114
2037 99
2038 109
2039 93
2040 89
2041 60
2042 40
2043 47
2044 27
2045 31
2046 33
2047 24
2048 38
2049 30
2050 29
2051 24
2052 30
2053 30
2054 22
2055 14
2056 18
2057 17
2058 18
2059 20
2060 14
2061 16
2062 17
2063 16
2064 20
2065 15
2066 22
2067 16
2068 17
2069 17
2070 20
2071 21
2072 15
2073 10
2074 17
2075 15
2076 9
2077 18
2078 18
2079 10
2080 15
2081 17
2082 22
2083 12
2084 11
2085 14
2086 14
2087 18
2088 21
2089 11
2090 24
2091 19
2092 14
2093 17
2094 15
2095 12
2096 9
2097 13
2098 16
2099 16
2100 10
2101 12
2102 16
2103 22
2104 16
2105 17
2106 18
2107 15
2108 22
2109 18
2110 20
2111 17
2112 12
2113 19
2114 16
2115 15
2116 12
2117 11
2118 13
2119 21
2120 11
2121 15
2122 12
2123 10
2124 21
2125 16
2126 16
2127 13
2128 19
2129 14
2130 18
2131 18
2132 14
2133 18
2134 16
2135 10
2136 13
2137 20
2138 16
2139 21
2140 17
2141 22
2142 11
2143 18
2144 15
2145 17
2146 20
2147 20
2148 16
2149 20
2150 19
2151 20
2152 19
2153 13
2154 13
2155 17
2156 18
2157 11
2158 25
2159 13
2160 14
2161 15
2162 20
2163 18
2164 15
2165 20
2166 20
2167 18
2168 17
2169 16
2170 13
2171 16
2172 18
2173 12
2174 13
2175 17
2176 13
2177 17
2178 11
2179 18
2180 13
2181 13
2182 15
2183 12
2184 15
2185 15
2186 15
2187 15
2188 16
2189 13
2190 15
2191 11
2192 20
2193 19
2194 15
2195 24
2196 23
2197 19
2198 20
2199 21
2200 32
2201 27
2202 15
2203 24
2204 27
2205 26
2206 32
2207 32
2208 40
2209 46
2210 46
2211 67
2212 47
2213 69
2214 46
2215 65
2216 61
2217 57
2218 73
2219 90
2220 100
2221 80
2222 92
2223 106
2224 108
2225 105
2226 96
2227 81
2228 78
2229 113
2230 109
2231 88
2232 77
2233 74
2234 49
2235 49
2236 50
2237 52
2238 30
2239 31
2240 33
2241 39
2242 32
2243 20
2244 24
2245 20
2246 18
2247 15
2248 15
2249 15
2250 17
2251 12
2252 16
2253 21
2254 13
2255 11
2256 14
2257 14
2258 13
2259 20
2260 15
2261 21
2262 15
2263 16
2264 11
2265 15
2266 10
2267 12
2268 11
2269 11
2270 10
2271 9
2272 18
2273 14
2274 13
2275 10
2276 10
2277 10
2278 17
2279 16
2280 12
2281 15
2282 8
2283 17
2284 8
2285 14
2286 12
2287 8
2288 12
2289 16
2290 18
2291 10
2292 12
2293 14
2294 12
2295 19
2296 13
2297 16
2298 15
2299 13
2300 20
2301 11
2302 10
2303 13
2304 14
2305 15
2306 14
2307 12
2308 13
2309 20
2310 14
2311 21
2312 12
2313 15
2314 12
2315 6
2316 11
2317 9
2318 12
2319 8
2320 18
2321 9
2322 8
2323 11
2324 18
2325 9
2326 6
2327 12
2328 11
2329 14
2330 4
2331 17
2332 12
2333 17
2334 15
2335 18
2336 10
2337 15
2338 13
2339 18
2340 12
2341 15
2342 10
2343 13
2344 14
2345 13
2346 17
2347 14
2348 21
2349 13
2350 13
2351 12
2352 12
2353 10
2354 13
2355 10
2356 14
2357 16
2358 15
2359 15
2360 15
2361 13
2362 10
2363 12
2364 15
2365 14
2366 6
2367 9
2368 12
2369 8
2370 9
2371 15
2372 10
2373 15
2374 8
2375 10
2376 10
2377 12
2378 13
2379 11
2380 9
2381 13
2382 12
2383 16
2384 16
2385 16
2386 10
2387 16
2388 7
2389 11
2390 19
2391 7
2392 7
2393 12
2394 14
2395 17
2396 12
2397 14
2398 14
2399 19
2400 11
2401 13
2402 19
2403 8
2404 18
2405 8
2406 12
2407 14
2408 12
2409 9
2410 15
2411 6
2412 10
2413 11
2414 14
2415 17
2416 10
2417 11
2418 12
2419 13
2420 13
2421 14
2422 10
2423 10
2424 15
2425 21
2426 14
2427 16
2428 11
2429 11
2430 13
2431 11
2432 16
2433 18
2434 10
2435 10
2436 13
2437 15
2438 10
2439 10
2440 10
2441 13
2442 16
2443 16
2444 16
2445 11
2446 13
2447 18
2448 12
2449 17
2450 17
2451 15
2452 14
2453 10
2454 12
2455 15
2456 7
2457 14
2458 12
2459 14
2460 14
2461 18
2462 14
2463 13
2464 12
2465 10
2466 14
2467 5
2468 19
2469 16
2470 9
2471 12
2472 13
2473 14
2474 10
2475 12
2476 15
2477 14
2478 9
2479 11
2480 17
2481 15
2482 23
2483 17
2484 11
2485 17
2486 17
2487 11
2488 14
2489 13
2490 23
2491 27
2492 21
2493 19
2494 21
2495 28
2496 30
2497 38
2498 33
2499 27
2500 26
2501 35
2502 24
2503 44
2504 37
2505 52
2506 50
2507 56
2508 50
2509 67
2510 63
2511 68
2512 84
2513 96
2514 81
2515 87
2516 62
2517 64
2518 61
2519 46
2520 48
2521 53
2522 36
2523 37
2524 33
2525 41
2526 33
2527 47
2528 18
2529 31
2530 28
2531 28
2532 25
2533 19
2534 17
2535 22
2536 17
2537 21
2538 17
2539 13
2540 13
2541 11
2542 15
2543 12
2544 12
2545 20
2546 8
2547 11
2548 16
2549 9
2550 15
2551 10
2552 13
2553 10
2554 13
2555 14
2556 14
2557 11
2558 11
2559 13
