0 41
1 35
2 22
3 36
4 35
5 35
6 44
7 20
8 33
9 50
10 38
11 32
12 39
13 20
14 31
15 32
16 37
17 36
18 32
19 16
20 33
21 51
22 38
23 39
24 36
25 42
26 30
27 33
28 39
29 33
30 40
31 35
32 32
33 42
34 27
35 36
36 36
37 32
38 38
39 40
40 52
41 34
42 40
43 28
44 41
45 38
46 28
47 44
48 36
49 40
50 43
51 38
52 37
53 45
54 42
55 43
56 37
57 35
58 35
59 48
60 25
61 34
62 27
63 30
64 42
65 44
66 37
67 34
68 40
69 28
70 35
71 38
72 45
73 44
74 41
75 40
76 34
77 34
78 45
79 38
80 41
81 27
82 34
83 41
84 45
85 45
86 40
87 33
88 47
89 40
90 36
91 49
92 27
93 31
94 39
95 49
96 44
97 33
98 32
99 37
100 34
101 32
102 25
103 28
104 36
105 43
106 22
107 40
108 34
109 38
110 42
111 40
112 48
113 32
114 33
115 32
116 47
117 35
118 53
119 40
120 45
121 43
122 37
123 33
124 43
125 35
126 36
127 47
128 35
129 33
130 44
131 38
132 51
133 30
134 40
135 51
136 42
137 42
138 45
139 45
140 45
141 60
142 33
143 39
144 35
145 39
146 35
147 47
148 49
149 39
150 48
151 37
152 44
153 33
154 41
155 37
156 42
157 34
158 46
159 36
160 30
161 35
162 44
163 36
164 39
165 34
166 37
167 43
168 34
169 40
170 35
171 32
172 40
173 41
174 35
175 44
176 39
177 32
178 32
179 47
180 44
181 42
182 51
183 35
184 45
185 42
186 29
187 48
188 37
189 32
190 46
191 54
192 35
193 36
194 26
195 42
196 35
197 47
198 43
199 42
200 42
201 36
202 45
203 38
204 56
205 45
206 53
207 51
208 34
209 43
210 34
211 36
212 55
213 41
214 34
215 34
216 41
217 35
218 43
219 42
220 39
221 49
222 41
223 38
224 32
225 42
226 47
227 40
228 43
229 54
230 35
231 39
232 48
233 35
234 36
235 32
236 37
237 33
238 40
239 25
240 33
241 48
242 33
243 39
244 37
245 47
246 42
247 37
248 38
249 31
250 44
251 43
252 55
253 53
254 42
255 45
256 42
257 46
258 37
259 52
260 41
261 34
262 37
263 33
264 36
265 46
266 47
267 42
268 44
269 37
270 43
271 41
272 47
273 54
274 35
275 40
276 37
277 33
278 39
279 43
280 38
281 38
282 33
283 40
284 43
285 42
286 54
287 39
288 36
289 47
290 39
291 55
292 42
293 27
294 34
295 33
296 47
297 31
298 44
299 37
300 20
301 40
302 48
303 41
304 47
305 56
306 34
307 44
308 42
309 42
310 43
311 51
312 36
313 40
314 31
315 27
316 43
317 37
318 54
319 49
320 45
321 44
322 46
323 48
324 41
325 33
326 47
327 48
328 42
329 58
330 37
331 47
332 35
333 45
334 26
335 46
336 42
337 46
338 37
339 49
340 31
341 41
342 49
343 45
344 34
345 46
346 49
347 47
348 31
349 41
350 26
351 50
352 57
353 51
354 55
355 40
356 53
357 41
358 43
359 40
360 39
361 46
362 39
363 35
364 37
365 50
366 36
367 28
368 41
369 30
370 42
371 30
372 46
373 42
374 34
375 45
376 42
377 30
378 27
379 49
380 46
381 53
382 38
383 53
384 29
385 37
386 39
387 36
388 44
389 43
390 51
391 49
392 50
393 33
394 30
395 38
396 45
397 47
398 37
399 51
400 38
401 40
402 54
403 42
404 44
405 48
406 51
407 48
408 45
409 47
410 47
411 39
412 53
413 49
414 38
415 55
416 41
417 51
418 40
419 41
420 40
421 47
422 48
423 43
424 42
425 41
426 42
427 29
428 41
429 42
430 46
431 35
432 41
433 44
434 46
435 32
436 48
437 37
438 41
439 47
440 51
441 41
442 44
443 49
444 53
445 37
446 48
447 44
448 33
449 43
450 51
451 49
452 50
453 51
454 41
455 45
456 51
457 44
458 39
459 53
460 44
461 43
462 46
463 45
464 52
465 44
466 45
467 57
468 44
469 53
470 49
471 56
472 55
473 51
474 50
475 64
476 59
477 67
478 85
479 85
480 60
481 60
482 65
483 83
484 67
485 95
486 101
487 103
488 127
489 95
490 116
491 86
492 97
493 119
494 102
495 107
496 106
497 124
498 107
499 110
500 117
501 109
502 106
503 121
504 90
505 77
506 80
507 58
508 62
509 59
510 33
511 50
512 47
513 45
514 47
515 41
516 31
517 44
518 48
519 52
520 51
521 31
522 44
523 48
524 43
525 55
526 35
527 39
528 44
529 33
530 47
531 46
532 64
533 39
534 40
535 47
536 42
537 39
538 42
539 46
540 42
541 38
542 40
543 52
544 47
545 37
546 33
547 49
548 50
549 42
550 45
551 36
552 31
553 53
554 37
555 46
556 47
557 42
558 39
559 57
560 46
561 34
562 61
563 48
564 37
565 42
566 34
567 48
568 51
569 43
570 33
571 44
572 42
573 48
574 52
575 33
576 41
577 38
578 40
579 43
580 54
581 43
582 47
583 39
584 39
585 38
586 55
587 40
588 41
589 51
590 48
591 53
592 42
593 40
594 40
595 27
596 48
597 30
598 37
599 34
600 30
601 51
602 36
603 54
604 42
605 46
606 27
607 49
608 52
609 43
610 37
611 53
612 43
613 42
614 35
615 43
616 44
617 35
618 51
619 47
620 57
621 52
622 50
623 42
624 36
625 38
626 43
627 40
628 45
629 45
630 40
631 38
632 32
633 46
634 46
635 40
636 53
637 48
638 48
639 38
640 35
641 39
642 44
643 36
644 49
645 50
646 59
647 51
648 53
649 52
650 43
651 37
652 47
653 43
654 32
655 35
656 40
657 38
658 42
659 40
660 41
661 45
662 40
663 44
664 46
665 51
666 48
667 44
668 50
669 46
670 48
671 50
672 45
673 42
674 45
675 45
676 49
677 33
678 35
679 33
680 48
681 44
682 51
683 36
684 43
685 43
686 45
687 47
688 57
689 46
690 46
691 51
692 40
693 39
694 45
695 37
696 42
697 45
698 39
699 36
700 40
701 39
702 51
703 39
704 38
705 36
706 66
707 44
708 47
709 42
710 52
711 45
712 42
713 41
714 49
715 43
716 53
717 39
718 39
719 39
720 47
721 49
722 49
723 58
724 42
725 50
726 38
727 46
728 42
729 40
730 44
731 47
732 39
733 36
734 48
735 39
736 44
737 35
738 43
739 40
740 31
741 49
742 29
743 38
744 49
745 47
746 37
747 42
748 49
749 30
750 37
751 45
752 43
753 32
754 37
755 50
756 34
757 36
758 41
759 46
760 31
761 48
762 41
763 41
764 40
765 49
766 44
767 36
768 42
769 29
770 44
771 45
772 29
773 51
774 43
775 38
776 54
777 41
778 43
779 34
780 36
781 41
782 37
783 35
784 36
785 45
786 38
787 31
788 62
789 46
790 39
791 60
792 43
793 34
794 27
795 35
796 36
797 29
798 43
799 38
800 35
801 34
802 41
803 56
804 43
805 43
806 33
807 46
808 37
809 47
810 39
811 39
812 36
813 37
814 31
815 35
816 38
817 40
818 53
819 37
820 44
821 48
822 36
823 56
824 46
825 31
826 42
827 50
828 47
829 36
830 38
831 37
832 39
833 42
834 41
835 48
836 43
837 44
838 38
839 40
840 45
841 41
842 31
843 42
844 32
845 46
846 31
847 31
848 46
849 39
850 37
851 37
852 41
853 37
854 35
855 37
856 31
857 37
858 42
859 33
860 24
861 25
862 33
863 42
864 40
865 38
866 48
867 50
868 39
869 36
870 34
871 42
872 42
873 35
874 35
875 43
876 35
877 34
878 31
879 32
880 42
881 45
882 42
883 40
884 42
885 38
886 50
887 33
888 39
889 43
890 35
891 39
892 35
893 32
894 41
895 33
896 35
897 32
898 34
899 39
900 32
901 46
902 39
903 54
904 35
905 31
906 25
907 29
908 38
909 48
910 25
911 29
912 33
913 28
914 35
915 35
916 44
917 38
918 42
919 41
920 40
921 35
922 29
923 35
924 41
925 39
926 35
927 37
928 30
929 37
930 33
931 37
932 36
933 30
934 43
935 32
936 36
937 40
938 37
939 34
940 37
941 37
942 42
943 37
944 44
945 35
946 55
947 34
948 30
949 26
950 46
951 36
952 37
953 33
954 41
955 42
956 29
957 38
958 34
959 39
960 41
961 39
962 43
963 44
964 47
965 36
966 43
967 34
968 45
969 43
970 36
971 46
972 39
973 34
974 45
975 49
976 49
977 42
978 48
979 78
980 75
981 64
982 80
983 74
984 71
985 103
986 97
987 145
988 116
989 106
990 117
991 173
992 192
993 197
994 207
995 205
996 248
997 219
998 281
999 342
1000 332
1001 327
1002 350
1003 320
1004 350
1005 429
1006 483
1007 451
1008 335
1009 316
1010 285
1011 270
1012 241
1013 195
1014 173
1015 117
1016 80
1017 47
1018 53
1019 49
1020 45
1021 51
1022 44
1023 36
1024 38
1025 47
1026 32
1027 43
1028 54
1029 44
1030 44
1031 41
1032 38
1033 36
1034 46
1035 41
1036 36
1037 46
1038 23
1039 41
1040 42
1041 41
1042 38
1043 33
1044 47
1045 40
1046 38
1047 45
1048 41
1049 40
1050 40
1051 29
1052 31
1053 40
1054 30
1055 34
1056 30
1057 32
1058 29
1059 26
1060 31
1061 42
1062 26
1063 38
1064 41
1065 32
1066 27
1067 36
1068 40
1069 47
1070 29
1071 34
1072 39
1073 43
1074 37
1075 30
1076 44
1077 50
1078 35
1079 46
1080 35
1081 37
1082 33
1083 44
1084 47
1085 35
1086 29
1087 29
1088 35
1089 30
1090 26
1091 30
1092 30
1093 35
1094 29
1095 47
1096 41
1097 28
1098 35
1099 32
1100 27
1101 39
1102 48
1103 36
1104 29
1105 34
1106 36
1107 31
1108 45
1109 37
1110 39
1111 25
1112 41
1113 37
1114 28
1115 29
1116 30
1117 41
1118 27
1119 38
1120 39
1121 43
1122 48
1123 62
1124 34
1125 32
1126 50
1127 41
1128 48
1129 45
1130 39
1131 54
1132 63
1133 59
1134 53
1135 59
1136 67
1137 66
1138 72
1139 59
1140 57
1141 49
1142 39
1143 50
1144 54
1145 39
1146 36
1147 40
1148 32
1149 38
1150 34
1151 27
1152 31
1153 38
1154 33
1155 33
1156 35
1157 30
1158 37
1159 31
1160 30
1161 42
1162 31
1163 26
1164 34
1165 22
1166 29
1167 24
1168 38
1169 45
1170 39
1171 22
1172 34
1173 25
1174 30
1175 37
1176 35
1177 29
1178 35
1179 37
1180 36
1181 34
1182 41
1183 22
1184 40
1185 37
1186 42
1187 32
1188 35
1189 29
1190 37
1191 33
1192 36
1193 33
1194 42
1195 31
1196 39
1197 43
1198 34
1199 48
1200 35
1201 36
1202 35
1203 51
1204 32
1205 30
1206 36
1207 29
1208 30
1209 33
1210 29
1211 36
1212 42
1213 31
1214 32
1215 24
1216 33
1217 36
1218 29
1219 31
1220 39
1221 27
1222 27
1223 32
1224 40
1225 20
1226 29
1227 31
1228 28
1229 32
1230 36
1231 33
1232 32
1233 33
1234 40
1235 31
1236 31
1237 31
1238 32
1239 37
1240 30
1241 43
1242 38
1243 28
1244 27
1245 27
1246 36
1247 36
1248 27
1249 34
1250 39
1251 47
1252 30
1253 35
1254 29
1255 24
1256 29
1257 37
1258 29
1259 31
1260 33
1261 35
1262 36
1263 34
1264 29
1265 38
1266 33
1267 32
1268 41
1269 26
1270 22
1271 27
1272 20
1273 24
1274 18
1275 23
1276 16
1277 20
1278 15
1279 31
1280 207
1281 292
1282 274
1283 257
1284 185
1285 213
1286 161
1287 143
1288 128
1289 127
1290 114
1291 110
1292 80
1293 56
1294 51
1295 55
1296 54
1297 34
1298 33
1299 40
1300 32
1301 27
1302 28
1303 31
1304 31
1305 25
1306 33
1307 38
1308 25
1309 26
1310 23
1311 22
1312 29
1313 23
1314 26
1315 28
1316 30
1317 26
1318 16
1319 20
1320 30
1321 27
1322 29
1323 23
1324 32
1325 19
1326 26
1327 19
1328 22
1329 26
1330 23
1331 25
1332 32
1333 24
1334 24
1335 26
1336 24
1337 21
1338 27
1339 27
1340 21
1341 26
1342 29
1343 31
1344 27
1345 20
1346 23
1347 21
1348 26
1349 25
1350 21
1351 24
1352 19
1353 27
1354 23
1355 23
1356 25
1357 28
1358 17
1359 28
1360 35
1361 31
1362 15
1363 15
1364 26
1365 27
1366 21
1367 27
1368 30
1369 25
1370 30
1371 23
1372 26
1373 28
1374 19
1375 27
1376 17
1377 22
1378 24
1379 26
1380 27
1381 23
1382 20
1383 28
1384 16
1385 29
1386 23
1387 20
1388 24
1389 28
1390 16
1391 23
1392 21
1393 26
1394 27
1395 30
1396 24
1397 21
1398 25
1399 23
1400 25
1401 28
1402 21
1403 23
1404 20
1405 25
1406 17
1407 18
1408 19
1409 22
1410 20
1411 24
1412 25
1413 36
1414 20
1415 29
1416 22
1417 32
1418 30
1419 35
1420 33
1421 34
1422 26
1423 23
1424 25
1425 23
1426 29
1427 26
1428 33
1429 25
1430 29
1431 30
1432 22
1433 33
1434 25
1435 29
1436 26
1437 26
1438 24
1439 19
1440 15
1441 24
1442 21
1443 27
1444 27
1445 24
1446 28
1447 17
1448 24
1449 22
1450 20
1451 22
1452 24
1453 16
1454 17
1455 29
1456 18
1457 23
1458 18
1459 17
1460 24
1461 26
1462 28
1463 15
1464 22
1465 19
1466 32
1467 20
1468 21
1469 20
1470 25
1471 22
1472 26
1473 24
1474 23
1475 22
1476 29
1477 21
1478 26
1479 24
1480 28
1481 21
1482 17
1483 22
1484 17
1485 25
1486 26
1487 24
1488 35
1489 33
1490 21
1491 22
1492 26
1493 20
1494 20
1495 25
1496 19
1497 20
1498 28
1499 21
1500 21
1501 22
1502 18
1503 27
1504 16
1505 27
1506 23
1507 26
1508 29
1509 26
1510 22
1511 19
1512 21
1513 22
1514 30
1515 25
1516 16
1517 19
1518 25
1519 15
1520 23
1521 19
1522 17
1523 29
1524 14
1525 23
1526 16
1527 20
1528 13
1529 14
1530 20
1531 26
1532 25
1533 19
1534 18
1535 38
1536 19
1537 18
1538 29
1539 27
1540 20
1541 22
1542 27
1543 23
1544 25
1545 21
1546 21
1547 23
1548 18
1549 27
1550 19
1551 23
1552 26
1553 22
1554 24
1555 24
1556 20
1557 25
1558 25
1559 17
1560 19
1561 28
1562 20
1563 16
1564 22
1565 17
1566 29
1567 19
1568 19
1569 22
1570 19
1571 16
1572 18
1573 16
1574 29
1575 21
1576 19
1577 15
1578 25
1579 24
1580 18
1581 28
1582 25
1583 21
1584 19
1585 21
1586 19
1587 23
1588 20
1589 23
1590 24
1591 24
1592 22
1593 23
1594 18
1595 18
1596 23
1597 17
1598 24
1599 31
1600 27
1601 26
1602 15
1603 21
1604 21
1605 16
1606 19
1607 22
1608 20
1609 20
1610 23
1611 18
1612 22
1613 21
1614 26
1615 20
1616 14
1617 20
1618 18
1619 22
1620 21
1621 19
1622 14
1623 12
1624 20
1625 25
1626 22
1627 28
1628 13
1629 20
1630 20
1631 31
1632 22
1633 20
1634 28
1635 15
1636 20
1637 32
1638 23
1639 13
1640 24
1641 15
1642 18
1643 24
1644 23
1645 25
1646 17
1647 18
1648 28
1649 14
1650 29
1651 16
1652 14
1653 22
1654 26
1655 20
1656 15
1657 21
1658 22
1659 36
1660 23
1661 20
1662 23
1663 24
1664 16
1665 19
1666 27
1667 20
1668 19
1669 27
1670 20
1671 21
1672 17
1673 24
1674 17
1675 17
1676 16
1677 19
1678 18
1679 20
1680 25
1681 27
1682 27
1683 19
1684 21
1685 18
1686 27
1687 13
1688 22
1689 28
1690 18
1691 28
1692 26
1693 23
1694 21
1695 22
1696 25
1697 15
1698 15
1699 26
1700 19
1701 19
1702 17
1703 20
1704 31
1705 38
1706 15
1707 17
1708 31
1709 21
1710 26
1711 31
1712 39
1713 30
1714 47
1715 48
1716 44
1717 63
1718 50
1719 58
1720 55
1721 62
1722 80
1723 72
1724 58
1725 78
1726 75
1727 105
1728 69
1729 69
1730 100
1731 132
1732 130
1733 148
1734 183
1735 190
1736 151
1737 122
1738 110
1739 67
1740 60
1741 65
1742 93
1743 152
1744 133
1745 68
1746 44
1747 36
1748 31
1749 38
1750 27
1751 14
1752 23
1753 22
1754 18
1755 27
1756 15
1757 23
1758 26
1759 16
1760 18
1761 17
1762 27
1763 16
1764 15
1765 19
1766 10
1767 18
1768 15
1769 22
1770 18
1771 20
1772 26
1773 19
1774 13
1775 20
1776 32
1777 25
1778 13
1779 21
1780 25
1781 16
1782 21
1783 21
1784 25
1785 18
1786 16
1787 21
1788 21
1789 13
1790 14
1791 13
1792 13
1793 21
1794 13
1795 23
1796 14
1797 23
1798 22
1799 17
1800 22
1801 21
1802 20
1803 17
1804 16
1805 19
1806 19
1807 15
1808 26
1809 23
1810 14
1811 15
1812 18
1813 18
1814 19
1815 17
1816 21
1817 22
1818 24
1819 16
1820 29
1821 18
1822 17
1823 25
1824 19
1825 15
1826 15
1827 12
1828 22
1829 19
1830 11
1831 23
1832 20
1833 22
1834 15
1835 19
1836 22
1837 12
1838 21
1839 16
1840 13
1841 21
1842 17
1843 18
1844 17
1845 20
1846 19
1847 10
1848 12
1849 16
1850 12
1851 14
1852 19
1853 18
1854 20
1855 24
1856 19
1857 26
1858 20
1859 22
1860 19
1861 21
1862 24
1863 18
1864 22
1865 16
1866 20
1867 19
1868 15
1869 16
1870 21
1871 22
1872 24
1873 20
1874 24
1875 20
1876 24
1877 18
1878 12
1879 22
1880 19
1881 25
1882 23
1883 18
1884 20
1885 20
1886 18
1887 22
1888 21
1889 19
1890 23
1891 19
1892 28
1893 24
1894 18
1895 18
1896 24
1897 20
1898 19
1899 23
1900 20
1901 24
1902 14
1903 20
1904 18
1905 15
1906 18
1907 13
1908 18
1909 15
1910 16
1911 20
1912 12
1913 19
1914 21
1915 21
1916 16
1917 15
1918 8
1919 14
1920 26
1921 25
1922 26
1923 21
1924 19
1925 25
1926 31
1927 26
1928 28
1929 31
1930 14
1931 24
1932 24
1933 29
1934 21
1935 20
1936 16
1937 22
1938 27
1939 21
1940 17
1941 18
1942 23
1943 14
1944 26
1945 16
1946 24
1947 15
1948 17
1949 25
1950 29
1951 21
1952 29
1953 30
1954 41
1955 41
1956 41
1957 39
1958 47
1959 58
1960 61
1961 60
1962 68
1963 60
1964 99
1965 112
1966 121
1967 128
1968 154
1969 144
1970 167
1971 197
1972 272
1973 306
1974 380
1975 360
1976 356
1977 381
1978 398
1979 326
1980 309
1981 368
1982 388
1983 356
1984 368
1985 407
1986 424
1987 400
1988 321
1989 251
1990 244
1991 228
1992 229
1993 182
1994 182
1995 150
1996 110
1997 120
1998 89
1999 85
2000 67
2001 48
2002 60
2003 40
2004 36
2005 38
2006 31
2007 28
2008 38
2009 19
2010 27
2011 24
2012 21
2013 16
2014 17
2015 16
2016 10
2017 18
2018 26
2019 23
2020 25
2021 20
2022 22
2023 19
2024 15
2025 20
2026 22
2027 28
2028 22
2029 16
2030 21
2031 19
2032 20
2033 15
2034 14
2035 14
2036 16
2037 14
2038 19
2039 24
2040 19
2041 18
2042 19
2043 19
2044 25
2045 17
2046 20
2047 18
2048 21
2049 21
2050 16
2051 12
2052 15
2053 24
2054 17
2055 19
2056 24
2057 15
2058 16
2059 14
2060 21
2061 15
2062 20
2063 16
2064 18
2065 11
2066 13
2067 23
2068 18
2069 9
2070 19
2071 15
2072 12
2073 17
2074 19
2075 15
2076 24
2077 11
2078 19
2079 19
2080 16
2081 20
2082 20
2083 17
2084 21
2085 25
2086 12
2087 7
2088 18
2089 18
2090 23
2091 22
2092 23
2093 16
2094 26
2095 19
2096 22
2097 17
2098 18
2099 10
2100 22
2101 15
2102 18
2103 27
2104 13
2105 15
2106 18
2107 23
2108 23
2109 21
2110 20
2111 17
2112 15
2113 13
2114 13
2115 22
2116 23
2117 14
2118 13
2119 18
2120 12
2121 9
2122 10
2123 19
2124 8
2125 13
2126 13
2127 13
2128 15
2129 21
2130 24
2131 23
2132 13
2133 14
2134 7
2135 18
2136 9
2137 18
2138 22
2139 17
2140 12
2141 15
2142 19
2143 11
2144 14
2145 20
2146 15
2147 21
2148 13
2149 26
2150 21
2151 25
2152 15
2153 17
2154 16
2155 16
2156 28
2157 24
2158 22
2159 28
2160 24
2161 35
2162 28
2163 28
2164 31
2165 32
2166 36
2167 36
2168 43
2169 53
2170 50
2171 62
2172 48
2173 53
2174 64
2175 63
2176 71
2177 65
2178 81
2179 83
2180 92
2181 83
2182 83
2183 60
2184 72
2185 89
2186 94
2187 97
2188 90
2189 77
2190 87
2191 38
2192 52
2193 47
2194 46
2195 36
2196 30
2197 27
2198 26
2199 29
2200 34
2201 31
2202 27
2203 23
2204 18
2205 19
2206 17
2207 10
2208 8
2209 12
2210 17
2211 19
2212 18
2213 10
2214 17
2215 21
2216 13
2217 8
2218 16
2219 12
2220 12
2221 8
2222 18
2223 15
2224 16
2225 14
2226 13
2227 19
2228 16
2229 18
2230 9
2231 15
2232 7
2233 14
2234 16
2235 15
2236 14
2237 18
2238 8
2239 15
2240 13
2241 11
2242 15
2243 10
2244 22
2245 16
2246 14
2247 13
2248 15
2249 18
2250 13
2251 16
2252 9
2253 14
2254 15
2255 9
2256 17
2257 20
2258 15
2259 15
2260 14
2261 12
2262 8
2263 10
2264 9
2265 17
2266 14
2267 19
2268 13
2269 17
2270 13
2271 13
2272 15
2273 15
2274 17
2275 12
2276 14
2277 10
2278 13
2279 14
2280 13
2281 15
2282 17
2283 10
2284 11
2285 9
2286 20
2287 19
2288 13
2289 13
2290 12
2291 13
2292 13
2293 14
2294 17
2295 17
2296 10
2297 15
2298 14
2299 9
2300 7
2301 16
2302 16
2303 16
2304 18
2305 20
2306 12
2307 13
2308 24
2309 17
2310 9
2311 16
2312 11
2313 12
2314 11
2315 16
2316 16
2317 19
2318 14
2319 10
2320 14
2321 16
2322 15
2323 17
2324 6
2325 14
2326 19
2327 17
2328 18
2329 7
2330 20
2331 15
2332 14
2333 11
2334 18
2335 18
2336 12
2337 13
2338 14
2339 22
2340 16
2341 17
2342 11
2343 19
2344 15
2345 14
2346 13
2347 8
2348 14
2349 20
2350 18
2351 12
2352 13
2353 13
2354 12
2355 10
2356 15
2357 18
2358 13
2359 9
2360 15
2361 13
2362 14
2363 14
2364 10
2365 11
2366 14
2367 13
2368 15
2369 11
2370 13
2371 12
2372 15
2373 10
2374 11
2375 10
2376 17
2377 11
2378 15
2379 17
2380 10
2381 13
2382 12
2383 15
2384 14
2385 11
2386 13
2387 16
2388 18
2389 15
2390 23
2391 14
2392 17
2393 11
2394 15
2395 18
2396 16
2397 9
2398 13
2399 12
2400 6
2401 10
2402 8
2403 16
2404 11
2405 11
2406 12
2407 5
2408 10
2409 14
2410 13
2411 12
2412 10
2413 19
2414 12
2415 14
2416 10
2417 14
2418 14
2419 12
2420 14
2421 9
2422 12
2423 10
2424 14
2425 13
2426 11
2427 12
2428 15
2429 16
2430 14
2431 15
2432 10
2433 14
2434 17
2435 17
2436 18
2437 16
2438 17
2439 21
2440 20
2441 21
2442 16
2443 17
2444 20
2445 23
2446 31
2447 22
2448 15
2449 27
2450 23
2451 28
2452 32
2453 40
2454 22
2455 38
2456 42
2457 63
2458 66
2459 55
2460 55
2461 44
2462 63
2463 53
2464 65
2465 63
2466 55
2467 75
2468 78
2469 49
2470 59
2471 69
2472 51
2473 59
2474 61
2475 52
2476 42
2477 43
2478 38
2479 33
2480 40
2481 34
2482 22
2483 23
2484 19
2485 18
2486 20
2487 16
2488 20
2489 16
2490 12
2491 20
2492 15
2493 12
2494 5
2495 17
2496 8
2497 11
2498 14
2499 13
2500 13
2501 11
2502 16
2503 14
2504 10
2505 10
2506 6
2507 22
2508 12
2509 15
2510 14
2511 21
2512 9
2513 11
2514 15
2515 8
2516 8
2517 9
2518 10
2519 14
2520 17
2521 16
2522 13
2523 11
2524 10
2525 15
2526 16
2527 11
2528 10
2529 10
2530 14
2531 19
2532 10
2533 9
2534 13
2535 23
2536 13
2537 17
2538 16
2539 18
2540 18
2541 21
2542 24
2543 25
2544 17
2545 32
2546 22
2547 33
2548 42
2549 51
2550 53
2551 48
2552 34
2553 42
2554 36
2555 40
2556 31
2557 32
2558 35
2559 29
