0 32
1 21
2 22
3 24
4 25
5 32
6 30
7 33
8 30
9 31
10 17
11 27
12 42
13 27
14 18
15 27
16 29
17 30
18 31
19 30
20 26
21 31
22 29
23 31
24 36
25 26
26 34
27 26
28 16
29 33
30 36
31 36
32 24
33 30
34 28
35 34
36 30
37 35
38 19
39 32
40 29
41 22
42 25
43 26
44 30
45 35
46 28
47 22
48 30
49 30
50 38
51 35
52 23
53 30
54 30
55 43
56 27
57 31
58 38
59 23
60 22
61 30
62 30
63 39
64 31
65 21
66 32
67 37
68 37
69 27
70 32
71 38
72 23
73 43
74 36
75 40
76 27
77 28
78 23
79 34
80 24
81 21
82 44
83 30
84 22
85 21
86 29
87 27
88 20
89 27
90 38
91 33
92 42
93 21
94 21
95 18
96 19
97 37
98 22
99 23
100 27
101 21
102 29
103 29
104 26
105 30
106 27
107 25
108 26
109 34
110 25
111 22
112 29
113 31
114 23
115 26
116 26
117 30
118 27
119 32
120 28
121 24
122 28
123 35
124 30
125 21
126 25
127 39
128 45
129 29
130 36
131 33
132 31
133 35
134 25
135 40
136 29
137 34
138 39
139 37
140 46
141 33
142 38
143 25
144 25
145 27
146 34
147 36
148 32
149 38
150 16
151 36
152 24
153 28
154 25
155 41
156 27
157 35
158 34
159 26
160 31
161 23
162 35
163 29
164 24
165 23
166 31
167 36
168 40
169 34
170 39
171 39
172 37
173 25
174 31
175 36
176 27
177 35
178 37
179 37
180 21
181 36
182 43
183 23
184 32
185 36
186 29
187 28
188 30
189 33
190 34
191 29
192 29
193 27
194 28
195 25
196 39
197 41
198 39
199 24
200 24
201 48
202 31
203 42
204 34
205 26
206 33
207 30
208 33
209 35
210 30
211 31
212 29
213 33
214 36
215 23
216 31
217 21
218 32
219 38
220 26
221 33
222 26
223 21
224 34
225 35
226 31
227 43
228 42
229 42
230 17
231 31
232 35
233 27
234 35
235 32
236 27
237 33
238 20
239 26
240 39
241 41
242 33
243 22
244 37
245 24
246 30
247 33
248 31
249 31
250 34
251 40
252 38
253 37
254 30
255 39
256 27
257 18
258 28
259 41
260 30
261 30
262 32
263 28
264 38
265 31
266 33
267 33
268 37
269 26
270 33
271 32
272 24
273 21
274 29
275 29
276 33
277 39
278 29
279 26
280 26
281 33
282 31
283 39
284 33
285 32
286 31
287 28
288 30
289 35
290 44
291 45
292 34
293 40
294 40
295 37
296 45
297 45
298 39
299 33
300 33
301 28
302 42
303 32
304 32
305 26
306 30
307 41
308 36
309 30
310 34
311 38
312 22
313 36
314 43
315 28
316 31
317 38
318 38
319 33
320 41
321 38
322 35
323 38
324 29
325 36
326 29
327 29
328 30
329 33
330 46
331 31
332 39
333 35
334 39
335 36
336 36
337 21
338 37
339 37
340 26
341 26
342 26
343 28
344 32
345 34
346 39
347 41
348 38
349 26
350 36
351 29
352 44
353 26
354 29
355 34
356 32
357 24
358 36
359 29
360 30
361 27
362 29
363 37
364 37
365 39
366 24
367 31
368 30
369 30
370 30
371 33
372 26
373 37
374 39
375 45
376 28
377 36
378 33
379 45
380 38
381 42
382 32
383 29
384 28
385 37
386 34
387 27
388 46
389 37
390 28
391 28
392 32
393 39
394 35
395 29
396 37
397 33
398 32
399 26
400 39
401 32
402 27
403 37
404 45
405 37
406 44
407 26
408 37
409 40
410 33
411 30
412 36
413 51
414 41
415 32
416 28
417 37
418 44
419 31
420 43
421 42
422 31
423 31
424 29
425 34
426 44
427 46
428 32
429 25
430 39
431 33
432 42
433 41
434 32
435 34
436 37
437 37
438 48
439 48
440 43
441 34
442 34
443 37
444 48
445 39
446 36
447 31
448 31
449 33
450 29
451 30
452 38
453 25
454 52
455 40
456 30
457 39
458 30
459 33
460 31
461 40
462 31
463 35
464 33
465 39
466 30
467 42
468 29
469 42
470 32
471 37
472 34
473 29
474 42
475 37
476 35
477 39
478 28
479 45
480 45
481 45
482 38
483 37
484 30
485 35
486 32
487 36
488 36
489 44
490 35
491 47
492 25
493 38
494 45
495 32
496 40
497 36
498 38
499 34
500 37
501 30
502 44
503 42
504 31
505 35
506 43
507 37
508 29
509 34
510 32
511 28
512 22
513 30
514 51
515 28
516 34
517 32
518 32
519 32
520 33
521 24
522 40
523 23
524 39
525 32
526 32
527 40
528 36
529 33
530 38
531 36
532 45
533 28
534 29
535 48
536 33
537 40
538 38
539 32
540 39
541 44
542 35
543 38
544 28
545 45
546 36
547 27
548 38
549 43
550 46
551 31
552 34
553 39
554 42
555 40
556 32
557 40
558 26
559 43
560 37
561 36
562 40
563 30
564 40
565 43
566 43
567 36
568 46
569 62
570 52
571 46
572 48
573 49
574 41
575 56
576 59
577 74
578 73
579 79
580 94
581 85
582 84
583 81
584 71
585 83
586 90
587 83
588 98
589 69
590 93
591 59
592 85
593 92
594 125
595 138
596 139
597 102
598 121
599 113
600 91
601 73
602 76
603 64
604 36
605 38
606 39
607 45
608 41
609 51
610 37
611 47
612 46
613 50
614 44
615 46
616 37
617 27
618 48
619 40
620 36
621 36
622 35
623 31
624 37
625 33
626 35
627 36
628 35
629 30
630 33
631 31
632 37
633 26
634 34
635 27
636 38
637 33
638 26
639 38
640 43
641 26
642 43
643 32
644 34
645 32
646 35
647 36
648 53
649 30
650 32
651 34
652 39
653 55
654 40
655 33
656 39
657 43
658 32
659 51
660 42
661 33
662 41
663 37
664 43
665 41
666 41
667 47
668 34
669 36
670 40
671 36
672 45
673 39
674 39
675 42
676 50
677 33
678 24
679 28
680 38
681 32
682 45
683 31
684 34
685 29
686 30
687 32
688 37
689 38
690 39
691 35
692 20
693 35
694 49
695 30
696 33
697 39
698 38
699 34
700 32
701 41
702 36
703 28
704 34
705 36
706 31
707 42
708 35
709 37
710 43
711 37
712 29
713 28
714 28
715 28
716 24
717 37
718 45
719 46
720 39
721 31
722 40
723 35
724 39
725 33
726 47
727 38
728 44
729 40
730 38
731 35
732 41
733 20
734 32
735 36
736 38
737 24
738 40
739 38
740 41
741 27
742 20
743 38
744 39
745 38
746 45
747 38
748 42
749 28
750 42
751 34
752 45
753 37
754 36
755 40
756 44
757 34
758 32
759 31
760 35
761 32
762 31
763 37
764 34
765 32
766 28
767 38
768 43
769 32
770 34
771 33
772 36
773 31
774 26
775 41
776 44
777 31
778 37
779 34
780 36
781 35
782 32
783 32
784 48
785 44
786 37
787 31
788 31
789 38
790 39
791 34
792 39
793 52
794 47
795 36
796 35
797 36
798 32
799 31
800 38
801 40
802 37
803 41
804 38
805 31
806 36
807 48
808 43
809 30
810 38
811 34
812 27
813 53
814 32
815 42
816 38
817 30
818 38
819 35
820 31
821 30
822 36
823 34
824 30
825 33
826 44
827 36
828 42
829 41
830 43
831 34
832 37
833 31
834 41
835 43
836 31
837 31
838 27
839 29
840 30
841 36
842 38
843 29
844 29
845 44
846 43
847 33
848 34
849 32
850 34
851 29
852 45
853 31
854 30
855 33
856 27
857 34
858 30
859 37
860 40
861 30
862 39
863 32
864 29
865 25
866 31
867 23
868 32
869 32
870 33
871 37
872 30
873 29
874 39
875 34
876 33
877 38
878 28
879 24
880 33
881 38
882 22
883 31
884 26
885 24
886 33
887 33
888 38
889 35
890 43
891 40
892 31
893 32
894 46
895 36
896 36
897 23
898 38
899 43
900 32
901 37
902 23
903 33
904 21
905 38
906 29
907 44
908 44
909 27
910 27
911 24
912 35
913 48
914 26
915 39
916 44
917 37
918 30
919 40
920 21
921 35
922 43
923 28
924 33
925 31
926 34
927 31
928 35
929 40
930 51
931 40
932 40
933 38
934 37
935 31
936 35
937 37
938 35
939 35
940 35
941 30
942 24
943 35
944 34
945 35
946 42
947 30
948 35
949 43
950 39
951 33
952 36
953 45
954 35
955 40
956 30
957 30
958 33
959 29
960 28
961 42
962 25
963 35
964 33
965 29
966 25
967 27
968 41
969 29
970 26
971 40
972 28
973 35
974 35
975 41
976 45
977 30
978 35
979 28
980 39
981 27
982 45
983 34
984 29
985 41
986 40
987 33
988 26
989 21
990 42
991 36
992 24
993 29
994 31
995 26
996 30
997 39
998 33
999 20
1000 33
1001 22
1002 26
1003 28
1004 34
1005 25
1006 36
1007 38
1008 34
1009 25
1010 35
1011 33
1012 28
1013 33
1014 33
1015 24
1016 36
1017 24
1018 29
1019 25
1020 20
1021 29
1022 33
1023 23
1024 39
1025 34
1026 26
1027 32
1028 36
1029 31
1030 30
1031 33
1032 40
1033 34
1034 21
1035 32
1036 36
1037 24
1038 39
1039 35
1040 29
1041 27
1042 31
1043 32
1044 38
1045 29
1046 35
1047 30
1048 37
1049 27
1050 35
1051 37
1052 37
1053 30
1054 24
1055 38
1056 31
1057 28
1058 35
1059 35
1060 32
1061 37
1062 28
1063 33
1064 34
1065 35
1066 34
1067 26
1068 32
1069 36
1070 35
1071 31
1072 28
1073 40
1074 31
1075 25
1076 34
1077 34
1078 32
1079 31
1080 32
1081 29
1082 25
1083 36
1084 35
1085 39
1086 38
1087 36
1088 31
1089 40
1090 26
1091 31
1092 27
1093 31
1094 29
1095 25
1096 44
1097 36
1098 30
1099 43
1100 51
1101 66
1102 43
1103 63
1104 61
1105 70
1106 64
1107 87
1108 93
1109 121
1110 126
1111 174
1112 224
1113 239
1114 323
1115 343
1116 373
1117 342
1118 410
1119 348
1120 353
1121 450
1122 523
1123 506
1124 476
1125 525
1126 480
1127 390
1128 333
1129 270
1130 201
1131 144
1132 134
1133 92
1134 70
1135 49
1136 32
1137 42
1138 32
1139 29
1140 37
1141 35
1142 34
1143 42
1144 34
1145 33
1146 31
1147 32
1148 32
1149 27
1150 27
1151 27
1152 41
1153 39
1154 46
1155 29
1156 35
1157 30
1158 20
1159 31
1160 34
1161 33
1162 21
1163 21
1164 37
1165 35
1166 24
1167 33
1168 33
1169 26
1170 23
1171 32
1172 33
1173 25
1174 26
1175 35
1176 30
1177 38
1178 25
1179 24
1180 33
1181 30
1182 37
1183 31
1184 37
1185 37
1186 26
1187 23
1188 27
1189 29
1190 26
1191 32
1192 24
1193 30
1194 32
1195 22
1196 24
1197 25
1198 31
1199 29
1200 41
1201 25
1202 22
1203 42
1204 40
1205 46
1206 29
1207 33
1208 35
1209 23
1210 33
1211 44
1212 30
1213 36
1214 37
1215 27
1216 39
1217 37
1218 37
1219 25
1220 28
1221 21
1222 36
1223 32
1224 28
1225 15
1226 30
1227 27
1228 20
1229 26
1230 31
1231 34
1232 25
1233 35
1234 29
1235 35
1236 30
1237 28
1238 28
1239 33
1240 27
1241 28
1242 24
1243 43
1244 28
1245 36
1246 38
1247 45
1248 43
1249 49
1250 27
1251 28
1252 29
1253 34
1254 54
1255 42
1256 45
1257 47
1258 44
1259 49
1260 63
1261 39
1262 65
1263 77
1264 69
1265 68
1266 56
1267 61
1268 55
1269 40
1270 31
1271 33
1272 31
1273 25
1274 24
1275 21
1276 17
1277 17
1278 20
1279 13
1280 32
1281 28
1282 14
1283 28
1284 23
1285 31
1286 32
1287 23
1288 23
1289 22
1290 20
1291 12
1292 19
1293 28
1294 29
1295 22
1296 17
1297 20
1298 21
1299 26
1300 21
1301 27
1302 28
1303 23
1304 22
1305 29
1306 19
1307 28
1308 18
1309 37
1310 21
1311 27
1312 21
1313 19
1314 28
1315 25
1316 26
1317 22
1318 29
1319 24
1320 21
1321 25
1322 33
1323 12
1324 24
1325 28
1326 16
1327 32
1328 18
1329 19
1330 36
1331 25
1332 51
1333 43
1334 40
1335 49
1336 30
1337 47
1338 49
1339 42
1340 50
1341 38
1342 36
1343 35
1344 26
1345 41
1346 30
1347 25
1348 19
1349 25
1350 19
1351 25
1352 19
1353 29
1354 27
1355 22
1356 23
1357 27
1358 25
1359 14
1360 33
1361 21
1362 30
1363 19
1364 29
1365 24
1366 24
1367 29
1368 21
1369 22
1370 25
1371 22
1372 18
1373 21
1374 30
1375 21
1376 28
1377 21
1378 12
1379 18
1380 17
1381 31
1382 22
1383 21
1384 22
1385 15
1386 26
1387 20
1388 19
1389 28
1390 24
1391 18
1392 19
1393 27
1394 19
1395 32
1396 26
1397 21
1398 18
1399 25
1400 34
1401 23
1402 27
1403 29
1404 35
1405 47
1406 43
1407 40
1408 47
1409 57
1410 64
1411 68
1412 68
1413 90
1414 106
1415 130
1416 149
1417 191
1418 259
1419 249
1420 222
1421 201
1422 177
1423 146
1424 131
1425 160
1426 149
1427 179
1428 139
1429 137
1430 134
1431 107
1432 55
1433 39
1434 30
1435 48
1436 31
1437 24
1438 26
1439 26
1440 23
1441 30
1442 12
1443 22
1444 24
1445 18
1446 28
1447 30
1448 24
1449 15
1450 25
1451 19
1452 21
1453 23
1454 32
1455 16
1456 18
1457 26
1458 25
1459 25
1460 25
1461 18
1462 20
1463 21
1464 14
1465 24
1466 20
1467 22
1468 23
1469 18
1470 25
1471 24
1472 30
1473 15
1474 13
1475 20
1476 21
1477 19
1478 15
1479 16
1480 22
1481 18
1482 15
1483 18
1484 21
1485 29
1486 23
1487 22
1488 20
1489 18
1490 23
1491 26
1492 14
1493 23
1494 23
1495 16
1496 26
1497 25
1498 20
1499 27
1500 25
1501 12
1502 25
1503 30
1504 19
1505 22
1506 28
1507 16
1508 19
1509 24
1510 26
1511 31
1512 27
1513 21
1514 16
1515 20
1516 15
1517 15
1518 21
1519 19
1520 23
1521 16
1522 22
1523 26
1524 27
1525 22
1526 21
1527 14
1528 14
1529 15
1530 13
1531 19
1532 21
1533 16
1534 12
1535 28
1536 16
1537 22
1538 26
1539 21
1540 17
1541 24
1542 20
1543 14
1544 14
1545 21
1546 18
1547 31
1548 19
1549 24
1550 21
1551 16
1552 19
1553 23
1554 17
1555 28
1556 15
1557 19
1558 23
1559 15
1560 18
1561 16
1562 24
1563 22
1564 21
1565 21
1566 29
1567 25
1568 23
1569 26
1570 21
1571 20
1572 21
1573 23
1574 23
1575 15
1576 27
1577 26
1578 12
1579 25
1580 21
1581 20
1582 10
1583 15
1584 18
1585 17
1586 20
1587 18
1588 23
1589 25
1590 20
1591 16
1592 13
1593 21
1594 19
1595 12
1596 17
1597 14
1598 19
1599 20
1600 20
1601 33
1602 22
1603 21
1604 20
1605 33
1606 25
1607 30
1608 24
1609 7
1610 17
1611 20
1612 18
1613 25
1614 22
1615 25
1616 25
1617 18
1618 24
1619 26
1620 21
1621 15
1622 15
1623 17
1624 17
1625 24
1626 14
1627 26
1628 27
1629 14
1630 16
1631 26
1632 20
1633 21
1634 16
1635 12
1636 12
1637 20
1638 23
1639 19
1640 25
1641 13
1642 16
1643 21
1644 18
1645 25
1646 17
1647 27
1648 13
1649 14
1650 17
1651 23
1652 23
1653 25
1654 25
1655 24
1656 22
1657 16
1658 14
1659 19
1660 17
1661 19
1662 25
1663 19
1664 26
1665 22
1666 22
1667 15
1668 20
1669 22
1670 18
1671 18
1672 21
1673 28
1674 29
1675 11
1676 16
1677 11
1678 14
1679 15
1680 12
1681 10
1682 18
1683 22
1684 12
1685 14
1686 22
1687 19
1688 17
1689 16
1690 13
1691 21
1692 19
1693 21
1694 20
1695 21
1696 19
1697 18
1698 20
1699 13
1700 18
1701 14
1702 19
1703 14
1704 19
1705 14
1706 25
1707 22
1708 26
1709 17
1710 14
1711 22
1712 11
1713 24
1714 17
1715 16
1716 24
1717 14
1718 17
1719 19
1720 18
1721 16
1722 15
1723 20
1724 17
1725 16
1726 18
1727 17
1728 20
1729 21
1730 14
1731 19
1732 18
1733 16
1734 15
1735 20
1736 21
1737 13
1738 22
1739 12
1740 13
1741 22
1742 22
1743 10
1744 20
1745 20
1746 18
1747 14
1748 14
1749 19
1750 21
1751 17
1752 21
1753 18
1754 20
1755 9
1756 19
1757 15
1758 17
1759 15
1760 7
1761 24
1762 16
1763 29
1764 17
1765 16
1766 9
1767 19
1768 23
1769 12
1770 16
1771 17
1772 16
1773 17
1774 19
1775 19
1776 18
1777 29
1778 13
1779 18
1780 14
1781 14
1782 25
1783 30
1784 12
1785 20
1786 19
1787 19
1788 12
1789 14
1790 13
1791 13
1792 20
1793 14
1794 18
1795 15
1796 22
1797 27
1798 22
1799 22
1800 12
1801 15
1802 18
1803 15
1804 24
1805 16
1806 20
1807 18
1808 18
1809 19
1810 19
1811 20
1812 18
1813 13
1814 15
1815 17
1816 14
1817 23
1818 11
1819 19
1820 11
1821 22
1822 17
1823 21
1824 22
1825 13
1826 7
1827 13
1828 29
1829 24
1830 18
1831 21
1832 32
1833 22
1834 18
1835 20
1836 21
1837 26
1838 21
1839 21
1840 18
1841 22
1842 22
1843 25
1844 21
1845 19
1846 18
1847 21
1848 25
1849 14
1850 14
1851 18
1852 22
1853 14
1854 19
1855 13
1856 27
1857 18
1858 12
1859 16
1860 16
1861 15
1862 20
1863 17
1864 23
1865 16
1866 19
1867 19
1868 18
1869 19
1870 17
1871 22
1872 19
1873 20
1874 23
1875 19
1876 27
1877 22
1878 27
1879 33
1880 37
1881 39
1882 42
1883 45
1884 45
1885 59
1886 62
1887 101
1888 87
1889 76
1890 96
1891 115
1892 173
1893 165
1894 114
1895 106
1896 97
1897 149
1898 188
1899 132
1900 131
1901 95
1902 88
1903 107
1904 92
1905 69
1906 83
1907 50
1908 36
1909 27
1910 30
1911 20
1912 27
1913 28
1914 23
1915 18
1916 17
1917 18
1918 26
1919 17
1920 17
1921 23
1922 20
1923 9
1924 23
1925 19
1926 19
1927 17
1928 27
1929 14
1930 22
1931 17
1932 16
1933 23
1934 21
1935 17
1936 13
1937 13
1938 25
1939 16
1940 20
1941 18
1942 20
1943 17
1944 20
1945 13
1946 20
1947 12
1948 19
1949 12
1950 15
1951 23
1952 21
1953 13
1954 18
1955 18
1956 13
1957 10
1958 8
1959 13
1960 10
1961 15
1962 19
1963 17
1964 18
1965 17
1966 12
1967 20
1968 21
1969 11
1970 17
1971 9
1972 16
1973 10
1974 21
1975 23
1976 19
1977 15
1978 13
1979 13
1980 13
1981 14
1982 12
1983 22
1984 20
1985 17
1986 17
1987 18
1988 16
1989 16
1990 14
1991 13
1992 11
1993 15
1994 20
1995 10
1996 19
1997 14
1998 19
1999 12
2000 19
2001 17
2002 13
2003 18
2004 12
2005 5
2006 13
2007 18
2008 17
2009 12
2010 18
2011 11
2012 18
2013 12
2014 14
2015 19
2016 12
2017 21
2018 20
2019 22
2020 18
2021 15
2022 15
2023 26
2024 13
2025 16
2026 17
2027 17
2028 11
2029 15
2030 13
2031 14
2032 24
2033 17
2034 16
2035 16
2036 14
2037 11
2038 20
2039 17
2040 8
2041 14
2042 18
2043 21
2044 14
2045 17
2046 17
2047 16
2048 15
2049 9
2050 19
2051 22
2052 15
2053 13
2054 21
2055 14
2056 19
2057 16
2058 15
2059 21
2060 18
2061 15
2062 13
2063 16
2064 15
2065 9
2066 15
2067 15
2068 16
2069 13
2070 22
2071 16
2072 16
2073 12
2074 17
2075 8
2076 13
2077 13
2078 12
2079 11
2080 18
2081 16
2082 16
2083 20
2084 12
2085 17
2086 19
2087 17
2088 13
2089 11
2090 12
2091 10
2092 18
2093 18
2094 10
2095 15
2096 10
2097 6
2098 16
2099 14
2100 13
2101 19
2102 9
2103 14
2104 15
2105 18
2106 12
2107 19
2108 13
2109 15
2110 14
2111 13
2112 14
2113 14
2114 14
2115 19
2116 18
2117 12
2118 15
2119 14
2120 12
2121 16
2122 18
2123 19
2124 21
2125 25
2126 25
2127 19
2128 17
2129 17
2130 25
2131 24
2132 27
2133 34
2134 26
2135 38
2136 34
2137 50
2138 53
2139 47
2140 58
2141 69
2142 88
2143 112
2144 115
2145 164
2146 161
2147 150
2148 182
2149 266
2150 317
2151 297
2152 256
2153 322
2154 379
2155 398
2156 450
2157 445
2158 495
2159 466
2160 531
2161 508
2162 509
2163 596
2164 511
2165 368
2166 285
2167 213
2168 162
2169 128
2170 135
2171 144
2172 126
2173 97
2174 88
2175 75
2176 55
2177 60
2178 40
2179 35
2180 28
2181 28
2182 27
2183 18
2184 23
2185 21
2186 19
2187 9
2188 19
2189 14
2190 16
2191 15
2192 18
2193 21
2194 17
2195 17
2196 12
2197 15
2198 16
2199 13
2200 16
2201 12
2202 8
2203 12
2204 8
2205 10
2206 18
2207 17
2208 6
2209 18
2210 12
2211 17
2212 14
2213 18
2214 16
2215 16
2216 12
2217 18
2218 22
2219 18
2220 13
2221 18
2222 17
2223 18
2224 20
2225 18
2226 8
2227 20
2228 13
2229 16
2230 12
2231 15
2232 14
2233 11
2234 12
2235 15
2236 14
2237 21
2238 16
2239 22
2240 13
2241 20
2242 13
2243 22
2244 15
2245 19
2246 10
2247 11
2248 16
2249 12
2250 15
2251 20
2252 14
2253 16
2254 17
2255 12
2256 10
2257 15
2258 20
2259 13
2260 10
2261 15
2262 8
2263 14
2264 15
2265 13
2266 13
2267 9
2268 11
2269 14
2270 18
2271 13
2272 19
2273 13
2274 14
2275 16
2276 11
2277 19
2278 14
2279 15
2280 16
2281 13
2282 13
2283 17
2284 19
2285 16
2286 11
2287 9
2288 15
2289 11
2290 14
2291 18
2292 14
2293 9
2294 10
2295 16
2296 10
2297 16
2298 11
2299 8
2300 16
2301 14
2302 21
2303 11
2304 11
2305 15
2306 12
2307 11
2308 22
2309 18
2310 17
2311 17
2312 16
2313 18
2314 13
2315 17
2316 11
2317 11
2318 14
2319 11
2320 14
2321 15
2322 14
2323 11
2324 17
2325 12
2326 16
2327 16
2328 5
2329 14
2330 17
2331 17
2332 12
2333 14
2334 15
2335 11
2336 20
2337 11
2338 15
2339 19
2340 22
2341 28
2342 22
2343 24
2344 16
2345 25
2346 23
2347 19
2348 24
2349 20
2350 32
2351 40
2352 44
2353 51
2354 41
2355 45
2356 44
2357 51
2358 70
2359 75
2360 77
2361 105
2362 102
2363 80
2364 102
2365 68
2366 85
2367 64
2368 58
2369 70
2370 86
2371 78
2372 77
2373 56
2374 61
2375 54
2376 49
2377 44
2378 47
2379 34
2380 29
2381 37
2382 27
2383 25
2384 20
2385 23
2386 14
2387 26
2388 19
2389 16
2390 16
2391 20
2392 15
2393 11
2394 14
2395 14
2396 19
2397 16
2398 16
2399 13
2400 16
2401 12
2402 11
2403 9
2404 14
2405 16
2406 12
2407 14
2408 19
2409 16
2410 9
2411 17
2412 20
2413 19
2414 16
2415 14
2416 8
2417 16
2418 9
2419 9
2420 16
2421 19
2422 10
2423 12
2424 10
2425 8
2426 16
2427 13
2428 12
2429 11
2430 14
2431 14
2432 16
2433 16
2434 16
2435 4
2436 10
2437 11
2438 8
2439 14
2440 12
2441 15
2442 10
2443 13
2444 10
2445 20
2446 9
2447 11
2448 9
2449 12
2450 11
2451 11
2452 11
2453 5
2454 21
2455 17
2456 16
2457 13
2458 14
2459 15
2460 13
2461 9
2462 15
2463 7
2464 8
2465 14
2466 6
2467 13
2468 14
2469 11
2470 3
2471 13
2472 15
2473 10
2474 9
2475 12
2476 13
2477 18
2478 17
2479 12
2480 18
2481 9
2482 14
2483 11
2484 12
2485 11
2486 15
2487 11
2488 8
2489 9
2490 10
2491 11
2492 10
2493 14
2494 15
2495 10
2496 14
2497 7
2498 15
2499 9
2500 13
2501 8
2502 15
2503 13
2504 13
2505 8
2506 9
2507 12
2508 22
2509 16
2510 10
2511 11
2512 12
2513 12
2514 18
2515 10
2516 14
2517 15
2518 8
2519 10
2520 18
2521 12
2522 9
2523 10
2524 14
2525 11
2526 17
2527 14
2528 13
2529 11
2530 15
2531 5
2532 14
2533 13
2534 12
2535 10
2536 15
2537 8
2538 9
2539 15
2540 12
2541 12
2542 10
2543 14
2544 12
2545 17
2546 8
2547 9
2548 7
2549 7
2550 13
2551 9
2552 12
2553 13
2554 13
2555 13
2556 18
2557 11
2558 12
2559 13
