0 46
1 24
2 30
3 22
4 29
5 29
6 28
7 38
8 26
9 28
10 21
11 26
12 27
13 35
14 34
15 25
16 31
17 35
18 39
19 34
20 32
21 29
22 34
23 30
24 31
25 31
26 29
27 44
28 43
29 44
30 27
31 29
32 26
33 36
34 28
35 34
36 33
37 37
38 25
39 15
40 35
41 34
42 20
43 27
44 31
45 26
46 23
47 23
48 29
49 35
50 38
51 34
52 23
53 22
54 24
55 30
56 30
57 37
58 27
59 28
60 28
61 27
62 31
63 35
64 31
65 25
66 33
67 29
68 34
69 26
70 33
71 30
72 31
73 32
74 27
75 34
76 26
77 36
78 24
79 34
80 30
81 29
82 24
83 33
84 44
85 29
86 19
87 18
88 24
89 29
90 25
91 38
92 26
93 27
94 40
95 24
96 27
97 36
98 33
99 28
100 33
101 32
102 26
103 36
104 33
105 39
106 29
107 47
108 35
109 26
110 36
111 32
112 29
113 30
114 30
115 35
116 32
117 36
118 26
119 35
120 26
121 24
122 32
123 28
124 27
125 29
126 30
127 42
128 35
129 40
130 32
131 32
132 32
133 30
134 30
135 36
136 47
137 41
138 25
139 37
140 35
141 27
142 37
143 42
144 36
145 27
146 23
147 39
148 34
149 30
150 26
151 32
152 33
153 33
154 33
155 34
156 24
157 32
158 28
159 24
160 26
161 27
162 27
163 29
164 31
165 25
166 34
167 36
168 35
169 31
170 36
171 34
172 22
173 31
174 45
175 37
176 38
177 24
178 32
179 26
180 34
181 28
182 33
183 37
184 25
185 39
186 31
187 26
188 37
189 24
190 40
191 22
192 25
193 31
194 23
195 38
196 29
197 31
198 36
199 37
200 28
201 30
202 35
203 34
204 34
205 36
206 37
207 35
208 30
209 38
210 41
211 24
212 27
213 39
214 32
215 38
216 31
217 27
218 33
219 34
220 35
221 34
222 29
223 25
224 19
225 36
226 28
227 32
228 39
229 30
230 27
231 39
232 39
233 43
234 26
235 31
236 41
237 34
238 25
239 41
240 33
241 29
242 30
243 45
244 36
245 23
246 40
247 34
248 34
249 37
250 29
251 38
252 36
253 33
254 31
255 24
256 41
257 38
258 42
259 38
260 39
261 23
262 48
263 34
264 32
265 21
266 29
267 28
268 30
269 34
270 33
271 36
272 24
273 36
274 38
275 31
276 36
277 28
278 38
279 34
280 35
281 37
282 34
283 36
284 34
285 52
286 41
287 27
288 32
289 26
290 40
291 29
292 35
293 35
294 29
295 32
296 42
297 32
298 42
299 33
300 29
301 34
302 26
303 38
304 33
305 34
306 29
307 35
308 32
309 36
310 34
311 33
312 39
313 22
314 32
315 35
316 32
317 44
318 37
319 36
320 30
321 39
322 32
323 22
324 21
325 44
326 44
327 28
328 29
329 23
330 28
331 28
332 26
333 41
334 44
335 30
336 28
337 50
338 34
339 33
340 31
341 35
342 40
343 38
344 36
345 39
346 33
347 44
348 36
349 35
350 31
351 39
352 25
353 23
354 36
355 34
356 28
357 40
358 26
359 29
360 37
361 38
362 14
363 36
364 40
365 44
366 29
367 35
368 38
369 48
370 30
371 32
372 37
373 36
374 26
375 52
376 42
377 30
378 28
379 34
380 39
381 32
382 38
383 36
384 34
385 37
386 42
387 30
388 36
389 37
390 33
391 21
392 42
393 32
394 25
395 37
396 40
397 44
398 46
399 44
400 34
401 41
402 27
403 30
404 37
405 42
406 40
407 26
408 30
409 42
410 34
411 31
412 38
413 34
414 28
415 39
416 36
417 29
418 47
419 34
420 36
421 34
422 34
423 40
424 29
425 32
426 38
427 34
428 32
429 29
430 41
431 40
432 37
433 46
434 35
435 39
436 46
437 32
438 35
439 24
440 37
441 36
442 34
443 44
444 44
445 41
446 34
447 50
448 48
449 33
450 38
451 39
452 40
453 34
454 33
455 41
456 26
457 31
458 42
459 44
460 47
461 49
462 42
463 34
464 31
465 35
466 49
467 34
468 35
469 30
470 34
471 45
472 46
473 34
474 42
475 29
476 30
477 33
478 26
479 35
480 42
481 30
482 33
483 31
484 35
485 19
486 47
487 22
488 34
489 44
490 41
491 34
492 42
493 53
494 34
495 43
496 36
497 51
498 36
499 40
500 32
501 32
502 57
503 37
504 32
505 45
506 45
507 39
508 31
509 47
510 43
511 48
512 44
513 42
514 48
515 27
516 30
517 46
518 34
519 42
520 41
521 42
522 39
523 46
524 29
525 38
526 29
527 34
528 34
529 50
530 35
531 28
532 37
533 33
534 34
535 24
536 37
537 37
538 49
539 31
540 43
541 36
542 35
543 52
544 36
545 45
546 45
547 39
548 52
549 41
550 60
551 59
552 57
553 34
554 55
555 61
556 60
557 51
558 43
559 54
560 47
561 77
562 98
563 81
564 113
565 89
566 82
567 85
568 87
569 74
570 74
571 87
572 82
573 98
574 107
575 92
576 81
577 97
578 99
579 72
580 92
581 62
582 60
583 51
584 48
585 38
586 49
587 36
588 37
589 39
590 42
591 41
592 33
593 36
594 42
595 29
596 44
597 37
598 48
599 46
600 43
601 38
602 34
603 37
604 40
605 36
606 40
607 36
608 26
609 39
610 19
611 46
612 39
613 42
614 44
615 36
616 42
617 43
618 33
619 33
620 42
621 27
622 33
623 35
624 27
625 36
626 43
627 41
628 43
629 28
630 40
631 48
632 46
633 32
634 37
635 44
636 40
637 51
638 28
639 45
640 43
641 33
642 37
643 36
644 39
645 41
646 46
647 40
648 38
649 32
650 40
651 39
652 32
653 40
654 49
655 46
656 44
657 41
658 28
659 40
660 40
661 39
662 42
663 40
664 42
665 33
666 34
667 43
668 36
669 35
670 32
671 48
672 40
673 37
674 41
675 36
676 49
677 40
678 36
679 41
680 34
681 33
682 39
683 30
684 34
685 29
686 35
687 41
688 43
689 50
690 47
691 41
692 34
693 41
694 31
695 41
696 30
697 39
698 36
699 43
700 29
701 40
702 29
703 53
704 41
705 40
706 40
707 34
708 41
709 32
710 29
711 38
712 51
713 35
714 35
715 37
716 31
717 36
718 47
719 37
720 30
721 39
722 38
723 35
724 31
725 45
726 46
727 47
728 50
729 37
730 37
731 41
732 28
733 27
734 38
735 30
736 33
737 38
738 33
739 42
740 45
741 39
742 34
743 25
744 46
745 46
746 37
747 34
748 42
749 50
750 39
751 42
752 44
753 43
754 43
755 34
756 30
757 31
758 41
759 30
760 44
761 32
762 35
763 44
764 29
765 30
766 42
767 34
768 30
769 33
770 29
771 32
772 36
773 34
774 43
775 40
776 39
777 30
778 29
779 44
780 28
781 39
782 39
783 34
784 33
785 40
786 39
787 37
788 38
789 40
790 38
791 33
792 24
793 23
794 20
795 33
796 39
797 29
798 27
799 24
800 31
801 30
802 42
803 30
804 31
805 36
806 48
807 32
808 42
809 39
810 49
811 38
812 30
813 37
814 42
815 34
816 27
817 23
818 46
819 29
820 38
821 23
822 31
823 43
824 45
825 33
826 30
827 35
828 37
829 37
830 36
831 31
832 38
833 37
834 37
835 38
836 30
837 35
838 33
839 40
840 32
841 26
842 32
843 35
844 30
845 38
846 36
847 20
848 28
849 31
850 26
851 32
852 42
853 41
854 24
855 31
856 24
857 35
858 29
859 36
860 35
861 27
862 24
863 44
864 38
865 27
866 40
867 34
868 27
869 32
870 23
871 22
872 33
873 38
874 36
875 38
876 41
877 40
878 42
879 38
880 27
881 40
882 29
883 39
884 40
885 23
886 27
887 35
888 36
889 40
890 36
891 34
892 41
893 34
894 26
895 35
896 47
897 28
898 20
899 34
900 47
901 23
902 28
903 40
904 28
905 33
906 46
907 39
908 35
909 49
910 40
911 38
912 36
913 30
914 43
915 28
916 31
917 41
918 50
919 39
920 34
921 34
922 39
923 37
924 37
925 31
926 35
927 38
928 33
929 24
930 29
931 33
932 33
933 29
934 30
935 31
936 21
937 30
938 31
939 40
940 36
941 32
942 23
943 34
944 34
945 43
946 29
947 33
948 26
949 35
950 36
951 31
952 23
953 33
954 35
955 29
956 46
957 32
958 37
959 33
960 39
961 32
962 29
963 19
964 31
965 30
966 37
967 39
968 42
969 29
970 31
971 44
972 29
973 31
974 46
975 28
976 32
977 30
978 38
979 17
980 33
981 36
982 33
983 30
984 35
985 42
986 27
987 22
988 28
989 32
990 38
991 29
992 31
993 32
994 35
995 30
996 37
997 38
998 50
999 43
1000 33
1001 32
1002 32
1003 33
1004 37
1005 40
1006 30
1007 30
1008 34
1009 41
1010 30
1011 37
1012 27
1013 35
1014 31
1015 32
1016 30
1017 31
1018 30
1019 22
1020 29
1021 38
1022 32
1023 30
1024 40
1025 32
1026 39
1027 27
1028 43
1029 29
1030 31
1031 42
1032 25
1033 42
1034 28
1035 32
1036 41
1037 38
1038 37
1039 31
1040 40
1041 27
1042 39
1043 37
1044 33
1045 38
1046 38
1047 46
1048 43
1049 42
1050 34
1051 40
1052 37
1053 30
1054 39
1055 33
1056 39
1057 35
1058 38
1059 34
1060 32
1061 33
1062 31
1063 37
1064 34
1065 34
1066 37
1067 35
1068 30
1069 34
1070 30
1071 42
1072 25
1073 30
1074 31
1075 30
1076 48
1077 46
1078 49
1079 57
1080 47
1081 60
1082 70
1083 78
1084 97
1085 97
1086 109
1087 140
1088 161
1089 199
1090 213
1091 253
1092 256
1093 317
1094 387
1095 411
1096 390
1097 435
1098 480
1099 423
1100 433
1101 438
1102 436
1103 460
1104 370
1105 258
1106 236
1107 193
1108 151
1109 106
1110 84
1111 60
1112 67
1113 43
1114 54
1115 46
1116 47
1117 39
1118 47
1119 42
1120 23
1121 48
1122 37
1123 37
1124 29
1125 41
1126 35
1127 31
1128 32
1129 36
1130 23
1131 36
1132 36
1133 33
1134 37
1135 28
1136 48
1137 32
1138 33
1139 36
1140 23
1141 34
1142 34
1143 44
1144 29
1145 21
1146 36
1147 33
1148 30
1149 43
1150 28
1151 32
1152 29
1153 25
1154 30
1155 36
1156 36
1157 34
1158 27
1159 25
1160 35
1161 37
1162 32
1163 34
1164 30
1165 28
1166 33
1167 32
1168 25
1169 29
1170 32
1171 33
1172 24
1173 16
1174 31
1175 29
1176 28
1177 46
1178 23
1179 34
1180 36
1181 34
1182 36
1183 27
1184 36
1185 26
1186 33
1187 35
1188 15
1189 22
1190 26
1191 31
1192 39
1193 23
1194 24
1195 29
1196 24
1197 39
1198 34
1199 28
1200 30
1201 25
1202 26
1203 28
1204 29
1205 38
1206 31
1207 21
1208 35
1209 24
1210 32
1211 29
1212 23
1213 27
1214 37
1215 33
1216 29
1217 38
1218 27
1219 31
1220 32
1221 33
1222 29
1223 44
1224 48
1225 49
1226 42
1227 39
1228 39
1229 43
1230 40
1231 61
1232 61
1233 74
1234 75
1235 75
1236 64
1237 86
1238 83
1239 92
1240 91
1241 65
1242 62
1243 69
1244 49
1245 41
1246 34
1247 34
1248 52
1249 39
1250 26
1251 26
1252 33
1253 30
1254 32
1255 31
1256 22
1257 32
1258 29
1259 36
1260 21
1261 36
1262 40
1263 27
1264 27
1265 12
1266 26
1267 27
1268 19
1269 23
1270 27
1271 29
1272 22
1273 18
1274 21
1275 18
1276 15
1277 19
1278 21
1279 17
1280 35
1281 26
1282 21
1283 23
1284 34
1285 17
1286 26
1287 27
1288 30
1289 22
1290 16
1291 23
1292 25
1293 22
1294 20
1295 32
1296 19
1297 28
1298 26
1299 24
1300 33
1301 43
1302 33
1303 31
1304 31
1305 30
1306 37
1307 45
1308 49
1309 42
1310 42
1311 37
1312 42
1313 43
1314 30
1315 43
1316 36
1317 31
1318 32
1319 33
1320 27
1321 18
1322 26
1323 24
1324 32
1325 19
1326 21
1327 23
1328 25
1329 22
1330 24
1331 16
1332 19
1333 23
1334 36
1335 23
1336 23
1337 16
1338 29
1339 21
1340 20
1341 20
1342 22
1343 31
1344 24
1345 18
1346 38
1347 18
1348 28
1349 24
1350 23
1351 19
1352 26
1353 23
1354 16
1355 12
1356 29
1357 27
1358 14
1359 29
1360 16
1361 23
1362 27
1363 21
1364 25
1365 21
1366 31
1367 19
1368 22
1369 32
1370 23
1371 27
1372 28
1373 32
1374 45
1375 34
1376 40
1377 53
1378 54
1379 58
1380 42
1381 57
1382 68
1383 71
1384 94
1385 103
1386 173
1387 196
1388 224
1389 183
1390 235
1391 254
1392 251
1393 231
1394 188
1395 210
1396 225
1397 195
1398 218
1399 237
1400 169
1401 129
1402 115
1403 129
1404 87
1405 74
1406 53
1407 48
1408 32
1409 25
1410 23
1411 17
1412 32
1413 24
1414 16
1415 18
1416 32
1417 37
1418 22
1419 23
1420 27
1421 27
1422 22
1423 23
1424 30
1425 22
1426 23
1427 20
1428 16
1429 29
1430 30
1431 25
1432 25
1433 24
1434 20
1435 23
1436 31
1437 15
1438 23
1439 17
1440 12
1441 23
1442 17
1443 22
1444 16
1445 21
1446 26
1447 25
1448 20
1449 22
1450 18
1451 18
1452 25
1453 24
1454 34
1455 18
1456 21
1457 18
1458 27
1459 24
1460 10
1461 21
1462 24
1463 19
1464 22
1465 19
1466 25
1467 20
1468 23
1469 19
1470 20
1471 27
1472 21
1473 18
1474 23
1475 30
1476 20
1477 25
1478 19
1479 23
1480 18
1481 19
1482 13
1483 17
1484 21
1485 17
1486 16
1487 15
1488 22
1489 21
1490 22
1491 23
1492 17
1493 22
1494 16
1495 20
1496 34
1497 27
1498 21
1499 18
1500 20
1501 19
1502 21
1503 19
1504 20
1505 24
1506 28
1507 21
1508 20
1509 20
1510 18
1511 13
1512 24
1513 14
1514 15
1515 26
1516 25
1517 18
1518 27
1519 24
1520 18
1521 23
1522 23
1523 25
1524 17
1525 19
1526 13
1527 17
1528 24
1529 19
1530 17
1531 16
1532 23
1533 27
1534 24
1535 14
1536 26
1537 30
1538 17
1539 24
1540 21
1541 16
1542 15
1543 27
1544 19
1545 32
1546 25
1547 19
1548 26
1549 16
1550 17
1551 20
1552 22
1553 23
1554 19
1555 16
1556 16
1557 16
1558 14
1559 19
1560 10
1561 13
1562 22
1563 26
1564 23
1565 28
1566 16
1567 9
1568 16
1569 21
1570 22
1571 18
1572 32
1573 26
1574 22
1575 15
1576 17
1577 15
1578 17
1579 21
1580 13
1581 23
1582 14
1583 16
1584 15
1585 23
1586 19
1587 18
1588 19
1589 21
1590 13
1591 21
1592 30
1593 15
1594 27
1595 25
1596 22
1597 12
1598 26
1599 14
1600 28
1601 20
1602 17
1603 22
1604 16
1605 11
1606 23
1607 20
1608 16
1609 21
1610 20
1611 20
1612 13
1613 23
1614 20
1615 32
1616 24
1617 16
1618 19
1619 23
1620 23
1621 18
1622 19
1623 22
1624 14
1625 18
1626 17
1627 22
1628 18
1629 23
1630 18
1631 13
1632 22
1633 15
1634 21
1635 17
1636 20
1637 12
1638 19
1639 18
1640 24
1641 13
1642 22
1643 17
1644 16
1645 24
1646 15
1647 17
1648 16
1649 14
1650 19
1651 18
1652 11
1653 15
1654 14
1655 14
1656 17
1657 15
1658 16
1659 20
1660 16
1661 19
1662 19
1663 27
1664 16
1665 21
1666 22
1667 21
1668 12
1669 17
1670 18
1671 20
1672 16
1673 16
1674 18
1675 19
1676 17
1677 21
1678 23
1679 17
1680 22
1681 11
1682 13
1683 26
1684 16
1685 23
1686 22
1687 18
1688 19
1689 17
1690 25
1691 24
1692 22
1693 26
1694 22
1695 20
1696 20
1697 19
1698 18
1699 17
1700 23
1701 20
1702 15
1703 14
1704 13
1705 16
1706 15
1707 22
1708 19
1709 13
1710 15
1711 14
1712 26
1713 17
1714 16
1715 18
1716 12
1717 16
1718 26
1719 16
1720 17
1721 16
1722 16
1723 19
1724 15
1725 22
1726 30
1727 16
1728 13
1729 15
1730 17
1731 14
1732 14
1733 10
1734 18
1735 18
1736 18
1737 9
1738 10
1739 17
1740 23
1741 18
1742 12
1743 15
1744 15
1745 24
1746 26
1747 14
1748 17
1749 11
1750 19
1751 19
1752 20
1753 13
1754 18
1755 27
1756 21
1757 13
1758 13
1759 16
1760 16
1761 25
1762 17
1763 22
1764 15
1765 26
1766 17
1767 20
1768 17
1769 24
1770 16
1771 17
1772 8
1773 13
1774 16
1775 18
1776 17
1777 18
1778 12
1779 20
1780 16
1781 16
1782 28
1783 20
1784 11
1785 14
1786 12
1787 17
1788 23
1789 27
1790 9
1791 23
1792 15
1793 14
1794 25
1795 20
1796 20
1797 17
1798 17
1799 32
1800 23
1801 17
1802 18
1803 19
1804 24
1805 20
1806 19
1807 18
1808 25
1809 21
1810 22
1811 17
1812 23
1813 23
1814 23
1815 13
1816 18
1817 26
1818 19
1819 14
1820 20
1821 22
1822 21
1823 14
1824 18
1825 12
1826 19
1827 12
1828 29
1829 18
1830 18
1831 20
1832 17
1833 19
1834 16
1835 19
1836 15
1837 21
1838 22
1839 23
1840 17
1841 25
1842 14
1843 18
1844 27
1845 18
1846 18
1847 27
1848 28
1849 39
1850 23
1851 22
1852 39
1853 35
1854 52
1855 56
1856 53
1857 59
1858 58
1859 60
1860 77
1861 105
1862 99
1863 106
1864 79
1865 74
1866 99
1867 112
1868 105
1869 101
1870 88
1871 108
1872 88
1873 55
1874 34
1875 37
1876 32
1877 33
1878 39
1879 72
1880 56
1881 35
1882 25
1883 23
1884 19
1885 18
1886 22
1887 23
1888 23
1889 14
1890 14
1891 16
1892 19
1893 22
1894 12
1895 16
1896 22
1897 23
1898 25
1899 16
1900 12
1901 15
1902 17
1903 17
1904 26
1905 16
1906 13
1907 17
1908 15
1909 22
1910 12
1911 14
1912 13
1913 24
1914 17
1915 19
1916 15
1917 11
1918 16
1919 26
1920 15
1921 25
1922 22
1923 17
1924 20
1925 11
1926 17
1927 10
1928 17
1929 20
1930 18
1931 17
1932 24
1933 22
1934 16
1935 13
1936 12
1937 11
1938 19
1939 18
1940 15
1941 15
1942 19
1943 21
1944 26
1945 20
1946 14
1947 14
1948 16
1949 19
1950 17
1951 14
1952 20
1953 15
1954 18
1955 19
1956 24
1957 16
1958 20
1959 9
1960 16
1961 19
1962 22
1963 9
1964 14
1965 16
1966 16
1967 15
1968 17
1969 19
1970 15
1971 13
1972 10
1973 13
1974 15
1975 19
1976 11
1977 16
1978 12
1979 16
1980 21
1981 8
1982 19
1983 21
1984 22
1985 11
1986 18
1987 14
1988 9
1989 14
1990 9
1991 8
1992 11
1993 19
1994 22
1995 18
1996 26
1997 19
1998 16
1999 16
2000 11
2001 24
2002 20
2003 18
2004 21
2005 22
2006 16
2007 13
2008 21
2009 13
2010 15
2011 10
2012 16
2013 13
2014 15
2015 7
2016 19
2017 17
2018 20
2019 13
2020 13
2021 25
2022 17
2023 17
2024 13
2025 17
2026 20
2027 20
2028 14
2029 24
2030 16
2031 14
2032 11
2033 12
2034 23
2035 10
2036 18
2037 12
2038 20
2039 17
2040 21
2041 18
2042 19
2043 13
2044 16
2045 20
2046 19
2047 21
2048 16
2049 15
2050 14
2051 10
2052 17
2053 22
2054 19
2055 13
2056 16
2057 14
2058 25
2059 17
2060 11
2061 16
2062 13
2063 19
2064 15
2065 15
2066 13
2067 12
2068 10
2069 8
2070 12
2071 27
2072 22
2073 18
2074 12
2075 9
2076 16
2077 16
2078 21
2079 18
2080 19
2081 17
2082 18
2083 19
2084 13
2085 20
2086 10
2087 20
2088 14
2089 13
2090 19
2091 19
2092 18
2093 21
2094 27
2095 25
2096 27
2097 25
2098 22
2099 28
2100 37
2101 36
2102 38
2103 49
2104 51
2105 70
2106 51
2107 76
2108 104
2109 110
2110 129
2111 140
2112 154
2113 130
2114 174
2115 214
2116 272
2117 270
2118 283
2119 330
2120 463
2121 406
2122 347
2123 319
2124 398
2125 454
2126 479
2127 403
2128 367
2129 331
2130 277
2131 244
2132 215
2133 212
2134 229
2135 195
2136 218
2137 177
2138 169
2139 129
2140 112
2141 65
2142 62
2143 65
2144 49
2145 34
2146 27
2147 34
2148 39
2149 24
2150 29
2151 21
2152 22
2153 21
2154 27
2155 17
2156 16
2157 22
2158 20
2159 20
2160 12
2161 10
2162 8
2163 21
2164 17
2165 21
2166 8
2167 13
2168 17
2169 13
2170 15
2171 12
2172 15
2173 25
2174 19
2175 17
2176 18
2177 17
2178 15
2179 18
2180 15
2181 19
2182 9
2183 18
2184 19
2185 15
2186 15
2187 9
2188 15
2189 19
2190 12
2191 15
2192 14
2193 15
2194 17
2195 15
2196 13
2197 16
2198 14
2199 18
2200 12
2201 16
2202 12
2203 17
2204 18
2205 18
2206 10
2207 17
2208 14
2209 22
2210 13
2211 16
2212 12
2213 23
2214 12
2215 21
2216 19
2217 13
2218 13
2219 11
2220 14
2221 19
2222 22
2223 14
2224 16
2225 13
2226 20
2227 20
2228 12
2229 13
2230 14
2231 14
2232 14
2233 15
2234 15
2235 14
2236 18
2237 17
2238 21
2239 20
2240 21
2241 18
2242 26
2243 17
2244 17
2245 13
2246 19
2247 19
2248 26
2249 26
2250 12
2251 19
2252 22
2253 12
2254 14
2255 17
2256 16
2257 20
2258 14
2259 13
2260 10
2261 11
2262 17
2263 20
2264 15
2265 21
2266 15
2267 10
2268 12
2269 14
2270 13
2271 15
2272 19
2273 16
2274 16
2275 17
2276 11
2277 18
2278 14
2279 17
2280 18
2281 13
2282 14
2283 14
2284 11
2285 16
2286 16
2287 16
2288 21
2289 18
2290 21
2291 10
2292 14
2293 14
2294 16
2295 19
2296 14
2297 13
2298 13
2299 14
2300 20
2301 12
2302 18
2303 18
2304 19
2305 21
2306 20
2307 20
2308 20
2309 24
2310 24
2311 25
2312 24
2313 31
2314 32
2315 32
2316 32
2317 31
2318 34
2319 48
2320 43
2321 44
2322 52
2323 45
2324 53
2325 74
2326 95
2327 82
2328 77
2329 76
2330 112
2331 76
2332 89
2333 96
2334 91
2335 110
2336 112
2337 119
2338 101
2339 90
2340 59
2341 47
2342 42
2343 45
2344 53
2345 36
2346 29
2347 28
2348 24
2349 24
2350 14
2351 21
2352 30
2353 15
2354 18
2355 14
2356 11
2357 8
2358 16
2359 22
2360 12
2361 16
2362 13
2363 14
2364 13
2365 11
2366 16
2367 10
2368 13
2369 9
2370 13
2371 15
2372 6
2373 15
2374 23
2375 14
2376 13
2377 10
2378 11
2379 11
2380 19
2381 16
2382 14
2383 11
2384 8
2385 15
2386 10
2387 13
2388 9
2389 16
2390 14
2391 11
2392 9
2393 10
2394 10
2395 11
2396 14
2397 14
2398 12
2399 17
2400 10
2401 2
2402 11
2403 15
2404 17
2405 9
2406 12
2407 18
2408 11
2409 11
2410 13
2411 8
2412 11
2413 11
2414 9
2415 18
2416 14
2417 10
2418 12
2419 8
2420 16
2421 13
2422 11
2423 17
2424 8
2425 15
2426 20
2427 13
2428 14
2429 16
2430 14
2431 20
2432 15
2433 13
2434 7
2435 11
2436 7
2437 10
2438 8
2439 16
2440 8
2441 10
2442 15
2443 7
2444 17
2445 7
2446 9
2447 8
2448 11
2449 12
2450 17
2451 11
2452 7
2453 12
2454 13
2455 12
2456 18
2457 12
2458 8
2459 7
2460 12
2461 15
2462 16
2463 16
2464 10
2465 13
2466 15
2467 8
2468 12
2469 9
2470 12
2471 17
2472 10
2473 5
2474 8
2475 11
2476 12
2477 10
2478 12
2479 13
2480 14
2481 17
2482 10
2483 17
2484 12
2485 11
2486 15
2487 10
2488 15
2489 21
2490 11
2491 17
2492 19
2493 11
2494 15
2495 9
2496 12
2497 14
2498 12
2499 14
2500 8
2501 11
2502 8
2503 9
2504 16
2505 14
2506 10
2507 17
2508 13
2509 9
2510 7
2511 18
2512 10
2513 10
2514 10
2515 17
2516 12
2517 9
2518 14
2519 10
2520 8
2521 12
2522 10
2523 13
2524 14
2525 12
2526 8
2527 11
2528 9
2529 12
2530 15
2531 16
2532 10
2533 10
2534 17
2535 10
2536 13
2537 13
2538 16
2539 9
2540 12
2541 11
2542 10
2543 14
2544 8
2545 15
2546 11
2547 7
2548 10
2549 15
2550 11
2551 8
2552 7
2553 13
2554 15
2555 17
2556 17
2557 10
2558 11
2559 16
