0 38
1 26
2 32
3 36
4 31
5 37
6 45
7 31
8 28
9 21
10 19
11 28
12 36
13 28
14 39
15 36
16 37
17 33
18 27
19 39
20 30
21 34
22 31
23 27
24 21
25 22
26 33
27 41
28 36
29 44
30 38
31 41
32 26
33 35
34 29
35 30
36 29
37 34
38 33
39 41
40 33
41 30
42 37
43 26
44 29
45 27
46 44
47 44
48 40
49 43
50 39
51 41
52 32
53 29
54 40
55 41
56 27
57 38
58 26
59 42
60 32
61 40
62 27
63 34
64 36
65 40
66 27
67 46
68 29
69 36
70 29
71 30
72 27
73 33
74 34
75 36
76 41
77 32
78 45
79 41
80 38
81 35
82 30
83 36
84 53
85 40
86 37
87 34
88 26
89 25
90 29
91 34
92 44
93 34
94 42
95 25
96 32
97 44
98 29
99 28
100 37
101 34
102 32
103 41
104 34
105 33
106 32
107 28
108 27
109 42
110 26
111 28
112 38
113 42
114 39
115 38
116 31
117 29
118 41
119 28
120 32
121 33
122 32
123 28
124 31
125 51
126 34
127 33
128 41
129 33
130 29
131 36
132 46
133 48
134 35
135 34
136 31
137 31
138 21
139 49
140 52
141 27
142 38
143 24
144 41
145 38
146 42
147 44
148 36
149 24
150 38
151 34
152 34
153 38
154 34
155 44
156 42
157 27
158 30
159 31
160 39
161 45
162 42
163 43
164 41
165 40
166 31
167 38
168 47
169 39
170 37
171 41
172 31
173 29
174 36
175 36
176 38
177 41
178 30
179 40
180 36
181 39
182 43
183 35
184 47
185 34
186 42
187 38
188 39
189 31
190 29
191 18
192 34
193 42
194 35
195 34
196 32
197 36
198 40
199 37
200 41
201 43
202 42
203 39
204 32
205 38
206 31
207 43
208 40
209 32
210 38
211 39
212 45
213 35
214 39
215 39
216 30
217 46
218 37
219 47
220 32
221 41
222 27
223 24
224 33
225 44
226 36
227 42
228 30
229 42
230 41
231 31
232 40
233 31
234 31
235 29
236 37
237 30
238 35
239 31
240 28
241 40
242 31
243 37
244 22
245 28
246 34
247 35
248 27
249 40
250 45
251 44
252 48
253 30
254 50
255 39
256 41
257 37
258 33
259 50
260 44
261 35
262 38
263 35
264 30
265 46
266 35
267 34
268 37
269 41
270 40
271 40
272 49
273 45
274 42
275 36
276 42
277 46
278 41
279 30
280 47
281 56
282 33
283 35
284 40
285 33
286 32
287 41
288 41
289 41
290 55
291 35
292 32
293 32
294 35
295 38
296 41
297 43
298 39
299 29
300 41
301 44
302 41
303 48
304 41
305 46
306 41
307 31
308 32
309 35
310 34
311 42
312 25
313 38
314 43
315 43
316 30
317 45
318 34
319 35
320 39
321 50
322 50
323 39
324 40
325 48
326 34
327 44
328 34
329 37
330 28
331 45
332 37
333 39
334 38
335 37
336 33
337 35
338 32
339 46
340 36
341 46
342 38
343 35
344 39
345 44
346 44
347 43
348 53
349 35
350 32
351 31
352 32
353 24
354 44
355 35
356 57
357 39
358 37
359 40
360 52
361 45
362 44
363 37
364 34
365 38
366 56
367 42
368 39
369 46
370 50
371 53
372 39
373 33
374 31
375 42
376 43
377 33
378 42
379 52
380 35
381 40
382 45
383 35
384 42
385 42
386 36
387 36
388 38
389 34
390 37
391 39
392 29
393 37
394 38
395 38
396 35
397 44
398 40
399 30
400 42
401 42
402 35
403 32
404 36
405 61
406 34
407 45
408 36
409 43
410 36
411 54
412 47
413 46
414 28
415 15
416 30
417 43
418 39
419 50
420 50
421 37
422 38
423 33
424 45
425 43
426 44
427 44
428 35
429 27
430 43
431 34
432 34
433 44
434 34
435 45
436 39
437 38
438 41
439 45
440 40
441 42
442 30
443 45
444 52
445 47
446 49
447 41
448 41
449 47
450 51
451 56
452 47
453 44
454 32
455 51
456 43
457 41
458 32
459 40
460 34
461 33
462 37
463 38
464 38
465 41
466 39
467 37
468 27
469 42
470 39
471 57
472 26
473 40
474 35
475 50
476 49
477 48
478 35
479 38
480 41
481 50
482 47
483 37
484 29
485 46
486 46
487 38
488 48
489 42
490 55
491 47
492 46
493 66
494 57
495 43
496 59
497 49
498 45
499 53
500 51
501 68
502 52
503 58
504 63
505 75
506 76
507 85
508 81
509 64
510 66
511 88
512 74
513 89
514 66
515 66
516 71
517 123
518 135
519 124
520 155
521 113
522 84
523 72
524 64
525 60
526 50
527 32
528 36
529 62
530 42
531 36
532 52
533 39
534 45
535 40
536 48
537 46
538 39
539 51
540 48
541 46
542 43
543 43
544 32
545 41
546 47
547 33
548 34
549 36
550 37
551 37
552 41
553 38
554 32
555 51
556 43
557 36
558 52
559 33
560 55
561 40
562 44
563 41
564 32
565 49
566 34
567 48
568 51
569 44
570 38
571 41
572 36
573 39
574 43
575 41
576 48
577 43
578 47
579 34
580 52
581 42
582 39
583 39
584 32
585 42
586 39
587 39
588 38
589 39
590 33
591 49
592 42
593 45
594 35
595 33
596 47
597 54
598 33
599 51
600 46
601 49
602 46
603 42
604 47
605 53
606 34
607 51
608 42
609 39
610 41
611 39
612 36
613 40
614 26
615 28
616 51
617 29
618 38
619 45
620 44
621 40
622 42
623 37
624 43
625 32
626 52
627 49
628 46
629 43
630 33
631 30
632 48
633 44
634 42
635 46
636 40
637 26
638 33
639 31
640 47
641 36
642 37
643 50
644 28
645 53
646 48
647 42
648 47
649 41
650 40
651 44
652 42
653 39
654 41
655 37
656 43
657 41
658 43
659 50
660 35
661 35
662 44
663 47
664 44
665 37
666 52
667 35
668 45
669 38
670 37
671 43
672 34
673 48
674 37
675 39
676 36
677 40
678 45
679 29
680 45
681 48
682 40
683 40
684 53
685 52
686 48
687 44
688 43
689 33
690 53
691 46
692 46
693 53
694 41
695 40
696 37
697 46
698 52
699 35
700 41
701 46
702 40
703 42
704 43
705 39
706 48
707 38
708 41
709 36
710 43
711 55
712 40
713 44
714 45
715 32
716 42
717 53
718 50
719 36
720 26
721 32
722 36
723 40
724 36
725 41
726 36
727 45
728 39
729 40
730 40
731 44
732 45
733 39
734 35
735 48
736 39
737 36
738 37
739 32
740 34
741 24
742 37
743 34
744 38
745 38
746 53
747 32
748 31
749 50
750 37
751 52
752 27
753 49
754 49
755 33
756 47
757 42
758 35
759 40
760 36
761 35
762 31
763 44
764 40
765 35
766 33
767 37
768 41
769 33
770 41
771 49
772 33
773 34
774 49
775 31
776 37
777 39
778 35
779 50
780 37
781 44
782 38
783 44
784 39
785 42
786 43
787 36
788 32
789 40
790 41
791 52
792 46
793 21
794 40
795 42
796 40
797 39
798 48
799 38
800 36
801 35
802 29
803 41
804 40
805 43
806 33
807 40
808 37
809 39
810 28
811 29
812 33
813 46
814 41
815 36
816 39
817 41
818 37
819 37
820 43
821 34
822 38
823 43
824 34
825 36
826 42
827 49
828 41
829 32
830 46
831 40
832 41
833 48
834 40
835 39
836 38
837 27
838 41
839 35
840 48
841 40
842 33
843 33
844 43
845 35
846 33
847 37
848 45
849 45
850 38
851 39
852 43
853 40
854 47
855 44
856 36
857 36
858 42
859 45
860 30
861 28
862 32
863 35
864 33
865 32
866 31
867 33
868 28
869 37
870 29
871 39
872 30
873 35
874 36
875 39
876 45
877 37
878 36
879 32
880 47
881 40
882 34
883 33
884 33
885 33
886 37
887 34
888 30
889 35
890 38
891 38
892 38
893 41
894 23
895 39
896 39
897 26
898 43
899 25
900 33
901 30
902 41
903 36
904 46
905 45
906 44
907 26
908 37
909 43
910 30
911 40
912 28
913 30
914 38
915 29
916 36
917 37
918 32
919 41
920 37
921 42
922 33
923 25
924 47
925 41
926 34
927 36
928 37
929 43
930 38
931 43
932 36
933 32
934 39
935 35
936 27
937 29
938 27
939 21
940 41
941 38
942 31
943 38
944 39
945 40
946 41
947 36
948 36
949 26
950 37
951 37
952 42
953 31
954 34
955 42
956 30
957 27
958 35
959 29
960 40
961 41
962 46
963 51
964 38
965 36
966 37
967 40
968 54
969 43
970 32
971 35
972 30
973 38
974 28
975 32
976 36
977 45
978 50
979 56
980 49
981 38
982 39
983 40
984 44
985 31
986 39
987 25
988 43
989 47
990 38
991 43
992 41
993 32
994 37
995 38
996 35
997 40
998 40
999 36
1000 33
1001 46
1002 63
1003 44
1004 43
1005 66
1006 65
1007 78
1008 73
1009 70
1010 113
1011 137
1012 107
1013 106
1014 139
1015 153
1016 139
1017 190
1018 255
1019 298
1020 304
1021 272
1022 263
1023 274
1024 324
1025 381
1026 414
1027 436
1028 476
1029 531
1030 535
1031 487
1032 510
1033 485
1034 444
1035 293
1036 220
1037 161
1038 128
1039 79
1040 55
1041 56
1042 53
1043 37
1044 43
1045 48
1046 34
1047 31
1048 43
1049 44
1050 42
1051 42
1052 34
1053 38
1054 44
1055 44
1056 34
1057 33
1058 33
1059 28
1060 36
1061 33
1062 30
1063 33
1064 33
1065 38
1066 38
1067 33
1068 29
1069 26
1070 23
1071 32
1072 38
1073 44
1074 35
1075 37
1076 27
1077 32
1078 29
1079 42
1080 24
1081 37
1082 42
1083 35
1084 36
1085 35
1086 27
1087 32
1088 40
1089 32
1090 41
1091 29
1092 33
1093 41
1094 28
1095 37
1096 35
1097 20
1098 38
1099 27
1100 32
1101 28
1102 40
1103 32
1104 34
1105 21
1106 35
1107 34
1108 42
1109 33
1110 37
1111 29
1112 37
1113 39
1114 32
1115 28
1116 38
1117 34
1118 35
1119 24
1120 40
1121 31
1122 37
1123 49
1124 30
1125 36
1126 36
1127 34
1128 23
1129 26
1130 33
1131 41
1132 28
1133 18
1134 34
1135 38
1136 38
1137 27
1138 38
1139 36
1140 25
1141 34
1142 30
1143 27
1144 35
1145 28
1146 35
1147 35
1148 50
1149 63
1150 59
1151 59
1152 49
1153 62
1154 54
1155 68
1156 73
1157 52
1158 65
1159 66
1160 80
1161 104
1162 89
1163 105
1164 72
1165 54
1166 52
1167 52
1168 39
1169 45
1170 42
1171 41
1172 47
1173 34
1174 38
1175 28
1176 41
1177 30
1178 32
1179 38
1180 29
1181 35
1182 23
1183 25
1184 33
1185 45
1186 22
1187 29
1188 34
1189 33
1190 30
1191 32
1192 39
1193 37
1194 29
1195 33
1196 41
1197 30
1198 33
1199 31
1200 24
1201 36
1202 28
1203 35
1204 32
1205 30
1206 36
1207 33
1208 25
1209 43
1210 31
1211 31
1212 31
1213 36
1214 36
1215 34
1216 33
1217 34
1218 27
1219 32
1220 38
1221 34
1222 29
1223 23
1224 41
1225 27
1226 33
1227 31
1228 33
1229 31
1230 31
1231 31
1232 31
1233 31
1234 35
1235 39
1236 30
1237 24
1238 26
1239 35
1240 33
1241 36
1242 25
1243 42
1244 23
1245 41
1246 38
1247 30
1248 33
1249 31
1250 32
1251 30
1252 43
1253 30
1254 38
1255 34
1256 34
1257 33
1258 26
1259 28
1260 40
1261 31
1262 38
1263 27
1264 29
1265 34
1266 17
1267 22
1268 28
1269 24
1270 25
1271 29
1272 26
1273 30
1274 17
1275 19
1276 18
1277 16
1278 17
1279 27
1280 25
1281 26
1282 24
1283 27
1284 36
1285 35
1286 26
1287 47
1288 37
1289 30
1290 59
1291 39
1292 44
1293 57
1294 63
1295 80
1296 74
1297 89
1298 92
1299 102
1300 90
1301 141
1302 160
1303 150
1304 162
1305 215
1306 253
1307 223
1308 197
1309 201
1310 222
1311 196
1312 166
1313 173
1314 218
1315 248
1316 205
1317 129
1318 96
1319 84
1320 100
1321 107
1322 64
1323 60
1324 34
1325 35
1326 30
1327 26
1328 20
1329 37
1330 26
1331 18
1332 26
1333 22
1334 34
1335 26
1336 24
1337 24
1338 25
1339 22
1340 25
1341 32
1342 24
1343 22
1344 25
1345 32
1346 21
1347 12
1348 26
1349 20
1350 24
1351 22
1352 19
1353 28
1354 31
1355 27
1356 24
1357 24
1358 33
1359 19
1360 31
1361 20
1362 21
1363 30
1364 30
1365 19
1366 21
1367 29
1368 32
1369 34
1370 30
1371 29
1372 20
1373 28
1374 25
1375 22
1376 31
1377 21
1378 18
1379 32
1380 33
1381 19
1382 21
1383 25
1384 28
1385 22
1386 29
1387 25
1388 26
1389 17
1390 30
1391 26
1392 24
1393 25
1394 21
1395 29
1396 33
1397 19
1398 19
1399 21
1400 21
1401 27
1402 22
1403 22
1404 24
1405 18
1406 19
1407 21
1408 24
1409 21
1410 23
1411 26
1412 22
1413 25
1414 27
1415 17
1416 24
1417 17
1418 22
1419 30
1420 21
1421 18
1422 20
1423 21
1424 23
1425 24
1426 22
1427 23
1428 28
1429 24
1430 24
1431 11
1432 30
1433 19
1434 26
1435 22
1436 14
1437 24
1438 25
1439 33
1440 22
1441 19
1442 28
1443 23
1444 21
1445 20
1446 23
1447 28
1448 20
1449 13
1450 25
1451 21
1452 18
1453 15
1454 30
1455 23
1456 34
1457 26
1458 25
1459 24
1460 24
1461 18
1462 25
1463 26
1464 14
1465 23
1466 21
1467 18
1468 18
1469 23
1470 31
1471 23
1472 27
1473 24
1474 24
1475 14
1476 19
1477 24
1478 25
1479 23
1480 26
1481 27
1482 21
1483 26
1484 18
1485 19
1486 20
1487 21
1488 27
1489 12
1490 26
1491 19
1492 37
1493 25
1494 27
1495 24
1496 17
1497 15
1498 21
1499 18
1500 24
1501 25
1502 17
1503 22
1504 14
1505 28
1506 25
1507 20
1508 20
1509 24
1510 20
1511 18
1512 20
1513 11
1514 19
1515 21
1516 22
1517 21
1518 21
1519 22
1520 15
1521 18
1522 23
1523 23
1524 20
1525 18
1526 17
1527 21
1528 23
1529 27
1530 22
1531 24
1532 23
1533 18
1534 18
1535 16
1536 24
1537 18
1538 24
1539 17
1540 16
1541 23
1542 21
1543 24
1544 21
1545 22
1546 24
1547 22
1548 20
1549 20
1550 19
1551 24
1552 23
1553 18
1554 17
1555 34
1556 27
1557 26
1558 20
1559 19
1560 18
1561 19
1562 20
1563 18
1564 22
1565 32
1566 21
1567 14
1568 19
1569 22
1570 20
1571 28
1572 29
1573 23
1574 22
1575 14
1576 24
1577 23
1578 17
1579 22
1580 13
1581 17
1582 20
1583 22
1584 29
1585 29
1586 21
1587 23
1588 23
1589 16
1590 21
1591 24
1592 30
1593 24
1594 23
1595 24
1596 19
1597 16
1598 13
1599 18
1600 20
1601 13
1602 14
1603 25
1604 19
1605 16
1606 27
1607 22
1608 17
1609 20
1610 17
1611 24
1612 20
1613 34
1614 26
1615 23
1616 19
1617 12
1618 17
1619 23
1620 21
1621 24
1622 21
1623 19
1624 27
1625 17
1626 27
1627 11
1628 30
1629 22
1630 20
1631 21
1632 22
1633 26
1634 24
1635 19
1636 20
1637 17
1638 13
1639 18
1640 19
1641 13
1642 23
1643 22
1644 26
1645 16
1646 20
1647 24
1648 18
1649 19
1650 23
1651 17
1652 20
1653 22
1654 25
1655 24
1656 21
1657 16
1658 15
1659 21
1660 13
1661 16
1662 22
1663 20
1664 23
1665 29
1666 15
1667 19
1668 27
1669 20
1670 18
1671 20
1672 15
1673 22
1674 17
1675 14
1676 13
1677 14
1678 13
1679 26
1680 27
1681 13
1682 20
1683 17
1684 21
1685 27
1686 21
1687 14
1688 15
1689 25
1690 19
1691 19
1692 20
1693 22
1694 28
1695 18
1696 20
1697 12
1698 24
1699 25
1700 21
1701 20
1702 23
1703 19
1704 24
1705 18
1706 18
1707 21
1708 27
1709 23
1710 27
1711 24
1712 30
1713 29
1714 29
1715 22
1716 25
1717 22
1718 23
1719 25
1720 19
1721 17
1722 20
1723 12
1724 17
1725 19
1726 26
1727 30
1728 17
1729 18
1730 24
1731 18
1732 29
1733 21
1734 14
1735 19
1736 16
1737 19
1738 28
1739 24
1740 25
1741 34
1742 30
1743 27
1744 33
1745 54
1746 51
1747 32
1748 20
1749 27
1750 28
1751 30
1752 29
1753 48
1754 70
1755 57
1756 57
1757 66
1758 84
1759 84
1760 86
1761 72
1762 93
1763 132
1764 118
1765 111
1766 81
1767 81
1768 89
1769 95
1770 125
1771 79
1772 77
1773 82
1774 80
1775 61
1776 43
1777 53
1778 50
1779 41
1780 47
1781 33
1782 26
1783 26
1784 26
1785 25
1786 20
1787 19
1788 19
1789 15
1790 21
1791 15
1792 23
1793 18
1794 19
1795 17
1796 14
1797 15
1798 27
1799 23
1800 25
1801 12
1802 13
1803 18
1804 24
1805 23
1806 24
1807 28
1808 19
1809 21
1810 20
1811 22
1812 17
1813 18
1814 16
1815 24
1816 23
1817 21
1818 17
1819 18
1820 18
1821 23
1822 16
1823 19
1824 19
1825 16
1826 30
1827 11
1828 25
1829 7
1830 16
1831 16
1832 13
1833 15
1834 15
1835 19
1836 13
1837 18
1838 12
1839 18
1840 17
1841 15
1842 15
1843 22
1844 12
1845 16
1846 20
1847 21
1848 22
1849 28
1850 11
1851 14
1852 19
1853 14
1854 22
1855 15
1856 28
1857 16
1858 16
1859 21
1860 15
1861 14
1862 13
1863 11
1864 21
1865 11
1866 20
1867 12
1868 13
1869 12
1870 15
1871 18
1872 22
1873 13
1874 21
1875 11
1876 16
1877 16
1878 16
1879 22
1880 17
1881 22
1882 25
1883 22
1884 18
1885 12
1886 31
1887 19
1888 13
1889 19
1890 12
1891 21
1892 21
1893 21
1894 17
1895 18
1896 15
1897 22
1898 14
1899 20
1900 9
1901 26
1902 19
1903 20
1904 18
1905 17
1906 17
1907 23
1908 23
1909 24
1910 28
1911 15
1912 19
1913 28
1914 21
1915 23
1916 25
1917 20
1918 23
1919 16
1920 17
1921 17
1922 13
1923 23
1924 30
1925 29
1926 24
1927 18
1928 21
1929 20
1930 20
1931 24
1932 22
1933 24
1934 19
1935 19
1936 12
1937 17
1938 18
1939 26
1940 16
1941 16
1942 16
1943 24
1944 25
1945 14
1946 24
1947 12
1948 21
1949 19
1950 21
1951 15
1952 22
1953 22
1954 23
1955 18
1956 16
1957 17
1958 21
1959 14
1960 18
1961 20
1962 23
1963 16
1964 24
1965 18
1966 17
1967 16
1968 15
1969 17
1970 10
1971 18
1972 16
1973 23
1974 24
1975 12
1976 23
1977 20
1978 18
1979 19
1980 19
1981 21
1982 23
1983 29
1984 29
1985 26
1986 17
1987 32
1988 30
1989 34
1990 35
1991 33
1992 36
1993 39
1994 36
1995 54
1996 41
1997 56
1998 63
1999 79
2000 95
2001 117
2002 168
2003 108
2004 113
2005 112
2006 137
2007 147
2008 178
2009 192
2010 275
2011 330
2012 389
2013 337
2014 410
2015 441
2016 474
2017 415
2018 363
2019 373
2020 424
2021 359
2022 350
2023 322
2024 329
2025 319
2026 318
2027 295
2028 223
2029 170
2030 130
2031 90
2032 96
2033 79
2034 49
2035 56
2036 58
2037 33
2038 36
2039 30
2040 38
2041 32
2042 27
2043 25
2044 23
2045 20
2046 26
2047 22
2048 23
2049 19
2050 19
2051 10
2052 10
2053 24
2054 19
2055 15
2056 20
2057 17
2058 24
2059 19
2060 20
2061 20
2062 16
2063 18
2064 21
2065 22
2066 18
2067 15
2068 20
2069 21
2070 23
2071 19
2072 22
2073 12
2074 19
2075 10
2076 11
2077 17
2078 22
2079 12
2080 13
2081 18
2082 6
2083 11
2084 11
2085 12
2086 19
2087 18
2088 14
2089 14
2090 13
2091 18
2092 20
2093 15
2094 17
2095 23
2096 12
2097 14
2098 11
2099 15
2100 17
2101 18
2102 18
2103 14
2104 16
2105 18
2106 17
2107 17
2108 18
2109 17
2110 20
2111 15
2112 8
2113 15
2114 10
2115 16
2116 17
2117 17
2118 11
2119 16
2120 15
2121 14
2122 21
2123 15
2124 16
2125 15
2126 11
2127 20
2128 15
2129 9
2130 17
2131 21
2132 11
2133 16
2134 12
2135 21
2136 16
2137 16
2138 21
2139 12
2140 21
2141 16
2142 9
2143 15
2144 18
2145 12
2146 20
2147 17
2148 20
2149 16
2150 21
2151 14
2152 13
2153 13
2154 25
2155 18
2156 25
2157 15
2158 22
2159 14
2160 24
2161 14
2162 14
2163 18
2164 14
2165 18
2166 15
2167 17
2168 11
2169 16
2170 18
2171 16
2172 14
2173 14
2174 14
2175 14
2176 14
2177 20
2178 18
2179 17
2180 22
2181 24
2182 16
2183 20
2184 18
2185 15
2186 15
2187 29
2188 21
2189 20
2190 23
2191 20
2192 28
2193 25
2194 26
2195 20
2196 32
2197 28
2198 23
2199 36
2200 25
2201 29
2202 33
2203 35
2204 39
2205 41
2206 53
2207 45
2208 54
2209 65
2210 83
2211 82
2212 103
2213 84
2214 87
2215 89
2216 86
2217 89
2218 122
2219 132
2220 117
2221 99
2222 105
2223 108
2224 84
2225 77
2226 62
2227 58
2228 62
2229 66
2230 54
2231 50
2232 32
2233 32
2234 28
2235 34
2236 36
2237 21
2238 25
2239 27
2240 24
2241 13
2242 12
2243 12
2244 18
2245 12
2246 13
2247 13
2248 15
2249 17
2250 12
2251 20
2252 11
2253 12
2254 19
2255 18
2256 14
2257 11
2258 16
2259 13
2260 15
2261 11
2262 22
2263 9
2264 11
2265 20
2266 11
2267 12
2268 10
2269 10
2270 12
2271 19
2272 13
2273 10
2274 12
2275 15
2276 14
2277 15
2278 15
2279 12
2280 8
2281 15
2282 16
2283 15
2284 12
2285 13
2286 16
2287 17
2288 19
2289 12
2290 10
2291 9
2292 15
2293 16
2294 13
2295 13
2296 17
2297 17
2298 14
2299 11
2300 12
2301 13
2302 9
2303 16
2304 21
2305 11
2306 11
2307 16
2308 11
2309 14
2310 17
2311 14
2312 11
2313 17
2314 7
2315 10
2316 15
2317 17
2318 15
2319 15
2320 18
2321 11
2322 13
2323 15
2324 15
2325 14
2326 14
2327 9
2328 12
2329 12
2330 16
2331 12
2332 13
2333 7
2334 13
2335 11
2336 17
2337 15
2338 14
2339 10
2340 13
2341 12
2342 14
2343 15
2344 14
2345 14
2346 20
2347 9
2348 12
2349 13
2350 9
2351 11
2352 10
2353 11
2354 12
2355 14
2356 9
2357 19
2358 18
2359 12
2360 19
2361 11
2362 10
2363 16
2364 9
2365 19
2366 10
2367 8
2368 16
2369 10
2370 10
2371 12
2372 10
2373 13
2374 11
2375 14
2376 16
2377 8
2378 12
2379 10
2380 15
2381 17
2382 16
2383 24
2384 14
2385 13
2386 11
2387 12
2388 11
2389 14
2390 19
2391 13
2392 8
2393 16
2394 15
2395 8
2396 14
2397 10
2398 17
2399 10
2400 12
2401 12
2402 13
2403 17
2404 8
2405 8
2406 23
2407 16
2408 6
2409 20
2410 16
2411 10
2412 13
2413 15
2414 10
2415 12
2416 11
2417 16
2418 12
2419 10
2420 16
2421 9
2422 17
2423 10
2424 15
2425 15
2426 11
2427 11
2428 9
2429 18
2430 16
2431 11
2432 16
2433 14
2434 11
2435 14
2436 10
2437 11
2438 15
2439 11
2440 16
2441 17
2442 11
2443 11
2444 16
2445 19
2446 11
2447 8
2448 11
2449 13
2450 13
2451 12
2452 15
2453 11
2454 10
2455 18
2456 11
2457 20
2458 11
2459 16
2460 13
2461 16
2462 12
2463 15
2464 14
2465 17
2466 12
2467 9
2468 13
2469 16
2470 17
2471 13
2472 15
2473 17
2474 14
2475 15
2476 15
2477 13
2478 20
2479 22
2480 16
2481 17
2482 19
2483 26
2484 11
2485 18
2486 17
2487 29
2488 26
2489 23
2490 33
2491 22
2492 38
2493 38
2494 48
2495 50
2496 58
2497 51
2498 59
2499 56
2500 50
2501 35
2502 67
2503 66
2504 69
2505 74
2506 63
2507 56
2508 66
2509 89
2510 73
2511 56
2512 58
2513 61
2514 77
2515 60
2516 45
2517 59
2518 55
2519 37
2520 32
2521 36
2522 33
2523 21
2524 29
2525 12
2526 17
2527 14
2528 20
2529 11
2530 11
2531 16
2532 17
2533 17
2534 17
2535 18
2536 22
2537 13
2538 17
2539 13
2540 13
2541 15
2542 16
2543 17
2544 9
2545 16
2546 18
2547 11
2548 16
2549 15
2550 11
2551 13
2552 6
2553 13
2554 14
2555 12
2556 10
2557 17
2558 14
2559 16
