0 36
1 20
2 27
3 22
4 30
5 23
6 30
7 20
8 23
9 21
10 23
11 22
12 23
13 28
14 16
15 24
16 24
17 22
18 31
19 32
20 27
21 26
22 22
23 27
24 32
25 24
26 20
27 27
28 18
29 38
30 21
31 29
32 26
33 29
34 28
35 20
36 33
37 28
38 43
39 26
40 22
41 37
42 23
43 28
44 30
45 25
46 26
47 22
48 26
49 28
50 27
51 22
52 30
53 23
54 20
55 32
56 22
57 26
58 30
59 17
60 31
61 28
62 22
63 25
64 26
65 20
66 15
67 34
68 29
69 27
70 28
71 27
72 22
73 22
74 24
75 27
76 26
77 29
78 36
79 34
80 27
81 17
82 24
83 36
84 35
85 30
86 21
87 15
88 22
89 23
90 38
91 35
92 26
93 20
94 25
95 23
96 38
97 20
98 26
99 28
100 22
101 21
102 21
103 34
104 28
105 22
106 20
107 32
108 25
109 33
110 27
111 21
112 32
113 39
114 30
115 31
116 31
117 33
118 35
119 25
120 26
121 26
122 26
123 25
124 27
125 35
126 27
127 15
128 27
129 27
130 29
131 32
132 43
133 36
134 27
135 34
136 42
137 30
138 35
139 28
140 26
141 27
142 29
143 27
144 22
145 22
146 27
147 19
148 26
149 26
150 24
151 24
152 22
153 32
154 19
155 32
156 34
157 30
158 32
159 28
160 23
161 31
162 24
163 34
164 25
165 20
166 27
167 22
168 23
169 23
170 26
171 28
172 23
173 21
174 23
175 42
176 29
177 23
178 28
179 18
180 31
181 33
182 26
183 23
184 27
185 24
186 26
187 36
188 34
189 37
190 34
191 24
192 28
193 35
194 25
195 30
196 21
197 25
198 26
199 22
200 22
201 23
202 23
203 31
204 15
205 34
206 37
207 35
208 30
209 37
210 25
211 33
212 43
213 31
214 32
215 34
216 30
217 38
218 27
219 36
220 28
221 26
222 33
223 26
224 23
225 33
226 30
227 26
228 24
229 38
230 34
231 28
232 23
233 20
234 27
235 16
236 34
237 23
238 35
239 22
240 23
241 19
242 17
243 17
244 37
245 28
246 23
247 31
248 30
249 31
250 31
251 40
252 39
253 32
254 29
255 42
256 32
257 31
258 31
259 27
260 37
261 31
262 21
263 31
264 32
265 40
266 29
267 23
268 24
269 35
270 23
271 32
272 23
273 21
274 22
275 28
276 25
277 29
278 35
279 34
280 33
281 27
282 28
283 30
284 28
285 28
286 34
287 46
288 22
289 26
290 32
291 24
292 26
293 24
294 30
295 37
296 27
297 32
298 30
299 36
300 27
301 31
302 32
303 32
304 34
305 33
306 30
307 29
308 29
309 33
310 21
311 30
312 34
313 36
314 27
315 29
316 33
317 34
318 27
319 43
320 28
321 33
322 26
323 32
324 33
325 36
326 32
327 33
328 26
329 35
330 24
331 36
332 30
333 33
334 29
335 21
336 25
337 29
338 25
339 28
340 29
341 40
342 40
343 27
344 29
345 31
346 28
347 28
348 27
349 30
350 29
351 37
352 32
353 37
354 33
355 33
356 38
357 25
358 25
359 29
360 34
361 31
362 27
363 30
364 31
365 37
366 34
367 21
368 32
369 30
370 22
371 29
372 38
373 27
374 28
375 28
376 36
377 32
378 34
379 35
380 37
381 26
382 35
383 32
384 30
385 31
386 39
387 39
388 48
389 41
390 47
391 43
392 40
393 31
394 30
395 41
396 39
397 32
398 31
399 36
400 26
401 33
402 29
403 29
404 32
405 36
406 40
407 40
408 31
409 38
410 34
411 34
412 30
413 29
414 31
415 29
416 40
417 36
418 29
419 44
420 41
421 36
422 37
423 33
424 28
425 31
426 29
427 33
428 37
429 30
430 29
431 39
432 32
433 33
434 23
435 32
436 28
437 29
438 38
439 25
440 22
441 34
442 35
443 34
444 31
445 43
446 31
447 31
448 37
449 21
450 24
451 27
452 41
453 26
454 20
455 43
456 32
457 39
458 30
459 34
460 35
461 38
462 36
463 38
464 44
465 35
466 33
467 36
468 29
469 27
470 31
471 26
472 26
473 39
474 22
475 34
476 44
477 27
478 36
479 36
480 34
481 31
482 30
483 45
484 40
485 42
486 36
487 31
488 24
489 32
490 27
491 45
492 35
493 30
494 32
495 38
496 35
497 29
498 33
499 31
500 25
501 30
502 31
503 44
504 39
505 28
506 36
507 40
508 41
509 44
510 37
511 34
512 45
513 30
514 30
515 34
516 32
517 30
518 28
519 24
520 32
521 36
522 31
523 31
524 41
525 28
526 21
527 36
528 32
529 42
530 49
531 32
532 36
533 20
534 27
535 27
536 34
537 31
538 32
539 40
540 33
541 34
542 42
543 31
544 28
545 38
546 28
547 34
548 30
549 29
550 28
551 39
552 39
553 39
554 33
555 31
556 41
557 34
558 31
559 24
560 26
561 35
562 43
563 32
564 29
565 38
566 38
567 35
568 40
569 38
570 23
571 29
572 35
573 46
574 33
575 25
576 36
577 33
578 25
579 32
580 29
581 35
582 37
583 21
584 31
585 33
586 38
587 28
588 32
589 35
590 34
591 42
592 36
593 31
594 42
595 33
596 36
597 41
598 33
599 39
600 35
601 40
602 20
603 32
604 37
605 44
606 38
607 44
608 30
609 27
610 38
611 33
612 32
613 35
614 31
615 32
616 44
617 41
618 53
619 52
620 75
621 56
622 66
623 84
624 72
625 70
626 82
627 114
628 91
629 86
630 118
631 124
632 132
633 138
634 120
635 111
636 120
637 119
638 92
639 101
640 100
641 77
642 101
643 64
644 90
645 73
646 70
647 66
648 65
649 45
650 46
651 28
652 38
653 39
654 33
655 26
656 35
657 29
658 31
659 31
660 33
661 28
662 30
663 29
664 27
665 46
666 28
667 50
668 32
669 26
670 42
671 45
672 39
673 39
674 42
675 38
676 41
677 40
678 35
679 32
680 32
681 28
682 38
683 30
684 33
685 20
686 26
687 33
688 30
689 43
690 33
691 27
692 32
693 25
694 33
695 32
696 29
697 32
698 28
699 32
700 40
701 47
702 41
703 36
704 35
705 36
706 32
707 38
708 47
709 29
710 29
711 29
712 29
713 39
714 35
715 35
716 49
717 40
718 33
719 32
720 30
721 43
722 38
723 35
724 23
725 45
726 32
727 29
728 24
729 29
730 18
731 27
732 33
733 33
734 27
735 33
736 36
737 33
738 30
739 27
740 33
741 35
742 34
743 35
744 33
745 42
746 33
747 39
748 30
749 30
750 24
751 33
752 23
753 35
754 45
755 34
756 19
757 41
758 37
759 32
760 35
761 42
762 33
763 45
764 38
765 36
766 33
767 34
768 34
769 42
770 47
771 50
772 34
773 27
774 33
775 31
776 38
777 38
778 42
779 37
780 41
781 41
782 35
783 31
784 36
785 33
786 36
787 24
788 33
789 23
790 26
791 24
792 29
793 37
794 32
795 29
796 27
797 32
798 35
799 21
800 36
801 34
802 22
803 24
804 33
805 32
806 31
807 36
808 32
809 40
810 45
811 49
812 23
813 35
814 37
815 19
816 32
817 33
818 43
819 35
820 32
821 29
822 31
823 31
824 37
825 29
826 32
827 41
828 29
829 37
830 37
831 44
832 33
833 42
834 31
835 37
836 31
837 32
838 30
839 46
840 38
841 41
842 36
843 35
844 33
845 29
846 26
847 31
848 30
849 25
850 26
851 27
852 32
853 33
854 31
855 44
856 32
857 40
858 28
859 39
860 25
861 34
862 39
863 52
864 35
865 41
866 31
867 28
868 32
869 26
870 41
871 32
872 32
873 23
874 32
875 31
876 41
877 22
878 32
879 38
880 37
881 35
882 29
883 31
884 34
885 32
886 32
887 26
888 26
889 29
890 31
891 31
892 25
893 28
894 33
895 36
896 28
897 28
898 38
899 36
900 32
901 28
902 33
903 29
904 31
905 34
906 32
907 34
908 32
909 34
910 29
911 45
912 37
913 39
914 36
915 27
916 24
917 41
918 32
919 30
920 33
921 28
922 27
923 29
924 40
925 30
926 35
927 36
928 33
929 34
930 37
931 38
932 33
933 30
934 25
935 35
936 27
937 34
938 34
939 27
940 29
941 34
942 27
943 34
944 30
945 20
946 23
947 30
948 23
949 26
950 43
951 27
952 27
953 30
954 32
955 25
956 33
957 35
958 34
959 32
960 34
961 34
962 32
963 36
964 26
965 27
966 32
967 39
968 36
969 42
970 39
971 31
972 29
973 36
974 32
975 36
976 27
977 31
978 33
979 36
980 32
981 33
982 27
983 22
984 43
985 28
986 29
987 36
988 34
989 26
990 37
991 40
992 41
993 35
994 39
995 40
996 31
997 37
998 30
999 39
1000 35
1001 29
1002 33
1003 31
1004 26
1005 26
1006 29
1007 46
1008 24
1009 26
1010 31
1011 35
1012 34
1013 33
1014 29
1015 42
1016 42
1017 18
1018 26
1019 25
1020 25
1021 30
1022 22
1023 29
1024 25
1025 32
1026 43
1027 30
1028 24
1029 23
1030 26
1031 20
1032 25
1033 18
1034 29
1035 34
1036 29
1037 32
1038 32
1039 27
1040 31
1041 35
1042 31
1043 41
1044 34
1045 22
1046 25
1047 31
1048 28
1049 16
1050 30
1051 29
1052 36
1053 23
1054 29
1055 29
1056 26
1057 26
1058 30
1059 19
1060 25
1061 27
1062 29
1063 32
1064 34
1065 31
1066 29
1067 27
1068 31
1069 24
1070 30
1071 26
1072 36
1073 22
1074 34
1075 27
1076 27
1077 28
1078 17
1079 27
1080 30
1081 30
1082 28
1083 23
1084 35
1085 28
1086 27
1087 29
1088 28
1089 23
1090 29
1091 26
1092 20
1093 23
1094 27
1095 24
1096 23
1097 33
1098 28
1099 39
1100 28
1101 34
1102 31
1103 17
1104 23
1105 30
1106 30
1107 39
1108 30
1109 33
1110 16
1111 20
1112 24
1113 28
1114 40
1115 28
1116 31
1117 29
1118 35
1119 21
1120 28
1121 30
1122 38
1123 26
1124 27
1125 30
1126 25
1127 30
1128 21
1129 41
1130 31
1131 31
1132 28
1133 34
1134 28
1135 35
1136 22
1137 35
1138 15
1139 32
1140 34
1141 33
1142 35
1143 43
1144 30
1145 32
1146 30
1147 30
1148 43
1149 32
1150 26
1151 35
1152 30
1153 29
1154 43
1155 36
1156 25
1157 28
1158 29
1159 32
1160 40
1161 28
1162 41
1163 44
1164 51
1165 50
1166 55
1167 77
1168 95
1169 98
1170 123
1171 140
1172 156
1173 180
1174 197
1175 256
1176 297
1177 283
1178 271
1179 311
1180 338
1181 389
1182 428
1183 451
1184 467
1185 479
1186 440
1187 336
1188 336
1189 244
1190 262
1191 202
1192 121
1193 86
1194 73
1195 50
1196 40
1197 32
1198 40
1199 41
1200 37
1201 26
1202 32
1203 23
1204 30
1205 33
1206 31
1207 25
1208 27
1209 32
1210 26
1211 24
1212 27
1213 39
1214 27
1215 32
1216 29
1217 33
1218 32
1219 32
1220 36
1221 21
1222 27
1223 35
1224 31
1225 19
1226 31
1227 32
1228 35
1229 31
1230 34
1231 27
1232 26
1233 26
1234 25
1235 27
1236 28
1237 26
1238 31
1239 27
1240 37
1241 26
1242 27
1243 20
1244 25
1245 25
1246 26
1247 23
1248 27
1249 30
1250 35
1251 29
1252 25
1253 30
1254 23
1255 31
1256 32
1257 24
1258 31
1259 34
1260 42
1261 29
1262 28
1263 26
1264 25
1265 22
1266 32
1267 18
1268 24
1269 23
1270 28
1271 23
1272 23
1273 24
1274 16
1275 18
1276 10
1277 11
1278 5
1279 4
1280 30
1281 30
1282 24
1283 19
1284 19
1285 22
1286 17
1287 22
1288 13
1289 26
1290 19
1291 13
1292 19
1293 13
1294 25
1295 24
1296 28
1297 19
1298 26
1299 32
1300 17
1301 18
1302 29
1303 18
1304 23
1305 19
1306 22
1307 17
1308 23
1309 24
1310 25
1311 22
1312 21
1313 21
1314 27
1315 25
1316 18
1317 24
1318 12
1319 25
1320 20
1321 27
1322 28
1323 37
1324 25
1325 26
1326 21
1327 33
1328 26
1329 18
1330 19
1331 29
1332 19
1333 18
1334 15
1335 24
1336 21
1337 20
1338 20
1339 17
1340 26
1341 35
1342 29
1343 23
1344 17
1345 16
1346 23
1347 18
1348 20
1349 15
1350 24
1351 31
1352 21
1353 17
1354 15
1355 18
1356 22
1357 26
1358 29
1359 23
1360 19
1361 18
1362 16
1363 26
1364 21
1365 25
1366 24
1367 21
1368 23
1369 25
1370 18
1371 20
1372 20
1373 18
1374 19
1375 21
1376 20
1377 24
1378 25
1379 23
1380 21
1381 16
1382 26
1383 22
1384 23
1385 22
1386 22
1387 19
1388 17
1389 19
1390 17
1391 22
1392 26
1393 23
1394 27
1395 37
1396 30
1397 33
1398 27
1399 18
1400 31
1401 36
1402 31
1403 28
1404 37
1405 42
1406 33
1407 44
1408 31
1409 28
1410 26
1411 23
1412 34
1413 26
1414 24
1415 16
1416 21
1417 26
1418 28
1419 14
1420 28
1421 19
1422 23
1423 19
1424 27
1425 19
1426 16
1427 23
1428 24
1429 21
1430 23
1431 21
1432 16
1433 26
1434 20
1435 13
1436 25
1437 17
1438 18
1439 25
1440 12
1441 16
1442 22
1443 16
1444 26
1445 21
1446 17
1447 16
1448 34
1449 26
1450 22
1451 16
1452 20
1453 29
1454 17
1455 17
1456 21
1457 18
1458 24
1459 19
1460 9
1461 13
1462 17
1463 19
1464 29
1465 22
1466 21
1467 23
1468 23
1469 23
1470 29
1471 26
1472 24
1473 25
1474 28
1475 26
1476 27
1477 36
1478 37
1479 45
1480 47
1481 66
1482 69
1483 91
1484 86
1485 105
1486 139
1487 158
1488 185
1489 213
1490 186
1491 198
1492 237
1493 292
1494 298
1495 229
1496 235
1497 199
1498 148
1499 98
1500 97
1501 76
1502 56
1503 46
1504 39
1505 29
1506 25
1507 21
1508 26
1509 34
1510 25
1511 15
1512 25
1513 19
1514 26
1515 24
1516 12
1517 18
1518 13
1519 10
1520 20
1521 14
1522 20
1523 21
1524 22
1525 18
1526 27
1527 24
1528 21
1529 21
1530 24
1531 20
1532 20
1533 19
1534 16
1535 16
1536 17
1537 14
1538 15
1539 16
1540 20
1541 21
1542 21
1543 25
1544 18
1545 21
1546 25
1547 26
1548 18
1549 20
1550 30
1551 16
1552 20
1553 27
1554 17
1555 16
1556 25
1557 17
1558 22
1559 19
1560 18
1561 16
1562 23
1563 21
1564 26
1565 26
1566 18
1567 20
1568 16
1569 18
1570 14
1571 15
1572 16
1573 18
1574 25
1575 25
1576 23
1577 12
1578 23
1579 25
1580 22
1581 15
1582 14
1583 18
1584 18
1585 18
1586 20
1587 26
1588 18
1589 18
1590 18
1591 18
1592 10
1593 15
1594 19
1595 13
1596 19
1597 15
1598 19
1599 20
1600 10
1601 20
1602 14
1603 11
1604 20
1605 17
1606 25
1607 23
1608 11
1609 12
1610 23
1611 20
1612 15
1613 17
1614 14
1615 20
1616 19
1617 21
1618 16
1619 12
1620 14
1621 23
1622 21
1623 21
1624 26
1625 20
1626 23
1627 17
1628 20
1629 21
1630 18
1631 23
1632 12
1633 20
1634 19
1635 18
1636 20
1637 18
1638 9
1639 21
1640 22
1641 17
1642 22
1643 14
1644 31
1645 25
1646 26
1647 24
1648 21
1649 18
1650 15
1651 18
1652 19
1653 19
1654 16
1655 27
1656 19
1657 17
1658 23
1659 13
1660 24
1661 16
1662 22
1663 18
1664 16
1665 10
1666 18
1667 24
1668 23
1669 8
1670 24
1671 28
1672 16
1673 16
1674 14
1675 16
1676 21
1677 12
1678 19
1679 22
1680 20
1681 14
1682 21
1683 18
1684 14
1685 19
1686 14
1687 17
1688 20
1689 30
1690 18
1691 29
1692 15
1693 22
1694 26
1695 17
1696 14
1697 10
1698 15
1699 22
1700 21
1701 12
1702 20
1703 26
1704 14
1705 17
1706 16
1707 22
1708 18
1709 21
1710 24
1711 12
1712 12
1713 12
1714 17
1715 14
1716 21
1717 11
1718 21
1719 23
1720 23
1721 16
1722 19
1723 17
1724 22
1725 19
1726 22
1727 21
1728 15
1729 24
1730 15
1731 14
1732 15
1733 13
1734 14
1735 12
1736 19
1737 18
1738 17
1739 22
1740 24
1741 16
1742 19
1743 21
1744 22
1745 10
1746 15
1747 9
1748 16
1749 19
1750 18
1751 19
1752 13
1753 15
1754 10
1755 9
1756 7
1757 13
1758 14
1759 17
1760 14
1761 21
1762 16
1763 18
1764 20
1765 19
1766 16
1767 21
1768 14
1769 21
1770 18
1771 18
1772 17
1773 20
1774 22
1775 19
1776 23
1777 16
1778 15
1779 24
1780 19
1781 20
1782 22
1783 16
1784 24
1785 21
1786 19
1787 11
1788 18
1789 12
1790 16
1791 11
1792 15
1793 20
1794 18
1795 16
1796 13
1797 18
1798 20
1799 19
1800 21
1801 17
1802 16
1803 15
1804 10
1805 15
1806 17
1807 12
1808 20
1809 20
1810 21
1811 23
1812 17
1813 18
1814 13
1815 15
1816 18
1817 13
1818 17
1819 15
1820 23
1821 17
1822 19
1823 16
1824 20
1825 15
1826 18
1827 19
1828 15
1829 26
1830 15
1831 12
1832 17
1833 14
1834 14
1835 15
1836 13
1837 11
1838 18
1839 13
1840 22
1841 14
1842 8
1843 18
1844 16
1845 14
1846 21
1847 18
1848 18
1849 21
1850 14
1851 18
1852 19
1853 10
1854 16
1855 21
1856 21
1857 15
1858 16
1859 16
1860 11
1861 12
1862 19
1863 14
1864 18
1865 12
1866 15
1867 22
1868 17
1869 12
1870 17
1871 14
1872 17
1873 17
1874 12
1875 17
1876 18
1877 14
1878 18
1879 18
1880 17
1881 14
1882 15
1883 13
1884 15
1885 15
1886 23
1887 13
1888 17
1889 15
1890 13
1891 9
1892 15
1893 16
1894 17
1895 10
1896 13
1897 15
1898 17
1899 13
1900 15
1901 8
1902 19
1903 12
1904 17
1905 16
1906 21
1907 20
1908 24
1909 15
1910 13
1911 19
1912 18
1913 11
1914 19
1915 15
1916 20
1917 17
1918 18
1919 18
1920 15
1921 21
1922 22
1923 18
1924 22
1925 21
1926 17
1927 21
1928 21
1929 16
1930 21
1931 17
1932 14
1933 13
1934 14
1935 14
1936 13
1937 15
1938 24
1939 15
1940 14
1941 15
1942 18
1943 20
1944 24
1945 21
1946 21
1947 12
1948 21
1949 16
1950 17
1951 15
1952 28
1953 14
1954 16
1955 21
1956 27
1957 21
1958 25
1959 20
1960 24
1961 27
1962 24
1963 27
1964 30
1965 27
1966 34
1967 33
1968 52
1969 65
1970 85
1971 98
1972 132
1973 117
1974 111
1975 103
1976 93
1977 105
1978 110
1979 119
1980 81
1981 108
1982 72
1983 60
1984 66
1985 56
1986 61
1987 64
1988 67
1989 57
1990 42
1991 36
1992 21
1993 25
1994 16
1995 26
1996 16
1997 15
1998 17
1999 15
2000 11
2001 13
2002 23
2003 7
2004 19
2005 18
2006 11
2007 17
2008 20
2009 16
2010 17
2011 19
2012 22
2013 14
2014 12
2015 8
2016 19
2017 18
2018 14
2019 12
2020 11
2021 18
2022 13
2023 15
2024 18
2025 18
2026 17
2027 16
2028 11
2029 10
2030 21
2031 16
2032 14
2033 16
2034 13
2035 14
2036 17
2037 17
2038 13
2039 14
2040 17
2041 7
2042 18
2043 15
2044 16
2045 13
2046 10
2047 9
2048 14
2049 14
2050 12
2051 17
2052 15
2053 13
2054 16
2055 15
2056 12
2057 8
2058 21
2059 17
2060 16
2061 5
2062 17
2063 19
2064 23
2065 11
2066 14
2067 17
2068 13
2069 9
2070 16
2071 8
2072 17
2073 16
2074 11
2075 7
2076 10
2077 21
2078 14
2079 13
2080 7
2081 8
2082 13
2083 13
2084 11
2085 12
2086 10
2087 7
2088 14
2089 10
2090 14
2091 13
2092 21
2093 15
2094 11
2095 10
2096 17
2097 14
2098 15
2099 14
2100 19
2101 10
2102 7
2103 11
2104 6
2105 11
2106 9
2107 14
2108 16
2109 12
2110 14
2111 12
2112 12
2113 13
2114 20
2115 17
2116 10
2117 12
2118 13
2119 13
2120 18
2121 19
2122 20
2123 14
2124 13
2125 11
2126 14
2127 17
2128 10
2129 10
2130 15
2131 16
2132 13
2133 12
2134 12
2135 13
2136 15
2137 12
2138 22
2139 15
2140 11
2141 16
2142 9
2143 8
2144 9
2145 12
2146 17
2147 17
2148 19
2149 9
2150 13
2151 13
2152 18
2153 12
2154 14
2155 11
2156 19
2157 10
2158 12
2159 14
2160 10
2161 12
2162 12
2163 17
2164 15
2165 14
2166 12
2167 14
2168 10
2169 12
2170 15
2171 13
2172 13
2173 14
2174 17
2175 16
2176 14
2177 17
2178 10
2179 16
2180 14
2181 19
2182 18
2183 15
2184 17
2185 18
2186 17
2187 15
2188 13
2189 17
2190 12
2191 17
2192 12
2193 12
2194 12
2195 12
2196 16
2197 10
2198 10
2199 10
2200 18
2201 13
2202 12
2203 13
2204 14
2205 19
2206 11
2207 13
2208 11
2209 15
2210 15
2211 13
2212 11
2213 24
2214 21
2215 13
2216 16
2217 16
2218 12
2219 21
2220 19
2221 23
2222 23
2223 18
2224 38
2225 29
2226 38
2227 37
2228 37
2229 52
2230 54
2231 78
2232 59
2233 76
2234 103
2235 106
2236 144
2237 178
2238 200
2239 182
2240 227
2241 334
2242 397
2243 540
2244 592
2245 596
2246 560
2247 592
2248 559
2249 468
2250 515
2251 501
2252 535
2253 416
2254 411
2255 297
2256 258
2257 269
2258 282
2259 286
2260 229
2261 204
2262 126
2263 83
2264 75
2265 59
2266 46
2267 32
2268 36
2269 39
2270 17
2271 17
2272 20
2273 20
2274 17
2275 19
2276 18
2277 20
2278 14
2279 18
2280 15
2281 14
2282 14
2283 18
2284 11
2285 16
2286 18
2287 17
2288 10
2289 20
2290 12
2291 10
2292 12
2293 16
2294 18
2295 7
2296 16
2297 21
2298 13
2299 15
2300 15
2301 15
2302 12
2303 7
2304 14
2305 17
2306 13
2307 20
2308 12
2309 17
2310 17
2311 15
2312 19
2313 18
2314 16
2315 16
2316 16
2317 9
2318 13
2319 21
2320 10
2321 10
2322 8
2323 19
2324 16
2325 13
2326 17
2327 18
2328 17
2329 19
2330 15
2331 15
2332 15
2333 14
2334 13
2335 20
2336 10
2337 11
2338 13
2339 22
2340 8
2341 12
2342 13
2343 10
2344 13
2345 14
2346 18
2347 12
2348 8
2349 13
2350 13
2351 20
2352 24
2353 11
2354 12
2355 10
2356 10
2357 14
2358 14
2359 19
2360 11
2361 11
2362 17
2363 15
2364 13
2365 16
2366 22
2367 13
2368 15
2369 13
2370 11
2371 17
2372 17
2373 14
2374 11
2375 17
2376 19
2377 22
2378 22
2379 15
2380 8
2381 18
2382 14
2383 15
2384 13
2385 14
2386 10
2387 16
2388 20
2389 19
2390 13
2391 9
2392 11
2393 16
2394 17
2395 13
2396 11
2397 11
2398 10
2399 11
2400 20
2401 7
2402 9
2403 10
2404 11
2405 13
2406 16
2407 11
2408 14
2409 16
2410 12
2411 7
2412 11
2413 9
2414 7
2415 17
2416 10
2417 16
2418 11
2419 15
2420 8
2421 11
2422 13
2423 16
2424 11
2425 12
2426 15
2427 14
2428 17
2429 13
2430 12
2431 15
2432 15
2433 14
2434 14
2435 12
2436 10
2437 20
2438 11
2439 19
2440 27
2441 13
2442 17
2443 25
2444 22
2445 24
2446 29
2447 29
2448 42
2449 47
2450 38
2451 37
2452 50
2453 69
2454 51
2455 50
2456 97
2457 85
2458 96
2459 109
2460 96
2461 97
2462 105
2463 73
2464 83
2465 69
2466 64
2467 51
2468 69
2469 58
2470 50
2471 36
2472 34
2473 30
2474 39
2475 35
2476 28
2477 35
2478 22
2479 19
2480 22
2481 19
2482 16
2483 29
2484 10
2485 12
2486 8
2487 12
2488 21
2489 14
2490 10
2491 15
2492 11
2493 17
2494 13
2495 8
2496 13
2497 16
2498 10
2499 16
2500 7
2501 10
2502 9
2503 13
2504 9
2505 14
2506 16
2507 10
2508 8
2509 17
2510 12
2511 9
2512 13
2513 15
2514 16
2515 10
2516 7
2517 15
2518 7
2519 19
2520 17
2521 10
2522 7
2523 9
2524 13
2525 11
2526 13
2527 10
2528 9
2529 13
2530 13
2531 14
2532 12
2533 13
2534 14
2535 11
2536 10
2537 14
2538 9
2539 8
2540 15
2541 12
2542 15
2543 13
2544 5
2545 7
2546 9
2547 7
2548 12
2549 9
2550 9
2551 8
2552 9
2553 14
2554 9
2555 11
2556 11
2557 16
2558 17
2559 8
