0 38
1 27
2 27
3 18
4 22
5 27
6 27
7 18
8 28
9 33
10 23
11 24
12 27
13 46
14 31
15 24
16 25
17 25
18 24
19 29
20 28
21 27
22 31
23 34
24 29
25 24
26 33
27 21
28 27
29 33
30 27
31 30
32 20
33 27
34 27
35 24
36 30
37 28
38 19
39 25
40 29
41 30
42 24
43 26
44 30
45 19
46 22
47 27
48 39
49 32
50 16
51 24
52 21
53 31
54 31
55 34
56 36
57 42
58 30
59 20
60 22
61 23
62 35
63 29
64 32
65 28
66 29
67 26
68 32
69 38
70 22
71 34
72 24
73 28
74 32
75 41
76 26
77 35
78 29
79 32
80 32
81 20
82 33
83 35
84 42
85 35
86 24
87 28
88 28
89 26
90 27
91 35
92 21
93 22
94 20
95 25
96 25
97 28
98 28
99 32
100 28
101 31
102 30
103 29
104 22
105 27
106 32
107 29
108 39
109 44
110 39
111 23
112 35
113 36
114 23
115 32
116 32
117 27
118 33
119 29
120 34
121 29
122 22
123 28
124 26
125 20
126 38
127 27
128 44
129 27
130 24
131 29
132 31
133 27
134 38
135 32
136 27
137 32
138 29
139 19
140 39
141 24
142 27
143 21
144 33
145 41
146 26
147 36
148 33
149 34
150 33
151 30
152 34
153 29
154 28
155 35
156 25
157 30
158 32
159 31
160 35
161 23
162 35
163 36
164 30
165 42
166 31
167 29
168 29
169 33
170 33
171 31
172 31
173 30
174 28
175 30
176 21
177 40
178 13
179 25
180 37
181 26
182 31
183 35
184 19
185 25
186 28
187 37
188 34
189 28
190 20
191 32
192 28
193 31
194 20
195 24
196 19
197 34
198 20
199 28
200 32
201 41
202 35
203 29
204 36
205 32
206 36
207 32
208 30
209 33
210 28
211 26
212 29
213 32
214 36
215 29
216 44
217 18
218 33
219 27
220 31
221 28
222 30
223 25
224 34
225 32
226 26
227 26
228 25
229 24
230 36
231 32
232 34
233 23
234 42
235 22
236 41
237 41
238 41
239 34
240 33
241 29
242 40
243 34
244 19
245 26
246 34
247 30
248 30
249 35
250 30
251 37
252 26
253 34
254 27
255 28
256 44
257 37
258 28
259 42
260 28
261 29
262 43
263 35
264 30
265 40
266 32
267 35
268 36
269 28
270 26
271 31
272 39
273 21
274 22
275 28
276 30
277 33
278 23
279 30
280 45
281 37
282 21
283 32
284 28
285 31
286 31
287 33
288 23
289 37
290 26
291 36
292 29
293 44
294 22
295 36
296 33
297 34
298 34
299 34
300 38
301 33
302 46
303 34
304 33
305 23
306 40
307 33
308 34
309 27
310 32
311 29
312 33
313 33
314 30
315 33
316 36
317 37
318 36
319 35
320 39
321 35
322 27
323 26
324 31
325 35
326 40
327 29
328 25
329 38
330 31
331 33
332 34
333 38
334 39
335 34
336 24
337 44
338 39
339 46
340 24
341 39
342 41
343 34
344 29
345 35
346 42
347 32
348 30
349 29
350 36
351 33
352 22
353 42
354 33
355 34
356 40
357 39
358 34
359 34
360 25
361 33
362 40
363 35
364 30
365 42
366 38
367 29
368 32
369 39
370 37
371 39
372 40
373 41
374 31
375 27
376 35
377 25
378 23
379 45
380 39
381 27
382 46
383 37
384 27
385 31
386 39
387 29
388 36
389 26
390 35
391 44
392 37
393 33
394 36
395 28
396 37
397 26
398 35
399 45
400 29
401 34
402 34
403 29
404 43
405 25
406 27
407 39
408 32
409 33
410 39
411 38
412 35
413 32
414 30
415 44
416 34
417 28
418 25
419 44
420 37
421 37
422 35
423 37
424 32
425 41
426 31
427 28
428 41
429 35
430 38
431 45
432 33
433 39
434 32
435 38
436 36
437 45
438 47
439 32
440 44
441 29
442 31
443 38
444 38
445 31
446 37
447 39
448 23
449 40
450 35
451 35
452 38
453 35
454 39
455 43
456 41
457 42
458 37
459 25
460 36
461 28
462 30
463 40
464 33
465 37
466 41
467 44
468 41
469 33
470 28
471 28
472 28
473 47
474 37
475 41
476 27
477 31
478 26
479 30
480 37
481 43
482 31
483 44
484 42
485 35
486 36
487 28
488 29
489 41
490 40
491 34
492 38
493 41
494 34
495 53
496 29
497 25
498 39
499 34
500 24
501 46
502 37
503 40
504 53
505 46
506 35
507 39
508 33
509 28
510 31
511 32
512 41
513 37
514 46
515 48
516 31
517 26
518 38
519 36
520 34
521 29
522 49
523 34
524 35
525 37
526 39
527 41
528 41
529 38
530 29
531 36
532 38
533 38
534 35
535 41
536 50
537 38
538 36
539 40
540 36
541 36
542 35
543 28
544 33
545 46
546 42
547 32
548 34
549 32
550 39
551 47
552 32
553 42
554 37
555 39
556 49
557 16
558 45
559 37
560 37
561 41
562 45
563 35
564 45
565 41
566 34
567 46
568 43
569 44
570 37
571 31
572 52
573 62
574 52
575 44
576 59
577 61
578 65
579 68
580 109
581 81
582 101
583 108
584 101
585 105
586 95
587 91
588 78
589 94
590 88
591 106
592 108
593 115
594 119
595 107
596 100
597 100
598 113
599 116
600 162
601 157
602 124
603 105
604 99
605 83
606 56
607 49
608 36
609 41
610 30
611 38
612 33
613 31
614 36
615 41
616 40
617 39
618 38
619 49
620 46
621 40
622 46
623 46
624 28
625 42
626 42
627 44
628 41
629 39
630 36
631 42
632 40
633 39
634 36
635 32
636 39
637 36
638 37
639 27
640 39
641 35
642 35
643 35
644 41
645 33
646 36
647 51
648 40
649 40
650 44
651 30
652 30
653 44
654 37
655 37
656 35
657 27
658 33
659 48
660 49
661 33
662 31
663 44
664 38
665 23
666 44
667 32
668 30
669 37
670 29
671 33
672 27
673 34
674 35
675 38
676 44
677 36
678 36
679 39
680 44
681 35
682 28
683 26
684 40
685 48
686 37
687 26
688 40
689 37
690 43
691 43
692 31
693 46
694 36
695 46
696 23
697 28
698 30
699 38
700 44
701 41
702 36
703 38
704 16
705 33
706 45
707 37
708 32
709 38
710 43
711 34
712 37
713 27
714 29
715 32
716 48
717 37
718 36
719 34
720 39
721 51
722 33
723 44
724 28
725 33
726 44
727 32
728 35
729 48
730 31
731 32
732 40
733 50
734 38
735 38
736 31
737 26
738 35
739 41
740 33
741 42
742 36
743 42
744 34
745 30
746 43
747 34
748 30
749 39
750 33
751 40
752 37
753 42
754 48
755 33
756 45
757 38
758 36
759 39
760 28
761 34
762 37
763 41
764 36
765 36
766 26
767 33
768 33
769 51
770 48
771 31
772 30
773 30
774 36
775 39
776 36
777 41
778 40
779 37
780 32
781 37
782 47
783 38
784 35
785 32
786 36
787 47
788 50
789 39
790 26
791 36
792 36
793 32
794 29
795 38
796 27
797 38
798 38
799 41
800 38
801 39
802 30
803 45
804 46
805 30
806 33
807 32
808 34
809 32
810 29
811 36
812 37
813 42
814 31
815 36
816 36
817 42
818 25
819 29
820 28
821 42
822 26
823 21
824 37
825 44
826 40
827 36
828 35
829 35
830 43
831 38
832 30
833 29
834 37
835 41
836 32
837 29
838 31
839 32
840 31
841 32
842 26
843 40
844 29
845 31
846 28
847 44
848 33
849 47
850 40
851 36
852 33
853 33
854 27
855 41
856 38
857 32
858 36
859 27
860 36
861 24
862 36
863 23
864 35
865 40
866 38
867 36
868 39
869 38
870 46
871 36
872 30
873 41
874 39
875 26
876 38
877 36
878 42
879 30
880 34
881 51
882 26
883 33
884 37
885 44
886 36
887 30
888 34
889 32
890 29
891 30
892 26
893 29
894 28
895 32
896 35
897 34
898 22
899 37
900 33
901 41
902 37
903 40
904 33
905 36
906 41
907 44
908 31
909 49
910 35
911 35
912 36
913 27
914 24
915 36
916 21
917 40
918 33
919 29
920 29
921 33
922 34
923 28
924 27
925 35
926 26
927 34
928 26
929 30
930 41
931 37
932 35
933 29
934 34
935 44
936 36
937 28
938 31
939 30
940 44
941 29
942 36
943 30
944 33
945 28
946 35
947 22
948 35
949 34
950 42
951 19
952 25
953 35
954 27
955 26
956 32
957 20
958 32
959 29
960 35
961 23
962 35
963 31
964 23
965 21
966 23
967 42
968 33
969 38
970 33
971 38
972 32
973 32
974 31
975 24
976 34
977 31
978 39
979 22
980 35
981 22
982 37
983 27
984 34
985 38
986 41
987 23
988 34
989 37
990 33
991 42
992 30
993 22
994 27
995 31
996 35
997 31
998 28
999 28
1000 36
1001 39
1002 39
1003 39
1004 32
1005 35
1006 28
1007 32
1008 28
1009 22
1010 39
1011 39
1012 34
1013 27
1014 30
1015 36
1016 35
1017 30
1018 37
1019 35
1020 28
1021 26
1022 38
1023 26
1024 31
1025 24
1026 38
1027 42
1028 25
1029 39
1030 39
1031 38
1032 36
1033 28
1034 32
1035 32
1036 33
1037 39
1038 35
1039 31
1040 35
1041 38
1042 36
1043 38
1044 38
1045 23
1046 38
1047 22
1048 26
1049 27
1050 34
1051 27
1052 28
1053 32
1054 31
1055 33
1056 34
1057 34
1058 34
1059 34
1060 31
1061 32
1062 18
1063 29
1064 33
1065 36
1066 38
1067 25
1068 31
1069 34
1070 28
1071 34
1072 40
1073 23
1074 30
1075 32
1076 39
1077 32
1078 31
1079 45
1080 40
1081 26
1082 42
1083 31
1084 40
1085 49
1086 25
1087 31
1088 34
1089 25
1090 26
1091 35
1092 30
1093 47
1094 44
1095 21
1096 38
1097 37
1098 34
1099 33
1100 30
1101 35
1102 35
1103 42
1104 36
1105 41
1106 43
1107 58
1108 55
1109 54
1110 70
1111 84
1112 107
1113 103
1114 158
1115 156
1116 188
1117 208
1118 232
1119 309
1120 325
1121 381
1122 339
1123 402
1124 381
1125 495
1126 575
1127 588
1128 542
1129 436
1130 404
1131 350
1132 288
1133 242
1134 163
1135 124
1136 122
1137 114
1138 90
1139 58
1140 41
1141 48
1142 43
1143 40
1144 35
1145 25
1146 43
1147 38
1148 30
1149 47
1150 52
1151 38
1152 29
1153 32
1154 35
1155 39
1156 24
1157 36
1158 29
1159 31
1160 41
1161 27
1162 35
1163 37
1164 32
1165 31
1166 29
1167 38
1168 30
1169 27
1170 31
1171 27
1172 31
1173 25
1174 20
1175 35
1176 34
1177 33
1178 28
1179 28
1180 28
1181 30
1182 24
1183 26
1184 29
1185 38
1186 19
1187 27
1188 38
1189 25
1190 29
1191 39
1192 40
1193 21
1194 22
1195 26
1196 24
1197 35
1198 22
1199 33
1200 34
1201 30
1202 33
1203 33
1204 32
1205 22
1206 26
1207 29
1208 40
1209 37
1210 29
1211 30
1212 38
1213 30
1214 30
1215 27
1216 27
1217 36
1218 30
1219 40
1220 37
1221 31
1222 31
1223 39
1224 28
1225 24
1226 26
1227 34
1228 27
1229 36
1230 30
1231 23
1232 20
1233 33
1234 30
1235 33
1236 20
1237 31
1238 25
1239 37
1240 26
1241 41
1242 34
1243 33
1244 30
1245 24
1246 24
1247 32
1248 40
1249 28
1250 31
1251 32
1252 34
1253 39
1254 42
1255 42
1256 44
1257 50
1258 40
1259 58
1260 37
1261 33
1262 45
1263 61
1264 56
1265 70
1266 79
1267 66
1268 62
1269 71
1270 65
1271 62
1272 55
1273 53
1274 60
1275 34
1276 30
1277 16
1278 19
1279 9
1280 34
1281 23
1282 31
1283 29
1284 23
1285 22
1286 16
1287 31
1288 37
1289 21
1290 17
1291 18
1292 20
1293 21
1294 33
1295 18
1296 19
1297 15
1298 20
1299 29
1300 27
1301 12
1302 26
1303 26
1304 31
1305 28
1306 29
1307 26
1308 15
1309 25
1310 28
1311 15
1312 21
1313 23
1314 25
1315 23
1316 22
1317 30
1318 27
1319 32
1320 25
1321 27
1322 29
1323 31
1324 24
1325 29
1326 27
1327 21
1328 17
1329 29
1330 29
1331 28
1332 33
1333 33
1334 33
1335 31
1336 40
1337 38
1338 49
1339 52
1340 52
1341 51
1342 51
1343 41
1344 41
1345 46
1346 40
1347 36
1348 37
1349 27
1350 30
1351 23
1352 27
1353 19
1354 20
1355 20
1356 22
1357 27
1358 21
1359 25
1360 31
1361 24
1362 23
1363 23
1364 17
1365 25
1366 19
1367 21
1368 14
1369 18
1370 19
1371 16
1372 25
1373 26
1374 17
1375 27
1376 18
1377 23
1378 20
1379 20
1380 21
1381 16
1382 22
1383 26
1384 25
1385 22
1386 25
1387 20
1388 33
1389 16
1390 23
1391 24
1392 29
1393 29
1394 25
1395 15
1396 26
1397 24
1398 25
1399 27
1400 22
1401 21
1402 31
1403 27
1404 25
1405 19
1406 27
1407 37
1408 30
1409 39
1410 32
1411 46
1412 60
1413 50
1414 67
1415 64
1416 96
1417 120
1418 149
1419 148
1420 165
1421 181
1422 193
1423 177
1424 195
1425 177
1426 183
1427 243
1428 273
1429 301
1430 228
1431 144
1432 115
1433 107
1434 91
1435 83
1436 76
1437 68
1438 42
1439 44
1440 39
1441 31
1442 28
1443 31
1444 24
1445 24
1446 30
1447 21
1448 31
1449 29
1450 24
1451 21
1452 26
1453 28
1454 21
1455 12
1456 27
1457 21
1458 21
1459 25
1460 22
1461 16
1462 19
1463 30
1464 29
1465 17
1466 27
1467 20
1468 10
1469 25
1470 20
1471 22
1472 18
1473 29
1474 22
1475 14
1476 30
1477 30
1478 19
1479 22
1480 22
1481 25
1482 20
1483 17
1484 25
1485 18
1486 21
1487 24
1488 19
1489 19
1490 24
1491 24
1492 26
1493 16
1494 27
1495 24
1496 25
1497 14
1498 23
1499 25
1500 21
1501 21
1502 29
1503 27
1504 24
1505 18
1506 21
1507 15
1508 16
1509 32
1510 26
1511 13
1512 22
1513 16
1514 28
1515 21
1516 21
1517 23
1518 29
1519 35
1520 16
1521 20
1522 17
1523 17
1524 23
1525 16
1526 15
1527 15
1528 16
1529 19
1530 24
1531 17
1532 25
1533 22
1534 11
1535 18
1536 16
1537 29
1538 26
1539 19
1540 18
1541 12
1542 17
1543 12
1544 25
1545 19
1546 16
1547 20
1548 16
1549 16
1550 24
1551 21
1552 24
1553 27
1554 24
1555 12
1556 25
1557 15
1558 22
1559 25
1560 21
1561 18
1562 17
1563 15
1564 24
1565 20
1566 16
1567 18
1568 16
1569 23
1570 21
1571 15
1572 21
1573 15
1574 22
1575 15
1576 21
1577 28
1578 18
1579 20
1580 16
1581 18
1582 24
1583 13
1584 27
1585 18
1586 19
1587 25
1588 13
1589 25
1590 19
1591 19
1592 22
1593 16
1594 12
1595 17
1596 19
1597 8
1598 12
1599 28
1600 29
1601 26
1602 17
1603 22
1604 30
1605 17
1606 19
1607 28
1608 23
1609 30
1610 28
1611 21
1612 21
1613 23
1614 11
1615 20
1616 20
1617 20
1618 19
1619 20
1620 16
1621 21
1622 22
1623 14
1624 13
1625 15
1626 25
1627 23
1628 16
1629 17
1630 26
1631 18
1632 18
1633 13
1634 17
1635 11
1636 16
1637 17
1638 15
1639 16
1640 17
1641 19
1642 21
1643 28
1644 14
1645 22
1646 17
1647 19
1648 21
1649 18
1650 12
1651 20
1652 17
1653 16
1654 13
1655 19
1656 25
1657 16
1658 22
1659 20
1660 17
1661 25
1662 19
1663 18
1664 9
1665 14
1666 20
1667 17
1668 15
1669 19
1670 24
1671 13
1672 23
1673 23
1674 21
1675 18
1676 18
1677 13
1678 11
1679 7
1680 17
1681 25
1682 13
1683 23
1684 25
1685 20
1686 18
1687 15
1688 21
1689 16
1690 16
1691 18
1692 20
1693 21
1694 15
1695 20
1696 25
1697 24
1698 14
1699 16
1700 21
1701 18
1702 31
1703 18
1704 17
1705 17
1706 21
1707 24
1708 19
1709 14
1710 18
1711 15
1712 17
1713 18
1714 16
1715 22
1716 14
1717 20
1718 12
1719 17
1720 22
1721 15
1722 14
1723 9
1724 21
1725 23
1726 21
1727 20
1728 14
1729 10
1730 19
1731 12
1732 22
1733 19
1734 15
1735 18
1736 12
1737 14
1738 9
1739 12
1740 20
1741 17
1742 20
1743 16
1744 23
1745 18
1746 23
1747 13
1748 21
1749 18
1750 11
1751 13
1752 20
1753 14
1754 19
1755 14
1756 21
1757 19
1758 18
1759 10
1760 18
1761 14
1762 20
1763 17
1764 17
1765 22
1766 23
1767 14
1768 20
1769 24
1770 14
1771 13
1772 20
1773 20
1774 20
1775 15
1776 16
1777 19
1778 20
1779 22
1780 22
1781 16
1782 12
1783 19
1784 16
1785 9
1786 17
1787 18
1788 12
1789 18
1790 12
1791 12
1792 13
1793 13
1794 14
1795 21
1796 22
1797 15
1798 22
1799 16
1800 17
1801 17
1802 14
1803 18
1804 17
1805 13
1806 23
1807 16
1808 14
1809 17
1810 18
1811 17
1812 8
1813 14
1814 24
1815 14
1816 14
1817 16
1818 17
1819 16
1820 17
1821 11
1822 12
1823 13
1824 19
1825 17
1826 15
1827 18
1828 17
1829 14
1830 13
1831 19
1832 22
1833 15
1834 13
1835 19
1836 16
1837 17
1838 27
1839 25
1840 22
1841 12
1842 22
1843 20
1844 18
1845 22
1846 16
1847 25
1848 24
1849 21
1850 20
1851 20
1852 14
1853 17
1854 18
1855 23
1856 22
1857 17
1858 15
1859 17
1860 19
1861 17
1862 19
1863 12
1864 9
1865 16
1866 14
1867 22
1868 20
1869 20
1870 14
1871 19
1872 24
1873 26
1874 16
1875 23
1876 27
1877 13
1878 28
1879 25
1880 8
1881 19
1882 23
1883 21
1884 26
1885 22
1886 35
1887 23
1888 40
1889 42
1890 58
1891 54
1892 86
1893 84
1894 96
1895 88
1896 94
1897 125
1898 108
1899 128
1900 140
1901 205
1902 165
1903 142
1904 132
1905 92
1906 107
1907 98
1908 90
1909 81
1910 71
1911 73
1912 44
1913 48
1914 39
1915 27
1916 26
1917 31
1918 30
1919 23
1920 21
1921 26
1922 22
1923 20
1924 20
1925 28
1926 22
1927 15
1928 18
1929 20
1930 17
1931 13
1932 12
1933 27
1934 20
1935 13
1936 17
1937 10
1938 19
1939 15
1940 10
1941 14
1942 15
1943 25
1944 13
1945 15
1946 22
1947 20
1948 17
1949 13
1950 12
1951 18
1952 14
1953 22
1954 19
1955 20
1956 20
1957 14
1958 17
1959 15
1960 12
1961 20
1962 17
1963 13
1964 8
1965 16
1966 17
1967 24
1968 14
1969 12
1970 16
1971 16
1972 17
1973 12
1974 19
1975 18
1976 14
1977 16
1978 14
1979 12
1980 23
1981 14
1982 15
1983 18
1984 15
1985 14
1986 21
1987 19
1988 16
1989 11
1990 17
1991 11
1992 13
1993 18
1994 20
1995 25
1996 13
1997 14
1998 10
1999 13
2000 17
2001 10
2002 16
2003 22
2004 15
2005 17
2006 13
2007 16
2008 14
2009 19
2010 13
2011 7
2012 11
2013 17
2014 11
2015 7
2016 17
2017 12
2018 18
2019 13
2020 19
2021 15
2022 12
2023 16
2024 17
2025 20
2026 17
2027 14
2028 11
2029 14
2030 16
2031 17
2032 20
2033 11
2034 21
2035 14
2036 17
2037 13
2038 20
2039 22
2040 19
2041 18
2042 19
2043 22
2044 11
2045 17
2046 25
2047 15
2048 15
2049 13
2050 15
2051 15
2052 29
2053 14
2054 18
2055 22
2056 23
2057 10
2058 11
2059 14
2060 25
2061 10
2062 19
2063 12
2064 26
2065 22
2066 18
2067 13
2068 17
2069 9
2070 16
2071 12
2072 18
2073 17
2074 15
2075 14
2076 15
2077 16
2078 18
2079 9
2080 19
2081 16
2082 7
2083 11
2084 18
2085 17
2086 14
2087 20
2088 14
2089 10
2090 15
2091 14
2092 11
2093 10
2094 20
2095 27
2096 13
2097 14
2098 14
2099 13
2100 17
2101 12
2102 18
2103 10
2104 20
2105 9
2106 14
2107 17
2108 23
2109 19
2110 12
2111 15
2112 15
2113 14
2114 12
2115 19
2116 19
2117 16
2118 11
2119 12
2120 13
2121 14
2122 22
2123 16
2124 23
2125 21
2126 25
2127 20
2128 17
2129 20
2130 20
2131 14
2132 12
2133 22
2134 21
2135 17
2136 25
2137 25
2138 30
2139 29
2140 22
2141 39
2142 36
2143 38
2144 38
2145 51
2146 62
2147 85
2148 98
2149 94
2150 102
2151 107
2152 113
2153 149
2154 228
2155 262
2156 333
2157 342
2158 380
2159 403
2160 451
2161 460
2162 556
2163 527
2164 545
2165 563
2166 521
2167 527
2168 456
2169 327
2170 246
2171 237
2172 263
2173 252
2174 242
2175 233
2176 250
2177 203
2178 143
2179 102
2180 64
2181 65
2182 54
2183 44
2184 42
2185 37
2186 27
2187 23
2188 19
2189 22
2190 22
2191 23
2192 16
2193 23
2194 20
2195 22
2196 17
2197 18
2198 11
2199 11
2200 14
2201 16
2202 14
2203 13
2204 11
2205 20
2206 15
2207 19
2208 18
2209 12
2210 12
2211 15
2212 12
2213 20
2214 17
2215 13
2216 16
2217 19
2218 15
2219 11
2220 15
2221 13
2222 17
2223 14
2224 9
2225 18
2226 19
2227 12
2228 19
2229 17
2230 14
2231 12
2232 11
2233 13
2234 15
2235 6
2236 22
2237 20
2238 19
2239 13
2240 14
2241 14
2242 9
2243 17
2244 13
2245 12
2246 17
2247 16
2248 11
2249 21
2250 11
2251 9
2252 8
2253 13
2254 10
2255 16
2256 11
2257 19
2258 9
2259 10
2260 11
2261 18
2262 8
2263 14
2264 15
2265 17
2266 17
2267 10
2268 12
2269 11
2270 15
2271 19
2272 13
2273 19
2274 13
2275 19
2276 11
2277 10
2278 14
2279 22
2280 16
2281 9
2282 20
2283 16
2284 22
2285 16
2286 13
2287 12
2288 12
2289 10
2290 21
2291 17
2292 14
2293 17
2294 19
2295 20
2296 14
2297 19
2298 13
2299 14
2300 13
2301 15
2302 16
2303 16
2304 17
2305 9
2306 20
2307 13
2308 8
2309 11
2310 14
2311 15
2312 19
2313 8
2314 14
2315 19
2316 16
2317 11
2318 9
2319 10
2320 9
2321 11
2322 12
2323 9
2324 14
2325 5
2326 7
2327 14
2328 17
2329 17
2330 10
2331 10
2332 6
2333 13
2334 18
2335 16
2336 14
2337 17
2338 14
2339 11
2340 12
2341 11
2342 15
2343 14
2344 18
2345 13
2346 20
2347 18
2348 19
2349 14
2350 15
2351 23
2352 17
2353 25
2354 26
2355 22
2356 24
2357 18
2358 41
2359 43
2360 50
2361 38
2362 48
2363 53
2364 65
2365 73
2366 74
2367 66
2368 62
2369 75
2370 65
2371 66
2372 71
2373 75
2374 104
2375 85
2376 49
2377 63
2378 77
2379 74
2380 65
2381 63
2382 62
2383 51
2384 46
2385 40
2386 47
2387 45
2388 33
2389 45
2390 35
2391 15
2392 25
2393 15
2394 19
2395 15
2396 18
2397 13
2398 24
2399 10
2400 13
2401 11
2402 13
2403 13
2404 12
2405 6
2406 11
2407 12
2408 18
2409 10
2410 9
2411 15
2412 9
2413 11
2414 11
2415 11
2416 7
2417 7
2418 12
2419 11
2420 10
2421 9
2422 16
2423 12
2424 15
2425 16
2426 6
2427 9
2428 14
2429 12
2430 12
2431 12
2432 12
2433 10
2434 17
2435 14
2436 10
2437 16
2438 12
2439 13
2440 9
2441 13
2442 14
2443 14
2444 11
2445 14
2446 10
2447 8
2448 20
2449 18
2450 10
2451 11
2452 15
2453 8
2454 13
2455 7
2456 10
2457 10
2458 16
2459 9
2460 16
2461 21
2462 9
2463 14
2464 14
2465 10
2466 9
2467 10
2468 8
2469 11
2470 14
2471 16
2472 17
2473 10
2474 11
2475 9
2476 11
2477 13
2478 10
2479 18
2480 12
2481 11
2482 7
2483 7
2484 15
2485 9
2486 10
2487 9
2488 14
2489 6
2490 10
2491 7
2492 13
2493 11
2494 11
2495 12
2496 13
2497 10
2498 13
2499 8
2500 9
2501 9
2502 12
2503 14
2504 11
2505 15
2506 14
2507 7
2508 10
2509 12
2510 5
2511 10
2512 13
2513 8
2514 13
2515 13
2516 16
2517 8
2518 20
2519 9
2520 13
2521 14
2522 16
2523 12
2524 13
2525 14
2526 15
2527 12
2528 9
2529 13
2530 17
2531 10
2532 12
2533 11
2534 8
2535 16
2536 17
2537 12
2538 7
2539 13
2540 18
2541 10
2542 17
2543 13
2544 11
2545 8
2546 9
2547 7
2548 17
2549 9
2550 18
2551 14
2552 12
2553 13
2554 11
2555 11
2556 14
2557 7
2558 18
2559 14
