0 39
1 30
2 33
3 45
4 31
5 35
6 36
7 30
8 34
9 45
10 30
11 29
12 34
13 37
14 43
15 26
16 28
17 46
18 33
19 30
20 45
21 32
22 30
23 43
24 38
25 27
26 30
27 38
28 30
29 29
30 34
31 31
32 24
33 39
34 33
35 34
36 40
37 40
38 36
39 36
40 36
41 34
42 37
43 53
44 46
45 35
46 39
47 46
48 40
49 31
50 48
51 37
52 40
53 40
54 31
55 38
56 31
57 23
58 36
59 36
60 26
61 29
62 37
63 42
64 29
65 36
66 34
67 37
68 30
69 39
70 30
71 40
72 38
73 27
74 30
75 37
76 28
77 28
78 39
79 45
80 42
81 25
82 33
83 36
84 38
85 30
86 33
87 24
88 32
89 36
90 43
91 42
92 32
93 23
94 29
95 45
96 41
97 49
98 36
99 46
100 37
101 41
102 38
103 38
104 37
105 35
106 38
107 41
108 32
109 43
110 39
111 39
112 30
113 31
114 34
115 28
116 42
117 38
118 38
119 28
120 30
121 38
122 27
123 39
124 44
125 36
126 37
127 43
128 32
129 35
130 35
131 35
132 33
133 37
134 39
135 43
136 42
137 37
138 33
139 33
140 37
141 34
142 38
143 38
144 25
145 36
146 39
147 41
148 45
149 38
150 36
151 38
152 36
153 35
154 30
155 35
156 41
157 36
158 34
159 42
160 38
161 30
162 33
163 51
164 39
165 42
166 45
167 49
168 23
169 30
170 47
171 50
172 39
173 43
174 35
175 41
176 31
177 30
178 45
179 34
180 31
181 36
182 35
183 38
184 29
185 41
186 28
187 30
188 34
189 34
190 25
191 30
192 37
193 45
194 36
195 35
196 27
197 38
198 44
199 39
200 34
201 26
202 31
203 47
204 25
205 37
206 42
207 36
208 31
209 26
210 42
211 41
212 36
213 45
214 44
215 35
216 27
217 34
218 38
219 42
220 45
221 40
222 34
223 34
224 39
225 43
226 31
227 33
228 31
229 30
230 37
231 41
232 32
233 27
234 35
235 36
236 32
237 50
238 34
239 40
240 43
241 33
242 26
243 31
244 33
245 28
246 26
247 36
248 39
249 44
250 34
251 41
252 33
253 36
254 35
255 35
256 40
257 33
258 37
259 47
260 47
261 31
262 37
263 41
264 40
265 40
266 32
267 32
268 40
269 30
270 30
271 32
272 38
273 38
274 44
275 38
276 37
277 25
278 33
279 38
280 45
281 36
282 34
283 37
284 43
285 42
286 43
287 41
288 40
289 32
290 41
291 35
292 46
293 44
294 34
295 37
296 30
297 39
298 33
299 38
300 36
301 35
302 36
303 41
304 35
305 45
306 31
307 37
308 35
309 49
310 34
311 34
312 30
313 32
314 32
315 46
316 42
317 40
318 46
319 42
320 39
321 38
322 38
323 33
324 36
325 41
326 33
327 43
328 37
329 29
330 41
331 39
332 26
333 38
334 37
335 46
336 34
337 38
338 40
339 32
340 34
341 45
342 40
343 30
344 34
345 37
346 42
347 41
348 39
349 40
350 38
351 51
352 44
353 39
354 40
355 35
356 40
357 33
358 38
359 34
360 41
361 38
362 37
363 50
364 36
365 48
366 41
367 34
368 50
369 35
370 45
371 50
372 40
373 46
374 42
375 44
376 52
377 49
378 35
379 42
380 42
381 40
382 28
383 51
384 46
385 30
386 35
387 45
388 51
389 38
390 39
391 43
392 36
393 43
394 45
395 30
396 34
397 40
398 37
399 37
400 43
401 31
402 42
403 49
404 34
405 31
406 34
407 49
408 37
409 24
410 45
411 43
412 33
413 48
414 42
415 40
416 35
417 43
418 59
419 44
420 41
421 38
422 36
423 43
424 31
425 36
426 52
427 48
428 38
429 41
430 38
431 41
432 38
433 38
434 36
435 46
436 47
437 48
438 51
439 46
440 44
441 54
442 34
443 39
444 48
445 40
446 49
447 53
448 38
449 38
450 33
451 36
452 44
453 31
454 23
455 51
456 53
457 38
458 43
459 42
460 42
461 46
462 47
463 50
464 32
465 40
466 45
467 36
468 42
469 43
470 33
471 45
472 51
473 41
474 38
475 40
476 33
477 44
478 42
479 36
480 39
481 28
482 40
483 44
484 43
485 41
486 47
487 44
488 39
489 38
490 44
491 38
492 34
493 49
494 39
495 52
496 41
497 48
498 49
499 44
500 39
501 60
502 60
503 55
504 44
505 61
506 65
507 73
508 55
509 70
510 87
511 75
512 79
513 105
514 76
515 86
516 85
517 76
518 75
519 76
520 121
521 117
522 148
523 98
524 88
525 88
526 78
527 75
528 76
529 61
530 60
531 57
532 39
533 46
534 43
535 48
536 47
537 47
538 36
539 37
540 39
541 43
542 49
543 40
544 38
545 47
546 39
547 36
548 28
549 29
550 36
551 31
552 49
553 42
554 39
555 50
556 44
557 40
558 45
559 35
560 41
561 39
562 43
563 40
564 40
565 48
566 46
567 44
568 38
569 43
570 43
571 42
572 38
573 34
574 37
575 33
576 51
577 38
578 52
579 46
580 41
581 42
582 56
583 47
584 32
585 32
586 43
587 29
588 33
589 50
590 37
591 35
592 30
593 44
594 38
595 37
596 39
597 43
598 42
599 38
600 50
601 32
602 45
603 36
604 42
605 41
606 35
607 33
608 46
609 33
610 40
611 35
612 42
613 48
614 45
615 35
616 36
617 49
618 33
619 35
620 40
621 44
622 44
623 27
624 38
625 48
626 37
627 39
628 32
629 40
630 56
631 22
632 47
633 43
634 41
635 45
636 43
637 44
638 32
639 43
640 46
641 34
642 44
643 47
644 54
645 53
646 34
647 40
648 40
649 33
650 40
651 49
652 45
653 32
654 43
655 47
656 42
657 38
658 41
659 36
660 34
661 35
662 51
663 51
664 44
665 48
666 45
667 43
668 39
669 35
670 22
671 37
672 39
673 39
674 38
675 33
676 49
677 36
678 53
679 50
680 45
681 44
682 36
683 51
684 36
685 36
686 35
687 34
688 48
689 25
690 38
691 35
692 35
693 39
694 47
695 42
696 39
697 33
698 35
699 47
700 51
701 33
702 39
703 32
704 44
705 41
706 46
707 46
708 44
709 34
710 33
711 40
712 46
713 41
714 38
715 54
716 48
717 43
718 38
719 35
720 40
721 34
722 44
723 40
724 49
725 33
726 41
727 34
728 55
729 40
730 40
731 37
732 40
733 54
734 53
735 38
736 59
737 34
738 41
739 38
740 44
741 40
742 29
743 36
744 55
745 54
746 47
747 43
748 39
749 30
750 28
751 43
752 45
753 41
754 38
755 44
756 49
757 43
758 42
759 34
760 47
761 53
762 37
763 38
764 38
765 39
766 53
767 48
768 49
769 49
770 32
771 34
772 40
773 32
774 26
775 44
776 44
777 28
778 34
779 32
780 35
781 43
782 42
783 29
784 46
785 54
786 44
787 30
788 46
789 33
790 41
791 29
792 35
793 43
794 38
795 40
796 24
797 44
798 42
799 29
800 36
801 48
802 45
803 31
804 33
805 26
806 38
807 32
808 43
809 50
810 38
811 40
812 38
813 45
814 37
815 38
816 47
817 40
818 41
819 39
820 35
821 39
822 40
823 40
824 44
825 39
826 26
827 37
828 40
829 39
830 53
831 53
832 38
833 38
834 51
835 38
836 35
837 41
838 31
839 39
840 34
841 25
842 45
843 34
844 43
845 43
846 50
847 50
848 45
849 41
850 41
851 37
852 48
853 47
854 52
855 42
856 34
857 34
858 38
859 44
860 38
861 40
862 40
863 35
864 32
865 39
866 41
867 37
868 42
869 44
870 29
871 43
872 42
873 34
874 59
875 38
876 33
877 33
878 41
879 40
880 41
881 51
882 30
883 30
884 37
885 37
886 34
887 36
888 42
889 40
890 36
891 23
892 28
893 47
894 38
895 31
896 36
897 38
898 52
899 25
900 26
901 36
902 37
903 37
904 38
905 35
906 48
907 34
908 31
909 40
910 45
911 35
912 31
913 30
914 31
915 38
916 29
917 40
918 35
919 33
920 45
921 34
922 34
923 36
924 34
925 29
926 27
927 35
928 28
929 35
930 40
931 32
932 28
933 30
934 45
935 38
936 40
937 33
938 40
939 33
940 31
941 27
942 41
943 38
944 25
945 36
946 26
947 35
948 35
949 41
950 32
951 30
952 26
953 34
954 43
955 25
956 36
957 31
958 34
959 29
960 29
961 35
962 40
963 34
964 39
965 31
966 37
967 39
968 42
969 35
970 38
971 33
972 34
973 35
974 44
975 28
976 45
977 42
978 41
979 35
980 33
981 41
982 53
983 43
984 40
985 43
986 36
987 30
988 34
989 33
990 38
991 42
992 44
993 35
994 30
995 42
996 43
997 26
998 38
999 34
1000 28
1001 38
1002 34
1003 45
1004 33
1005 46
1006 38
1007 38
1008 56
1009 63
1010 69
1011 62
1012 64
1013 96
1014 100
1015 108
1016 99
1017 86
1018 100
1019 92
1020 126
1021 121
1022 134
1023 185
1024 207
1025 196
1026 243
1027 261
1028 308
1029 332
1030 403
1031 578
1032 685
1033 679
1034 671
1035 655
1036 618
1037 501
1038 434
1039 315
1040 336
1041 299
1042 189
1043 135
1044 110
1045 80
1046 61
1047 42
1048 35
1049 34
1050 50
1051 57
1052 37
1053 26
1054 37
1055 41
1056 43
1057 47
1058 36
1059 39
1060 41
1061 37
1062 36
1063 46
1064 42
1065 45
1066 30
1067 36
1068 43
1069 41
1070 32
1071 42
1072 35
1073 20
1074 29
1075 38
1076 28
1077 32
1078 32
1079 46
1080 32
1081 26
1082 23
1083 41
1084 29
1085 27
1086 37
1087 31
1088 31
1089 37
1090 30
1091 34
1092 37
1093 29
1094 41
1095 48
1096 29
1097 35
1098 33
1099 36
1100 31
1101 36
1102 25
1103 35
1104 27
1105 28
1106 40
1107 33
1108 28
1109 33
1110 30
1111 40
1112 25
1113 30
1114 38
1115 37
1116 38
1117 26
1118 24
1119 42
1120 33
1121 25
1122 28
1123 41
1124 31
1125 41
1126 24
1127 25
1128 27
1129 25
1130 31
1131 31
1132 41
1133 41
1134 42
1135 37
1136 35
1137 38
1138 24
1139 30
1140 27
1141 36
1142 21
1143 29
1144 29
1145 34
1146 29
1147 31
1148 28
1149 39
1150 49
1151 29
1152 43
1153 53
1154 73
1155 42
1156 51
1157 49
1158 66
1159 59
1160 78
1161 73
1162 80
1163 38
1164 57
1165 56
1166 59
1167 55
1168 57
1169 47
1170 69
1171 84
1172 72
1173 52
1174 46
1175 52
1176 44
1177 31
1178 42
1179 37
1180 34
1181 47
1182 32
1183 28
1184 38
1185 41
1186 36
1187 32
1188 32
1189 32
1190 38
1191 31
1192 34
1193 25
1194 40
1195 38
1196 40
1197 24
1198 30
1199 15
1200 31
1201 36
1202 25
1203 26
1204 34
1205 27
1206 29
1207 24
1208 33
1209 47
1210 31
1211 26
1212 29
1213 36
1214 34
1215 33
1216 29
1217 34
1218 40
1219 37
1220 29
1221 41
1222 32
1223 31
1224 32
1225 44
1226 34
1227 37
1228 28
1229 19
1230 38
1231 29
1232 26
1233 35
1234 21
1235 21
1236 35
1237 24
1238 37
1239 24
1240 37
1241 30
1242 30
1243 39
1244 38
1245 26
1246 38
1247 35
1248 34
1249 34
1250 27
1251 31
1252 24
1253 33
1254 25
1255 32
1256 18
1257 39
1258 32
1259 19
1260 26
1261 35
1262 33
1263 24
1264 32
1265 19
1266 21
1267 19
1268 27
1269 28
1270 23
1271 25
1272 25
1273 21
1274 20
1275 16
1276 15
1277 13
1278 14
1279 24
1280 23
1281 24
1282 27
1283 22
1284 31
1285 26
1286 25
1287 29
1288 33
1289 31
1290 27
1291 31
1292 21
1293 31
1294 44
1295 34
1296 39
1297 46
1298 48
1299 42
1300 60
1301 72
1302 83
1303 80
1304 80
1305 108
1306 121
1307 162
1308 168
1309 176
1310 177
1311 162
1312 201
1313 285
1314 215
1315 213
1316 187
1317 181
1318 225
1319 234
1320 222
1321 200
1322 140
1323 126
1324 136
1325 118
1326 74
1327 60
1328 55
1329 49
1330 32
1331 23
1332 30
1333 30
1334 21
1335 31
1336 25
1337 30
1338 29
1339 21
1340 16
1341 31
1342 33
1343 20
1344 27
1345 20
1346 20
1347 18
1348 20
1349 28
1350 22
1351 22
1352 26
1353 27
1354 30
1355 20
1356 22
1357 11
1358 20
1359 21
1360 27
1361 24
1362 33
1363 21
1364 24
1365 24
1366 23
1367 19
1368 22
1369 28
1370 24
1371 24
1372 31
1373 29
1374 22
1375 21
1376 24
1377 28
1378 26
1379 31
1380 21
1381 22
1382 25
1383 23
1384 24
1385 15
1386 30
1387 20
1388 30
1389 19
1390 17
1391 21
1392 19
1393 28
1394 19
1395 34
1396 24
1397 22
1398 22
1399 24
1400 20
1401 17
1402 27
1403 18
1404 23
1405 28
1406 25
1407 21
1408 26
1409 32
1410 34
1411 30
1412 30
1413 18
1414 26
1415 25
1416 14
1417 27
1418 22
1419 21
1420 20
1421 23
1422 25
1423 13
1424 21
1425 19
1426 20
1427 25
1428 29
1429 17
1430 28
1431 16
1432 22
1433 38
1434 32
1435 21
1436 26
1437 20
1438 24
1439 19
1440 35
1441 18
1442 25
1443 24
1444 13
1445 31
1446 20
1447 24
1448 21
1449 28
1450 29
1451 29
1452 22
1453 31
1454 26
1455 17
1456 22
1457 22
1458 21
1459 25
1460 15
1461 27
1462 23
1463 18
1464 29
1465 23
1466 27
1467 18
1468 25
1469 21
1470 29
1471 16
1472 24
1473 20
1474 22
1475 25
1476 21
1477 25
1478 22
1479 26
1480 24
1481 27
1482 26
1483 25
1484 27
1485 22
1486 19
1487 28
1488 29
1489 25
1490 17
1491 22
1492 21
1493 24
1494 15
1495 26
1496 15
1497 17
1498 17
1499 26
1500 24
1501 13
1502 22
1503 26
1504 24
1505 18
1506 17
1507 15
1508 23
1509 22
1510 19
1511 23
1512 12
1513 26
1514 31
1515 30
1516 29
1517 21
1518 18
1519 16
1520 21
1521 22
1522 20
1523 27
1524 27
1525 21
1526 30
1527 16
1528 21
1529 23
1530 25
1531 27
1532 23
1533 15
1534 28
1535 26
1536 14
1537 18
1538 12
1539 10
1540 19
1541 28
1542 18
1543 22
1544 28
1545 13
1546 13
1547 21
1548 16
1549 21
1550 25
1551 16
1552 28
1553 22
1554 14
1555 17
1556 18
1557 20
1558 24
1559 19
1560 23
1561 26
1562 23
1563 20
1564 21
1565 18
1566 17
1567 24
1568 18
1569 17
1570 21
1571 23
1572 20
1573 23
1574 25
1575 20
1576 29
1577 20
1578 17
1579 27
1580 26
1581 19
1582 14
1583 28
1584 28
1585 23
1586 24
1587 18
1588 19
1589 23
1590 18
1591 14
1592 19
1593 29
1594 22
1595 19
1596 28
1597 14
1598 27
1599 30
1600 27
1601 21
1602 23
1603 18
1604 19
1605 21
1606 14
1607 18
1608 20
1609 17
1610 20
1611 13
1612 23
1613 15
1614 22
1615 19
1616 27
1617 23
1618 21
1619 16
1620 18
1621 15
1622 19
1623 16
1624 15
1625 22
1626 17
1627 20
1628 21
1629 13
1630 25
1631 25
1632 24
1633 25
1634 14
1635 11
1636 16
1637 19
1638 20
1639 19
1640 23
1641 24
1642 18
1643 19
1644 21
1645 18
1646 23
1647 13
1648 19
1649 15
1650 15
1651 20
1652 12
1653 18
1654 24
1655 23
1656 15
1657 23
1658 21
1659 21
1660 11
1661 13
1662 24
1663 17
1664 20
1665 17
1666 16
1667 15
1668 17
1669 17
1670 16
1671 18
1672 20
1673 20
1674 22
1675 21
1676 21
1677 20
1678 14
1679 13
1680 23
1681 13
1682 22
1683 22
1684 20
1685 18
1686 17
1687 21
1688 21
1689 23
1690 14
1691 22
1692 21
1693 19
1694 19
1695 19
1696 13
1697 24
1698 21
1699 17
1700 18
1701 11
1702 21
1703 24
1704 19
1705 28
1706 25
1707 19
1708 26
1709 19
1710 23
1711 28
1712 20
1713 23
1714 28
1715 23
1716 26
1717 30
1718 16
1719 21
1720 19
1721 19
1722 28
1723 25
1724 19
1725 23
1726 24
1727 24
1728 9
1729 20
1730 20
1731 24
1732 24
1733 26
1734 31
1735 24
1736 18
1737 18
1738 19
1739 22
1740 22
1741 23
1742 23
1743 20
1744 20
1745 22
1746 20
1747 29
1748 32
1749 25
1750 12
1751 19
1752 24
1753 22
1754 23
1755 29
1756 41
1757 38
1758 38
1759 30
1760 32
1761 45
1762 45
1763 59
1764 58
1765 56
1766 77
1767 69
1768 72
1769 116
1770 122
1771 126
1772 130
1773 115
1774 107
1775 80
1776 112
1777 122
1778 91
1779 83
1780 94
1781 113
1782 137
1783 95
1784 57
1785 51
1786 51
1787 24
1788 17
1789 39
1790 21
1791 18
1792 18
1793 18
1794 23
1795 13
1796 20
1797 21
1798 25
1799 19
1800 20
1801 11
1802 17
1803 22
1804 18
1805 22
1806 20
1807 28
1808 18
1809 7
1810 22
1811 22
1812 23
1813 13
1814 11
1815 17
1816 21
1817 15
1818 30
1819 16
1820 23
1821 12
1822 25
1823 22
1824 27
1825 20
1826 19
1827 23
1828 17
1829 14
1830 9
1831 18
1832 14
1833 15
1834 22
1835 14
1836 17
1837 16
1838 21
1839 11
1840 9
1841 10
1842 24
1843 20
1844 16
1845 9
1846 17
1847 15
1848 13
1849 14
1850 18
1851 25
1852 18
1853 6
1854 11
1855 17
1856 19
1857 12
1858 17
1859 13
1860 19
1861 20
1862 22
1863 18
1864 22
1865 16
1866 18
1867 18
1868 18
1869 21
1870 20
1871 14
1872 13
1873 20
1874 14
1875 22
1876 22
1877 11
1878 13
1879 21
1880 17
1881 19
1882 16
1883 15
1884 24
1885 16
1886 15
1887 14
1888 17
1889 11
1890 14
1891 18
1892 16
1893 15
1894 19
1895 14
1896 18
1897 14
1898 18
1899 12
1900 18
1901 25
1902 24
1903 10
1904 22
1905 13
1906 22
1907 10
1908 14
1909 15
1910 17
1911 18
1912 17
1913 18
1914 25
1915 18
1916 18
1917 8
1918 11
1919 32
1920 30
1921 15
1922 22
1923 21
1924 25
1925 20
1926 30
1927 20
1928 13
1929 27
1930 26
1931 20
1932 22
1933 18
1934 20
1935 19
1936 18
1937 17
1938 19
1939 15
1940 21
1941 16
1942 25
1943 23
1944 23
1945 15
1946 16
1947 16
1948 16
1949 17
1950 18
1951 17
1952 15
1953 23
1954 10
1955 24
1956 13
1957 11
1958 23
1959 15
1960 20
1961 18
1962 15
1963 18
1964 17
1965 18
1966 15
1967 13
1968 21
1969 23
1970 22
1971 26
1972 16
1973 15
1974 14
1975 18
1976 20
1977 14
1978 26
1979 31
1980 19
1981 17
1982 14
1983 22
1984 15
1985 29
1986 16
1987 15
1988 25
1989 24
1990 22
1991 21
1992 29
1993 22
1994 32
1995 25
1996 23
1997 26
1998 30
1999 38
2000 39
2001 34
2002 46
2003 55
2004 51
2005 64
2006 87
2007 96
2008 83
2009 90
2010 114
2011 103
2012 121
2013 163
2014 159
2015 167
2016 252
2017 273
2018 260
2019 239
2020 261
2021 386
2022 374
2023 367
2024 337
2025 438
2026 454
2027 409
2028 396
2029 300
2030 302
2031 334
2032 269
2033 201
2034 170
2035 158
2036 151
2037 136
2038 125
2039 138
2040 126
2041 77
2042 79
2043 58
2044 60
2045 43
2046 39
2047 38
2048 35
2049 24
2050 33
2051 28
2052 25
2053 18
2054 17
2055 26
2056 19
2057 23
2058 18
2059 25
2060 27
2061 24
2062 21
2063 22
2064 29
2065 18
2066 18
2067 19
2068 20
2069 21
2070 20
2071 24
2072 16
2073 25
2074 20
2075 20
2076 15
2077 12
2078 15
2079 12
2080 20
2081 19
2082 20
2083 19
2084 10
2085 16
2086 17
2087 23
2088 20
2089 23
2090 22
2091 21
2092 15
2093 16
2094 20
2095 16
2096 19
2097 20
2098 22
2099 14
2100 15
2101 16
2102 20
2103 11
2104 16
2105 9
2106 13
2107 15
2108 19
2109 23
2110 18
2111 19
2112 16
2113 19
2114 12
2115 12
2116 15
2117 18
2118 9
2119 11
2120 17
2121 15
2122 23
2123 11
2124 8
2125 13
2126 18
2127 10
2128 27
2129 14
2130 20
2131 13
2132 19
2133 11
2134 28
2135 12
2136 16
2137 8
2138 22
2139 21
2140 21
2141 19
2142 16
2143 23
2144 20
2145 24
2146 17
2147 14
2148 18
2149 17
2150 17
2151 16
2152 22
2153 12
2154 18
2155 17
2156 14
2157 16
2158 15
2159 19
2160 13
2161 15
2162 8
2163 17
2164 18
2165 14
2166 9
2167 12
2168 24
2169 12
2170 11
2171 22
2172 11
2173 8
2174 14
2175 18
2176 16
2177 12
2178 12
2179 21
2180 12
2181 14
2182 12
2183 14
2184 13
2185 19
2186 15
2187 14
2188 18
2189 15
2190 15
2191 21
2192 20
2193 15
2194 18
2195 23
2196 17
2197 10
2198 18
2199 23
2200 18
2201 17
2202 20
2203 20
2204 25
2205 26
2206 29
2207 27
2208 39
2209 37
2210 42
2211 47
2212 43
2213 54
2214 53
2215 69
2216 59
2217 57
2218 67
2219 74
2220 95
2221 98
2222 81
2223 104
2224 103
2225 96
2226 68
2227 81
2228 84
2229 112
2230 93
2231 96
2232 91
2233 93
2234 71
2235 74
2236 65
2237 64
2238 46
2239 44
2240 43
2241 30
2242 27
2243 30
2244 29
2245 20
2246 31
2247 24
2248 15
2249 22
2250 13
2251 19
2252 22
2253 15
2254 20
2255 16
2256 11
2257 14
2258 15
2259 14
2260 13
2261 14
2262 14
2263 21
2264 16
2265 14
2266 9
2267 14
2268 11
2269 13
2270 16
2271 19
2272 19
2273 16
2274 10
2275 10
2276 15
2277 11
2278 13
2279 17
2280 12
2281 17
2282 10
2283 6
2284 11
2285 13
2286 16
2287 13
2288 13
2289 11
2290 13
2291 15
2292 12
2293 8
2294 11
2295 11
2296 12
2297 14
2298 10
2299 14
2300 9
2301 10
2302 12
2303 12
2304 12
2305 16
2306 15
2307 12
2308 15
2309 14
2310 17
2311 9
2312 14
2313 6
2314 13
2315 11
2316 12
2317 12
2318 14
2319 14
2320 9
2321 17
2322 8
2323 8
2324 12
2325 14
2326 13
2327 14
2328 10
2329 14
2330 18
2331 17
2332 13
2333 16
2334 12
2335 13
2336 12
2337 13
2338 12
2339 10
2340 17
2341 17
2342 13
2343 10
2344 17
2345 6
2346 17
2347 17
2348 16
2349 21
2350 13
2351 13
2352 10
2353 7
2354 10
2355 18
2356 12
2357 16
2358 15
2359 13
2360 17
2361 10
2362 7
2363 12
2364 11
2365 15
2366 8
2367 8
2368 9
2369 12
2370 15
2371 17
2372 12
2373 14
2374 11
2375 6
2376 10
2377 10
2378 16
2379 26
2380 10
2381 17
2382 15
2383 13
2384 12
2385 13
2386 15
2387 15
2388 7
2389 12
2390 12
2391 15
2392 10
2393 18
2394 15
2395 13
2396 13
2397 9
2398 8
2399 13
2400 17
2401 15
2402 14
2403 13
2404 17
2405 16
2406 14
2407 12
2408 14
2409 15
2410 16
2411 9
2412 9
2413 14
2414 9
2415 13
2416 10
2417 15
2418 11
2419 7
2420 6
2421 19
2422 12
2423 16
2424 12
2425 11
2426 8
2427 9
2428 11
2429 10
2430 14
2431 11
2432 21
2433 9
2434 11
2435 10
2436 20
2437 14
2438 16
2439 14
2440 14
2441 12
2442 13
2443 17
2444 14
2445 16
2446 19
2447 14
2448 14
2449 11
2450 5
2451 10
2452 17
2453 12
2454 12
2455 12
2456 11
2457 19
2458 7
2459 9
2460 21
2461 15
2462 10
2463 18
2464 16
2465 9
2466 16
2467 9
2468 7
2469 10
2470 11
2471 12
2472 10
2473 14
2474 15
2475 16
2476 14
2477 10
2478 9
2479 10
2480 8
2481 16
2482 14
2483 16
2484 13
2485 19
2486 10
2487 25
2488 20
2489 21
2490 21
2491 19
2492 21
2493 21
2494 20
2495 18
2496 21
2497 30
2498 17
2499 30
2500 28
2501 33
2502 27
2503 41
2504 38
2505 47
2506 48
2507 50
2508 57
2509 54
2510 62
2511 65
2512 82
2513 94
2514 81
2515 82
2516 74
2517 63
2518 57
2519 43
2520 46
2521 54
2522 44
2523 38
2524 49
2525 48
2526 45
2527 41
2528 40
2529 30
2530 30
2531 32
2532 22
2533 25
2534 20
2535 26
2536 11
2537 28
2538 29
2539 17
2540 14
2541 18
2542 11
2543 8
2544 9
2545 16
2546 14
2547 14
2548 7
2549 16
2550 8
2551 17
2552 14
2553 13
2554 11
2555 10
2556 6
2557 11
2558 16
2559 22
