0 50
1 28
2 20
3 26
4 33
5 26
6 23
7 30
8 40
9 30
10 22
11 29
12 37
13 40
14 41
15 35
16 31
17 28
18 30
19 32
20 36
21 30
22 40
23 21
24 22
25 33
26 26
27 30
28 23
29 29
30 35
31 34
32 32
33 28
34 26
35 24
36 34
37 46
38 32
39 30
40 33
41 30
42 25
43 37
44 20
45 35
46 45
47 27
48 23
49 28
50 27
51 28
52 39
53 26
54 39
55 35
56 43
57 35
58 38
59 39
60 34
61 35
62 30
63 33
64 31
65 25
66 23
67 32
68 23
69 36
70 37
71 25
72 38
73 30
74 27
75 30
76 32
77 29
78 34
79 28
80 29
81 24
82 30
83 38
84 43
85 32
86 28
87 25
88 28
89 23
90 33
91 33
92 35
93 25
94 28
95 39
96 30
97 27
98 27
99 41
100 38
101 32
102 34
103 24
104 39
105 34
106 33
107 32
108 34
109 28
110 24
111 39
112 35
113 40
114 47
115 29
116 35
117 37
118 39
119 33
120 31
121 31
122 43
123 34
124 32
125 36
126 27
127 28
128 41
129 35
130 41
131 34
132 34
133 29
134 36
135 36
136 47
137 31
138 38
139 37
140 34
141 30
142 38
143 37
144 37
145 33
146 39
147 39
148 39
149 35
150 30
151 29
152 24
153 36
154 33
155 42
156 40
157 28
158 34
159 39
160 36
161 49
162 27
163 38
164 33
165 32
166 40
167 28
168 37
169 25
170 39
171 43
172 39
173 39
174 40
175 30
176 26
177 33
178 31
179 29
180 28
181 30
182 31
183 31
184 37
185 44
186 32
187 38
188 38
189 34
190 26
191 38
192 27
193 37
194 36
195 42
196 37
197 31
198 29
199 30
200 35
201 30
202 32
203 37
204 36
205 31
206 30
207 40
208 34
209 25
210 42
211 34
212 34
213 40
214 32
215 35
216 30
217 39
218 38
219 41
220 35
221 33
222 31
223 21
224 34
225 36
226 34
227 34
228 35
229 30
230 27
231 32
232 40
233 45
234 28
235 29
236 30
237 35
238 18
239 26
240 41
241 29
242 42
243 27
244 41
245 27
246 37
247 34
248 28
249 37
250 30
251 30
252 31
253 28
254 34
255 33
256 23
257 25
258 34
259 37
260 42
261 44
262 41
263 38
264 38
265 39
266 34
267 30
268 39
269 24
270 35
271 30
272 35
273 35
274 36
275 41
276 37
277 33
278 46
279 42
280 29
281 28
282 36
283 25
284 41
285 32
286 43
287 37
288 35
289 34
290 51
291 30
292 29
293 21
294 23
295 39
296 30
297 32
298 44
299 43
300 39
301 29
302 38
303 43
304 35
305 29
306 28
307 34
308 36
309 42
310 24
311 36
312 28
313 35
314 39
315 28
316 46
317 42
318 37
319 41
320 31
321 48
322 37
323 36
324 35
325 32
326 33
327 50
328 30
329 31
330 37
331 27
332 38
333 32
334 40
335 27
336 47
337 37
338 45
339 37
340 39
341 51
342 38
343 33
344 26
345 29
346 36
347 33
348 33
349 21
350 37
351 35
352 41
353 43
354 42
355 32
356 27
357 36
358 35
359 31
360 35
361 39
362 31
363 27
364 22
365 33
366 34
367 36
368 34
369 30
370 43
371 27
372 37
373 32
374 35
375 38
376 34
377 33
378 35
379 38
380 37
381 35
382 35
383 44
384 44
385 45
386 36
387 36
388 29
389 42
390 44
391 30
392 44
393 40
394 26
395 35
396 31
397 30
398 25
399 34
400 33
401 36
402 47
403 52
404 37
405 23
406 42
407 33
408 49
409 41
410 42
411 41
412 45
413 35
414 45
415 24
416 45
417 36
418 36
419 39
420 35
421 45
422 37
423 40
424 32
425 48
426 42
427 38
428 40
429 38
430 33
431 39
432 24
433 33
434 38
435 46
436 48
437 35
438 32
439 44
440 34
441 38
442 48
443 34
444 41
445 32
446 36
447 47
448 34
449 49
450 37
451 40
452 33
453 44
454 38
455 41
456 40
457 49
458 37
459 35
460 29
461 43
462 37
463 39
464 29
465 42
466 28
467 38
468 44
469 40
470 37
471 33
472 28
473 19
474 27
475 27
476 29
477 41
478 40
479 40
480 39
481 35
482 43
483 36
484 41
485 44
486 26
487 36
488 36
489 39
490 44
491 57
492 45
493 37
494 40
495 40
496 46
497 38
498 28
499 46
500 39
501 47
502 39
503 42
504 27
505 41
506 37
507 39
508 34
509 37
510 40
511 41
512 47
513 42
514 44
515 46
516 43
517 55
518 34
519 43
520 43
521 46
522 53
523 50
524 54
525 74
526 71
527 51
528 54
529 66
530 65
531 70
532 67
533 78
534 79
535 82
536 64
537 57
538 92
539 105
540 98
541 113
542 71
543 119
544 117
545 112
546 128
547 125
548 145
549 133
550 86
551 94
552 65
553 57
554 52
555 45
556 44
557 42
558 40
559 45
560 32
561 48
562 43
563 35
564 39
565 40
566 34
567 52
568 38
569 37
570 31
571 32
572 42
573 35
574 37
575 37
576 40
577 55
578 43
579 39
580 31
581 67
582 40
583 49
584 42
585 41
586 32
587 53
588 24
589 46
590 48
591 36
592 29
593 38
594 33
595 35
596 39
597 33
598 35
599 25
600 30
601 35
602 38
603 35
604 55
605 46
606 37
607 47
608 36
609 31
610 30
611 40
612 40
613 44
614 61
615 45
616 36
617 36
618 30
619 36
620 38
621 37
622 50
623 32
624 31
625 43
626 41
627 41
628 38
629 39
630 32
631 36
632 42
633 32
634 34
635 36
636 49
637 38
638 41
639 44
640 35
641 32
642 43
643 34
644 50
645 29
646 35
647 35
648 48
649 46
650 35
651 46
652 31
653 43
654 36
655 58
656 55
657 35
658 35
659 34
660 34
661 40
662 41
663 41
664 35
665 36
666 45
667 45
668 42
669 41
670 38
671 45
672 40
673 35
674 38
675 48
676 47
677 38
678 34
679 44
680 48
681 41
682 44
683 36
684 32
685 32
686 31
687 31
688 39
689 34
690 46
691 38
692 44
693 42
694 26
695 37
696 35
697 39
698 45
699 44
700 37
701 40
702 38
703 36
704 39
705 27
706 38
707 46
708 41
709 32
710 42
711 39
712 46
713 36
714 32
715 40
716 27
717 36
718 40
719 35
720 36
721 35
722 38
723 41
724 31
725 42
726 41
727 42
728 40
729 40
730 42
731 35
732 43
733 33
734 43
735 40
736 46
737 21
738 42
739 40
740 29
741 42
742 37
743 36
744 37
745 37
746 46
747 40
748 31
749 43
750 31
751 36
752 44
753 39
754 36
755 49
756 33
757 43
758 34
759 46
760 44
761 28
762 37
763 45
764 34
765 35
766 34
767 46
768 43
769 47
770 35
771 37
772 42
773 44
774 26
775 40
776 56
777 36
778 35
779 38
780 43
781 29
782 36
783 48
784 32
785 33
786 29
787 39
788 40
789 30
790 45
791 45
792 45
793 30
794 29
795 33
796 36
797 46
798 43
799 42
800 31
801 47
802 31
803 38
804 40
805 35
806 33
807 29
808 34
809 39
810 34
811 41
812 39
813 30
814 39
815 43
816 42
817 34
818 25
819 44
820 42
821 30
822 31
823 37
824 37
825 29
826 31
827 41
828 33
829 38
830 30
831 30
832 31
833 42
834 32
835 27
836 32
837 42
838 32
839 30
840 37
841 38
842 37
843 43
844 34
845 39
846 50
847 32
848 34
849 34
850 35
851 42
852 37
853 34
854 38
855 28
856 33
857 37
858 41
859 43
860 34
861 35
862 37
863 27
864 41
865 42
866 41
867 28
868 39
869 32
870 34
871 37
872 45
873 43
874 46
875 40
876 43
877 47
878 43
879 36
880 46
881 34
882 36
883 34
884 41
885 36
886 40
887 43
888 43
889 34
890 30
891 36
892 37
893 32
894 34
895 37
896 40
897 37
898 33
899 30
900 43
901 36
902 39
903 32
904 34
905 30
906 52
907 34
908 29
909 35
910 32
911 35
912 33
913 40
914 28
915 34
916 37
917 49
918 35
919 22
920 34
921 36
922 38
923 25
924 36
925 35
926 34
927 39
928 41
929 31
930 33
931 28
932 35
933 26
934 41
935 27
936 33
937 25
938 36
939 34
940 41
941 35
942 36
943 35
944 33
945 26
946 22
947 29
948 31
949 31
950 28
951 27
952 33
953 39
954 30
955 41
956 35
957 45
958 49
959 29
960 29
961 34
962 33
963 43
964 35
965 27
966 41
967 35
968 29
969 28
970 34
971 32
972 37
973 25
974 27
975 21
976 26
977 47
978 40
979 41
980 34
981 35
982 35
983 26
984 39
985 33
986 27
987 32
988 31
989 35
990 24
991 32
992 37
993 37
994 36
995 42
996 31
997 28
998 28
999 27
1000 23
1001 40
1002 41
1003 45
1004 43
1005 45
1006 51
1007 39
1008 41
1009 41
1010 38
1011 36
1012 33
1013 44
1014 29
1015 27
1016 39
1017 34
1018 41
1019 35
1020 40
1021 39
1022 34
1023 28
1024 31
1025 37
1026 34
1027 38
1028 45
1029 36
1030 45
1031 41
1032 50
1033 38
1034 39
1035 45
1036 29
1037 41
1038 44
1039 61
1040 62
1041 59
1042 65
1043 89
1044 89
1045 98
1046 96
1047 94
1048 166
1049 173
1050 210
1051 237
1052 299
1053 313
1054 257
1055 278
1056 287
1057 372
1058 436
1059 465
1060 478
1061 490
1062 560
1063 698
1064 689
1065 567
1066 453
1067 353
1068 323
1069 277
1070 222
1071 215
1072 183
1073 126
1074 73
1075 57
1076 54
1077 44
1078 41
1079 38
1080 49
1081 42
1082 45
1083 37
1084 34
1085 30
1086 43
1087 27
1088 37
1089 38
1090 32
1091 28
1092 45
1093 45
1094 30
1095 43
1096 37
1097 15
1098 33
1099 43
1100 29
1101 41
1102 40
1103 31
1104 32
1105 35
1106 30
1107 41
1108 32
1109 35
1110 41
1111 21
1112 38
1113 41
1114 29
1115 16
1116 35
1117 29
1118 36
1119 26
1120 30
1121 37
1122 35
1123 27
1124 25
1125 40
1126 39
1127 32
1128 26
1129 36
1130 32
1131 36
1132 42
1133 39
1134 30
1135 40
1136 23
1137 27
1138 21
1139 38
1140 23
1141 36
1142 33
1143 32
1144 32
1145 40
1146 25
1147 32
1148 27
1149 26
1150 31
1151 40
1152 34
1153 27
1154 32
1155 26
1156 37
1157 36
1158 36
1159 26
1160 31
1161 28
1162 35
1163 29
1164 25
1165 21
1166 26
1167 26
1168 16
1169 33
1170 32
1171 24
1172 42
1173 37
1174 31
1175 41
1176 35
1177 38
1178 42
1179 34
1180 33
1181 43
1182 49
1183 39
1184 54
1185 55
1186 51
1187 44
1188 45
1189 40
1190 52
1191 44
1192 55
1193 59
1194 52
1195 70
1196 58
1197 59
1198 81
1199 78
1200 85
1201 67
1202 43
1203 41
1204 45
1205 45
1206 40
1207 38
1208 39
1209 34
1210 28
1211 29
1212 39
1213 29
1214 34
1215 28
1216 36
1217 19
1218 36
1219 29
1220 38
1221 12
1222 25
1223 32
1224 29
1225 28
1226 27
1227 40
1228 31
1229 21
1230 29
1231 25
1232 35
1233 26
1234 38
1235 36
1236 27
1237 23
1238 34
1239 34
1240 45
1241 26
1242 38
1243 19
1244 21
1245 34
1246 26
1247 35
1248 28
1249 22
1250 27
1251 40
1252 28
1253 27
1254 25
1255 29
1256 39
1257 37
1258 30
1259 35
1260 38
1261 31
1262 36
1263 37
1264 20
1265 32
1266 28
1267 29
1268 26
1269 27
1270 38
1271 33
1272 21
1273 19
1274 18
1275 16
1276 22
1277 18
1278 21
1279 20
1280 44
1281 37
1282 34
1283 37
1284 35
1285 27
1286 27
1287 14
1288 20
1289 32
1290 22
1291 30
1292 32
1293 26
1294 27
1295 23
1296 37
1297 23
1298 28
1299 31
1300 21
1301 20
1302 22
1303 21
1304 24
1305 19
1306 20
1307 23
1308 28
1309 21
1310 33
1311 26
1312 21
1313 35
1314 26
1315 23
1316 23
1317 26
1318 26
1319 22
1320 30
1321 28
1322 18
1323 20
1324 28
1325 21
1326 32
1327 23
1328 36
1329 33
1330 31
1331 35
1332 39
1333 52
1334 59
1335 95
1336 98
1337 88
1338 89
1339 93
1340 93
1341 105
1342 129
1343 164
1344 189
1345 205
1346 181
1347 203
1348 269
1349 249
1350 256
1351 211
1352 198
1353 185
1354 155
1355 197
1356 174
1357 149
1358 161
1359 157
1360 102
1361 61
1362 46
1363 44
1364 31
1365 29
1366 25
1367 33
1368 20
1369 30
1370 24
1371 25
1372 20
1373 25
1374 33
1375 22
1376 24
1377 18
1378 24
1379 23
1380 17
1381 23
1382 20
1383 27
1384 17
1385 18
1386 25
1387 23
1388 27
1389 21
1390 17
1391 21
1392 20
1393 19
1394 28
1395 31
1396 15
1397 24
1398 19
1399 24
1400 26
1401 31
1402 20
1403 23
1404 23
1405 33
1406 24
1407 21
1408 32
1409 28
1410 18
1411 18
1412 27
1413 19
1414 25
1415 21
1416 15
1417 17
1418 27
1419 23
1420 19
1421 22
1422 21
1423 20
1424 18
1425 23
1426 19
1427 27
1428 26
1429 28
1430 27
1431 17
1432 28
1433 20
1434 22
1435 24
1436 17
1437 25
1438 26
1439 21
1440 25
1441 19
1442 18
1443 19
1444 17
1445 14
1446 25
1447 16
1448 29
1449 21
1450 28
1451 16
1452 19
1453 23
1454 18
1455 24
1456 28
1457 18
1458 19
1459 21
1460 22
1461 23
1462 29
1463 19
1464 24
1465 21
1466 19
1467 23
1468 21
1469 27
1470 22
1471 20
1472 28
1473 17
1474 24
1475 19
1476 20
1477 24
1478 20
1479 20
1480 27
1481 20
1482 18
1483 17
1484 24
1485 17
1486 29
1487 18
1488 30
1489 30
1490 15
1491 26
1492 28
1493 23
1494 21
1495 28
1496 31
1497 19
1498 21
1499 15
1500 28
1501 23
1502 27
1503 20
1504 28
1505 25
1506 26
1507 15
1508 18
1509 19
1510 23
1511 14
1512 22
1513 37
1514 19
1515 26
1516 19
1517 19
1518 24
1519 19
1520 21
1521 22
1522 13
1523 17
1524 12
1525 20
1526 21
1527 16
1528 17
1529 27
1530 21
1531 30
1532 32
1533 18
1534 18
1535 19
1536 21
1537 18
1538 28
1539 16
1540 22
1541 17
1542 15
1543 23
1544 12
1545 20
1546 24
1547 15
1548 27
1549 28
1550 20
1551 21
1552 20
1553 17
1554 17
1555 24
1556 26
1557 19
1558 15
1559 18
1560 28
1561 26
1562 20
1563 24
1564 17
1565 17
1566 21
1567 27
1568 19
1569 19
1570 15
1571 16
1572 15
1573 18
1574 21
1575 30
1576 19
1577 22
1578 19
1579 22
1580 20
1581 14
1582 29
1583 24
1584 20
1585 22
1586 21
1587 22
1588 26
1589 26
1590 10
1591 19
1592 15
1593 23
1594 20
1595 25
1596 23
1597 22
1598 16
1599 17
1600 23
1601 20
1602 19
1603 14
1604 19
1605 19
1606 20
1607 19
1608 21
1609 15
1610 18
1611 29
1612 20
1613 19
1614 21
1615 21
1616 16
1617 13
1618 21
1619 25
1620 20
1621 26
1622 19
1623 19
1624 19
1625 26
1626 19
1627 16
1628 14
1629 21
1630 17
1631 11
1632 15
1633 18
1634 16
1635 16
1636 18
1637 9
1638 26
1639 18
1640 14
1641 20
1642 16
1643 19
1644 18
1645 18
1646 23
1647 20
1648 19
1649 16
1650 18
1651 16
1652 26
1653 12
1654 18
1655 22
1656 20
1657 23
1658 18
1659 15
1660 18
1661 19
1662 18
1663 18
1664 27
1665 23
1666 16
1667 16
1668 31
1669 20
1670 18
1671 16
1672 27
1673 14
1674 13
1675 20
1676 24
1677 20
1678 23
1679 17
1680 15
1681 15
1682 21
1683 17
1684 14
1685 13
1686 21
1687 14
1688 19
1689 26
1690 19
1691 23
1692 15
1693 19
1694 25
1695 17
1696 29
1697 17
1698 23
1699 17
1700 26
1701 18
1702 16
1703 15
1704 13
1705 19
1706 17
1707 23
1708 18
1709 16
1710 19
1711 16
1712 16
1713 19
1714 18
1715 15
1716 17
1717 18
1718 19
1719 20
1720 19
1721 16
1722 22
1723 16
1724 19
1725 14
1726 22
1727 12
1728 18
1729 18
1730 20
1731 15
1732 16
1733 22
1734 18
1735 12
1736 15
1737 21
1738 16
1739 19
1740 19
1741 19
1742 23
1743 23
1744 30
1745 28
1746 20
1747 23
1748 26
1749 20
1750 21
1751 16
1752 28
1753 24
1754 25
1755 18
1756 20
1757 22
1758 27
1759 24
1760 19
1761 25
1762 21
1763 23
1764 23
1765 17
1766 27
1767 20
1768 15
1769 23
1770 22
1771 19
1772 14
1773 25
1774 19
1775 17
1776 15
1777 21
1778 17
1779 20
1780 16
1781 22
1782 20
1783 17
1784 23
1785 22
1786 24
1787 21
1788 30
1789 20
1790 32
1791 25
1792 46
1793 36
1794 59
1795 49
1796 42
1797 63
1798 43
1799 50
1800 51
1801 80
1802 62
1803 84
1804 99
1805 110
1806 145
1807 173
1808 126
1809 140
1810 133
1811 137
1812 127
1813 122
1814 108
1815 76
1816 77
1817 91
1818 95
1819 117
1820 80
1821 52
1822 37
1823 36
1824 36
1825 42
1826 38
1827 27
1828 26
1829 26
1830 23
1831 20
1832 17
1833 19
1834 23
1835 18
1836 18
1837 20
1838 14
1839 17
1840 18
1841 17
1842 10
1843 24
1844 21
1845 22
1846 15
1847 22
1848 14
1849 9
1850 19
1851 12
1852 14
1853 13
1854 17
1855 19
1856 23
1857 20
1858 20
1859 32
1860 21
1861 16
1862 20
1863 15
1864 14
1865 19
1866 18
1867 18
1868 20
1869 15
1870 21
1871 19
1872 21
1873 20
1874 14
1875 10
1876 12
1877 13
1878 27
1879 21
1880 22
1881 28
1882 22
1883 13
1884 10
1885 18
1886 16
1887 20
1888 16
1889 18
1890 13
1891 9
1892 19
1893 23
1894 20
1895 15
1896 20
1897 12
1898 14
1899 16
1900 17
1901 18
1902 22
1903 22
1904 24
1905 19
1906 25
1907 14
1908 24
1909 17
1910 19
1911 18
1912 14
1913 14
1914 23
1915 18
1916 16
1917 17
1918 13
1919 16
1920 13
1921 13
1922 18
1923 16
1924 17
1925 12
1926 30
1927 18
1928 10
1929 22
1930 23
1931 15
1932 14
1933 17
1934 20
1935 14
1936 24
1937 13
1938 13
1939 16
1940 19
1941 15
1942 15
1943 25
1944 24
1945 27
1946 19
1947 12
1948 18
1949 15
1950 23
1951 17
1952 11
1953 13
1954 14
1955 13
1956 12
1957 19
1958 24
1959 18
1960 19
1961 30
1962 22
1963 15
1964 18
1965 17
1966 22
1967 21
1968 16
1969 16
1970 9
1971 24
1972 13
1973 18
1974 17
1975 13
1976 16
1977 15
1978 14
1979 25
1980 17
1981 18
1982 14
1983 17
1984 9
1985 17
1986 14
1987 11
1988 12
1989 16
1990 23
1991 18
1992 13
1993 17
1994 16
1995 15
1996 28
1997 19
1998 19
1999 14
2000 21
2001 30
2002 22
2003 16
2004 13
2005 12
2006 20
2007 17
2008 23
2009 17
2010 21
2011 22
2012 13
2013 19
2014 18
2015 15
2016 11
2017 17
2018 14
2019 19
2020 9
2021 22
2022 18
2023 19
2024 19
2025 16
2026 25
2027 19
2028 13
2029 25
2030 17
2031 24
2032 23
2033 19
2034 27
2035 22
2036 17
2037 23
2038 16
2039 21
2040 31
2041 29
2042 34
2043 32
2044 37
2045 53
2046 46
2047 52
2048 56
2049 49
2050 62
2051 81
2052 110
2053 149
2054 183
2055 166
2056 139
2057 142
2058 154
2059 169
2060 208
2061 254
2062 327
2063 403
2064 366
2065 313
2066 313
2067 346
2068 371
2069 410
2070 481
2071 530
2072 596
2073 422
2074 436
2075 373
2076 312
2077 261
2078 252
2079 214
2080 187
2081 148
2082 108
2083 98
2084 90
2085 84
2086 60
2087 42
2088 37
2089 36
2090 28
2091 32
2092 26
2093 27
2094 29
2095 21
2096 22
2097 20
2098 17
2099 22
2100 22
2101 19
2102 14
2103 18
2104 18
2105 23
2106 17
2107 19
2108 20
2109 22
2110 18
2111 17
2112 20
2113 16
2114 17
2115 20
2116 21
2117 11
2118 20
2119 25
2120 17
2121 24
2122 16
2123 13
2124 12
2125 15
2126 20
2127 21
2128 23
2129 11
2130 18
2131 11
2132 16
2133 19
2134 20
2135 13
2136 14
2137 22
2138 24
2139 13
2140 10
2141 13
2142 18
2143 15
2144 16
2145 19
2146 13
2147 13
2148 12
2149 18
2150 18
2151 10
2152 15
2153 16
2154 11
2155 23
2156 22
2157 13
2158 18
2159 15
2160 24
2161 16
2162 14
2163 16
2164 13
2165 22
2166 20
2167 18
2168 12
2169 14
2170 12
2171 13
2172 14
2173 23
2174 17
2175 20
2176 22
2177 17
2178 20
2179 18
2180 16
2181 25
2182 19
2183 22
2184 28
2185 18
2186 20
2187 21
2188 26
2189 18
2190 14
2191 10
2192 19
2193 11
2194 12
2195 12
2196 26
2197 16
2198 18
2199 12
2200 15
2201 20
2202 12
2203 12
2204 12
2205 13
2206 12
2207 12
2208 13
2209 13
2210 22
2211 11
2212 13
2213 13
2214 12
2215 13
2216 15
2217 12
2218 10
2219 20
2220 20
2221 9
2222 11
2223 15
2224 21
2225 10
2226 14
2227 10
2228 15
2229 15
2230 15
2231 11
2232 9
2233 13
2234 7
2235 11
2236 12
2237 19
2238 12
2239 20
2240 20
2241 20
2242 10
2243 15
2244 23
2245 25
2246 9
2247 21
2248 26
2249 17
2250 20
2251 24
2252 24
2253 24
2254 30
2255 30
2256 43
2257 37
2258 42
2259 57
2260 51
2261 57
2262 56
2263 69
2264 66
2265 60
2266 77
2267 75
2268 79
2269 96
2270 89
2271 95
2272 98
2273 102
2274 92
2275 63
2276 73
2277 75
2278 79
2279 66
2280 58
2281 53
2282 58
2283 38
2284 43
2285 23
2286 31
2287 24
2288 36
2289 24
2290 28
2291 18
2292 17
2293 13
2294 20
2295 23
2296 21
2297 25
2298 15
2299 18
2300 16
2301 15
2302 11
2303 13
2304 12
2305 7
2306 15
2307 17
2308 13
2309 16
2310 19
2311 12
2312 16
2313 20
2314 15
2315 13
2316 9
2317 15
2318 16
2319 13
2320 13
2321 11
2322 11
2323 14
2324 20
2325 13
2326 10
2327 12
2328 11
2329 7
2330 7
2331 9
2332 14
2333 17
2334 11
2335 7
2336 11
2337 10
2338 11
2339 16
2340 14
2341 9
2342 10
2343 18
2344 19
2345 19
2346 13
2347 20
2348 22
2349 21
2350 17
2351 14
2352 13
2353 9
2354 17
2355 9
2356 15
2357 10
2358 14
2359 11
2360 16
2361 13
2362 18
2363 8
2364 15
2365 14
2366 13
2367 10
2368 15
2369 10
2370 17
2371 10
2372 9
2373 12
2374 12
2375 15
2376 11
2377 13
2378 9
2379 8
2380 11
2381 15
2382 12
2383 13
2384 11
2385 15
2386 15
2387 6
2388 15
2389 16
2390 14
2391 16
2392 8
2393 8
2394 18
2395 22
2396 22
2397 14
2398 14
2399 7
2400 15
2401 10
2402 11
2403 16
2404 12
2405 10
2406 10
2407 12
2408 12
2409 14
2410 9
2411 11
2412 12
2413 10
2414 10
2415 8
2416 11
2417 16
2418 18
2419 10
2420 16
2421 12
2422 12
2423 18
2424 10
2425 10
2426 16
2427 17
2428 20
2429 15
2430 11
2431 12
2432 15
2433 15
2434 6
2435 12
2436 10
2437 9
2438 21
2439 12
2440 14
2441 15
2442 8
2443 12
2444 12
2445 13
2446 16
2447 8
2448 9
2449 9
2450 7
2451 23
2452 14
2453 12
2454 14
2455 13
2456 14
2457 12
2458 8
2459 10
2460 10
2461 7
2462 8
2463 12
2464 11
2465 9
2466 9
2467 11
2468 9
2469 10
2470 17
2471 13
2472 8
2473 16
2474 16
2475 17
2476 15
2477 14
2478 10
2479 12
2480 8
2481 17
2482 16
2483 13
2484 12
2485 12
2486 11
2487 11
2488 17
2489 14
2490 9
2491 4
2492 10
2493 8
2494 10
2495 12
2496 13
2497 9
2498 16
2499 15
2500 10
2501 11
2502 14
2503 10
2504 18
2505 14
2506 16
2507 11
2508 11
2509 16
2510 15
2511 14
2512 16
2513 19
2514 8
2515 11
2516 9
2517 10
2518 15
2519 15
2520 15
2521 18
2522 10
2523 9
2524 12
2525 13
2526 13
2527 16
2528 16
2529 13
2530 11
2531 15
2532 15
2533 12
2534 19
2535 15
2536 14
2537 15
2538 14
2539 14
2540 11
2541 9
2542 16
2543 25
2544 20
2545 14
2546 26
2547 25
2548 20
2549 22
2550 33
2551 37
2552 30
2553 38
2554 47
2555 52
2556 50
2557 55
2558 48
2559 68
