0 29
1 25
2 27
3 19
4 31
5 23
6 34
7 31
8 31
9 26
10 22
11 41
12 33
13 38
14 38
15 26
16 32
17 20
18 25
19 24
20 34
21 27
22 38
23 31
24 18
25 28
26 32
27 25
28 24
29 21
30 31
31 27
32 26
33 26
34 23
35 25
36 31
37 23
38 30
39 27
40 24
41 26
42 21
43 22
44 31
45 28
46 30
47 25
48 29
49 25
50 31
51 32
52 26
53 33
54 33
55 24
56 21
57 34
58 23
59 22
60 19
61 34
62 36
63 39
64 37
65 27
66 41
67 31
68 24
69 30
70 28
71 22
72 23
73 38
74 30
75 37
76 29
77 23
78 16
79 26
80 27
81 15
82 38
83 33
84 27
85 26
86 20
87 22
88 29
89 21
90 31
91 32
92 21
93 22
94 30
95 29
96 28
97 23
98 22
99 20
100 29
101 33
102 30
103 38
104 33
105 26
106 23
107 38
108 33
109 33
110 35
111 30
112 24
113 29
114 22
115 26
116 30
117 32
118 30
119 20
120 35
121 30
122 26
123 24
124 18
125 30
126 34
127 44
128 26
129 33
130 32
131 32
132 24
133 38
134 24
135 36
136 46
137 36
138 34
139 42
140 27
141 25
142 21
143 22
144 30
145 28
146 31
147 42
148 17
149 31
150 30
151 25
152 29
153 36
154 36
155 38
156 37
157 22
158 27
159 36
160 39
161 27
162 30
163 37
164 37
165 34
166 25
167 36
168 20
169 24
170 39
171 28
172 29
173 33
174 34
175 33
176 32
177 30
178 30
179 25
180 31
181 31
182 39
183 25
184 30
185 23
186 33
187 26
188 24
189 31
190 43
191 26
192 28
193 30
194 32
195 33
196 21
197 37
198 22
199 38
200 38
201 37
202 35
203 27
204 29
205 37
206 30
207 22
208 24
209 36
210 25
211 33
212 28
213 35
214 27
215 36
216 22
217 33
218 28
219 30
220 24
221 38
222 34
223 22
224 35
225 23
226 43
227 36
228 37
229 34
230 19
231 36
232 29
233 38
234 28
235 23
236 40
237 30
238 30
239 38
240 28
241 34
242 34
243 39
244 40
245 36
246 35
247 33
248 33
249 25
250 33
251 33
252 27
253 30
254 30
255 25
256 36
257 35
258 38
259 36
260 30
261 36
262 38
263 26
264 22
265 27
266 41
267 28
268 27
269 22
270 28
271 37
272 33
273 31
274 30
275 37
276 31
277 38
278 32
279 41
280 32
281 36
282 32
283 34
284 23
285 33
286 26
287 39
288 36
289 30
290 34
291 30
292 40
293 27
294 34
295 26
296 37
297 34
298 29
299 35
300 30
301 34
302 29
303 32
304 30
305 37
306 30
307 36
308 30
309 32
310 37
311 27
312 32
313 36
314 40
315 33
316 33
317 29
318 36
319 34
320 30
321 33
322 48
323 32
324 32
325 40
326 25
327 31
328 41
329 29
330 35
331 28
332 33
333 34
334 40
335 32
336 31
337 31
338 37
339 40
340 25
341 37
342 24
343 29
344 41
345 39
346 26
347 33
348 32
349 46
350 34
351 34
352 27
353 32
354 40
355 36
356 31
357 39
358 40
359 28
360 35
361 28
362 33
363 45
364 29
365 35
366 44
367 27
368 34
369 39
370 42
371 43
372 29
373 41
374 32
375 43
376 26
377 37
378 29
379 39
380 34
381 31
382 28
383 23
384 40
385 25
386 32
387 26
388 28
389 37
390 34
391 36
392 40
393 45
394 40
395 33
396 38
397 50
398 31
399 30
400 34
401 35
402 30
403 29
404 47
405 33
406 28
407 33
408 30
409 33
410 39
411 31
412 29
413 45
414 46
415 33
416 34
417 38
418 36
419 44
420 41
421 33
422 40
423 36
424 38
425 25
426 29
427 46
428 46
429 37
430 25
431 38
432 34
433 34
434 38
435 29
436 37
437 32
438 33
439 38
440 33
441 27
442 30
443 34
444 29
445 40
446 30
447 32
448 44
449 37
450 26
451 26
452 29
453 41
454 38
455 39
456 27
457 34
458 45
459 31
460 32
461 28
462 27
463 38
464 37
465 32
466 32
467 36
468 28
469 20
470 28
471 44
472 36
473 57
474 42
475 20
476 37
477 27
478 36
479 40
480 36
481 38
482 35
483 39
484 34
485 43
486 34
487 25
488 32
489 42
490 28
491 31
492 33
493 25
494 33
495 34
496 34
497 33
498 29
499 33
500 35
501 38
502 35
503 28
504 19
505 42
506 30
507 37
508 30
509 35
510 37
511 36
512 30
513 34
514 41
515 34
516 37
517 38
518 33
519 37
520 35
521 33
522 34
523 33
524 41
525 35
526 31
527 42
528 24
529 40
530 34
531 41
532 33
533 30
534 29
535 20
536 33
537 33
538 37
539 31
540 40
541 37
542 40
543 34
544 29
545 27
546 31
547 38
548 27
549 35
550 37
551 30
552 31
553 29
554 30
555 47
556 39
557 36
558 43
559 42
560 37
561 29
562 30
563 35
564 27
565 37
566 38
567 32
568 28
569 42
570 43
571 38
572 35
573 34
574 45
575 52
576 54
577 39
578 53
579 46
580 60
581 75
582 74
583 71
584 77
585 77
586 78
587 81
588 88
589 84
590 89
591 72
592 95
593 121
594 140
595 125
596 122
597 131
598 105
599 106
600 111
601 129
602 130
603 140
604 158
605 105
606 76
607 59
608 59
609 46
610 24
611 42
612 35
613 43
614 45
615 37
616 37
617 34
618 38
619 43
620 33
621 39
622 40
623 48
624 38
625 42
626 35
627 44
628 36
629 30
630 27
631 51
632 40
633 45
634 30
635 30
636 29
637 40
638 40
639 28
640 23
641 39
642 48
643 39
644 49
645 32
646 33
647 40
648 36
649 34
650 37
651 31
652 33
653 31
654 44
655 29
656 43
657 41
658 33
659 32
660 35
661 38
662 37
663 43
664 29
665 50
666 35
667 34
668 28
669 29
670 41
671 42
672 34
673 43
674 37
675 39
676 44
677 25
678 38
679 45
680 42
681 35
682 31
683 19
684 34
685 35
686 34
687 33
688 39
689 35
690 38
691 38
692 33
693 41
694 36
695 34
696 48
697 41
698 40
699 35
700 42
701 37
702 25
703 34
704 42
705 41
706 33
707 31
708 48
709 41
710 34
711 40
712 41
713 31
714 46
715 29
716 36
717 37
718 26
719 31
720 24
721 32
722 43
723 23
724 34
725 47
726 31
727 43
728 40
729 54
730 42
731 29
732 37
733 36
734 29
735 34
736 39
737 36
738 45
739 40
740 33
741 34
742 26
743 29
744 37
745 20
746 31
747 27
748 25
749 29
750 37
751 30
752 31
753 38
754 26
755 40
756 32
757 36
758 27
759 40
760 34
761 27
762 30
763 29
764 39
765 36
766 32
767 28
768 39
769 32
770 34
771 39
772 33
773 41
774 34
775 42
776 37
777 34
778 28
779 34
780 37
781 40
782 47
783 33
784 21
785 36
786 43
787 43
788 29
789 37
790 34
791 34
792 30
793 31
794 32
795 40
796 37
797 25
798 23
799 36
800 40
801 33
802 30
803 36
804 39
805 39
806 32
807 34
808 35
809 30
810 43
811 37
812 25
813 31
814 34
815 40
816 28
817 25
818 36
819 35
820 32
821 33
822 30
823 30
824 26
825 32
826 37
827 23
828 34
829 34
830 30
831 35
832 41
833 31
834 30
835 23
836 30
837 29
838 33
839 26
840 39
841 34
842 28
843 33
844 35
845 34
846 29
847 28
848 28
849 32
850 36
851 32
852 35
853 35
854 36
855 38
856 27
857 35
858 30
859 43
860 34
861 31
862 33
863 17
864 35
865 38
866 31
867 36
868 31
869 22
870 26
871 38
872 32
873 35
874 38
875 36
876 36
877 31
878 39
879 34
880 25
881 28
882 35
883 33
884 43
885 26
886 19
887 38
888 34
889 36
890 44
891 41
892 33
893 31
894 32
895 24
896 37
897 25
898 33
899 29
900 34
901 36
902 35
903 22
904 44
905 30
906 40
907 34
908 36
909 30
910 29
911 32
912 25
913 36
914 39
915 38
916 37
917 41
918 42
919 37
920 28
921 37
922 36
923 48
924 36
925 41
926 34
927 28
928 37
929 35
930 34
931 21
932 34
933 33
934 43
935 32
936 37
937 33
938 33
939 30
940 36
941 33
942 33
943 37
944 35
945 40
946 40
947 28
948 30
949 41
950 39
951 38
952 31
953 29
954 38
955 34
956 28
957 30
958 22
959 33
960 29
961 28
962 35
963 38
964 22
965 38
966 32
967 35
968 34
969 32
970 37
971 27
972 23
973 32
974 29
975 31
976 34
977 29
978 29
979 29
980 27
981 26
982 33
983 26
984 27
985 31
986 28
987 34
988 30
989 37
990 30
991 29
992 30
993 29
994 29
995 29
996 28
997 30
998 28
999 37
1000 49
1001 42
1002 30
1003 32
1004 27
1005 35
1006 29
1007 32
1008 42
1009 28
1010 35
1011 31
1012 31
1013 26
1014 34
1015 36
1016 36
1017 31
1018 26
1019 37
1020 28
1021 19
1022 39
1023 35
1024 32
1025 32
1026 35
1027 35
1028 28
1029 27
1030 34
1031 37
1032 45
1033 34
1034 32
1035 26
1036 36
1037 32
1038 25
1039 28
1040 32
1041 40
1042 29
1043 42
1044 36
1045 21
1046 41
1047 30
1048 39
1049 35
1050 29
1051 40
1052 27
1053 37
1054 32
1055 29
1056 28
1057 28
1058 33
1059 34
1060 36
1061 36
1062 36
1063 33
1064 22
1065 37
1066 29
1067 29
1068 36
1069 39
1070 39
1071 34
1072 44
1073 28
1074 41
1075 36
1076 39
1077 29
1078 38
1079 29
1080 47
1081 43
1082 33
1083 37
1084 34
1085 32
1086 27
1087 33
1088 32
1089 33
1090 34
1091 38
1092 21
1093 36
1094 27
1095 27
1096 34
1097 34
1098 24
1099 37
1100 38
1101 37
1102 30
1103 32
1104 38
1105 35
1106 41
1107 40
1108 44
1109 34
1110 59
1111 67
1112 52
1113 43
1114 72
1115 73
1116 104
1117 97
1118 95
1119 118
1120 152
1121 190
1122 249
1123 233
1124 298
1125 398
1126 416
1127 428
1128 446
1129 473
1130 508
1131 468
1132 433
1133 419
1134 445
1135 438
1136 371
1137 320
1138 347
1139 315
1140 264
1141 192
1142 128
1143 65
1144 54
1145 45
1146 46
1147 35
1148 41
1149 39
1150 38
1151 33
1152 41
1153 40
1154 32
1155 35
1156 31
1157 31
1158 37
1159 36
1160 31
1161 36
1162 36
1163 22
1164 41
1165 18
1166 30
1167 38
1168 32
1169 31
1170 23
1171 34
1172 16
1173 23
1174 25
1175 31
1176 34
1177 36
1178 31
1179 33
1180 27
1181 34
1182 38
1183 16
1184 26
1185 42
1186 26
1187 24
1188 33
1189 43
1190 34
1191 28
1192 23
1193 28
1194 29
1195 36
1196 27
1197 39
1198 34
1199 20
1200 26
1201 33
1202 38
1203 36
1204 34
1205 37
1206 34
1207 39
1208 26
1209 29
1210 16
1211 26
1212 36
1213 36
1214 34
1215 22
1216 40
1217 30
1218 32
1219 25
1220 35
1221 34
1222 32
1223 30
1224 35
1225 25
1226 25
1227 24
1228 28
1229 32
1230 31
1231 20
1232 20
1233 22
1234 28
1235 26
1236 38
1237 31
1238 25
1239 44
1240 37
1241 37
1242 32
1243 31
1244 26
1245 27
1246 41
1247 31
1248 23
1249 36
1250 40
1251 42
1252 38
1253 45
1254 40
1255 34
1256 34
1257 40
1258 40
1259 49
1260 56
1261 64
1262 40
1263 49
1264 48
1265 37
1266 49
1267 54
1268 60
1269 65
1270 60
1271 64
1272 85
1273 98
1274 100
1275 81
1276 45
1277 24
1278 21
1279 9
1280 22
1281 18
1282 24
1283 30
1284 18
1285 23
1286 19
1287 26
1288 29
1289 20
1290 20
1291 15
1292 20
1293 22
1294 23
1295 29
1296 27
1297 25
1298 26
1299 27
1300 16
1301 19
1302 30
1303 22
1304 30
1305 21
1306 25
1307 28
1308 26
1309 26
1310 30
1311 23
1312 21
1313 18
1314 19
1315 17
1316 25
1317 20
1318 27
1319 20
1320 24
1321 26
1322 28
1323 16
1324 25
1325 30
1326 19
1327 20
1328 20
1329 22
1330 25
1331 28
1332 20
1333 35
1334 26
1335 32
1336 26
1337 30
1338 37
1339 26
1340 40
1341 36
1342 44
1343 41
1344 36
1345 55
1346 54
1347 51
1348 53
1349 51
1350 52
1351 45
1352 41
1353 32
1354 27
1355 29
1356 27
1357 21
1358 31
1359 21
1360 23
1361 25
1362 21
1363 16
1364 21
1365 16
1366 25
1367 29
1368 22
1369 23
1370 22
1371 24
1372 26
1373 26
1374 29
1375 18
1376 25
1377 26
1378 27
1379 20
1380 25
1381 15
1382 26
1383 24
1384 26
1385 19
1386 21
1387 15
1388 24
1389 23
1390 27
1391 23
1392 22
1393 17
1394 25
1395 23
1396 29
1397 23
1398 18
1399 25
1400 20
1401 25
1402 24
1403 16
1404 19
1405 20
1406 21
1407 21
1408 26
1409 29
1410 21
1411 29
1412 29
1413 30
1414 36
1415 49
1416 37
1417 57
1418 64
1419 72
1420 99
1421 97
1422 90
1423 77
1424 97
1425 120
1426 176
1427 170
1428 169
1429 219
1430 256
1431 178
1432 206
1433 257
1434 242
1435 191
1436 194
1437 207
1438 190
1439 154
1440 116
1441 110
1442 72
1443 52
1444 44
1445 33
1446 32
1447 27
1448 26
1449 37
1450 24
1451 25
1452 26
1453 16
1454 33
1455 26
1456 22
1457 16
1458 19
1459 26
1460 25
1461 29
1462 21
1463 20
1464 23
1465 19
1466 24
1467 18
1468 14
1469 16
1470 17
1471 22
1472 18
1473 24
1474 13
1475 17
1476 26
1477 19
1478 15
1479 17
1480 26
1481 18
1482 18
1483 18
1484 17
1485 23
1486 16
1487 15
1488 15
1489 24
1490 25
1491 25
1492 23
1493 21
1494 17
1495 21
1496 15
1497 22
1498 22
1499 20
1500 19
1501 16
1502 20
1503 13
1504 37
1505 17
1506 22
1507 21
1508 19
1509 19
1510 21
1511 22
1512 17
1513 23
1514 24
1515 21
1516 24
1517 20
1518 21
1519 20
1520 22
1521 20
1522 20
1523 20
1524 19
1525 13
1526 17
1527 19
1528 18
1529 17
1530 18
1531 24
1532 26
1533 18
1534 18
1535 26
1536 19
1537 20
1538 24
1539 16
1540 12
1541 22
1542 24
1543 18
1544 21
1545 19
1546 18
1547 22
1548 27
1549 20
1550 22
1551 27
1552 18
1553 20
1554 17
1555 17
1556 14
1557 16
1558 19
1559 20
1560 23
1561 18
1562 18
1563 23
1564 20
1565 12
1566 27
1567 17
1568 19
1569 26
1570 19
1571 27
1572 21
1573 12
1574 21
1575 23
1576 17
1577 26
1578 24
1579 18
1580 23
1581 19
1582 26
1583 19
1584 28
1585 16
1586 16
1587 22
1588 19
1589 15
1590 19
1591 14
1592 23
1593 18
1594 18
1595 25
1596 22
1597 21
1598 20
1599 17
1600 16
1601 24
1602 11
1603 21
1604 20
1605 26
1606 18
1607 26
1608 20
1609 27
1610 16
1611 24
1612 20
1613 18
1614 22
1615 20
1616 11
1617 20
1618 13
1619 20
1620 21
1621 18
1622 19
1623 16
1624 22
1625 14
1626 22
1627 21
1628 22
1629 18
1630 28
1631 22
1632 27
1633 13
1634 18
1635 19
1636 20
1637 11
1638 19
1639 21
1640 16
1641 22
1642 21
1643 22
1644 21
1645 18
1646 21
1647 19
1648 19
1649 26
1650 19
1651 20
1652 14
1653 11
1654 27
1655 13
1656 20
1657 21
1658 19
1659 18
1660 16
1661 16
1662 14
1663 18
1664 20
1665 15
1666 17
1667 20
1668 18
1669 18
1670 12
1671 24
1672 18
1673 18
1674 21
1675 13
1676 19
1677 9
1678 13
1679 16
1680 17
1681 18
1682 19
1683 13
1684 24
1685 22
1686 19
1687 19
1688 23
1689 16
1690 21
1691 20
1692 14
1693 21
1694 25
1695 14
1696 18
1697 17
1698 18
1699 25
1700 15
1701 19
1702 17
1703 15
1704 18
1705 20
1706 21
1707 11
1708 14
1709 27
1710 18
1711 17
1712 16
1713 18
1714 22
1715 20
1716 18
1717 16
1718 24
1719 19
1720 19
1721 23
1722 12
1723 18
1724 7
1725 15
1726 18
1727 23
1728 13
1729 11
1730 18
1731 14
1732 20
1733 21
1734 22
1735 13
1736 13
1737 16
1738 20
1739 19
1740 21
1741 16
1742 15
1743 14
1744 13
1745 23
1746 29
1747 20
1748 26
1749 18
1750 20
1751 19
1752 20
1753 21
1754 15
1755 17
1756 16
1757 15
1758 21
1759 15
1760 19
1761 12
1762 16
1763 18
1764 14
1765 15
1766 13
1767 13
1768 20
1769 20
1770 22
1771 11
1772 14
1773 16
1774 25
1775 18
1776 20
1777 9
1778 15
1779 16
1780 20
1781 20
1782 22
1783 16
1784 15
1785 20
1786 21
1787 18
1788 23
1789 10
1790 15
1791 24
1792 21
1793 18
1794 16
1795 24
1796 18
1797 19
1798 20
1799 20
1800 17
1801 16
1802 18
1803 18
1804 18
1805 21
1806 23
1807 19
1808 20
1809 18
1810 19
1811 21
1812 12
1813 16
1814 19
1815 19
1816 23
1817 16
1818 19
1819 16
1820 15
1821 12
1822 17
1823 18
1824 12
1825 19
1826 10
1827 12
1828 16
1829 18
1830 23
1831 20
1832 18
1833 25
1834 17
1835 15
1836 14
1837 10
1838 23
1839 20
1840 10
1841 11
1842 21
1843 16
1844 17
1845 18
1846 22
1847 27
1848 18
1849 18
1850 18
1851 18
1852 19
1853 22
1854 18
1855 25
1856 21
1857 25
1858 15
1859 21
1860 22
1861 20
1862 11
1863 18
1864 21
1865 14
1866 11
1867 22
1868 15
1869 15
1870 16
1871 14
1872 18
1873 19
1874 13
1875 18
1876 24
1877 17
1878 16
1879 19
1880 9
1881 21
1882 21
1883 19
1884 16
1885 18
1886 21
1887 26
1888 27
1889 25
1890 26
1891 28
1892 26
1893 34
1894 43
1895 43
1896 50
1897 47
1898 70
1899 97
1900 104
1901 139
1902 132
1903 129
1904 133
1905 130
1906 136
1907 134
1908 131
1909 105
1910 117
1911 110
1912 109
1913 94
1914 69
1915 69
1916 73
1917 60
1918 48
1919 32
1920 28
1921 31
1922 23
1923 26
1924 20
1925 22
1926 21
1927 19
1928 12
1929 21
1930 15
1931 13
1932 11
1933 17
1934 17
1935 18
1936 27
1937 15
1938 21
1939 17
1940 13
1941 16
1942 14
1943 12
1944 17
1945 17
1946 19
1947 19
1948 13
1949 10
1950 18
1951 15
1952 11
1953 15
1954 12
1955 14
1956 16
1957 20
1958 13
1959 12
1960 27
1961 8
1962 12
1963 17
1964 14
1965 18
1966 17
1967 9
1968 22
1969 14
1970 12
1971 19
1972 20
1973 8
1974 15
1975 16
1976 20
1977 15
1978 18
1979 24
1980 22
1981 14
1982 15
1983 20
1984 13
1985 18
1986 15
1987 14
1988 17
1989 13
1990 23
1991 16
1992 11
1993 18
1994 20
1995 10
1996 15
1997 20
1998 16
1999 11
2000 8
2001 22
2002 15
2003 13
2004 12
2005 20
2006 16
2007 12
2008 8
2009 12
2010 13
2011 21
2012 16
2013 11
2014 14
2015 13
2016 27
2017 19
2018 27
2019 16
2020 18
2021 20
2022 9
2023 23
2024 24
2025 10
2026 17
2027 15
2028 15
2029 7
2030 15
2031 14
2032 13
2033 15
2034 17
2035 13
2036 14
2037 18
2038 10
2039 14
2040 18
2041 13
2042 15
2043 13
2044 8
2045 15
2046 21
2047 10
2048 13
2049 16
2050 17
2051 14
2052 17
2053 17
2054 15
2055 14
2056 14
2057 22
2058 15
2059 17
2060 11
2061 22
2062 18
2063 10
2064 10
2065 12
2066 17
2067 24
2068 15
2069 18
2070 12
2071 18
2072 15
2073 16
2074 17
2075 11
2076 13
2077 17
2078 14
2079 16
2080 18
2081 17
2082 26
2083 18
2084 16
2085 8
2086 18
2087 8
2088 18
2089 15
2090 20
2091 18
2092 12
2093 19
2094 13
2095 17
2096 16
2097 21
2098 19
2099 17
2100 16
2101 17
2102 15
2103 13
2104 18
2105 17
2106 12
2107 11
2108 12
2109 20
2110 18
2111 22
2112 18
2113 17
2114 16
2115 17
2116 17
2117 20
2118 21
2119 14
2120 14
2121 20
2122 13
2123 26
2124 14
2125 23
2126 11
2127 18
2128 17
2129 22
2130 20
2131 19
2132 19
2133 17
2134 18
2135 28
2136 13
2137 13
2138 22
2139 13
2140 22
2141 22
2142 24
2143 30
2144 27
2145 22
2146 33
2147 32
2148 30
2149 39
2150 52
2151 50
2152 58
2153 72
2154 98
2155 124
2156 143
2157 142
2158 145
2159 165
2160 180
2161 205
2162 306
2163 351
2164 326
2165 329
2166 319
2167 306
2168 370
2169 447
2170 455
2171 487
2172 401
2173 386
2174 355
2175 308
2176 348
2177 455
2178 458
2179 413
2180 348
2181 226
2182 163
2183 145
2184 143
2185 116
2186 104
2187 86
2188 63
2189 52
2190 62
2191 49
2192 38
2193 37
2194 25
2195 23
2196 21
2197 19
2198 20
2199 20
2200 18
2201 15
2202 18
2203 20
2204 17
2205 16
2206 12
2207 20
2208 16
2209 13
2210 19
2211 23
2212 26
2213 24
2214 15
2215 22
2216 18
2217 17
2218 20
2219 12
2220 10
2221 19
2222 12
2223 6
2224 12
2225 13
2226 12
2227 14
2228 12
2229 15
2230 11
2231 17
2232 14
2233 15
2234 12
2235 16
2236 10
2237 16
2238 17
2239 19
2240 11
2241 16
2242 13
2243 17
2244 18
2245 23
2246 15
2247 17
2248 19
2249 16
2250 10
2251 17
2252 19
2253 15
2254 10
2255 13
2256 10
2257 10
2258 12
2259 17
2260 7
2261 11
2262 11
2263 11
2264 17
2265 11
2266 11
2267 12
2268 14
2269 10
2270 16
2271 19
2272 11
2273 11
2274 11
2275 14
2276 12
2277 12
2278 10
2279 21
2280 12
2281 17
2282 16
2283 17
2284 19
2285 15
2286 13
2287 17
2288 20
2289 12
2290 13
2291 17
2292 8
2293 8
2294 23
2295 20
2296 22
2297 11
2298 14
2299 24
2300 23
2301 13
2302 11
2303 14
2304 11
2305 18
2306 12
2307 14
2308 15
2309 17
2310 12
2311 11
2312 14
2313 9
2314 10
2315 8
2316 13
2317 20
2318 14
2319 12
2320 15
2321 15
2322 14
2323 13
2324 9
2325 9
2326 13
2327 10
2328 12
2329 11
2330 7
2331 8
2332 13
2333 14
2334 10
2335 20
2336 15
2337 12
2338 14
2339 16
2340 17
2341 15
2342 16
2343 18
2344 11
2345 22
2346 16
2347 15
2348 14
2349 15
2350 18
2351 15
2352 14
2353 21
2354 12
2355 13
2356 25
2357 19
2358 19
2359 14
2360 16
2361 31
2362 23
2363 27
2364 34
2365 43
2366 30
2367 39
2368 33
2369 55
2370 44
2371 51
2372 55
2373 54
2374 65
2375 41
2376 55
2377 67
2378 77
2379 83
2380 101
2381 79
2382 72
2383 84
2384 102
2385 96
2386 91
2387 112
2388 76
2389 68
2390 60
2391 36
2392 57
2393 50
2394 49
2395 33
2396 29
2397 31
2398 31
2399 24
2400 13
2401 21
2402 18
2403 19
2404 19
2405 16
2406 14
2407 10
2408 17
2409 13
2410 15
2411 13
2412 12
2413 11
2414 9
2415 17
2416 8
2417 15
2418 17
2419 9
2420 14
2421 10
2422 13
2423 8
2424 14
2425 14
2426 16
2427 14
2428 14
2429 9
2430 12
2431 14
2432 14
2433 8
2434 10
2435 15
2436 15
2437 12
2438 8
2439 10
2440 10
2441 13
2442 14
2443 10
2444 12
2445 9
2446 13
2447 12
2448 13
2449 19
2450 7
2451 12
2452 15
2453 21
2454 18
2455 11
2456 11
2457 12
2458 9
2459 11
2460 16
2461 18
2462 15
2463 12
2464 20
2465 11
2466 12
2467 12
2468 8
2469 12
2470 14
2471 11
2472 11
2473 16
2474 8
2475 12
2476 11
2477 9
2478 11
2479 12
2480 24
2481 22
2482 7
2483 10
2484 14
2485 6
2486 14
2487 9
2488 12
2489 8
2490 11
2491 14
2492 10
2493 11
2494 15
2495 11
2496 12
2497 7
2498 8
2499 7
2500 17
2501 11
2502 8
2503 13
2504 12
2505 15
2506 11
2507 9
2508 12
2509 9
2510 14
2511 12
2512 9
2513 8
2514 7
2515 11
2516 8
2517 19
2518 12
2519 15
2520 6
2521 17
2522 10
2523 12
2524 10
2525 9
2526 11
2527 7
2528 9
2529 11
2530 13
2531 16
2532 8
2533 7
2534 13
2535 12
2536 6
2537 7
2538 19
2539 7
2540 8
2541 11
2542 5
2543 5
2544 9
2545 12
2546 14
2547 16
2548 12
2549 12
2550 11
2551 12
2552 7
2553 6
2554 8
2555 12
2556 15
2557 8
2558 9
2559 12
