0 33
1 31
2 31
3 29
4 25
5 31
6 26
7 31
8 30
9 31
10 31
11 27
12 46
13 35
14 41
15 29
16 19
17 30
18 34
19 30
20 27
21 18
22 30
23 30
24 33
25 45
26 34
27 33
28 27
29 21
30 19
31 50
32 20
33 30
34 33
35 43
36 38
37 28
38 33
39 23
40 40
41 24
42 28
43 43
44 25
45 40
46 28
47 24
48 25
49 27
50 28
51 31
52 31
53 34
54 37
55 27
56 31
57 43
58 28
59 41
60 28
61 38
62 29
63 31
64 32
65 25
66 30
67 40
68 41
69 37
70 30
71 34
72 38
73 28
74 30
75 23
76 31
77 40
78 28
79 23
80 38
81 33
82 34
83 30
84 29
85 39
86 39
87 29
88 39
89 33
90 28
91 33
92 41
93 26
94 31
95 33
96 24
97 34
98 37
99 33
100 32
101 23
102 41
103 47
104 34
105 24
106 21
107 29
108 24
109 47
110 44
111 21
112 35
113 33
114 33
115 35
116 34
117 23
118 25
119 38
120 31
121 31
122 31
123 22
124 39
125 28
126 35
127 45
128 28
129 37
130 38
131 52
132 34
133 27
134 33
135 33
136 45
137 27
138 24
139 30
140 31
141 32
142 35
143 31
144 31
145 30
146 38
147 38
148 32
149 45
150 42
151 51
152 42
153 44
154 33
155 29
156 30
157 42
158 26
159 41
160 30
161 29
162 37
163 33
164 27
165 35
166 35
167 34
168 30
169 37
170 36
171 39
172 39
173 37
174 27
175 39
176 29
177 30
178 25
179 39
180 34
181 39
182 38
183 33
184 45
185 25
186 40
187 35
188 25
189 42
190 42
191 28
192 26
193 31
194 29
195 35
196 36
197 44
198 28
199 30
200 35
201 43
202 30
203 35
204 25
205 29
206 40
207 31
208 31
209 28
210 26
211 30
212 36
213 36
214 29
215 33
216 40
217 39
218 41
219 34
220 42
221 39
222 39
223 26
224 39
225 31
226 39
227 22
228 27
229 41
230 37
231 37
232 34
233 44
234 29
235 32
236 37
237 34
238 25
239 29
240 36
241 26
242 32
243 45
244 49
245 33
246 42
247 44
248 32
249 32
250 37
251 42
252 34
253 39
254 29
255 41
256 34
257 42
258 36
259 60
260 28
261 36
262 39
263 37
264 27
265 28
266 40
267 38
268 31
269 30
270 27
271 39
272 41
273 33
274 39
275 34
276 35
277 29
278 34
279 37
280 38
281 35
282 44
283 41
284 43
285 26
286 44
287 36
288 30
289 45
290 38
291 46
292 39
293 46
294 31
295 35
296 43
297 36
298 32
299 26
300 26
301 29
302 42
303 43
304 40
305 42
306 45
307 38
308 39
309 43
310 39
311 39
312 34
313 36
314 34
315 37
316 36
317 29
318 46
319 31
320 38
321 45
322 30
323 33
324 32
325 47
326 40
327 33
328 39
329 45
330 38
331 34
332 38
333 46
334 22
335 32
336 35
337 37
338 42
339 44
340 37
341 34
342 36
343 43
344 40
345 32
346 26
347 44
348 50
349 39
350 35
351 28
352 32
353 35
354 36
355 42
356 43
357 46
358 35
359 27
360 26
361 29
362 35
363 43
364 41
365 35
366 28
367 34
368 45
369 33
370 40
371 40
372 33
373 39
374 37
375 42
376 31
377 42
378 44
379 44
380 32
381 24
382 41
383 31
384 29
385 30
386 38
387 32
388 40
389 39
390 32
391 41
392 36
393 42
394 38
395 29
396 44
397 46
398 46
399 39
400 52
401 27
402 51
403 48
404 34
405 40
406 41
407 39
408 41
409 40
410 39
411 28
412 39
413 36
414 44
415 35
416 39
417 36
418 29
419 33
420 35
421 27
422 45
423 34
424 33
425 41
426 31
427 43
428 27
429 32
430 45
431 33
432 37
433 37
434 47
435 25
436 36
437 38
438 37
439 33
440 35
441 36
442 36
443 40
444 38
445 37
446 43
447 34
448 38
449 28
450 31
451 39
452 46
453 37
454 41
455 51
456 39
457 49
458 33
459 53
460 35
461 36
462 39
463 43
464 32
465 36
466 34
467 32
468 35
469 36
470 36
471 36
472 38
473 42
474 42
475 33
476 28
477 30
478 38
479 27
480 42
481 26
482 42
483 37
484 47
485 30
486 51
487 48
488 37
489 34
490 35
491 42
492 33
493 37
494 35
495 47
496 38
497 34
498 40
499 44
500 33
501 39
502 37
503 35
504 39
505 42
506 39
507 35
508 34
509 28
510 49
511 44
512 45
513 32
514 49
515 40
516 58
517 47
518 64
519 51
520 46
521 55
522 61
523 48
524 52
525 61
526 65
527 77
528 65
529 85
530 80
531 82
532 66
533 100
534 49
535 62
536 85
537 91
538 77
539 97
540 78
541 89
542 123
543 122
544 127
545 155
546 165
547 136
548 92
549 96
550 80
551 57
552 60
553 46
554 39
555 45
556 41
557 49
558 52
559 43
560 37
561 43
562 42
563 40
564 32
565 37
566 32
567 44
568 39
569 37
570 48
571 38
572 27
573 43
574 45
575 44
576 36
577 30
578 38
579 41
580 48
581 36
582 36
583 33
584 40
585 32
586 32
587 35
588 33
589 30
590 35
591 40
592 48
593 36
594 37
595 40
596 41
597 39
598 35
599 43
600 42
601 37
602 45
603 35
604 38
605 41
606 48
607 44
608 41
609 41
610 43
611 39
612 46
613 37
614 38
615 47
616 40
617 29
618 33
619 40
620 40
621 40
622 44
623 38
624 37
625 35
626 30
627 34
628 41
629 37
630 53
631 36
632 31
633 26
634 40
635 45
636 46
637 46
638 58
639 36
640 35
641 35
642 32
643 41
644 35
645 30
646 48
647 39
648 40
649 41
650 41
651 44
652 31
653 36
654 50
655 28
656 41
657 33
658 41
659 44
660 37
661 40
662 40
663 37
664 33
665 46
666 30
667 42
668 35
669 43
670 65
671 51
672 46
673 42
674 36
675 39
676 34
677 43
678 41
679 33
680 36
681 38
682 36
683 42
684 37
685 31
686 40
687 49
688 43
689 46
690 46
691 43
692 35
693 34
694 33
695 31
696 44
697 38
698 31
699 45
700 38
701 45
702 36
703 37
704 38
705 38
706 41
707 40
708 31
709 30
710 38
711 36
712 38
713 24
714 33
715 39
716 48
717 37
718 43
719 35
720 42
721 35
722 55
723 37
724 39
725 45
726 35
727 32
728 40
729 36
730 39
731 41
732 41
733 38
734 41
735 31
736 42
737 42
738 43
739 33
740 28
741 39
742 39
743 28
744 55
745 34
746 41
747 25
748 39
749 42
750 39
751 40
752 43
753 43
754 29
755 44
756 41
757 33
758 37
759 36
760 46
761 40
762 36
763 50
764 33
765 38
766 29
767 35
768 37
769 29
770 43
771 28
772 39
773 31
774 36
775 40
776 34
777 32
778 27
779 43
780 36
781 37
782 45
783 47
784 50
785 39
786 37
787 42
788 44
789 39
790 32
791 35
792 35
793 47
794 47
795 36
796 45
797 39
798 45
799 38
800 37
801 41
802 27
803 35
804 35
805 35
806 34
807 47
808 46
809 36
810 43
811 32
812 41
813 36
814 31
815 41
816 35
817 26
818 42
819 36
820 41
821 32
822 37
823 40
824 29
825 48
826 36
827 34
828 35
829 37
830 38
831 43
832 26
833 39
834 41
835 27
836 36
837 30
838 34
839 51
840 29
841 30
842 40
843 44
844 40
845 40
846 43
847 27
848 32
849 27
850 32
851 37
852 38
853 42
854 37
855 42
856 35
857 44
858 31
859 38
860 34
861 28
862 39
863 39
864 45
865 31
866 49
867 44
868 46
869 37
870 33
871 31
872 37
873 46
874 46
875 39
876 43
877 45
878 45
879 46
880 45
881 44
882 26
883 39
884 40
885 33
886 33
887 41
888 34
889 39
890 32
891 29
892 45
893 29
894 36
895 44
896 25
897 33
898 40
899 27
900 27
901 34
902 35
903 31
904 35
905 33
906 36
907 35
908 30
909 26
910 33
911 34
912 25
913 42
914 44
915 37
916 33
917 37
918 34
919 34
920 33
921 42
922 18
923 41
924 35
925 28
926 31
927 32
928 44
929 34
930 26
931 28
932 37
933 37
934 36
935 31
936 46
937 30
938 41
939 42
940 41
941 30
942 42
943 35
944 32
945 32
946 40
947 39
948 37
949 31
950 36
951 28
952 40
953 40
954 32
955 34
956 37
957 33
958 29
959 38
960 36
961 29
962 26
963 40
964 36
965 37
966 42
967 30
968 29
969 34
970 40
971 32
972 38
973 41
974 27
975 34
976 32
977 38
978 35
979 31
980 33
981 35
982 32
983 28
984 33
985 37
986 27
987 26
988 35
989 42
990 35
991 39
992 38
993 32
994 31
995 35
996 49
997 34
998 31
999 35
1000 37
1001 35
1002 53
1003 33
1004 31
1005 25
1006 31
1007 32
1008 23
1009 26
1010 41
1011 36
1012 32
1013 43
1014 30
1015 34
1016 37
1017 41
1018 38
1019 48
1020 37
1021 29
1022 36
1023 22
1024 42
1025 39
1026 34
1027 42
1028 38
1029 37
1030 40
1031 47
1032 33
1033 27
1034 41
1035 56
1036 50
1037 41
1038 37
1039 41
1040 76
1041 98
1042 123
1043 142
1044 124
1045 113
1046 137
1047 170
1048 215
1049 216
1050 245
1051 283
1052 298
1053 333
1054 334
1055 386
1056 450
1057 474
1058 499
1059 498
1060 525
1061 551
1062 530
1063 519
1064 499
1065 366
1066 254
1067 238
1068 226
1069 160
1070 134
1071 143
1072 103
1073 60
1074 52
1075 35
1076 48
1077 37
1078 43
1079 44
1080 38
1081 38
1082 39
1083 37
1084 28
1085 32
1086 36
1087 37
1088 33
1089 23
1090 40
1091 31
1092 38
1093 50
1094 31
1095 31
1096 36
1097 31
1098 33
1099 31
1100 32
1101 42
1102 38
1103 44
1104 33
1105 23
1106 30
1107 31
1108 26
1109 27
1110 32
1111 27
1112 28
1113 34
1114 31
1115 31
1116 30
1117 37
1118 32
1119 33
1120 31
1121 37
1122 41
1123 43
1124 17
1125 38
1126 30
1127 35
1128 22
1129 27
1130 26
1131 28
1132 21
1133 31
1134 29
1135 29
1136 28
1137 32
1138 31
1139 20
1140 31
1141 32
1142 30
1143 33
1144 33
1145 33
1146 32
1147 32
1148 31
1149 38
1150 37
1151 28
1152 41
1153 34
1154 29
1155 41
1156 34
1157 31
1158 23
1159 38
1160 39
1161 23
1162 29
1163 34
1164 33
1165 35
1166 26
1167 31
1168 30
1169 59
1170 32
1171 35
1172 33
1173 33
1174 35
1175 25
1176 28
1177 38
1178 46
1179 35
1180 31
1181 44
1182 45
1183 50
1184 56
1185 41
1186 38
1187 51
1188 39
1189 54
1190 48
1191 52
1192 79
1193 63
1194 73
1195 48
1196 60
1197 57
1198 63
1199 77
1200 63
1201 37
1202 38
1203 52
1204 42
1205 36
1206 44
1207 36
1208 33
1209 35
1210 28
1211 17
1212 33
1213 43
1214 30
1215 27
1216 42
1217 36
1218 29
1219 26
1220 36
1221 29
1222 45
1223 38
1224 30
1225 28
1226 26
1227 29
1228 32
1229 32
1230 28
1231 29
1232 33
1233 29
1234 29
1235 29
1236 37
1237 28
1238 36
1239 43
1240 35
1241 33
1242 36
1243 30
1244 28
1245 27
1246 32
1247 29
1248 43
1249 28
1250 35
1251 29
1252 28
1253 39
1254 21
1255 32
1256 42
1257 21
1258 30
1259 38
1260 34
1261 24
1262 19
1263 21
1264 14
1265 19
1266 28
1267 22
1268 19
1269 16
1270 22
1271 19
1272 23
1273 24
1274 20
1275 18
1276 21
1277 13
1278 12
1279 17
1280 30
1281 36
1282 25
1283 25
1284 26
1285 20
1286 16
1287 24
1288 30
1289 32
1290 19
1291 26
1292 27
1293 23
1294 44
1295 38
1296 36
1297 16
1298 21
1299 23
1300 28
1301 26
1302 24
1303 27
1304 25
1305 26
1306 26
1307 21
1308 30
1309 28
1310 19
1311 26
1312 27
1313 21
1314 31
1315 23
1316 29
1317 25
1318 41
1319 21
1320 18
1321 25
1322 35
1323 23
1324 32
1325 29
1326 22
1327 28
1328 29
1329 39
1330 46
1331 49
1332 57
1333 64
1334 83
1335 95
1336 152
1337 158
1338 152
1339 111
1340 132
1341 153
1342 214
1343 201
1344 176
1345 201
1346 225
1347 248
1348 270
1349 248
1350 207
1351 219
1352 155
1353 153
1354 134
1355 117
1356 92
1357 112
1358 139
1359 91
1360 56
1361 32
1362 39
1363 28
1364 26
1365 34
1366 25
1367 23
1368 22
1369 17
1370 32
1371 25
1372 28
1373 24
1374 25
1375 19
1376 24
1377 18
1378 25
1379 25
1380 25
1381 34
1382 26
1383 21
1384 28
1385 17
1386 24
1387 20
1388 29
1389 19
1390 21
1391 30
1392 29
1393 21
1394 28
1395 20
1396 29
1397 38
1398 19
1399 19
1400 26
1401 31
1402 26
1403 23
1404 25
1405 17
1406 25
1407 29
1408 25
1409 24
1410 17
1411 22
1412 20
1413 26
1414 18
1415 19
1416 33
1417 28
1418 19
1419 17
1420 21
1421 23
1422 14
1423 21
1424 20
1425 23
1426 29
1427 16
1428 16
1429 29
1430 16
1431 18
1432 24
1433 20
1434 20
1435 20
1436 21
1437 20
1438 32
1439 36
1440 22
1441 23
1442 19
1443 18
1444 25
1445 26
1446 22
1447 26
1448 33
1449 27
1450 21
1451 29
1452 19
1453 15
1454 17
1455 23
1456 19
1457 26
1458 18
1459 22
1460 22
1461 33
1462 17
1463 19
1464 19
1465 25
1466 21
1467 25
1468 29
1469 11
1470 25
1471 20
1472 18
1473 20
1474 27
1475 22
1476 27
1477 19
1478 23
1479 30
1480 18
1481 22
1482 19
1483 20
1484 21
1485 23
1486 25
1487 19
1488 27
1489 22
1490 26
1491 27
1492 26
1493 19
1494 18
1495 25
1496 23
1497 16
1498 21
1499 18
1500 21
1501 22
1502 23
1503 21
1504 20
1505 25
1506 25
1507 21
1508 18
1509 17
1510 25
1511 15
1512 18
1513 24
1514 18
1515 24
1516 26
1517 21
1518 22
1519 17
1520 19
1521 17
1522 21
1523 23
1524 17
1525 18
1526 25
1527 16
1528 16
1529 13
1530 23
1531 19
1532 28
1533 20
1534 18
1535 21
1536 25
1537 23
1538 25
1539 20
1540 19
1541 20
1542 17
1543 18
1544 19
1545 23
1546 21
1547 13
1548 18
1549 24
1550 27
1551 24
1552 23
1553 24
1554 21
1555 25
1556 18
1557 24
1558 23
1559 19
1560 21
1561 24
1562 22
1563 21
1564 22
1565 21
1566 18
1567 16
1568 16
1569 16
1570 22
1571 17
1572 18
1573 24
1574 25
1575 18
1576 25
1577 14
1578 22
1579 22
1580 19
1581 24
1582 23
1583 17
1584 22
1585 23
1586 15
1587 26
1588 23
1589 24
1590 14
1591 11
1592 21
1593 15
1594 24
1595 21
1596 23
1597 10
1598 11
1599 18
1600 19
1601 15
1602 16
1603 15
1604 23
1605 21
1606 23
1607 15
1608 25
1609 13
1610 17
1611 14
1612 23
1613 17
1614 25
1615 23
1616 32
1617 20
1618 18
1619 23
1620 24
1621 24
1622 16
1623 21
1624 27
1625 16
1626 12
1627 18
1628 12
1629 14
1630 21
1631 25
1632 19
1633 28
1634 22
1635 24
1636 16
1637 14
1638 23
1639 19
1640 22
1641 26
1642 26
1643 10
1644 16
1645 16
1646 20
1647 22
1648 17
1649 19
1650 24
1651 17
1652 18
1653 16
1654 21
1655 17
1656 12
1657 22
1658 25
1659 24
1660 13
1661 17
1662 19
1663 17
1664 17
1665 13
1666 21
1667 18
1668 19
1669 24
1670 21
1671 24
1672 21
1673 20
1674 20
1675 15
1676 11
1677 19
1678 18
1679 19
1680 18
1681 23
1682 17
1683 20
1684 22
1685 20
1686 23
1687 21
1688 10
1689 21
1690 20
1691 17
1692 21
1693 22
1694 22
1695 20
1696 18
1697 17
1698 15
1699 14
1700 23
1701 19
1702 18
1703 18
1704 18
1705 14
1706 18
1707 16
1708 21
1709 15
1710 19
1711 17
1712 23
1713 28
1714 27
1715 26
1716 25
1717 14
1718 13
1719 17
1720 20
1721 20
1722 22
1723 18
1724 13
1725 22
1726 19
1727 11
1728 13
1729 19
1730 23
1731 16
1732 15
1733 20
1734 25
1735 18
1736 18
1737 10
1738 18
1739 17
1740 22
1741 13
1742 18
1743 13
1744 16
1745 19
1746 13
1747 20
1748 16
1749 19
1750 19
1751 20
1752 28
1753 14
1754 22
1755 21
1756 23
1757 24
1758 25
1759 25
1760 23
1761 21
1762 20
1763 24
1764 20
1765 21
1766 20
1767 19
1768 18
1769 14
1770 18
1771 15
1772 23
1773 15
1774 18
1775 28
1776 26
1777 20
1778 23
1779 12
1780 16
1781 26
1782 27
1783 16
1784 27
1785 23
1786 31
1787 25
1788 43
1789 30
1790 40
1791 37
1792 43
1793 58
1794 68
1795 44
1796 41
1797 59
1798 51
1799 86
1800 96
1801 68
1802 60
1803 95
1804 112
1805 165
1806 175
1807 111
1808 149
1809 183
1810 165
1811 162
1812 120
1813 85
1814 80
1815 68
1816 67
1817 59
1818 78
1819 68
1820 54
1821 32
1822 41
1823 30
1824 22
1825 27
1826 17
1827 23
1828 19
1829 22
1830 22
1831 16
1832 14
1833 21
1834 18
1835 20
1836 18
1837 19
1838 15
1839 19
1840 19
1841 19
1842 19
1843 20
1844 17
1845 19
1846 13
1847 8
1848 12
1849 14
1850 12
1851 21
1852 19
1853 23
1854 13
1855 11
1856 15
1857 18
1858 11
1859 21
1860 18
1861 16
1862 18
1863 11
1864 16
1865 10
1866 12
1867 17
1868 20
1869 10
1870 22
1871 11
1872 16
1873 10
1874 12
1875 13
1876 15
1877 18
1878 14
1879 16
1880 16
1881 18
1882 15
1883 19
1884 18
1885 15
1886 16
1887 15
1888 21
1889 20
1890 10
1891 26
1892 17
1893 22
1894 18
1895 32
1896 16
1897 19
1898 19
1899 16
1900 17
1901 20
1902 21
1903 10
1904 16
1905 23
1906 17
1907 15
1908 20
1909 19
1910 19
1911 16
1912 11
1913 17
1914 19
1915 14
1916 24
1917 10
1918 15
1919 18
1920 21
1921 16
1922 19
1923 16
1924 18
1925 22
1926 19
1927 16
1928 24
1929 24
1930 22
1931 25
1932 20
1933 23
1934 21
1935 14
1936 17
1937 19
1938 17
1939 17
1940 16
1941 29
1942 13
1943 14
1944 24
1945 19
1946 17
1947 18
1948 15
1949 17
1950 22
1951 16
1952 9
1953 15
1954 12
1955 12
1956 21
1957 16
1958 17
1959 15
1960 6
1961 23
1962 16
1963 17
1964 16
1965 16
1966 18
1967 15
1968 24
1969 22
1970 14
1971 12
1972 17
1973 21
1974 14
1975 15
1976 18
1977 13
1978 15
1979 17
1980 16
1981 17
1982 17
1983 15
1984 17
1985 24
1986 17
1987 20
1988 11
1989 14
1990 19
1991 10
1992 22
1993 14
1994 11
1995 20
1996 24
1997 19
1998 19
1999 16
2000 16
2001 17
2002 20
2003 17
2004 21
2005 19
2006 23
2007 18
2008 24
2009 19
2010 17
2011 16
2012 26
2013 17
2014 17
2015 18
2016 17
2017 12
2018 20
2019 22
2020 19
2021 19
2022 17
2023 17
2024 15
2025 28
2026 20
2027 22
2028 27
2029 22
2030 28
2031 19
2032 16
2033 18
2034 18
2035 22
2036 18
2037 31
2038 31
2039 30
2040 28
2041 30
2042 47
2043 42
2044 38
2045 58
2046 62
2047 69
2048 70
2049 79
2050 92
2051 104
2052 162
2053 240
2054 221
2055 193
2056 211
2057 214
2058 223
2059 230
2060 243
2061 302
2062 481
2063 478
2064 376
2065 358
2066 405
2067 424
2068 382
2069 393
2070 422
2071 394
2072 371
2073 326
2074 310
2075 255
2076 223
2077 224
2078 201
2079 128
2080 93
2081 71
2082 57
2083 47
2084 59
2085 41
2086 39
2087 25
2088 28
2089 25
2090 24
2091 25
2092 26
2093 18
2094 23
2095 17
2096 18
2097 18
2098 19
2099 16
2100 17
2101 18
2102 22
2103 16
2104 10
2105 13
2106 33
2107 16
2108 13
2109 13
2110 13
2111 21
2112 18
2113 11
2114 18
2115 11
2116 19
2117 12
2118 17
2119 15
2120 14
2121 14
2122 16
2123 15
2124 19
2125 16
2126 20
2127 13
2128 19
2129 14
2130 15
2131 10
2132 15
2133 14
2134 18
2135 13
2136 15
2137 13
2138 21
2139 18
2140 19
2141 12
2142 8
2143 10
2144 13
2145 18
2146 20
2147 32
2148 20
2149 13
2150 11
2151 20
2152 13
2153 21
2154 17
2155 10
2156 15
2157 16
2158 23
2159 13
2160 13
2161 21
2162 10
2163 18
2164 19
2165 17
2166 14
2167 15
2168 10
2169 14
2170 8
2171 13
2172 13
2173 9
2174 11
2175 15
2176 18
2177 20
2178 12
2179 21
2180 21
2181 23
2182 16
2183 18
2184 27
2185 17
2186 18
2187 20
2188 24
2189 21
2190 15
2191 13
2192 10
2193 21
2194 10
2195 19
2196 15
2197 11
2198 11
2199 14
2200 24
2201 20
2202 13
2203 14
2204 7
2205 21
2206 13
2207 13
2208 18
2209 15
2210 20
2211 21
2212 15
2213 15
2214 10
2215 10
2216 13
2217 23
2218 15
2219 11
2220 18
2221 12
2222 18
2223 14
2224 10
2225 12
2226 14
2227 16
2228 14
2229 15
2230 14
2231 12
2232 13
2233 22
2234 20
2235 14
2236 14
2237 15
2238 18
2239 19
2240 17
2241 17
2242 26
2243 24
2244 24
2245 33
2246 20
2247 25
2248 26
2249 27
2250 28
2251 39
2252 14
2253 28
2254 34
2255 39
2256 50
2257 64
2258 60
2259 61
2260 55
2261 57
2262 74
2263 72
2264 64
2265 72
2266 97
2267 108
2268 86
2269 69
2270 94
2271 106
2272 119
2273 84
2274 57
2275 62
2276 64
2277 64
2278 60
2279 62
2280 60
2281 49
2282 30
2283 21
2284 32
2285 21
2286 22
2287 15
2288 20
2289 19
2290 16
2291 13
2292 11
2293 16
2294 11
2295 19
2296 12
2297 10
2298 9
2299 7
2300 12
2301 20
2302 13
2303 7
2304 15
2305 18
2306 11
2307 15
2308 15
2309 21
2310 17
2311 14
2312 16
2313 22
2314 12
2315 17
2316 17
2317 16
2318 13
2319 16
2320 18
2321 10
2322 9
2323 16
2324 18
2325 20
2326 20
2327 17
2328 14
2329 11
2330 9
2331 13
2332 16
2333 13
2334 14
2335 11
2336 14
2337 13
2338 6
2339 10
2340 10
2341 12
2342 11
2343 15
2344 11
2345 11
2346 18
2347 13
2348 10
2349 13
2350 17
2351 11
2352 20
2353 16
2354 18
2355 10
2356 19
2357 22
2358 19
2359 11
2360 11
2361 18
2362 9
2363 13
2364 14
2365 9
2366 12
2367 12
2368 12
2369 17
2370 13
2371 9
2372 11
2373 14
2374 15
2375 13
2376 16
2377 14
2378 13
2379 10
2380 11
2381 13
2382 13
2383 15
2384 12
2385 15
2386 11
2387 7
2388 13
2389 12
2390 8
2391 15
2392 13
2393 15
2394 10
2395 11
2396 10
2397 14
2398 13
2399 6
2400 19
2401 7
2402 10
2403 20
2404 15
2405 5
2406 11
2407 19
2408 12
2409 14
2410 17
2411 14
2412 9
2413 9
2414 17
2415 11
2416 12
2417 9
2418 12
2419 15
2420 16
2421 11
2422 12
2423 14
2424 14
2425 10
2426 15
2427 11
2428 16
2429 11
2430 11
2431 16
2432 9
2433 17
2434 13
2435 8
2436 15
2437 9
2438 9
2439 15
2440 15
2441 11
2442 16
2443 9
2444 15
2445 13
2446 17
2447 9
2448 10
2449 8
2450 13
2451 16
2452 14
2453 14
2454 11
2455 13
2456 12
2457 12
2458 8
2459 16
2460 19
2461 15
2462 15
2463 17
2464 8
2465 14
2466 13
2467 18
2468 16
2469 10
2470 9
2471 13
2472 14
2473 16
2474 17
2475 16
2476 14
2477 11
2478 8
2479 11
2480 15
2481 6
2482 11
2483 11
2484 13
2485 12
2486 14
2487 11
2488 12
2489 6
2490 7
2491 17
2492 15
2493 12
2494 11
2495 16
2496 13
2497 9
2498 11
2499 11
2500 12
2501 15
2502 17
2503 13
2504 14
2505 11
2506 16
2507 24
2508 18
2509 14
2510 9
2511 13
2512 11
2513 11
2514 13
2515 15
2516 12
2517 11
2518 17
2519 6
2520 12
2521 7
2522 12
2523 10
2524 12
2525 11
2526 21
2527 12
2528 10
2529 14
2530 14
2531 19
2532 13
2533 16
2534 15
2535 24
2536 20
2537 24
2538 16
2539 27
2540 16
2541 20
2542 22
2543 20
2544 27
2545 25
2546 22
2547 29
2548 29
2549 27
2550 48
2551 52
2552 41
2553 65
2554 45
2555 49
2556 47
2557 57
2558 71
2559 95
