0 37
1 28
2 23
3 35
4 30
5 25
6 36
7 34
8 26
9 17
10 32
11 23
12 39
13 34
14 35
15 31
16 29
17 23
18 31
19 24
20 34
21 42
22 30
23 41
24 32
25 39
26 21
27 22
28 31
29 38
30 29
31 27
32 27
33 38
34 33
35 38
36 34
37 28
38 38
39 26
40 29
41 33
42 40
43 40
44 39
45 42
46 28
47 26
48 31
49 33
50 27
51 37
52 38
53 31
54 34
55 47
56 37
57 34
58 32
59 29
60 32
61 44
62 37
63 25
64 33
65 38
66 37
67 34
68 32
69 34
70 26
71 27
72 33
73 39
74 38
75 40
76 30
77 32
78 35
79 37
80 27
81 26
82 31
83 37
84 33
85 34
86 36
87 46
88 40
89 25
90 34
91 30
92 26
93 42
94 30
95 30
96 24
97 32
98 36
99 38
100 17
101 29
102 32
103 36
104 30
105 23
106 24
107 36
108 32
109 26
110 31
111 41
112 47
113 24
114 31
115 40
116 35
117 43
118 36
119 36
120 47
121 24
122 31
123 36
124 42
125 30
126 34
127 39
128 29
129 44
130 26
131 31
132 30
133 30
134 38
135 33
136 36
137 36
138 35
139 40
140 30
141 34
142 29
143 44
144 31
145 37
146 37
147 34
148 35
149 29
150 33
151 36
152 37
153 33
154 37
155 32
156 35
157 38
158 44
159 26
160 43
161 29
162 42
163 32
164 36
165 29
166 41
167 39
168 41
169 26
170 39
171 44
172 35
173 34
174 33
175 33
176 25
177 33
178 32
179 42
180 32
181 28
182 46
183 38
184 32
185 38
186 28
187 38
188 31
189 37
190 33
191 42
192 36
193 49
194 26
195 37
196 37
197 44
198 29
199 36
200 34
201 37
202 24
203 37
204 41
205 40
206 39
207 44
208 27
209 31
210 39
211 35
212 45
213 43
214 34
215 36
216 32
217 40
218 40
219 34
220 39
221 32
222 34
223 29
224 30
225 32
226 27
227 34
228 38
229 30
230 27
231 32
232 42
233 38
234 39
235 40
236 34
237 35
238 28
239 29
240 44
241 47
242 44
243 25
244 35
245 44
246 42
247 37
248 39
249 48
250 25
251 41
252 37
253 34
254 39
255 34
256 33
257 37
258 47
259 48
260 31
261 46
262 31
263 33
264 35
265 48
266 39
267 35
268 32
269 34
270 36
271 46
272 38
273 42
274 36
275 34
276 39
277 32
278 35
279 32
280 27
281 39
282 31
283 31
284 35
285 29
286 42
287 27
288 30
289 36
290 34
291 47
292 43
293 38
294 38
295 28
296 33
297 43
298 42
299 30
300 45
301 45
302 33
303 50
304 40
305 39
306 40
307 51
308 35
309 31
310 46
311 43
312 37
313 33
314 31
315 50
316 38
317 39
318 27
319 40
320 43
321 27
322 41
323 44
324 30
325 32
326 40
327 38
328 39
329 45
330 37
331 41
332 30
333 27
334 43
335 39
336 46
337 38
338 42
339 30
340 34
341 45
342 43
343 46
344 50
345 41
346 47
347 46
348 43
349 25
350 39
351 30
352 41
353 31
354 37
355 52
356 48
357 37
358 34
359 38
360 35
361 48
362 36
363 36
364 45
365 33
366 44
367 38
368 48
369 46
370 43
371 43
372 41
373 45
374 33
375 34
376 41
377 34
378 34
379 43
380 34
381 37
382 46
383 41
384 32
385 49
386 41
387 42
388 34
389 38
390 38
391 37
392 35
393 53
394 35
395 42
396 56
397 51
398 31
399 50
400 45
401 33
402 37
403 41
404 41
405 42
406 51
407 42
408 39
409 39
410 46
411 39
412 46
413 51
414 39
415 48
416 40
417 46
418 37
419 41
420 43
421 49
422 39
423 51
424 37
425 23
426 41
427 41
428 33
429 33
430 37
431 45
432 41
433 43
434 43
435 41
436 43
437 42
438 47
439 48
440 33
441 40
442 41
443 42
444 38
445 33
446 35
447 42
448 43
449 43
450 38
451 44
452 55
453 47
454 42
455 48
456 43
457 39
458 45
459 33
460 47
461 30
462 44
463 36
464 39
465 35
466 36
467 49
468 38
469 36
470 44
471 41
472 35
473 41
474 43
475 58
476 23
477 32
478 36
479 45
480 35
481 30
482 41
483 45
484 46
485 41
486 44
487 33
488 46
489 27
490 40
491 46
492 44
493 52
494 38
495 47
496 34
497 54
498 53
499 55
500 48
501 42
502 43
503 54
504 63
505 47
506 51
507 55
508 59
509 63
510 58
511 79
512 69
513 85
514 88
515 77
516 67
517 70
518 85
519 76
520 84
521 81
522 92
523 97
524 81
525 87
526 80
527 72
528 90
529 88
530 91
531 87
532 66
533 61
534 50
535 49
536 30
537 46
538 36
539 42
540 40
541 51
542 32
543 41
544 36
545 39
546 46
547 41
548 48
549 49
550 42
551 44
552 41
553 43
554 35
555 52
556 50
557 38
558 35
559 44
560 50
561 36
562 35
563 38
564 49
565 44
566 38
567 38
568 50
569 43
570 42
571 40
572 34
573 52
574 42
575 58
576 37
577 38
578 58
579 48
580 44
581 38
582 28
583 40
584 42
585 42
586 40
587 39
588 46
589 28
590 27
591 44
592 52
593 35
594 45
595 45
596 38
597 33
598 41
599 42
600 37
601 41
602 45
603 57
604 40
605 33
606 41
607 37
608 32
609 37
610 33
611 40
612 32
613 33
614 49
615 44
616 47
617 43
618 36
619 42
620 40
621 40
622 38
623 39
624 45
625 38
626 50
627 44
628 39
629 48
630 35
631 52
632 47
633 45
634 39
635 42
636 48
637 44
638 41
639 35
640 42
641 44
642 34
643 42
644 45
645 48
646 40
647 27
648 40
649 30
650 32
651 43
652 45
653 46
654 52
655 45
656 42
657 51
658 38
659 29
660 25
661 38
662 43
663 37
664 53
665 39
666 45
667 45
668 34
669 43
670 46
671 43
672 42
673 38
674 38
675 22
676 27
677 38
678 34
679 34
680 41
681 53
682 45
683 42
684 33
685 43
686 44
687 45
688 50
689 40
690 33
691 39
692 34
693 32
694 40
695 39
696 34
697 38
698 44
699 36
700 34
701 46
702 35
703 34
704 33
705 53
706 48
707 62
708 30
709 41
710 41
711 40
712 36
713 35
714 32
715 30
716 33
717 33
718 45
719 39
720 32
721 32
722 36
723 38
724 37
725 44
726 32
727 44
728 40
729 43
730 39
731 37
732 32
733 40
734 32
735 43
736 53
737 46
738 53
739 35
740 39
741 38
742 45
743 36
744 38
745 43
746 47
747 48
748 39
749 45
750 44
751 36
752 45
753 39
754 43
755 30
756 54
757 44
758 38
759 35
760 38
761 45
762 24
763 31
764 35
765 30
766 45
767 35
768 52
769 35
770 25
771 40
772 36
773 41
774 31
775 30
776 37
777 34
778 36
779 37
780 44
781 34
782 40
783 35
784 38
785 38
786 36
787 35
788 44
789 33
790 42
791 39
792 50
793 41
794 43
795 40
796 51
797 41
798 45
799 37
800 43
801 51
802 35
803 45
804 39
805 38
806 38
807 34
808 39
809 32
810 41
811 39
812 45
813 43
814 46
815 35
816 41
817 34
818 41
819 45
820 27
821 40
822 30
823 32
824 49
825 33
826 33
827 31
828 28
829 41
830 37
831 40
832 40
833 48
834 42
835 37
836 39
837 41
838 36
839 38
840 40
841 29
842 37
843 41
844 40
845 31
846 45
847 35
848 55
849 36
850 44
851 39
852 48
853 30
854 39
855 36
856 37
857 36
858 35
859 38
860 41
861 34
862 42
863 39
864 37
865 42
866 44
867 30
868 40
869 41
870 41
871 32
872 35
873 38
874 40
875 34
876 34
877 39
878 38
879 31
880 34
881 30
882 44
883 37
884 39
885 26
886 39
887 36
888 24
889 35
890 33
891 31
892 37
893 35
894 44
895 39
896 41
897 40
898 31
899 26
900 41
901 40
902 38
903 45
904 32
905 38
906 43
907 41
908 44
909 52
910 45
911 31
912 30
913 27
914 41
915 34
916 30
917 47
918 33
919 41
920 39
921 36
922 38
923 36
924 34
925 39
926 29
927 30
928 30
929 33
930 31
931 35
932 39
933 32
934 44
935 43
936 40
937 30
938 22
939 31
940 45
941 39
942 27
943 31
944 35
945 43
946 28
947 31
948 40
949 38
950 31
951 37
952 47
953 40
954 34
955 37
956 40
957 37
958 39
959 34
960 40
961 25
962 32
963 30
964 31
965 37
966 28
967 39
968 33
969 42
970 28
971 27
972 43
973 45
974 37
975 32
976 39
977 45
978 38
979 35
980 42
981 34
982 38
983 30
984 32
985 33
986 36
987 31
988 41
989 41
990 46
991 32
992 35
993 45
994 34
995 34
996 31
997 29
998 36
999 47
1000 43
1001 42
1002 42
1003 37
1004 33
1005 35
1006 36
1007 36
1008 38
1009 40
1010 50
1011 66
1012 61
1013 61
1014 52
1015 50
1016 61
1017 71
1018 81
1019 74
1020 86
1021 94
1022 112
1023 110
1024 107
1025 128
1026 154
1027 174
1028 211
1029 229
1030 273
1031 307
1032 379
1033 478
1034 626
1035 728
1036 631
1037 570
1038 595
1039 644
1040 642
1041 507
1042 408
1043 426
1044 350
1045 223
1046 179
1047 132
1048 102
1049 91
1050 89
1051 45
1052 48
1053 41
1054 43
1055 42
1056 28
1057 33
1058 35
1059 39
1060 43
1061 37
1062 31
1063 38
1064 40
1065 46
1066 44
1067 32
1068 26
1069 49
1070 35
1071 37
1072 39
1073 34
1074 30
1075 33
1076 35
1077 43
1078 32
1079 44
1080 37
1081 31
1082 30
1083 27
1084 37
1085 31
1086 38
1087 32
1088 30
1089 36
1090 39
1091 46
1092 35
1093 37
1094 30
1095 23
1096 28
1097 38
1098 34
1099 33
1100 29
1101 40
1102 31
1103 31
1104 27
1105 26
1106 36
1107 40
1108 34
1109 35
1110 39
1111 32
1112 36
1113 47
1114 42
1115 20
1116 31
1117 31
1118 42
1119 39
1120 27
1121 40
1122 25
1123 36
1124 35
1125 39
1126 30
1127 36
1128 34
1129 35
1130 33
1131 30
1132 26
1133 34
1134 31
1135 33
1136 30
1137 30
1138 43
1139 23
1140 34
1141 40
1142 30
1143 32
1144 32
1145 21
1146 40
1147 40
1148 48
1149 27
1150 36
1151 34
1152 44
1153 47
1154 41
1155 46
1156 55
1157 56
1158 55
1159 63
1160 53
1161 50
1162 49
1163 56
1164 54
1165 58
1166 60
1167 65
1168 69
1169 86
1170 70
1171 93
1172 75
1173 84
1174 67
1175 73
1176 57
1177 50
1178 55
1179 49
1180 59
1181 50
1182 47
1183 39
1184 35
1185 25
1186 37
1187 41
1188 37
1189 29
1190 33
1191 38
1192 31
1193 37
1194 32
1195 23
1196 52
1197 32
1198 40
1199 30
1200 34
1201 33
1202 31
1203 33
1204 27
1205 34
1206 25
1207 34
1208 31
1209 38
1210 37
1211 36
1212 30
1213 22
1214 42
1215 33
1216 34
1217 34
1218 37
1219 40
1220 37
1221 41
1222 18
1223 33
1224 38
1225 27
1226 29
1227 24
1228 23
1229 38
1230 37
1231 29
1232 32
1233 37
1234 33
1235 34
1236 32
1237 28
1238 38
1239 33
1240 29
1241 25
1242 32
1243 35
1244 24
1245 36
1246 30
1247 33
1248 26
1249 34
1250 24
1251 32
1252 26
1253 35
1254 30
1255 34
1256 29
1257 33
1258 27
1259 34
1260 26
1261 20
1262 33
1263 29
1264 33
1265 23
1266 18
1267 29
1268 32
1269 31
1270 28
1271 21
1272 22
1273 16
1274 31
1275 26
1276 21
1277 27
1278 15
1279 19
1280 30
1281 29
1282 26
1283 20
1284 19
1285 23
1286 24
1287 27
1288 19
1289 28
1290 20
1291 29
1292 20
1293 28
1294 30
1295 30
1296 29
1297 36
1298 39
1299 27
1300 33
1301 44
1302 48
1303 51
1304 45
1305 70
1306 71
1307 68
1308 85
1309 78
1310 105
1311 116
1312 131
1313 105
1314 119
1315 141
1316 181
1317 171
1318 202
1319 199
1320 201
1321 217
1322 223
1323 210
1324 200
1325 131
1326 121
1327 130
1328 117
1329 93
1330 85
1331 60
1332 80
1333 77
1334 65
1335 32
1336 43
1337 32
1338 25
1339 31
1340 29
1341 27
1342 13
1343 27
1344 27
1345 26
1346 21
1347 24
1348 28
1349 27
1350 19
1351 28
1352 25
1353 25
1354 24
1355 20
1356 22
1357 27
1358 28
1359 25
1360 26
1361 29
1362 23
1363 23
1364 24
1365 28
1366 28
1367 32
1368 25
1369 27
1370 26
1371 20
1372 34
1373 30
1374 29
1375 28
1376 25
1377 32
1378 29
1379 20
1380 21
1381 21
1382 27
1383 24
1384 29
1385 24
1386 29
1387 22
1388 20
1389 20
1390 15
1391 22
1392 15
1393 19
1394 23
1395 21
1396 22
1397 18
1398 27
1399 29
1400 26
1401 21
1402 25
1403 14
1404 17
1405 25
1406 23
1407 30
1408 21
1409 28
1410 15
1411 27
1412 18
1413 26
1414 17
1415 24
1416 24
1417 33
1418 21
1419 17
1420 22
1421 24
1422 28
1423 20
1424 16
1425 19
1426 36
1427 23
1428 20
1429 17
1430 19
1431 24
1432 19
1433 22
1434 24
1435 25
1436 21
1437 20
1438 32
1439 30
1440 21
1441 22
1442 23
1443 21
1444 34
1445 20
1446 16
1447 28
1448 25
1449 35
1450 21
1451 21
1452 26
1453 24
1454 26
1455 30
1456 24
1457 16
1458 19
1459 33
1460 29
1461 27
1462 27
1463 30
1464 28
1465 20
1466 29
1467 20
1468 17
1469 22
1470 26
1471 29
1472 30
1473 34
1474 19
1475 22
1476 25
1477 19
1478 14
1479 20
1480 19
1481 16
1482 22
1483 22
1484 19
1485 17
1486 19
1487 17
1488 21
1489 26
1490 25
1491 20
1492 34
1493 22
1494 19
1495 19
1496 24
1497 32
1498 23
1499 22
1500 29
1501 21
1502 29
1503 25
1504 28
1505 14
1506 18
1507 32
1508 26
1509 32
1510 14
1511 17
1512 19
1513 28
1514 25
1515 20
1516 22
1517 24
1518 16
1519 23
1520 26
1521 21
1522 18
1523 19
1524 21
1525 21
1526 18
1527 21
1528 22
1529 26
1530 19
1531 14
1532 18
1533 20
1534 22
1535 22
1536 19
1537 24
1538 18
1539 20
1540 19
1541 18
1542 28
1543 21
1544 15
1545 20
1546 26
1547 25
1548 30
1549 20
1550 19
1551 29
1552 25
1553 32
1554 16
1555 17
1556 30
1557 20
1558 14
1559 23
1560 26
1561 22
1562 17
1563 17
1564 18
1565 20
1566 19
1567 14
1568 16
1569 19
1570 24
1571 24
1572 23
1573 17
1574 17
1575 21
1576 18
1577 32
1578 17
1579 15
1580 29
1581 23
1582 20
1583 25
1584 16
1585 18
1586 15
1587 21
1588 21
1589 24
1590 20
1591 20
1592 24
1593 20
1594 23
1595 19
1596 17
1597 27
1598 21
1599 24
1600 21
1601 23
1602 21
1603 26
1604 27
1605 19
1606 11
1607 19
1608 17
1609 15
1610 18
1611 20
1612 16
1613 26
1614 25
1615 17
1616 16
1617 24
1618 15
1619 14
1620 17
1621 15
1622 19
1623 19
1624 24
1625 18
1626 17
1627 11
1628 20
1629 26
1630 18
1631 21
1632 26
1633 22
1634 14
1635 16
1636 18
1637 21
1638 16
1639 18
1640 14
1641 15
1642 12
1643 22
1644 16
1645 20
1646 18
1647 14
1648 19
1649 19
1650 24
1651 26
1652 17
1653 12
1654 19
1655 23
1656 19
1657 17
1658 22
1659 18
1660 23
1661 22
1662 22
1663 20
1664 23
1665 22
1666 17
1667 17
1668 16
1669 14
1670 22
1671 19
1672 26
1673 18
1674 21
1675 19
1676 8
1677 13
1678 15
1679 24
1680 14
1681 15
1682 24
1683 19
1684 19
1685 22
1686 16
1687 18
1688 19
1689 18
1690 17
1691 20
1692 25
1693 21
1694 16
1695 30
1696 15
1697 19
1698 21
1699 29
1700 19
1701 13
1702 10
1703 22
1704 20
1705 14
1706 23
1707 18
1708 19
1709 17
1710 23
1711 12
1712 20
1713 12
1714 20
1715 25
1716 21
1717 25
1718 22
1719 17
1720 26
1721 18
1722 25
1723 31
1724 27
1725 21
1726 16
1727 14
1728 21
1729 28
1730 27
1731 14
1732 27
1733 31
1734 30
1735 20
1736 17
1737 14
1738 20
1739 22
1740 17
1741 22
1742 18
1743 18
1744 14
1745 24
1746 16
1747 22
1748 24
1749 23
1750 20
1751 16
1752 18
1753 19
1754 27
1755 22
1756 22
1757 30
1758 29
1759 28
1760 24
1761 32
1762 27
1763 41
1764 35
1765 36
1766 49
1767 46
1768 48
1769 58
1770 78
1771 66
1772 82
1773 102
1774 86
1775 89
1776 106
1777 147
1778 154
1779 208
1780 218
1781 125
1782 105
1783 147
1784 161
1785 147
1786 121
1787 82
1788 64
1789 40
1790 43
1791 30
1792 46
1793 30
1794 26
1795 25
1796 17
1797 25
1798 27
1799 18
1800 17
1801 23
1802 23
1803 19
1804 21
1805 15
1806 25
1807 19
1808 21
1809 20
1810 27
1811 17
1812 18
1813 23
1814 24
1815 20
1816 22
1817 17
1818 24
1819 24
1820 18
1821 18
1822 16
1823 24
1824 29
1825 13
1826 12
1827 18
1828 26
1829 26
1830 20
1831 21
1832 18
1833 23
1834 23
1835 18
1836 15
1837 23
1838 15
1839 13
1840 16
1841 23
1842 20
1843 23
1844 13
1845 17
1846 16
1847 23
1848 11
1849 10
1850 20
1851 18
1852 9
1853 18
1854 15
1855 18
1856 19
1857 17
1858 22
1859 18
1860 24
1861 15
1862 11
1863 17
1864 10
1865 15
1866 9
1867 20
1868 15
1869 20
1870 18
1871 27
1872 15
1873 20
1874 15
1875 7
1876 18
1877 23
1878 16
1879 17
1880 15
1881 13
1882 14
1883 16
1884 16
1885 21
1886 22
1887 19
1888 20
1889 22
1890 25
1891 20
1892 29
1893 13
1894 20
1895 14
1896 22
1897 17
1898 16
1899 11
1900 17
1901 14
1902 16
1903 18
1904 18
1905 17
1906 22
1907 26
1908 13
1909 18
1910 18
1911 26
1912 31
1913 19
1914 18
1915 14
1916 22
1917 18
1918 17
1919 12
1920 25
1921 11
1922 22
1923 19
1924 20
1925 20
1926 23
1927 18
1928 23
1929 32
1930 28
1931 24
1932 23
1933 15
1934 18
1935 15
1936 13
1937 12
1938 19
1939 19
1940 21
1941 14
1942 13
1943 20
1944 26
1945 15
1946 17
1947 18
1948 24
1949 24
1950 22
1951 23
1952 16
1953 23
1954 17
1955 25
1956 23
1957 16
1958 16
1959 13
1960 21
1961 10
1962 14
1963 13
1964 21
1965 19
1966 23
1967 21
1968 17
1969 23
1970 21
1971 17
1972 14
1973 15
1974 19
1975 15
1976 26
1977 19
1978 21
1979 23
1980 19
1981 15
1982 24
1983 18
1984 20
1985 13
1986 17
1987 19
1988 10
1989 24
1990 10
1991 19
1992 15
1993 20
1994 16
1995 22
1996 24
1997 26
1998 15
1999 19
2000 15
2001 20
2002 28
2003 20
2004 26
2005 27
2006 32
2007 64
2008 61
2009 68
2010 63
2011 65
2012 69
2013 83
2014 80
2015 126
2016 121
2017 118
2018 121
2019 131
2020 148
2021 180
2022 204
2023 272
2024 276
2025 299
2026 307
2027 328
2028 301
2029 312
2030 334
2031 364
2032 351
2033 263
2034 283
2035 320
2036 341
2037 361
2038 318
2039 271
2040 255
2041 234
2042 184
2043 152
2044 124
2045 112
2046 87
2047 88
2048 87
2049 70
2050 59
2051 41
2052 44
2053 44
2054 32
2055 25
2056 25
2057 32
2058 24
2059 18
2060 23
2061 17
2062 25
2063 21
2064 17
2065 16
2066 22
2067 18
2068 17
2069 21
2070 23
2071 11
2072 13
2073 22
2074 22
2075 15
2076 10
2077 6
2078 10
2079 21
2080 23
2081 12
2082 15
2083 15
2084 23
2085 18
2086 23
2087 16
2088 19
2089 24
2090 18
2091 13
2092 19
2093 13
2094 17
2095 19
2096 20
2097 25
2098 15
2099 18
2100 20
2101 15
2102 18
2103 15
2104 16
2105 14
2106 16
2107 19
2108 20
2109 20
2110 15
2111 13
2112 12
2113 20
2114 16
2115 17
2116 9
2117 12
2118 18
2119 15
2120 21
2121 12
2122 20
2123 13
2124 15
2125 13
2126 17
2127 24
2128 10
2129 19
2130 14
2131 9
2132 17
2133 18
2134 9
2135 15
2136 16
2137 25
2138 16
2139 17
2140 9
2141 17
2142 16
2143 20
2144 12
2145 12
2146 20
2147 24
2148 14
2149 20
2150 21
2151 7
2152 17
2153 19
2154 20
2155 13
2156 18
2157 14
2158 16
2159 21
2160 11
2161 15
2162 16
2163 14
2164 21
2165 15
2166 17
2167 16
2168 18
2169 27
2170 15
2171 11
2172 16
2173 22
2174 13
2175 15
2176 17
2177 15
2178 18
2179 14
2180 18
2181 17
2182 11
2183 13
2184 15
2185 21
2186 15
2187 18
2188 8
2189 20
2190 12
2191 17
2192 19
2193 17
2194 17
2195 19
2196 22
2197 12
2198 17
2199 22
2200 10
2201 18
2202 20
2203 13
2204 23
2205 21
2206 18
2207 20
2208 23
2209 30
2210 23
2211 26
2212 30
2213 25
2214 25
2215 41
2216 37
2217 38
2218 47
2219 48
2220 63
2221 62
2222 73
2223 69
2224 65
2225 69
2226 81
2227 109
2228 100
2229 95
2230 81
2231 79
2232 86
2233 112
2234 114
2235 115
2236 86
2237 80
2238 81
2239 56
2240 40
2241 60
2242 50
2243 49
2244 60
2245 55
2246 34
2247 44
2248 34
2249 28
2250 24
2251 24
2252 21
2253 19
2254 21
2255 20
2256 15
2257 17
2258 17
2259 23
2260 19
2261 14
2262 11
2263 14
2264 19
2265 12
2266 16
2267 16
2268 12
2269 8
2270 13
2271 19
2272 24
2273 14
2274 19
2275 10
2276 15
2277 9
2278 14
2279 22
2280 18
2281 8
2282 14
2283 17
2284 13
2285 13
2286 14
2287 10
2288 16
2289 16
2290 15
2291 11
2292 14
2293 23
2294 13
2295 11
2296 15
2297 15
2298 16
2299 18
2300 14
2301 14
2302 13
2303 16
2304 13
2305 16
2306 15
2307 18
2308 14
2309 18
2310 12
2311 13
2312 16
2313 14
2314 15
2315 19
2316 17
2317 15
2318 12
2319 17
2320 20
2321 18
2322 15
2323 18
2324 15
2325 13
2326 17
2327 16
2328 12
2329 8
2330 12
2331 16
2332 15
2333 10
2334 9
2335 12
2336 12
2337 11
2338 11
2339 10
2340 9
2341 16
2342 12
2343 13
2344 13
2345 15
2346 14
2347 11
2348 13
2349 9
2350 10
2351 15
2352 15
2353 18
2354 9
2355 10
2356 12
2357 14
2358 16
2359 12
2360 15
2361 13
2362 12
2363 13
2364 14
2365 7
2366 15
2367 12
2368 14
2369 12
2370 14
2371 9
2372 10
2373 18
2374 21
2375 7
2376 12
2377 7
2378 3
2379 5
2380 14
2381 14
2382 11
2383 18
2384 10
2385 15
2386 13
2387 16
2388 19
2389 10
2390 22
2391 10
2392 7
2393 8
2394 9
2395 8
2396 14
2397 22
2398 15
2399 11
2400 12
2401 9
2402 11
2403 14
2404 11
2405 16
2406 12
2407 18
2408 11
2409 9
2410 17
2411 10
2412 12
2413 15
2414 13
2415 17
2416 17
2417 11
2418 11
2419 9
2420 11
2421 9
2422 9
2423 12
2424 12
2425 20
2426 23
2427 11
2428 10
2429 11
2430 13
2431 17
2432 8
2433 21
2434 14
2435 12
2436 15
2437 8
2438 16
2439 10
2440 11
2441 13
2442 13
2443 13
2444 12
2445 16
2446 11
2447 16
2448 11
2449 8
2450 15
2451 8
2452 9
2453 9
2454 11
2455 10
2456 8
2457 20
2458 11
2459 13
2460 16
2461 11
2462 12
2463 17
2464 12
2465 12
2466 14
2467 7
2468 11
2469 11
2470 8
2471 17
2472 15
2473 14
2474 10
2475 14
2476 16
2477 12
2478 15
2479 12
2480 9
2481 7
2482 11
2483 8
2484 9
2485 15
2486 11
2487 14
2488 13
2489 12
2490 9
2491 14
2492 18
2493 16
2494 13
2495 14
2496 16
2497 13
2498 15
2499 18
2500 17
2501 21
2502 14
2503 18
2504 23
2505 31
2506 30
2507 40
2508 33
2509 29
2510 37
2511 31
2512 47
2513 54
2514 45
2515 62
2516 54
2517 47
2518 46
2519 47
2520 45
2521 37
2522 47
2523 44
2524 51
2525 46
2526 65
2527 64
2528 53
2529 47
2530 37
2531 62
2532 76
2533 56
2534 38
2535 27
2536 26
2537 23
2538 34
2539 18
2540 23
2541 20
2542 11
2543 18
2544 25
2545 18
2546 23
2547 16
2548 17
2549 12
2550 9
2551 14
2552 15
2553 7
2554 12
2555 14
2556 12
2557 18
2558 11
2559 25
