0 36
1 19
2 19
3 30
4 32
5 22
6 27
7 32
8 24
9 21
10 23
11 24
12 20
13 28
14 27
15 13
16 32
17 19
18 27
19 32
20 17
21 31
22 22
23 25
24 25
25 27
26 24
27 24
28 17
29 22
30 25
31 31
32 33
33 36
34 14
35 26
36 24
37 26
38 22
39 33
40 26
41 28
42 33
43 21
44 24
45 32
46 25
47 40
48 30
49 22
50 27
51 22
52 28
53 27
54 30
55 37
56 28
57 24
58 25
59 21
60 29
61 35
62 34
63 29
64 22
65 23
66 24
67 30
68 30
69 19
70 32
71 23
72 24
73 31
74 16
75 28
76 28
77 17
78 39
79 21
80 33
81 35
82 31
83 24
84 19
85 26
86 25
87 23
88 17
89 24
90 24
91 33
92 20
93 16
94 17
95 27
96 29
97 22
98 29
99 23
100 29
101 26
102 16
103 29
104 20
105 23
106 30
107 22
108 21
109 28
110 36
111 31
112 27
113 29
114 23
115 30
116 20
117 27
118 29
119 20
120 46
121 40
122 23
123 32
124 20
125 26
126 24
127 18
128 34
129 28
130 42
131 34
132 30
133 37
134 18
135 32
136 31
137 23
138 30
139 27
140 29
141 26
142 22
143 29
144 20
145 22
146 26
147 32
148 30
149 27
150 29
151 26
152 24
153 16
154 37
155 31
156 30
157 25
158 27
159 29
160 30
161 29
162 24
163 26
164 27
165 25
166 33
167 27
168 23
169 17
170 24
171 27
172 24
173 27
174 27
175 33
176 32
177 25
178 28
179 27
180 36
181 20
182 19
183 22
184 19
185 21
186 32
187 38
188 18
189 33
190 30
191 29
192 29
193 30
194 31
195 37
196 19
197 25
198 41
199 32
200 34
201 31
202 30
203 30
204 29
205 31
206 30
207 22
208 31
209 26
210 28
211 31
212 33
213 23
214 29
215 23
216 34
217 30
218 17
219 41
220 28
221 32
222 32
223 22
224 33
225 28
226 24
227 20
228 21
229 16
230 28
231 33
232 37
233 28
234 29
235 17
236 22
237 26
238 25
239 34
240 22
241 24
242 34
243 28
244 37
245 31
246 32
247 36
248 29
249 31
250 37
251 21
252 26
253 25
254 19
255 31
256 24
257 20
258 36
259 38
260 25
261 27
262 28
263 31
264 21
265 28
266 30
267 30
268 29
269 33
270 34
271 29
272 35
273 34
274 29
275 27
276 27
277 34
278 29
279 35
280 27
281 30
282 30
283 35
284 36
285 22
286 29
287 29
288 19
289 28
290 30
291 24
292 29
293 30
294 28
295 38
296 21
297 32
298 21
299 37
300 20
301 38
302 35
303 32
304 26
305 27
306 29
307 27
308 38
309 36
310 28
311 27
312 36
313 37
314 23
315 20
316 28
317 41
318 35
319 33
320 28
321 24
322 28
323 40
324 28
325 38
326 21
327 27
328 20
329 40
330 33
331 23
332 33
333 31
334 32
335 30
336 36
337 26
338 18
339 23
340 26
341 32
342 34
343 38
344 34
345 29
346 25
347 28
348 35
349 24
350 33
351 32
352 25
353 34
354 29
355 34
356 26
357 39
358 30
359 34
360 30
361 26
362 32
363 25
364 30
365 29
366 24
367 27
368 34
369 34
370 21
371 29
372 28
373 30
374 37
375 29
376 32
377 30
378 29
379 24
380 32
381 34
382 24
383 28
384 38
385 30
386 35
387 30
388 34
389 29
390 42
391 36
392 29
393 32
394 30
395 27
396 23
397 25
398 31
399 34
400 42
401 37
402 36
403 25
404 32
405 27
406 31
407 41
408 25
409 30
410 27
411 30
412 31
413 35
414 34
415 35
416 31
417 35
418 29
419 23
420 25
421 27
422 37
423 34
424 30
425 31
426 29
427 39
428 35
429 35
430 37
431 19
432 34
433 29
434 34
435 35
436 33
437 31
438 32
439 27
440 38
441 35
442 36
443 37
444 23
445 37
446 47
447 35
448 32
449 38
450 40
451 27
452 28
453 34
454 27
455 42
456 41
457 39
458 23
459 31
460 34
461 29
462 31
463 21
464 35
465 25
466 31
467 46
468 27
469 32
470 25
471 23
472 29
473 33
474 33
475 36
476 26
477 28
478 49
479 31
480 35
481 32
482 19
483 38
484 43
485 27
486 31
487 36
488 26
489 42
490 27
491 26
492 25
493 25
494 32
495 32
496 33
497 36
498 32
499 31
500 39
501 22
502 43
503 20
504 34
505 37
506 27
507 35
508 41
509 22
510 24
511 33
512 35
513 27
514 36
515 35
516 30
517 27
518 41
519 30
520 43
521 39
522 36
523 41
524 34
525 39
526 32
527 26
528 40
529 33
530 50
531 32
532 35
533 35
534 41
535 33
536 42
537 38
538 36
539 22
540 34
541 34
542 23
543 30
544 28
545 42
546 43
547 34
548 38
549 34
550 28
551 37
552 32
553 34
554 39
555 38
556 36
557 34
558 32
559 36
560 28
561 26
562 44
563 31
564 40
565 29
566 33
567 32
568 40
569 29
570 25
571 26
572 23
573 28
574 25
575 43
576 37
577 39
578 28
579 32
580 36
581 34
582 34
583 33
584 33
585 39
586 41
587 33
588 18
589 19
590 27
591 46
592 37
593 28
594 38
595 35
596 46
597 27
598 38
599 50
600 35
601 26
602 39
603 33
604 34
605 30
606 33
607 34
608 39
609 29
610 33
611 36
612 45
613 33
614 35
615 31
616 46
617 41
618 40
619 36
620 37
621 52
622 39
623 49
624 40
625 60
626 57
627 67
628 51
629 42
630 65
631 54
632 63
633 66
634 80
635 84
636 101
637 113
638 89
639 96
640 97
641 118
642 121
643 113
644 121
645 87
646 113
647 118
648 116
649 109
650 118
651 102
652 66
653 76
654 49
655 36
656 41
657 37
658 35
659 36
660 27
661 31
662 31
663 29
664 47
665 37
666 29
667 33
668 45
669 42
670 38
671 23
672 34
673 37
674 36
675 27
676 32
677 32
678 35
679 34
680 37
681 43
682 35
683 33
684 46
685 49
686 42
687 35
688 41
689 38
690 37
691 26
692 39
693 26
694 41
695 36
696 33
697 38
698 41
699 39
700 26
701 27
702 15
703 43
704 43
705 29
706 30
707 24
708 39
709 36
710 39
711 27
712 32
713 34
714 41
715 31
716 32
717 30
718 32
719 28
720 28
721 29
722 26
723 29
724 32
725 20
726 24
727 36
728 32
729 43
730 47
731 37
732 30
733 27
734 34
735 31
736 27
737 33
738 31
739 30
740 36
741 35
742 29
743 28
744 37
745 33
746 29
747 33
748 26
749 35
750 43
751 45
752 38
753 39
754 31
755 39
756 26
757 29
758 36
759 39
760 35
761 29
762 33
763 28
764 24
765 28
766 27
767 30
768 36
769 36
770 22
771 28
772 31
773 30
774 31
775 29
776 36
777 27
778 36
779 41
780 32
781 31
782 31
783 34
784 28
785 27
786 36
787 44
788 25
789 35
790 34
791 35
792 45
793 33
794 29
795 32
796 47
797 30
798 43
799 26
800 37
801 32
802 25
803 31
804 36
805 33
806 29
807 30
808 31
809 33
810 33
811 25
812 34
813 28
814 41
815 28
816 34
817 36
818 24
819 28
820 31
821 38
822 36
823 40
824 31
825 32
826 33
827 34
828 29
829 35
830 23
831 28
832 21
833 38
834 32
835 26
836 36
837 32
838 38
839 38
840 34
841 26
842 37
843 43
844 23
845 34
846 34
847 31
848 38
849 27
850 31
851 31
852 28
853 43
854 36
855 37
856 29
857 35
858 27
859 24
860 36
861 28
862 30
863 35
864 29
865 29
866 34
867 34
868 46
869 30
870 30
871 27
872 33
873 36
874 29
875 29
876 24
877 39
878 25
879 33
880 29
881 35
882 23
883 27
884 36
885 27
886 40
887 38
888 27
889 21
890 27
891 34
892 34
893 31
894 34
895 32
896 34
897 43
898 36
899 30
900 24
901 38
902 33
903 34
904 42
905 36
906 30
907 34
908 44
909 34
910 28
911 40
912 34
913 34
914 20
915 28
916 37
917 22
918 31
919 38
920 24
921 39
922 32
923 36
924 32
925 25
926 26
927 27
928 32
929 36
930 21
931 33
932 40
933 43
934 24
935 23
936 32
937 33
938 30
939 32
940 34
941 30
942 35
943 27
944 35
945 36
946 34
947 28
948 29
949 22
950 37
951 30
952 22
953 32
954 31
955 26
956 23
957 28
958 27
959 21
960 31
961 32
962 36
963 35
964 32
965 32
966 28
967 25
968 26
969 37
970 41
971 22
972 26
973 36
974 32
975 35
976 30
977 29
978 30
979 28
980 33
981 26
982 22
983 36
984 36
985 34
986 30
987 29
988 26
989 32
990 37
991 35
992 25
993 36
994 32
995 39
996 34
997 36
998 35
999 37
1000 38
1001 35
1002 36
1003 29
1004 39
1005 39
1006 27
1007 33
1008 25
1009 24
1010 39
1011 37
1012 33
1013 31
1014 33
1015 31
1016 24
1017 27
1018 36
1019 35
1020 28
1021 33
1022 36
1023 21
1024 26
1025 23
1026 40
1027 36
1028 42
1029 27
1030 30
1031 29
1032 29
1033 39
1034 29
1035 23
1036 37
1037 24
1038 37
1039 28
1040 27
1041 19
1042 27
1043 20
1044 32
1045 19
1046 32
1047 30
1048 25
1049 29
1050 31
1051 25
1052 37
1053 28
1054 42
1055 32
1056 25
1057 29
1058 23
1059 25
1060 28
1061 27
1062 22
1063 22
1064 34
1065 32
1066 27
1067 26
1068 36
1069 34
1070 30
1071 30
1072 26
1073 34
1074 33
1075 30
1076 37
1077 33
1078 33
1079 22
1080 23
1081 32
1082 39
1083 27
1084 21
1085 27
1086 34
1087 31
1088 28
1089 26
1090 20
1091 31
1092 26
1093 26
1094 28
1095 36
1096 39
1097 33
1098 30
1099 21
1100 32
1101 22
1102 21
1103 29
1104 33
1105 32
1106 30
1107 22
1108 34
1109 22
1110 30
1111 29
1112 24
1113 30
1114 24
1115 33
1116 33
1117 31
1118 28
1119 31
1120 26
1121 29
1122 41
1123 21
1124 32
1125 31
1126 30
1127 24
1128 33
1129 28
1130 26
1131 33
1132 45
1133 41
1134 30
1135 36
1136 32
1137 24
1138 24
1139 25
1140 34
1141 45
1142 32
1143 32
1144 24
1145 22
1146 26
1147 19
1148 22
1149 29
1150 32
1151 27
1152 34
1153 26
1154 43
1155 29
1156 40
1157 36
1158 17
1159 32
1160 24
1161 37
1162 35
1163 25
1164 36
1165 30
1166 37
1167 32
1168 45
1169 39
1170 42
1171 38
1172 56
1173 43
1174 68
1175 44
1176 59
1177 90
1178 82
1179 115
1180 188
1181 197
1182 188
1183 168
1184 203
1185 235
1186 293
1187 369
1188 492
1189 532
1190 481
1191 549
1192 473
1193 469
1194 436
1195 387
1196 365
1197 338
1198 231
1199 224
1200 183
1201 163
1202 135
1203 69
1204 29
1205 30
1206 27
1207 41
1208 26
1209 21
1210 24
1211 34
1212 36
1213 43
1214 42
1215 22
1216 24
1217 44
1218 31
1219 35
1220 33
1221 30
1222 30
1223 22
1224 25
1225 27
1226 29
1227 38
1228 31
1229 24
1230 18
1231 37
1232 33
1233 31
1234 20
1235 22
1236 27
1237 33
1238 30
1239 31
1240 28
1241 28
1242 30
1243 25
1244 25
1245 26
1246 24
1247 25
1248 33
1249 39
1250 33
1251 21
1252 35
1253 16
1254 36
1255 25
1256 28
1257 20
1258 25
1259 28
1260 39
1261 30
1262 29
1263 21
1264 30
1265 27
1266 31
1267 23
1268 18
1269 24
1270 25
1271 29
1272 24
1273 22
1274 26
1275 19
1276 10
1277 15
1278 8
1279 2
1280 30
1281 23
1282 22
1283 26
1284 22
1285 23
1286 26
1287 23
1288 25
1289 14
1290 25
1291 24
1292 12
1293 24
1294 33
1295 30
1296 25
1297 23
1298 25
1299 23
1300 29
1301 40
1302 24
1303 21
1304 14
1305 21
1306 25
1307 21
1308 21
1309 27
1310 22
1311 29
1312 23
1313 24
1314 28
1315 26
1316 23
1317 23
1318 13
1319 18
1320 19
1321 23
1322 26
1323 19
1324 20
1325 26
1326 19
1327 13
1328 23
1329 24
1330 24
1331 17
1332 24
1333 14
1334 20
1335 26
1336 22
1337 21
1338 23
1339 19
1340 27
1341 27
1342 23
1343 23
1344 24
1345 25
1346 27
1347 20
1348 27
1349 16
1350 15
1351 23
1352 26
1353 21
1354 16
1355 15
1356 28
1357 22
1358 18
1359 19
1360 11
1361 26
1362 24
1363 24
1364 25
1365 21
1366 19
1367 20
1368 20
1369 19
1370 12
1371 24
1372 18
1373 21
1374 19
1375 21
1376 18
1377 22
1378 19
1379 23
1380 20
1381 21
1382 17
1383 24
1384 29
1385 24
1386 15
1387 19
1388 23
1389 27
1390 18
1391 18
1392 27
1393 18
1394 23
1395 28
1396 16
1397 12
1398 21
1399 20
1400 21
1401 18
1402 17
1403 27
1404 26
1405 26
1406 27
1407 33
1408 32
1409 31
1410 47
1411 35
1412 37
1413 34
1414 36
1415 45
1416 53
1417 42
1418 36
1419 40
1420 43
1421 40
1422 33
1423 21
1424 29
1425 18
1426 25
1427 18
1428 24
1429 23
1430 17
1431 25
1432 20
1433 23
1434 18
1435 20
1436 20
1437 19
1438 24
1439 22
1440 28
1441 24
1442 26
1443 21
1444 21
1445 29
1446 16
1447 24
1448 21
1449 27
1450 16
1451 17
1452 22
1453 17
1454 16
1455 20
1456 26
1457 18
1458 16
1459 20
1460 21
1461 27
1462 17
1463 15
1464 17
1465 23
1466 22
1467 12
1468 24
1469 12
1470 20
1471 18
1472 18
1473 19
1474 25
1475 24
1476 15
1477 32
1478 21
1479 22
1480 31
1481 30
1482 19
1483 27
1484 29
1485 27
1486 33
1487 39
1488 43
1489 49
1490 66
1491 63
1492 66
1493 91
1494 105
1495 117
1496 126
1497 145
1498 131
1499 126
1500 180
1501 179
1502 171
1503 191
1504 205
1505 233
1506 200
1507 146
1508 95
1509 96
1510 92
1511 75
1512 57
1513 45
1514 30
1515 38
1516 35
1517 32
1518 33
1519 22
1520 19
1521 19
1522 24
1523 20
1524 19
1525 22
1526 22
1527 20
1528 13
1529 17
1530 10
1531 23
1532 21
1533 19
1534 23
1535 25
1536 29
1537 29
1538 18
1539 14
1540 16
1541 22
1542 23
1543 12
1544 18
1545 18
1546 22
1547 23
1548 12
1549 12
1550 18
1551 12
1552 19
1553 18
1554 21
1555 19
1556 15
1557 16
1558 22
1559 16
1560 17
1561 21
1562 19
1563 21
1564 18
1565 21
1566 16
1567 21
1568 15
1569 14
1570 19
1571 15
1572 16
1573 14
1574 20
1575 22
1576 17
1577 26
1578 23
1579 25
1580 11
1581 22
1582 16
1583 19
1584 20
1585 21
1586 29
1587 20
1588 17
1589 26
1590 16
1591 20
1592 19
1593 13
1594 20
1595 20
1596 24
1597 22
1598 15
1599 17
1600 16
1601 16
1602 19
1603 25
1604 23
1605 18
1606 27
1607 16
1608 29
1609 16
1610 17
1611 16
1612 20
1613 12
1614 19
1615 10
1616 14
1617 16
1618 18
1619 18
1620 20
1621 18
1622 26
1623 16
1624 14
1625 17
1626 18
1627 16
1628 24
1629 13
1630 21
1631 12
1632 20
1633 21
1634 18
1635 18
1636 16
1637 26
1638 20
1639 16
1640 31
1641 18
1642 28
1643 17
1644 24
1645 18
1646 21
1647 24
1648 20
1649 20
1650 16
1651 18
1652 15
1653 16
1654 18
1655 20
1656 23
1657 27
1658 24
1659 19
1660 22
1661 19
1662 13
1663 15
1664 16
1665 18
1666 22
1667 22
1668 24
1669 17
1670 19
1671 17
1672 13
1673 16
1674 18
1675 26
1676 18
1677 15
1678 16
1679 18
1680 18
1681 22
1682 16
1683 18
1684 21
1685 23
1686 22
1687 26
1688 20
1689 23
1690 19
1691 17
1692 15
1693 20
1694 16
1695 17
1696 17
1697 11
1698 25
1699 19
1700 22
1701 18
1702 22
1703 18
1704 18
1705 20
1706 16
1707 19
1708 24
1709 19
1710 26
1711 20
1712 17
1713 17
1714 15
1715 16
1716 15
1717 22
1718 18
1719 14
1720 19
1721 16
1722 19
1723 13
1724 20
1725 11
1726 14
1727 15
1728 17
1729 23
1730 14
1731 15
1732 21
1733 20
1734 25
1735 18
1736 13
1737 9
1738 25
1739 20
1740 17
1741 15
1742 20
1743 28
1744 21
1745 19
1746 30
1747 15
1748 19
1749 18
1750 14
1751 16
1752 16
1753 19
1754 24
1755 15
1756 16
1757 11
1758 19
1759 18
1760 14
1761 23
1762 16
1763 17
1764 13
1765 8
1766 15
1767 18
1768 17
1769 13
1770 20
1771 12
1772 23
1773 16
1774 16
1775 16
1776 19
1777 15
1778 15
1779 10
1780 17
1781 16
1782 18
1783 21
1784 23
1785 19
1786 15
1787 13
1788 18
1789 20
1790 13
1791 21
1792 25
1793 11
1794 20
1795 22
1796 15
1797 24
1798 24
1799 16
1800 18
1801 14
1802 18
1803 18
1804 19
1805 18
1806 18
1807 19
1808 15
1809 15
1810 13
1811 19
1812 12
1813 25
1814 13
1815 18
1816 15
1817 20
1818 21
1819 21
1820 13
1821 21
1822 16
1823 20
1824 16
1825 20
1826 15
1827 23
1828 18
1829 17
1830 25
1831 12
1832 19
1833 20
1834 18
1835 23
1836 18
1837 17
1838 11
1839 20
1840 12
1841 13
1842 19
1843 12
1844 17
1845 17
1846 16
1847 13
1848 14
1849 12
1850 18
1851 16
1852 15
1853 21
1854 13
1855 9
1856 9
1857 12
1858 17
1859 9
1860 11
1861 9
1862 21
1863 6
1864 11
1865 17
1866 18
1867 15
1868 15
1869 11
1870 16
1871 14
1872 18
1873 16
1874 18
1875 19
1876 22
1877 13
1878 17
1879 16
1880 14
1881 16
1882 13
1883 13
1884 14
1885 15
1886 17
1887 16
1888 16
1889 18
1890 10
1891 12
1892 20
1893 11
1894 17
1895 14
1896 27
1897 14
1898 19
1899 13
1900 21
1901 16
1902 17
1903 18
1904 15
1905 19
1906 23
1907 14
1908 15
1909 16
1910 18
1911 13
1912 22
1913 17
1914 17
1915 16
1916 15
1917 19
1918 15
1919 20
1920 18
1921 26
1922 26
1923 31
1924 22
1925 14
1926 24
1927 23
1928 24
1929 20
1930 14
1931 17
1932 26
1933 38
1934 25
1935 27
1936 23
1937 23
1938 18
1939 17
1940 22
1941 14
1942 16
1943 15
1944 19
1945 16
1946 17
1947 17
1948 10
1949 17
1950 13
1951 12
1952 27
1953 12
1954 15
1955 16
1956 19
1957 17
1958 19
1959 14
1960 21
1961 17
1962 11
1963 15
1964 16
1965 18
1966 17
1967 15
1968 17
1969 17
1970 26
1971 22
1972 19
1973 27
1974 26
1975 23
1976 30
1977 44
1978 26
1979 40
1980 39
1981 47
1982 44
1983 52
1984 102
1985 144
1986 160
1987 135
1988 113
1989 108
1990 119
1991 105
1992 75
1993 94
1994 72
1995 61
1996 68
1997 90
1998 82
1999 87
2000 52
2001 53
2002 34
2003 32
2004 26
2005 32
2006 18
2007 18
2008 23
2009 11
2010 16
2011 14
2012 14
2013 15
2014 10
2015 11
2016 16
2017 17
2018 16
2019 12
2020 13
2021 12
2022 14
2023 16
2024 19
2025 16
2026 17
2027 20
2028 22
2029 17
2030 17
2031 17
2032 12
2033 15
2034 16
2035 8
2036 19
2037 18
2038 18
2039 14
2040 20
2041 13
2042 19
2043 13
2044 12
2045 15
2046 15
2047 21
2048 12
2049 9
2050 19
2051 15
2052 20
2053 11
2054 16
2055 12
2056 18
2057 16
2058 11
2059 13
2060 12
2061 14
2062 18
2063 13
2064 18
2065 15
2066 15
2067 10
2068 15
2069 12
2070 6
2071 14
2072 16
2073 19
2074 14
2075 12
2076 15
2077 20
2078 13
2079 15
2080 17
2081 15
2082 13
2083 11
2084 11
2085 17
2086 9
2087 14
2088 17
2089 10
2090 11
2091 15
2092 12
2093 10
2094 9
2095 8
2096 20
2097 10
2098 13
2099 17
2100 13
2101 11
2102 16
2103 13
2104 9
2105 16
2106 15
2107 10
2108 14
2109 12
2110 18
2111 17
2112 16
2113 12
2114 14
2115 11
2116 10
2117 22
2118 18
2119 9
2120 20
2121 13
2122 16
2123 9
2124 18
2125 16
2126 8
2127 8
2128 12
2129 9
2130 19
2131 16
2132 8
2133 22
2134 14
2135 18
2136 6
2137 13
2138 17
2139 13
2140 16
2141 13
2142 15
2143 12
2144 12
2145 20
2146 9
2147 11
2148 18
2149 10
2150 16
2151 12
2152 20
2153 10
2154 13
2155 18
2156 14
2157 26
2158 20
2159 19
2160 15
2161 9
2162 10
2163 17
2164 8
2165 12
2166 13
2167 13
2168 15
2169 8
2170 13
2171 16
2172 16
2173 12
2174 15
2175 13
2176 17
2177 8
2178 13
2179 14
2180 21
2181 12
2182 18
2183 18
2184 8
2185 14
2186 15
2187 14
2188 16
2189 18
2190 19
2191 16
2192 16
2193 17
2194 12
2195 12
2196 9
2197 10
2198 14
2199 17
2200 22
2201 8
2202 14
2203 13
2204 14
2205 11
2206 10
2207 14
2208 10
2209 13
2210 22
2211 15
2212 18
2213 13
2214 18
2215 13
2216 12
2217 17
2218 9
2219 16
2220 14
2221 18
2222 16
2223 18
2224 11
2225 15
2226 11
2227 20
2228 14
2229 15
2230 31
2231 19
2232 14
2233 38
2234 25
2235 25
2236 31
2237 23
2238 29
2239 27
2240 37
2241 45
2242 62
2243 67
2244 85
2245 100
2246 153
2247 145
2248 155
2249 165
2250 233
2251 273
2252 289
2253 346
2254 420
2255 466
2256 541
2257 682
2258 742
2259 637
2260 558
2261 520
2262 546
2263 567
2264 501
2265 416
2266 255
2267 270
2268 219
2269 175
2270 215
2271 194
2272 178
2273 155
2274 123
2275 98
2276 64
2277 44
2278 58
2279 35
2280 34
2281 26
2282 31
2283 18
2284 19
2285 15
2286 12
2287 15
2288 14
2289 20
2290 15
2291 16
2292 20
2293 13
2294 12
2295 16
2296 12
2297 23
2298 21
2299 23
2300 17
2301 16
2302 24
2303 15
2304 18
2305 20
2306 13
2307 16
2308 12
2309 17
2310 12
2311 13
2312 17
2313 13
2314 17
2315 9
2316 6
2317 17
2318 11
2319 6
2320 20
2321 11
2322 7
2323 15
2324 9
2325 16
2326 16
2327 17
2328 11
2329 11
2330 15
2331 15
2332 13
2333 13
2334 10
2335 7
2336 16
2337 15
2338 16
2339 12
2340 8
2341 13
2342 12
2343 23
2344 14
2345 6
2346 10
2347 11
2348 13
2349 15
2350 12
2351 14
2352 11
2353 19
2354 10
2355 12
2356 16
2357 8
2358 25
2359 10
2360 13
2361 13
2362 13
2363 17
2364 8
2365 14
2366 16
2367 17
2368 14
2369 15
2370 8
2371 16
2372 8
2373 6
2374 15
2375 11
2376 17
2377 11
2378 17
2379 24
2380 19
2381 14
2382 13
2383 12
2384 21
2385 17
2386 15
2387 15
2388 13
2389 17
2390 9
2391 11
2392 11
2393 10
2394 18
2395 11
2396 20
2397 14
2398 15
2399 12
2400 12
2401 12
2402 12
2403 9
2404 10
2405 7
2406 12
2407 13
2408 14
2409 8
2410 15
2411 15
2412 18
2413 13
2414 9
2415 10
2416 6
2417 12
2418 13
2419 13
2420 21
2421 11
2422 14
2423 9
2424 8
2425 14
2426 12
2427 11
2428 15
2429 11
2430 11
2431 15
2432 16
2433 12
2434 10
2435 20
2436 12
2437 11
2438 8
2439 16
2440 15
2441 16
2442 16
2443 13
2444 9
2445 17
2446 10
2447 20
2448 16
2449 13
2450 20
2451 18
2452 16
2453 22
2454 18
2455 16
2456 17
2457 23
2458 22
2459 31
2460 28
2461 24
2462 35
2463 38
2464 54
2465 60
2466 62
2467 57
2468 60
2469 90
2470 86
2471 74
2472 69
2473 87
2474 86
2475 82
2476 92
2477 69
2478 86
2479 60
2480 56
2481 44
2482 41
2483 40
2484 52
2485 42
2486 42
2487 41
2488 25
2489 31
2490 30
2491 19
2492 24
2493 16
2494 20
2495 20
2496 13
2497 7
2498 13
2499 11
2500 10
2501 12
2502 11
2503 14
2504 20
2505 10
2506 12
2507 17
2508 6
2509 5
2510 12
2511 10
2512 13
2513 15
2514 13
2515 12
2516 12
2517 12
2518 19
2519 13
2520 12
2521 14
2522 15
2523 11
2524 8
2525 15
2526 19
2527 10
2528 12
2529 9
2530 11
2531 11
2532 9
2533 17
2534 8
2535 13
2536 12
2537 7
2538 13
2539 14
2540 19
2541 16
2542 12
2543 12
2544 8
2545 9
2546 14
2547 8
2548 16
2549 10
2550 11
2551 16
2552 9
2553 7
2554 11
2555 13
2556 14
2557 8
2558 8
2559 8
