0 36
1 28
2 30
3 28
4 25
5 19
6 16
7 30
8 33
9 29
10 36
11 31
12 30
13 28
14 33
15 27
16 30
17 29
18 37
19 26
20 30
21 40
22 31
23 26
24 37
25 36
26 30
27 28
28 27
29 43
30 25
31 18
32 31
33 29
34 28
35 22
36 29
37 29
38 37
39 38
40 31
41 31
42 25
43 31
44 20
45 29
46 26
47 39
48 35
49 43
50 29
51 33
52 22
53 27
54 34
55 31
56 32
57 37
58 29
59 30
60 26
61 30
62 22
63 33
64 28
65 30
66 37
67 30
68 23
69 25
70 43
71 32
72 39
73 33
74 32
75 27
76 34
77 31
78 25
79 30
80 26
81 25
82 26
83 29
84 27
85 30
86 22
87 31
88 29
89 38
90 33
91 24
92 25
93 37
94 26
95 27
96 32
97 22
98 26
99 30
100 30
101 33
102 34
103 31
104 32
105 24
106 32
107 18
108 27
109 27
110 28
111 25
112 31
113 32
114 35
115 23
116 36
117 23
118 31
119 25
120 33
121 22
122 31
123 23
124 39
125 36
126 35
127 32
128 23
129 16
130 29
131 28
132 37
133 29
134 22
135 34
136 43
137 43
138 41
139 29
140 29
141 36
142 33
143 30
144 37
145 28
146 38
147 38
148 23
149 24
150 24
151 36
152 31
153 33
154 32
155 33
156 29
157 28
158 35
159 26
160 39
161 28
162 29
163 31
164 37
165 35
166 42
167 22
168 44
169 33
170 31
171 43
172 40
173 30
174 31
175 26
176 40
177 31
178 31
179 25
180 34
181 36
182 31
183 29
184 38
185 39
186 36
187 38
188 43
189 35
190 40
191 31
192 36
193 41
194 44
195 23
196 33
197 31
198 33
199 39
200 38
201 45
202 29
203 31
204 43
205 34
206 24
207 47
208 21
209 40
210 29
211 32
212 34
213 39
214 39
215 27
216 40
217 36
218 29
219 30
220 37
221 36
222 33
223 34
224 31
225 39
226 30
227 37
228 29
229 18
230 38
231 33
232 33
233 28
234 31
235 34
236 30
237 33
238 33
239 37
240 50
241 35
242 30
243 18
244 26
245 31
246 42
247 41
248 34
249 35
250 30
251 41
252 40
253 32
254 49
255 35
256 34
257 34
258 32
259 43
260 32
261 32
262 33
263 40
264 42
265 30
266 43
267 32
268 36
269 33
270 38
271 35
272 26
273 33
274 32
275 25
276 40
277 25
278 35
279 33
280 35
281 34
282 26
283 41
284 33
285 40
286 28
287 32
288 38
289 32
290 44
291 28
292 26
293 42
294 41
295 25
296 40
297 24
298 33
299 38
300 42
301 39
302 36
303 30
304 30
305 40
306 29
307 37
308 27
309 36
310 36
311 40
312 42
313 34
314 34
315 33
316 26
317 53
318 32
319 38
320 33
321 31
322 29
323 38
324 25
325 31
326 30
327 32
328 36
329 29
330 37
331 43
332 34
333 38
334 34
335 38
336 34
337 46
338 41
339 34
340 28
341 30
342 32
343 33
344 38
345 36
346 40
347 41
348 49
349 30
350 38
351 40
352 29
353 40
354 39
355 35
356 35
357 38
358 40
359 51
360 34
361 26
362 42
363 24
364 29
365 30
366 40
367 42
368 36
369 34
370 42
371 40
372 39
373 32
374 34
375 38
376 28
377 34
378 32
379 26
380 29
381 34
382 27
383 36
384 41
385 27
386 32
387 36
388 20
389 36
390 27
391 32
392 32
393 38
394 40
395 44
396 38
397 32
398 25
399 34
400 27
401 37
402 37
403 35
404 29
405 47
406 37
407 35
408 42
409 41
410 38
411 37
412 46
413 41
414 44
415 35
416 36
417 40
418 43
419 40
420 33
421 37
422 30
423 42
424 34
425 36
426 30
427 38
428 34
429 36
430 44
431 27
432 35
433 34
434 40
435 36
436 41
437 40
438 37
439 35
440 34
441 36
442 31
443 39
444 46
445 42
446 37
447 28
448 23
449 30
450 36
451 39
452 37
453 45
454 42
455 32
456 40
457 42
458 31
459 37
460 34
461 35
462 35
463 37
464 54
465 30
466 32
467 41
468 31
469 40
470 40
471 46
472 43
473 38
474 32
475 33
476 34
477 33
478 38
479 39
480 45
481 38
482 32
483 38
484 37
485 37
486 42
487 46
488 50
489 41
490 38
491 42
492 46
493 45
494 38
495 39
496 31
497 30
498 37
499 44
500 37
501 30
502 35
503 28
504 27
505 26
506 46
507 45
508 56
509 32
510 52
511 38
512 43
513 39
514 55
515 37
516 49
517 36
518 35
519 36
520 35
521 33
522 47
523 40
524 30
525 40
526 33
527 47
528 30
529 38
530 38
531 39
532 42
533 34
534 38
535 47
536 41
537 49
538 45
539 42
540 42
541 52
542 54
543 47
544 53
545 57
546 48
547 52
548 47
549 65
550 61
551 77
552 76
553 76
554 74
555 76
556 71
557 76
558 73
559 65
560 57
561 69
562 79
563 89
564 80
565 83
566 91
567 67
568 48
569 53
570 40
571 41
572 42
573 26
574 41
575 48
576 35
577 38
578 37
579 25
580 43
581 35
582 27
583 34
584 39
585 49
586 38
587 38
588 32
589 35
590 39
591 40
592 37
593 39
594 45
595 34
596 32
597 33
598 38
599 42
600 45
601 41
602 34
603 38
604 37
605 47
606 36
607 29
608 31
609 36
610 38
611 40
612 30
613 40
614 52
615 46
616 32
617 45
618 38
619 34
620 35
621 43
622 38
623 42
624 38
625 36
626 35
627 29
628 32
629 29
630 39
631 38
632 36
633 30
634 42
635 34
636 52
637 46
638 34
639 47
640 49
641 39
642 36
643 34
644 36
645 31
646 34
647 41
648 47
649 33
650 47
651 41
652 36
653 44
654 42
655 41
656 32
657 42
658 49
659 39
660 34
661 41
662 47
663 29
664 22
665 35
666 37
667 35
668 42
669 50
670 34
671 39
672 47
673 36
674 30
675 38
676 47
677 51
678 45
679 35
680 34
681 35
682 41
683 36
684 39
685 47
686 45
687 44
688 45
689 38
690 35
691 44
692 36
693 25
694 36
695 31
696 38
697 49
698 35
699 46
700 33
701 28
702 42
703 46
704 47
705 44
706 38
707 38
708 37
709 36
710 38
711 37
712 49
713 40
714 42
715 35
716 46
717 31
718 35
719 35
720 34
721 30
722 39
723 29
724 42
725 44
726 35
727 42
728 49
729 36
730 30
731 35
732 32
733 37
734 28
735 39
736 47
737 44
738 49
739 35
740 44
741 41
742 31
743 35
744 35
745 38
746 33
747 41
748 36
749 35
750 40
751 22
752 40
753 27
754 31
755 37
756 42
757 49
758 35
759 26
760 41
761 36
762 38
763 48
764 35
765 25
766 44
767 36
768 46
769 28
770 27
771 41
772 40
773 32
774 37
775 31
776 45
777 42
778 38
779 29
780 41
781 36
782 45
783 29
784 48
785 27
786 43
787 38
788 46
789 37
790 44
791 40
792 42
793 29
794 38
795 36
796 30
797 34
798 36
799 34
800 45
801 47
802 43
803 34
804 40
805 35
806 29
807 46
808 39
809 32
810 48
811 28
812 32
813 30
814 42
815 36
816 39
817 25
818 33
819 45
820 38
821 35
822 32
823 30
824 50
825 37
826 35
827 23
828 30
829 36
830 35
831 42
832 43
833 41
834 34
835 25
836 33
837 31
838 44
839 36
840 38
841 34
842 48
843 27
844 32
845 33
846 35
847 39
848 38
849 41
850 47
851 31
852 47
853 53
854 32
855 31
856 33
857 34
858 37
859 36
860 43
861 26
862 44
863 35
864 25
865 44
866 33
867 34
868 38
869 38
870 26
871 42
872 37
873 33
874 35
875 42
876 46
877 41
878 40
879 32
880 35
881 43
882 30
883 34
884 34
885 26
886 41
887 30
888 30
889 28
890 39
891 39
892 55
893 41
894 30
895 36
896 45
897 32
898 36
899 42
900 39
901 31
902 35
903 46
904 48
905 39
906 36
907 51
908 28
909 29
910 45
911 33
912 28
913 34
914 42
915 33
916 38
917 27
918 30
919 32
920 39
921 29
922 42
923 39
924 27
925 35
926 22
927 34
928 29
929 25
930 29
931 41
932 35
933 29
934 27
935 24
936 35
937 35
938 28
939 33
940 35
941 32
942 36
943 28
944 43
945 44
946 27
947 55
948 33
949 36
950 40
951 31
952 42
953 28
954 32
955 26
956 35
957 38
958 34
959 33
960 35
961 32
962 32
963 40
964 32
965 32
966 32
967 38
968 36
969 39
970 35
971 37
972 27
973 41
974 28
975 25
976 34
977 26
978 25
979 26
980 30
981 25
982 35
983 38
984 28
985 33
986 35
987 31
988 35
989 41
990 38
991 33
992 27
993 29
994 35
995 33
996 27
997 34
998 30
999 27
1000 35
1001 37
1002 39
1003 36
1004 43
1005 34
1006 37
1007 35
1008 33
1009 42
1010 30
1011 24
1012 32
1013 36
1014 23
1015 28
1016 31
1017 36
1018 36
1019 39
1020 39
1021 37
1022 27
1023 33
1024 32
1025 31
1026 40
1027 37
1028 28
1029 31
1030 40
1031 40
1032 27
1033 34
1034 41
1035 34
1036 32
1037 32
1038 32
1039 36
1040 40
1041 32
1042 34
1043 34
1044 35
1045 32
1046 38
1047 34
1048 43
1049 44
1050 44
1051 45
1052 38
1053 42
1054 38
1055 35
1056 39
1057 53
1058 49
1059 64
1060 57
1061 58
1062 77
1063 66
1064 76
1065 88
1066 89
1067 91
1068 127
1069 153
1070 167
1071 227
1072 268
1073 296
1074 291
1075 379
1076 398
1077 446
1078 429
1079 452
1080 396
1081 470
1082 535
1083 488
1084 466
1085 540
1086 504
1087 381
1088 273
1089 237
1090 215
1091 173
1092 141
1093 94
1094 61
1095 47
1096 44
1097 43
1098 36
1099 38
1100 51
1101 53
1102 42
1103 29
1104 31
1105 30
1106 29
1107 42
1108 41
1109 34
1110 42
1111 27
1112 31
1113 24
1114 33
1115 29
1116 27
1117 48
1118 29
1119 27
1120 37
1121 20
1122 31
1123 43
1124 29
1125 29
1126 31
1127 26
1128 39
1129 40
1130 33
1131 50
1132 30
1133 28
1134 27
1135 24
1136 31
1137 40
1138 38
1139 25
1140 33
1141 27
1142 32
1143 34
1144 28
1145 36
1146 31
1147 30
1148 29
1149 27
1150 23
1151 30
1152 37
1153 33
1154 29
1155 41
1156 23
1157 26
1158 28
1159 25
1160 32
1161 23
1162 32
1163 23
1164 35
1165 48
1166 42
1167 35
1168 44
1169 26
1170 28
1171 34
1172 39
1173 27
1174 33
1175 30
1176 39
1177 34
1178 34
1179 32
1180 36
1181 19
1182 32
1183 22
1184 35
1185 33
1186 34
1187 35
1188 39
1189 27
1190 23
1191 26
1192 34
1193 25
1194 32
1195 34
1196 36
1197 31
1198 36
1199 24
1200 32
1201 27
1202 39
1203 39
1204 31
1205 31
1206 37
1207 34
1208 41
1209 32
1210 43
1211 53
1212 53
1213 38
1214 59
1215 60
1216 106
1217 141
1218 144
1219 97
1220 76
1221 87
1222 72
1223 65
1224 44
1225 40
1226 33
1227 31
1228 27
1229 32
1230 26
1231 34
1232 31
1233 27
1234 34
1235 26
1236 24
1237 23
1238 37
1239 23
1240 27
1241 32
1242 35
1243 32
1244 30
1245 29
1246 34
1247 30
1248 27
1249 30
1250 28
1251 34
1252 27
1253 34
1254 38
1255 32
1256 37
1257 25
1258 18
1259 30
1260 29
1261 34
1262 19
1263 27
1264 25
1265 21
1266 28
1267 33
1268 20
1269 30
1270 15
1271 24
1272 24
1273 19
1274 22
1275 11
1276 22
1277 19
1278 14
1279 15
1280 47
1281 38
1282 43
1283 28
1284 45
1285 37
1286 46
1287 39
1288 50
1289 32
1290 47
1291 45
1292 41
1293 53
1294 35
1295 41
1296 36
1297 24
1298 24
1299 21
1300 34
1301 31
1302 27
1303 31
1304 19
1305 28
1306 31
1307 29
1308 22
1309 22
1310 24
1311 31
1312 22
1313 27
1314 35
1315 21
1316 28
1317 29
1318 26
1319 23
1320 19
1321 22
1322 24
1323 22
1324 30
1325 33
1326 23
1327 17
1328 26
1329 29
1330 30
1331 19
1332 25
1333 29
1334 27
1335 30
1336 19
1337 24
1338 20
1339 21
1340 23
1341 21
1342 20
1343 21
1344 26
1345 18
1346 33
1347 24
1348 25
1349 29
1350 34
1351 37
1352 20
1353 24
1354 48
1355 33
1356 46
1357 32
1358 43
1359 47
1360 67
1361 73
1362 66
1363 95
1364 100
1365 116
1366 115
1367 137
1368 240
1369 388
1370 450
1371 415
1372 370
1373 288
1374 278
1375 268
1376 265
1377 203
1378 191
1379 218
1380 206
1381 138
1382 87
1383 79
1384 88
1385 72
1386 62
1387 41
1388 47
1389 28
1390 28
1391 21
1392 24
1393 25
1394 27
1395 30
1396 23
1397 27
1398 23
1399 19
1400 26
1401 25
1402 25
1403 38
1404 27
1405 37
1406 25
1407 21
1408 24
1409 17
1410 18
1411 22
1412 23
1413 24
1414 21
1415 19
1416 26
1417 20
1418 24
1419 26
1420 23
1421 26
1422 24
1423 22
1424 23
1425 24
1426 31
1427 21
1428 26
1429 22
1430 24
1431 14
1432 25
1433 20
1434 16
1435 20
1436 12
1437 21
1438 25
1439 23
1440 27
1441 29
1442 26
1443 27
1444 17
1445 26
1446 20
1447 23
1448 29
1449 20
1450 22
1451 26
1452 21
1453 27
1454 14
1455 34
1456 19
1457 20
1458 19
1459 21
1460 18
1461 20
1462 27
1463 21
1464 15
1465 17
1466 19
1467 18
1468 13
1469 22
1470 21
1471 19
1472 29
1473 24
1474 25
1475 18
1476 27
1477 24
1478 27
1479 22
1480 17
1481 22
1482 23
1483 24
1484 22
1485 10
1486 25
1487 21
1488 24
1489 20
1490 22
1491 21
1492 23
1493 13
1494 17
1495 25
1496 20
1497 22
1498 19
1499 17
1500 20
1501 26
1502 19
1503 21
1504 23
1505 29
1506 23
1507 32
1508 14
1509 32
1510 22
1511 18
1512 16
1513 24
1514 23
1515 22
1516 15
1517 21
1518 18
1519 27
1520 27
1521 24
1522 21
1523 23
1524 16
1525 25
1526 19
1527 19
1528 22
1529 23
1530 15
1531 22
1532 24
1533 26
1534 18
1535 28
1536 27
1537 16
1538 21
1539 23
1540 22
1541 24
1542 28
1543 20
1544 15
1545 18
1546 22
1547 29
1548 17
1549 22
1550 26
1551 26
1552 19
1553 29
1554 19
1555 21
1556 12
1557 17
1558 19
1559 19
1560 23
1561 20
1562 20
1563 22
1564 28
1565 21
1566 23
1567 23
1568 12
1569 26
1570 16
1571 20
1572 24
1573 21
1574 20
1575 17
1576 28
1577 20
1578 21
1579 23
1580 27
1581 19
1582 25
1583 18
1584 19
1585 24
1586 31
1587 22
1588 18
1589 14
1590 12
1591 10
1592 17
1593 13
1594 24
1595 24
1596 21
1597 24
1598 18
1599 11
1600 20
1601 19
1602 18
1603 19
1604 22
1605 23
1606 27
1607 17
1608 20
1609 22
1610 11
1611 20
1612 16
1613 19
1614 24
1615 14
1616 18
1617 22
1618 19
1619 11
1620 19
1621 19
1622 17
1623 18
1624 19
1625 16
1626 21
1627 20
1628 17
1629 16
1630 12
1631 18
1632 21
1633 17
1634 16
1635 23
1636 17
1637 15
1638 16
1639 19
1640 20
1641 20
1642 12
1643 24
1644 14
1645 16
1646 15
1647 16
1648 10
1649 21
1650 16
1651 18
1652 27
1653 15
1654 16
1655 11
1656 16
1657 15
1658 21
1659 14
1660 17
1661 17
1662 15
1663 27
1664 23
1665 22
1666 17
1667 17
1668 18
1669 21
1670 19
1671 25
1672 15
1673 11
1674 21
1675 19
1676 11
1677 14
1678 17
1679 23
1680 18
1681 14
1682 17
1683 21
1684 20
1685 28
1686 22
1687 20
1688 19
1689 20
1690 20
1691 17
1692 15
1693 27
1694 14
1695 23
1696 16
1697 12
1698 13
1699 26
1700 14
1701 21
1702 15
1703 15
1704 19
1705 19
1706 14
1707 22
1708 20
1709 23
1710 25
1711 11
1712 20
1713 20
1714 18
1715 16
1716 16
1717 14
1718 21
1719 16
1720 15
1721 15
1722 20
1723 14
1724 21
1725 13
1726 13
1727 23
1728 22
1729 20
1730 24
1731 19
1732 22
1733 24
1734 25
1735 22
1736 8
1737 16
1738 21
1739 21
1740 20
1741 13
1742 21
1743 21
1744 19
1745 20
1746 15
1747 18
1748 21
1749 13
1750 11
1751 25
1752 17
1753 18
1754 22
1755 21
1756 21
1757 21
1758 18
1759 21
1760 22
1761 20
1762 24
1763 22
1764 15
1765 9
1766 25
1767 17
1768 22
1769 15
1770 25
1771 28
1772 22
1773 21
1774 13
1775 19
1776 16
1777 20
1778 17
1779 22
1780 29
1781 21
1782 22
1783 18
1784 28
1785 26
1786 22
1787 22
1788 17
1789 23
1790 18
1791 23
1792 15
1793 17
1794 19
1795 25
1796 26
1797 19
1798 16
1799 14
1800 24
1801 20
1802 16
1803 16
1804 14
1805 17
1806 18
1807 18
1808 23
1809 13
1810 20
1811 17
1812 23
1813 33
1814 28
1815 18
1816 27
1817 25
1818 19
1819 13
1820 20
1821 31
1822 34
1823 28
1824 23
1825 35
1826 42
1827 34
1828 42
1829 35
1830 66
1831 58
1832 63
1833 94
1834 109
1835 167
1836 192
1837 159
1838 102
1839 77
1840 96
1841 96
1842 115
1843 91
1844 100
1845 86
1846 77
1847 63
1848 57
1849 44
1850 40
1851 30
1852 20
1853 21
1854 32
1855 39
1856 25
1857 21
1858 22
1859 18
1860 29
1861 30
1862 18
1863 16
1864 25
1865 16
1866 13
1867 26
1868 11
1869 18
1870 17
1871 15
1872 15
1873 23
1874 24
1875 22
1876 8
1877 17
1878 20
1879 17
1880 18
1881 21
1882 14
1883 21
1884 22
1885 16
1886 20
1887 21
1888 22
1889 17
1890 22
1891 10
1892 15
1893 18
1894 18
1895 16
1896 20
1897 15
1898 14
1899 14
1900 20
1901 10
1902 14
1903 16
1904 16
1905 20
1906 24
1907 20
1908 19
1909 13
1910 18
1911 21
1912 25
1913 15
1914 14
1915 18
1916 15
1917 22
1918 22
1919 13
1920 19
1921 23
1922 17
1923 20
1924 16
1925 32
1926 20
1927 22
1928 19
1929 19
1930 21
1931 16
1932 18
1933 13
1934 20
1935 16
1936 15
1937 11
1938 18
1939 14
1940 11
1941 19
1942 25
1943 23
1944 22
1945 21
1946 26
1947 31
1948 25
1949 20
1950 19
1951 18
1952 25
1953 27
1954 16
1955 19
1956 21
1957 20
1958 22
1959 9
1960 20
1961 11
1962 21
1963 10
1964 6
1965 27
1966 21
1967 19
1968 11
1969 22
1970 23
1971 11
1972 20
1973 21
1974 15
1975 13
1976 15
1977 14
1978 17
1979 12
1980 21
1981 14
1982 28
1983 10
1984 26
1985 13
1986 23
1987 23
1988 14
1989 15
1990 16
1991 23
1992 11
1993 12
1994 16
1995 13
1996 20
1997 17
1998 12
1999 9
2000 14
2001 22
2002 21
2003 21
2004 15
2005 21
2006 14
2007 22
2008 26
2009 18
2010 18
2011 16
2012 12
2013 19
2014 15
2015 22
2016 15
2017 19
2018 22
2019 20
2020 25
2021 12
2022 15
2023 22
2024 18
2025 19
2026 19
2027 23
2028 14
2029 12
2030 25
2031 17
2032 13
2033 12
2034 12
2035 9
2036 14
2037 20
2038 17
2039 24
2040 12
2041 16
2042 20
2043 12
2044 12
2045 14
2046 15
2047 18
2048 14
2049 21
2050 21
2051 22
2052 15
2053 17
2054 17
2055 24
2056 22
2057 23
2058 23
2059 21
2060 14
2061 17
2062 21
2063 17
2064 20
2065 21
2066 18
2067 15
2068 19
2069 21
2070 27
2071 21
2072 36
2073 42
2074 39
2075 56
2076 50
2077 64
2078 67
2079 60
2080 105
2081 97
2082 103
2083 108
2084 180
2085 179
2086 241
2087 226
2088 200
2089 235
2090 219
2091 239
2092 292
2093 349
2094 319
2095 330
2096 293
2097 311
2098 268
2099 293
2100 248
2101 280
2102 317
2103 317
2104 303
2105 253
2106 278
2107 256
2108 245
2109 223
2110 128
2111 116
2112 111
2113 103
2114 96
2115 62
2116 29
2117 46
2118 36
2119 27
2120 33
2121 24
2122 19
2123 24
2124 23
2125 22
2126 9
2127 26
2128 15
2129 21
2130 13
2131 16
2132 20
2133 20
2134 10
2135 20
2136 13
2137 12
2138 18
2139 11
2140 17
2141 13
2142 15
2143 15
2144 24
2145 16
2146 10
2147 20
2148 18
2149 17
2150 10
2151 9
2152 13
2153 10
2154 19
2155 18
2156 15
2157 15
2158 23
2159 16
2160 15
2161 13
2162 14
2163 15
2164 15
2165 14
2166 18
2167 24
2168 18
2169 13
2170 11
2171 16
2172 18
2173 13
2174 19
2175 14
2176 6
2177 15
2178 16
2179 13
2180 20
2181 15
2182 12
2183 11
2184 19
2185 16
2186 15
2187 17
2188 17
2189 14
2190 17
2191 17
2192 7
2193 16
2194 12
2195 18
2196 18
2197 15
2198 28
2199 14
2200 14
2201 8
2202 20
2203 13
2204 15
2205 17
2206 13
2207 19
2208 19
2209 15
2210 22
2211 24
2212 17
2213 25
2214 17
2215 19
2216 12
2217 11
2218 14
2219 22
2220 17
2221 12
2222 24
2223 12
2224 21
2225 12
2226 15
2227 13
2228 14
2229 23
2230 22
2231 15
2232 15
2233 17
2234 19
2235 12
2236 7
2237 13
2238 12
2239 14
2240 19
2241 12
2242 13
2243 17
2244 16
2245 11
2246 18
2247 15
2248 15
2249 21
2250 13
2251 14
2252 14
2253 15
2254 16
2255 8
2256 15
2257 17
2258 12
2259 13
2260 16
2261 17
2262 17
2263 15
2264 16
2265 14
2266 16
2267 9
2268 22
2269 16
2270 18
2271 12
2272 19
2273 16
2274 17
2275 17
2276 13
2277 24
2278 23
2279 26
2280 24
2281 14
2282 24
2283 29
2284 28
2285 31
2286 38
2287 36
2288 26
2289 34
2290 46
2291 63
2292 69
2293 67
2294 65
2295 59
2296 63
2297 74
2298 74
2299 86
2300 95
2301 78
2302 82
2303 88
2304 85
2305 68
2306 66
2307 56
2308 63
2309 48
2310 36
2311 45
2312 42
2313 56
2314 45
2315 38
2316 41
2317 41
2318 24
2319 23
2320 19
2321 16
2322 14
2323 19
2324 20
2325 12
2326 20
2327 13
2328 16
2329 13
2330 18
2331 15
2332 19
2333 16
2334 19
2335 16
2336 12
2337 4
2338 12
2339 11
2340 19
2341 10
2342 7
2343 14
2344 15
2345 9
2346 13
2347 16
2348 14
2349 13
2350 11
2351 12
2352 9
2353 14
2354 21
2355 16
2356 15
2357 11
2358 15
2359 16
2360 15
2361 9
2362 13
2363 9
2364 9
2365 15
2366 21
2367 15
2368 11
2369 16
2370 9
2371 20
2372 16
2373 14
2374 19
2375 11
2376 16
2377 6
2378 11
2379 11
2380 15
2381 17
2382 16
2383 14
2384 10
2385 16
2386 15
2387 15
2388 12
2389 11
2390 12
2391 10
2392 12
2393 11
2394 13
2395 12
2396 13
2397 9
2398 11
2399 6
2400 10
2401 13
2402 13
2403 11
2404 15
2405 15
2406 13
2407 11
2408 8
2409 20
2410 9
2411 12
2412 20
2413 9
2414 8
2415 7
2416 12
2417 19
2418 8
2419 10
2420 7
2421 9
2422 6
2423 15
2424 12
2425 14
2426 11
2427 12
2428 14
2429 10
2430 13
2431 24
2432 9
2433 5
2434 10
2435 14
2436 16
2437 14
2438 13
2439 9
2440 15
2441 6
2442 12
2443 9
2444 10
2445 14
2446 12
2447 15
2448 13
2449 10
2450 11
2451 9
2452 15
2453 10
2454 7
2455 16
2456 10
2457 8
2458 10
2459 19
2460 14
2461 15
2462 9
2463 15
2464 15
2465 10
2466 9
2467 17
2468 6
2469 9
2470 16
2471 10
2472 7
2473 15
2474 13
2475 13
2476 13
2477 8
2478 8
2479 12
2480 9
2481 12
2482 13
2483 14
2484 11
2485 11
2486 11
2487 13
2488 13
2489 8
2490 14
2491 9
2492 12
2493 13
2494 7
2495 12
2496 10
2497 12
2498 5
2499 16
2500 13
2501 13
2502 13
2503 9
2504 10
2505 11
2506 11
2507 17
2508 15
2509 8
2510 12
2511 11
2512 12
2513 10
2514 12
2515 8
2516 13
2517 4
2518 13
2519 11
2520 12
2521 11
2522 19
2523 8
2524 16
2525 9
2526 17
2527 16
2528 15
2529 11
2530 14
2531 13
2532 9
2533 11
2534 12
2535 10
2536 8
2537 9
2538 10
2539 15
2540 14
2541 9
2542 13
2543 14
2544 13
2545 8
2546 11
2547 16
2548 16
2549 9
2550 15
2551 12
2552 7
2553 13
2554 13
2555 11
2556 8
2557 18
2558 10
2559 14
