0 22
1 22
2 27
3 23
4 26
5 22
6 23
7 26
8 27
9 25
10 28
11 22
12 31
13 24
14 28
15 21
16 30
17 30
18 21
19 37
20 34
21 23
22 26
23 33
24 21
25 28
26 34
27 27
28 28
29 39
30 30
31 26
32 23
33 21
34 30
35 27
36 27
37 18
38 27
39 38
40 29
41 26
42 24
43 19
44 21
45 22
46 19
47 27
48 34
49 17
50 28
51 36
52 27
53 20
54 28
55 29
56 32
57 24
58 28
59 23
60 26
61 23
62 25
63 27
64 25
65 24
66 24
67 27
68 22
69 27
70 32
71 18
72 34
73 24
74 29
75 20
76 28
77 18
78 27
79 26
80 23
81 29
82 19
83 33
84 20
85 24
86 28
87 22
88 31
89 26
90 27
91 36
92 31
93 20
94 19
95 22
96 33
97 33
98 24
99 22
100 43
101 39
102 16
103 23
104 28
105 36
106 32
107 24
108 27
109 23
110 36
111 23
112 28
113 30
114 27
115 20
116 31
117 26
118 27
119 17
120 33
121 34
122 28
123 30
124 25
125 25
126 26
127 28
128 26
129 35
130 26
131 25
132 20
133 16
134 31
135 32
136 33
137 20
138 24
139 31
140 25
141 33
142 22
143 26
144 29
145 23
146 25
147 23
148 28
149 24
150 31
151 23
152 36
153 34
154 31
155 21
156 22
157 17
158 25
159 22
160 35
161 29
162 18
163 28
164 19
165 23
166 38
167 24
168 23
169 27
170 31
171 46
172 17
173 24
174 32
175 35
176 29
177 22
178 21
179 23
180 20
181 18
182 30
183 24
184 25
185 34
186 41
187 31
188 36
189 33
190 41
191 28
192 22
193 20
194 26
195 42
196 28
197 32
198 36
199 22
200 24
201 37
202 29
203 32
204 23
205 25
206 28
207 26
208 34
209 41
210 26
211 28
212 32
213 33
214 33
215 25
216 37
217 29
218 26
219 34
220 28
221 29
222 29
223 37
224 44
225 34
226 35
227 38
228 28
229 33
230 32
231 23
232 34
233 37
234 31
235 38
236 32
237 32
238 29
239 30
240 27
241 38
242 33
243 29
244 37
245 27
246 37
247 29
248 34
249 27
250 33
251 32
252 29
253 26
254 33
255 32
256 31
257 25
258 29
259 27
260 33
261 33
262 35
263 20
264 23
265 41
266 25
267 32
268 33
269 30
270 37
271 33
272 28
273 25
274 27
275 39
276 37
277 31
278 31
279 20
280 39
281 38
282 34
283 30
284 29
285 20
286 38
287 40
288 20
289 31
290 30
291 40
292 14
293 32
294 33
295 45
296 32
297 27
298 35
299 43
300 37
301 31
302 26
303 20
304 39
305 26
306 37
307 27
308 29
309 31
310 35
311 32
312 37
313 24
314 30
315 28
316 33
317 26
318 42
319 27
320 34
321 32
322 33
323 26
324 33
325 41
326 39
327 34
328 31
329 37
330 33
331 38
332 38
333 31
334 36
335 24
336 31
337 35
338 32
339 37
340 39
341 42
342 23
343 18
344 19
345 27
346 22
347 38
348 35
349 32
350 31
351 29
352 30
353 40
354 44
355 30
356 29
357 30
358 23
359 30
360 21
361 24
362 27
363 37
364 31
365 36
366 36
367 32
368 31
369 39
370 27
371 42
372 38
373 24
374 27
375 21
376 35
377 34
378 32
379 39
380 34
381 32
382 31
383 28
384 30
385 25
386 34
387 38
388 39
389 30
390 44
391 32
392 41
393 41
394 43
395 38
396 25
397 31
398 28
399 32
400 25
401 41
402 28
403 34
404 31
405 38
406 35
407 44
408 38
409 41
410 31
411 27
412 41
413 33
414 35
415 42
416 42
417 33
418 37
419 31
420 35
421 39
422 40
423 38
424 33
425 40
426 33
427 29
428 26
429 39
430 33
431 31
432 38
433 32
434 39
435 25
436 46
437 31
438 38
439 28
440 27
441 41
442 26
443 27
444 34
445 43
446 39
447 34
448 34
449 34
450 37
451 25
452 36
453 34
454 32
455 30
456 26
457 25
458 27
459 31
460 46
461 36
462 38
463 35
464 37
465 32
466 33
467 33
468 34
469 39
470 33
471 28
472 32
473 28
474 27
475 31
476 28
477 31
478 29
479 31
480 32
481 35
482 40
483 37
484 28
485 34
486 34
487 41
488 38
489 51
490 35
491 41
492 37
493 31
494 36
495 22
496 42
497 33
498 26
499 38
500 38
501 35
502 43
503 42
504 37
505 38
506 33
507 41
508 32
509 33
510 28
511 25
512 41
513 34
514 33
515 42
516 48
517 44
518 45
519 27
520 30
521 37
522 30
523 33
524 33
525 23
526 42
527 24
528 41
529 29
530 34
531 25
532 26
533 46
534 41
535 32
536 36
537 37
538 33
539 44
540 46
541 33
542 30
543 33
544 40
545 29
546 37
547 29
548 26
549 30
550 38
551 26
552 39
553 38
554 34
555 41
556 39
557 33
558 35
559 23
560 42
561 38
562 44
563 38
564 44
565 26
566 35
567 35
568 40
569 29
570 32
571 39
572 33
573 25
574 30
575 34
576 32
577 37
578 38
579 46
580 44
581 40
582 37
583 44
584 40
585 25
586 40
587 39
588 30
589 46
590 39
591 51
592 46
593 42
594 43
595 37
596 31
597 41
598 50
599 46
600 50
601 35
602 43
603 46
604 42
605 60
606 45
607 44
608 66
609 58
610 48
611 82
612 64
613 94
614 104
615 69
616 89
617 84
618 103
619 101
620 97
621 85
622 87
623 87
624 70
625 91
626 93
627 83
628 69
629 59
630 54
631 43
632 55
633 34
634 49
635 41
636 29
637 39
638 39
639 43
640 38
641 30
642 43
643 39
644 32
645 35
646 33
647 34
648 33
649 28
650 32
651 25
652 29
653 32
654 32
655 34
656 24
657 26
658 32
659 31
660 42
661 40
662 36
663 30
664 39
665 33
666 46
667 50
668 36
669 34
670 29
671 33
672 40
673 31
674 45
675 30
676 34
677 37
678 41
679 36
680 33
681 33
682 31
683 42
684 38
685 38
686 34
687 31
688 51
689 41
690 32
691 29
692 45
693 36
694 28
695 30
696 33
697 49
698 32
699 29
700 38
701 34
702 26
703 42
704 42
705 39
706 41
707 28
708 33
709 36
710 26
711 35
712 33
713 32
714 49
715 35
716 41
717 45
718 34
719 25
720 41
721 42
722 32
723 34
724 30
725 40
726 26
727 37
728 37
729 39
730 37
731 28
732 30
733 32
734 33
735 37
736 45
737 41
738 39
739 31
740 38
741 35
742 39
743 20
744 32
745 31
746 37
747 27
748 33
749 39
750 39
751 54
752 29
753 35
754 43
755 29
756 24
757 45
758 32
759 23
760 36
761 27
762 26
763 47
764 41
765 47
766 34
767 36
768 42
769 42
770 42
771 46
772 29
773 24
774 32
775 30
776 29
777 33
778 37
779 35
780 33
781 27
782 31
783 36
784 26
785 36
786 31
787 41
788 29
789 31
790 30
791 38
792 36
793 35
794 33
795 31
796 29
797 40
798 35
799 34
800 34
801 34
802 33
803 32
804 33
805 39
806 36
807 49
808 33
809 43
810 35
811 44
812 41
813 30
814 42
815 42
816 38
817 27
818 34
819 45
820 26
821 34
822 38
823 35
824 38
825 35
826 36
827 31
828 30
829 39
830 41
831 34
832 32
833 29
834 42
835 38
836 35
837 30
838 38
839 39
840 29
841 36
842 31
843 33
844 43
845 42
846 35
847 32
848 41
849 44
850 44
851 30
852 28
853 30
854 38
855 26
856 26
857 28
858 38
859 40
860 34
861 27
862 30
863 23
864 35
865 28
866 33
867 27
868 37
869 29
870 30
871 47
872 46
873 32
874 43
875 37
876 32
877 35
878 31
879 27
880 38
881 32
882 30
883 38
884 39
885 32
886 35
887 34
888 36
889 39
890 36
891 29
892 25
893 30
894 28
895 31
896 33
897 42
898 35
899 30
900 27
901 44
902 40
903 28
904 30
905 28
906 29
907 31
908 35
909 35
910 36
911 31
912 32
913 29
914 28
915 34
916 22
917 39
918 31
919 29
920 35
921 25
922 24
923 30
924 32
925 31
926 33
927 23
928 35
929 45
930 50
931 25
932 28
933 34
934 37
935 35
936 36
937 30
938 36
939 30
940 38
941 37
942 32
943 36
944 32
945 41
946 37
947 33
948 31
949 27
950 25
951 30
952 34
953 38
954 37
955 34
956 36
957 27
958 41
959 48
960 24
961 25
962 38
963 32
964 33
965 40
966 24
967 35
968 37
969 35
970 33
971 23
972 37
973 34
974 31
975 35
976 26
977 30
978 29
979 32
980 34
981 34
982 27
983 38
984 23
985 29
986 29
987 26
988 30
989 37
990 40
991 33
992 39
993 36
994 32
995 27
996 21
997 28
998 34
999 38
1000 27
1001 30
1002 36
1003 28
1004 31
1005 38
1006 20
1007 26
1008 31
1009 30
1010 42
1011 28
1012 23
1013 32
1014 28
1015 23
1016 23
1017 33
1018 38
1019 29
1020 34
1021 26
1022 25
1023 28
1024 35
1025 30
1026 33
1027 24
1028 27
1029 34
1030 29
1031 31
1032 24
1033 30
1034 37
1035 33
1036 36
1037 35
1038 30
1039 28
1040 26
1041 30
1042 35
1043 29
1044 27
1045 41
1046 30
1047 34
1048 37
1049 35
1050 36
1051 22
1052 34
1053 32
1054 30
1055 31
1056 28
1057 29
1058 37
1059 28
1060 30
1061 32
1062 28
1063 32
1064 29
1065 35
1066 25
1067 27
1068 27
1069 31
1070 24
1071 23
1072 37
1073 29
1074 36
1075 26
1076 24
1077 26
1078 35
1079 23
1080 34
1081 28
1082 24
1083 28
1084 54
1085 30
1086 39
1087 36
1088 27
1089 31
1090 33
1091 33
1092 25
1093 46
1094 34
1095 36
1096 47
1097 34
1098 34
1099 41
1100 38
1101 32
1102 38
1103 23
1104 33
1105 29
1106 39
1107 40
1108 28
1109 28
1110 32
1111 32
1112 45
1113 36
1114 34
1115 33
1116 36
1117 36
1118 31
1119 34
1120 26
1121 23
1122 27
1123 35
1124 29
1125 25
1126 25
1127 22
1128 27
1129 27
1130 38
1131 47
1132 31
1133 36
1134 31
1135 37
1136 36
1137 31
1138 45
1139 57
1140 49
1141 58
1142 75
1143 75
1144 69
1145 94
1146 123
1147 122
1148 161
1149 187
1150 230
1151 261
1152 323
1153 332
1154 281
1155 381
1156 467
1157 540
1158 567
1159 499
1160 457
1161 472
1162 466
1163 444
1164 464
1165 360
1166 306
1167 289
1168 199
1169 197
1170 126
1171 82
1172 59
1173 52
1174 52
1175 37
1176 25
1177 36
1178 39
1179 36
1180 39
1181 32
1182 36
1183 35
1184 46
1185 30
1186 36
1187 25
1188 23
1189 32
1190 31
1191 29
1192 24
1193 27
1194 31
1195 32
1196 32
1197 30
1198 30
1199 31
1200 35
1201 38
1202 37
1203 34
1204 38
1205 28
1206 34
1207 34
1208 25
1209 23
1210 27
1211 41
1212 31
1213 24
1214 28
1215 32
1216 26
1217 29
1218 23
1219 19
1220 30
1221 36
1222 30
1223 28
1224 30
1225 23
1226 33
1227 30
1228 23
1229 22
1230 33
1231 34
1232 35
1233 28
1234 25
1235 22
1236 35
1237 40
1238 30
1239 30
1240 27
1241 37
1242 32
1243 31
1244 30
1245 26
1246 26
1247 33
1248 33
1249 22
1250 27
1251 26
1252 28
1253 31
1254 32
1255 35
1256 33
1257 24
1258 26
1259 28
1260 28
1261 22
1262 28
1263 31
1264 30
1265 27
1266 28
1267 28
1268 12
1269 23
1270 19
1271 12
1272 15
1273 20
1274 18
1275 22
1276 25
1277 16
1278 19
1279 13
1280 23
1281 31
1282 23
1283 22
1284 13
1285 15
1286 16
1287 25
1288 23
1289 17
1290 22
1291 23
1292 12
1293 18
1294 15
1295 23
1296 27
1297 23
1298 18
1299 23
1300 21
1301 16
1302 27
1303 26
1304 20
1305 28
1306 27
1307 19
1308 19
1309 19
1310 26
1311 22
1312 27
1313 18
1314 26
1315 25
1316 24
1317 24
1318 21
1319 36
1320 21
1321 14
1322 20
1323 24
1324 25
1325 21
1326 22
1327 25
1328 24
1329 19
1330 21
1331 29
1332 19
1333 20
1334 20
1335 19
1336 23
1337 30
1338 17
1339 25
1340 21
1341 17
1342 23
1343 28
1344 26
1345 16
1346 28
1347 22
1348 25
1349 23
1350 20
1351 20
1352 25
1353 21
1354 17
1355 19
1356 28
1357 21
1358 18
1359 26
1360 21
1361 24
1362 22
1363 20
1364 22
1365 36
1366 24
1367 21
1368 28
1369 22
1370 24
1371 35
1372 35
1373 39
1374 43
1375 57
1376 43
1377 45
1378 44
1379 48
1380 43
1381 36
1382 44
1383 54
1384 25
1385 27
1386 22
1387 27
1388 26
1389 33
1390 27
1391 26
1392 26
1393 25
1394 20
1395 18
1396 23
1397 30
1398 18
1399 31
1400 23
1401 20
1402 24
1403 14
1404 17
1405 29
1406 18
1407 17
1408 16
1409 32
1410 21
1411 14
1412 19
1413 32
1414 27
1415 19
1416 24
1417 23
1418 26
1419 16
1420 13
1421 18
1422 18
1423 22
1424 16
1425 23
1426 12
1427 26
1428 24
1429 24
1430 21
1431 21
1432 19
1433 18
1434 29
1435 20
1436 24
1437 20
1438 27
1439 27
1440 20
1441 29
1442 27
1443 28
1444 25
1445 28
1446 27
1447 22
1448 27
1449 30
1450 39
1451 39
1452 46
1453 63
1454 73
1455 77
1456 71
1457 73
1458 145
1459 193
1460 206
1461 249
1462 236
1463 274
1464 330
1465 317
1466 298
1467 254
1468 212
1469 160
1470 141
1471 130
1472 113
1473 88
1474 75
1475 41
1476 33
1477 45
1478 30
1479 25
1480 30
1481 36
1482 30
1483 28
1484 28
1485 16
1486 19
1487 23
1488 24
1489 23
1490 13
1491 15
1492 19
1493 22
1494 27
1495 22
1496 21
1497 28
1498 21
1499 21
1500 20
1501 27
1502 18
1503 21
1504 20
1505 19
1506 22
1507 21
1508 16
1509 17
1510 15
1511 18
1512 25
1513 20
1514 23
1515 30
1516 18
1517 20
1518 21
1519 16
1520 21
1521 19
1522 25
1523 21
1524 25
1525 23
1526 21
1527 27
1528 19
1529 22
1530 17
1531 25
1532 18
1533 15
1534 18
1535 16
1536 27
1537 23
1538 20
1539 14
1540 17
1541 15
1542 15
1543 26
1544 28
1545 11
1546 21
1547 26
1548 19
1549 21
1550 17
1551 18
1552 19
1553 17
1554 21
1555 16
1556 19
1557 18
1558 17
1559 21
1560 21
1561 14
1562 18
1563 24
1564 34
1565 19
1566 25
1567 20
1568 16
1569 27
1570 14
1571 22
1572 18
1573 17
1574 17
1575 14
1576 25
1577 20
1578 21
1579 22
1580 15
1581 15
1582 27
1583 18
1584 21
1585 18
1586 15
1587 22
1588 25
1589 18
1590 17
1591 17
1592 22
1593 21
1594 18
1595 17
1596 15
1597 21
1598 19
1599 17
1600 14
1601 20
1602 19
1603 26
1604 22
1605 17
1606 19
1607 20
1608 16
1609 19
1610 23
1611 22
1612 27
1613 17
1614 18
1615 18
1616 22
1617 12
1618 24
1619 18
1620 17
1621 22
1622 13
1623 14
1624 8
1625 14
1626 20
1627 22
1628 21
1629 15
1630 11
1631 18
1632 17
1633 24
1634 23
1635 16
1636 16
1637 13
1638 19
1639 16
1640 18
1641 21
1642 15
1643 18
1644 21
1645 11
1646 19
1647 27
1648 23
1649 22
1650 23
1651 13
1652 15
1653 22
1654 24
1655 19
1656 20
1657 19
1658 12
1659 20
1660 21
1661 8
1662 23
1663 23
1664 21
1665 14
1666 14
1667 17
1668 27
1669 17
1670 19
1671 21
1672 11
1673 20
1674 18
1675 22
1676 25
1677 14
1678 27
1679 18
1680 22
1681 18
1682 17
1683 17
1684 21
1685 17
1686 13
1687 17
1688 17
1689 15
1690 17
1691 15
1692 17
1693 20
1694 22
1695 11
1696 16
1697 17
1698 13
1699 15
1700 24
1701 19
1702 24
1703 14
1704 17
1705 20
1706 19
1707 17
1708 26
1709 21
1710 19
1711 17
1712 31
1713 17
1714 22
1715 8
1716 12
1717 17
1718 16
1719 12
1720 20
1721 30
1722 14
1723 9
1724 16
1725 16
1726 13
1727 19
1728 16
1729 23
1730 19
1731 12
1732 21
1733 22
1734 30
1735 28
1736 30
1737 8
1738 14
1739 18
1740 24
1741 20
1742 17
1743 24
1744 23
1745 20
1746 25
1747 23
1748 17
1749 16
1750 19
1751 16
1752 12
1753 15
1754 19
1755 12
1756 16
1757 16
1758 17
1759 24
1760 16
1761 19
1762 16
1763 11
1764 18
1765 16
1766 19
1767 15
1768 15
1769 11
1770 24
1771 21
1772 14
1773 16
1774 21
1775 13
1776 16
1777 18
1778 21
1779 15
1780 19
1781 15
1782 14
1783 15
1784 19
1785 23
1786 22
1787 23
1788 11
1789 20
1790 17
1791 12
1792 19
1793 17
1794 17
1795 18
1796 17
1797 18
1798 15
1799 11
1800 11
1801 15
1802 13
1803 20
1804 19
1805 12
1806 18
1807 15
1808 15
1809 11
1810 13
1811 13
1812 15
1813 7
1814 17
1815 23
1816 19
1817 17
1818 22
1819 16
1820 9
1821 14
1822 19
1823 11
1824 16
1825 13
1826 18
1827 9
1828 15
1829 8
1830 13
1831 13
1832 11
1833 18
1834 15
1835 12
1836 17
1837 17
1838 11
1839 13
1840 22
1841 15
1842 21
1843 19
1844 15
1845 14
1846 22
1847 15
1848 22
1849 14
1850 20
1851 10
1852 21
1853 12
1854 21
1855 24
1856 20
1857 19
1858 25
1859 18
1860 18
1861 18
1862 10
1863 10
1864 11
1865 15
1866 19
1867 17
1868 19
1869 15
1870 15
1871 18
1872 12
1873 22
1874 18
1875 20
1876 23
1877 20
1878 23
1879 16
1880 25
1881 15
1882 27
1883 18
1884 16
1885 24
1886 16
1887 18
1888 17
1889 22
1890 22
1891 28
1892 20
1893 26
1894 19
1895 20
1896 17
1897 18
1898 16
1899 27
1900 25
1901 23
1902 24
1903 14
1904 11
1905 17
1906 19
1907 9
1908 14
1909 17
1910 14
1911 18
1912 13
1913 16
1914 17
1915 13
1916 17
1917 17
1918 20
1919 18
1920 21
1921 22
1922 16
1923 10
1924 22
1925 14
1926 29
1927 20
1928 22
1929 27
1930 23
1931 30
1932 40
1933 28
1934 30
1935 34
1936 41
1937 45
1938 48
1939 46
1940 62
1941 98
1942 118
1943 153
1944 168
1945 127
1946 128
1947 165
1948 102
1949 74
1950 72
1951 74
1952 98
1953 201
1954 189
1955 158
1956 161
1957 129
1958 101
1959 77
1960 59
1961 52
1962 27
1963 26
1964 20
1965 19
1966 23
1967 22
1968 13
1969 19
1970 20
1971 13
1972 15
1973 15
1974 12
1975 14
1976 15
1977 20
1978 21
1979 13
1980 13
1981 10
1982 14
1983 12
1984 14
1985 17
1986 17
1987 12
1988 12
1989 18
1990 21
1991 18
1992 12
1993 13
1994 14
1995 20
1996 12
1997 14
1998 15
1999 14
2000 15
2001 13
2002 19
2003 13
2004 15
2005 13
2006 17
2007 10
2008 18
2009 19
2010 12
2011 10
2012 19
2013 17
2014 13
2015 11
2016 20
2017 19
2018 16
2019 16
2020 13
2021 18
2022 12
2023 26
2024 14
2025 7
2026 14
2027 9
2028 18
2029 16
2030 8
2031 15
2032 17
2033 9
2034 11
2035 9
2036 13
2037 9
2038 13
2039 13
2040 19
2041 13
2042 19
2043 7
2044 12
2045 15
2046 12
2047 16
2048 15
2049 16
2050 10
2051 23
2052 10
2053 14
2054 19
2055 21
2056 19
2057 8
2058 15
2059 16
2060 9
2061 15
2062 10
2063 7
2064 18
2065 14
2066 18
2067 21
2068 17
2069 17
2070 19
2071 11
2072 14
2073 14
2074 10
2075 12
2076 16
2077 14
2078 16
2079 13
2080 14
2081 14
2082 15
2083 15
2084 16
2085 11
2086 9
2087 15
2088 21
2089 18
2090 19
2091 16
2092 13
2093 12
2094 17
2095 17
2096 26
2097 15
2098 17
2099 14
2100 20
2101 14
2102 14
2103 12
2104 17
2105 18
2106 13
2107 10
2108 11
2109 17
2110 17
2111 14
2112 9
2113 11
2114 14
2115 14
2116 10
2117 17
2118 7
2119 14
2120 13
2121 12
2122 8
2123 11
2124 10
2125 11
2126 18
2127 15
2128 12
2129 16
2130 17
2131 12
2132 17
2133 17
2134 17
2135 9
2136 14
2137 22
2138 14
2139 10
2140 11
2141 13
2142 9
2143 12
2144 20
2145 15
2146 13
2147 12
2148 14
2149 15
2150 10
2151 14
2152 14
2153 10
2154 10
2155 9
2156 18
2157 11
2158 7
2159 17
2160 11
2161 22
2162 20
2163 18
2164 15
2165 13
2166 20
2167 15
2168 30
2169 16
2170 16
2171 11
2172 18
2173 10
2174 19
2175 11
2176 17
2177 25
2178 20
2179 16
2180 21
2181 16
2182 19
2183 18
2184 22
2185 10
2186 18
2187 18
2188 33
2189 26
2190 20
2191 23
2192 31
2193 44
2194 49
2195 41
2196 57
2197 58
2198 74
2199 93
2200 103
2201 112
2202 113
2203 136
2204 145
2205 203
2206 280
2207 318
2208 313
2209 343
2210 379
2211 416
2212 446
2213 540
2214 556
2215 597
2216 487
2217 446
2218 407
2219 370
2220 318
2221 305
2222 308
2223 240
2224 193
2225 147
2226 144
2227 145
2228 105
2229 83
2230 62
2231 54
2232 43
2233 42
2234 36
2235 31
2236 25
2237 25
2238 26
2239 22
2240 25
2241 18
2242 20
2243 18
2244 14
2245 17
2246 17
2247 13
2248 16
2249 15
2250 20
2251 11
2252 16
2253 16
2254 13
2255 17
2256 12
2257 20
2258 13
2259 18
2260 12
2261 14
2262 12
2263 17
2264 14
2265 18
2266 11
2267 15
2268 16
2269 10
2270 23
2271 9
2272 15
2273 11
2274 19
2275 14
2276 13
2277 12
2278 18
2279 15
2280 13
2281 14
2282 15
2283 7
2284 16
2285 14
2286 17
2287 20
2288 16
2289 17
2290 18
2291 19
2292 13
2293 18
2294 21
2295 14
2296 20
2297 14
2298 17
2299 13
2300 12
2301 7
2302 14
2303 15
2304 18
2305 15
2306 13
2307 14
2308 16
2309 14
2310 11
2311 12
2312 14
2313 18
2314 14
2315 14
2316 14
2317 23
2318 21
2319 18
2320 16
2321 11
2322 12
2323 18
2324 14
2325 16
2326 14
2327 18
2328 12
2329 15
2330 18
2331 11
2332 12
2333 10
2334 15
2335 17
2336 14
2337 12
2338 14
2339 16
2340 16
2341 21
2342 20
2343 17
2344 19
2345 12
2346 18
2347 16
2348 12
2349 13
2350 15
2351 20
2352 12
2353 11
2354 10
2355 10
2356 15
2357 17
2358 8
2359 16
2360 8
2361 13
2362 12
2363 15
2364 8
2365 8
2366 17
2367 19
2368 13
2369 15
2370 12
2371 9
2372 13
2373 14
2374 13
2375 10
2376 13
2377 8
2378 12
2379 15
2380 15
2381 13
2382 11
2383 12
2384 14
2385 11
2386 16
2387 9
2388 12
2389 16
2390 16
2391 12
2392 8
2393 7
2394 15
2395 14
2396 10
2397 8
2398 13
2399 14
2400 11
2401 19
2402 22
2403 15
2404 25
2405 19
2406 25
2407 20
2408 22
2409 31
2410 28
2411 33
2412 34
2413 37
2414 41
2415 50
2416 63
2417 70
2418 85
2419 116
2420 82
2421 57
2422 94
2423 78
2424 84
2425 61
2426 113
2427 87
2428 110
2429 79
2430 85
2431 75
2432 53
2433 44
2434 49
2435 47
2436 22
2437 52
2438 43
2439 58
2440 34
2441 23
2442 22
2443 16
2444 30
2445 22
2446 19
2447 18
2448 9
2449 18
2450 10
2451 12
2452 13
2453 16
2454 16
2455 12
2456 13
2457 12
2458 13
2459 13
2460 16
2461 12
2462 11
2463 15
2464 8
2465 6
2466 10
2467 8
2468 12
2469 17
2470 14
2471 5
2472 16
2473 7
2474 8
2475 14
2476 21
2477 12
2478 10
2479 12
2480 9
2481 7
2482 9
2483 13
2484 12
2485 9
2486 16
2487 11
2488 7
2489 15
2490 6
2491 17
2492 9
2493 15
2494 16
2495 13
2496 11
2497 17
2498 15
2499 15
2500 12
2501 16
2502 8
2503 11
2504 13
2505 10
2506 14
2507 11
2508 10
2509 16
2510 15
2511 14
2512 11
2513 6
2514 12
2515 13
2516 17
2517 13
2518 16
2519 10
2520 9
2521 14
2522 12
2523 14
2524 9
2525 7
2526 13
2527 11
2528 16
2529 16
2530 12
2531 7
2532 6
2533 12
2534 8
2535 9
2536 11
2537 11
2538 12
2539 11
2540 12
2541 6
2542 13
2543 12
2544 13
2545 13
2546 8
2547 8
2548 19
2549 13
2550 9
2551 13
2552 15
2553 9
2554 11
2555 12
2556 10
2557 16
2558 13
2559 15
