0 23
1 27
2 33
3 28
4 25
5 22
6 28
7 30
8 27
9 31
10 22
11 31
12 24
13 27
14 33
15 26
16 26
17 32
18 36
19 41
20 30
21 21
22 19
23 30
24 34
25 33
26 21
27 31
28 33
29 22
30 35
31 29
32 28
33 36
34 32
35 24
36 14
37 39
38 26
39 26
40 28
41 30
42 20
43 30
44 24
45 22
46 31
47 31
48 24
49 29
50 33
51 36
52 28
53 16
54 27
55 25
56 29
57 24
58 28
59 28
60 22
61 37
62 26
63 35
64 20
65 28
66 33
67 24
68 31
69 31
70 34
71 26
72 30
73 27
74 30
75 25
76 36
77 27
78 23
79 30
80 24
81 29
82 33
83 33
84 27
85 24
86 45
87 21
88 32
89 25
90 32
91 23
92 22
93 18
94 28
95 27
96 24
97 31
98 25
99 26
100 23
101 41
102 23
103 26
104 24
105 38
106 24
107 36
108 26
109 23
110 22
111 24
112 29
113 27
114 25
115 23
116 31
117 22
118 31
119 17
120 38
121 30
122 35
123 41
124 25
125 18
126 27
127 25
128 33
129 16
130 28
131 34
132 27
133 29
134 25
135 26
136 39
137 33
138 32
139 34
140 35
141 26
142 27
143 23
144 21
145 26
146 27
147 35
148 21
149 24
150 29
151 30
152 27
153 33
154 30
155 31
156 34
157 26
158 32
159 31
160 30
161 29
162 36
163 33
164 37
165 21
166 24
167 19
168 29
169 25
170 36
171 32
172 28
173 32
174 34
175 33
176 35
177 33
178 25
179 29
180 33
181 44
182 35
183 28
184 32
185 35
186 43
187 30
188 28
189 41
190 37
191 24
192 34
193 34
194 33
195 31
196 39
197 25
198 38
199 36
200 28
201 27
202 38
203 27
204 36
205 24
206 25
207 35
208 17
209 33
210 46
211 30
212 28
213 35
214 33
215 31
216 28
217 24
218 25
219 20
220 21
221 28
222 25
223 28
224 27
225 34
226 37
227 29
228 34
229 23
230 31
231 21
232 22
233 23
234 24
235 22
236 36
237 28
238 23
239 29
240 31
241 30
242 20
243 30
244 33
245 25
246 19
247 33
248 24
249 37
250 21
251 28
252 34
253 30
254 32
255 40
256 40
257 23
258 30
259 35
260 34
261 32
262 26
263 39
264 35
265 28
266 46
267 40
268 37
269 26
270 36
271 39
272 17
273 34
274 30
275 32
276 34
277 28
278 30
279 31
280 38
281 28
282 36
283 33
284 19
285 40
286 38
287 26
288 26
289 25
290 26
291 24
292 28
293 40
294 36
295 32
296 21
297 39
298 35
299 22
300 34
301 30
302 51
303 38
304 33
305 36
306 23
307 27
308 27
309 43
310 28
311 29
312 36
313 23
314 27
315 31
316 31
317 37
318 39
319 37
320 32
321 23
322 39
323 28
324 37
325 22
326 35
327 41
328 31
329 35
330 44
331 34
332 27
333 32
334 38
335 29
336 25
337 27
338 23
339 32
340 26
341 23
342 46
343 39
344 42
345 24
346 36
347 26
348 35
349 28
350 26
351 28
352 22
353 39
354 31
355 34
356 31
357 26
358 29
359 25
360 32
361 33
362 43
363 42
364 39
365 35
366 33
367 33
368 37
369 36
370 29
371 36
372 37
373 32
374 35
375 35
376 34
377 35
378 41
379 37
380 25
381 40
382 36
383 31
384 34
385 21
386 29
387 25
388 31
389 38
390 22
391 25
392 38
393 38
394 35
395 37
396 33
397 46
398 31
399 32
400 38
401 38
402 30
403 24
404 25
405 32
406 22
407 33
408 34
409 28
410 29
411 37
412 28
413 32
414 44
415 31
416 29
417 33
418 27
419 37
420 33
421 30
422 30
423 38
424 42
425 39
426 28
427 44
428 32
429 32
430 43
431 38
432 37
433 29
434 30
435 34
436 24
437 36
438 35
439 24
440 33
441 23
442 32
443 35
444 36
445 26
446 38
447 28
448 29
449 26
450 38
451 37
452 29
453 42
454 26
455 38
456 32
457 31
458 37
459 42
460 36
461 44
462 45
463 33
464 30
465 30
466 29
467 49
468 36
469 31
470 42
471 34
472 32
473 29
474 24
475 30
476 34
477 30
478 26
479 39
480 35
481 47
482 33
483 35
484 28
485 36
486 42
487 36
488 38
489 41
490 27
491 40
492 29
493 46
494 37
495 32
496 35
497 25
498 28
499 24
500 38
501 35
502 29
503 38
504 37
505 33
506 42
507 43
508 36
509 32
510 31
511 40
512 36
513 36
514 41
515 33
516 39
517 38
518 42
519 38
520 28
521 28
522 27
523 41
524 38
525 34
526 48
527 27
528 49
529 40
530 40
531 44
532 40
533 39
534 41
535 43
536 37
537 24
538 31
539 41
540 23
541 29
542 37
543 29
544 28
545 35
546 43
547 41
548 25
549 43
550 36
551 38
552 37
553 36
554 41
555 34
556 37
557 31
558 30
559 30
560 42
561 39
562 32
563 35
564 31
565 32
566 27
567 43
568 33
569 32
570 30
571 29
572 35
573 31
574 32
575 34
576 39
577 34
578 40
579 32
580 30
581 25
582 40
583 28
584 31
585 54
586 47
587 47
588 52
589 57
590 46
591 46
592 56
593 52
594 56
595 56
596 52
597 51
598 58
599 62
600 53
601 67
602 72
603 84
604 90
605 108
606 93
607 105
608 92
609 118
610 124
611 131
612 146
613 124
614 108
615 97
616 91
617 74
618 51
619 69
620 61
621 48
622 57
623 60
624 33
625 22
626 37
627 32
628 28
629 49
630 27
631 28
632 32
633 37
634 37
635 35
636 29
637 35
638 38
639 29
640 42
641 33
642 41
643 45
644 42
645 45
646 36
647 39
648 35
649 39
650 28
651 33
652 31
653 29
654 37
655 38
656 24
657 33
658 36
659 39
660 24
661 37
662 23
663 48
664 36
665 35
666 30
667 37
668 39
669 51
670 43
671 37
672 38
673 42
674 39
675 42
676 35
677 37
678 34
679 43
680 38
681 25
682 32
683 35
684 42
685 28
686 29
687 31
688 34
689 31
690 48
691 44
692 39
693 29
694 33
695 42
696 41
697 39
698 31
699 42
700 46
701 25
702 33
703 36
704 29
705 33
706 47
707 36
708 28
709 48
710 39
711 44
712 29
713 38
714 38
715 37
716 36
717 22
718 41
719 36
720 38
721 40
722 38
723 42
724 28
725 45
726 29
727 28
728 33
729 48
730 37
731 29
732 26
733 37
734 32
735 41
736 30
737 30
738 39
739 34
740 32
741 36
742 46
743 37
744 28
745 31
746 24
747 33
748 39
749 37
750 24
751 31
752 31
753 32
754 33
755 37
756 34
757 29
758 33
759 35
760 40
761 34
762 38
763 31
764 35
765 40
766 37
767 30
768 29
769 36
770 31
771 31
772 32
773 40
774 46
775 39
776 28
777 32
778 44
779 31
780 32
781 25
782 42
783 45
784 34
785 46
786 35
787 37
788 28
789 34
790 39
791 34
792 51
793 32
794 34
795 35
796 33
797 38
798 35
799 29
800 31
801 45
802 41
803 37
804 30
805 49
806 32
807 39
808 32
809 30
810 24
811 34
812 31
813 34
814 36
815 29
816 34
817 31
818 36
819 33
820 32
821 47
822 44
823 28
824 46
825 38
826 27
827 35
828 33
829 39
830 38
831 34
832 35
833 18
834 39
835 33
836 24
837 37
838 34
839 30
840 33
841 39
842 35
843 29
844 27
845 47
846 33
847 32
848 31
849 24
850 35
851 36
852 39
853 26
854 31
855 22
856 31
857 30
858 40
859 37
860 32
861 30
862 27
863 33
864 37
865 28
866 34
867 37
868 34
869 34
870 40
871 29
872 35
873 22
874 29
875 36
876 27
877 29
878 34
879 32
880 21
881 31
882 34
883 29
884 36
885 43
886 32
887 28
888 31
889 33
890 24
891 31
892 35
893 39
894 35
895 41
896 38
897 24
898 36
899 25
900 34
901 29
902 39
903 36
904 36
905 44
906 37
907 35
908 33
909 42
910 39
911 35
912 39
913 41
914 36
915 35
916 33
917 38
918 25
919 34
920 38
921 41
922 24
923 25
924 36
925 26
926 22
927 25
928 31
929 30
930 33
931 30
932 33
933 38
934 30
935 33
936 27
937 32
938 43
939 31
940 31
941 22
942 34
943 38
944 31
945 37
946 34
947 29
948 40
949 25
950 38
951 28
952 36
953 36
954 23
955 25
956 33
957 32
958 36
959 33
960 24
961 29
962 40
963 30
964 37
965 31
966 35
967 32
968 37
969 28
970 22
971 32
972 34
973 37
974 30
975 28
976 39
977 46
978 33
979 25
980 28
981 35
982 37
983 33
984 27
985 31
986 36
987 32
988 40
989 32
990 29
991 35
992 30
993 25
994 27
995 34
996 30
997 35
998 33
999 22
1000 30
1001 27
1002 25
1003 27
1004 30
1005 26
1006 32
1007 17
1008 31
1009 21
1010 31
1011 32
1012 32
1013 41
1014 24
1015 31
1016 31
1017 28
1018 36
1019 34
1020 27
1021 27
1022 18
1023 29
1024 42
1025 23
1026 27
1027 29
1028 22
1029 33
1030 40
1031 23
1032 23
1033 32
1034 36
1035 19
1036 32
1037 33
1038 32
1039 38
1040 29
1041 26
1042 24
1043 30
1044 30
1045 33
1046 36
1047 35
1048 37
1049 34
1050 23
1051 31
1052 37
1053 21
1054 27
1055 30
1056 35
1057 39
1058 33
1059 38
1060 20
1061 34
1062 42
1063 32
1064 42
1065 31
1066 40
1067 32
1068 34
1069 30
1070 38
1071 39
1072 34
1073 39
1074 33
1075 27
1076 22
1077 28
1078 25
1079 36
1080 24
1081 31
1082 26
1083 27
1084 21
1085 39
1086 42
1087 38
1088 25
1089 26
1090 38
1091 31
1092 33
1093 28
1094 27
1095 31
1096 26
1097 43
1098 39
1099 45
1100 29
1101 26
1102 37
1103 34
1104 33
1105 35
1106 31
1107 31
1108 36
1109 27
1110 37
1111 34
1112 38
1113 29
1114 32
1115 25
1116 22
1117 27
1118 22
1119 24
1120 27
1121 30
1122 29
1123 37
1124 32
1125 46
1126 35
1127 35
1128 49
1129 56
1130 70
1131 76
1132 104
1133 94
1134 151
1135 221
1136 254
1137 277
1138 272
1139 236
1140 316
1141 316
1142 329
1143 328
1144 395
1145 510
1146 556
1147 524
1148 560
1149 512
1150 490
1151 548
1152 679
1153 595
1154 476
1155 322
1156 280
1157 212
1158 132
1159 106
1160 70
1161 47
1162 45
1163 41
1164 40
1165 35
1166 30
1167 43
1168 35
1169 17
1170 36
1171 27
1172 28
1173 31
1174 34
1175 26
1176 24
1177 34
1178 21
1179 26
1180 27
1181 41
1182 26
1183 35
1184 33
1185 29
1186 23
1187 24
1188 34
1189 41
1190 30
1191 40
1192 24
1193 38
1194 24
1195 43
1196 24
1197 29
1198 46
1199 39
1200 31
1201 25
1202 31
1203 32
1204 25
1205 26
1206 34
1207 20
1208 34
1209 21
1210 33
1211 29
1212 30
1213 35
1214 25
1215 28
1216 27
1217 36
1218 33
1219 26
1220 26
1221 22
1222 28
1223 31
1224 27
1225 21
1226 28
1227 25
1228 31
1229 26
1230 30
1231 29
1232 23
1233 27
1234 23
1235 36
1236 27
1237 37
1238 26
1239 31
1240 21
1241 24
1242 26
1243 29
1244 24
1245 30
1246 28
1247 34
1248 33
1249 25
1250 28
1251 30
1252 27
1253 31
1254 37
1255 32
1256 27
1257 27
1258 25
1259 39
1260 32
1261 33
1262 30
1263 42
1264 25
1265 28
1266 21
1267 28
1268 32
1269 28
1270 26
1271 20
1272 30
1273 41
1274 24
1275 23
1276 18
1277 24
1278 30
1279 6
1280 23
1281 25
1282 25
1283 22
1284 33
1285 34
1286 29
1287 20
1288 21
1289 29
1290 20
1291 26
1292 20
1293 24
1294 23
1295 30
1296 29
1297 25
1298 17
1299 22
1300 16
1301 20
1302 21
1303 28
1304 15
1305 23
1306 28
1307 28
1308 13
1309 22
1310 27
1311 16
1312 17
1313 28
1314 19
1315 25
1316 19
1317 24
1318 27
1319 20
1320 25
1321 29
1322 18
1323 19
1324 27
1325 19
1326 32
1327 17
1328 18
1329 18
1330 30
1331 18
1332 15
1333 15
1334 24
1335 31
1336 24
1337 20
1338 29
1339 26
1340 20
1341 28
1342 17
1343 29
1344 28
1345 23
1346 31
1347 22
1348 17
1349 30
1350 22
1351 19
1352 23
1353 22
1354 22
1355 23
1356 28
1357 42
1358 41
1359 42
1360 42
1361 33
1362 36
1363 37
1364 51
1365 46
1366 45
1367 40
1368 36
1369 35
1370 46
1371 30
1372 29
1373 26
1374 27
1375 25
1376 24
1377 24
1378 10
1379 10
1380 27
1381 24
1382 30
1383 22
1384 19
1385 25
1386 24
1387 25
1388 23
1389 22
1390 27
1391 27
1392 22
1393 23
1394 18
1395 28
1396 23
1397 24
1398 24
1399 32
1400 19
1401 21
1402 21
1403 26
1404 21
1405 23
1406 16
1407 15
1408 21
1409 17
1410 30
1411 25
1412 24
1413 17
1414 24
1415 31
1416 23
1417 23
1418 24
1419 23
1420 20
1421 26
1422 29
1423 25
1424 16
1425 20
1426 25
1427 24
1428 23
1429 33
1430 28
1431 25
1432 22
1433 33
1434 27
1435 31
1436 22
1437 63
1438 51
1439 71
1440 62
1441 81
1442 97
1443 118
1444 107
1445 101
1446 120
1447 170
1448 202
1449 211
1450 232
1451 254
1452 201
1453 229
1454 225
1455 194
1456 217
1457 138
1458 153
1459 105
1460 88
1461 67
1462 43
1463 56
1464 48
1465 38
1466 29
1467 24
1468 23
1469 27
1470 26
1471 26
1472 26
1473 11
1474 20
1475 14
1476 28
1477 20
1478 27
1479 25
1480 19
1481 21
1482 12
1483 12
1484 19
1485 20
1486 19
1487 22
1488 18
1489 24
1490 23
1491 21
1492 18
1493 13
1494 17
1495 28
1496 16
1497 17
1498 13
1499 28
1500 21
1501 22
1502 20
1503 21
1504 20
1505 19
1506 21
1507 20
1508 16
1509 25
1510 25
1511 21
1512 16
1513 28
1514 21
1515 21
1516 15
1517 16
1518 26
1519 20
1520 19
1521 22
1522 19
1523 28
1524 22
1525 18
1526 13
1527 20
1528 24
1529 17
1530 26
1531 25
1532 19
1533 20
1534 23
1535 10
1536 23
1537 20
1538 23
1539 21
1540 27
1541 28
1542 17
1543 12
1544 12
1545 23
1546 19
1547 17
1548 21
1549 23
1550 17
1551 14
1552 19
1553 17
1554 21
1555 14
1556 15
1557 18
1558 27
1559 20
1560 21
1561 16
1562 30
1563 30
1564 19
1565 19
1566 19
1567 19
1568 23
1569 16
1570 24
1571 22
1572 18
1573 25
1574 22
1575 24
1576 23
1577 21
1578 18
1579 24
1580 27
1581 22
1582 20
1583 14
1584 20
1585 22
1586 17
1587 25
1588 15
1589 24
1590 16
1591 20
1592 22
1593 20
1594 21
1595 19
1596 19
1597 16
1598 17
1599 19
1600 29
1601 25
1602 27
1603 14
1604 12
1605 20
1606 26
1607 15
1608 8
1609 10
1610 14
1611 19
1612 29
1613 22
1614 18
1615 14
1616 15
1617 20
1618 20
1619 18
1620 13
1621 19
1622 19
1623 24
1624 12
1625 16
1626 10
1627 11
1628 14
1629 20
1630 13
1631 17
1632 8
1633 19
1634 14
1635 17
1636 17
1637 24
1638 17
1639 16
1640 11
1641 19
1642 11
1643 18
1644 23
1645 22
1646 18
1647 13
1648 14
1649 17
1650 22
1651 13
1652 16
1653 19
1654 23
1655 13
1656 20
1657 16
1658 18
1659 22
1660 19
1661 21
1662 17
1663 21
1664 17
1665 15
1666 22
1667 14
1668 22
1669 21
1670 24
1671 18
1672 18
1673 16
1674 22
1675 10
1676 19
1677 22
1678 26
1679 16
1680 18
1681 16
1682 32
1683 22
1684 19
1685 10
1686 7
1687 14
1688 21
1689 19
1690 18
1691 24
1692 22
1693 13
1694 15
1695 15
1696 20
1697 18
1698 17
1699 19
1700 20
1701 18
1702 15
1703 19
1704 11
1705 23
1706 19
1707 22
1708 11
1709 17
1710 16
1711 18
1712 18
1713 11
1714 22
1715 16
1716 19
1717 20
1718 22
1719 20
1720 19
1721 22
1722 20
1723 15
1724 23
1725 24
1726 13
1727 21
1728 12
1729 11
1730 23
1731 16
1732 14
1733 17
1734 19
1735 25
1736 18
1737 11
1738 20
1739 20
1740 17
1741 20
1742 15
1743 19
1744 20
1745 18
1746 12
1747 12
1748 14
1749 17
1750 22
1751 16
1752 12
1753 20
1754 16
1755 20
1756 21
1757 19
1758 22
1759 15
1760 15
1761 11
1762 15
1763 19
1764 21
1765 15
1766 12
1767 22
1768 16
1769 14
1770 22
1771 19
1772 11
1773 14
1774 18
1775 17
1776 21
1777 9
1778 13
1779 15
1780 24
1781 16
1782 18
1783 18
1784 11
1785 16
1786 14
1787 19
1788 20
1789 19
1790 16
1791 21
1792 22
1793 15
1794 19
1795 24
1796 16
1797 16
1798 18
1799 23
1800 20
1801 16
1802 8
1803 14
1804 13
1805 21
1806 18
1807 18
1808 19
1809 18
1810 11
1811 13
1812 9
1813 13
1814 24
1815 17
1816 11
1817 21
1818 21
1819 20
1820 13
1821 18
1822 12
1823 15
1824 12
1825 16
1826 19
1827 18
1828 18
1829 24
1830 16
1831 8
1832 7
1833 22
1834 14
1835 21
1836 14
1837 15
1838 12
1839 16
1840 10
1841 23
1842 12
1843 14
1844 17
1845 14
1846 19
1847 8
1848 16
1849 19
1850 7
1851 15
1852 23
1853 12
1854 12
1855 19
1856 19
1857 13
1858 17
1859 13
1860 14
1861 10
1862 21
1863 20
1864 23
1865 21
1866 22
1867 20
1868 25
1869 21
1870 17
1871 14
1872 13
1873 21
1874 20
1875 28
1876 21
1877 18
1878 16
1879 30
1880 17
1881 16
1882 14
1883 22
1884 27
1885 21
1886 19
1887 16
1888 11
1889 21
1890 21
1891 15
1892 23
1893 14
1894 23
1895 12
1896 17
1897 19
1898 19
1899 16
1900 21
1901 19
1902 17
1903 12
1904 19
1905 15
1906 15
1907 14
1908 13
1909 19
1910 17
1911 19
1912 18
1913 28
1914 29
1915 34
1916 38
1917 37
1918 40
1919 35
1920 62
1921 72
1922 90
1923 57
1924 68
1925 101
1926 125
1927 103
1928 72
1929 64
1930 86
1931 87
1932 99
1933 99
1934 58
1935 86
1936 65
1937 58
1938 72
1939 48
1940 45
1941 74
1942 80
1943 44
1944 31
1945 25
1946 41
1947 30
1948 15
1949 21
1950 19
1951 15
1952 20
1953 21
1954 20
1955 16
1956 21
1957 16
1958 17
1959 9
1960 17
1961 17
1962 18
1963 14
1964 23
1965 17
1966 6
1967 22
1968 20
1969 19
1970 17
1971 21
1972 16
1973 8
1974 15
1975 23
1976 12
1977 10
1978 17
1979 18
1980 20
1981 13
1982 15
1983 11
1984 20
1985 16
1986 18
1987 30
1988 16
1989 12
1990 18
1991 16
1992 16
1993 15
1994 15
1995 19
1996 12
1997 19
1998 11
1999 14
2000 16
2001 16
2002 13
2003 17
2004 19
2005 21
2006 17
2007 13
2008 18
2009 9
2010 20
2011 19
2012 18
2013 18
2014 17
2015 13
2016 23
2017 14
2018 20
2019 15
2020 15
2021 19
2022 18
2023 21
2024 8
2025 18
2026 17
2027 17
2028 14
2029 19
2030 18
2031 17
2032 16
2033 12
2034 14
2035 13
2036 9
2037 10
2038 14
2039 5
2040 12
2041 10
2042 8
2043 16
2044 11
2045 12
2046 15
2047 19
2048 10
2049 18
2050 7
2051 20
2052 14
2053 18
2054 17
2055 14
2056 19
2057 14
2058 16
2059 11
2060 18
2061 20
2062 15
2063 14
2064 14
2065 18
2066 17
2067 16
2068 15
2069 23
2070 16
2071 18
2072 15
2073 12
2074 9
2075 14
2076 21
2077 15
2078 21
2079 12
2080 15
2081 9
2082 12
2083 15
2084 15
2085 16
2086 16
2087 15
2088 14
2089 16
2090 10
2091 16
2092 22
2093 15
2094 14
2095 16
2096 14
2097 17
2098 13
2099 13
2100 16
2101 11
2102 15
2103 20
2104 18
2105 14
2106 14
2107 13
2108 18
2109 11
2110 15
2111 20
2112 24
2113 18
2114 9
2115 13
2116 15
2117 11
2118 16
2119 9
2120 15
2121 13
2122 12
2123 8
2124 24
2125 14
2126 16
2127 18
2128 8
2129 21
2130 15
2131 12
2132 10
2133 18
2134 13
2135 17
2136 15
2137 15
2138 15
2139 11
2140 15
2141 14
2142 8
2143 13
2144 16
2145 14
2146 17
2147 17
2148 21
2149 19
2150 19
2151 16
2152 14
2153 19
2154 13
2155 13
2156 14
2157 18
2158 19
2159 11
2160 10
2161 12
2162 21
2163 17
2164 15
2165 16
2166 15
2167 11
2168 19
2169 21
2170 31
2171 28
2172 31
2173 45
2174 27
2175 38
2176 31
2177 62
2178 48
2179 66
2180 77
2181 108
2182 131
2183 140
2184 135
2185 183
2186 247
2187 298
2188 344
2189 392
2190 402
2191 403
2192 364
2193 341
2194 357
2195 356
2196 367
2197 394
2198 428
2199 440
2200 388
2201 308
2202 287
2203 262
2204 255
2205 215
2206 209
2207 216
2208 215
2209 153
2210 169
2211 87
2212 71
2213 77
2214 70
2215 61
2216 53
2217 43
2218 24
2219 33
2220 22
2221 18
2222 28
2223 18
2224 26
2225 14
2226 11
2227 19
2228 13
2229 15
2230 13
2231 13
2232 19
2233 16
2234 17
2235 18
2236 9
2237 16
2238 15
2239 19
2240 11
2241 11
2242 15
2243 16
2244 16
2245 17
2246 15
2247 16
2248 11
2249 21
2250 15
2251 15
2252 15
2253 13
2254 13
2255 12
2256 18
2257 11
2258 16
2259 16
2260 14
2261 9
2262 17
2263 12
2264 10
2265 15
2266 12
2267 15
2268 19
2269 13
2270 16
2271 13
2272 18
2273 13
2274 12
2275 15
2276 11
2277 12
2278 9
2279 14
2280 13
2281 9
2282 16
2283 9
2284 15
2285 16
2286 22
2287 17
2288 15
2289 9
2290 16
2291 14
2292 17
2293 14
2294 16
2295 18
2296 14
2297 8
2298 9
2299 9
2300 13
2301 16
2302 12
2303 14
2304 18
2305 20
2306 17
2307 8
2308 21
2309 19
2310 21
2311 22
2312 18
2313 14
2314 18
2315 18
2316 12
2317 11
2318 15
2319 7
2320 7
2321 11
2322 17
2323 20
2324 14
2325 26
2326 22
2327 15
2328 11
2329 18
2330 10
2331 12
2332 16
2333 13
2334 13
2335 14
2336 14
2337 10
2338 10
2339 11
2340 11
2341 12
2342 17
2343 17
2344 17
2345 16
2346 14
2347 16
2348 15
2349 14
2350 9
2351 15
2352 12
2353 11
2354 18
2355 23
2356 10
2357 16
2358 17
2359 19
2360 17
2361 10
2362 3
2363 14
2364 13
2365 10
2366 11
2367 13
2368 14
2369 14
2370 13
2371 14
2372 13
2373 17
2374 22
2375 9
2376 12
2377 15
2378 18
2379 23
2380 27
2381 20
2382 22
2383 16
2384 16
2385 25
2386 25
2387 16
2388 20
2389 27
2390 28
2391 36
2392 38
2393 38
2394 49
2395 41
2396 46
2397 52
2398 64
2399 58
2400 83
2401 85
2402 78
2403 90
2404 79
2405 91
2406 90
2407 91
2408 98
2409 111
2410 73
2411 77
2412 83
2413 80
2414 61
2415 43
2416 49
2417 54
2418 52
2419 50
2420 46
2421 36
2422 35
2423 28
2424 25
2425 21
2426 16
2427 16
2428 17
2429 21
2430 16
2431 20
2432 15
2433 15
2434 14
2435 13
2436 13
2437 10
2438 13
2439 12
2440 13
2441 9
2442 5
2443 10
2444 13
2445 10
2446 13
2447 14
2448 14
2449 10
2450 9
2451 11
2452 11
2453 8
2454 12
2455 11
2456 11
2457 12
2458 15
2459 7
2460 7
2461 12
2462 12
2463 13
2464 13
2465 16
2466 8
2467 9
2468 12
2469 9
2470 12
2471 13
2472 10
2473 6
2474 9
2475 12
2476 12
2477 14
2478 14
2479 11
2480 16
2481 8
2482 9
2483 7
2484 8
2485 11
2486 15
2487 11
2488 8
2489 12
2490 10
2491 14
2492 21
2493 14
2494 9
2495 14
2496 11
2497 13
2498 8
2499 10
2500 13
2501 11
2502 9
2503 13
2504 10
2505 11
2506 10
2507 16
2508 12
2509 8
2510 16
2511 11
2512 9
2513 15
2514 11
2515 15
2516 9
2517 11
2518 14
2519 3
2520 11
2521 10
2522 15
2523 14
2524 9
2525 9
2526 14
2527 11
2528 15
2529 11
2530 11
2531 11
2532 14
2533 11
2534 6
2535 10
2536 11
2537 11
2538 14
2539 10
2540 8
2541 10
2542 15
2543 13
2544 5
2545 9
2546 8
2547 10
2548 7
2549 9
2550 8
2551 12
2552 10
2553 11
2554 11
2555 13
2556 14
2557 15
2558 20
2559 14
