0 39
1 26
2 29
3 31
4 21
5 25
6 27
7 39
8 25
9 26
10 38
11 33
12 28
13 44
14 36
15 37
16 32
17 27
18 25
19 30
20 29
21 35
22 22
23 24
24 18
25 26
26 31
27 33
28 36
29 30
30 38
31 40
32 29
33 23
34 28
35 27
36 28
37 32
38 33
39 20
40 32
41 28
42 33
43 29
44 24
45 35
46 34
47 27
48 32
49 28
50 27
51 21
52 30
53 27
54 23
55 36
56 34
57 22
58 36
59 36
60 31
61 28
62 34
63 31
64 26
65 33
66 30
67 39
68 24
69 36
70 26
71 23
72 36
73 25
74 25
75 38
76 34
77 25
78 21
79 38
80 28
81 27
82 27
83 33
84 27
85 25
86 27
87 21
88 24
89 19
90 27
91 28
92 25
93 32
94 26
95 34
96 21
97 26
98 22
99 36
100 23
101 29
102 26
103 30
104 20
105 29
106 26
107 39
108 26
109 24
110 31
111 30
112 32
113 27
114 25
115 26
116 25
117 35
118 21
119 35
120 35
121 33
122 41
123 28
124 24
125 33
126 36
127 31
128 41
129 39
130 32
131 45
132 28
133 29
134 23
135 29
136 30
137 24
138 33
139 21
140 27
141 31
142 24
143 48
144 32
145 25
146 26
147 29
148 38
149 27
150 40
151 32
152 18
153 31
154 37
155 34
156 29
157 32
158 26
159 24
160 44
161 22
162 31
163 25
164 31
165 28
166 22
167 25
168 35
169 24
170 34
171 24
172 45
173 31
174 26
175 36
176 25
177 33
178 19
179 34
180 25
181 31
182 29
183 39
184 36
185 48
186 39
187 31
188 31
189 29
190 34
191 42
192 35
193 32
194 34
195 41
196 25
197 33
198 40
199 40
200 33
201 34
202 28
203 30
204 39
205 21
206 37
207 31
208 41
209 25
210 31
211 39
212 34
213 42
214 32
215 35
216 40
217 29
218 34
219 36
220 33
221 34
222 29
223 28
224 35
225 33
226 42
227 28
228 28
229 37
230 36
231 41
232 32
233 41
234 29
235 33
236 37
237 19
238 26
239 28
240 27
241 34
242 34
243 39
244 32
245 40
246 29
247 25
248 30
249 33
250 34
251 43
252 34
253 37
254 35
255 34
256 34
257 43
258 28
259 33
260 36
261 23
262 31
263 22
264 28
265 42
266 28
267 33
268 45
269 28
270 30
271 36
272 23
273 35
274 52
275 35
276 38
277 25
278 36
279 29
280 25
281 29
282 26
283 23
284 27
285 24
286 23
287 41
288 49
289 33
290 26
291 36
292 22
293 26
294 40
295 45
296 32
297 38
298 47
299 51
300 27
301 23
302 31
303 35
304 39
305 30
306 34
307 47
308 30
309 40
310 27
311 32
312 40
313 39
314 33
315 42
316 27
317 37
318 39
319 27
320 28
321 29
322 35
323 30
324 30
325 28
326 39
327 42
328 22
329 39
330 26
331 29
332 32
333 29
334 29
335 33
336 33
337 37
338 39
339 34
340 37
341 40
342 43
343 41
344 32
345 34
346 31
347 45
348 41
349 43
350 36
351 31
352 37
353 36
354 41
355 37
356 43
357 35
358 30
359 26
360 37
361 33
362 34
363 21
364 41
365 25
366 24
367 34
368 38
369 22
370 27
371 31
372 36
373 37
374 42
375 26
376 30
377 37
378 34
379 25
380 34
381 28
382 27
383 34
384 31
385 36
386 35
387 49
388 34
389 41
390 48
391 47
392 36
393 32
394 39
395 38
396 39
397 44
398 48
399 34
400 38
401 29
402 37
403 39
404 30
405 30
406 33
407 33
408 43
409 41
410 30
411 40
412 38
413 35
414 27
415 29
416 41
417 32
418 38
419 26
420 31
421 36
422 39
423 37
424 27
425 42
426 41
427 46
428 39
429 29
430 33
431 26
432 33
433 28
434 40
435 48
436 30
437 36
438 28
439 29
440 33
441 44
442 38
443 35
444 36
445 33
446 45
447 37
448 32
449 43
450 32
451 43
452 37
453 38
454 24
455 40
456 32
457 41
458 31
459 36
460 32
461 40
462 33
463 49
464 42
465 35
466 23
467 24
468 29
469 32
470 37
471 30
472 32
473 35
474 24
475 22
476 29
477 49
478 36
479 29
480 36
481 29
482 42
483 34
484 30
485 31
486 36
487 34
488 42
489 48
490 40
491 41
492 40
493 49
494 37
495 39
496 27
497 36
498 29
499 37
500 52
501 43
502 33
503 35
504 45
505 41
506 27
507 32
508 26
509 26
510 42
511 41
512 34
513 30
514 50
515 33
516 26
517 33
518 37
519 45
520 38
521 38
522 31
523 35
524 22
525 22
526 36
527 44
528 26
529 35
530 30
531 42
532 38
533 38
534 25
535 43
536 40
537 42
538 39
539 32
540 40
541 40
542 37
543 25
544 38
545 35
546 37
547 42
548 38
549 48
550 41
551 53
552 62
553 53
554 79
555 72
556 72
557 61
558 61
559 50
560 44
561 57
562 52
563 56
564 70
565 78
566 72
567 83
568 82
569 77
570 82
571 67
572 81
573 81
574 92
575 109
576 78
577 105
578 82
579 87
580 93
581 90
582 79
583 82
584 66
585 67
586 63
587 67
588 47
589 43
590 32
591 39
592 28
593 39
594 38
595 32
596 29
597 39
598 48
599 51
600 27
601 44
602 42
603 33
604 26
605 49
606 41
607 45
608 38
609 38
610 22
611 38
612 32
613 33
614 33
615 44
616 44
617 45
618 34
619 33
620 50
621 45
622 35
623 37
624 36
625 29
626 21
627 32
628 43
629 30
630 25
631 43
632 29
633 37
634 37
635 37
636 25
637 35
638 44
639 28
640 39
641 33
642 38
643 32
644 39
645 31
646 38
647 45
648 35
649 36
650 24
651 41
652 34
653 28
654 37
655 38
656 29
657 30
658 32
659 43
660 38
661 48
662 42
663 36
664 44
665 35
666 27
667 43
668 41
669 42
670 52
671 30
672 32
673 38
674 39
675 29
676 28
677 36
678 39
679 43
680 35
681 36
682 34
683 38
684 45
685 30
686 35
687 41
688 28
689 39
690 42
691 45
692 39
693 36
694 40
695 28
696 36
697 30
698 41
699 37
700 41
701 30
702 31
703 32
704 32
705 41
706 42
707 34
708 32
709 34
710 32
711 42
712 43
713 29
714 46
715 32
716 32
717 42
718 34
719 41
720 32
721 34
722 33
723 53
724 31
725 34
726 30
727 43
728 38
729 37
730 31
731 26
732 54
733 43
734 37
735 32
736 42
737 42
738 37
739 45
740 34
741 46
742 33
743 34
744 27
745 39
746 38
747 23
748 35
749 43
750 31
751 34
752 43
753 44
754 35
755 37
756 31
757 25
758 31
759 35
760 41
761 41
762 31
763 36
764 31
765 30
766 35
767 35
768 33
769 44
770 36
771 31
772 43
773 43
774 30
775 31
776 36
777 34
778 34
779 39
780 34
781 30
782 39
783 28
784 34
785 34
786 40
787 29
788 35
789 47
790 36
791 39
792 40
793 37
794 37
795 34
796 36
797 42
798 35
799 39
800 32
801 35
802 25
803 34
804 36
805 32
806 38
807 41
808 42
809 34
810 29
811 40
812 31
813 27
814 40
815 40
816 36
817 25
818 34
819 37
820 20
821 30
822 35
823 31
824 31
825 30
826 39
827 40
828 32
829 38
830 26
831 27
832 35
833 31
834 43
835 39
836 37
837 28
838 32
839 26
840 35
841 37
842 30
843 44
844 35
845 35
846 24
847 33
848 41
849 39
850 32
851 30
852 34
853 33
854 48
855 33
856 32
857 35
858 20
859 32
860 23
861 25
862 39
863 29
864 34
865 38
866 23
867 29
868 43
869 37
870 33
871 32
872 47
873 41
874 30
875 30
876 33
877 25
878 34
879 47
880 39
881 23
882 29
883 28
884 33
885 28
886 30
887 35
888 38
889 31
890 43
891 25
892 40
893 24
894 46
895 32
896 30
897 43
898 33
899 42
900 36
901 40
902 32
903 39
904 40
905 40
906 37
907 30
908 32
909 44
910 33
911 28
912 32
913 37
914 36
915 38
916 27
917 33
918 34
919 44
920 38
921 42
922 42
923 32
924 41
925 30
926 41
927 35
928 37
929 29
930 29
931 43
932 41
933 42
934 47
935 27
936 32
937 39
938 30
939 25
940 36
941 31
942 33
943 29
944 33
945 38
946 33
947 35
948 37
949 28
950 33
951 28
952 26
953 42
954 25
955 44
956 30
957 24
958 32
959 31
960 28
961 28
962 43
963 36
964 27
965 25
966 35
967 28
968 23
969 22
970 27
971 27
972 39
973 32
974 38
975 28
976 31
977 42
978 36
979 40
980 33
981 38
982 23
983 32
984 33
985 32
986 27
987 21
988 27
989 21
990 28
991 26
992 31
993 30
994 33
995 33
996 34
997 26
998 29
999 34
1000 40
1001 37
1002 38
1003 29
1004 41
1005 34
1006 30
1007 39
1008 43
1009 38
1010 38
1011 32
1012 33
1013 31
1014 30
1015 27
1016 30
1017 38
1018 29
1019 25
1020 32
1021 37
1022 32
1023 22
1024 37
1025 21
1026 35
1027 32
1028 31
1029 28
1030 32
1031 27
1032 32
1033 27
1034 36
1035 30
1036 36
1037 24
1038 26
1039 34
1040 42
1041 40
1042 41
1043 33
1044 27
1045 29
1046 30
1047 27
1048 26
1049 34
1050 37
1051 36
1052 44
1053 24
1054 34
1055 20
1056 26
1057 44
1058 38
1059 40
1060 37
1061 37
1062 32
1063 39
1064 29
1065 29
1066 34
1067 43
1068 37
1069 41
1070 34
1071 41
1072 39
1073 30
1074 32
1075 38
1076 32
1077 41
1078 36
1079 31
1080 42
1081 41
1082 41
1083 55
1084 38
1085 62
1086 67
1087 81
1088 96
1089 127
1090 128
1091 115
1092 142
1093 211
1094 265
1095 290
1096 363
1097 341
1098 298
1099 310
1100 349
1101 416
1102 405
1103 440
1104 451
1105 449
1106 451
1107 396
1108 373
1109 364
1110 290
1111 250
1112 222
1113 153
1114 163
1115 92
1116 62
1117 63
1118 36
1119 44
1120 44
1121 32
1122 43
1123 26
1124 29
1125 42
1126 32
1127 39
1128 31
1129 39
1130 34
1131 31
1132 37
1133 32
1134 28
1135 28
1136 32
1137 26
1138 29
1139 30
1140 29
1141 28
1142 23
1143 27
1144 40
1145 29
1146 31
1147 33
1148 32
1149 34
1150 26
1151 35
1152 37
1153 31
1154 43
1155 34
1156 23
1157 36
1158 45
1159 34
1160 26
1161 32
1162 44
1163 27
1164 43
1165 30
1166 27
1167 29
1168 22
1169 29
1170 33
1171 17
1172 33
1173 23
1174 36
1175 28
1176 36
1177 34
1178 35
1179 37
1180 32
1181 30
1182 41
1183 26
1184 29
1185 41
1186 36
1187 29
1188 31
1189 24
1190 28
1191 31
1192 41
1193 23
1194 22
1195 23
1196 32
1197 37
1198 31
1199 33
1200 27
1201 33
1202 33
1203 32
1204 26
1205 36
1206 35
1207 23
1208 30
1209 31
1210 26
1211 27
1212 41
1213 31
1214 39
1215 30
1216 31
1217 36
1218 44
1219 39
1220 26
1221 28
1222 26
1223 36
1224 42
1225 29
1226 54
1227 43
1228 35
1229 32
1230 41
1231 41
1232 35
1233 46
1234 41
1235 35
1236 44
1237 48
1238 81
1239 61
1240 61
1241 69
1242 67
1243 71
1244 96
1245 54
1246 61
1247 52
1248 42
1249 50
1250 68
1251 48
1252 45
1253 39
1254 32
1255 34
1256 22
1257 33
1258 28
1259 22
1260 31
1261 28
1262 26
1263 22
1264 20
1265 28
1266 33
1267 19
1268 30
1269 22
1270 25
1271 30
1272 20
1273 20
1274 24
1275 17
1276 16
1277 15
1278 6
1279 14
1280 30
1281 26
1282 17
1283 23
1284 31
1285 21
1286 30
1287 27
1288 21
1289 22
1290 19
1291 20
1292 19
1293 26
1294 28
1295 22
1296 21
1297 20
1298 23
1299 28
1300 21
1301 30
1302 32
1303 29
1304 34
1305 43
1306 43
1307 27
1308 48
1309 39
1310 27
1311 34
1312 33
1313 45
1314 49
1315 37
1316 46
1317 41
1318 44
1319 38
1320 40
1321 42
1322 25
1323 30
1324 20
1325 26
1326 30
1327 23
1328 22
1329 20
1330 21
1331 24
1332 30
1333 28
1334 27
1335 15
1336 24
1337 25
1338 26
1339 33
1340 23
1341 23
1342 27
1343 26
1344 19
1345 24
1346 21
1347 17
1348 28
1349 31
1350 25
1351 20
1352 16
1353 22
1354 27
1355 20
1356 22
1357 21
1358 21
1359 26
1360 26
1361 21
1362 20
1363 23
1364 21
1365 28
1366 26
1367 23
1368 27
1369 27
1370 20
1371 29
1372 27
1373 29
1374 30
1375 24
1376 21
1377 19
1378 26
1379 30
1380 30
1381 25
1382 38
1383 46
1384 43
1385 47
1386 55
1387 62
1388 74
1389 96
1390 100
1391 120
1392 157
1393 173
1394 158
1395 154
1396 178
1397 195
1398 143
1399 174
1400 251
1401 295
1402 244
1403 209
1404 202
1405 148
1406 135
1407 104
1408 83
1409 75
1410 51
1411 54
1412 48
1413 42
1414 30
1415 31
1416 34
1417 27
1418 24
1419 17
1420 25
1421 24
1422 27
1423 18
1424 19
1425 16
1426 22
1427 25
1428 21
1429 22
1430 18
1431 22
1432 38
1433 31
1434 22
1435 26
1436 20
1437 20
1438 15
1439 22
1440 20
1441 15
1442 14
1443 24
1444 15
1445 26
1446 23
1447 18
1448 21
1449 29
1450 22
1451 16
1452 23
1453 26
1454 21
1455 25
1456 26
1457 21
1458 16
1459 16
1460 19
1461 22
1462 28
1463 22
1464 27
1465 23
1466 17
1467 22
1468 26
1469 30
1470 24
1471 17
1472 24
1473 23
1474 16
1475 22
1476 19
1477 23
1478 18
1479 17
1480 25
1481 15
1482 28
1483 21
1484 23
1485 14
1486 25
1487 28
1488 24
1489 26
1490 21
1491 13
1492 27
1493 20
1494 23
1495 21
1496 22
1497 26
1498 19
1499 15
1500 21
1501 15
1502 20
1503 25
1504 28
1505 15
1506 32
1507 21
1508 23
1509 17
1510 17
1511 21
1512 15
1513 14
1514 24
1515 25
1516 15
1517 19
1518 18
1519 28
1520 25
1521 19
1522 31
1523 20
1524 17
1525 21
1526 20
1527 20
1528 23
1529 28
1530 15
1531 17
1532 26
1533 18
1534 24
1535 18
1536 23
1537 19
1538 29
1539 15
1540 20
1541 22
1542 22
1543 19
1544 22
1545 14
1546 21
1547 20
1548 19
1549 21
1550 25
1551 18
1552 28
1553 16
1554 23
1555 27
1556 19
1557 15
1558 16
1559 21
1560 26
1561 17
1562 20
1563 35
1564 16
1565 25
1566 19
1567 21
1568 25
1569 23
1570 15
1571 20
1572 12
1573 20
1574 17
1575 22
1576 22
1577 21
1578 16
1579 21
1580 24
1581 17
1582 18
1583 18
1584 15
1585 23
1586 22
1587 26
1588 22
1589 16
1590 24
1591 25
1592 20
1593 19
1594 25
1595 28
1596 17
1597 19
1598 28
1599 14
1600 17
1601 27
1602 23
1603 23
1604 24
1605 16
1606 19
1607 27
1608 14
1609 15
1610 18
1611 18
1612 21
1613 19
1614 18
1615 16
1616 19
1617 15
1618 25
1619 23
1620 18
1621 23
1622 16
1623 18
1624 20
1625 17
1626 19
1627 19
1628 15
1629 17
1630 26
1631 21
1632 28
1633 14
1634 19
1635 20
1636 21
1637 18
1638 16
1639 19
1640 24
1641 10
1642 14
1643 15
1644 17
1645 22
1646 20
1647 20
1648 24
1649 15
1650 26
1651 16
1652 23
1653 21
1654 19
1655 18
1656 21
1657 19
1658 18
1659 17
1660 23
1661 25
1662 15
1663 14
1664 21
1665 16
1666 18
1667 23
1668 22
1669 15
1670 21
1671 15
1672 17
1673 10
1674 21
1675 11
1676 13
1677 21
1678 18
1679 19
1680 24
1681 16
1682 15
1683 19
1684 16
1685 19
1686 18
1687 18
1688 21
1689 22
1690 18
1691 16
1692 12
1693 23
1694 21
1695 15
1696 18
1697 16
1698 21
1699 20
1700 20
1701 18
1702 19
1703 20
1704 15
1705 12
1706 16
1707 19
1708 20
1709 28
1710 20
1711 16
1712 23
1713 22
1714 17
1715 16
1716 18
1717 13
1718 28
1719 20
1720 24
1721 17
1722 16
1723 19
1724 12
1725 12
1726 13
1727 23
1728 17
1729 13
1730 15
1731 18
1732 11
1733 16
1734 16
1735 17
1736 18
1737 14
1738 18
1739 17
1740 26
1741 22
1742 15
1743 18
1744 19
1745 22
1746 17
1747 15
1748 22
1749 23
1750 20
1751 11
1752 17
1753 15
1754 24
1755 13
1756 18
1757 10
1758 15
1759 20
1760 20
1761 21
1762 23
1763 23
1764 9
1765 22
1766 18
1767 14
1768 16
1769 14
1770 17
1771 19
1772 16
1773 14
1774 28
1775 13
1776 18
1777 20
1778 21
1779 14
1780 15
1781 16
1782 28
1783 25
1784 12
1785 19
1786 18
1787 10
1788 17
1789 22
1790 20
1791 19
1792 22
1793 20
1794 9
1795 23
1796 11
1797 19
1798 11
1799 17
1800 19
1801 17
1802 13
1803 15
1804 22
1805 23
1806 22
1807 23
1808 27
1809 17
1810 12
1811 26
1812 14
1813 24
1814 25
1815 27
1816 31
1817 29
1818 17
1819 30
1820 23
1821 19
1822 28
1823 15
1824 18
1825 13
1826 16
1827 20
1828 21
1829 14
1830 27
1831 19
1832 20
1833 15
1834 16
1835 19
1836 17
1837 14
1838 10
1839 12
1840 17
1841 18
1842 19
1843 21
1844 24
1845 12
1846 24
1847 24
1848 18
1849 23
1850 18
1851 30
1852 13
1853 26
1854 31
1855 44
1856 54
1857 53
1858 44
1859 56
1860 53
1861 56
1862 55
1863 51
1864 95
1865 120
1866 164
1867 126
1868 125
1869 97
1870 108
1871 101
1872 115
1873 106
1874 94
1875 96
1876 91
1877 112
1878 79
1879 87
1880 108
1881 111
1882 89
1883 48
1884 34
1885 39
1886 39
1887 20
1888 19
1889 13
1890 25
1891 21
1892 21
1893 17
1894 25
1895 16
1896 18
1897 22
1898 16
1899 18
1900 15
1901 8
1902 23
1903 16
1904 21
1905 16
1906 19
1907 17
1908 16
1909 19
1910 22
1911 17
1912 12
1913 13
1914 15
1915 19
1916 15
1917 19
1918 20
1919 14
1920 18
1921 23
1922 10
1923 16
1924 15
1925 17
1926 20
1927 16
1928 20
1929 16
1930 13
1931 16
1932 17
1933 14
1934 19
1935 20
1936 18
1937 21
1938 12
1939 23
1940 18
1941 20
1942 12
1943 22
1944 20
1945 14
1946 10
1947 16
1948 15
1949 9
1950 16
1951 16
1952 24
1953 17
1954 17
1955 13
1956 20
1957 14
1958 12
1959 14
1960 18
1961 14
1962 15
1963 18
1964 17
1965 16
1966 11
1967 13
1968 14
1969 21
1970 15
1971 13
1972 15
1973 28
1974 15
1975 11
1976 12
1977 16
1978 18
1979 13
1980 17
1981 14
1982 13
1983 14
1984 15
1985 15
1986 15
1987 20
1988 10
1989 23
1990 16
1991 20
1992 11
1993 19
1994 14
1995 18
1996 17
1997 15
1998 11
1999 12
2000 11
2001 20
2002 15
2003 20
2004 23
2005 15
2006 10
2007 11
2008 12
2009 19
2010 7
2011 21
2012 20
2013 14
2014 17
2015 17
2016 16
2017 17
2018 16
2019 23
2020 12
2021 19
2022 15
2023 15
2024 12
2025 16
2026 15
2027 16
2028 25
2029 12
2030 13
2031 23
2032 19
2033 20
2034 15
2035 16
2036 10
2037 19
2038 20
2039 18
2040 15
2041 17
2042 20
2043 21
2044 14
2045 15
2046 16
2047 15
2048 17
2049 13
2050 13
2051 6
2052 20
2053 12
2054 15
2055 15
2056 20
2057 13
2058 18
2059 14
2060 17
2061 16
2062 13
2063 14
2064 14
2065 9
2066 13
2067 16
2068 19
2069 14
2070 18
2071 17
2072 22
2073 24
2074 21
2075 14
2076 18
2077 15
2078 17
2079 10
2080 19
2081 16
2082 13
2083 17
2084 22
2085 23
2086 18
2087 17
2088 15
2089 16
2090 11
2091 21
2092 23
2093 19
2094 16
2095 19
2096 20
2097 13
2098 23
2099 15
2100 18
2101 16
2102 23
2103 26
2104 35
2105 35
2106 28
2107 30
2108 34
2109 33
2110 58
2111 72
2112 76
2113 68
2114 67
2115 88
2116 108
2117 129
2118 120
2119 136
2120 134
2121 184
2122 230
2123 276
2124 290
2125 347
2126 357
2127 349
2128 311
2129 323
2130 354
2131 338
2132 423
2133 361
2134 407
2135 363
2136 360
2137 319
2138 273
2139 255
2140 223
2141 196
2142 183
2143 163
2144 143
2145 131
2146 97
2147 90
2148 57
2149 29
2150 41
2151 48
2152 36
2153 34
2154 25
2155 28
2156 20
2157 18
2158 18
2159 18
2160 12
2161 20
2162 16
2163 26
2164 20
2165 17
2166 15
2167 15
2168 16
2169 12
2170 17
2171 17
2172 14
2173 15
2174 11
2175 17
2176 14
2177 23
2178 14
2179 22
2180 14
2181 12
2182 15
2183 15
2184 18
2185 8
2186 16
2187 19
2188 12
2189 13
2190 19
2191 13
2192 11
2193 20
2194 13
2195 18
2196 22
2197 9
2198 8
2199 20
2200 11
2201 15
2202 12
2203 20
2204 15
2205 22
2206 22
2207 10
2208 15
2209 17
2210 15
2211 19
2212 18
2213 14
2214 15
2215 14
2216 12
2217 17
2218 13
2219 15
2220 15
2221 16
2222 12
2223 11
2224 13
2225 15
2226 14
2227 21
2228 15
2229 12
2230 15
2231 17
2232 14
2233 22
2234 22
2235 10
2236 19
2237 13
2238 12
2239 13
2240 19
2241 20
2242 15
2243 13
2244 13
2245 18
2246 12
2247 19
2248 20
2249 11
2250 18
2251 15
2252 11
2253 13
2254 14
2255 21
2256 15
2257 15
2258 15
2259 13
2260 19
2261 16
2262 14
2263 9
2264 16
2265 22
2266 8
2267 15
2268 17
2269 16
2270 7
2271 17
2272 14
2273 12
2274 10
2275 15
2276 10
2277 16
2278 18
2279 19
2280 11
2281 23
2282 10
2283 18
2284 16
2285 11
2286 14
2287 9
2288 12
2289 13
2290 14
2291 17
2292 12
2293 7
2294 15
2295 9
2296 16
2297 15
2298 18
2299 9
2300 17
2301 6
2302 12
2303 9
2304 12
2305 19
2306 15
2307 18
2308 25
2309 11
2310 21
2311 11
2312 19
2313 15
2314 13
2315 24
2316 17
2317 22
2318 21
2319 24
2320 29
2321 25
2322 36
2323 40
2324 37
2325 37
2326 40
2327 45
2328 66
2329 70
2330 76
2331 84
2332 86
2333 92
2334 77
2335 94
2336 79
2337 79
2338 109
2339 121
2340 117
2341 92
2342 68
2343 59
2344 74
2345 60
2346 52
2347 45
2348 36
2349 37
2350 44
2351 43
2352 46
2353 50
2354 20
2355 36
2356 19
2357 16
2358 20
2359 24
2360 23
2361 17
2362 23
2363 11
2364 16
2365 25
2366 8
2367 12
2368 15
2369 11
2370 10
2371 14
2372 12
2373 8
2374 12
2375 16
2376 12
2377 8
2378 17
2379 11
2380 15
2381 14
2382 11
2383 10
2384 10
2385 23
2386 15
2387 16
2388 10
2389 16
2390 14
2391 12
2392 9
2393 12
2394 12
2395 11
2396 14
2397 17
2398 16
2399 13
2400 16
2401 8
2402 14
2403 12
2404 14
2405 10
2406 18
2407 13
2408 14
2409 10
2410 7
2411 15
2412 8
2413 11
2414 14
2415 17
2416 5
2417 11
2418 12
2419 6
2420 9
2421 13
2422 10
2423 10
2424 17
2425 10
2426 13
2427 11
2428 13
2429 6
2430 19
2431 14
2432 7
2433 13
2434 18
2435 8
2436 12
2437 15
2438 10
2439 12
2440 16
2441 9
2442 9
2443 13
2444 13
2445 10
2446 11
2447 11
2448 10
2449 12
2450 10
2451 15
2452 16
2453 13
2454 9
2455 15
2456 7
2457 5
2458 14
2459 14
2460 12
2461 13
2462 16
2463 13
2464 8
2465 9
2466 9
2467 12
2468 14
2469 9
2470 8
2471 6
2472 15
2473 11
2474 15
2475 13
2476 11
2477 11
2478 12
2479 8
2480 9
2481 14
2482 9
2483 8
2484 9
2485 11
2486 10
2487 7
2488 17
2489 16
2490 18
2491 11
2492 7
2493 9
2494 9
2495 11
2496 13
2497 16
2498 14
2499 10
2500 10
2501 8
2502 12
2503 11
2504 11
2505 7
2506 16
2507 12
2508 10
2509 13
2510 15
2511 15
2512 15
2513 12
2514 10
2515 15
2516 11
2517 8
2518 9
2519 13
2520 13
2521 14
2522 11
2523 9
2524 10
2525 6
2526 8
2527 16
2528 13
2529 7
2530 8
2531 9
2532 8
2533 17
2534 9
2535 15
2536 13
2537 9
2538 5
2539 13
2540 15
2541 10
2542 8
2543 11
2544 7
2545 9
2546 12
2547 8
2548 11
2549 13
2550 12
2551 6
2552 13
2553 16
2554 12
2555 5
2556 11
2557 11
2558 16
2559 12
