0 38
1 23
2 33
3 28
4 23
5 26
6 28
7 31
8 23
9 36
10 32
11 32
12 35
13 34
14 35
15 34
16 38
17 38
18 32
19 28
20 41
21 36
22 34
23 34
24 31
25 27
26 32
27 33
28 25
29 30
30 33
31 47
32 30
33 42
34 32
35 32
36 30
37 21
38 32
39 35
40 25
41 30
42 47
43 38
44 27
45 32
46 27
47 31
48 30
49 29
50 45
51 41
52 36
53 31
54 29
55 42
56 36
57 26
58 38
59 35
60 38
61 39
62 38
63 34
64 37
65 36
66 26
67 36
68 29
69 33
70 36
71 47
72 28
73 22
74 35
75 26
76 24
77 31
78 34
79 24
80 34
81 31
82 25
83 30
84 37
85 42
86 30
87 41
88 40
89 26
90 40
91 38
92 20
93 26
94 32
95 44
96 35
97 37
98 20
99 19
100 29
101 29
102 34
103 38
104 33
105 37
106 27
107 32
108 28
109 27
110 30
111 26
112 36
113 43
114 35
115 27
116 27
117 37
118 32
119 27
120 46
121 34
122 31
123 34
124 34
125 26
126 26
127 37
128 19
129 21
130 38
131 29
132 35
133 31
134 29
135 39
136 47
137 38
138 37
139 24
140 28
141 46
142 43
143 35
144 36
145 36
146 32
147 38
148 35
149 32
150 25
151 41
152 37
153 27
154 32
155 31
156 37
157 39
158 39
159 34
160 31
161 33
162 31
163 44
164 29
165 34
166 34
167 46
168 37
169 30
170 34
171 41
172 34
173 31
174 28
175 32
176 33
177 39
178 24
179 33
180 28
181 51
182 31
183 33
184 44
185 49
186 33
187 32
188 40
189 42
190 35
191 29
192 34
193 23
194 31
195 43
196 29
197 33
198 32
199 28
200 34
201 31
202 23
203 40
204 29
205 31
206 37
207 28
208 42
209 34
210 38
211 37
212 35
213 41
214 29
215 37
216 30
217 33
218 38
219 37
220 25
221 51
222 28
223 29
224 46
225 33
226 43
227 29
228 32
229 28
230 36
231 32
232 21
233 39
234 35
235 42
236 27
237 40
238 37
239 33
240 39
241 31
242 40
243 28
244 42
245 36
246 51
247 35
248 31
249 37
250 31
251 42
252 49
253 28
254 29
255 26
256 37
257 35
258 46
259 34
260 39
261 36
262 29
263 35
264 41
265 41
266 30
267 26
268 33
269 31
270 39
271 41
272 39
273 29
274 42
275 26
276 37
277 38
278 34
279 51
280 27
281 37
282 36
283 46
284 46
285 33
286 29
287 39
288 32
289 27
290 31
291 33
292 36
293 36
294 36
295 39
296 33
297 31
298 46
299 34
300 37
301 32
302 30
303 35
304 23
305 31
306 30
307 34
308 24
309 33
310 32
311 34
312 35
313 38
314 38
315 42
316 32
317 38
318 38
319 33
320 48
321 29
322 27
323 29
324 41
325 43
326 40
327 38
328 33
329 29
330 32
331 47
332 33
333 29
334 28
335 50
336 34
337 46
338 35
339 30
340 27
341 43
342 36
343 34
344 39
345 41
346 37
347 41
348 37
349 47
350 37
351 32
352 40
353 40
354 35
355 33
356 44
357 37
358 38
359 33
360 41
361 39
362 29
363 26
364 40
365 28
366 34
367 40
368 41
369 46
370 43
371 31
372 36
373 38
374 37
375 43
376 41
377 39
378 36
379 38
380 33
381 43
382 48
383 32
384 33
385 41
386 39
387 41
388 36
389 49
390 45
391 33
392 42
393 40
394 53
395 48
396 40
397 45
398 47
399 46
400 33
401 33
402 31
403 37
404 39
405 44
406 47
407 32
408 48
409 45
410 45
411 34
412 30
413 49
414 34
415 36
416 36
417 32
418 39
419 46
420 59
421 34
422 38
423 42
424 39
425 50
426 36
427 39
428 32
429 41
430 45
431 38
432 31
433 45
434 34
435 37
436 42
437 26
438 34
439 45
440 33
441 41
442 32
443 41
444 38
445 34
446 31
447 26
448 31
449 45
450 39
451 46
452 37
453 47
454 51
455 39
456 21
457 29
458 36
459 30
460 26
461 39
462 42
463 41
464 37
465 33
466 36
467 35
468 35
469 36
470 34
471 48
472 31
473 38
474 29
475 32
476 35
477 47
478 35
479 29
480 34
481 39
482 45
483 38
484 34
485 37
486 50
487 42
488 29
489 45
490 61
491 49
492 44
493 40
494 43
495 39
496 36
497 42
498 38
499 30
500 36
501 37
502 32
503 42
504 44
505 52
506 54
507 44
508 47
509 32
510 62
511 60
512 59
513 48
514 56
515 57
516 47
517 43
518 63
519 58
520 63
521 55
522 80
523 66
524 102
525 128
526 151
527 126
528 89
529 112
530 90
531 85
532 79
533 70
534 78
535 78
536 103
537 90
538 114
539 105
540 110
541 97
542 114
543 117
544 119
545 111
546 100
547 83
548 66
549 41
550 46
551 45
552 40
553 55
554 41
555 35
556 47
557 31
558 37
559 30
560 44
561 41
562 42
563 50
564 45
565 27
566 30
567 39
568 29
569 37
570 41
571 36
572 47
573 39
574 35
575 46
576 35
577 46
578 44
579 45
580 41
581 39
582 36
583 47
584 48
585 32
586 39
587 35
588 35
589 51
590 33
591 58
592 30
593 36
594 39
595 36
596 32
597 46
598 46
599 51
600 40
601 45
602 36
603 40
604 50
605 53
606 43
607 36
608 39
609 35
610 33
611 34
612 38
613 46
614 47
615 34
616 37
617 32
618 30
619 34
620 47
621 47
622 29
623 31
624 51
625 50
626 35
627 42
628 36
629 48
630 43
631 33
632 44
633 41
634 40
635 40
636 40
637 24
638 47
639 45
640 36
641 34
642 37
643 32
644 44
645 41
646 42
647 40
648 40
649 47
650 43
651 35
652 56
653 42
654 39
655 29
656 47
657 34
658 34
659 34
660 28
661 43
662 52
663 36
664 43
665 41
666 45
667 36
668 40
669 42
670 48
671 38
672 49
673 43
674 41
675 48
676 34
677 46
678 31
679 26
680 42
681 41
682 44
683 44
684 43
685 27
686 30
687 34
688 34
689 47
690 42
691 39
692 38
693 32
694 36
695 44
696 47
697 34
698 39
699 33
700 34
701 29
702 53
703 34
704 48
705 38
706 52
707 47
708 27
709 28
710 34
711 42
712 51
713 39
714 41
715 35
716 35
717 32
718 26
719 49
720 30
721 27
722 39
723 41
724 38
725 41
726 40
727 34
728 33
729 44
730 42
731 32
732 47
733 48
734 38
735 26
736 42
737 38
738 40
739 52
740 41
741 33
742 44
743 52
744 31
745 34
746 47
747 40
748 41
749 35
750 43
751 40
752 34
753 32
754 43
755 43
756 30
757 45
758 34
759 32
760 47
761 47
762 36
763 48
764 29
765 28
766 42
767 29
768 41
769 48
770 46
771 37
772 49
773 45
774 46
775 44
776 48
777 35
778 39
779 41
780 32
781 50
782 48
783 31
784 39
785 37
786 33
787 29
788 54
789 35
790 39
791 47
792 29
793 29
794 41
795 41
796 47
797 37
798 35
799 33
800 40
801 28
802 41
803 26
804 38
805 34
806 33
807 43
808 35
809 43
810 37
811 28
812 38
813 32
814 37
815 42
816 34
817 44
818 46
819 45
820 34
821 39
822 38
823 27
824 32
825 40
826 41
827 45
828 43
829 42
830 35
831 38
832 47
833 38
834 36
835 33
836 36
837 36
838 34
839 43
840 41
841 27
842 31
843 30
844 36
845 38
846 56
847 31
848 45
849 36
850 44
851 43
852 41
853 44
854 39
855 41
856 35
857 39
858 35
859 46
860 49
861 35
862 31
863 43
864 28
865 42
866 49
867 47
868 34
869 47
870 32
871 43
872 36
873 44
874 44
875 33
876 44
877 27
878 38
879 34
880 37
881 29
882 28
883 36
884 30
885 39
886 35
887 26
888 35
889 28
890 34
891 30
892 32
893 34
894 38
895 34
896 24
897 42
898 43
899 42
900 37
901 40
902 43
903 30
904 35
905 32
906 31
907 19
908 27
909 31
910 36
911 32
912 28
913 42
914 40
915 48
916 36
917 42
918 38
919 33
920 31
921 33
922 36
923 36
924 33
925 41
926 30
927 38
928 43
929 27
930 41
931 23
932 29
933 40
934 37
935 36
936 36
937 33
938 31
939 35
940 39
941 32
942 35
943 38
944 26
945 43
946 32
947 27
948 32
949 26
950 34
951 33
952 24
953 22
954 31
955 30
956 32
957 28
958 40
959 38
960 37
961 23
962 26
963 38
964 28
965 24
966 39
967 22
968 22
969 31
970 32
971 27
972 28
973 36
974 41
975 38
976 30
977 39
978 30
979 34
980 36
981 34
982 35
983 29
984 33
985 35
986 42
987 39
988 37
989 29
990 27
991 33
992 37
993 31
994 36
995 37
996 31
997 44
998 45
999 28
1000 34
1001 39
1002 33
1003 38
1004 32
1005 43
1006 39
1007 29
1008 35
1009 39
1010 39
1011 37
1012 52
1013 43
1014 37
1015 31
1016 25
1017 29
1018 44
1019 44
1020 24
1021 43
1022 31
1023 28
1024 45
1025 42
1026 45
1027 39
1028 31
1029 48
1030 55
1031 57
1032 41
1033 65
1034 66
1035 63
1036 83
1037 90
1038 105
1039 140
1040 164
1041 206
1042 236
1043 226
1044 236
1045 251
1046 317
1047 353
1048 356
1049 333
1050 388
1051 437
1052 503
1053 484
1054 475
1055 460
1056 481
1057 583
1058 519
1059 517
1060 351
1061 235
1062 205
1063 131
1064 102
1065 81
1066 63
1067 44
1068 42
1069 47
1070 52
1071 36
1072 28
1073 40
1074 32
1075 26
1076 40
1077 36
1078 43
1079 29
1080 27
1081 38
1082 36
1083 30
1084 26
1085 46
1086 40
1087 26
1088 32
1089 31
1090 28
1091 35
1092 30
1093 35
1094 31
1095 44
1096 31
1097 33
1098 35
1099 45
1100 38
1101 38
1102 31
1103 39
1104 33
1105 31
1106 42
1107 39
1108 35
1109 21
1110 30
1111 31
1112 39
1113 44
1114 28
1115 34
1116 37
1117 33
1118 42
1119 28
1120 35
1121 34
1122 37
1123 30
1124 36
1125 26
1126 39
1127 46
1128 29
1129 32
1130 24
1131 38
1132 28
1133 36
1134 24
1135 40
1136 32
1137 20
1138 29
1139 37
1140 35
1141 34
1142 25
1143 32
1144 32
1145 39
1146 34
1147 28
1148 32
1149 40
1150 28
1151 36
1152 39
1153 38
1154 29
1155 34
1156 24
1157 29
1158 29
1159 31
1160 30
1161 34
1162 47
1163 37
1164 41
1165 28
1166 31
1167 32
1168 36
1169 42
1170 39
1171 44
1172 42
1173 45
1174 58
1175 44
1176 43
1177 48
1178 35
1179 47
1180 46
1181 55
1182 57
1183 71
1184 47
1185 56
1186 68
1187 64
1188 53
1189 88
1190 59
1191 54
1192 62
1193 41
1194 40
1195 36
1196 43
1197 46
1198 49
1199 44
1200 36
1201 26
1202 24
1203 38
1204 28
1205 25
1206 38
1207 28
1208 33
1209 31
1210 27
1211 36
1212 38
1213 37
1214 36
1215 36
1216 38
1217 35
1218 27
1219 28
1220 26
1221 30
1222 32
1223 36
1224 23
1225 37
1226 38
1227 27
1228 28
1229 27
1230 35
1231 28
1232 23
1233 38
1234 26
1235 30
1236 28
1237 30
1238 42
1239 33
1240 24
1241 26
1242 29
1243 25
1244 34
1245 30
1246 34
1247 30
1248 21
1249 28
1250 30
1251 30
1252 28
1253 40
1254 31
1255 27
1256 34
1257 32
1258 27
1259 35
1260 25
1261 35
1262 30
1263 29
1264 32
1265 23
1266 30
1267 18
1268 29
1269 21
1270 23
1271 30
1272 25
1273 12
1274 20
1275 24
1276 19
1277 14
1278 15
1279 12
1280 35
1281 28
1282 36
1283 19
1284 17
1285 28
1286 30
1287 25
1288 23
1289 23
1290 25
1291 26
1292 27
1293 24
1294 30
1295 26
1296 23
1297 26
1298 31
1299 18
1300 28
1301 18
1302 33
1303 22
1304 32
1305 30
1306 25
1307 23
1308 30
1309 21
1310 29
1311 21
1312 19
1313 24
1314 27
1315 30
1316 29
1317 34
1318 34
1319 32
1320 43
1321 40
1322 41
1323 45
1324 45
1325 54
1326 58
1327 61
1328 83
1329 67
1330 87
1331 90
1332 155
1333 183
1334 208
1335 169
1336 208
1337 255
1338 281
1339 275
1340 237
1341 240
1342 261
1343 240
1344 254
1345 215
1346 164
1347 151
1348 156
1349 150
1350 88
1351 70
1352 53
1353 39
1354 47
1355 34
1356 30
1357 26
1358 28
1359 26
1360 27
1361 26
1362 20
1363 24
1364 32
1365 36
1366 24
1367 21
1368 23
1369 26
1370 23
1371 33
1372 23
1373 24
1374 23
1375 22
1376 16
1377 22
1378 26
1379 21
1380 29
1381 16
1382 25
1383 20
1384 24
1385 15
1386 27
1387 20
1388 20
1389 23
1390 15
1391 15
1392 12
1393 21
1394 25
1395 24
1396 18
1397 22
1398 27
1399 25
1400 31
1401 24
1402 23
1403 13
1404 22
1405 23
1406 20
1407 32
1408 25
1409 19
1410 22
1411 22
1412 24
1413 28
1414 25
1415 21
1416 18
1417 20
1418 24
1419 23
1420 24
1421 26
1422 30
1423 24
1424 22
1425 19
1426 22
1427 25
1428 37
1429 21
1430 24
1431 27
1432 22
1433 19
1434 30
1435 21
1436 16
1437 16
1438 30
1439 18
1440 20
1441 23
1442 21
1443 26
1444 28
1445 27
1446 23
1447 25
1448 21
1449 16
1450 17
1451 28
1452 21
1453 19
1454 19
1455 21
1456 28
1457 21
1458 30
1459 21
1460 28
1461 18
1462 19
1463 20
1464 21
1465 17
1466 25
1467 24
1468 21
1469 22
1470 20
1471 18
1472 18
1473 15
1474 18
1475 20
1476 25
1477 26
1478 22
1479 26
1480 17
1481 19
1482 26
1483 18
1484 31
1485 24
1486 20
1487 23
1488 24
1489 22
1490 22
1491 27
1492 17
1493 18
1494 26
1495 18
1496 20
1497 16
1498 12
1499 17
1500 25
1501 21
1502 27
1503 21
1504 22
1505 19
1506 22
1507 29
1508 29
1509 19
1510 25
1511 19
1512 15
1513 25
1514 25
1515 10
1516 18
1517 19
1518 21
1519 19
1520 30
1521 20
1522 12
1523 20
1524 17
1525 26
1526 19
1527 22
1528 24
1529 26
1530 29
1531 19
1532 24
1533 30
1534 14
1535 19
1536 31
1537 22
1538 12
1539 16
1540 18
1541 23
1542 27
1543 24
1544 19
1545 27
1546 20
1547 22
1548 27
1549 19
1550 14
1551 26
1552 27
1553 21
1554 11
1555 10
1556 16
1557 29
1558 19
1559 21
1560 19
1561 25
1562 20
1563 15
1564 22
1565 20
1566 25
1567 22
1568 21
1569 15
1570 25
1571 21
1572 17
1573 18
1574 29
1575 26
1576 21
1577 20
1578 25
1579 14
1580 18
1581 20
1582 26
1583 18
1584 18
1585 22
1586 21
1587 23
1588 33
1589 22
1590 16
1591 17
1592 14
1593 25
1594 24
1595 26
1596 15
1597 21
1598 20
1599 19
1600 26
1601 15
1602 24
1603 18
1604 26
1605 18
1606 17
1607 18
1608 15
1609 24
1610 14
1611 20
1612 16
1613 22
1614 20
1615 15
1616 21
1617 16
1618 23
1619 22
1620 23
1621 22
1622 20
1623 19
1624 27
1625 26
1626 17
1627 26
1628 29
1629 21
1630 16
1631 23
1632 20
1633 21
1634 21
1635 15
1636 24
1637 21
1638 14
1639 17
1640 20
1641 18
1642 21
1643 17
1644 11
1645 19
1646 23
1647 28
1648 13
1649 16
1650 13
1651 14
1652 15
1653 16
1654 10
1655 17
1656 17
1657 21
1658 24
1659 16
1660 15
1661 11
1662 9
1663 25
1664 14
1665 13
1666 18
1667 21
1668 13
1669 22
1670 18
1671 24
1672 20
1673 19
1674 20
1675 22
1676 25
1677 21
1678 19
1679 18
1680 22
1681 20
1682 23
1683 13
1684 13
1685 21
1686 24
1687 17
1688 17
1689 19
1690 17
1691 13
1692 22
1693 26
1694 15
1695 19
1696 21
1697 13
1698 12
1699 17
1700 24
1701 17
1702 15
1703 23
1704 20
1705 17
1706 18
1707 24
1708 18
1709 19
1710 17
1711 13
1712 20
1713 15
1714 16
1715 11
1716 13
1717 22
1718 19
1719 15
1720 19
1721 20
1722 23
1723 11
1724 17
1725 25
1726 37
1727 19
1728 16
1729 20
1730 27
1731 22
1732 21
1733 15
1734 20
1735 16
1736 19
1737 19
1738 15
1739 20
1740 27
1741 20
1742 27
1743 26
1744 23
1745 17
1746 25
1747 27
1748 18
1749 32
1750 24
1751 25
1752 24
1753 24
1754 19
1755 32
1756 22
1757 24
1758 15
1759 19
1760 20
1761 15
1762 18
1763 21
1764 14
1765 19
1766 15
1767 21
1768 19
1769 24
1770 24
1771 21
1772 14
1773 21
1774 20
1775 22
1776 25
1777 25
1778 28
1779 27
1780 22
1781 35
1782 38
1783 45
1784 35
1785 35
1786 47
1787 45
1788 57
1789 61
1790 71
1791 60
1792 69
1793 83
1794 71
1795 74
1796 78
1797 108
1798 130
1799 150
1800 130
1801 134
1802 124
1803 115
1804 122
1805 130
1806 157
1807 154
1808 141
1809 109
1810 72
1811 68
1812 58
1813 52
1814 36
1815 32
1816 26
1817 20
1818 27
1819 21
1820 16
1821 23
1822 24
1823 24
1824 22
1825 17
1826 18
1827 18
1828 21
1829 19
1830 15
1831 20
1832 21
1833 22
1834 12
1835 17
1836 19
1837 17
1838 12
1839 17
1840 11
1841 15
1842 13
1843 22
1844 16
1845 17
1846 23
1847 20
1848 20
1849 18
1850 8
1851 22
1852 17
1853 19
1854 10
1855 19
1856 16
1857 15
1858 9
1859 20
1860 16
1861 17
1862 19
1863 21
1864 17
1865 20
1866 11
1867 18
1868 13
1869 23
1870 15
1871 24
1872 24
1873 25
1874 16
1875 14
1876 20
1877 19
1878 21
1879 13
1880 17
1881 21
1882 9
1883 13
1884 31
1885 19
1886 15
1887 13
1888 18
1889 21
1890 17
1891 21
1892 22
1893 19
1894 17
1895 14
1896 28
1897 19
1898 23
1899 12
1900 14
1901 9
1902 13
1903 14
1904 24
1905 19
1906 23
1907 19
1908 17
1909 19
1910 21
1911 15
1912 13
1913 18
1914 13
1915 21
1916 18
1917 24
1918 16
1919 12
1920 20
1921 21
1922 26
1923 16
1924 23
1925 18
1926 21
1927 22
1928 18
1929 20
1930 17
1931 19
1932 24
1933 26
1934 18
1935 19
1936 17
1937 15
1938 18
1939 13
1940 17
1941 15
1942 26
1943 27
1944 19
1945 23
1946 14
1947 15
1948 16
1949 20
1950 19
1951 19
1952 21
1953 24
1954 17
1955 18
1956 13
1957 23
1958 15
1959 17
1960 26
1961 21
1962 20
1963 13
1964 18
1965 8
1966 20
1967 22
1968 18
1969 16
1970 16
1971 19
1972 15
1973 18
1974 8
1975 16
1976 26
1977 17
1978 19
1979 24
1980 14
1981 12
1982 23
1983 12
1984 12
1985 22
1986 20
1987 20
1988 21
1989 21
1990 20
1991 13
1992 21
1993 26
1994 13
1995 14
1996 12
1997 14
1998 26
1999 23
2000 19
2001 15
2002 23
2003 8
2004 19
2005 12
2006 24
2007 15
2008 19
2009 12
2010 20
2011 20
2012 15
2013 15
2014 32
2015 21
2016 21
2017 17
2018 17
2019 20
2020 21
2021 20
2022 25
2023 22
2024 22
2025 20
2026 39
2027 30
2028 23
2029 24
2030 25
2031 28
2032 39
2033 35
2034 54
2035 67
2036 70
2037 84
2038 109
2039 83
2040 89
2041 96
2042 122
2043 153
2044 143
2045 174
2046 181
2047 214
2048 215
2049 226
2050 260
2051 299
2052 359
2053 355
2054 404
2055 437
2056 500
2057 410
2058 355
2059 361
2060 390
2061 362
2062 361
2063 307
2064 243
2065 294
2066 220
2067 150
2068 160
2069 105
2070 127
2071 116
2072 112
2073 94
2074 110
2075 70
2076 45
2077 34
2078 31
2079 34
2080 44
2081 21
2082 30
2083 25
2084 15
2085 15
2086 20
2087 20
2088 18
2089 18
2090 20
2091 27
2092 14
2093 19
2094 16
2095 21
2096 15
2097 21
2098 16
2099 13
2100 20
2101 18
2102 18
2103 17
2104 15
2105 7
2106 14
2107 21
2108 9
2109 15
2110 19
2111 21
2112 20
2113 11
2114 9
2115 11
2116 19
2117 20
2118 19
2119 25
2120 17
2121 16
2122 15
2123 16
2124 12
2125 12
2126 13
2127 22
2128 26
2129 22
2130 21
2131 14
2132 26
2133 14
2134 9
2135 9
2136 13
2137 19
2138 19
2139 15
2140 18
2141 17
2142 14
2143 16
2144 13
2145 18
2146 15
2147 18
2148 11
2149 16
2150 16
2151 14
2152 13
2153 22
2154 22
2155 20
2156 21
2157 20
2158 25
2159 14
2160 14
2161 18
2162 18
2163 20
2164 22
2165 21
2166 20
2167 23
2168 32
2169 17
2170 19
2171 12
2172 12
2173 17
2174 20
2175 17
2176 15
2177 11
2178 18
2179 22
2180 24
2181 18
2182 22
2183 16
2184 15
2185 21
2186 15
2187 17
2188 17
2189 14
2190 15
2191 14
2192 13
2193 20
2194 12
2195 20
2196 19
2197 10
2198 11
2199 17
2200 13
2201 13
2202 12
2203 16
2204 19
2205 28
2206 18
2207 15
2208 10
2209 15
2210 24
2211 13
2212 15
2213 20
2214 15
2215 16
2216 23
2217 17
2218 13
2219 17
2220 14
2221 9
2222 16
2223 17
2224 7
2225 13
2226 20
2227 23
2228 13
2229 18
2230 18
2231 23
2232 19
2233 14
2234 25
2235 19
2236 27
2237 22
2238 21
2239 19
2240 34
2241 31
2242 36
2243 31
2244 36
2245 34
2246 43
2247 49
2248 50
2249 54
2250 63
2251 65
2252 50
2253 60
2254 83
2255 86
2256 104
2257 85
2258 91
2259 56
2260 74
2261 52
2262 78
2263 77
2264 85
2265 83
2266 87
2267 71
2268 53
2269 49
2270 43
2271 42
2272 43
2273 39
2274 41
2275 39
2276 33
2277 23
2278 17
2279 16
2280 18
2281 21
2282 17
2283 19
2284 16
2285 11
2286 11
2287 15
2288 16
2289 9
2290 13
2291 8
2292 14
2293 12
2294 11
2295 16
2296 19
2297 8
2298 11
2299 9
2300 19
2301 14
2302 19
2303 18
2304 18
2305 17
2306 12
2307 16
2308 17
2309 18
2310 10
2311 13
2312 8
2313 17
2314 18
2315 20
2316 16
2317 11
2318 14
2319 9
2320 11
2321 8
2322 19
2323 18
2324 13
2325 15
2326 12
2327 8
2328 19
2329 16
2330 8
2331 16
2332 13
2333 10
2334 17
2335 13
2336 12
2337 15
2338 9
2339 7
2340 18
2341 15
2342 16
2343 14
2344 17
2345 11
2346 12
2347 11
2348 20
2349 13
2350 11
2351 16
2352 20
2353 15
2354 11
2355 15
2356 14
2357 7
2358 15
2359 10
2360 16
2361 13
2362 9
2363 9
2364 14
2365 10
2366 12
2367 13
2368 19
2369 9
2370 9
2371 8
2372 11
2373 9
2374 16
2375 18
2376 15
2377 13
2378 24
2379 8
2380 7
2381 12
2382 16
2383 10
2384 11
2385 16
2386 12
2387 12
2388 12
2389 13
2390 13
2391 9
2392 11
2393 16
2394 15
2395 17
2396 8
2397 15
2398 15
2399 16
2400 18
2401 12
2402 9
2403 11
2404 17
2405 12
2406 13
2407 12
2408 15
2409 6
2410 2
2411 10
2412 12
2413 16
2414 12
2415 8
2416 9
2417 13
2418 8
2419 16
2420 15
2421 9
2422 15
2423 10
2424 16
2425 14
2426 10
2427 18
2428 7
2429 14
2430 7
2431 11
2432 13
2433 15
2434 13
2435 15
2436 15
2437 16
2438 8
2439 14
2440 15
2441 8
2442 10
2443 18
2444 15
2445 12
2446 15
2447 10
2448 9
2449 18
2450 7
2451 13
2452 16
2453 19
2454 16
2455 15
2456 10
2457 14
2458 14
2459 15
2460 10
2461 14
2462 16
2463 15
2464 14
2465 8
2466 13
2467 7
2468 7
2469 15
2470 12
2471 19
2472 12
2473 11
2474 10
2475 10
2476 19
2477 10
2478 14
2479 16
2480 23
2481 9
2482 12
2483 13
2484 7
2485 18
2486 8
2487 11
2488 11
2489 8
2490 15
2491 11
2492 11
2493 9
2494 16
2495 13
2496 13
2497 19
2498 13
2499 7
2500 19
2501 14
2502 10
2503 9
2504 8
2505 14
2506 9
2507 11
2508 14
2509 7
2510 12
2511 13
2512 9
2513 11
2514 14
2515 15
2516 15
2517 8
2518 17
2519 13
2520 16
2521 16
2522 21
2523 16
2524 10
2525 12
2526 18
2527 17
2528 18
2529 24
2530 18
2531 27
2532 30
2533 22
2534 24
2535 24
2536 22
2537 37
2538 28
2539 34
2540 45
2541 31
2542 30
2543 30
2544 48
2545 38
2546 69
2547 69
2548 101
2549 81
2550 90
2551 70
2552 51
2553 53
2554 55
2555 53
2556 66
2557 70
2558 70
2559 88
