0 36
1 34
2 32
3 30
4 24
5 42
6 31
7 27
8 26
9 43
10 34
11 31
12 41
13 32
14 25
15 34
16 35
17 36
18 34
19 41
20 24
21 32
22 31
23 39
24 34
25 35
26 32
27 37
28 31
29 33
30 32
31 26
32 37
33 26
34 36
35 46
36 29
37 48
38 28
39 31
40 28
41 41
42 39
43 33
44 32
45 40
46 45
47 35
48 36
49 30
50 31
51 33
52 32
53 26
54 36
55 31
56 24
57 38
58 33
59 23
60 44
61 40
62 32
63 33
64 34
65 43
66 35
67 34
68 36
69 41
70 53
71 32
72 41
73 43
74 32
75 30
76 28
77 33
78 39
79 49
80 44
81 32
82 43
83 41
84 28
85 38
86 34
87 29
88 31
89 30
90 41
91 44
92 43
93 42
94 35
95 39
96 32
97 25
98 38
99 37
100 35
101 27
102 35
103 41
104 36
105 33
106 29
107 44
108 22
109 43
110 30
111 33
112 26
113 31
114 31
115 19
116 32
117 30
118 36
119 40
120 33
121 40
122 35
123 38
124 41
125 42
126 41
127 39
128 36
129 35
130 36
131 45
132 33
133 36
134 41
135 38
136 32
137 36
138 37
139 28
140 44
141 46
142 28
143 40
144 32
145 41
146 39
147 38
148 31
149 34
150 42
151 33
152 39
153 32
154 34
155 46
156 25
157 33
158 27
159 29
160 37
161 42
162 49
163 32
164 45
165 43
166 31
167 43
168 46
169 38
170 44
171 41
172 38
173 25
174 42
175 29
176 32
177 37
178 39
179 39
180 39
181 35
182 35
183 33
184 30
185 32
186 37
187 39
188 30
189 45
190 38
191 41
192 50
193 45
194 30
195 42
196 42
197 41
198 39
199 40
200 42
201 32
202 32
203 36
204 37
205 43
206 39
207 46
208 37
209 30
210 31
211 37
212 48
213 33
214 38
215 36
216 33
217 29
218 47
219 44
220 31
221 34
222 30
223 32
224 44
225 33
226 31
227 37
228 32
229 40
230 30
231 32
232 40
233 39
234 46
235 36
236 33
237 27
238 39
239 47
240 40
241 36
242 30
243 41
244 46
245 38
246 42
247 29
248 33
249 39
250 36
251 28
252 37
253 36
254 27
255 28
256 33
257 38
258 43
259 42
260 38
261 35
262 46
263 37
264 49
265 42
266 30
267 32
268 36
269 44
270 33
271 36
272 34
273 47
274 43
275 48
276 26
277 36
278 31
279 36
280 38
281 38
282 43
283 43
284 43
285 44
286 35
287 43
288 37
289 44
290 37
291 38
292 50
293 45
294 40
295 35
296 30
297 35
298 32
299 41
300 39
301 34
302 33
303 48
304 38
305 19
306 45
307 25
308 32
309 31
310 36
311 53
312 32
313 49
314 40
315 47
316 42
317 47
318 37
319 40
320 45
321 41
322 34
323 24
324 32
325 38
326 35
327 32
328 41
329 39
330 36
331 39
332 45
333 33
334 41
335 39
336 36
337 34
338 44
339 45
340 34
341 30
342 42
343 41
344 21
345 25
346 31
347 43
348 39
349 46
350 52
351 18
352 35
353 41
354 37
355 37
356 47
357 41
358 47
359 42
360 29
361 42
362 37
363 28
364 49
365 35
366 47
367 36
368 34
369 32
370 40
371 32
372 32
373 49
374 42
375 28
376 31
377 24
378 31
379 43
380 51
381 48
382 44
383 49
384 45
385 48
386 39
387 47
388 50
389 42
390 34
391 35
392 32
393 31
394 33
395 40
396 39
397 34
398 47
399 46
400 45
401 40
402 47
403 47
404 41
405 43
406 52
407 43
408 33
409 41
410 48
411 49
412 38
413 47
414 51
415 39
416 47
417 37
418 41
419 44
420 44
421 45
422 45
423 34
424 39
425 45
426 54
427 53
428 48
429 47
430 49
431 41
432 41
433 41
434 36
435 64
436 39
437 39
438 46
439 47
440 43
441 34
442 33
443 37
444 45
445 44
446 39
447 43
448 31
449 55
450 49
451 40
452 39
453 36
454 31
455 34
456 38
457 33
458 33
459 46
460 42
461 38
462 42
463 39
464 52
465 39
466 43
467 46
468 39
469 38
470 52
471 52
472 48
473 42
474 40
475 44
476 45
477 47
478 42
479 29
480 44
481 44
482 44
483 37
484 38
485 43
486 38
487 60
488 52
489 46
490 43
491 45
492 62
493 52
494 60
495 55
496 50
497 52
498 59
499 55
500 52
501 50
502 69
503 62
504 66
505 89
506 85
507 90
508 85
509 82
510 88
511 82
512 71
513 103
514 88
515 111
516 117
517 122
518 118
519 137
520 115
521 87
522 69
523 50
524 50
525 39
526 53
527 44
528 36
529 50
530 42
531 46
532 43
533 52
534 34
535 54
536 39
537 24
538 37
539 42
540 43
541 41
542 33
543 48
544 45
545 39
546 34
547 34
548 46
549 56
550 44
551 36
552 49
553 40
554 33
555 47
556 34
557 48
558 36
559 47
560 49
561 49
562 36
563 35
564 34
565 56
566 34
567 34
568 40
569 24
570 50
571 49
572 41
573 39
574 37
575 48
576 49
577 53
578 37
579 44
580 37
581 52
582 43
583 49
584 38
585 30
586 41
587 45
588 40
589 32
590 46
591 42
592 33
593 40
594 55
595 35
596 43
597 30
598 45
599 51
600 57
601 58
602 50
603 40
604 44
605 33
606 48
607 59
608 47
609 37
610 44
611 44
612 44
613 24
614 35
615 37
616 34
617 54
618 33
619 42
620 40
621 37
622 51
623 41
624 34
625 40
626 40
627 44
628 28
629 40
630 40
631 44
632 33
633 36
634 48
635 33
636 41
637 49
638 52
639 35
640 44
641 41
642 47
643 29
644 33
645 46
646 33
647 42
648 36
649 46
650 42
651 44
652 40
653 35
654 35
655 45
656 33
657 47
658 42
659 43
660 45
661 48
662 43
663 37
664 35
665 35
666 32
667 43
668 42
669 50
670 44
671 37
672 34
673 43
674 41
675 35
676 37
677 52
678 45
679 50
680 37
681 48
682 40
683 44
684 38
685 31
686 35
687 39
688 41
689 29
690 47
691 30
692 35
693 24
694 49
695 36
696 26
697 41
698 30
699 39
700 34
701 30
702 39
703 34
704 42
705 44
706 38
707 42
708 43
709 36
710 45
711 41
712 46
713 40
714 37
715 38
716 32
717 38
718 31
719 37
720 33
721 44
722 37
723 38
724 37
725 26
726 44
727 49
728 44
729 25
730 39
731 37
732 32
733 38
734 37
735 37
736 46
737 46
738 49
739 35
740 42
741 54
742 39
743 41
744 42
745 39
746 32
747 36
748 34
749 35
750 51
751 51
752 39
753 43
754 32
755 47
756 39
757 31
758 34
759 31
760 46
761 39
762 43
763 39
764 31
765 33
766 39
767 36
768 43
769 34
770 41
771 37
772 43
773 47
774 37
775 39
776 36
777 39
778 34
779 26
780 33
781 40
782 41
783 44
784 38
785 48
786 40
787 34
788 42
789 41
790 41
791 43
792 38
793 42
794 40
795 33
796 43
797 45
798 41
799 35
800 41
801 42
802 36
803 33
804 25
805 44
806 34
807 43
808 40
809 30
810 41
811 35
812 39
813 36
814 39
815 50
816 39
817 42
818 46
819 35
820 36
821 38
822 36
823 37
824 36
825 39
826 36
827 31
828 21
829 34
830 32
831 38
832 34
833 43
834 46
835 47
836 56
837 42
838 39
839 48
840 42
841 41
842 44
843 30
844 28
845 44
846 45
847 34
848 37
849 35
850 46
851 42
852 30
853 34
854 36
855 44
856 39
857 36
858 39
859 31
860 39
861 35
862 41
863 48
864 41
865 37
866 26
867 43
868 27
869 40
870 35
871 36
872 37
873 34
874 43
875 39
876 34
877 41
878 41
879 29
880 36
881 36
882 31
883 21
884 29
885 41
886 32
887 35
888 34
889 36
890 37
891 34
892 38
893 36
894 49
895 44
896 22
897 28
898 38
899 39
900 42
901 30
902 30
903 45
904 34
905 32
906 30
907 34
908 52
909 40
910 40
911 34
912 41
913 38
914 41
915 26
916 38
917 43
918 32
919 38
920 36
921 38
922 37
923 42
924 26
925 33
926 34
927 40
928 29
929 33
930 30
931 23
932 41
933 47
934 31
935 36
936 39
937 19
938 43
939 39
940 34
941 29
942 38
943 28
944 32
945 43
946 38
947 35
948 43
949 35
950 31
951 35
952 28
953 32
954 29
955 30
956 36
957 24
958 32
959 38
960 43
961 38
962 39
963 39
964 45
965 40
966 32
967 46
968 42
969 49
970 44
971 45
972 40
973 49
974 34
975 24
976 40
977 37
978 33
979 40
980 45
981 39
982 30
983 36
984 34
985 42
986 41
987 33
988 39
989 35
990 36
991 28
992 33
993 47
994 34
995 40
996 44
997 34
998 48
999 42
1000 38
1001 45
1002 51
1003 69
1004 72
1005 69
1006 74
1007 78
1008 127
1009 119
1010 117
1011 104
1012 142
1013 134
1014 193
1015 160
1016 264
1017 305
1018 331
1019 281
1020 292
1021 322
1022 344
1023 345
1024 418
1025 398
1026 437
1027 479
1028 525
1029 536
1030 398
1031 383
1032 357
1033 304
1034 235
1035 194
1036 148
1037 79
1038 64
1039 68
1040 59
1041 38
1042 47
1043 39
1044 47
1045 43
1046 38
1047 31
1048 38
1049 54
1050 40
1051 45
1052 32
1053 32
1054 42
1055 35
1056 37
1057 33
1058 45
1059 49
1060 45
1061 37
1062 36
1063 35
1064 28
1065 41
1066 32
1067 41
1068 45
1069 34
1070 42
1071 28
1072 29
1073 40
1074 42
1075 48
1076 40
1077 39
1078 37
1079 37
1080 33
1081 41
1082 27
1083 35
1084 24
1085 39
1086 37
1087 32
1088 33
1089 32
1090 30
1091 32
1092 41
1093 33
1094 42
1095 39
1096 27
1097 39
1098 32
1099 27
1100 34
1101 26
1102 44
1103 37
1104 47
1105 29
1106 33
1107 31
1108 38
1109 32
1110 42
1111 28
1112 41
1113 37
1114 32
1115 25
1116 31
1117 29
1118 29
1119 35
1120 29
1121 38
1122 29
1123 39
1124 35
1125 31
1126 32
1127 30
1128 33
1129 29
1130 30
1131 28
1132 31
1133 45
1134 28
1135 41
1136 33
1137 32
1138 34
1139 39
1140 33
1141 37
1142 29
1143 40
1144 49
1145 30
1146 38
1147 36
1148 45
1149 36
1150 51
1151 48
1152 61
1153 64
1154 78
1155 62
1156 75
1157 65
1158 70
1159 84
1160 94
1161 90
1162 115
1163 61
1164 54
1165 48
1166 42
1167 43
1168 38
1169 45
1170 39
1171 38
1172 32
1173 39
1174 44
1175 41
1176 30
1177 29
1178 22
1179 29
1180 31
1181 32
1182 35
1183 31
1184 33
1185 36
1186 35
1187 34
1188 28
1189 33
1190 36
1191 28
1192 35
1193 30
1194 24
1195 39
1196 35
1197 43
1198 38
1199 35
1200 39
1201 27
1202 38
1203 30
1204 32
1205 40
1206 28
1207 37
1208 38
1209 28
1210 34
1211 44
1212 33
1213 37
1214 22
1215 33
1216 37
1217 24
1218 36
1219 42
1220 41
1221 41
1222 42
1223 30
1224 52
1225 27
1226 33
1227 30
1228 40
1229 39
1230 35
1231 34
1232 36
1233 31
1234 32
1235 34
1236 30
1237 29
1238 32
1239 28
1240 19
1241 39
1242 28
1243 43
1244 37
1245 35
1246 29
1247 26
1248 26
1249 27
1250 31
1251 33
1252 28
1253 29
1254 33
1255 30
1256 32
1257 34
1258 31
1259 37
1260 37
1261 36
1262 35
1263 26
1264 22
1265 28
1266 34
1267 30
1268 25
1269 24
1270 21
1271 21
1272 15
1273 27
1274 22
1275 15
1276 27
1277 16
1278 19
1279 15
1280 20
1281 30
1282 35
1283 29
1284 39
1285 49
1286 38
1287 44
1288 34
1289 46
1290 50
1291 65
1292 64
1293 75
1294 93
1295 90
1296 110
1297 100
1298 87
1299 107
1300 145
1301 185
1302 194
1303 189
1304 174
1305 215
1306 230
1307 199
1308 280
1309 204
1310 172
1311 149
1312 148
1313 195
1314 182
1315 125
1316 95
1317 58
1318 94
1319 77
1320 68
1321 50
1322 37
1323 30
1324 41
1325 27
1326 26
1327 23
1328 23
1329 28
1330 24
1331 27
1332 25
1333 24
1334 26
1335 23
1336 27
1337 35
1338 19
1339 21
1340 16
1341 32
1342 30
1343 25
1344 25
1345 21
1346 20
1347 23
1348 26
1349 22
1350 33
1351 17
1352 22
1353 24
1354 23
1355 25
1356 20
1357 24
1358 19
1359 28
1360 33
1361 35
1362 28
1363 30
1364 33
1365 28
1366 35
1367 12
1368 22
1369 22
1370 23
1371 27
1372 18
1373 23
1374 28
1375 23
1376 25
1377 27
1378 21
1379 26
1380 27
1381 28
1382 18
1383 25
1384 19
1385 27
1386 18
1387 27
1388 23
1389 17
1390 32
1391 31
1392 19
1393 28
1394 23
1395 35
1396 25
1397 30
1398 15
1399 25
1400 18
1401 19
1402 25
1403 26
1404 21
1405 23
1406 26
1407 21
1408 22
1409 22
1410 19
1411 23
1412 18
1413 26
1414 29
1415 19
1416 28
1417 19
1418 19
1419 16
1420 16
1421 20
1422 20
1423 17
1424 18
1425 29
1426 19
1427 25
1428 19
1429 14
1430 20
1431 16
1432 23
1433 22
1434 29
1435 21
1436 24
1437 23
1438 27
1439 24
1440 21
1441 13
1442 19
1443 27
1444 23
1445 29
1446 31
1447 26
1448 31
1449 27
1450 20
1451 33
1452 24
1453 23
1454 31
1455 17
1456 20
1457 19
1458 23
1459 27
1460 24
1461 24
1462 29
1463 15
1464 20
1465 18
1466 18
1467 15
1468 24
1469 27
1470 27
1471 14
1472 20
1473 30
1474 20
1475 27
1476 21
1477 22
1478 21
1479 24
1480 26
1481 26
1482 17
1483 22
1484 20
1485 21
1486 24
1487 26
1488 22
1489 33
1490 15
1491 19
1492 23
1493 17
1494 30
1495 20
1496 20
1497 18
1498 18
1499 21
1500 19
1501 27
1502 16
1503 26
1504 26
1505 16
1506 24
1507 21
1508 28
1509 18
1510 31
1511 19
1512 28
1513 23
1514 25
1515 28
1516 22
1517 23
1518 23
1519 20
1520 14
1521 17
1522 20
1523 20
1524 19
1525 18
1526 33
1527 21
1528 22
1529 14
1530 22
1531 28
1532 33
1533 20
1534 20
1535 21
1536 23
1537 17
1538 22
1539 21
1540 22
1541 16
1542 21
1543 16
1544 16
1545 17
1546 19
1547 27
1548 29
1549 13
1550 20
1551 16
1552 22
1553 16
1554 23
1555 15
1556 16
1557 21
1558 19
1559 23
1560 18
1561 21
1562 19
1563 21
1564 19
1565 12
1566 24
1567 25
1568 24
1569 21
1570 26
1571 20
1572 20
1573 26
1574 23
1575 23
1576 20
1577 16
1578 20
1579 27
1580 27
1581 14
1582 23
1583 19
1584 20
1585 19
1586 15
1587 27
1588 11
1589 19
1590 25
1591 21
1592 16
1593 21
1594 25
1595 21
1596 22
1597 22
1598 22
1599 26
1600 18
1601 15
1602 19
1603 19
1604 23
1605 27
1606 19
1607 25
1608 22
1609 16
1610 24
1611 21
1612 24
1613 19
1614 22
1615 18
1616 18
1617 25
1618 18
1619 17
1620 16
1621 18
1622 16
1623 22
1624 22
1625 33
1626 24
1627 11
1628 16
1629 23
1630 11
1631 15
1632 17
1633 16
1634 20
1635 25
1636 23
1637 23
1638 23
1639 18
1640 33
1641 25
1642 19
1643 22
1644 20
1645 22
1646 23
1647 23
1648 15
1649 17
1650 24
1651 18
1652 17
1653 20
1654 11
1655 21
1656 21
1657 18
1658 18
1659 17
1660 23
1661 14
1662 19
1663 17
1664 22
1665 21
1666 32
1667 17
1668 22
1669 18
1670 18
1671 23
1672 14
1673 22
1674 16
1675 20
1676 12
1677 9
1678 24
1679 29
1680 19
1681 21
1682 21
1683 29
1684 15
1685 24
1686 23
1687 22
1688 22
1689 23
1690 15
1691 19
1692 20
1693 22
1694 25
1695 24
1696 19
1697 20
1698 18
1699 26
1700 15
1701 26
1702 30
1703 23
1704 39
1705 25
1706 22
1707 26
1708 29
1709 23
1710 20
1711 25
1712 25
1713 25
1714 27
1715 19
1716 12
1717 17
1718 26
1719 21
1720 19
1721 18
1722 19
1723 19
1724 24
1725 21
1726 21
1727 17
1728 21
1729 22
1730 17
1731 25
1732 16
1733 28
1734 15
1735 25
1736 23
1737 38
1738 29
1739 28
1740 29
1741 27
1742 32
1743 25
1744 39
1745 71
1746 73
1747 47
1748 24
1749 32
1750 34
1751 54
1752 53
1753 63
1754 65
1755 73
1756 81
1757 97
1758 113
1759 102
1760 70
1761 91
1762 131
1763 133
1764 106
1765 95
1766 84
1767 71
1768 69
1769 125
1770 103
1771 81
1772 66
1773 58
1774 45
1775 38
1776 32
1777 49
1778 37
1779 28
1780 31
1781 20
1782 31
1783 18
1784 25
1785 27
1786 15
1787 18
1788 22
1789 17
1790 10
1791 24
1792 14
1793 20
1794 18
1795 16
1796 10
1797 12
1798 19
1799 15
1800 15
1801 14
1802 18
1803 22
1804 14
1805 15
1806 18
1807 23
1808 20
1809 18
1810 14
1811 17
1812 19
1813 21
1814 32
1815 23
1816 16
1817 14
1818 24
1819 20
1820 20
1821 9
1822 19
1823 13
1824 15
1825 19
1826 17
1827 13
1828 21
1829 16
1830 18
1831 12
1832 18
1833 21
1834 15
1835 20
1836 14
1837 14
1838 15
1839 14
1840 28
1841 26
1842 15
1843 17
1844 23
1845 18
1846 15
1847 26
1848 25
1849 14
1850 16
1851 22
1852 18
1853 14
1854 18
1855 26
1856 25
1857 26
1858 15
1859 12
1860 23
1861 15
1862 15
1863 12
1864 16
1865 18
1866 15
1867 13
1868 20
1869 13
1870 24
1871 16
1872 20
1873 13
1874 19
1875 19
1876 19
1877 14
1878 23
1879 18
1880 17
1881 18
1882 17
1883 15
1884 12
1885 15
1886 20
1887 15
1888 20
1889 10
1890 13
1891 21
1892 18
1893 14
1894 17
1895 23
1896 22
1897 15
1898 23
1899 17
1900 24
1901 15
1902 14
1903 12
1904 11
1905 20
1906 24
1907 18
1908 15
1909 13
1910 18
1911 19
1912 23
1913 29
1914 18
1915 21
1916 15
1917 13
1918 23
1919 20
1920 24
1921 18
1922 13
1923 14
1924 15
1925 11
1926 21
1927 17
1928 20
1929 21
1930 15
1931 19
1932 19
1933 15
1934 25
1935 21
1936 11
1937 22
1938 24
1939 15
1940 18
1941 23
1942 22
1943 24
1944 22
1945 15
1946 13
1947 19
1948 17
1949 24
1950 17
1951 21
1952 21
1953 21
1954 19
1955 22
1956 22
1957 9
1958 21
1959 22
1960 20
1961 19
1962 19
1963 18
1964 18
1965 17
1966 16
1967 18
1968 19
1969 15
1970 24
1971 29
1972 20
1973 17
1974 8
1975 11
1976 15
1977 24
1978 18
1979 30
1980 19
1981 23
1982 22
1983 22
1984 26
1985 26
1986 21
1987 29
1988 46
1989 50
1990 35
1991 43
1992 44
1993 55
1994 59
1995 67
1996 56
1997 83
1998 107
1999 96
2000 115
2001 134
2002 176
2003 178
2004 174
2005 185
2006 205
2007 229
2008 262
2009 289
2010 346
2011 409
2012 415
2013 400
2014 439
2015 442
2016 444
2017 369
2018 385
2019 393
2020 368
2021 325
2022 291
2023 297
2024 249
2025 237
2026 220
2027 204
2028 160
2029 107
2030 69
2031 63
2032 50
2033 56
2034 50
2035 39
2036 37
2037 26
2038 31
2039 24
2040 26
2041 31
2042 28
2043 23
2044 24
2045 17
2046 20
2047 28
2048 22
2049 15
2050 26
2051 24
2052 24
2053 22
2054 21
2055 19
2056 15
2057 20
2058 13
2059 19
2060 20
2061 13
2062 20
2063 16
2064 17
2065 17
2066 11
2067 16
2068 16
2069 21
2070 27
2071 20
2072 11
2073 14
2074 10
2075 18
2076 24
2077 18
2078 16
2079 13
2080 15
2081 17
2082 14
2083 17
2084 13
2085 18
2086 19
2087 15
2088 23
2089 22
2090 22
2091 16
2092 23
2093 15
2094 12
2095 14
2096 20
2097 10
2098 16
2099 15
2100 15
2101 13
2102 14
2103 19
2104 19
2105 9
2106 16
2107 11
2108 15
2109 10
2110 17
2111 13
2112 16
2113 17
2114 23
2115 19
2116 10
2117 22
2118 9
2119 12
2120 15
2121 16
2122 17
2123 12
2124 22
2125 20
2126 8
2127 17
2128 12
2129 22
2130 20
2131 19
2132 18
2133 16
2134 16
2135 24
2136 22
2137 19
2138 14
2139 15
2140 15
2141 18
2142 20
2143 16
2144 19
2145 14
2146 17
2147 19
2148 11
2149 9
2150 17
2151 13
2152 10
2153 10
2154 12
2155 17
2156 20
2157 13
2158 14
2159 17
2160 17
2161 18
2162 12
2163 11
2164 17
2165 15
2166 13
2167 17
2168 18
2169 12
2170 10
2171 15
2172 13
2173 12
2174 11
2175 24
2176 17
2177 17
2178 18
2179 16
2180 17
2181 17
2182 22
2183 13
2184 22
2185 15
2186 18
2187 27
2188 14
2189 20
2190 28
2191 20
2192 27
2193 25
2194 33
2195 39
2196 32
2197 36
2198 26
2199 27
2200 41
2201 33
2202 46
2203 41
2204 35
2205 44
2206 63
2207 76
2208 81
2209 62
2210 87
2211 104
2212 88
2213 84
2214 98
2215 100
2216 99
2217 102
2218 91
2219 117
2220 72
2221 58
2222 66
2223 73
2224 77
2225 58
2226 61
2227 48
2228 32
2229 36
2230 40
2231 29
2232 30
2233 22
2234 29
2235 34
2236 26
2237 18
2238 21
2239 15
2240 17
2241 20
2242 20
2243 9
2244 13
2245 20
2246 21
2247 12
2248 17
2249 13
2250 20
2251 19
2252 12
2253 14
2254 22
2255 13
2256 14
2257 17
2258 16
2259 15
2260 8
2261 20
2262 14
2263 17
2264 11
2265 14
2266 11
2267 10
2268 10
2269 17
2270 13
2271 13
2272 26
2273 14
2274 10
2275 10
2276 10
2277 15
2278 18
2279 22
2280 11
2281 12
2282 16
2283 13
2284 13
2285 19
2286 16
2287 12
2288 10
2289 14
2290 13
2291 9
2292 21
2293 13
2294 16
2295 12
2296 13
2297 10
2298 13
2299 11
2300 16
2301 11
2302 13
2303 19
2304 15
2305 20
2306 11
2307 17
2308 13
2309 14
2310 23
2311 13
2312 9
2313 11
2314 13
2315 14
2316 17
2317 14
2318 17
2319 7
2320 15
2321 13
2322 11
2323 14
2324 14
2325 12
2326 11
2327 11
2328 17
2329 16
2330 20
2331 14
2332 20
2333 9
2334 9
2335 21
2336 10
2337 14
2338 14
2339 19
2340 13
2341 8
2342 6
2343 17
2344 14
2345 4
2346 16
2347 10
2348 14
2349 12
2350 6
2351 17
2352 8
2353 11
2354 17
2355 13
2356 10
2357 11
2358 13
2359 11
2360 7
2361 20
2362 18
2363 20
2364 18
2365 12
2366 7
2367 13
2368 11
2369 12
2370 13
2371 22
2372 10
2373 8
2374 17
2375 14
2376 17
2377 12
2378 14
2379 15
2380 13
2381 17
2382 8
2383 10
2384 14
2385 15
2386 9
2387 12
2388 12
2389 12
2390 10
2391 15
2392 11
2393 16
2394 15
2395 13
2396 12
2397 13
2398 10
2399 6
2400 10
2401 16
2402 7
2403 17
2404 12
2405 10
2406 12
2407 13
2408 14
2409 11
2410 17
2411 12
2412 14
2413 12
2414 19
2415 21
2416 9
2417 18
2418 11
2419 12
2420 13
2421 12
2422 9
2423 16
2424 15
2425 16
2426 9
2427 11
2428 16
2429 12
2430 23
2431 12
2432 10
2433 11
2434 14
2435 12
2436 17
2437 9
2438 11
2439 10
2440 17
2441 11
2442 12
2443 12
2444 13
2445 12
2446 12
2447 9
2448 11
2449 17
2450 9
2451 13
2452 13
2453 14
2454 16
2455 10
2456 9
2457 12
2458 15
2459 16
2460 22
2461 12
2462 13
2463 15
2464 17
2465 10
2466 13
2467 17
2468 9
2469 13
2470 16
2471 14
2472 7
2473 12
2474 8
2475 14
2476 17
2477 14
2478 22
2479 10
2480 14
2481 21
2482 14
2483 30
2484 23
2485 23
2486 32
2487 20
2488 28
2489 29
2490 32
2491 38
2492 58
2493 51
2494 63
2495 63
2496 73
2497 70
2498 73
2499 58
2500 51
2501 49
2502 57
2503 60
2504 75
2505 80
2506 67
2507 63
2508 74
2509 83
2510 66
2511 60
2512 41
2513 37
2514 39
2515 50
2516 44
2517 32
2518 28
2519 21
2520 16
2521 18
2522 22
2523 14
2524 19
2525 13
2526 12
2527 15
2528 15
2529 11
2530 16
2531 16
2532 14
2533 11
2534 14
2535 12
2536 11
2537 16
2538 7
2539 12
2540 17
2541 12
2542 9
2543 19
2544 17
2545 15
2546 17
2547 9
2548 9
2549 10
2550 14
2551 18
2552 11
2553 13
2554 12
2555 16
2556 11
2557 11
2558 9
2559 22
