0 33
1 18
2 18
3 22
4 22
5 26
6 30
7 28
8 31
9 21
10 23
11 21
12 25
13 36
14 37
15 22
16 20
17 25
18 30
19 24
20 16
21 32
22 32
23 23
24 30
25 42
26 32
27 18
28 23
29 30
30 27
31 23
32 38
33 28
34 35
35 28
36 21
37 18
38 23
39 30
40 28
41 34
42 25
43 24
44 22
45 35
46 26
47 26
48 20
49 19
50 27
51 29
52 26
53 36
54 30
55 27
56 28
57 30
58 19
59 20
60 28
61 24
62 44
63 31
64 29
65 34
66 31
67 21
68 25
69 23
70 31
71 27
72 30
73 28
74 27
75 32
76 31
77 18
78 38
79 34
80 21
81 25
82 35
83 30
84 25
85 27
86 26
87 23
88 24
89 25
90 26
91 34
92 23
93 22
94 19
95 30
96 35
97 30
98 29
99 29
100 34
101 23
102 30
103 24
104 28
105 25
106 21
107 26
108 35
109 24
110 21
111 33
112 31
113 27
114 31
115 27
116 26
117 27
118 22
119 31
120 30
121 25
122 27
123 22
124 30
125 17
126 18
127 32
128 38
129 28
130 30
131 34
132 25
133 27
134 30
135 33
136 34
137 25
138 30
139 30
140 35
141 37
142 29
143 33
144 26
145 29
146 25
147 23
148 26
149 28
150 30
151 29
152 30
153 30
154 38
155 26
156 37
157 26
158 25
159 23
160 26
161 36
162 32
163 33
164 32
165 23
166 30
167 30
168 27
169 29
170 34
171 23
172 18
173 14
174 40
175 35
176 25
177 31
178 32
179 34
180 38
181 21
182 34
183 31
184 24
185 27
186 28
187 32
188 33
189 27
190 37
191 21
192 30
193 29
194 27
195 25
196 27
197 27
198 35
199 30
200 35
201 31
202 37
203 29
204 22
205 25
206 33
207 29
208 33
209 21
210 27
211 30
212 27
213 23
214 27
215 31
216 24
217 32
218 27
219 24
220 30
221 44
222 34
223 26
224 33
225 27
226 30
227 33
228 21
229 26
230 18
231 27
232 25
233 29
234 30
235 40
236 30
237 34
238 30
239 23
240 30
241 27
242 38
243 35
244 21
245 39
246 31
247 26
248 21
249 39
250 32
251 24
252 27
253 30
254 26
255 33
256 27
257 30
258 30
259 37
260 38
261 35
262 30
263 28
264 31
265 37
266 28
267 26
268 25
269 25
270 36
271 30
272 29
273 27
274 23
275 26
276 38
277 21
278 28
279 25
280 29
281 33
282 36
283 34
284 24
285 37
286 44
287 46
288 32
289 31
290 34
291 42
292 30
293 30
294 29
295 32
296 31
297 29
298 39
299 37
300 36
301 34
302 40
303 40
304 30
305 32
306 25
307 38
308 40
309 36
310 28
311 26
312 27
313 34
314 33
315 31
316 33
317 40
318 39
319 39
320 30
321 36
322 30
323 27
324 36
325 33
326 29
327 34
328 24
329 39
330 39
331 37
332 30
333 34
334 40
335 28
336 34
337 35
338 40
339 27
340 28
341 30
342 38
343 30
344 24
345 26
346 28
347 34
348 42
349 37
350 41
351 35
352 27
353 35
354 48
355 29
356 41
357 28
358 47
359 42
360 36
361 32
362 42
363 45
364 24
365 35
366 39
367 30
368 36
369 34
370 35
371 40
372 25
373 27
374 29
375 34
376 40
377 31
378 33
379 34
380 36
381 27
382 32
383 45
384 38
385 36
386 37
387 41
388 36
389 25
390 44
391 45
392 37
393 39
394 39
395 30
396 31
397 35
398 26
399 36
400 30
401 36
402 39
403 40
404 35
405 34
406 30
407 32
408 28
409 47
410 40
411 23
412 27
413 41
414 35
415 39
416 43
417 41
418 29
419 21
420 40
421 28
422 36
423 43
424 41
425 37
426 33
427 39
428 26
429 33
430 32
431 38
432 31
433 41
434 36
435 38
436 37
437 33
438 38
439 26
440 48
441 37
442 27
443 30
444 27
445 28
446 34
447 30
448 27
449 37
450 26
451 37
452 42
453 31
454 34
455 42
456 35
457 30
458 37
459 30
460 32
461 33
462 36
463 33
464 31
465 39
466 33
467 42
468 32
469 37
470 32
471 34
472 41
473 19
474 19
475 36
476 26
477 42
478 30
479 28
480 35
481 46
482 43
483 48
484 34
485 30
486 28
487 32
488 38
489 41
490 32
491 52
492 24
493 32
494 32
495 36
496 43
497 30
498 43
499 37
500 49
501 28
502 31
503 30
504 32
505 37
506 42
507 42
508 42
509 35
510 30
511 27
512 40
513 32
514 40
515 33
516 43
517 39
518 38
519 36
520 37
521 33
522 39
523 31
524 33
525 35
526 37
527 40
528 29
529 35
530 29
531 38
532 24
533 28
534 35
535 36
536 34
537 39
538 40
539 42
540 27
541 24
542 32
543 42
544 42
545 32
546 26
547 24
548 52
549 35
550 26
551 35
552 38
553 36
554 25
555 29
556 46
557 33
558 29
559 41
560 41
561 39
562 40
563 41
564 32
565 35
566 25
567 33
568 36
569 37
570 33
571 36
572 28
573 27
574 48
575 26
576 31
577 38
578 31
579 37
580 35
581 31
582 42
583 32
584 30
585 40
586 46
587 54
588 52
589 69
590 52
591 40
592 51
593 52
594 49
595 51
596 52
597 53
598 61
599 47
600 72
601 47
602 43
603 76
604 70
605 95
606 106
607 121
608 108
609 127
610 97
611 124
612 105
613 115
614 108
615 110
616 81
617 105
618 71
619 78
620 64
621 58
622 49
623 44
624 44
625 44
626 34
627 39
628 29
629 28
630 36
631 41
632 35
633 29
634 31
635 33
636 39
637 41
638 33
639 34
640 40
641 26
642 33
643 30
644 33
645 40
646 28
647 40
648 42
649 28
650 38
651 34
652 30
653 36
654 27
655 38
656 30
657 35
658 42
659 44
660 37
661 35
662 26
663 36
664 40
665 26
666 34
667 36
668 26
669 35
670 44
671 38
672 44
673 47
674 34
675 37
676 30
677 37
678 47
679 42
680 45
681 36
682 46
683 43
684 42
685 34
686 38
687 43
688 36
689 33
690 31
691 37
692 32
693 46
694 31
695 35
696 29
697 44
698 32
699 44
700 45
701 34
702 34
703 33
704 45
705 35
706 28
707 27
708 22
709 42
710 30
711 34
712 29
713 42
714 40
715 24
716 40
717 29
718 29
719 40
720 41
721 33
722 37
723 37
724 30
725 38
726 46
727 19
728 33
729 30
730 39
731 27
732 26
733 35
734 33
735 31
736 39
737 28
738 37
739 39
740 26
741 38
742 28
743 28
744 31
745 31
746 24
747 34
748 38
749 29
750 28
751 39
752 48
753 30
754 31
755 26
756 28
757 35
758 40
759 41
760 33
761 41
762 35
763 37
764 30
765 37
766 34
767 26
768 22
769 35
770 34
771 32
772 35
773 23
774 36
775 32
776 26
777 41
778 34
779 37
780 41
781 34
782 26
783 44
784 39
785 46
786 28
787 32
788 33
789 39
790 35
791 28
792 36
793 23
794 40
795 33
796 34
797 24
798 32
799 28
800 43
801 33
802 27
803 43
804 37
805 42
806 28
807 31
808 43
809 34
810 34
811 32
812 28
813 28
814 46
815 30
816 28
817 29
818 34
819 26
820 29
821 33
822 31
823 25
824 49
825 27
826 32
827 39
828 32
829 40
830 34
831 38
832 28
833 35
834 20
835 33
836 25
837 30
838 25
839 45
840 34
841 40
842 55
843 35
844 28
845 35
846 29
847 22
848 41
849 25
850 32
851 41
852 40
853 30
854 34
855 27
856 50
857 34
858 41
859 30
860 24
861 28
862 28
863 28
864 38
865 32
866 33
867 43
868 42
869 28
870 32
871 31
872 25
873 41
874 30
875 35
876 32
877 29
878 33
879 33
880 34
881 33
882 41
883 40
884 45
885 28
886 27
887 33
888 25
889 24
890 32
891 27
892 32
893 28
894 28
895 46
896 25
897 39
898 31
899 26
900 30
901 44
902 34
903 30
904 23
905 37
906 38
907 49
908 36
909 41
910 22
911 40
912 29
913 28
914 32
915 49
916 35
917 35
918 40
919 38
920 28
921 33
922 15
923 33
924 27
925 26
926 28
927 34
928 30
929 40
930 39
931 42
932 29
933 30
934 23
935 27
936 44
937 29
938 37
939 35
940 31
941 25
942 27
943 34
944 29
945 38
946 24
947 25
948 28
949 29
950 29
951 34
952 31
953 34
954 33
955 26
956 37
957 39
958 31
959 37
960 36
961 34
962 34
963 35
964 27
965 37
966 27
967 31
968 43
969 34
970 33
971 22
972 34
973 28
974 22
975 20
976 33
977 31
978 43
979 37
980 36
981 35
982 21
983 37
984 32
985 31
986 16
987 36
988 32
989 38
990 34
991 39
992 43
993 33
994 26
995 24
996 32
997 25
998 35
999 26
1000 25
1001 30
1002 30
1003 29
1004 30
1005 45
1006 24
1007 25
1008 24
1009 38
1010 34
1011 28
1012 34
1013 18
1014 30
1015 27
1016 35
1017 39
1018 29
1019 28
1020 24
1021 29
1022 28
1023 34
1024 32
1025 29
1026 30
1027 31
1028 31
1029 29
1030 27
1031 40
1032 29
1033 22
1034 24
1035 41
1036 32
1037 36
1038 41
1039 32
1040 21
1041 31
1042 34
1043 32
1044 29
1045 29
1046 27
1047 38
1048 30
1049 34
1050 34
1051 31
1052 40
1053 31
1054 27
1055 23
1056 29
1057 32
1058 33
1059 40
1060 36
1061 26
1062 34
1063 24
1064 34
1065 29
1066 34
1067 29
1068 30
1069 44
1070 28
1071 26
1072 22
1073 28
1074 27
1075 35
1076 37
1077 24
1078 32
1079 32
1080 22
1081 19
1082 30
1083 29
1084 42
1085 28
1086 34
1087 27
1088 34
1089 39
1090 31
1091 32
1092 33
1093 33
1094 28
1095 27
1096 24
1097 27
1098 25
1099 41
1100 22
1101 25
1102 47
1103 28
1104 31
1105 28
1106 35
1107 42
1108 26
1109 28
1110 26
1111 26
1112 34
1113 33
1114 25
1115 40
1116 23
1117 22
1118 18
1119 37
1120 39
1121 33
1122 25
1123 37
1124 39
1125 26
1126 32
1127 51
1128 39
1129 36
1130 62
1131 70
1132 67
1133 88
1134 96
1135 163
1136 181
1137 257
1138 245
1139 240
1140 242
1141 265
1142 311
1143 299
1144 350
1145 464
1146 514
1147 555
1148 522
1149 513
1150 449
1151 501
1152 608
1153 656
1154 648
1155 431
1156 328
1157 194
1158 157
1159 142
1160 111
1161 79
1162 57
1163 52
1164 40
1165 35
1166 40
1167 42
1168 32
1169 31
1170 36
1171 32
1172 35
1173 35
1174 35
1175 34
1176 23
1177 34
1178 35
1179 27
1180 31
1181 31
1182 34
1183 35
1184 32
1185 34
1186 22
1187 34
1188 30
1189 40
1190 31
1191 38
1192 23
1193 31
1194 27
1195 32
1196 42
1197 31
1198 30
1199 26
1200 28
1201 31
1202 21
1203 32
1204 35
1205 40
1206 40
1207 33
1208 34
1209 31
1210 23
1211 32
1212 20
1213 30
1214 27
1215 41
1216 26
1217 30
1218 26
1219 20
1220 28
1221 36
1222 24
1223 26
1224 24
1225 33
1226 27
1227 27
1228 29
1229 38
1230 31
1231 34
1232 28
1233 16
1234 32
1235 28
1236 44
1237 38
1238 33
1239 39
1240 29
1241 24
1242 23
1243 23
1244 33
1245 27
1246 29
1247 28
1248 31
1249 19
1250 23
1251 35
1252 24
1253 24
1254 30
1255 31
1256 24
1257 30
1258 26
1259 29
1260 27
1261 20
1262 30
1263 21
1264 19
1265 34
1266 34
1267 22
1268 24
1269 25
1270 26
1271 22
1272 15
1273 20
1274 41
1275 26
1276 22
1277 29
1278 25
1279 4
1280 24
1281 23
1282 26
1283 22
1284 18
1285 20
1286 8
1287 22
1288 22
1289 22
1290 23
1291 21
1292 24
1293 28
1294 30
1295 21
1296 30
1297 18
1298 23
1299 11
1300 28
1301 26
1302 23
1303 25
1304 27
1305 23
1306 28
1307 22
1308 27
1309 26
1310 28
1311 23
1312 26
1313 18
1314 31
1315 13
1316 14
1317 29
1318 23
1319 18
1320 24
1321 26
1322 27
1323 30
1324 24
1325 23
1326 21
1327 24
1328 29
1329 27
1330 26
1331 16
1332 28
1333 29
1334 26
1335 19
1336 20
1337 32
1338 16
1339 26
1340 22
1341 24
1342 23
1343 21
1344 26
1345 18
1346 15
1347 23
1348 19
1349 28
1350 22
1351 25
1352 17
1353 27
1354 27
1355 20
1356 27
1357 28
1358 25
1359 37
1360 46
1361 31
1362 36
1363 34
1364 43
1365 45
1366 49
1367 48
1368 40
1369 38
1370 45
1371 44
1372 28
1373 33
1374 32
1375 30
1376 22
1377 33
1378 35
1379 20
1380 25
1381 24
1382 26
1383 30
1384 24
1385 25
1386 27
1387 30
1388 31
1389 23
1390 21
1391 24
1392 15
1393 21
1394 12
1395 19
1396 29
1397 23
1398 22
1399 24
1400 25
1401 12
1402 15
1403 21
1404 27
1405 28
1406 15
1407 26
1408 20
1409 20
1410 20
1411 23
1412 18
1413 18
1414 20
1415 30
1416 25
1417 15
1418 19
1419 24
1420 22
1421 22
1422 23
1423 24
1424 23
1425 21
1426 26
1427 23
1428 34
1429 26
1430 21
1431 21
1432 28
1433 33
1434 28
1435 29
1436 37
1437 41
1438 44
1439 50
1440 56
1441 71
1442 73
1443 98
1444 71
1445 95
1446 106
1447 141
1448 141
1449 174
1450 258
1451 242
1452 223
1453 228
1454 264
1455 231
1456 204
1457 180
1458 180
1459 121
1460 121
1461 82
1462 68
1463 63
1464 41
1465 35
1466 31
1467 30
1468 33
1469 19
1470 28
1471 26
1472 33
1473 23
1474 22
1475 24
1476 24
1477 22
1478 24
1479 24
1480 27
1481 21
1482 16
1483 12
1484 29
1485 22
1486 16
1487 24
1488 14
1489 10
1490 15
1491 18
1492 17
1493 22
1494 21
1495 19
1496 22
1497 14
1498 23
1499 21
1500 15
1501 27
1502 23
1503 25
1504 22
1505 26
1506 19
1507 27
1508 19
1509 21
1510 22
1511 24
1512 20
1513 21
1514 23
1515 18
1516 19
1517 24
1518 20
1519 18
1520 22
1521 17
1522 11
1523 10
1524 19
1525 23
1526 27
1527 20
1528 16
1529 20
1530 16
1531 18
1532 25
1533 19
1534 18
1535 32
1536 23
1537 20
1538 20
1539 20
1540 23
1541 16
1542 26
1543 23
1544 25
1545 17
1546 25
1547 15
1548 22
1549 18
1550 23
1551 13
1552 24
1553 27
1554 29
1555 26
1556 20
1557 18
1558 18
1559 23
1560 23
1561 23
1562 21
1563 18
1564 26
1565 26
1566 21
1567 14
1568 19
1569 21
1570 18
1571 17
1572 20
1573 21
1574 11
1575 15
1576 22
1577 10
1578 25
1579 26
1580 18
1581 23
1582 18
1583 20
1584 20
1585 28
1586 15
1587 19
1588 22
1589 17
1590 23
1591 15
1592 13
1593 16
1594 18
1595 23
1596 25
1597 24
1598 20
1599 18
1600 12
1601 23
1602 18
1603 24
1604 13
1605 17
1606 21
1607 23
1608 21
1609 19
1610 23
1611 27
1612 20
1613 18
1614 22
1615 20
1616 16
1617 23
1618 18
1619 13
1620 12
1621 32
1622 19
1623 17
1624 24
1625 24
1626 18
1627 17
1628 17
1629 22
1630 22
1631 18
1632 17
1633 16
1634 17
1635 14
1636 20
1637 17
1638 18
1639 24
1640 14
1641 19
1642 24
1643 14
1644 20
1645 16
1646 22
1647 22
1648 28
1649 16
1650 21
1651 17
1652 17
1653 18
1654 25
1655 18
1656 18
1657 23
1658 14
1659 24
1660 27
1661 12
1662 17
1663 22
1664 21
1665 19
1666 20
1667 13
1668 15
1669 18
1670 16
1671 13
1672 23
1673 21
1674 26
1675 17
1676 17
1677 17
1678 17
1679 19
1680 22
1681 22
1682 23
1683 15
1684 19
1685 19
1686 21
1687 14
1688 17
1689 21
1690 12
1691 18
1692 26
1693 25
1694 14
1695 21
1696 19
1697 22
1698 20
1699 14
1700 17
1701 19
1702 19
1703 17
1704 13
1705 15
1706 11
1707 17
1708 21
1709 16
1710 20
1711 14
1712 15
1713 13
1714 19
1715 22
1716 29
1717 18
1718 20
1719 11
1720 19
1721 21
1722 14
1723 27
1724 17
1725 15
1726 13
1727 22
1728 18
1729 17
1730 23
1731 13
1732 15
1733 15
1734 18
1735 19
1736 18
1737 18
1738 15
1739 13
1740 16
1741 20
1742 16
1743 14
1744 13
1745 13
1746 17
1747 24
1748 18
1749 14
1750 12
1751 21
1752 21
1753 19
1754 19
1755 18
1756 11
1757 25
1758 23
1759 23
1760 19
1761 12
1762 14
1763 23
1764 21
1765 19
1766 25
1767 21
1768 16
1769 20
1770 18
1771 20
1772 20
1773 18
1774 18
1775 16
1776 19
1777 13
1778 22
1779 17
1780 21
1781 15
1782 16
1783 14
1784 17
1785 18
1786 20
1787 12
1788 12
1789 16
1790 15
1791 18
1792 16
1793 22
1794 16
1795 16
1796 20
1797 10
1798 14
1799 18
1800 15
1801 17
1802 11
1803 19
1804 16
1805 19
1806 13
1807 18
1808 19
1809 15
1810 15
1811 15
1812 22
1813 13
1814 14
1815 16
1816 14
1817 27
1818 17
1819 20
1820 13
1821 18
1822 14
1823 15
1824 23
1825 12
1826 11
1827 16
1828 15
1829 22
1830 20
1831 12
1832 17
1833 18
1834 20
1835 19
1836 18
1837 14
1838 14
1839 10
1840 17
1841 10
1842 23
1843 20
1844 17
1845 12
1846 19
1847 19
1848 14
1849 17
1850 16
1851 20
1852 23
1853 13
1854 17
1855 19
1856 20
1857 16
1858 13
1859 14
1860 17
1861 12
1862 18
1863 12
1864 20
1865 17
1866 16
1867 13
1868 21
1869 11
1870 15
1871 16
1872 9
1873 15
1874 14
1875 20
1876 26
1877 23
1878 21
1879 25
1880 16
1881 16
1882 15
1883 27
1884 28
1885 20
1886 23
1887 22
1888 20
1889 17
1890 21
1891 20
1892 19
1893 12
1894 13
1895 22
1896 20
1897 12
1898 21
1899 19
1900 23
1901 18
1902 14
1903 25
1904 15
1905 17
1906 22
1907 18
1908 17
1909 19
1910 18
1911 16
1912 25
1913 24
1914 27
1915 29
1916 26
1917 23
1918 35
1919 48
1920 54
1921 57
1922 68
1923 59
1924 64
1925 58
1926 99
1927 86
1928 70
1929 69
1930 86
1931 69
1932 101
1933 85
1934 100
1935 81
1936 97
1937 74
1938 77
1939 66
1940 48
1941 79
1942 79
1943 69
1944 56
1945 38
1946 36
1947 36
1948 45
1949 25
1950 20
1951 20
1952 20
1953 20
1954 21
1955 28
1956 26
1957 23
1958 12
1959 18
1960 10
1961 19
1962 14
1963 11
1964 9
1965 18
1966 17
1967 12
1968 15
1969 16
1970 15
1971 16
1972 11
1973 17
1974 16
1975 13
1976 14
1977 20
1978 22
1979 18
1980 17
1981 14
1982 19
1983 14
1984 15
1985 12
1986 18
1987 15
1988 20
1989 15
1990 14
1991 15
1992 14
1993 17
1994 16
1995 12
1996 17
1997 17
1998 19
1999 16
2000 18
2001 11
2002 12
2003 9
2004 13
2005 15
2006 17
2007 14
2008 17
2009 19
2010 16
2011 16
2012 14
2013 16
2014 17
2015 14
2016 18
2017 17
2018 14
2019 13
2020 15
2021 17
2022 17
2023 17
2024 21
2025 10
2026 20
2027 10
2028 16
2029 16
2030 13
2031 11
2032 14
2033 22
2034 18
2035 17
2036 16
2037 13
2038 14
2039 24
2040 11
2041 16
2042 13
2043 10
2044 9
2045 18
2046 19
2047 16
2048 11
2049 11
2050 13
2051 16
2052 26
2053 12
2054 12
2055 11
2056 13
2057 16
2058 13
2059 8
2060 14
2061 13
2062 18
2063 12
2064 15
2065 12
2066 16
2067 10
2068 22
2069 14
2070 23
2071 11
2072 15
2073 16
2074 23
2075 17
2076 16
2077 8
2078 14
2079 19
2080 19
2081 18
2082 20
2083 11
2084 18
2085 21
2086 16
2087 17
2088 17
2089 16
2090 14
2091 9
2092 18
2093 16
2094 21
2095 14
2096 15
2097 16
2098 17
2099 24
2100 13
2101 18
2102 12
2103 15
2104 12
2105 17
2106 18
2107 15
2108 17
2109 20
2110 12
2111 13
2112 16
2113 12
2114 11
2115 17
2116 21
2117 12
2118 20
2119 14
2120 12
2121 19
2122 12
2123 12
2124 14
2125 14
2126 14
2127 18
2128 18
2129 12
2130 15
2131 23
2132 21
2133 16
2134 13
2135 17
2136 11
2137 11
2138 13
2139 17
2140 14
2141 15
2142 12
2143 19
2144 17
2145 14
2146 14
2147 8
2148 13
2149 15
2150 20
2151 21
2152 16
2153 18
2154 17
2155 11
2156 15
2157 12
2158 17
2159 12
2160 16
2161 16
2162 16
2163 18
2164 15
2165 9
2166 22
2167 17
2168 18
2169 16
2170 34
2171 23
2172 29
2173 21
2174 21
2175 20
2176 31
2177 51
2178 52
2179 59
2180 51
2181 90
2182 83
2183 89
2184 120
2185 135
2186 194
2187 207
2188 257
2189 355
2190 341
2191 332
2192 291
2193 268
2194 311
2195 338
2196 346
2197 406
2198 394
2199 426
2200 423
2201 367
2202 305
2203 268
2204 291
2205 243
2206 231
2207 251
2208 265
2209 210
2210 209
2211 146
2212 92
2213 98
2214 90
2215 88
2216 59
2217 83
2218 46
2219 41
2220 31
2221 24
2222 23
2223 20
2224 19
2225 23
2226 22
2227 22
2228 19
2229 22
2230 20
2231 18
2232 19
2233 13
2234 15
2235 17
2236 18
2237 15
2238 21
2239 21
2240 13
2241 16
2242 15
2243 8
2244 14
2245 12
2246 23
2247 13
2248 12
2249 11
2250 15
2251 17
2252 12
2253 13
2254 15
2255 12
2256 15
2257 13
2258 14
2259 16
2260 19
2261 16
2262 18
2263 23
2264 19
2265 10
2266 13
2267 13
2268 12
2269 8
2270 19
2271 21
2272 16
2273 19
2274 18
2275 17
2276 14
2277 18
2278 21
2279 17
2280 17
2281 9
2282 14
2283 11
2284 16
2285 15
2286 12
2287 8
2288 13
2289 16
2290 14
2291 11
2292 18
2293 11
2294 14
2295 12
2296 19
2297 10
2298 12
2299 17
2300 14
2301 14
2302 13
2303 11
2304 18
2305 15
2306 6
2307 16
2308 15
2309 11
2310 17
2311 22
2312 18
2313 9
2314 17
2315 15
2316 17
2317 10
2318 11
2319 13
2320 6
2321 15
2322 17
2323 15
2324 16
2325 15
2326 15
2327 8
2328 16
2329 13
2330 18
2331 19
2332 14
2333 13
2334 21
2335 8
2336 17
2337 14
2338 24
2339 13
2340 16
2341 16
2342 11
2343 11
2344 22
2345 15
2346 15
2347 12
2348 14
2349 15
2350 8
2351 15
2352 15
2353 13
2354 15
2355 12
2356 21
2357 10
2358 15
2359 17
2360 12
2361 8
2362 17
2363 12
2364 18
2365 18
2366 6
2367 9
2368 17
2369 8
2370 10
2371 12
2372 13
2373 16
2374 8
2375 9
2376 12
2377 20
2378 18
2379 12
2380 15
2381 16
2382 16
2383 15
2384 21
2385 17
2386 17
2387 18
2388 19
2389 23
2390 25
2391 16
2392 29
2393 33
2394 33
2395 35
2396 41
2397 41
2398 46
2399 43
2400 61
2401 66
2402 69
2403 76
2404 108
2405 78
2406 101
2407 77
2408 98
2409 101
2410 100
2411 91
2412 103
2413 82
2414 64
2415 84
2416 48
2417 57
2418 69
2419 70
2420 52
2421 44
2422 47
2423 30
2424 23
2425 32
2426 21
2427 24
2428 19
2429 17
2430 24
2431 23
2432 16
2433 15
2434 16
2435 12
2436 11
2437 8
2438 15
2439 8
2440 17
2441 13
2442 10
2443 10
2444 15
2445 15
2446 12
2447 13
2448 11
2449 15
2450 10
2451 20
2452 14
2453 16
2454 9
2455 15
2456 14
2457 12
2458 8
2459 17
2460 9
2461 8
2462 11
2463 7
2464 7
2465 11
2466 10
2467 9
2468 14
2469 12
2470 10
2471 18
2472 15
2473 11
2474 11
2475 12
2476 14
2477 9
2478 8
2479 10
2480 12
2481 8
2482 6
2483 9
2484 6
2485 9
2486 17
2487 11
2488 9
2489 10
2490 12
2491 16
2492 11
2493 12
2494 13
2495 8
2496 7
2497 10
2498 14
2499 15
2500 10
2501 10
2502 6
2503 8
2504 15
2505 7
2506 13
2507 8
2508 10
2509 12
2510 10
2511 17
2512 12
2513 15
2514 15
2515 12
2516 14
2517 15
2518 9
2519 14
2520 12
2521 12
2522 15
2523 11
2524 10
2525 9
2526 12
2527 13
2528 13
2529 9
2530 9
2531 9
2532 10
2533 11
2534 14
2535 12
2536 6
2537 13
2538 12
2539 10
2540 10
2541 8
2542 18
2543 9
2544 7
2545 18
2546 12
2547 15
2548 15
2549 13
2550 11
2551 9
2552 9
2553 12
2554 16
2555 11
2556 12
2557 11
2558 18
2559 14
