0 32
1 19
2 24
3 22
4 28
5 29
6 22
7 23
8 25
9 29
10 23
11 24
12 16
13 26
14 26
15 17
16 21
17 20
18 30
19 21
20 31
21 31
22 26
23 20
24 30
25 28
26 27
27 25
28 28
29 26
30 19
31 24
32 37
33 25
34 22
35 25
36 37
37 21
38 18
39 25
40 25
41 34
42 30
43 30
44 27
45 31
46 29
47 31
48 35
49 22
50 31
51 31
52 32
53 22
54 21
55 21
56 31
57 24
58 24
59 23
60 24
61 25
62 24
63 24
64 30
65 32
66 23
67 28
68 21
69 19
70 15
71 22
72 32
73 29
74 23
75 22
76 28
77 22
78 17
79 27
80 27
81 22
82 23
83 24
84 18
85 26
86 21
87 39
88 25
89 20
90 31
91 25
92 19
93 23
94 21
95 30
96 22
97 35
98 29
99 24
100 19
101 24
102 31
103 33
104 31
105 27
106 32
107 28
108 29
109 39
110 26
111 37
112 23
113 28
114 26
115 18
116 32
117 21
118 21
119 34
120 21
121 34
122 29
123 38
124 28
125 26
126 26
127 24
128 20
129 22
130 31
131 23
132 31
133 22
134 24
135 22
136 21
137 26
138 20
139 35
140 24
141 27
142 31
143 31
144 28
145 28
146 29
147 23
148 25
149 28
150 32
151 49
152 36
153 21
154 23
155 22
156 32
157 27
158 22
159 29
160 27
161 21
162 26
163 27
164 35
165 25
166 27
167 26
168 37
169 29
170 25
171 18
172 33
173 27
174 23
175 29
176 25
177 26
178 32
179 24
180 29
181 18
182 29
183 35
184 34
185 23
186 31
187 30
188 27
189 33
190 44
191 29
192 22
193 30
194 21
195 32
196 30
197 31
198 32
199 26
200 29
201 26
202 30
203 28
204 21
205 22
206 30
207 41
208 44
209 27
210 25
211 28
212 30
213 32
214 28
215 28
216 35
217 33
218 32
219 37
220 30
221 25
222 25
223 27
224 23
225 34
226 28
227 43
228 41
229 36
230 28
231 27
232 34
233 32
234 23
235 27
236 31
237 21
238 24
239 29
240 37
241 30
242 32
243 34
244 29
245 28
246 25
247 25
248 24
249 28
250 26
251 29
252 25
253 28
254 31
255 34
256 29
257 33
258 30
259 33
260 29
261 28
262 29
263 26
264 26
265 38
266 29
267 33
268 25
269 32
270 30
271 30
272 32
273 37
274 30
275 17
276 27
277 24
278 23
279 28
280 29
281 20
282 22
283 29
284 23
285 32
286 19
287 45
288 31
289 25
290 34
291 31
292 29
293 32
294 31
295 36
296 33
297 32
298 31
299 48
300 27
301 36
302 34
303 33
304 29
305 22
306 24
307 28
308 48
309 30
310 34
311 32
312 31
313 26
314 34
315 21
316 38
317 29
318 39
319 37
320 26
321 26
322 34
323 31
324 42
325 31
326 27
327 32
328 28
329 32
330 28
331 30
332 22
333 30
334 29
335 23
336 30
337 35
338 37
339 36
340 26
341 32
342 32
343 41
344 31
345 31
346 25
347 32
348 30
349 42
350 36
351 35
352 32
353 21
354 34
355 32
356 32
357 28
358 27
359 38
360 24
361 33
362 29
363 30
364 42
365 27
366 37
367 32
368 25
369 29
370 32
371 30
372 26
373 27
374 19
375 36
376 32
377 24
378 19
379 26
380 33
381 33
382 32
383 26
384 27
385 36
386 40
387 38
388 30
389 43
390 44
391 33
392 32
393 33
394 35
395 31
396 34
397 36
398 30
399 15
400 38
401 40
402 37
403 30
404 30
405 32
406 33
407 31
408 38
409 31
410 36
411 29
412 30
413 24
414 28
415 35
416 35
417 31
418 33
419 36
420 26
421 45
422 30
423 30
424 42
425 37
426 30
427 27
428 32
429 41
430 23
431 35
432 22
433 26
434 30
435 33
436 25
437 34
438 32
439 26
440 22
441 32
442 29
443 42
444 28
445 29
446 36
447 29
448 40
449 38
450 23
451 31
452 19
453 23
454 29
455 32
456 26
457 31
458 35
459 31
460 36
461 32
462 33
463 21
464 19
465 41
466 35
467 27
468 47
469 36
470 29
471 29
472 32
473 30
474 27
475 32
476 34
477 33
478 36
479 31
480 30
481 39
482 33
483 28
484 38
485 21
486 32
487 37
488 32
489 33
490 34
491 38
492 42
493 41
494 40
495 42
496 29
497 24
498 28
499 26
500 43
501 45
502 29
503 46
504 37
505 33
506 26
507 26
508 30
509 37
510 28
511 38
512 34
513 45
514 43
515 32
516 42
517 40
518 38
519 32
520 35
521 36
522 41
523 32
524 31
525 34
526 41
527 36
528 40
529 30
530 30
531 33
532 32
533 36
534 41
535 27
536 30
537 32
538 42
539 29
540 38
541 50
542 27
543 34
544 29
545 40
546 42
547 34
548 40
549 39
550 33
551 35
552 29
553 31
554 27
555 25
556 32
557 30
558 32
559 42
560 28
561 29
562 47
563 34
564 33
565 30
566 32
567 22
568 36
569 38
570 40
571 31
572 39
573 41
574 36
575 32
576 32
577 33
578 32
579 44
580 39
581 36
582 27
583 33
584 37
585 34
586 32
587 38
588 41
589 33
590 33
591 40
592 36
593 39
594 39
595 41
596 34
597 42
598 36
599 47
600 29
601 35
602 26
603 36
604 28
605 36
606 28
607 30
608 32
609 42
610 52
611 32
612 36
613 46
614 37
615 45
616 47
617 49
618 55
619 49
620 48
621 45
622 50
623 81
624 89
625 95
626 91
627 120
628 98
629 102
630 96
631 88
632 94
633 97
634 89
635 84
636 120
637 108
638 96
639 109
640 91
641 66
642 79
643 54
644 52
645 51
646 46
647 33
648 31
649 33
650 34
651 28
652 35
653 28
654 44
655 38
656 38
657 33
658 30
659 31
660 45
661 36
662 30
663 39
664 42
665 39
666 34
667 29
668 36
669 38
670 30
671 31
672 36
673 34
674 37
675 34
676 33
677 36
678 45
679 28
680 37
681 43
682 34
683 38
684 41
685 29
686 31
687 34
688 37
689 32
690 37
691 48
692 29
693 41
694 30
695 39
696 23
697 29
698 18
699 32
700 42
701 39
702 28
703 32
704 29
705 29
706 30
707 46
708 41
709 29
710 55
711 42
712 31
713 27
714 45
715 33
716 39
717 32
718 26
719 28
720 29
721 49
722 40
723 36
724 24
725 35
726 37
727 45
728 40
729 31
730 35
731 37
732 38
733 30
734 31
735 23
736 28
737 29
738 25
739 31
740 33
741 31
742 30
743 42
744 32
745 42
746 31
747 34
748 30
749 28
750 28
751 33
752 43
753 21
754 26
755 37
756 41
757 34
758 41
759 33
760 33
761 28
762 32
763 31
764 35
765 30
766 32
767 39
768 42
769 30
770 26
771 40
772 38
773 26
774 44
775 31
776 43
777 40
778 36
779 38
780 32
781 36
782 21
783 26
784 22
785 42
786 25
787 47
788 37
789 17
790 33
791 39
792 36
793 34
794 34
795 33
796 32
797 43
798 37
799 35
800 34
801 31
802 41
803 28
804 25
805 30
806 24
807 33
808 38
809 33
810 45
811 32
812 30
813 38
814 29
815 34
816 30
817 34
818 24
819 40
820 24
821 33
822 21
823 34
824 29
825 36
826 35
827 30
828 34
829 27
830 28
831 35
832 36
833 36
834 32
835 28
836 24
837 31
838 29
839 40
840 38
841 36
842 24
843 31
844 34
845 35
846 27
847 39
848 31
849 39
850 26
851 29
852 28
853 28
854 38
855 25
856 38
857 34
858 27
859 32
860 40
861 13
862 18
863 22
864 33
865 28
866 39
867 35
868 42
869 21
870 32
871 40
872 39
873 27
874 31
875 39
876 49
877 23
878 25
879 33
880 26
881 35
882 33
883 36
884 31
885 27
886 32
887 26
888 20
889 29
890 26
891 30
892 39
893 37
894 31
895 42
896 34
897 26
898 24
899 35
900 36
901 46
902 34
903 34
904 30
905 23
906 44
907 40
908 36
909 26
910 26
911 27
912 20
913 28
914 24
915 43
916 30
917 30
918 35
919 20
920 34
921 31
922 31
923 37
924 25
925 26
926 41
927 29
928 42
929 35
930 27
931 32
932 35
933 27
934 32
935 36
936 30
937 33
938 31
939 43
940 37
941 29
942 34
943 30
944 37
945 27
946 23
947 28
948 34
949 44
950 34
951 31
952 16
953 30
954 30
955 26
956 29
957 43
958 33
959 39
960 40
961 37
962 38
963 27
964 27
965 32
966 26
967 26
968 30
969 32
970 30
971 26
972 38
973 42
974 36
975 29
976 29
977 36
978 34
979 33
980 40
981 26
982 32
983 33
984 29
985 35
986 29
987 41
988 32
989 36
990 40
991 38
992 33
993 38
994 31
995 27
996 27
997 23
998 33
999 25
1000 38
1001 28
1002 29
1003 23
1004 32
1005 37
1006 30
1007 41
1008 28
1009 33
1010 34
1011 29
1012 37
1013 41
1014 31
1015 37
1016 25
1017 31
1018 32
1019 34
1020 34
1021 30
1022 25
1023 31
1024 33
1025 34
1026 37
1027 17
1028 31
1029 29
1030 31
1031 34
1032 29
1033 19
1034 24
1035 20
1036 27
1037 23
1038 35
1039 31
1040 31
1041 35
1042 23
1043 30
1044 29
1045 39
1046 26
1047 37
1048 35
1049 39
1050 29
1051 36
1052 31
1053 31
1054 20
1055 30
1056 32
1057 24
1058 27
1059 27
1060 30
1061 30
1062 25
1063 29
1064 33
1065 31
1066 31
1067 36
1068 26
1069 40
1070 34
1071 39
1072 26
1073 26
1074 34
1075 26
1076 27
1077 24
1078 33
1079 31
1080 29
1081 35
1082 26
1083 32
1084 26
1085 27
1086 29
1087 32
1088 36
1089 27
1090 22
1091 28
1092 27
1093 36
1094 29
1095 31
1096 27
1097 25
1098 22
1099 28
1100 25
1101 21
1102 28
1103 34
1104 29
1105 26
1106 34
1107 30
1108 26
1109 42
1110 31
1111 33
1112 37
1113 28
1114 31
1115 27
1116 26
1117 34
1118 20
1119 34
1120 24
1121 34
1122 22
1123 35
1124 43
1125 33
1126 38
1127 40
1128 34
1129 21
1130 31
1131 30
1132 41
1133 23
1134 30
1135 26
1136 30
1137 29
1138 32
1139 32
1140 32
1141 27
1142 31
1143 33
1144 34
1145 43
1146 35
1147 36
1148 28
1149 32
1150 26
1151 40
1152 41
1153 41
1154 32
1155 22
1156 38
1157 45
1158 37
1159 45
1160 62
1161 90
1162 97
1163 96
1164 93
1165 113
1166 105
1167 152
1168 167
1169 213
1170 229
1171 282
1172 350
1173 348
1174 363
1175 404
1176 372
1177 397
1178 386
1179 506
1180 549
1181 490
1182 460
1183 440
1184 364
1185 249
1186 217
1187 141
1188 88
1189 78
1190 89
1191 51
1192 42
1193 43
1194 34
1195 32
1196 36
1197 34
1198 40
1199 34
1200 37
1201 32
1202 23
1203 29
1204 30
1205 31
1206 30
1207 34
1208 20
1209 31
1210 35
1211 38
1212 29
1213 33
1214 33
1215 39
1216 43
1217 25
1218 27
1219 28
1220 38
1221 32
1222 27
1223 32
1224 31
1225 24
1226 30
1227 35
1228 33
1229 22
1230 26
1231 32
1232 23
1233 27
1234 25
1235 37
1236 31
1237 34
1238 26
1239 36
1240 33
1241 29
1242 20
1243 29
1244 32
1245 36
1246 29
1247 34
1248 30
1249 37
1250 22
1251 39
1252 26
1253 29
1254 39
1255 23
1256 33
1257 28
1258 27
1259 25
1260 32
1261 31
1262 26
1263 25
1264 27
1265 34
1266 27
1267 12
1268 23
1269 14
1270 23
1271 21
1272 23
1273 17
1274 24
1275 18
1276 21
1277 12
1278 15
1279 6
1280 28
1281 33
1282 27
1283 28
1284 19
1285 24
1286 18
1287 25
1288 23
1289 28
1290 25
1291 23
1292 21
1293 17
1294 29
1295 28
1296 25
1297 18
1298 20
1299 21
1300 29
1301 25
1302 27
1303 12
1304 29
1305 24
1306 26
1307 22
1308 22
1309 20
1310 18
1311 16
1312 28
1313 25
1314 23
1315 27
1316 18
1317 20
1318 14
1319 12
1320 23
1321 23
1322 26
1323 24
1324 24
1325 24
1326 17
1327 23
1328 18
1329 13
1330 29
1331 24
1332 33
1333 17
1334 24
1335 14
1336 18
1337 11
1338 32
1339 29
1340 16
1341 21
1342 30
1343 19
1344 23
1345 22
1346 22
1347 23
1348 21
1349 15
1350 22
1351 30
1352 25
1353 31
1354 15
1355 24
1356 19
1357 22
1358 26
1359 20
1360 14
1361 18
1362 25
1363 21
1364 23
1365 28
1366 25
1367 29
1368 23
1369 21
1370 24
1371 24
1372 19
1373 21
1374 26
1375 23
1376 23
1377 23
1378 17
1379 22
1380 29
1381 21
1382 24
1383 31
1384 23
1385 22
1386 29
1387 20
1388 24
1389 21
1390 34
1391 42
1392 34
1393 33
1394 35
1395 31
1396 41
1397 38
1398 28
1399 43
1400 38
1401 31
1402 26
1403 28
1404 36
1405 35
1406 36
1407 27
1408 31
1409 28
1410 39
1411 30
1412 20
1413 14
1414 15
1415 28
1416 16
1417 21
1418 23
1419 21
1420 22
1421 26
1422 26
1423 21
1424 29
1425 18
1426 19
1427 23
1428 21
1429 23
1430 16
1431 20
1432 17
1433 19
1434 26
1435 20
1436 18
1437 20
1438 20
1439 22
1440 25
1441 25
1442 18
1443 17
1444 20
1445 15
1446 20
1447 21
1448 31
1449 34
1450 24
1451 16
1452 30
1453 24
1454 17
1455 24
1456 24
1457 21
1458 31
1459 21
1460 20
1461 21
1462 23
1463 22
1464 21
1465 29
1466 22
1467 28
1468 28
1469 32
1470 30
1471 33
1472 36
1473 41
1474 43
1475 57
1476 50
1477 59
1478 103
1479 132
1480 173
1481 172
1482 145
1483 170
1484 229
1485 250
1486 278
1487 253
1488 261
1489 253
1490 237
1491 195
1492 166
1493 135
1494 146
1495 199
1496 188
1497 76
1498 59
1499 54
1500 36
1501 33
1502 25
1503 26
1504 19
1505 18
1506 28
1507 21
1508 24
1509 27
1510 27
1511 16
1512 22
1513 25
1514 19
1515 17
1516 11
1517 31
1518 26
1519 18
1520 22
1521 17
1522 25
1523 20
1524 21
1525 20
1526 12
1527 20
1528 20
1529 14
1530 22
1531 17
1532 15
1533 14
1534 16
1535 20
1536 21
1537 22
1538 26
1539 24
1540 15
1541 21
1542 23
1543 20
1544 21
1545 23
1546 19
1547 21
1548 19
1549 15
1550 23
1551 16
1552 9
1553 21
1554 24
1555 16
1556 19
1557 14
1558 20
1559 19
1560 18
1561 26
1562 19
1563 16
1564 22
1565 21
1566 14
1567 21
1568 25
1569 16
1570 13
1571 15
1572 17
1573 18
1574 19
1575 12
1576 21
1577 22
1578 18
1579 19
1580 15
1581 22
1582 14
1583 19
1584 18
1585 19
1586 24
1587 18
1588 13
1589 11
1590 16
1591 19
1592 22
1593 12
1594 16
1595 19
1596 12
1597 18
1598 15
1599 21
1600 14
1601 16
1602 21
1603 20
1604 17
1605 20
1606 13
1607 18
1608 17
1609 27
1610 26
1611 17
1612 17
1613 18
1614 16
1615 12
1616 15
1617 22
1618 13
1619 18
1620 17
1621 10
1622 19
1623 23
1624 16
1625 19
1626 21
1627 20
1628 15
1629 19
1630 24
1631 20
1632 13
1633 22
1634 21
1635 19
1636 17
1637 17
1638 19
1639 21
1640 21
1641 19
1642 15
1643 18
1644 24
1645 25
1646 15
1647 20
1648 16
1649 21
1650 14
1651 21
1652 17
1653 9
1654 16
1655 21
1656 18
1657 15
1658 21
1659 13
1660 20
1661 20
1662 19
1663 18
1664 20
1665 12
1666 9
1667 13
1668 17
1669 15
1670 18
1671 19
1672 23
1673 19
1674 22
1675 21
1676 15
1677 20
1678 18
1679 20
1680 18
1681 19
1682 18
1683 16
1684 18
1685 17
1686 25
1687 24
1688 19
1689 29
1690 26
1691 13
1692 16
1693 11
1694 14
1695 17
1696 18
1697 15
1698 22
1699 17
1700 19
1701 20
1702 20
1703 20
1704 13
1705 17
1706 18
1707 22
1708 18
1709 17
1710 11
1711 14
1712 20
1713 21
1714 20
1715 23
1716 26
1717 18
1718 15
1719 19
1720 17
1721 21
1722 17
1723 18
1724 19
1725 12
1726 19
1727 21
1728 17
1729 15
1730 14
1731 16
1732 15
1733 16
1734 20
1735 24
1736 23
1737 13
1738 17
1739 21
1740 28
1741 18
1742 17
1743 21
1744 24
1745 20
1746 18
1747 17
1748 16
1749 16
1750 15
1751 23
1752 20
1753 8
1754 19
1755 18
1756 15
1757 20
1758 18
1759 15
1760 17
1761 21
1762 19
1763 20
1764 21
1765 21
1766 18
1767 21
1768 19
1769 13
1770 14
1771 20
1772 15
1773 12
1774 14
1775 22
1776 18
1777 19
1778 17
1779 18
1780 23
1781 14
1782 20
1783 21
1784 18
1785 16
1786 14
1787 23
1788 13
1789 17
1790 23
1791 13
1792 20
1793 18
1794 23
1795 19
1796 9
1797 15
1798 24
1799 14
1800 19
1801 16
1802 14
1803 17
1804 22
1805 19
1806 16
1807 20
1808 18
1809 16
1810 24
1811 21
1812 11
1813 15
1814 24
1815 18
1816 17
1817 10
1818 23
1819 13
1820 11
1821 17
1822 12
1823 21
1824 16
1825 13
1826 6
1827 9
1828 18
1829 15
1830 13
1831 15
1832 17
1833 12
1834 14
1835 10
1836 15
1837 7
1838 19
1839 18
1840 22
1841 23
1842 13
1843 14
1844 19
1845 19
1846 15
1847 17
1848 19
1849 13
1850 12
1851 14
1852 18
1853 17
1854 13
1855 13
1856 16
1857 18
1858 18
1859 14
1860 12
1861 16
1862 11
1863 15
1864 22
1865 23
1866 12
1867 6
1868 9
1869 15
1870 22
1871 16
1872 17
1873 14
1874 18
1875 12
1876 14
1877 21
1878 22
1879 26
1880 17
1881 15
1882 20
1883 16
1884 16
1885 17
1886 9
1887 15
1888 18
1889 16
1890 15
1891 19
1892 20
1893 11
1894 13
1895 17
1896 16
1897 22
1898 17
1899 13
1900 16
1901 11
1902 10
1903 21
1904 24
1905 18
1906 17
1907 16
1908 22
1909 17
1910 24
1911 11
1912 19
1913 23
1914 28
1915 17
1916 14
1917 20
1918 23
1919 26
1920 17
1921 17
1922 18
1923 14
1924 26
1925 20
1926 22
1927 12
1928 16
1929 20
1930 25
1931 21
1932 19
1933 12
1934 20
1935 17
1936 18
1937 20
1938 11
1939 20
1940 13
1941 16
1942 13
1943 19
1944 14
1945 13
1946 17
1947 26
1948 21
1949 27
1950 21
1951 23
1952 24
1953 25
1954 28
1955 21
1956 24
1957 26
1958 39
1959 24
1960 34
1961 47
1962 86
1963 88
1964 55
1965 80
1966 136
1967 199
1968 232
1969 223
1970 187
1971 180
1972 153
1973 165
1974 113
1975 95
1976 88
1977 88
1978 79
1979 65
1980 55
1981 79
1982 56
1983 38
1984 40
1985 48
1986 29
1987 32
1988 32
1989 29
1990 15
1991 21
1992 22
1993 19
1994 21
1995 23
1996 17
1997 19
1998 21
1999 18
2000 19
2001 16
2002 11
2003 15
2004 13
2005 16
2006 22
2007 17
2008 12
2009 16
2010 21
2011 14
2012 23
2013 18
2014 21
2015 16
2016 14
2017 7
2018 9
2019 10
2020 12
2021 9
2022 12
2023 15
2024 21
2025 14
2026 18
2027 14
2028 20
2029 12
2030 16
2031 20
2032 9
2033 16
2034 11
2035 14
2036 17
2037 18
2038 16
2039 19
2040 13
2041 18
2042 17
2043 16
2044 14
2045 20
2046 9
2047 17
2048 11
2049 16
2050 13
2051 10
2052 17
2053 25
2054 20
2055 19
2056 19
2057 21
2058 14
2059 14
2060 13
2061 18
2062 23
2063 19
2064 16
2065 18
2066 7
2067 15
2068 14
2069 14
2070 21
2071 8
2072 11
2073 15
2074 8
2075 15
2076 13
2077 16
2078 15
2079 14
2080 12
2081 9
2082 14
2083 9
2084 14
2085 9
2086 9
2087 16
2088 11
2089 12
2090 14
2091 14
2092 20
2093 15
2094 24
2095 10
2096 22
2097 15
2098 7
2099 10
2100 12
2101 16
2102 8
2103 15
2104 12
2105 11
2106 14
2107 17
2108 17
2109 17
2110 13
2111 18
2112 10
2113 9
2114 13
2115 10
2116 13
2117 16
2118 19
2119 11
2120 15
2121 14
2122 22
2123 16
2124 21
2125 14
2126 17
2127 15
2128 17
2129 17
2130 14
2131 16
2132 19
2133 13
2134 18
2135 18
2136 14
2137 7
2138 16
2139 12
2140 12
2141 20
2142 11
2143 10
2144 16
2145 18
2146 18
2147 9
2148 11
2149 10
2150 17
2151 20
2152 20
2153 15
2154 20
2155 8
2156 10
2157 15
2158 7
2159 12
2160 26
2161 8
2162 13
2163 17
2164 10
2165 24
2166 11
2167 13
2168 15
2169 18
2170 13
2171 13
2172 9
2173 21
2174 16
2175 13
2176 17
2177 9
2178 17
2179 15
2180 23
2181 20
2182 9
2183 14
2184 14
2185 9
2186 15
2187 18
2188 18
2189 23
2190 17
2191 23
2192 9
2193 18
2194 17
2195 15
2196 13
2197 17
2198 20
2199 14
2200 14
2201 12
2202 13
2203 12
2204 17
2205 17
2206 12
2207 9
2208 15
2209 22
2210 20
2211 21
2212 18
2213 20
2214 20
2215 15
2216 16
2217 30
2218 26
2219 36
2220 55
2221 45
2222 64
2223 47
2224 54
2225 53
2226 83
2227 99
2228 111
2229 152
2230 182
2231 179
2232 195
2233 228
2234 233
2235 315
2236 278
2237 343
2238 400
2239 407
2240 387
2241 438
2242 453
2243 485
2244 527
2245 485
2246 387
2247 398
2248 418
2249 328
2250 269
2251 210
2252 229
2253 162
2254 114
2255 120
2256 118
2257 101
2258 83
2259 54
2260 52
2261 39
2262 44
2263 25
2264 23
2265 29
2266 20
2267 28
2268 12
2269 19
2270 17
2271 16
2272 15
2273 15
2274 15
2275 14
2276 10
2277 13
2278 12
2279 17
2280 12
2281 14
2282 9
2283 14
2284 10
2285 8
2286 14
2287 8
2288 17
2289 12
2290 15
2291 15
2292 10
2293 18
2294 13
2295 20
2296 21
2297 10
2298 10
2299 13
2300 9
2301 15
2302 12
2303 6
2304 18
2305 14
2306 19
2307 14
2308 13
2309 13
2310 17
2311 17
2312 25
2313 9
2314 17
2315 8
2316 17
2317 13
2318 16
2319 18
2320 11
2321 9
2322 11
2323 19
2324 14
2325 14
2326 10
2327 19
2328 12
2329 15
2330 14
2331 16
2332 8
2333 10
2334 10
2335 13
2336 11
2337 22
2338 14
2339 10
2340 9
2341 14
2342 11
2343 12
2344 18
2345 12
2346 12
2347 10
2348 11
2349 11
2350 11
2351 14
2352 8
2353 10
2354 13
2355 13
2356 15
2357 9
2358 7
2359 17
2360 13
2361 17
2362 10
2363 8
2364 17
2365 21
2366 24
2367 20
2368 21
2369 15
2370 13
2371 9
2372 21
2373 11
2374 10
2375 11
2376 11
2377 13
2378 14
2379 14
2380 21
2381 13
2382 19
2383 15
2384 12
2385 16
2386 8
2387 15
2388 18
2389 12
2390 17
2391 7
2392 11
2393 9
2394 14
2395 11
2396 11
2397 14
2398 8
2399 14
2400 14
2401 10
2402 13
2403 11
2404 15
2405 12
2406 12
2407 17
2408 8
2409 9
2410 14
2411 13
2412 9
2413 21
2414 18
2415 18
2416 11
2417 16
2418 15
2419 11
2420 15
2421 12
2422 17
2423 19
2424 21
2425 15
2426 17
2427 15
2428 15
2429 20
2430 14
2431 23
2432 21
2433 27
2434 21
2435 19
2436 28
2437 25
2438 31
2439 35
2440 29
2441 49
2442 48
2443 37
2444 65
2445 46
2446 65
2447 71
2448 59
2449 51
2450 61
2451 55
2452 72
2453 83
2454 66
2455 67
2456 69
2457 60
2458 65
2459 73
2460 56
2461 55
2462 66
2463 49
2464 36
2465 39
2466 54
2467 31
2468 27
2469 23
2470 26
2471 24
2472 17
2473 20
2474 14
2475 18
2476 12
2477 14
2478 13
2479 13
2480 14
2481 12
2482 9
2483 14
2484 13
2485 12
2486 12
2487 12
2488 12
2489 13
2490 9
2491 15
2492 9
2493 13
2494 12
2495 12
2496 11
2497 12
2498 8
2499 10
2500 14
2501 16
2502 20
2503 19
2504 17
2505 18
2506 8
2507 12
2508 10
2509 15
2510 13
2511 11
2512 7
2513 15
2514 15
2515 12
2516 13
2517 8
2518 11
2519 16
2520 11
2521 12
2522 10
2523 14
2524 15
2525 13
2526 17
2527 9
2528 9
2529 11
2530 13
2531 13
2532 14
2533 13
2534 13
2535 10
2536 11
2537 20
2538 10
2539 14
2540 8
2541 15
2542 12
2543 10
2544 13
2545 11
2546 7
2547 9
2548 5
2549 11
2550 9
2551 14
2552 11
2553 13
2554 5
2555 15
2556 10
2557 13
2558 14
2559 9
