0 36
1 35
2 25
3 26
4 29
5 25
6 36
7 39
8 21
9 37
10 37
11 22
12 32
13 21
14 20
15 43
16 35
17 34
18 43
19 25
20 30
21 38
22 38
23 26
24 36
25 26
26 39
27 36
28 36
29 22
30 24
31 33
32 45
33 33
34 37
35 35
36 28
37 36
38 24
39 41
40 32
41 37
42 48
43 40
44 32
45 25
46 36
47 35
48 35
49 29
50 31
51 28
52 35
53 32
54 34
55 30
56 29
57 37
58 37
59 21
60 26
61 30
62 28
63 41
64 39
65 45
66 31
67 30
68 38
69 31
70 27
71 39
72 22
73 34
74 27
75 39
76 26
77 33
78 29
79 41
80 48
81 28
82 36
83 29
84 31
85 22
86 30
87 24
88 35
89 36
90 32
91 27
92 23
93 29
94 22
95 38
96 34
97 41
98 36
99 32
100 30
101 44
102 27
103 39
104 29
105 24
106 42
107 33
108 33
109 30
110 25
111 36
112 28
113 40
114 40
115 37
116 44
117 23
118 30
119 33
120 27
121 40
122 44
123 38
124 44
125 34
126 30
127 31
128 38
129 33
130 35
131 34
132 36
133 29
134 34
135 44
136 33
137 47
138 33
139 45
140 42
141 43
142 23
143 31
144 32
145 23
146 29
147 36
148 39
149 26
150 42
151 24
152 25
153 35
154 33
155 31
156 42
157 29
158 29
159 30
160 28
161 29
162 33
163 25
164 27
165 36
166 32
167 25
168 29
169 30
170 31
171 45
172 41
173 32
174 34
175 36
176 29
177 30
178 38
179 38
180 41
181 35
182 31
183 39
184 27
185 31
186 35
187 39
188 43
189 43
190 26
191 28
192 34
193 35
194 33
195 47
196 41
197 35
198 29
199 35
200 22
201 36
202 43
203 40
204 29
205 27
206 37
207 32
208 27
209 36
210 30
211 35
212 38
213 41
214 33
215 39
216 35
217 36
218 37
219 42
220 37
221 34
222 41
223 31
224 46
225 35
226 30
227 37
228 31
229 30
230 33
231 31
232 49
233 28
234 28
235 34
236 29
237 35
238 40
239 33
240 37
241 42
242 34
243 27
244 31
245 33
246 26
247 43
248 29
249 35
250 42
251 45
252 33
253 36
254 38
255 35
256 27
257 31
258 33
259 41
260 33
261 30
262 35
263 34
264 39
265 39
266 39
267 24
268 40
269 41
270 40
271 42
272 42
273 38
274 46
275 43
276 43
277 48
278 35
279 50
280 29
281 41
282 37
283 26
284 41
285 38
286 36
287 38
288 30
289 35
290 35
291 31
292 31
293 31
294 37
295 45
296 38
297 37
298 40
299 35
300 33
301 33
302 25
303 27
304 33
305 30
306 28
307 47
308 49
309 42
310 40
311 35
312 36
313 44
314 40
315 40
316 34
317 31
318 51
319 36
320 41
321 38
322 40
323 41
324 30
325 32
326 33
327 50
328 35
329 38
330 35
331 47
332 45
333 36
334 45
335 41
336 40
337 41
338 59
339 31
340 34
341 44
342 40
343 34
344 40
345 35
346 25
347 37
348 45
349 38
350 35
351 42
352 36
353 38
354 31
355 37
356 38
357 35
358 27
359 44
360 38
361 45
362 48
363 31
364 31
365 28
366 41
367 38
368 32
369 39
370 28
371 41
372 33
373 40
374 38
375 28
376 42
377 29
378 37
379 41
380 50
381 38
382 40
383 34
384 39
385 24
386 35
387 41
388 34
389 30
390 39
391 49
392 41
393 53
394 26
395 36
396 35
397 46
398 42
399 35
400 36
401 43
402 45
403 37
404 43
405 52
406 25
407 38
408 31
409 45
410 38
411 34
412 38
413 49
414 33
415 36
416 46
417 38
418 26
419 47
420 38
421 33
422 45
423 39
424 44
425 46
426 45
427 45
428 40
429 44
430 32
431 39
432 39
433 40
434 48
435 24
436 32
437 29
438 32
439 41
440 30
441 31
442 43
443 40
444 54
445 46
446 36
447 34
448 36
449 41
450 38
451 44
452 39
453 27
454 32
455 33
456 42
457 44
458 43
459 39
460 41
461 30
462 43
463 35
464 46
465 44
466 29
467 48
468 37
469 35
470 50
471 48
472 31
473 42
474 38
475 31
476 30
477 31
478 33
479 42
480 35
481 44
482 42
483 35
484 46
485 44
486 34
487 35
488 30
489 46
490 47
491 48
492 40
493 30
494 40
495 31
496 35
497 52
498 37
499 48
500 26
501 31
502 28
503 35
504 31
505 41
506 40
507 24
508 44
509 47
510 39
511 47
512 45
513 59
514 41
515 54
516 52
517 45
518 57
519 53
520 62
521 54
522 59
523 71
524 60
525 62
526 57
527 76
528 57
529 68
530 62
531 92
532 90
533 87
534 80
535 79
536 82
537 86
538 100
539 94
540 97
541 91
542 97
543 108
544 127
545 170
546 157
547 91
548 115
549 78
550 87
551 61
552 46
553 43
554 58
555 44
556 47
557 49
558 46
559 38
560 35
561 36
562 36
563 45
564 39
565 34
566 42
567 41
568 37
569 41
570 42
571 45
572 44
573 31
574 44
575 36
576 35
577 44
578 41
579 29
580 45
581 49
582 36
583 50
584 43
585 41
586 45
587 37
588 36
589 45
590 42
591 35
592 37
593 40
594 39
595 41
596 44
597 32
598 42
599 28
600 29
601 44
602 30
603 37
604 35
605 40
606 49
607 44
608 39
609 28
610 33
611 36
612 54
613 30
614 35
615 36
616 41
617 33
618 41
619 35
620 40
621 27
622 50
623 33
624 40
625 36
626 42
627 49
628 40
629 34
630 28
631 45
632 39
633 33
634 40
635 44
636 47
637 46
638 40
639 34
640 40
641 41
642 44
643 39
644 30
645 42
646 34
647 39
648 40
649 43
650 39
651 42
652 42
653 51
654 32
655 37
656 43
657 37
658 48
659 41
660 40
661 25
662 43
663 32
664 47
665 35
666 37
667 36
668 37
669 41
670 46
671 45
672 49
673 30
674 30
675 50
676 46
677 42
678 49
679 39
680 37
681 38
682 35
683 30
684 39
685 24
686 35
687 47
688 45
689 42
690 37
691 40
692 29
693 42
694 41
695 45
696 25
697 26
698 34
699 43
700 38
701 30
702 32
703 45
704 46
705 30
706 28
707 36
708 32
709 30
710 46
711 49
712 42
713 33
714 47
715 39
716 38
717 39
718 32
719 30
720 34
721 40
722 42
723 43
724 32
725 45
726 42
727 51
728 36
729 41
730 30
731 50
732 34
733 49
734 36
735 42
736 46
737 48
738 39
739 36
740 46
741 33
742 28
743 27
744 39
745 38
746 39
747 47
748 38
749 45
750 39
751 35
752 35
753 30
754 42
755 43
756 42
757 51
758 35
759 36
760 40
761 34
762 38
763 27
764 43
765 32
766 37
767 42
768 35
769 39
770 35
771 39
772 32
773 39
774 28
775 35
776 42
777 39
778 37
779 52
780 46
781 29
782 29
783 46
784 32
785 37
786 29
787 35
788 40
789 31
790 33
791 54
792 37
793 37
794 28
795 55
796 31
797 38
798 33
799 33
800 43
801 39
802 26
803 31
804 44
805 37
806 38
807 41
808 33
809 34
810 40
811 39
812 33
813 47
814 48
815 36
816 30
817 28
818 49
819 37
820 49
821 38
822 51
823 33
824 34
825 39
826 33
827 47
828 31
829 38
830 45
831 33
832 43
833 48
834 34
835 43
836 33
837 38
838 41
839 42
840 31
841 29
842 33
843 35
844 45
845 25
846 47
847 42
848 33
849 31
850 44
851 32
852 29
853 48
854 49
855 31
856 33
857 32
858 38
859 42
860 29
861 43
862 45
863 43
864 39
865 40
866 32
867 27
868 25
869 40
870 44
871 48
872 40
873 32
874 36
875 37
876 53
877 33
878 42
879 49
880 41
881 43
882 34
883 43
884 31
885 34
886 33
887 35
888 35
889 25
890 41
891 47
892 62
893 35
894 36
895 40
896 36
897 47
898 39
899 35
900 41
901 30
902 37
903 28
904 33
905 28
906 40
907 33
908 36
909 29
910 40
911 42
912 44
913 28
914 33
915 24
916 29
917 30
918 36
919 42
920 33
921 27
922 42
923 33
924 37
925 29
926 30
927 35
928 28
929 49
930 40
931 30
932 35
933 44
934 34
935 23
936 25
937 37
938 32
939 31
940 40
941 44
942 39
943 31
944 26
945 32
946 34
947 32
948 32
949 40
950 41
951 35
952 30
953 30
954 30
955 36
956 37
957 18
958 31
959 38
960 37
961 36
962 35
963 23
964 34
965 26
966 29
967 40
968 39
969 34
970 33
971 33
972 22
973 32
974 34
975 41
976 34
977 30
978 34
979 33
980 33
981 34
982 38
983 36
984 36
985 45
986 33
987 40
988 37
989 42
990 40
991 41
992 37
993 29
994 28
995 43
996 45
997 29
998 41
999 42
1000 37
1001 30
1002 31
1003 40
1004 31
1005 40
1006 37
1007 46
1008 42
1009 29
1010 31
1011 30
1012 33
1013 33
1014 44
1015 28
1016 41
1017 38
1018 44
1019 32
1020 33
1021 35
1022 33
1023 36
1024 31
1025 49
1026 44
1027 29
1028 44
1029 56
1030 44
1031 38
1032 40
1033 29
1034 39
1035 45
1036 42
1037 50
1038 71
1039 60
1040 87
1041 114
1042 130
1043 143
1044 141
1045 146
1046 149
1047 172
1048 275
1049 283
1050 314
1051 329
1052 331
1053 324
1054 379
1055 400
1056 491
1057 455
1058 495
1059 539
1060 609
1061 584
1062 501
1063 409
1064 398
1065 323
1066 254
1067 207
1068 128
1069 112
1070 117
1071 101
1072 57
1073 53
1074 31
1075 32
1076 54
1077 45
1078 38
1079 40
1080 38
1081 31
1082 27
1083 34
1084 32
1085 28
1086 46
1087 29
1088 34
1089 55
1090 45
1091 35
1092 50
1093 36
1094 31
1095 48
1096 32
1097 48
1098 32
1099 44
1100 31
1101 27
1102 36
1103 31
1104 30
1105 31
1106 35
1107 30
1108 29
1109 38
1110 32
1111 26
1112 28
1113 33
1114 36
1115 30
1116 28
1117 48
1118 37
1119 40
1120 31
1121 41
1122 31
1123 37
1124 34
1125 43
1126 33
1127 40
1128 31
1129 40
1130 34
1131 30
1132 27
1133 31
1134 32
1135 28
1136 29
1137 38
1138 36
1139 34
1140 29
1141 41
1142 38
1143 25
1144 30
1145 36
1146 41
1147 32
1148 34
1149 38
1150 37
1151 31
1152 46
1153 35
1154 38
1155 38
1156 30
1157 34
1158 36
1159 34
1160 27
1161 26
1162 26
1163 39
1164 28
1165 44
1166 43
1167 36
1168 24
1169 33
1170 33
1171 43
1172 30
1173 47
1174 42
1175 31
1176 34
1177 30
1178 39
1179 35
1180 30
1181 41
1182 50
1183 59
1184 63
1185 40
1186 44
1187 44
1188 43
1189 57
1190 52
1191 52
1192 74
1193 60
1194 69
1195 70
1196 67
1197 70
1198 57
1199 56
1200 53
1201 41
1202 38
1203 44
1204 30
1205 37
1206 35
1207 25
1208 35
1209 31
1210 24
1211 31
1212 19
1213 34
1214 39
1215 30
1216 18
1217 28
1218 25
1219 30
1220 30
1221 29
1222 28
1223 34
1224 28
1225 21
1226 27
1227 29
1228 34
1229 24
1230 27
1231 36
1232 26
1233 29
1234 27
1235 26
1236 21
1237 36
1238 27
1239 26
1240 33
1241 26
1242 19
1243 29
1244 23
1245 32
1246 28
1247 34
1248 33
1249 42
1250 26
1251 39
1252 22
1253 37
1254 28
1255 33
1256 33
1257 35
1258 28
1259 34
1260 26
1261 33
1262 26
1263 25
1264 31
1265 24
1266 26
1267 26
1268 19
1269 24
1270 23
1271 19
1272 26
1273 20
1274 20
1275 21
1276 16
1277 24
1278 16
1279 29
1280 39
1281 39
1282 25
1283 19
1284 25
1285 29
1286 26
1287 27
1288 22
1289 24
1290 22
1291 24
1292 19
1293 30
1294 30
1295 22
1296 26
1297 28
1298 27
1299 24
1300 29
1301 26
1302 27
1303 29
1304 21
1305 22
1306 23
1307 28
1308 22
1309 33
1310 28
1311 26
1312 28
1313 21
1314 14
1315 27
1316 24
1317 17
1318 23
1319 25
1320 18
1321 25
1322 29
1323 34
1324 33
1325 31
1326 30
1327 35
1328 31
1329 32
1330 45
1331 75
1332 51
1333 67
1334 95
1335 109
1336 164
1337 165
1338 136
1339 135
1340 172
1341 227
1342 222
1343 215
1344 197
1345 211
1346 270
1347 267
1348 281
1349 215
1350 198
1351 178
1352 150
1353 181
1354 116
1355 86
1356 59
1357 117
1358 99
1359 69
1360 37
1361 34
1362 36
1363 28
1364 30
1365 18
1366 19
1367 28
1368 33
1369 22
1370 21
1371 22
1372 24
1373 25
1374 32
1375 24
1376 25
1377 20
1378 30
1379 29
1380 28
1381 22
1382 18
1383 22
1384 29
1385 23
1386 35
1387 18
1388 15
1389 20
1390 26
1391 19
1392 30
1393 20
1394 16
1395 19
1396 22
1397 18
1398 28
1399 21
1400 23
1401 26
1402 19
1403 29
1404 21
1405 28
1406 25
1407 28
1408 29
1409 21
1410 21
1411 24
1412 25
1413 23
1414 22
1415 22
1416 26
1417 24
1418 19
1419 37
1420 22
1421 20
1422 22
1423 19
1424 27
1425 32
1426 20
1427 33
1428 16
1429 21
1430 26
1431 18
1432 29
1433 21
1434 29
1435 14
1436 20
1437 22
1438 24
1439 27
1440 21
1441 19
1442 21
1443 21
1444 15
1445 17
1446 19
1447 20
1448 26
1449 22
1450 19
1451 24
1452 18
1453 23
1454 19
1455 21
1456 23
1457 32
1458 15
1459 17
1460 22
1461 18
1462 21
1463 13
1464 25
1465 22
1466 32
1467 19
1468 29
1469 29
1470 15
1471 31
1472 23
1473 22
1474 25
1475 19
1476 23
1477 17
1478 18
1479 24
1480 23
1481 21
1482 26
1483 20
1484 20
1485 16
1486 22
1487 29
1488 20
1489 28
1490 27
1491 18
1492 25
1493 26
1494 19
1495 21
1496 23
1497 17
1498 26
1499 20
1500 25
1501 19
1502 18
1503 28
1504 25
1505 17
1506 20
1507 17
1508 21
1509 21
1510 22
1511 27
1512 26
1513 28
1514 28
1515 19
1516 18
1517 23
1518 21
1519 17
1520 25
1521 21
1522 19
1523 23
1524 14
1525 19
1526 17
1527 14
1528 20
1529 16
1530 29
1531 22
1532 19
1533 26
1534 21
1535 23
1536 23
1537 18
1538 24
1539 27
1540 19
1541 15
1542 18
1543 17
1544 22
1545 17
1546 16
1547 18
1548 23
1549 9
1550 21
1551 19
1552 24
1553 13
1554 23
1555 21
1556 17
1557 22
1558 16
1559 19
1560 18
1561 13
1562 26
1563 25
1564 25
1565 17
1566 18
1567 18
1568 15
1569 15
1570 21
1571 18
1572 19
1573 19
1574 19
1575 19
1576 19
1577 12
1578 29
1579 22
1580 22
1581 21
1582 19
1583 21
1584 26
1585 22
1586 29
1587 24
1588 19
1589 26
1590 20
1591 18
1592 16
1593 25
1594 12
1595 25
1596 19
1597 17
1598 17
1599 29
1600 23
1601 22
1602 24
1603 18
1604 16
1605 19
1606 35
1607 16
1608 22
1609 22
1610 18
1611 19
1612 22
1613 23
1614 22
1615 20
1616 31
1617 22
1618 21
1619 20
1620 19
1621 21
1622 16
1623 23
1624 26
1625 27
1626 17
1627 21
1628 12
1629 20
1630 25
1631 16
1632 19
1633 15
1634 26
1635 23
1636 24
1637 24
1638 14
1639 21
1640 16
1641 13
1642 17
1643 15
1644 21
1645 21
1646 24
1647 16
1648 20
1649 27
1650 22
1651 19
1652 19
1653 20
1654 25
1655 23
1656 21
1657 25
1658 14
1659 16
1660 31
1661 12
1662 15
1663 14
1664 19
1665 18
1666 14
1667 32
1668 13
1669 15
1670 12
1671 15
1672 20
1673 15
1674 24
1675 23
1676 14
1677 19
1678 14
1679 19
1680 17
1681 21
1682 16
1683 23
1684 15
1685 15
1686 21
1687 21
1688 22
1689 21
1690 11
1691 14
1692 18
1693 15
1694 21
1695 19
1696 14
1697 19
1698 19
1699 17
1700 29
1701 21
1702 20
1703 22
1704 26
1705 19
1706 16
1707 20
1708 28
1709 26
1710 24
1711 17
1712 23
1713 18
1714 15
1715 14
1716 23
1717 17
1718 14
1719 14
1720 30
1721 21
1722 17
1723 13
1724 15
1725 10
1726 20
1727 18
1728 18
1729 23
1730 18
1731 13
1732 15
1733 15
1734 14
1735 23
1736 22
1737 19
1738 19
1739 17
1740 21
1741 14
1742 18
1743 18
1744 20
1745 20
1746 23
1747 23
1748 18
1749 21
1750 21
1751 17
1752 27
1753 21
1754 21
1755 16
1756 28
1757 13
1758 13
1759 19
1760 23
1761 24
1762 20
1763 16
1764 19
1765 22
1766 19
1767 20
1768 13
1769 16
1770 24
1771 18
1772 26
1773 20
1774 20
1775 24
1776 21
1777 17
1778 17
1779 24
1780 17
1781 23
1782 25
1783 20
1784 18
1785 31
1786 33
1787 39
1788 40
1789 37
1790 50
1791 49
1792 44
1793 63
1794 58
1795 48
1796 46
1797 56
1798 73
1799 95
1800 97
1801 76
1802 88
1803 106
1804 131
1805 163
1806 153
1807 132
1808 170
1809 183
1810 151
1811 131
1812 121
1813 83
1814 65
1815 68
1816 66
1817 49
1818 51
1819 47
1820 33
1821 30
1822 30
1823 27
1824 28
1825 33
1826 29
1827 36
1828 22
1829 26
1830 25
1831 16
1832 22
1833 28
1834 23
1835 21
1836 13
1837 12
1838 15
1839 15
1840 25
1841 18
1842 13
1843 16
1844 14
1845 17
1846 20
1847 18
1848 16
1849 21
1850 20
1851 22
1852 12
1853 21
1854 18
1855 15
1856 14
1857 19
1858 22
1859 19
1860 12
1861 13
1862 11
1863 11
1864 23
1865 18
1866 11
1867 12
1868 10
1869 12
1870 18
1871 19
1872 21
1873 12
1874 13
1875 23
1876 17
1877 21
1878 12
1879 29
1880 20
1881 17
1882 16
1883 16
1884 18
1885 17
1886 17
1887 13
1888 17
1889 14
1890 16
1891 18
1892 14
1893 19
1894 22
1895 20
1896 23
1897 17
1898 14
1899 12
1900 26
1901 20
1902 12
1903 16
1904 14
1905 17
1906 25
1907 20
1908 15
1909 14
1910 12
1911 19
1912 21
1913 14
1914 18
1915 14
1916 17
1917 9
1918 16
1919 19
1920 19
1921 20
1922 15
1923 18
1924 20
1925 21
1926 22
1927 21
1928 16
1929 18
1930 26
1931 18
1932 19
1933 20
1934 14
1935 19
1936 11
1937 17
1938 16
1939 17
1940 19
1941 24
1942 19
1943 18
1944 36
1945 20
1946 18
1947 15
1948 14
1949 28
1950 20
1951 18
1952 17
1953 21
1954 21
1955 22
1956 18
1957 16
1958 17
1959 22
1960 26
1961 18
1962 10
1963 13
1964 20
1965 15
1966 15
1967 20
1968 26
1969 12
1970 16
1971 21
1972 12
1973 16
1974 16
1975 19
1976 16
1977 13
1978 20
1979 18
1980 23
1981 22
1982 13
1983 23
1984 16
1985 17
1986 18
1987 16
1988 17
1989 16
1990 15
1991 16
1992 17
1993 22
1994 18
1995 21
1996 14
1997 17
1998 14
1999 20
2000 19
2001 23
2002 22
2003 18
2004 20
2005 15
2006 11
2007 15
2008 16
2009 23
2010 17
2011 15
2012 16
2013 19
2014 20
2015 15
2016 24
2017 20
2018 19
2019 17
2020 15
2021 15
2022 21
2023 19
2024 15
2025 18
2026 18
2027 20
2028 22
2029 19
2030 22
2031 26
2032 29
2033 23
2034 19
2035 34
2036 31
2037 31
2038 34
2039 26
2040 29
2041 35
2042 43
2043 65
2044 67
2045 58
2046 55
2047 68
2048 96
2049 105
2050 115
2051 146
2052 200
2053 270
2054 243
2055 244
2056 276
2057 263
2058 267
2059 244
2060 313
2061 370
2062 486
2063 460
2064 403
2065 411
2066 393
2067 396
2068 333
2069 317
2070 369
2071 249
2072 292
2073 281
2074 267
2075 213
2076 177
2077 179
2078 163
2079 100
2080 59
2081 56
2082 50
2083 47
2084 48
2085 38
2086 30
2087 24
2088 26
2089 21
2090 26
2091 15
2092 27
2093 13
2094 25
2095 24
2096 21
2097 19
2098 20
2099 15
2100 21
2101 29
2102 20
2103 13
2104 19
2105 14
2106 17
2107 13
2108 18
2109 16
2110 12
2111 23
2112 18
2113 10
2114 24
2115 15
2116 14
2117 17
2118 17
2119 15
2120 22
2121 14
2122 16
2123 11
2124 19
2125 21
2126 20
2127 16
2128 20
2129 18
2130 19
2131 11
2132 22
2133 14
2134 19
2135 9
2136 12
2137 13
2138 21
2139 17
2140 16
2141 17
2142 17
2143 16
2144 15
2145 12
2146 15
2147 11
2148 15
2149 11
2150 21
2151 15
2152 24
2153 26
2154 13
2155 16
2156 17
2157 23
2158 10
2159 16
2160 16
2161 15
2162 20
2163 9
2164 20
2165 22
2166 14
2167 11
2168 15
2169 13
2170 23
2171 16
2172 20
2173 17
2174 13
2175 16
2176 21
2177 20
2178 20
2179 19
2180 13
2181 28
2182 23
2183 28
2184 19
2185 28
2186 18
2187 25
2188 15
2189 15
2190 10
2191 22
2192 10
2193 20
2194 15
2195 10
2196 18
2197 14
2198 18
2199 13
2200 16
2201 9
2202 10
2203 13
2204 13
2205 12
2206 14
2207 19
2208 20
2209 15
2210 12
2211 16
2212 8
2213 18
2214 20
2215 23
2216 13
2217 16
2218 22
2219 24
2220 12
2221 13
2222 20
2223 16
2224 12
2225 13
2226 12
2227 14
2228 16
2229 13
2230 18
2231 15
2232 14
2233 14
2234 22
2235 16
2236 13
2237 14
2238 26
2239 13
2240 27
2241 14
2242 18
2243 23
2244 28
2245 25
2246 38
2247 29
2248 28
2249 26
2250 32
2251 23
2252 32
2253 36
2254 44
2255 44
2256 52
2257 78
2258 47
2259 64
2260 44
2261 67
2262 56
2263 74
2264 74
2265 93
2266 104
2267 90
2268 79
2269 106
2270 85
2271 95
2272 111
2273 96
2274 60
2275 59
2276 40
2277 55
2278 62
2279 50
2280 37
2281 31
2282 40
2283 37
2284 25
2285 35
2286 19
2287 19
2288 17
2289 15
2290 14
2291 21
2292 17
2293 6
2294 13
2295 12
2296 18
2297 19
2298 21
2299 16
2300 16
2301 12
2302 13
2303 16
2304 15
2305 14
2306 16
2307 12
2308 15
2309 17
2310 17
2311 16
2312 13
2313 15
2314 13
2315 15
2316 10
2317 13
2318 8
2319 18
2320 17
2321 21
2322 9
2323 19
2324 13
2325 11
2326 7
2327 17
2328 23
2329 11
2330 15
2331 12
2332 13
2333 10
2334 18
2335 9
2336 10
2337 10
2338 13
2339 13
2340 14
2341 10
2342 16
2343 11
2344 14
2345 14
2346 14
2347 17
2348 15
2349 15
2350 7
2351 7
2352 12
2353 10
2354 21
2355 12
2356 11
2357 9
2358 7
2359 13
2360 8
2361 12
2362 12
2363 17
2364 11
2365 8
2366 10
2367 18
2368 14
2369 17
2370 7
2371 15
2372 14
2373 12
2374 11
2375 19
2376 11
2377 11
2378 15
2379 11
2380 19
2381 13
2382 11
2383 8
2384 14
2385 14
2386 13
2387 9
2388 16
2389 13
2390 14
2391 14
2392 9
2393 18
2394 21
2395 9
2396 16
2397 9
2398 27
2399 18
2400 18
2401 19
2402 8
2403 16
2404 12
2405 17
2406 16
2407 11
2408 16
2409 11
2410 15
2411 14
2412 9
2413 11
2414 8
2415 14
2416 10
2417 10
2418 13
2419 17
2420 8
2421 13
2422 19
2423 9
2424 10
2425 11
2426 11
2427 14
2428 9
2429 17
2430 13
2431 10
2432 16
2433 11
2434 16
2435 7
2436 14
2437 14
2438 9
2439 18
2440 16
2441 8
2442 9
2443 16
2444 14
2445 8
2446 11
2447 10
2448 9
2449 6
2450 10
2451 11
2452 12
2453 13
2454 15
2455 12
2456 10
2457 18
2458 6
2459 11
2460 9
2461 10
2462 13
2463 17
2464 18
2465 19
2466 12
2467 11
2468 17
2469 13
2470 12
2471 14
2472 13
2473 9
2474 17
2475 12
2476 13
2477 10
2478 20
2479 16
2480 10
2481 13
2482 9
2483 12
2484 16
2485 11
2486 12
2487 15
2488 9
2489 10
2490 13
2491 5
2492 15
2493 12
2494 9
2495 9
2496 15
2497 14
2498 16
2499 12
2500 11
2501 13
2502 13
2503 19
2504 22
2505 10
2506 9
2507 12
2508 13
2509 13
2510 17
2511 13
2512 17
2513 16
2514 17
2515 12
2516 15
2517 13
2518 12
2519 12
2520 14
2521 15
2522 12
2523 12
2524 14
2525 17
2526 10
2527 17
2528 14
2529 18
2530 10
2531 14
2532 18
2533 18
2534 17
2535 14
2536 18
2537 18
2538 28
2539 16
2540 21
2541 21
2542 20
2543 27
2544 25
2545 24
2546 44
2547 33
2548 36
2549 35
2550 40
2551 31
2552 57
2553 46
2554 64
2555 62
2556 57
2557 61
2558 97
2559 95
