0 46
1 30
2 37
3 42
4 26
5 39
6 39
7 29
8 37
9 38
10 26
11 36
12 34
13 38
14 30
15 28
16 53
17 52
18 31
19 37
20 43
21 35
22 36
23 41
24 35
25 21
26 32
27 27
28 34
29 30
30 36
31 27
32 30
33 43
34 40
35 42
36 46
37 27
38 36
39 39
40 41
41 35
42 50
43 39
44 31
45 34
46 31
47 42
48 43
49 29
50 37
51 46
52 32
53 38
54 39
55 43
56 29
57 37
58 30
59 35
60 36
61 33
62 32
63 38
64 28
65 26
66 36
67 35
68 33
69 20
70 28
71 30
72 32
73 45
74 39
75 46
76 40
77 49
78 37
79 28
80 32
81 38
82 44
83 32
84 33
85 34
86 39
87 30
88 35
89 24
90 39
91 43
92 37
93 33
94 49
95 42
96 37
97 45
98 38
99 24
100 21
101 35
102 41
103 30
104 33
105 27
106 24
107 38
108 49
109 40
110 37
111 37
112 29
113 40
114 31
115 50
116 38
117 23
118 41
119 37
120 41
121 31
122 52
123 30
124 41
125 38
126 42
127 27
128 33
129 29
130 31
131 28
132 39
133 33
134 34
135 28
136 28
137 44
138 39
139 35
140 28
141 39
142 36
143 37
144 22
145 31
146 37
147 38
148 50
149 43
150 40
151 30
152 40
153 45
154 41
155 28
156 40
157 30
158 31
159 26
160 26
161 48
162 41
163 31
164 47
165 32
166 31
167 41
168 35
169 44
170 35
171 42
172 51
173 37
174 25
175 41
176 34
177 48
178 33
179 34
180 38
181 38
182 30
183 49
184 42
185 39
186 39
187 41
188 38
189 28
190 31
191 36
192 47
193 30
194 27
195 43
196 45
197 35
198 39
199 50
200 41
201 44
202 40
203 31
204 37
205 37
206 31
207 40
208 50
209 43
210 38
211 39
212 37
213 27
214 37
215 47
216 40
217 41
218 40
219 31
220 34
221 38
222 28
223 32
224 33
225 51
226 38
227 48
228 31
229 35
230 30
231 23
232 50
233 52
234 26
235 47
236 40
237 46
238 39
239 45
240 44
241 40
242 37
243 36
244 50
245 40
246 26
247 42
248 46
249 34
250 45
251 37
252 43
253 34
254 44
255 52
256 40
257 54
258 49
259 28
260 37
261 35
262 30
263 39
264 42
265 35
266 38
267 45
268 41
269 42
270 43
271 43
272 52
273 44
274 39
275 51
276 38
277 48
278 46
279 25
280 29
281 40
282 39
283 28
284 46
285 28
286 47
287 48
288 41
289 43
290 42
291 44
292 39
293 31
294 47
295 56
296 46
297 32
298 39
299 44
300 46
301 40
302 45
303 38
304 34
305 44
306 41
307 46
308 29
309 45
310 47
311 32
312 36
313 41
314 54
315 35
316 37
317 43
318 40
319 40
320 39
321 36
322 38
323 39
324 36
325 43
326 44
327 36
328 46
329 32
330 26
331 35
332 40
333 38
334 49
335 52
336 42
337 42
338 37
339 47
340 33
341 44
342 40
343 61
344 44
345 41
346 52
347 32
348 61
349 50
350 41
351 33
352 49
353 42
354 31
355 42
356 46
357 38
358 47
359 38
360 34
361 48
362 48
363 35
364 26
365 30
366 39
367 40
368 41
369 32
370 44
371 40
372 31
373 43
374 49
375 40
376 54
377 43
378 40
379 30
380 33
381 37
382 34
383 41
384 43
385 45
386 38
387 36
388 44
389 44
390 48
391 40
392 47
393 42
394 48
395 43
396 31
397 44
398 41
399 41
400 49
401 45
402 45
403 48
404 54
405 34
406 39
407 33
408 33
409 30
410 36
411 38
412 44
413 41
414 42
415 41
416 40
417 39
418 35
419 50
420 49
421 39
422 45
423 31
424 39
425 44
426 44
427 40
428 41
429 34
430 48
431 42
432 48
433 47
434 37
435 33
436 41
437 32
438 38
439 38
440 31
441 30
442 28
443 42
444 30
445 30
446 33
447 36
448 36
449 35
450 42
451 31
452 40
453 46
454 39
455 42
456 31
457 33
458 48
459 31
460 44
461 41
462 40
463 30
464 36
465 36
466 43
467 51
468 44
469 32
470 53
471 48
472 46
473 42
474 55
475 59
476 53
477 44
478 57
479 48
480 44
481 53
482 56
483 51
484 50
485 32
486 56
487 44
488 53
489 65
490 48
491 57
492 69
493 83
494 93
495 76
496 83
497 70
498 93
499 76
500 84
501 87
502 94
503 101
504 105
505 124
506 92
507 128
508 130
509 122
510 104
511 111
512 105
513 99
514 93
515 69
516 64
517 55
518 52
519 48
520 38
521 45
522 37
523 40
524 33
525 43
526 43
527 36
528 49
529 55
530 31
531 42
532 45
533 44
534 36
535 54
536 42
537 44
538 46
539 42
540 52
541 43
542 38
543 38
544 52
545 34
546 45
547 47
548 42
549 36
550 37
551 45
552 50
553 38
554 33
555 42
556 32
557 41
558 44
559 54
560 32
561 39
562 44
563 40
564 44
565 46
566 44
567 41
568 46
569 51
570 41
571 41
572 40
573 34
574 37
575 52
576 59
577 34
578 52
579 41
580 39
581 30
582 47
583 42
584 43
585 45
586 44
587 49
588 38
589 51
590 38
591 36
592 57
593 39
594 39
595 42
596 53
597 43
598 40
599 50
600 46
601 49
602 57
603 42
604 37
605 33
606 45
607 37
608 43
609 43
610 58
611 45
612 56
613 55
614 32
615 51
616 51
617 38
618 38
619 45
620 48
621 36
622 41
623 39
624 33
625 50
626 39
627 40
628 43
629 49
630 37
631 41
632 36
633 39
634 51
635 35
636 54
637 36
638 49
639 34
640 43
641 46
642 36
643 43
644 42
645 49
646 25
647 46
648 42
649 43
650 34
651 36
652 43
653 43
654 30
655 35
656 42
657 40
658 38
659 48
660 47
661 41
662 43
663 41
664 37
665 49
666 40
667 46
668 35
669 34
670 56
671 40
672 50
673 40
674 43
675 32
676 46
677 33
678 44
679 52
680 36
681 36
682 42
683 46
684 37
685 43
686 38
687 33
688 45
689 44
690 38
691 36
692 35
693 35
694 34
695 40
696 41
697 27
698 46
699 48
700 51
701 40
702 42
703 24
704 51
705 48
706 45
707 48
708 38
709 36
710 31
711 37
712 54
713 42
714 57
715 52
716 43
717 44
718 30
719 46
720 47
721 39
722 37
723 43
724 42
725 50
726 42
727 46
728 37
729 36
730 43
731 32
732 37
733 42
734 45
735 39
736 42
737 53
738 38
739 40
740 41
741 41
742 47
743 36
744 44
745 33
746 44
747 28
748 33
749 43
750 33
751 55
752 34
753 40
754 35
755 27
756 36
757 43
758 48
759 35
760 34
761 36
762 44
763 43
764 29
765 35
766 44
767 42
768 41
769 35
770 38
771 42
772 40
773 40
774 38
775 28
776 33
777 39
778 53
779 44
780 35
781 49
782 50
783 32
784 41
785 37
786 49
787 46
788 38
789 48
790 33
791 45
792 39
793 38
794 44
795 31
796 48
797 40
798 42
799 37
800 50
801 30
802 43
803 21
804 54
805 47
806 38
807 29
808 46
809 33
810 43
811 36
812 31
813 35
814 47
815 30
816 32
817 34
818 29
819 33
820 38
821 38
822 38
823 37
824 42
825 37
826 45
827 35
828 33
829 39
830 48
831 47
832 41
833 45
834 41
835 39
836 36
837 38
838 54
839 49
840 44
841 36
842 37
843 51
844 35
845 29
846 38
847 41
848 25
849 46
850 52
851 26
852 31
853 30
854 33
855 48
856 39
857 28
858 41
859 40
860 40
861 39
862 38
863 38
864 42
865 43
866 29
867 36
868 32
869 41
870 37
871 24
872 31
873 47
874 28
875 30
876 37
877 43
878 36
879 30
880 46
881 42
882 33
883 32
884 41
885 59
886 41
887 37
888 39
889 30
890 28
891 39
892 43
893 29
894 49
895 28
896 36
897 33
898 40
899 47
900 26
901 36
902 39
903 37
904 30
905 39
906 37
907 35
908 36
909 37
910 41
911 34
912 35
913 45
914 33
915 35
916 45
917 37
918 43
919 40
920 37
921 34
922 47
923 28
924 37
925 31
926 35
927 39
928 50
929 47
930 30
931 37
932 43
933 40
934 31
935 40
936 37
937 38
938 33
939 38
940 38
941 38
942 38
943 35
944 37
945 34
946 32
947 50
948 36
949 45
950 38
951 39
952 44
953 36
954 31
955 39
956 35
957 32
958 43
959 39
960 35
961 41
962 41
963 36
964 44
965 33
966 33
967 32
968 37
969 32
970 40
971 22
972 42
973 37
974 28
975 43
976 41
977 38
978 39
979 38
980 37
981 39
982 39
983 44
984 31
985 34
986 44
987 47
988 41
989 39
990 34
991 45
992 60
993 61
994 64
995 65
996 71
997 62
998 98
999 124
1000 98
1001 91
1002 93
1003 117
1004 148
1005 201
1006 248
1007 299
1008 280
1009 253
1010 300
1011 385
1012 454
1013 509
1014 559
1015 581
1016 655
1017 583
1018 574
1019 605
1020 494
1021 384
1022 295
1023 239
1024 212
1025 189
1026 146
1027 153
1028 80
1029 64
1030 59
1031 39
1032 47
1033 44
1034 41
1035 42
1036 46
1037 35
1038 41
1039 44
1040 42
1041 38
1042 41
1043 43
1044 38
1045 36
1046 42
1047 30
1048 23
1049 32
1050 24
1051 36
1052 36
1053 31
1054 38
1055 35
1056 34
1057 32
1058 33
1059 25
1060 33
1061 37
1062 41
1063 31
1064 40
1065 42
1066 28
1067 45
1068 31
1069 36
1070 29
1071 33
1072 44
1073 30
1074 35
1075 36
1076 40
1077 39
1078 46
1079 41
1080 29
1081 37
1082 29
1083 34
1084 39
1085 30
1086 31
1087 20
1088 36
1089 36
1090 45
1091 46
1092 38
1093 27
1094 36
1095 32
1096 46
1097 29
1098 30
1099 30
1100 42
1101 33
1102 39
1103 38
1104 29
1105 33
1106 33
1107 38
1108 36
1109 25
1110 38
1111 27
1112 32
1113 28
1114 25
1115 55
1116 28
1117 31
1118 40
1119 25
1120 38
1121 38
1122 32
1123 29
1124 39
1125 40
1126 51
1127 30
1128 35
1129 41
1130 40
1131 36
1132 43
1133 42
1134 30
1135 37
1136 37
1137 42
1138 54
1139 42
1140 62
1141 40
1142 46
1143 46
1144 40
1145 54
1146 64
1147 66
1148 62
1149 55
1150 59
1151 53
1152 77
1153 59
1154 75
1155 47
1156 46
1157 47
1158 49
1159 62
1160 43
1161 36
1162 54
1163 30
1164 30
1165 32
1166 28
1167 44
1168 44
1169 28
1170 37
1171 33
1172 33
1173 37
1174 31
1175 37
1176 40
1177 43
1178 45
1179 30
1180 31
1181 36
1182 28
1183 46
1184 40
1185 30
1186 30
1187 28
1188 42
1189 34
1190 38
1191 35
1192 31
1193 34
1194 28
1195 32
1196 25
1197 42
1198 27
1199 35
1200 33
1201 29
1202 38
1203 32
1204 32
1205 34
1206 34
1207 29
1208 25
1209 36
1210 33
1211 27
1212 34
1213 35
1214 37
1215 28
1216 40
1217 24
1218 38
1219 39
1220 23
1221 32
1222 45
1223 34
1224 23
1225 25
1226 24
1227 22
1228 40
1229 28
1230 27
1231 32
1232 31
1233 33
1234 40
1235 29
1236 32
1237 31
1238 29
1239 38
1240 30
1241 22
1242 31
1243 27
1244 37
1245 34
1246 40
1247 33
1248 27
1249 35
1250 30
1251 24
1252 28
1253 28
1254 27
1255 28
1256 25
1257 28
1258 28
1259 23
1260 29
1261 28
1262 44
1263 22
1264 22
1265 28
1266 34
1267 26
1268 19
1269 26
1270 25
1271 15
1272 21
1273 16
1274 27
1275 13
1276 21
1277 16
1278 11
1279 18
1280 62
1281 63
1282 78
1283 68
1284 72
1285 66
1286 95
1287 132
1288 160
1289 211
1290 214
1291 215
1292 238
1293 243
1294 219
1295 197
1296 229
1297 200
1298 189
1299 188
1300 164
1301 120
1302 130
1303 143
1304 117
1305 98
1306 92
1307 66
1308 73
1309 53
1310 37
1311 26
1312 26
1313 30
1314 33
1315 29
1316 28
1317 27
1318 23
1319 30
1320 23
1321 19
1322 22
1323 26
1324 33
1325 18
1326 21
1327 26
1328 22
1329 35
1330 22
1331 23
1332 35
1333 22
1334 22
1335 21
1336 18
1337 29
1338 25
1339 19
1340 17
1341 20
1342 29
1343 26
1344 33
1345 24
1346 28
1347 31
1348 19
1349 32
1350 28
1351 33
1352 31
1353 19
1354 22
1355 18
1356 24
1357 26
1358 20
1359 26
1360 27
1361 28
1362 24
1363 32
1364 30
1365 26
1366 22
1367 24
1368 26
1369 14
1370 22
1371 29
1372 18
1373 18
1374 29
1375 25
1376 25
1377 22
1378 29
1379 18
1380 26
1381 23
1382 27
1383 23
1384 41
1385 25
1386 28
1387 20
1388 17
1389 13
1390 16
1391 20
1392 21
1393 23
1394 26
1395 24
1396 21
1397 26
1398 15
1399 22
1400 28
1401 32
1402 23
1403 24
1404 29
1405 24
1406 14
1407 28
1408 27
1409 22
1410 30
1411 24
1412 23
1413 31
1414 22
1415 19
1416 25
1417 24
1418 20
1419 26
1420 21
1421 23
1422 30
1423 19
1424 19
1425 12
1426 26
1427 17
1428 19
1429 20
1430 26
1431 19
1432 20
1433 28
1434 20
1435 16
1436 22
1437 24
1438 25
1439 17
1440 18
1441 23
1442 23
1443 16
1444 24
1445 20
1446 23
1447 21
1448 23
1449 14
1450 26
1451 27
1452 23
1453 21
1454 31
1455 23
1456 22
1457 23
1458 22
1459 20
1460 24
1461 20
1462 19
1463 20
1464 24
1465 28
1466 20
1467 23
1468 28
1469 19
1470 27
1471 20
1472 26
1473 22
1474 18
1475 31
1476 30
1477 25
1478 20
1479 18
1480 20
1481 29
1482 24
1483 24
1484 20
1485 21
1486 29
1487 22
1488 21
1489 28
1490 24
1491 23
1492 23
1493 24
1494 17
1495 30
1496 27
1497 24
1498 21
1499 18
1500 17
1501 22
1502 13
1503 29
1504 23
1505 25
1506 25
1507 25
1508 26
1509 20
1510 21
1511 17
1512 21
1513 26
1514 23
1515 20
1516 24
1517 25
1518 24
1519 21
1520 27
1521 19
1522 16
1523 23
1524 16
1525 20
1526 15
1527 16
1528 22
1529 27
1530 20
1531 21
1532 27
1533 18
1534 14
1535 20
1536 13
1537 20
1538 29
1539 23
1540 25
1541 16
1542 28
1543 22
1544 23
1545 16
1546 19
1547 24
1548 25
1549 17
1550 22
1551 23
1552 18
1553 25
1554 21
1555 21
1556 22
1557 20
1558 20
1559 15
1560 20
1561 18
1562 24
1563 20
1564 22
1565 17
1566 25
1567 26
1568 16
1569 20
1570 17
1571 18
1572 18
1573 26
1574 33
1575 15
1576 28
1577 14
1578 18
1579 19
1580 17
1581 18
1582 23
1583 26
1584 16
1585 21
1586 25
1587 22
1588 19
1589 22
1590 18
1591 14
1592 21
1593 25
1594 16
1595 19
1596 24
1597 22
1598 18
1599 20
1600 21
1601 25
1602 25
1603 16
1604 22
1605 17
1606 16
1607 19
1608 20
1609 21
1610 27
1611 15
1612 18
1613 21
1614 26
1615 20
1616 21
1617 21
1618 26
1619 26
1620 14
1621 26
1622 19
1623 18
1624 31
1625 23
1626 28
1627 21
1628 29
1629 20
1630 22
1631 22
1632 15
1633 18
1634 16
1635 20
1636 13
1637 27
1638 15
1639 15
1640 16
1641 15
1642 21
1643 18
1644 21
1645 17
1646 15
1647 23
1648 19
1649 20
1650 14
1651 17
1652 25
1653 21
1654 16
1655 24
1656 19
1657 20
1658 20
1659 18
1660 22
1661 22
1662 16
1663 22
1664 20
1665 21
1666 28
1667 21
1668 22
1669 23
1670 18
1671 17
1672 24
1673 18
1674 20
1675 24
1676 30
1677 22
1678 19
1679 18
1680 13
1681 25
1682 18
1683 14
1684 21
1685 28
1686 18
1687 26
1688 21
1689 25
1690 32
1691 28
1692 27
1693 26
1694 21
1695 26
1696 20
1697 16
1698 21
1699 24
1700 17
1701 20
1702 18
1703 28
1704 29
1705 23
1706 25
1707 20
1708 16
1709 26
1710 24
1711 21
1712 13
1713 12
1714 22
1715 16
1716 22
1717 23
1718 16
1719 17
1720 19
1721 24
1722 19
1723 13
1724 14
1725 24
1726 22
1727 24
1728 24
1729 23
1730 33
1731 28
1732 28
1733 39
1734 52
1735 43
1736 45
1737 64
1738 48
1739 73
1740 82
1741 87
1742 139
1743 215
1744 157
1745 112
1746 107
1747 109
1748 123
1749 99
1750 102
1751 87
1752 80
1753 98
1754 102
1755 114
1756 162
1757 94
1758 81
1759 80
1760 69
1761 43
1762 38
1763 53
1764 42
1765 40
1766 29
1767 16
1768 20
1769 29
1770 31
1771 30
1772 23
1773 25
1774 18
1775 16
1776 26
1777 24
1778 16
1779 16
1780 19
1781 16
1782 20
1783 25
1784 17
1785 22
1786 22
1787 23
1788 21
1789 22
1790 22
1791 19
1792 15
1793 17
1794 14
1795 17
1796 23
1797 16
1798 26
1799 13
1800 19
1801 13
1802 21
1803 22
1804 19
1805 19
1806 22
1807 18
1808 24
1809 18
1810 19
1811 22
1812 15
1813 21
1814 8
1815 16
1816 17
1817 19
1818 14
1819 21
1820 22
1821 21
1822 16
1823 19
1824 28
1825 20
1826 17
1827 13
1828 28
1829 18
1830 20
1831 21
1832 13
1833 22
1834 23
1835 22
1836 12
1837 19
1838 17
1839 13
1840 18
1841 20
1842 21
1843 20
1844 22
1845 21
1846 15
1847 17
1848 15
1849 23
1850 20
1851 13
1852 23
1853 20
1854 17
1855 20
1856 17
1857 18
1858 12
1859 16
1860 15
1861 18
1862 12
1863 12
1864 20
1865 17
1866 19
1867 17
1868 20
1869 19
1870 20
1871 17
1872 21
1873 16
1874 14
1875 16
1876 16
1877 22
1878 16
1879 16
1880 13
1881 26
1882 20
1883 22
1884 19
1885 16
1886 16
1887 12
1888 20
1889 13
1890 25
1891 13
1892 17
1893 15
1894 18
1895 16
1896 13
1897 17
1898 23
1899 21
1900 22
1901 24
1902 22
1903 21
1904 26
1905 19
1906 27
1907 16
1908 19
1909 22
1910 23
1911 16
1912 17
1913 18
1914 13
1915 15
1916 25
1917 18
1918 14
1919 25
1920 20
1921 27
1922 17
1923 20
1924 20
1925 20
1926 24
1927 16
1928 22
1929 20
1930 21
1931 20
1932 20
1933 25
1934 29
1935 19
1936 21
1937 17
1938 23
1939 15
1940 19
1941 20
1942 20
1943 12
1944 28
1945 15
1946 20
1947 13
1948 18
1949 25
1950 19
1951 18
1952 24
1953 22
1954 21
1955 20
1956 23
1957 21
1958 24
1959 18
1960 20
1961 15
1962 21
1963 17
1964 24
1965 16
1966 19
1967 22
1968 29
1969 27
1970 30
1971 28
1972 42
1973 39
1974 49
1975 34
1976 43
1977 49
1978 63
1979 73
1980 66
1981 70
1982 60
1983 76
1984 107
1985 141
1986 135
1987 118
1988 166
1989 177
1990 205
1991 230
1992 238
1993 280
1994 242
1995 287
1996 294
1997 318
1998 377
1999 441
2000 435
2001 372
2002 433
2003 436
2004 388
2005 325
2006 286
2007 254
2008 324
2009 351
2010 247
2011 177
2012 165
2013 162
2014 133
2015 99
2016 129
2017 105
2018 91
2019 68
2020 55
2021 42
2022 46
2023 40
2024 33
2025 28
2026 25
2027 28
2028 19
2029 31
2030 18
2031 27
2032 19
2033 16
2034 20
2035 21
2036 20
2037 23
2038 16
2039 23
2040 18
2041 13
2042 14
2043 23
2044 17
2045 17
2046 23
2047 18
2048 18
2049 14
2050 20
2051 13
2052 17
2053 10
2054 12
2055 14
2056 19
2057 18
2058 9
2059 15
2060 13
2061 18
2062 23
2063 13
2064 18
2065 12
2066 18
2067 12
2068 21
2069 13
2070 26
2071 13
2072 14
2073 27
2074 19
2075 16
2076 21
2077 21
2078 22
2079 18
2080 19
2081 20
2082 18
2083 17
2084 19
2085 18
2086 11
2087 20
2088 13
2089 9
2090 18
2091 15
2092 16
2093 23
2094 19
2095 9
2096 19
2097 17
2098 16
2099 20
2100 20
2101 23
2102 16
2103 19
2104 21
2105 14
2106 17
2107 16
2108 16
2109 16
2110 20
2111 20
2112 15
2113 12
2114 16
2115 19
2116 20
2117 18
2118 24
2119 13
2120 17
2121 12
2122 9
2123 15
2124 19
2125 14
2126 21
2127 20
2128 20
2129 18
2130 19
2131 17
2132 10
2133 20
2134 18
2135 19
2136 17
2137 12
2138 11
2139 13
2140 16
2141 22
2142 17
2143 18
2144 7
2145 18
2146 18
2147 19
2148 22
2149 16
2150 19
2151 15
2152 18
2153 11
2154 12
2155 24
2156 15
2157 20
2158 15
2159 21
2160 24
2161 18
2162 16
2163 20
2164 15
2165 13
2166 18
2167 18
2168 18
2169 24
2170 17
2171 22
2172 21
2173 22
2174 24
2175 22
2176 15
2177 32
2178 30
2179 23
2180 33
2181 34
2182 39
2183 43
2184 53
2185 50
2186 55
2187 52
2188 43
2189 51
2190 61
2191 76
2192 73
2193 72
2194 74
2195 68
2196 81
2197 85
2198 121
2199 115
2200 103
2201 92
2202 87
2203 85
2204 68
2205 64
2206 69
2207 80
2208 76
2209 75
2210 61
2211 64
2212 60
2213 56
2214 53
2215 41
2216 36
2217 34
2218 39
2219 19
2220 24
2221 22
2222 18
2223 23
2224 24
2225 21
2226 13
2227 16
2228 24
2229 19
2230 12
2231 15
2232 12
2233 15
2234 21
2235 20
2236 21
2237 13
2238 15
2239 19
2240 17
2241 8
2242 20
2243 14
2244 10
2245 23
2246 9
2247 16
2248 13
2249 13
2250 17
2251 20
2252 17
2253 18
2254 10
2255 17
2256 17
2257 14
2258 18
2259 9
2260 18
2261 19
2262 21
2263 14
2264 10
2265 8
2266 12
2267 13
2268 12
2269 13
2270 11
2271 8
2272 19
2273 13
2274 11
2275 13
2276 7
2277 16
2278 13
2279 12
2280 10
2281 13
2282 15
2283 16
2284 16
2285 11
2286 12
2287 19
2288 13
2289 14
2290 15
2291 17
2292 15
2293 10
2294 23
2295 8
2296 11
2297 16
2298 14
2299 10
2300 17
2301 19
2302 11
2303 14
2304 11
2305 12
2306 12
2307 13
2308 18
2309 14
2310 8
2311 14
2312 10
2313 10
2314 12
2315 13
2316 9
2317 13
2318 19
2319 19
2320 15
2321 15
2322 12
2323 12
2324 11
2325 15
2326 16
2327 6
2328 18
2329 11
2330 9
2331 10
2332 14
2333 18
2334 9
2335 14
2336 12
2337 20
2338 11
2339 7
2340 10
2341 16
2342 9
2343 11
2344 3
2345 12
2346 13
2347 18
2348 10
2349 12
2350 10
2351 14
2352 11
2353 17
2354 20
2355 11
2356 21
2357 18
2358 12
2359 19
2360 16
2361 14
2362 14
2363 17
2364 19
2365 14
2366 14
2367 11
2368 12
2369 17
2370 20
2371 14
2372 17
2373 15
2374 22
2375 12
2376 13
2377 10
2378 12
2379 15
2380 14
2381 19
2382 12
2383 8
2384 12
2385 10
2386 17
2387 8
2388 13
2389 13
2390 11
2391 14
2392 18
2393 7
2394 10
2395 15
2396 16
2397 17
2398 20
2399 12
2400 16
2401 8
2402 13
2403 17
2404 10
2405 11
2406 20
2407 14
2408 14
2409 14
2410 21
2411 10
2412 11
2413 15
2414 12
2415 8
2416 14
2417 13
2418 19
2419 5
2420 13
2421 11
2422 11
2423 18
2424 10
2425 18
2426 15
2427 6
2428 22
2429 13
2430 17
2431 19
2432 17
2433 15
2434 18
2435 10
2436 13
2437 8
2438 6
2439 19
2440 13
2441 17
2442 12
2443 9
2444 11
2445 11
2446 19
2447 14
2448 15
2449 9
2450 12
2451 15
2452 16
2453 8
2454 12
2455 16
2456 23
2457 22
2458 14
2459 21
2460 11
2461 14
2462 23
2463 17
2464 16
2465 24
2466 16
2467 26
2468 22
2469 17
2470 29
2471 47
2472 39
2473 37
2474 25
2475 45
2476 45
2477 42
2478 52
2479 51
2480 50
2481 48
2482 45
2483 40
2484 44
2485 47
2486 54
2487 56
2488 82
2489 76
2490 68
2491 70
2492 63
2493 59
2494 63
2495 54
2496 64
2497 49
2498 58
2499 52
2500 40
2501 42
2502 31
2503 28
2504 23
2505 19
2506 27
2507 22
2508 21
2509 21
2510 19
2511 16
2512 24
2513 14
2514 11
2515 15
2516 18
2517 21
2518 12
2519 15
2520 15
2521 15
2522 13
2523 12
2524 17
2525 18
2526 17
2527 17
2528 16
2529 8
2530 14
2531 20
2532 15
2533 10
2534 12
2535 11
2536 14
2537 10
2538 7
2539 14
2540 13
2541 11
2542 9
2543 8
2544 11
2545 13
2546 18
2547 25
2548 11
2549 14
2550 12
2551 11
2552 6
2553 20
2554 16
2555 13
2556 16
2557 13
2558 17
2559 25
