0 30
1 24
2 24
3 28
4 32
5 28
6 34
7 38
8 32
9 29
10 20
11 41
12 24
13 27
14 33
15 29
16 21
17 28
18 21
19 39
20 31
21 26
22 31
23 36
24 23
25 36
26 27
27 26
28 25
29 31
30 39
31 33
32 28
33 28
34 41
35 33
36 23
37 27
38 28
39 32
40 32
41 22
42 22
43 26
44 36
45 32
46 31
47 40
48 27
49 26
50 38
51 30
52 27
53 24
54 36
55 35
56 35
57 36
58 27
59 32
60 24
61 23
62 31
63 34
64 43
65 34
66 32
67 32
68 30
69 28
70 33
71 36
72 36
73 26
74 36
75 49
76 15
77 25
78 27
79 34
80 26
81 38
82 27
83 27
84 37
85 36
86 27
87 27
88 31
89 28
90 42
91 22
92 40
93 28
94 31
95 52
96 32
97 37
98 39
99 25
100 37
101 28
102 27
103 40
104 50
105 35
106 41
107 31
108 34
109 39
110 35
111 28
112 27
113 26
114 33
115 38
116 35
117 31
118 39
119 35
120 37
121 34
122 31
123 19
124 42
125 38
126 36
127 31
128 41
129 33
130 30
131 33
132 32
133 42
134 41
135 35
136 36
137 39
138 39
139 38
140 36
141 31
142 30
143 36
144 32
145 34
146 29
147 35
148 30
149 31
150 37
151 29
152 38
153 33
154 38
155 32
156 26
157 31
158 36
159 35
160 37
161 41
162 35
163 32
164 36
165 54
166 32
167 39
168 30
169 37
170 39
171 35
172 38
173 45
174 46
175 34
176 42
177 26
178 32
179 50
180 44
181 36
182 30
183 33
184 36
185 34
186 38
187 42
188 46
189 38
190 43
191 28
192 36
193 25
194 42
195 39
196 21
197 50
198 37
199 45
200 36
201 34
202 25
203 27
204 30
205 34
206 27
207 43
208 27
209 29
210 39
211 25
212 39
213 28
214 32
215 28
216 38
217 42
218 23
219 42
220 28
221 32
222 28
223 31
224 32
225 42
226 26
227 23
228 40
229 42
230 32
231 42
232 28
233 38
234 29
235 38
236 39
237 46
238 37
239 40
240 41
241 33
242 31
243 39
244 36
245 30
246 40
247 29
248 39
249 35
250 37
251 26
252 36
253 32
254 39
255 35
256 27
257 34
258 39
259 32
260 29
261 36
262 39
263 28
264 38
265 47
266 36
267 47
268 41
269 28
270 40
271 37
272 35
273 40
274 42
275 34
276 32
277 37
278 35
279 34
280 34
281 36
282 37
283 29
284 36
285 37
286 29
287 30
288 38
289 26
290 47
291 37
292 35
293 34
294 31
295 46
296 37
297 34
298 33
299 31
300 50
301 43
302 46
303 50
304 28
305 37
306 30
307 20
308 31
309 32
310 29
311 42
312 42
313 27
314 39
315 44
316 36
317 42
318 48
319 31
320 32
321 30
322 46
323 31
324 46
325 35
326 45
327 33
328 29
329 32
330 41
331 25
332 31
333 30
334 30
335 45
336 25
337 34
338 35
339 32
340 38
341 26
342 45
343 44
344 38
345 42
346 27
347 34
348 40
349 34
350 34
351 24
352 30
353 33
354 47
355 30
356 37
357 40
358 41
359 31
360 34
361 37
362 43
363 27
364 36
365 33
366 41
367 30
368 42
369 34
370 36
371 40
372 52
373 35
374 31
375 28
376 42
377 43
378 45
379 33
380 45
381 38
382 34
383 41
384 47
385 36
386 34
387 40
388 26
389 39
390 24
391 40
392 40
393 29
394 33
395 44
396 47
397 42
398 42
399 36
400 31
401 35
402 46
403 32
404 43
405 40
406 45
407 40
408 50
409 46
410 43
411 28
412 30
413 29
414 44
415 32
416 34
417 34
418 24
419 39
420 39
421 46
422 32
423 45
424 37
425 45
426 35
427 38
428 35
429 46
430 38
431 34
432 38
433 26
434 27
435 33
436 42
437 30
438 46
439 34
440 34
441 47
442 44
443 48
444 50
445 37
446 38
447 38
448 33
449 33
450 26
451 37
452 50
453 34
454 40
455 35
456 40
457 38
458 31
459 31
460 42
461 45
462 41
463 37
464 43
465 40
466 37
467 44
468 44
469 42
470 46
471 36
472 35
473 28
474 33
475 46
476 34
477 34
478 40
479 44
480 39
481 35
482 28
483 35
484 35
485 41
486 42
487 34
488 39
489 44
490 44
491 37
492 23
493 48
494 48
495 40
496 42
497 31
498 38
499 33
500 37
501 40
502 35
503 46
504 26
505 37
506 43
507 43
508 42
509 44
510 24
511 47
512 42
513 45
514 38
515 32
516 31
517 41
518 56
519 39
520 47
521 51
522 45
523 41
524 42
525 57
526 53
527 45
528 53
529 36
530 56
531 57
532 69
533 87
534 80
535 72
536 77
537 66
538 71
539 88
540 81
541 90
542 91
543 105
544 97
545 121
546 94
547 93
548 120
549 119
550 108
551 70
552 64
553 57
554 70
555 55
556 42
557 43
558 32
559 41
560 27
561 34
562 32
563 30
564 33
565 34
566 48
567 38
568 40
569 43
570 39
571 40
572 51
573 48
574 50
575 41
576 47
577 30
578 45
579 42
580 59
581 43
582 35
583 40
584 38
585 49
586 36
587 35
588 31
589 42
590 42
591 41
592 48
593 42
594 33
595 26
596 34
597 41
598 38
599 48
600 31
601 27
602 39
603 34
604 33
605 40
606 36
607 55
608 37
609 51
610 42
611 35
612 33
613 40
614 34
615 40
616 36
617 36
618 39
619 31
620 32
621 36
622 48
623 36
624 37
625 40
626 41
627 37
628 34
629 28
630 36
631 45
632 31
633 37
634 32
635 40
636 34
637 41
638 47
639 28
640 46
641 43
642 41
643 32
644 45
645 36
646 43
647 48
648 35
649 36
650 37
651 33
652 30
653 47
654 44
655 29
656 34
657 29
658 29
659 38
660 29
661 39
662 34
663 43
664 47
665 26
666 34
667 46
668 37
669 37
670 48
671 42
672 36
673 36
674 35
675 41
676 37
677 43
678 44
679 47
680 40
681 33
682 54
683 40
684 30
685 37
686 37
687 38
688 37
689 31
690 51
691 35
692 34
693 41
694 44
695 32
696 40
697 39
698 31
699 37
700 45
701 41
702 38
703 44
704 31
705 42
706 38
707 42
708 41
709 34
710 46
711 40
712 55
713 25
714 38
715 57
716 30
717 30
718 34
719 38
720 39
721 44
722 47
723 32
724 45
725 46
726 32
727 38
728 39
729 45
730 33
731 38
732 31
733 47
734 44
735 44
736 37
737 30
738 35
739 44
740 31
741 32
742 39
743 50
744 53
745 29
746 41
747 47
748 25
749 30
750 46
751 45
752 44
753 37
754 32
755 30
756 32
757 45
758 41
759 43
760 40
761 35
762 28
763 41
764 42
765 27
766 41
767 41
768 35
769 42
770 35
771 32
772 40
773 31
774 38
775 47
776 29
777 39
778 39
779 42
780 44
781 34
782 43
783 44
784 49
785 35
786 33
787 30
788 31
789 47
790 28
791 40
792 38
793 38
794 33
795 25
796 45
797 36
798 39
799 45
800 48
801 37
802 34
803 39
804 26
805 27
806 46
807 32
808 47
809 42
810 35
811 31
812 31
813 29
814 35
815 32
816 40
817 41
818 45
819 43
820 35
821 24
822 44
823 31
824 36
825 47
826 41
827 36
828 44
829 32
830 38
831 50
832 40
833 32
834 33
835 35
836 31
837 26
838 36
839 39
840 45
841 35
842 35
843 47
844 47
845 37
846 25
847 40
848 31
849 43
850 33
851 41
852 23
853 33
854 34
855 36
856 35
857 43
858 32
859 31
860 37
861 33
862 30
863 26
864 50
865 43
866 35
867 29
868 40
869 47
870 35
871 42
872 48
873 46
874 42
875 38
876 43
877 36
878 45
879 40
880 35
881 39
882 37
883 46
884 36
885 27
886 32
887 34
888 33
889 44
890 40
891 31
892 30
893 41
894 28
895 36
896 37
897 32
898 32
899 46
900 41
901 27
902 32
903 39
904 26
905 41
906 27
907 43
908 35
909 36
910 44
911 43
912 39
913 34
914 44
915 38
916 34
917 38
918 35
919 45
920 39
921 35
922 35
923 37
924 38
925 46
926 41
927 28
928 33
929 35
930 44
931 33
932 38
933 42
934 25
935 43
936 41
937 31
938 39
939 26
940 35
941 42
942 31
943 31
944 30
945 35
946 24
947 38
948 30
949 35
950 40
951 26
952 40
953 48
954 42
955 31
956 38
957 32
958 37
959 31
960 26
961 38
962 28
963 41
964 32
965 25
966 34
967 35
968 33
969 33
970 40
971 29
972 35
973 42
974 33
975 43
976 27
977 35
978 33
979 25
980 26
981 33
982 37
983 32
984 30
985 34
986 40
987 33
988 25
989 40
990 43
991 40
992 38
993 29
994 38
995 36
996 29
997 31
998 28
999 39
1000 27
1001 22
1002 30
1003 36
1004 41
1005 37
1006 34
1007 41
1008 42
1009 37
1010 33
1011 35
1012 34
1013 43
1014 34
1015 32
1016 34
1017 37
1018 32
1019 43
1020 41
1021 31
1022 39
1023 28
1024 32
1025 23
1026 43
1027 23
1028 45
1029 38
1030 33
1031 38
1032 30
1033 32
1034 48
1035 32
1036 41
1037 43
1038 33
1039 48
1040 51
1041 48
1042 61
1043 69
1044 63
1045 72
1046 76
1047 76
1048 150
1049 153
1050 183
1051 212
1052 232
1053 225
1054 274
1055 288
1056 248
1057 351
1058 380
1059 470
1060 441
1061 432
1062 557
1063 647
1064 665
1065 683
1066 513
1067 437
1068 390
1069 357
1070 295
1071 260
1072 237
1073 134
1074 97
1075 62
1076 49
1077 39
1078 39
1079 48
1080 42
1081 39
1082 33
1083 38
1084 34
1085 53
1086 29
1087 29
1088 38
1089 39
1090 31
1091 28
1092 39
1093 39
1094 32
1095 29
1096 26
1097 27
1098 36
1099 30
1100 29
1101 37
1102 24
1103 28
1104 33
1105 36
1106 24
1107 37
1108 37
1109 38
1110 30
1111 30
1112 31
1113 29
1114 43
1115 41
1116 40
1117 28
1118 29
1119 41
1120 39
1121 32
1122 35
1123 39
1124 32
1125 41
1126 28
1127 37
1128 25
1129 37
1130 43
1131 43
1132 45
1133 31
1134 26
1135 34
1136 23
1137 23
1138 23
1139 33
1140 40
1141 32
1142 31
1143 37
1144 38
1145 43
1146 34
1147 33
1148 45
1149 28
1150 25
1151 29
1152 28
1153 45
1154 36
1155 34
1156 23
1157 34
1158 36
1159 38
1160 35
1161 45
1162 23
1163 28
1164 28
1165 42
1166 21
1167 29
1168 29
1169 31
1170 31
1171 25
1172 25
1173 27
1174 31
1175 36
1176 40
1177 26
1178 31
1179 33
1180 38
1181 31
1182 43
1183 57
1184 47
1185 43
1186 37
1187 41
1188 42
1189 51
1190 42
1191 57
1192 41
1193 68
1194 46
1195 66
1196 55
1197 70
1198 61
1199 67
1200 60
1201 55
1202 77
1203 69
1204 47
1205 36
1206 52
1207 54
1208 35
1209 38
1210 45
1211 39
1212 18
1213 28
1214 36
1215 25
1216 34
1217 27
1218 35
1219 32
1220 31
1221 24
1222 26
1223 19
1224 30
1225 28
1226 31
1227 28
1228 26
1229 42
1230 27
1231 42
1232 33
1233 32
1234 29
1235 26
1236 25
1237 53
1238 24
1239 26
1240 27
1241 21
1242 30
1243 24
1244 35
1245 30
1246 43
1247 31
1248 20
1249 25
1250 32
1251 34
1252 48
1253 38
1254 30
1255 33
1256 27
1257 31
1258 29
1259 29
1260 29
1261 33
1262 27
1263 23
1264 18
1265 29
1266 31
1267 22
1268 31
1269 20
1270 18
1271 21
1272 15
1273 24
1274 27
1275 16
1276 27
1277 21
1278 22
1279 24
1280 33
1281 23
1282 32
1283 25
1284 31
1285 31
1286 23
1287 32
1288 36
1289 24
1290 35
1291 24
1292 24
1293 15
1294 23
1295 21
1296 25
1297 29
1298 33
1299 15
1300 32
1301 30
1302 31
1303 22
1304 30
1305 24
1306 29
1307 28
1308 19
1309 19
1310 21
1311 25
1312 30
1313 22
1314 22
1315 29
1316 28
1317 37
1318 31
1319 23
1320 22
1321 28
1322 17
1323 21
1324 27
1325 20
1326 22
1327 26
1328 23
1329 25
1330 24
1331 44
1332 40
1333 53
1334 40
1335 72
1336 79
1337 76
1338 87
1339 86
1340 76
1341 73
1342 79
1343 96
1344 176
1345 198
1346 180
1347 187
1348 246
1349 233
1350 218
1351 242
1352 257
1353 186
1354 173
1355 211
1356 255
1357 200
1358 164
1359 169
1360 126
1361 79
1362 49
1363 52
1364 49
1365 42
1366 21
1367 33
1368 28
1369 26
1370 25
1371 28
1372 14
1373 26
1374 19
1375 24
1376 19
1377 20
1378 28
1379 23
1380 32
1381 26
1382 32
1383 24
1384 27
1385 31
1386 27
1387 19
1388 22
1389 18
1390 20
1391 24
1392 14
1393 16
1394 28
1395 27
1396 20
1397 22
1398 21
1399 28
1400 17
1401 24
1402 20
1403 16
1404 18
1405 35
1406 29
1407 20
1408 33
1409 24
1410 25
1411 30
1412 23
1413 23
1414 12
1415 21
1416 18
1417 23
1418 34
1419 29
1420 24
1421 20
1422 16
1423 23
1424 16
1425 17
1426 21
1427 15
1428 26
1429 23
1430 23
1431 29
1432 25
1433 17
1434 23
1435 14
1436 22
1437 29
1438 21
1439 22
1440 24
1441 20
1442 20
1443 25
1444 29
1445 17
1446 31
1447 22
1448 23
1449 19
1450 23
1451 30
1452 25
1453 21
1454 17
1455 18
1456 22
1457 34
1458 22
1459 19
1460 22
1461 17
1462 23
1463 27
1464 17
1465 24
1466 16
1467 24
1468 19
1469 14
1470 19
1471 31
1472 35
1473 17
1474 14
1475 18
1476 20
1477 21
1478 17
1479 22
1480 14
1481 25
1482 20
1483 28
1484 26
1485 25
1486 15
1487 23
1488 26
1489 22
1490 17
1491 24
1492 23
1493 31
1494 22
1495 22
1496 31
1497 22
1498 18
1499 29
1500 25
1501 23
1502 22
1503 26
1504 20
1505 17
1506 16
1507 25
1508 11
1509 28
1510 24
1511 14
1512 20
1513 24
1514 27
1515 20
1516 20
1517 27
1518 11
1519 17
1520 19
1521 15
1522 16
1523 23
1524 25
1525 24
1526 18
1527 18
1528 16
1529 23
1530 21
1531 14
1532 15
1533 15
1534 24
1535 20
1536 21
1537 20
1538 28
1539 18
1540 25
1541 14
1542 28
1543 19
1544 28
1545 26
1546 21
1547 19
1548 21
1549 12
1550 33
1551 28
1552 19
1553 16
1554 28
1555 20
1556 15
1557 18
1558 15
1559 17
1560 27
1561 25
1562 18
1563 22
1564 24
1565 19
1566 20
1567 16
1568 23
1569 13
1570 24
1571 17
1572 22
1573 22
1574 18
1575 23
1576 24
1577 20
1578 16
1579 20
1580 16
1581 19
1582 20
1583 14
1584 19
1585 22
1586 19
1587 21
1588 21
1589 21
1590 17
1591 19
1592 28
1593 20
1594 20
1595 19
1596 21
1597 16
1598 21
1599 16
1600 23
1601 24
1602 16
1603 18
1604 19
1605 20
1606 20
1607 24
1608 19
1609 20
1610 21
1611 17
1612 29
1613 22
1614 21
1615 24
1616 32
1617 28
1618 18
1619 15
1620 20
1621 20
1622 19
1623 13
1624 21
1625 13
1626 16
1627 23
1628 22
1629 17
1630 22
1631 21
1632 13
1633 17
1634 19
1635 15
1636 21
1637 29
1638 22
1639 18
1640 15
1641 18
1642 15
1643 18
1644 15
1645 25
1646 21
1647 16
1648 9
1649 13
1650 12
1651 15
1652 25
1653 25
1654 20
1655 23
1656 15
1657 26
1658 17
1659 22
1660 24
1661 18
1662 19
1663 25
1664 23
1665 15
1666 13
1667 21
1668 16
1669 22
1670 28
1671 24
1672 20
1673 15
1674 18
1675 21
1676 19
1677 14
1678 15
1679 26
1680 18
1681 13
1682 24
1683 15
1684 15
1685 25
1686 18
1687 17
1688 15
1689 15
1690 25
1691 19
1692 23
1693 20
1694 15
1695 16
1696 22
1697 21
1698 21
1699 23
1700 16
1701 24
1702 12
1703 19
1704 25
1705 21
1706 20
1707 14
1708 19
1709 25
1710 23
1711 16
1712 21
1713 18
1714 12
1715 17
1716 18
1717 9
1718 17
1719 23
1720 21
1721 23
1722 19
1723 15
1724 15
1725 22
1726 20
1727 20
1728 18
1729 11
1730 12
1731 21
1732 14
1733 14
1734 19
1735 17
1736 18
1737 29
1738 23
1739 27
1740 18
1741 25
1742 19
1743 18
1744 19
1745 13
1746 21
1747 16
1748 19
1749 21
1750 27
1751 25
1752 20
1753 23
1754 20
1755 24
1756 22
1757 19
1758 19
1759 25
1760 27
1761 26
1762 33
1763 21
1764 19
1765 18
1766 18
1767 17
1768 20
1769 19
1770 16
1771 16
1772 11
1773 18
1774 17
1775 16
1776 22
1777 25
1778 23
1779 16
1780 14
1781 20
1782 13
1783 13
1784 23
1785 18
1786 17
1787 16
1788 23
1789 19
1790 25
1791 34
1792 25
1793 40
1794 35
1795 47
1796 43
1797 64
1798 48
1799 22
1800 48
1801 42
1802 74
1803 85
1804 81
1805 80
1806 128
1807 162
1808 138
1809 133
1810 121
1811 127
1812 129
1813 145
1814 116
1815 128
1816 106
1817 79
1818 93
1819 145
1820 116
1821 57
1822 59
1823 56
1824 36
1825 35
1826 34
1827 36
1828 24
1829 29
1830 27
1831 20
1832 25
1833 10
1834 9
1835 19
1836 21
1837 31
1838 20
1839 17
1840 29
1841 18
1842 21
1843 12
1844 29
1845 28
1846 21
1847 17
1848 24
1849 16
1850 14
1851 20
1852 18
1853 9
1854 15
1855 31
1856 10
1857 17
1858 18
1859 17
1860 15
1861 18
1862 19
1863 23
1864 11
1865 13
1866 19
1867 18
1868 14
1869 22
1870 17
1871 19
1872 19
1873 15
1874 14
1875 22
1876 15
1877 16
1878 18
1879 15
1880 20
1881 21
1882 13
1883 20
1884 23
1885 25
1886 19
1887 16
1888 20
1889 23
1890 18
1891 17
1892 15
1893 27
1894 19
1895 20
1896 16
1897 14
1898 10
1899 17
1900 18
1901 25
1902 24
1903 12
1904 13
1905 20
1906 17
1907 11
1908 11
1909 19
1910 17
1911 13
1912 10
1913 28
1914 23
1915 20
1916 17
1917 17
1918 22
1919 18
1920 20
1921 19
1922 15
1923 14
1924 20
1925 14
1926 27
1927 15
1928 18
1929 16
1930 16
1931 12
1932 15
1933 8
1934 8
1935 20
1936 22
1937 20
1938 16
1939 13
1940 17
1941 22
1942 11
1943 19
1944 25
1945 14
1946 18
1947 15
1948 18
1949 17
1950 15
1951 21
1952 24
1953 16
1954 13
1955 18
1956 12
1957 20
1958 16
1959 24
1960 19
1961 11
1962 20
1963 19
1964 18
1965 17
1966 17
1967 21
1968 18
1969 26
1970 23
1971 18
1972 10
1973 23
1974 13
1975 18
1976 25
1977 23
1978 23
1979 14
1980 19
1981 16
1982 21
1983 14
1984 17
1985 12
1986 12
1987 21
1988 12
1989 20
1990 18
1991 20
1992 17
1993 15
1994 17
1995 25
1996 22
1997 18
1998 13
1999 12
2000 22
2001 19
2002 21
2003 18
2004 15
2005 23
2006 10
2007 17
2008 12
2009 19
2010 15
2011 25
2012 24
2013 19
2014 11
2015 15
2016 8
2017 15
2018 14
2019 16
2020 12
2021 16
2022 29
2023 18
2024 22
2025 20
2026 22
2027 20
2028 14
2029 20
2030 15
2031 15
2032 15
2033 16
2034 22
2035 24
2036 16
2037 19
2038 32
2039 25
2040 17
2041 31
2042 25
2043 24
2044 36
2045 37
2046 44
2047 49
2048 47
2049 50
2050 55
2051 80
2052 88
2053 121
2054 164
2055 180
2056 153
2057 115
2058 162
2059 160
2060 172
2061 232
2062 219
2063 312
2064 336
2065 229
2066 278
2067 280
2068 395
2069 389
2070 476
2071 535
2072 595
2073 544
2074 449
2075 489
2076 425
2077 262
2078 262
2079 240
2080 241
2081 206
2082 173
2083 132
2084 122
2085 109
2086 67
2087 55
2088 47
2089 47
2090 40
2091 39
2092 23
2093 28
2094 31
2095 26
2096 20
2097 17
2098 23
2099 18
2100 23
2101 22
2102 14
2103 21
2104 20
2105 21
2106 16
2107 17
2108 20
2109 21
2110 17
2111 14
2112 17
2113 15
2114 16
2115 24
2116 19
2117 15
2118 18
2119 19
2120 7
2121 22
2122 22
2123 12
2124 19
2125 11
2126 14
2127 20
2128 16
2129 20
2130 19
2131 10
2132 18
2133 20
2134 15
2135 10
2136 16
2137 8
2138 21
2139 20
2140 18
2141 19
2142 15
2143 13
2144 13
2145 17
2146 20
2147 15
2148 12
2149 22
2150 20
2151 12
2152 17
2153 20
2154 22
2155 17
2156 14
2157 17
2158 17
2159 19
2160 12
2161 16
2162 17
2163 15
2164 18
2165 21
2166 13
2167 17
2168 16
2169 16
2170 15
2171 20
2172 10
2173 25
2174 11
2175 10
2176 16
2177 16
2178 18
2179 17
2180 11
2181 14
2182 21
2183 18
2184 17
2185 17
2186 17
2187 24
2188 20
2189 12
2190 17
2191 16
2192 17
2193 16
2194 25
2195 16
2196 15
2197 20
2198 13
2199 4
2200 12
2201 17
2202 15
2203 13
2204 21
2205 15
2206 14
2207 19
2208 12
2209 15
2210 12
2211 18
2212 15
2213 14
2214 11
2215 8
2216 14
2217 16
2218 20
2219 15
2220 13
2221 6
2222 14
2223 16
2224 15
2225 15
2226 15
2227 21
2228 10
2229 5
2230 17
2231 9
2232 14
2233 15
2234 10
2235 11
2236 13
2237 19
2238 9
2239 16
2240 17
2241 20
2242 16
2243 10
2244 16
2245 18
2246 15
2247 18
2248 16
2249 18
2250 17
2251 17
2252 20
2253 24
2254 29
2255 38
2256 44
2257 38
2258 51
2259 47
2260 50
2261 41
2262 49
2263 72
2264 60
2265 73
2266 66
2267 53
2268 83
2269 79
2270 99
2271 95
2272 97
2273 105
2274 74
2275 69
2276 70
2277 70
2278 96
2279 74
2280 79
2281 75
2282 75
2283 67
2284 58
2285 38
2286 36
2287 24
2288 35
2289 53
2290 30
2291 24
2292 19
2293 25
2294 10
2295 21
2296 17
2297 23
2298 15
2299 8
2300 11
2301 15
2302 14
2303 7
2304 15
2305 22
2306 19
2307 17
2308 16
2309 8
2310 18
2311 10
2312 13
2313 14
2314 13
2315 16
2316 18
2317 16
2318 16
2319 16
2320 16
2321 11
2322 7
2323 11
2324 17
2325 15
2326 16
2327 14
2328 14
2329 16
2330 3
2331 8
2332 11
2333 9
2334 13
2335 16
2336 12
2337 10
2338 9
2339 14
2340 8
2341 8
2342 14
2343 14
2344 13
2345 21
2346 18
2347 9
2348 15
2349 16
2350 13
2351 7
2352 16
2353 14
2354 6
2355 10
2356 12
2357 13
2358 14
2359 13
2360 16
2361 13
2362 15
2363 12
2364 9
2365 12
2366 12
2367 19
2368 10
2369 14
2370 12
2371 11
2372 20
2373 11
2374 15
2375 9
2376 13
2377 14
2378 15
2379 10
2380 14
2381 13
2382 12
2383 6
2384 8
2385 10
2386 8
2387 19
2388 9
2389 9
2390 13
2391 8
2392 21
2393 14
2394 18
2395 10
2396 11
2397 11
2398 11
2399 21
2400 11
2401 11
2402 10
2403 16
2404 8
2405 11
2406 13
2407 18
2408 15
2409 16
2410 15
2411 11
2412 15
2413 16
2414 12
2415 5
2416 12
2417 14
2418 13
2419 13
2420 14
2421 10
2422 17
2423 16
2424 13
2425 10
2426 16
2427 21
2428 12
2429 12
2430 13
2431 12
2432 9
2433 11
2434 11
2435 13
2436 7
2437 16
2438 16
2439 12
2440 16
2441 12
2442 12
2443 10
2444 15
2445 13
2446 11
2447 14
2448 12
2449 9
2450 14
2451 11
2452 15
2453 12
2454 13
2455 13
2456 10
2457 12
2458 14
2459 20
2460 16
2461 10
2462 11
2463 12
2464 15
2465 18
2466 11
2467 12
2468 13
2469 7
2470 16
2471 11
2472 13
2473 9
2474 10
2475 11
2476 9
2477 16
2478 14
2479 12
2480 15
2481 8
2482 11
2483 10
2484 20
2485 12
2486 16
2487 17
2488 7
2489 13
2490 15
2491 14
2492 5
2493 13
2494 11
2495 10
2496 13
2497 11
2498 18
2499 14
2500 11
2501 11
2502 17
2503 10
2504 7
2505 12
2506 13
2507 12
2508 14
2509 19
2510 9
2511 10
2512 10
2513 12
2514 12
2515 14
2516 15
2517 10
2518 16
2519 14
2520 16
2521 12
2522 12
2523 14
2524 15
2525 17
2526 7
2527 13
2528 17
2529 14
2530 13
2531 17
2532 15
2533 15
2534 9
2535 11
2536 20
2537 16
2538 19
2539 18
2540 12
2541 25
2542 21
2543 12
2544 28
2545 26
2546 18
2547 25
2548 21
2549 27
2550 31
2551 30
2552 32
2553 30
2554 43
2555 43
2556 53
2557 58
2558 47
2559 61
