0 43
1 22
2 17
3 25
4 23
5 22
6 19
7 26
8 14
9 20
10 20
11 28
12 20
13 23
14 27
15 28
16 29
17 30
18 21
19 20
20 30
21 19
22 17
23 31
24 19
25 21
26 29
27 22
28 20
29 33
30 22
31 21
32 30
33 27
34 23
35 18
36 31
37 20
38 19
39 27
40 30
41 20
42 19
43 29
44 22
45 28
46 31
47 13
48 24
49 27
50 19
51 26
52 32
53 20
54 35
55 26
56 26
57 17
58 15
59 37
60 26
61 29
62 24
63 22
64 26
65 27
66 27
67 27
68 30
69 29
70 20
71 21
72 33
73 15
74 25
75 30
76 35
77 23
78 20
79 21
80 26
81 21
82 24
83 23
84 28
85 33
86 36
87 34
88 32
89 23
90 28
91 17
92 23
93 23
94 21
95 19
96 23
97 24
98 32
99 31
100 28
101 32
102 22
103 30
104 33
105 18
106 15
107 28
108 26
109 28
110 24
111 26
112 19
113 23
114 26
115 21
116 33
117 28
118 18
119 29
120 32
121 38
122 17
123 16
124 25
125 23
126 19
127 28
128 22
129 21
130 22
131 22
132 32
133 23
134 24
135 29
136 28
137 24
138 27
139 19
140 35
141 30
142 25
143 29
144 33
145 23
146 32
147 26
148 21
149 37
150 35
151 34
152 28
153 33
154 26
155 40
156 26
157 34
158 25
159 29
160 30
161 19
162 25
163 24
164 31
165 29
166 34
167 23
168 30
169 32
170 26
171 23
172 27
173 30
174 30
175 17
176 20
177 28
178 26
179 30
180 31
181 29
182 32
183 38
184 24
185 28
186 30
187 26
188 29
189 31
190 25
191 32
192 27
193 30
194 31
195 25
196 22
197 41
198 29
199 24
200 30
201 24
202 29
203 27
204 28
205 25
206 42
207 30
208 28
209 19
210 26
211 24
212 24
213 30
214 25
215 27
216 29
217 31
218 33
219 30
220 27
221 33
222 26
223 31
224 17
225 19
226 17
227 26
228 33
229 19
230 29
231 42
232 20
233 25
234 26
235 26
236 21
237 32
238 30
239 23
240 32
241 24
242 23
243 28
244 25
245 43
246 24
247 27
248 30
249 39
250 27
251 25
252 19
253 42
254 17
255 32
256 33
257 31
258 27
259 20
260 28
261 21
262 35
263 29
264 32
265 17
266 26
267 36
268 31
269 31
270 29
271 31
272 32
273 29
274 37
275 23
276 22
277 26
278 46
279 31
280 26
281 29
282 24
283 25
284 35
285 24
286 17
287 34
288 21
289 24
290 33
291 30
292 26
293 25
294 28
295 38
296 21
297 19
298 27
299 26
300 28
301 33
302 29
303 29
304 16
305 29
306 29
307 32
308 25
309 36
310 31
311 36
312 34
313 32
314 33
315 29
316 42
317 39
318 23
319 39
320 26
321 19
322 28
323 29
324 30
325 27
326 29
327 27
328 40
329 30
330 23
331 31
332 41
333 30
334 25
335 38
336 29
337 29
338 21
339 26
340 34
341 25
342 35
343 24
344 28
345 28
346 35
347 41
348 26
349 30
350 41
351 32
352 22
353 27
354 29
355 28
356 25
357 46
358 34
359 24
360 26
361 25
362 25
363 30
364 29
365 27
366 40
367 19
368 29
369 31
370 32
371 29
372 34
373 30
374 24
375 42
376 26
377 25
378 29
379 26
380 28
381 33
382 27
383 18
384 27
385 31
386 27
387 28
388 36
389 29
390 35
391 27
392 35
393 33
394 27
395 27
396 36
397 29
398 28
399 26
400 31
401 29
402 40
403 26
404 26
405 32
406 43
407 45
408 31
409 40
410 30
411 29
412 28
413 24
414 33
415 28
416 27
417 25
418 35
419 20
420 36
421 26
422 31
423 22
424 35
425 34
426 28
427 36
428 29
429 28
430 41
431 21
432 35
433 32
434 15
435 34
436 30
437 30
438 29
439 34
440 25
441 34
442 32
443 34
444 37
445 35
446 33
447 29
448 23
449 38
450 22
451 29
452 37
453 27
454 33
455 38
456 34
457 23
458 29
459 31
460 40
461 31
462 45
463 36
464 35
465 25
466 29
467 33
468 24
469 23
470 24
471 21
472 35
473 28
474 38
475 27
476 39
477 18
478 37
479 30
480 34
481 38
482 30
483 31
484 29
485 25
486 32
487 27
488 30
489 28
490 34
491 27
492 37
493 26
494 37
495 37
496 36
497 36
498 39
499 34
500 32
501 27
502 31
503 36
504 34
505 29
506 22
507 39
508 36
509 38
510 23
511 40
512 41
513 35
514 31
515 31
516 30
517 33
518 32
519 35
520 34
521 31
522 29
523 26
524 37
525 30
526 25
527 36
528 38
529 36
530 38
531 36
532 32
533 31
534 28
535 31
536 28
537 40
538 26
539 24
540 36
541 42
542 39
543 29
544 39
545 33
546 38
547 39
548 31
549 37
550 35
551 43
552 29
553 33
554 32
555 35
556 30
557 22
558 51
559 28
560 32
561 40
562 37
563 36
564 36
565 31
566 42
567 33
568 31
569 25
570 34
571 40
572 32
573 28
574 30
575 38
576 40
577 27
578 39
579 31
580 36
581 32
582 31
583 28
584 33
585 30
586 32
587 35
588 28
589 30
590 35
591 39
592 39
593 29
594 44
595 44
596 40
597 42
598 40
599 41
600 32
601 33
602 29
603 27
604 33
605 38
606 33
607 30
608 22
609 39
610 33
611 31
612 35
613 38
614 49
615 43
616 29
617 28
618 41
619 27
620 34
621 26
622 30
623 37
624 34
625 32
626 40
627 39
628 40
629 41
630 42
631 39
632 37
633 36
634 39
635 38
636 29
637 43
638 35
639 42
640 33
641 55
642 60
643 52
644 62
645 50
646 63
647 65
648 78
649 84
650 113
651 126
652 122
653 137
654 92
655 109
656 113
657 119
658 121
659 107
660 116
661 76
662 70
663 54
664 50
665 38
666 55
667 48
668 41
669 41
670 32
671 33
672 38
673 36
674 34
675 40
676 34
677 27
678 25
679 40
680 25
681 41
682 38
683 40
684 26
685 42
686 36
687 31
688 34
689 23
690 33
691 30
692 21
693 39
694 26
695 46
696 25
697 33
698 40
699 51
700 32
701 32
702 29
703 28
704 35
705 29
706 39
707 36
708 35
709 42
710 33
711 34
712 39
713 25
714 34
715 26
716 49
717 38
718 40
719 30
720 37
721 34
722 35
723 38
724 29
725 32
726 38
727 36
728 26
729 31
730 43
731 32
732 34
733 26
734 29
735 31
736 27
737 35
738 29
739 46
740 41
741 33
742 42
743 32
744 35
745 32
746 35
747 31
748 33
749 45
750 32
751 30
752 38
753 38
754 26
755 38
756 30
757 31
758 35
759 35
760 42
761 26
762 27
763 31
764 22
765 31
766 29
767 30
768 38
769 34
770 32
771 36
772 31
773 44
774 38
775 24
776 38
777 43
778 30
779 37
780 36
781 35
782 38
783 29
784 31
785 32
786 22
787 34
788 24
789 29
790 35
791 24
792 38
793 27
794 40
795 36
796 41
797 26
798 28
799 36
800 30
801 35
802 36
803 34
804 27
805 19
806 26
807 30
808 43
809 26
810 41
811 40
812 34
813 33
814 36
815 38
816 38
817 38
818 28
819 49
820 40
821 22
822 27
823 31
824 35
825 40
826 36
827 34
828 29
829 31
830 32
831 40
832 30
833 31
834 31
835 25
836 38
837 35
838 32
839 33
840 30
841 40
842 23
843 34
844 32
845 36
846 30
847 37
848 33
849 39
850 44
851 27
852 23
853 35
854 51
855 32
856 35
857 31
858 27
859 21
860 34
861 26
862 39
863 24
864 27
865 30
866 32
867 31
868 28
869 31
870 36
871 34
872 30
873 28
874 38
875 36
876 30
877 30
878 36
879 33
880 24
881 36
882 34
883 41
884 37
885 40
886 31
887 36
888 33
889 34
890 30
891 36
892 32
893 30
894 45
895 20
896 30
897 34
898 32
899 34
900 39
901 18
902 34
903 26
904 30
905 28
906 31
907 35
908 21
909 36
910 25
911 33
912 25
913 22
914 25
915 28
916 36
917 33
918 28
919 28
920 26
921 21
922 24
923 30
924 38
925 33
926 27
927 27
928 33
929 27
930 30
931 25
932 43
933 32
934 29
935 27
936 27
937 34
938 33
939 29
940 30
941 23
942 33
943 28
944 38
945 32
946 33
947 27
948 32
949 28
950 24
951 21
952 27
953 20
954 26
955 36
956 40
957 41
958 31
959 30
960 28
961 18
962 22
963 23
964 21
965 26
966 23
967 28
968 32
969 26
970 17
971 26
972 29
973 28
974 31
975 35
976 32
977 35
978 34
979 35
980 20
981 33
982 28
983 41
984 20
985 17
986 50
987 32
988 40
989 26
990 27
991 37
992 25
993 31
994 25
995 25
996 30
997 39
998 28
999 25
1000 29
1001 27
1002 34
1003 38
1004 25
1005 34
1006 32
1007 44
1008 38
1009 26
1010 29
1011 32
1012 38
1013 30
1014 41
1015 32
1016 27
1017 30
1018 30
1019 26
1020 31
1021 26
1022 29
1023 24
1024 33
1025 33
1026 36
1027 28
1028 29
1029 24
1030 28
1031 22
1032 28
1033 30
1034 30
1035 38
1036 35
1037 35
1038 31
1039 38
1040 38
1041 24
1042 31
1043 33
1044 25
1045 31
1046 24
1047 31
1048 35
1049 33
1050 30
1051 30
1052 19
1053 22
1054 28
1055 30
1056 36
1057 36
1058 34
1059 18
1060 42
1061 26
1062 26
1063 40
1064 25
1065 31
1066 17
1067 33
1068 28
1069 33
1070 24
1071 33
1072 36
1073 28
1074 28
1075 24
1076 31
1077 15
1078 24
1079 44
1080 25
1081 25
1082 25
1083 26
1084 31
1085 48
1086 34
1087 34
1088 35
1089 27
1090 28
1091 29
1092 24
1093 29
1094 23
1095 29
1096 25
1097 35
1098 24
1099 21
1100 29
1101 25
1102 30
1103 23
1104 14
1105 24
1106 31
1107 37
1108 22
1109 35
1110 15
1111 22
1112 33
1113 27
1114 39
1115 30
1116 40
1117 39
1118 37
1119 24
1120 22
1121 32
1122 32
1123 29
1124 28
1125 33
1126 25
1127 30
1128 26
1129 30
1130 38
1131 24
1132 29
1133 34
1134 34
1135 24
1136 28
1137 21
1138 41
1139 43
1140 37
1141 22
1142 29
1143 40
1144 43
1145 24
1146 30
1147 28
1148 31
1149 23
1150 27
1151 26
1152 34
1153 27
1154 44
1155 24
1156 35
1157 25
1158 34
1159 32
1160 40
1161 36
1162 38
1163 37
1164 25
1165 34
1166 31
1167 30
1168 29
1169 22
1170 20
1171 37
1172 30
1173 33
1174 30
1175 29
1176 34
1177 43
1178 30
1179 21
1180 28
1181 21
1182 34
1183 30
1184 32
1185 54
1186 45
1187 56
1188 72
1189 72
1190 95
1191 130
1192 172
1193 186
1194 211
1195 261
1196 248
1197 318
1198 291
1199 370
1200 403
1201 421
1202 467
1203 543
1204 623
1205 782
1206 794
1207 794
1208 712
1209 453
1210 357
1211 292
1212 227
1213 151
1214 139
1215 80
1216 58
1217 58
1218 35
1219 26
1220 30
1221 44
1222 30
1223 25
1224 31
1225 23
1226 34
1227 18
1228 32
1229 32
1230 24
1231 28
1232 26
1233 36
1234 35
1235 27
1236 21
1237 28
1238 29
1239 25
1240 35
1241 25
1242 23
1243 36
1244 21
1245 32
1246 35
1247 32
1248 28
1249 28
1250 29
1251 24
1252 22
1253 30
1254 28
1255 35
1256 24
1257 36
1258 30
1259 33
1260 29
1261 19
1262 20
1263 30
1264 23
1265 24
1266 31
1267 15
1268 39
1269 25
1270 28
1271 15
1272 27
1273 22
1274 25
1275 18
1276 14
1277 10
1278 5
1279 2
1280 25
1281 26
1282 21
1283 22
1284 23
1285 20
1286 27
1287 23
1288 30
1289 23
1290 14
1291 26
1292 22
1293 27
1294 22
1295 23
1296 25
1297 18
1298 21
1299 18
1300 25
1301 21
1302 23
1303 15
1304 25
1305 21
1306 18
1307 17
1308 23
1309 22
1310 27
1311 29
1312 23
1313 24
1314 18
1315 24
1316 16
1317 21
1318 25
1319 16
1320 19
1321 23
1322 16
1323 19
1324 24
1325 24
1326 22
1327 28
1328 31
1329 28
1330 22
1331 24
1332 16
1333 26
1334 19
1335 20
1336 23
1337 22
1338 21
1339 18
1340 21
1341 20
1342 27
1343 19
1344 26
1345 17
1346 24
1347 23
1348 26
1349 11
1350 19
1351 26
1352 22
1353 28
1354 37
1355 20
1356 24
1357 19
1358 10
1359 19
1360 19
1361 18
1362 18
1363 24
1364 21
1365 23
1366 21
1367 17
1368 15
1369 16
1370 19
1371 22
1372 23
1373 26
1374 19
1375 18
1376 20
1377 21
1378 29
1379 17
1380 16
1381 17
1382 20
1383 17
1384 17
1385 17
1386 16
1387 23
1388 18
1389 12
1390 13
1391 14
1392 15
1393 20
1394 16
1395 22
1396 19
1397 29
1398 29
1399 10
1400 16
1401 22
1402 15
1403 19
1404 22
1405 19
1406 25
1407 24
1408 23
1409 16
1410 17
1411 24
1412 25
1413 18
1414 27
1415 22
1416 19
1417 18
1418 31
1419 30
1420 29
1421 39
1422 46
1423 44
1424 32
1425 43
1426 43
1427 49
1428 37
1429 54
1430 43
1431 38
1432 51
1433 29
1434 34
1435 32
1436 23
1437 28
1438 24
1439 17
1440 10
1441 24
1442 17
1443 26
1444 24
1445 15
1446 21
1447 18
1448 22
1449 11
1450 27
1451 21
1452 22
1453 20
1454 14
1455 20
1456 15
1457 22
1458 16
1459 28
1460 14
1461 14
1462 18
1463 29
1464 23
1465 21
1466 28
1467 25
1468 22
1469 22
1470 22
1471 26
1472 21
1473 24
1474 18
1475 23
1476 21
1477 17
1478 17
1479 24
1480 21
1481 29
1482 18
1483 22
1484 26
1485 17
1486 15
1487 21
1488 24
1489 21
1490 30
1491 28
1492 22
1493 26
1494 16
1495 13
1496 21
1497 24
1498 33
1499 28
1500 29
1501 36
1502 33
1503 29
1504 46
1505 50
1506 72
1507 95
1508 96
1509 108
1510 163
1511 146
1512 165
1513 186
1514 310
1515 412
1516 434
1517 387
1518 313
1519 322
1520 220
1521 175
1522 149
1523 143
1524 95
1525 120
1526 86
1527 98
1528 66
1529 61
1530 34
1531 32
1532 23
1533 29
1534 18
1535 27
1536 25
1537 16
1538 17
1539 17
1540 15
1541 29
1542 28
1543 20
1544 20
1545 24
1546 22
1547 17
1548 21
1549 25
1550 17
1551 16
1552 27
1553 25
1554 26
1555 14
1556 18
1557 20
1558 25
1559 20
1560 15
1561 22
1562 21
1563 19
1564 20
1565 21
1566 22
1567 18
1568 22
1569 22
1570 17
1571 24
1572 17
1573 17
1574 17
1575 19
1576 22
1577 23
1578 25
1579 28
1580 17
1581 13
1582 15
1583 20
1584 21
1585 27
1586 15
1587 20
1588 11
1589 16
1590 14
1591 17
1592 21
1593 20
1594 19
1595 20
1596 14
1597 23
1598 19
1599 19
1600 17
1601 15
1602 18
1603 11
1604 16
1605 14
1606 21
1607 16
1608 15
1609 13
1610 19
1611 16
1612 19
1613 21
1614 19
1615 17
1616 15
1617 20
1618 16
1619 15
1620 16
1621 21
1622 21
1623 25
1624 18
1625 19
1626 20
1627 17
1628 20
1629 14
1630 18
1631 21
1632 21
1633 23
1634 21
1635 19
1636 15
1637 20
1638 21
1639 15
1640 20
1641 15
1642 25
1643 18
1644 15
1645 19
1646 31
1647 27
1648 17
1649 14
1650 12
1651 15
1652 20
1653 21
1654 10
1655 15
1656 17
1657 17
1658 19
1659 22
1660 14
1661 23
1662 22
1663 21
1664 25
1665 24
1666 27
1667 16
1668 22
1669 18
1670 12
1671 21
1672 14
1673 15
1674 13
1675 16
1676 19
1677 17
1678 26
1679 17
1680 16
1681 18
1682 15
1683 21
1684 14
1685 24
1686 18
1687 20
1688 16
1689 10
1690 18
1691 11
1692 14
1693 21
1694 27
1695 14
1696 18
1697 21
1698 18
1699 18
1700 22
1701 11
1702 19
1703 16
1704 15
1705 9
1706 17
1707 10
1708 16
1709 18
1710 16
1711 20
1712 25
1713 18
1714 12
1715 26
1716 20
1717 20
1718 24
1719 27
1720 22
1721 18
1722 13
1723 16
1724 17
1725 16
1726 15
1727 14
1728 14
1729 18
1730 17
1731 28
1732 16
1733 15
1734 15
1735 16
1736 16
1737 14
1738 19
1739 17
1740 13
1741 20
1742 16
1743 15
1744 19
1745 18
1746 16
1747 10
1748 16
1749 14
1750 11
1751 18
1752 27
1753 17
1754 13
1755 18
1756 16
1757 16
1758 23
1759 14
1760 17
1761 15
1762 11
1763 11
1764 16
1765 13
1766 24
1767 23
1768 20
1769 13
1770 23
1771 13
1772 14
1773 17
1774 20
1775 14
1776 22
1777 15
1778 20
1779 15
1780 12
1781 16
1782 23
1783 22
1784 11
1785 12
1786 22
1787 19
1788 16
1789 10
1790 13
1791 12
1792 20
1793 17
1794 18
1795 9
1796 17
1797 22
1798 24
1799 18
1800 9
1801 14
1802 18
1803 11
1804 14
1805 21
1806 13
1807 20
1808 28
1809 26
1810 26
1811 17
1812 19
1813 21
1814 20
1815 15
1816 11
1817 18
1818 18
1819 16
1820 17
1821 13
1822 18
1823 16
1824 25
1825 17
1826 12
1827 16
1828 23
1829 14
1830 16
1831 10
1832 13
1833 13
1834 17
1835 15
1836 20
1837 21
1838 13
1839 15
1840 16
1841 15
1842 15
1843 8
1844 21
1845 18
1846 13
1847 13
1848 14
1849 17
1850 14
1851 22
1852 12
1853 12
1854 19
1855 21
1856 10
1857 21
1858 16
1859 10
1860 20
1861 22
1862 19
1863 12
1864 18
1865 17
1866 17
1867 18
1868 17
1869 19
1870 15
1871 15
1872 16
1873 10
1874 22
1875 19
1876 18
1877 14
1878 15
1879 20
1880 19
1881 18
1882 14
1883 17
1884 17
1885 9
1886 20
1887 19
1888 10
1889 12
1890 18
1891 13
1892 9
1893 19
1894 15
1895 13
1896 16
1897 14
1898 16
1899 8
1900 14
1901 13
1902 17
1903 22
1904 12
1905 11
1906 15
1907 13
1908 14
1909 16
1910 17
1911 12
1912 14
1913 17
1914 19
1915 14
1916 14
1917 16
1918 15
1919 14
1920 13
1921 25
1922 17
1923 22
1924 16
1925 19
1926 25
1927 19
1928 15
1929 17
1930 16
1931 16
1932 18
1933 22
1934 24
1935 23
1936 21
1937 14
1938 13
1939 19
1940 18
1941 16
1942 13
1943 14
1944 22
1945 22
1946 14
1947 25
1948 20
1949 19
1950 15
1951 12
1952 21
1953 16
1954 27
1955 11
1956 15
1957 14
1958 31
1959 15
1960 12
1961 15
1962 14
1963 19
1964 10
1965 14
1966 19
1967 22
1968 16
1969 15
1970 13
1971 12
1972 8
1973 14
1974 17
1975 25
1976 21
1977 11
1978 10
1979 20
1980 19
1981 18
1982 17
1983 13
1984 18
1985 19
1986 19
1987 14
1988 12
1989 19
1990 21
1991 21
1992 23
1993 22
1994 34
1995 27
1996 50
1997 69
1998 81
1999 181
2000 234
2001 237
2002 201
2003 170
2004 110
2005 139
2006 119
2007 107
2008 91
2009 75
2010 93
2011 85
2012 118
2013 113
2014 92
2015 53
2016 46
2017 46
2018 44
2019 31
2020 28
2021 21
2022 29
2023 33
2024 14
2025 20
2026 15
2027 11
2028 12
2029 18
2030 14
2031 12
2032 16
2033 11
2034 13
2035 19
2036 13
2037 14
2038 12
2039 17
2040 13
2041 19
2042 14
2043 7
2044 14
2045 17
2046 12
2047 12
2048 12
2049 13
2050 15
2051 14
2052 5
2053 19
2054 15
2055 11
2056 19
2057 16
2058 16
2059 14
2060 14
2061 8
2062 17
2063 19
2064 9
2065 11
2066 15
2067 14
2068 12
2069 8
2070 8
2071 17
2072 8
2073 15
2074 12
2075 16
2076 10
2077 17
2078 16
2079 14
2080 18
2081 21
2082 12
2083 14
2084 13
2085 8
2086 14
2087 15
2088 17
2089 12
2090 17
2091 14
2092 12
2093 17
2094 18
2095 9
2096 19
2097 8
2098 14
2099 13
2100 18
2101 16
2102 16
2103 19
2104 10
2105 17
2106 10
2107 13
2108 12
2109 11
2110 17
2111 15
2112 18
2113 11
2114 18
2115 9
2116 11
2117 12
2118 14
2119 11
2120 17
2121 11
2122 15
2123 14
2124 21
2125 11
2126 10
2127 13
2128 14
2129 15
2130 13
2131 16
2132 18
2133 19
2134 11
2135 13
2136 17
2137 16
2138 14
2139 10
2140 11
2141 11
2142 10
2143 11
2144 6
2145 11
2146 15
2147 15
2148 20
2149 13
2150 11
2151 14
2152 10
2153 14
2154 7
2155 10
2156 13
2157 13
2158 17
2159 14
2160 11
2161 12
2162 20
2163 18
2164 14
2165 15
2166 20
2167 19
2168 22
2169 16
2170 16
2171 16
2172 11
2173 16
2174 12
2175 14
2176 12
2177 15
2178 17
2179 11
2180 9
2181 14
2182 20
2183 20
2184 20
2185 21
2186 18
2187 12
2188 12
2189 13
2190 13
2191 16
2192 14
2193 13
2194 9
2195 13
2196 13
2197 14
2198 12
2199 10
2200 14
2201 11
2202 19
2203 12
2204 17
2205 10
2206 12
2207 22
2208 15
2209 17
2210 16
2211 19
2212 24
2213 23
2214 18
2215 21
2216 16
2217 17
2218 11
2219 14
2220 12
2221 14
2222 14
2223 18
2224 17
2225 20
2226 14
2227 15
2228 15
2229 13
2230 15
2231 10
2232 12
2233 13
2234 12
2235 13
2236 21
2237 17
2238 18
2239 19
2240 17
2241 17
2242 7
2243 10
2244 16
2245 21
2246 14
2247 16
2248 14
2249 17
2250 14
2251 22
2252 17
2253 24
2254 31
2255 25
2256 29
2257 24
2258 35
2259 52
2260 32
2261 65
2262 72
2263 64
2264 81
2265 96
2266 109
2267 170
2268 232
2269 310
2270 385
2271 372
2272 471
2273 485
2274 495
2275 625
2276 726
2277 657
2278 613
2279 553
2280 533
2281 463
2282 455
2283 450
2284 319
2285 279
2286 212
2287 179
2288 196
2289 206
2290 164
2291 161
2292 117
2293 97
2294 62
2295 53
2296 39
2297 34
2298 36
2299 25
2300 21
2301 23
2302 17
2303 15
2304 21
2305 21
2306 17
2307 10
2308 18
2309 17
2310 16
2311 17
2312 10
2313 12
2314 13
2315 12
2316 17
2317 19
2318 17
2319 15
2320 15
2321 14
2322 14
2323 19
2324 20
2325 13
2326 14
2327 11
2328 12
2329 17
2330 13
2331 18
2332 13
2333 9
2334 13
2335 11
2336 15
2337 9
2338 15
2339 11
2340 13
2341 14
2342 18
2343 15
2344 12
2345 15
2346 16
2347 14
2348 10
2349 21
2350 16
2351 9
2352 12
2353 22
2354 24
2355 20
2356 13
2357 10
2358 11
2359 12
2360 10
2361 16
2362 13
2363 11
2364 11
2365 9
2366 12
2367 13
2368 17
2369 11
2370 19
2371 14
2372 16
2373 16
2374 17
2375 11
2376 13
2377 18
2378 10
2379 9
2380 9
2381 19
2382 15
2383 10
2384 18
2385 10
2386 13
2387 15
2388 7
2389 16
2390 15
2391 11
2392 14
2393 13
2394 18
2395 14
2396 14
2397 13
2398 18
2399 18
2400 11
2401 11
2402 8
2403 14
2404 16
2405 16
2406 14
2407 15
2408 15
2409 13
2410 17
2411 14
2412 23
2413 16
2414 15
2415 14
2416 19
2417 15
2418 13
2419 17
2420 20
2421 12
2422 14
2423 12
2424 15
2425 13
2426 10
2427 13
2428 8
2429 16
2430 13
2431 14
2432 10
2433 9
2434 16
2435 11
2436 15
2437 10
2438 7
2439 13
2440 16
2441 9
2442 10
2443 16
2444 15
2445 13
2446 16
2447 12
2448 18
2449 16
2450 16
2451 18
2452 8
2453 14
2454 15
2455 15
2456 15
2457 13
2458 13
2459 19
2460 10
2461 8
2462 12
2463 15
2464 12
2465 18
2466 16
2467 16
2468 7
2469 18
2470 16
2471 21
2472 14
2473 18
2474 6
2475 17
2476 17
2477 23
2478 29
2479 19
2480 25
2481 39
2482 30
2483 50
2484 52
2485 40
2486 60
2487 40
2488 59
2489 50
2490 60
2491 60
2492 66
2493 85
2494 106
2495 106
2496 114
2497 120
2498 85
2499 72
2500 62
2501 62
2502 81
2503 67
2504 49
2505 42
2506 32
2507 27
2508 34
2509 36
2510 24
2511 22
2512 20
2513 24
2514 15
2515 13
2516 8
2517 16
2518 14
2519 16
2520 10
2521 17
2522 11
2523 9
2524 8
2525 19
2526 11
2527 17
2528 8
2529 10
2530 5
2531 9
2532 11
2533 14
2534 18
2535 15
2536 17
2537 5
2538 10
2539 16
2540 11
2541 17
2542 13
2543 11
2544 17
2545 10
2546 18
2547 6
2548 12
2549 8
2550 6
2551 10
2552 8
2553 10
2554 13
2555 9
2556 16
2557 8
2558 3
2559 14
