0 33
1 24
2 33
3 24
4 29
5 25
6 24
7 34
8 31
9 25
10 31
11 31
12 32
13 28
14 27
15 23
16 30
17 18
18 31
19 17
20 34
21 37
22 33
23 31
24 33
25 39
26 27
27 30
28 26
29 29
30 32
31 20
32 23
33 37
34 44
35 38
36 26
37 21
38 25
39 33
40 31
41 28
42 20
43 32
44 30
45 26
46 24
47 37
48 30
49 38
50 22
51 28
52 41
53 26
54 20
55 31
56 28
57 42
58 37
59 25
60 33
61 38
62 33
63 38
64 39
65 42
66 31
67 28
68 33
69 35
70 40
71 32
72 32
73 41
74 28
75 27
76 48
77 30
78 30
79 26
80 34
81 35
82 38
83 26
84 30
85 32
86 42
87 31
88 31
89 23
90 23
91 31
92 52
93 31
94 27
95 36
96 23
97 43
98 35
99 26
100 33
101 33
102 28
103 31
104 41
105 27
106 25
107 33
108 29
109 29
110 21
111 28
112 29
113 24
114 34
115 22
116 47
117 39
118 36
119 27
120 39
121 32
122 30
123 28
124 37
125 35
126 23
127 37
128 31
129 28
130 43
131 25
132 31
133 25
134 33
135 29
136 35
137 38
138 32
139 34
140 37
141 24
142 33
143 50
144 32
145 33
146 38
147 27
148 38
149 35
150 28
151 42
152 29
153 34
154 30
155 40
156 25
157 30
158 41
159 32
160 29
161 54
162 36
163 29
164 32
165 39
166 36
167 31
168 29
169 26
170 39
171 43
172 33
173 39
174 30
175 34
176 28
177 34
178 35
179 41
180 29
181 35
182 30
183 29
184 45
185 33
186 29
187 42
188 30
189 43
190 40
191 35
192 40
193 35
194 31
195 37
196 29
197 43
198 36
199 32
200 36
201 36
202 30
203 46
204 43
205 52
206 36
207 40
208 40
209 28
210 39
211 26
212 25
213 52
214 36
215 38
216 30
217 27
218 48
219 36
220 34
221 37
222 35
223 46
224 37
225 44
226 38
227 39
228 35
229 40
230 33
231 31
232 30
233 32
234 35
235 42
236 36
237 36
238 29
239 33
240 33
241 29
242 34
243 29
244 35
245 29
246 34
247 37
248 35
249 44
250 26
251 20
252 39
253 34
254 25
255 32
256 37
257 32
258 37
259 33
260 28
261 28
262 24
263 29
264 36
265 30
266 33
267 41
268 49
269 30
270 33
271 29
272 26
273 36
274 39
275 35
276 30
277 26
278 29
279 30
280 40
281 29
282 30
283 34
284 31
285 38
286 42
287 34
288 37
289 33
290 30
291 35
292 28
293 34
294 47
295 45
296 44
297 27
298 53
299 34
300 34
301 32
302 42
303 39
304 35
305 42
306 37
307 35
308 36
309 29
310 39
311 41
312 31
313 37
314 33
315 43
316 31
317 36
318 42
319 39
320 40
321 41
322 42
323 47
324 32
325 36
326 44
327 33
328 29
329 29
330 38
331 42
332 33
333 38
334 49
335 39
336 32
337 25
338 40
339 22
340 43
341 54
342 40
343 31
344 38
345 30
346 31
347 39
348 35
349 21
350 42
351 36
352 38
353 39
354 37
355 40
356 32
357 35
358 44
359 36
360 46
361 38
362 29
363 34
364 38
365 32
366 24
367 32
368 33
369 32
370 38
371 39
372 30
373 33
374 44
375 34
376 42
377 29
378 47
379 33
380 27
381 27
382 47
383 37
384 30
385 39
386 39
387 44
388 46
389 33
390 34
391 36
392 39
393 32
394 45
395 33
396 29
397 27
398 33
399 36
400 39
401 43
402 42
403 34
404 20
405 44
406 43
407 36
408 35
409 51
410 39
411 36
412 32
413 45
414 44
415 29
416 36
417 25
418 45
419 47
420 44
421 38
422 38
423 39
424 35
425 29
426 33
427 28
428 37
429 32
430 37
431 34
432 45
433 41
434 33
435 24
436 38
437 35
438 36
439 34
440 38
441 34
442 34
443 35
444 34
445 50
446 34
447 37
448 57
449 31
450 41
451 32
452 33
453 40
454 44
455 30
456 56
457 43
458 43
459 38
460 36
461 44
462 36
463 37
464 38
465 43
466 41
467 43
468 44
469 38
470 39
471 35
472 33
473 41
474 34
475 43
476 40
477 28
478 39
479 27
480 42
481 33
482 45
483 33
484 47
485 35
486 34
487 41
488 39
489 40
490 27
491 36
492 30
493 34
494 42
495 37
496 36
497 37
498 38
499 32
500 41
501 47
502 38
503 38
504 43
505 42
506 43
507 40
508 41
509 36
510 25
511 39
512 36
513 38
514 50
515 48
516 37
517 54
518 27
519 49
520 41
521 40
522 39
523 37
524 37
525 38
526 49
527 44
528 50
529 52
530 47
531 58
532 43
533 53
534 46
535 60
536 64
537 50
538 62
539 81
540 75
541 73
542 58
543 87
544 82
545 86
546 109
547 93
548 100
549 109
550 113
551 106
552 90
553 72
554 124
555 112
556 121
557 70
558 49
559 45
560 50
561 39
562 29
563 41
564 35
565 43
566 41
567 29
568 29
569 26
570 37
571 31
572 38
573 52
574 32
575 48
576 44
577 43
578 33
579 52
580 36
581 45
582 38
583 44
584 29
585 39
586 39
587 52
588 40
589 30
590 41
591 52
592 41
593 41
594 35
595 44
596 36
597 37
598 41
599 38
600 38
601 38
602 34
603 36
604 41
605 46
606 38
607 33
608 43
609 33
610 38
611 33
612 42
613 43
614 39
615 40
616 43
617 41
618 36
619 32
620 43
621 45
622 40
623 39
624 28
625 46
626 42
627 44
628 43
629 28
630 39
631 29
632 47
633 49
634 39
635 30
636 32
637 46
638 47
639 25
640 43
641 40
642 32
643 43
644 48
645 46
646 49
647 47
648 44
649 42
650 25
651 30
652 27
653 33
654 34
655 45
656 34
657 36
658 27
659 39
660 40
661 41
662 36
663 47
664 33
665 27
666 34
667 54
668 40
669 45
670 33
671 46
672 32
673 48
674 42
675 31
676 43
677 38
678 39
679 40
680 29
681 37
682 37
683 30
684 35
685 29
686 35
687 41
688 41
689 40
690 40
691 32
692 39
693 34
694 35
695 37
696 53
697 38
698 50
699 32
700 47
701 43
702 35
703 45
704 42
705 27
706 37
707 34
708 41
709 45
710 45
711 42
712 39
713 43
714 25
715 29
716 38
717 32
718 42
719 38
720 33
721 44
722 31
723 37
724 39
725 43
726 39
727 31
728 40
729 40
730 44
731 34
732 45
733 47
734 41
735 31
736 32
737 41
738 34
739 47
740 31
741 33
742 30
743 39
744 29
745 35
746 50
747 33
748 39
749 32
750 36
751 44
752 38
753 33
754 34
755 32
756 48
757 30
758 38
759 42
760 30
761 41
762 36
763 25
764 36
765 37
766 44
767 35
768 46
769 43
770 33
771 36
772 29
773 41
774 40
775 45
776 45
777 42
778 41
779 38
780 55
781 37
782 44
783 38
784 33
785 39
786 51
787 31
788 53
789 44
790 36
791 41
792 38
793 34
794 32
795 36
796 27
797 36
798 31
799 27
800 35
801 38
802 49
803 37
804 28
805 43
806 35
807 43
808 49
809 28
810 32
811 33
812 46
813 34
814 38
815 36
816 39
817 38
818 33
819 32
820 34
821 28
822 31
823 35
824 34
825 45
826 36
827 47
828 33
829 26
830 30
831 39
832 36
833 33
834 39
835 35
836 31
837 37
838 28
839 42
840 37
841 32
842 37
843 40
844 35
845 44
846 25
847 29
848 38
849 42
850 30
851 36
852 39
853 42
854 35
855 43
856 37
857 29
858 45
859 36
860 38
861 36
862 26
863 25
864 35
865 40
866 31
867 25
868 33
869 38
870 44
871 31
872 34
873 34
874 37
875 36
876 38
877 39
878 38
879 39
880 26
881 19
882 32
883 29
884 46
885 33
886 39
887 39
888 38
889 38
890 47
891 42
892 31
893 35
894 31
895 34
896 46
897 33
898 38
899 40
900 55
901 28
902 45
903 32
904 28
905 48
906 38
907 29
908 33
909 32
910 34
911 35
912 26
913 33
914 42
915 31
916 35
917 36
918 27
919 30
920 44
921 41
922 27
923 28
924 32
925 31
926 36
927 35
928 34
929 37
930 41
931 32
932 41
933 47
934 32
935 33
936 33
937 37
938 46
939 40
940 26
941 33
942 42
943 43
944 32
945 34
946 47
947 48
948 36
949 29
950 42
951 44
952 37
953 32
954 26
955 34
956 26
957 33
958 44
959 33
960 49
961 32
962 41
963 28
964 23
965 31
966 36
967 46
968 32
969 35
970 36
971 29
972 36
973 37
974 36
975 30
976 42
977 25
978 27
979 32
980 37
981 38
982 32
983 38
984 25
985 41
986 33
987 36
988 46
989 36
990 36
991 28
992 35
993 31
994 28
995 29
996 46
997 33
998 32
999 39
1000 35
1001 29
1002 38
1003 30
1004 41
1005 35
1006 31
1007 29
1008 31
1009 30
1010 32
1011 48
1012 34
1013 36
1014 29
1015 36
1016 49
1017 47
1018 37
1019 31
1020 24
1021 46
1022 30
1023 29
1024 43
1025 27
1026 39
1027 39
1028 38
1029 43
1030 34
1031 28
1032 44
1033 34
1034 42
1035 33
1036 39
1037 40
1038 42
1039 33
1040 44
1041 43
1042 34
1043 51
1044 44
1045 48
1046 41
1047 52
1048 52
1049 57
1050 62
1051 89
1052 121
1053 128
1054 166
1055 156
1056 155
1057 178
1058 194
1059 258
1060 297
1061 314
1062 460
1063 661
1064 626
1065 491
1066 458
1067 413
1068 460
1069 523
1070 505
1071 558
1072 637
1073 474
1074 374
1075 277
1076 226
1077 202
1078 97
1079 106
1080 70
1081 52
1082 43
1083 61
1084 42
1085 31
1086 33
1087 42
1088 39
1089 38
1090 34
1091 44
1092 39
1093 42
1094 40
1095 35
1096 31
1097 39
1098 43
1099 30
1100 18
1101 28
1102 24
1103 32
1104 32
1105 28
1106 33
1107 40
1108 27
1109 23
1110 39
1111 41
1112 38
1113 28
1114 32
1115 34
1116 28
1117 35
1118 31
1119 43
1120 33
1121 30
1122 34
1123 24
1124 27
1125 44
1126 38
1127 32
1128 39
1129 27
1130 36
1131 28
1132 29
1133 32
1134 41
1135 40
1136 35
1137 50
1138 32
1139 32
1140 30
1141 40
1142 28
1143 26
1144 28
1145 33
1146 22
1147 24
1148 28
1149 41
1150 29
1151 30
1152 37
1153 28
1154 31
1155 27
1156 37
1157 31
1158 37
1159 30
1160 32
1161 28
1162 31
1163 26
1164 31
1165 37
1166 28
1167 31
1168 37
1169 31
1170 31
1171 34
1172 40
1173 35
1174 32
1175 35
1176 33
1177 29
1178 34
1179 34
1180 41
1181 23
1182 30
1183 30
1184 39
1185 39
1186 38
1187 43
1188 39
1189 29
1190 46
1191 51
1192 49
1193 40
1194 58
1195 47
1196 51
1197 55
1198 67
1199 73
1200 72
1201 54
1202 57
1203 79
1204 89
1205 97
1206 99
1207 62
1208 74
1209 70
1210 88
1211 48
1212 47
1213 46
1214 44
1215 42
1216 40
1217 33
1218 32
1219 39
1220 29
1221 25
1222 28
1223 24
1224 25
1225 28
1226 31
1227 31
1228 32
1229 28
1230 41
1231 25
1232 31
1233 31
1234 30
1235 29
1236 24
1237 31
1238 18
1239 37
1240 37
1241 36
1242 31
1243 26
1244 20
1245 30
1246 29
1247 28
1248 15
1249 29
1250 29
1251 32
1252 21
1253 27
1254 32
1255 25
1256 28
1257 30
1258 22
1259 22
1260 24
1261 25
1262 22
1263 36
1264 27
1265 34
1266 25
1267 39
1268 22
1269 22
1270 20
1271 20
1272 21
1273 22
1274 19
1275 18
1276 9
1277 15
1278 17
1279 16
1280 54
1281 41
1282 35
1283 31
1284 24
1285 23
1286 23
1287 29
1288 18
1289 29
1290 30
1291 33
1292 24
1293 24
1294 36
1295 25
1296 24
1297 17
1298 26
1299 21
1300 29
1301 23
1302 25
1303 25
1304 33
1305 35
1306 21
1307 25
1308 27
1309 29
1310 30
1311 32
1312 18
1313 24
1314 31
1315 33
1316 19
1317 18
1318 25
1319 24
1320 22
1321 22
1322 24
1323 31
1324 29
1325 20
1326 20
1327 21
1328 27
1329 28
1330 20
1331 20
1332 26
1333 26
1334 31
1335 34
1336 31
1337 40
1338 27
1339 43
1340 42
1341 46
1342 49
1343 38
1344 52
1345 58
1346 70
1347 100
1348 104
1349 113
1350 143
1351 148
1352 137
1353 187
1354 229
1355 227
1356 231
1357 340
1358 333
1359 219
1360 164
1361 148
1362 201
1363 138
1364 119
1365 128
1366 130
1367 112
1368 91
1369 70
1370 41
1371 48
1372 47
1373 41
1374 30
1375 34
1376 24
1377 25
1378 22
1379 17
1380 24
1381 20
1382 37
1383 32
1384 30
1385 25
1386 26
1387 25
1388 28
1389 30
1390 23
1391 31
1392 24
1393 31
1394 32
1395 23
1396 26
1397 29
1398 19
1399 17
1400 17
1401 21
1402 27
1403 26
1404 12
1405 31
1406 24
1407 19
1408 23
1409 25
1410 18
1411 25
1412 31
1413 31
1414 30
1415 19
1416 15
1417 13
1418 24
1419 23
1420 25
1421 25
1422 27
1423 29
1424 28
1425 32
1426 29
1427 23
1428 22
1429 23
1430 26
1431 14
1432 25
1433 20
1434 24
1435 20
1436 21
1437 20
1438 19
1439 26
1440 24
1441 26
1442 24
1443 28
1444 19
1445 26
1446 27
1447 27
1448 22
1449 21
1450 21
1451 22
1452 21
1453 31
1454 23
1455 12
1456 18
1457 27
1458 24
1459 24
1460 27
1461 24
1462 25
1463 21
1464 17
1465 21
1466 15
1467 30
1468 22
1469 27
1470 23
1471 20
1472 25
1473 25
1474 25
1475 22
1476 15
1477 26
1478 23
1479 18
1480 21
1481 15
1482 13
1483 15
1484 16
1485 17
1486 19
1487 17
1488 18
1489 23
1490 25
1491 24
1492 17
1493 19
1494 32
1495 26
1496 23
1497 22
1498 20
1499 23
1500 32
1501 25
1502 24
1503 21
1504 17
1505 32
1506 25
1507 19
1508 23
1509 23
1510 24
1511 22
1512 19
1513 27
1514 18
1515 18
1516 16
1517 20
1518 25
1519 23
1520 24
1521 22
1522 25
1523 25
1524 20
1525 21
1526 21
1527 16
1528 20
1529 18
1530 22
1531 33
1532 17
1533 24
1534 21
1535 24
1536 19
1537 18
1538 26
1539 22
1540 22
1541 25
1542 22
1543 19
1544 19
1545 26
1546 21
1547 22
1548 27
1549 20
1550 17
1551 22
1552 17
1553 20
1554 22
1555 21
1556 18
1557 15
1558 21
1559 19
1560 21
1561 13
1562 18
1563 21
1564 22
1565 34
1566 22
1567 24
1568 12
1569 23
1570 12
1571 26
1572 23
1573 21
1574 15
1575 20
1576 18
1577 23
1578 25
1579 25
1580 27
1581 22
1582 25
1583 19
1584 22
1585 25
1586 24
1587 19
1588 19
1589 24
1590 20
1591 20
1592 22
1593 15
1594 18
1595 18
1596 23
1597 19
1598 20
1599 19
1600 17
1601 15
1602 18
1603 23
1604 17
1605 24
1606 23
1607 18
1608 10
1609 18
1610 19
1611 17
1612 16
1613 14
1614 26
1615 19
1616 13
1617 16
1618 23
1619 17
1620 15
1621 15
1622 22
1623 19
1624 10
1625 13
1626 13
1627 25
1628 19
1629 22
1630 23
1631 20
1632 23
1633 17
1634 24
1635 23
1636 21
1637 19
1638 19
1639 18
1640 18
1641 15
1642 17
1643 14
1644 11
1645 22
1646 15
1647 22
1648 19
1649 15
1650 25
1651 18
1652 19
1653 16
1654 19
1655 13
1656 18
1657 21
1658 17
1659 16
1660 20
1661 18
1662 18
1663 25
1664 19
1665 20
1666 13
1667 17
1668 20
1669 25
1670 19
1671 8
1672 19
1673 23
1674 24
1675 17
1676 24
1677 14
1678 19
1679 15
1680 16
1681 15
1682 18
1683 15
1684 13
1685 33
1686 12
1687 15
1688 18
1689 16
1690 15
1691 16
1692 22
1693 17
1694 24
1695 22
1696 21
1697 24
1698 14
1699 15
1700 27
1701 16
1702 17
1703 24
1704 16
1705 14
1706 17
1707 17
1708 18
1709 15
1710 20
1711 21
1712 16
1713 17
1714 23
1715 16
1716 9
1717 22
1718 24
1719 25
1720 14
1721 16
1722 19
1723 20
1724 14
1725 19
1726 21
1727 15
1728 19
1729 23
1730 17
1731 25
1732 18
1733 21
1734 23
1735 23
1736 12
1737 19
1738 16
1739 14
1740 20
1741 13
1742 18
1743 26
1744 16
1745 24
1746 13
1747 22
1748 12
1749 23
1750 18
1751 21
1752 27
1753 17
1754 21
1755 23
1756 14
1757 22
1758 17
1759 16
1760 20
1761 19
1762 28
1763 16
1764 21
1765 18
1766 25
1767 19
1768 15
1769 21
1770 36
1771 20
1772 17
1773 17
1774 13
1775 20
1776 24
1777 17
1778 29
1779 15
1780 16
1781 24
1782 19
1783 21
1784 19
1785 14
1786 13
1787 18
1788 18
1789 20
1790 32
1791 21
1792 23
1793 14
1794 19
1795 24
1796 18
1797 26
1798 32
1799 24
1800 27
1801 23
1802 31
1803 42
1804 63
1805 54
1806 58
1807 44
1808 76
1809 59
1810 54
1811 68
1812 64
1813 74
1814 81
1815 88
1816 100
1817 94
1818 102
1819 115
1820 109
1821 71
1822 74
1823 97
1824 112
1825 109
1826 82
1827 79
1828 79
1829 71
1830 65
1831 41
1832 37
1833 32
1834 36
1835 33
1836 32
1837 22
1838 21
1839 24
1840 18
1841 10
1842 14
1843 19
1844 22
1845 28
1846 20
1847 20
1848 19
1849 18
1850 20
1851 22
1852 18
1853 20
1854 19
1855 29
1856 19
1857 25
1858 16
1859 15
1860 13
1861 16
1862 11
1863 13
1864 14
1865 24
1866 23
1867 28
1868 14
1869 23
1870 17
1871 19
1872 13
1873 16
1874 18
1875 22
1876 26
1877 12
1878 22
1879 21
1880 19
1881 10
1882 23
1883 20
1884 19
1885 23
1886 16
1887 11
1888 10
1889 15
1890 13
1891 25
1892 19
1893 20
1894 16
1895 13
1896 17
1897 18
1898 15
1899 14
1900 13
1901 19
1902 21
1903 22
1904 13
1905 21
1906 23
1907 17
1908 21
1909 17
1910 18
1911 22
1912 14
1913 17
1914 22
1915 14
1916 14
1917 19
1918 19
1919 19
1920 19
1921 23
1922 29
1923 15
1924 21
1925 13
1926 21
1927 18
1928 11
1929 24
1930 17
1931 15
1932 16
1933 22
1934 24
1935 17
1936 28
1937 20
1938 20
1939 16
1940 13
1941 17
1942 22
1943 17
1944 21
1945 17
1946 20
1947 22
1948 13
1949 18
1950 15
1951 18
1952 24
1953 13
1954 28
1955 14
1956 30
1957 15
1958 23
1959 12
1960 19
1961 16
1962 19
1963 17
1964 16
1965 24
1966 22
1967 17
1968 23
1969 16
1970 20
1971 19
1972 15
1973 15
1974 20
1975 16
1976 11
1977 16
1978 18
1979 24
1980 16
1981 14
1982 14
1983 18
1984 6
1985 17
1986 19
1987 18
1988 17
1989 26
1990 17
1991 19
1992 19
1993 18
1994 18
1995 19
1996 11
1997 18
1998 19
1999 13
2000 25
2001 22
2002 18
2003 21
2004 19
2005 14
2006 13
2007 15
2008 13
2009 17
2010 15
2011 21
2012 19
2013 14
2014 16
2015 17
2016 15
2017 22
2018 19
2019 17
2020 16
2021 22
2022 16
2023 16
2024 13
2025 33
2026 14
2027 26
2028 17
2029 13
2030 9
2031 26
2032 15
2033 11
2034 16
2035 21
2036 18
2037 24
2038 22
2039 14
2040 20
2041 22
2042 30
2043 21
2044 21
2045 21
2046 19
2047 21
2048 19
2049 23
2050 28
2051 39
2052 38
2053 51
2054 50
2055 50
2056 67
2057 74
2058 51
2059 64
2060 64
2061 57
2062 76
2063 72
2064 76
2065 103
2066 105
2067 143
2068 162
2069 206
2070 250
2071 332
2072 360
2073 300
2074 310
2075 396
2076 522
2077 450
2078 431
2079 341
2080 316
2081 339
2082 404
2083 345
2084 335
2085 309
2086 236
2087 231
2088 173
2089 162
2090 127
2091 145
2092 133
2093 100
2094 88
2095 59
2096 45
2097 42
2098 23
2099 30
2100 20
2101 22
2102 26
2103 22
2104 24
2105 20
2106 23
2107 18
2108 21
2109 11
2110 22
2111 19
2112 13
2113 12
2114 21
2115 19
2116 14
2117 20
2118 15
2119 18
2120 20
2121 16
2122 15
2123 17
2124 18
2125 17
2126 23
2127 20
2128 9
2129 13
2130 22
2131 8
2132 15
2133 14
2134 19
2135 19
2136 11
2137 15
2138 17
2139 15
2140 21
2141 20
2142 20
2143 15
2144 19
2145 12
2146 17
2147 17
2148 16
2149 10
2150 12
2151 13
2152 19
2153 10
2154 12
2155 11
2156 16
2157 17
2158 14
2159 13
2160 13
2161 13
2162 10
2163 15
2164 18
2165 14
2166 10
2167 16
2168 17
2169 18
2170 15
2171 11
2172 10
2173 10
2174 16
2175 13
2176 21
2177 13
2178 14
2179 10
2180 17
2181 15
2182 12
2183 11
2184 22
2185 25
2186 12
2187 22
2188 17
2189 22
2190 21
2191 16
2192 16
2193 15
2194 20
2195 19
2196 16
2197 12
2198 14
2199 19
2200 12
2201 18
2202 25
2203 15
2204 22
2205 12
2206 15
2207 22
2208 18
2209 14
2210 18
2211 19
2212 14
2213 18
2214 20
2215 15
2216 16
2217 15
2218 17
2219 10
2220 10
2221 18
2222 13
2223 16
2224 9
2225 12
2226 18
2227 11
2228 16
2229 14
2230 19
2231 16
2232 14
2233 15
2234 14
2235 15
2236 16
2237 20
2238 13
2239 13
2240 7
2241 19
2242 15
2243 12
2244 15
2245 17
2246 18
2247 20
2248 16
2249 15
2250 14
2251 15
2252 14
2253 13
2254 20
2255 25
2256 26
2257 15
2258 35
2259 25
2260 20
2261 21
2262 27
2263 28
2264 44
2265 44
2266 46
2267 37
2268 43
2269 57
2270 45
2271 61
2272 70
2273 64
2274 59
2275 65
2276 69
2277 79
2278 69
2279 51
2280 95
2281 80
2282 95
2283 72
2284 85
2285 96
2286 75
2287 58
2288 58
2289 56
2290 51
2291 75
2292 57
2293 58
2294 46
2295 46
2296 46
2297 45
2298 22
2299 28
2300 20
2301 17
2302 12
2303 24
2304 14
2305 16
2306 20
2307 15
2308 9
2309 19
2310 10
2311 11
2312 12
2313 17
2314 21
2315 11
2316 14
2317 16
2318 14
2319 10
2320 13
2321 8
2322 11
2323 14
2324 11
2325 10
2326 15
2327 14
2328 13
2329 18
2330 8
2331 16
2332 18
2333 18
2334 12
2335 10
2336 15
2337 18
2338 21
2339 19
2340 10
2341 13
2342 16
2343 12
2344 11
2345 17
2346 13
2347 8
2348 17
2349 16
2350 24
2351 19
2352 17
2353 11
2354 12
2355 11
2356 13
2357 15
2358 19
2359 13
2360 11
2361 9
2362 12
2363 14
2364 8
2365 13
2366 9
2367 9
2368 11
2369 15
2370 14
2371 13
2372 11
2373 3
2374 16
2375 18
2376 7
2377 12
2378 14
2379 15
2380 21
2381 13
2382 6
2383 8
2384 10
2385 18
2386 14
2387 11
2388 12
2389 11
2390 15
2391 11
2392 8
2393 13
2394 10
2395 18
2396 22
2397 8
2398 13
2399 9
2400 10
2401 13
2402 16
2403 15
2404 8
2405 8
2406 9
2407 13
2408 12
2409 14
2410 11
2411 12
2412 16
2413 19
2414 12
2415 9
2416 14
2417 8
2418 13
2419 15
2420 7
2421 14
2422 12
2423 9
2424 12
2425 10
2426 13
2427 10
2428 12
2429 6
2430 18
2431 11
2432 15
2433 15
2434 4
2435 16
2436 13
2437 17
2438 13
2439 8
2440 12
2441 11
2442 16
2443 16
2444 15
2445 14
2446 10
2447 7
2448 12
2449 17
2450 16
2451 14
2452 13
2453 13
2454 7
2455 15
2456 13
2457 10
2458 13
2459 14
2460 14
2461 23
2462 13
2463 12
2464 16
2465 7
2466 11
2467 13
2468 15
2469 16
2470 16
2471 18
2472 12
2473 13
2474 12
2475 13
2476 11
2477 11
2478 13
2479 11
2480 16
2481 20
2482 11
2483 15
2484 14
2485 9
2486 11
2487 14
2488 15
2489 14
2490 12
2491 14
2492 11
2493 6
2494 12
2495 17
2496 14
2497 10
2498 13
2499 6
2500 6
2501 12
2502 10
2503 13
2504 10
2505 17
2506 12
2507 18
2508 13
2509 12
2510 7
2511 6
2512 13
2513 9
2514 11
2515 7
2516 10
2517 8
2518 10
2519 10
2520 13
2521 16
2522 17
2523 16
2524 12
2525 17
2526 17
2527 12
2528 11
2529 10
2530 11
2531 6
2532 12
2533 11
2534 6
2535 14
2536 11
2537 12
2538 9
2539 14
2540 11
2541 16
2542 14
2543 15
2544 12
2545 17
2546 12
2547 17
2548 19
2549 22
2550 15
2551 20
2552 14
2553 11
2554 19
2555 16
2556 28
2557 23
2558 36
2559 43
