0 37
1 26
2 30
3 42
4 24
5 27
6 24
7 25
8 31
9 27
10 25
11 35
12 30
13 34
14 19
15 28
16 29
17 22
18 27
19 29
20 31
21 27
22 33
23 24
24 38
25 36
26 29
27 35
28 37
29 39
30 35
31 31
32 44
33 20
34 39
35 24
36 22
37 25
38 20
39 34
40 24
41 28
42 32
43 35
44 27
45 18
46 34
47 27
48 29
49 27
50 28
51 20
52 35
53 22
54 20
55 32
56 28
57 25
58 46
59 33
60 32
61 26
62 31
63 33
64 34
65 30
66 47
67 32
68 33
69 28
70 38
71 25
72 32
73 25
74 27
75 34
76 34
77 34
78 34
79 30
80 38
81 34
82 31
83 28
84 31
85 32
86 37
87 21
88 20
89 28
90 29
91 37
92 39
93 35
94 35
95 34
96 36
97 41
98 26
99 24
100 32
101 27
102 23
103 28
104 35
105 31
106 31
107 27
108 25
109 30
110 23
111 30
112 34
113 44
114 35
115 37
116 31
117 26
118 44
119 32
120 26
121 32
122 24
123 33
124 38
125 29
126 28
127 29
128 37
129 47
130 28
131 32
132 29
133 40
134 25
135 26
136 32
137 43
138 33
139 27
140 30
141 37
142 30
143 36
144 20
145 22
146 32
147 38
148 39
149 38
150 31
151 26
152 34
153 36
154 42
155 35
156 37
157 35
158 40
159 45
160 30
161 46
162 29
163 39
164 34
165 29
166 29
167 38
168 45
169 38
170 40
171 28
172 32
173 32
174 34
175 29
176 25
177 31
178 29
179 25
180 34
181 41
182 26
183 29
184 39
185 45
186 36
187 29
188 33
189 22
190 27
191 30
192 36
193 36
194 39
195 30
196 38
197 33
198 28
199 30
200 28
201 25
202 35
203 34
204 27
205 23
206 41
207 33
208 39
209 38
210 25
211 29
212 32
213 32
214 38
215 37
216 21
217 20
218 36
219 30
220 43
221 35
222 34
223 35
224 32
225 47
226 30
227 39
228 31
229 41
230 39
231 31
232 33
233 37
234 36
235 33
236 27
237 40
238 38
239 29
240 33
241 38
242 36
243 30
244 27
245 30
246 35
247 35
248 30
249 33
250 43
251 34
252 53
253 34
254 38
255 32
256 30
257 39
258 33
259 29
260 34
261 45
262 30
263 39
264 35
265 41
266 42
267 46
268 36
269 31
270 34
271 38
272 48
273 39
274 27
275 42
276 44
277 46
278 49
279 29
280 37
281 39
282 35
283 30
284 33
285 39
286 39
287 43
288 35
289 43
290 40
291 39
292 32
293 43
294 50
295 35
296 43
297 49
298 29
299 42
300 29
301 42
302 36
303 28
304 39
305 27
306 31
307 37
308 34
309 35
310 35
311 44
312 27
313 24
314 26
315 39
316 31
317 37
318 40
319 34
320 29
321 35
322 38
323 38
324 39
325 26
326 44
327 38
328 38
329 41
330 36
331 33
332 37
333 44
334 52
335 31
336 36
337 36
338 44
339 50
340 38
341 32
342 44
343 32
344 21
345 36
346 32
347 32
348 38
349 42
350 34
351 49
352 34
353 35
354 32
355 34
356 40
357 32
358 27
359 31
360 37
361 26
362 39
363 34
364 28
365 32
366 31
367 36
368 38
369 32
370 46
371 49
372 33
373 32
374 29
375 39
376 40
377 49
378 36
379 37
380 38
381 35
382 37
383 47
384 36
385 33
386 40
387 32
388 44
389 37
390 44
391 24
392 38
393 46
394 35
395 49
396 44
397 47
398 32
399 26
400 35
401 40
402 45
403 39
404 40
405 26
406 28
407 39
408 35
409 37
410 35
411 33
412 44
413 41
414 44
415 33
416 35
417 43
418 48
419 36
420 41
421 46
422 46
423 38
424 36
425 36
426 39
427 38
428 31
429 39
430 38
431 37
432 32
433 38
434 44
435 36
436 36
437 42
438 42
439 50
440 35
441 35
442 38
443 27
444 50
445 39
446 39
447 51
448 34
449 38
450 45
451 32
452 22
453 40
454 42
455 33
456 41
457 36
458 24
459 28
460 41
461 42
462 34
463 50
464 41
465 52
466 32
467 29
468 50
469 43
470 41
471 34
472 35
473 34
474 43
475 35
476 35
477 40
478 40
479 35
480 44
481 37
482 41
483 37
484 35
485 45
486 36
487 36
488 39
489 42
490 32
491 32
492 35
493 37
494 36
495 38
496 32
497 42
498 46
499 39
500 42
501 38
502 43
503 40
504 31
505 39
506 29
507 39
508 36
509 42
510 40
511 40
512 35
513 46
514 36
515 44
516 44
517 41
518 35
519 51
520 40
521 43
522 48
523 60
524 53
525 44
526 79
527 69
528 53
529 53
530 67
531 68
532 70
533 74
534 85
535 91
536 83
537 71
538 77
539 74
540 91
541 80
542 85
543 91
544 95
545 106
546 118
547 93
548 123
549 120
550 99
551 90
552 82
553 72
554 65
555 73
556 51
557 46
558 41
559 42
560 44
561 46
562 35
563 49
564 43
565 32
566 43
567 34
568 45
569 50
570 40
571 42
572 53
573 41
574 25
575 41
576 29
577 31
578 41
579 37
580 38
581 42
582 47
583 35
584 34
585 52
586 40
587 33
588 36
589 31
590 42
591 39
592 35
593 44
594 44
595 28
596 43
597 26
598 38
599 42
600 41
601 35
602 43
603 34
604 34
605 36
606 39
607 41
608 36
609 46
610 36
611 46
612 35
613 39
614 39
615 31
616 47
617 41
618 41
619 45
620 50
621 38
622 50
623 51
624 38
625 48
626 49
627 40
628 33
629 30
630 34
631 42
632 33
633 31
634 32
635 34
636 32
637 40
638 33
639 34
640 40
641 43
642 53
643 35
644 48
645 40
646 36
647 40
648 40
649 36
650 35
651 39
652 44
653 41
654 28
655 43
656 44
657 52
658 35
659 46
660 35
661 43
662 38
663 40
664 47
665 33
666 43
667 43
668 44
669 33
670 39
671 34
672 35
673 28
674 41
675 33
676 28
677 26
678 35
679 28
680 35
681 43
682 47
683 40
684 39
685 42
686 36
687 30
688 44
689 36
690 46
691 45
692 49
693 43
694 38
695 33
696 40
697 31
698 46
699 30
700 38
701 36
702 41
703 32
704 33
705 28
706 41
707 39
708 49
709 41
710 32
711 38
712 46
713 33
714 34
715 41
716 37
717 32
718 34
719 40
720 31
721 43
722 32
723 54
724 38
725 34
726 36
727 42
728 35
729 37
730 29
731 48
732 42
733 33
734 27
735 39
736 49
737 40
738 29
739 33
740 40
741 40
742 32
743 42
744 45
745 27
746 28
747 39
748 39
749 27
750 34
751 36
752 49
753 36
754 36
755 38
756 31
757 38
758 37
759 42
760 36
761 36
762 30
763 45
764 29
765 30
766 36
767 34
768 35
769 31
770 29
771 47
772 42
773 36
774 33
775 32
776 44
777 47
778 39
779 33
780 35
781 43
782 40
783 45
784 30
785 30
786 46
787 52
788 32
789 36
790 39
791 34
792 21
793 26
794 39
795 25
796 33
797 38
798 30
799 36
800 39
801 38
802 28
803 30
804 38
805 43
806 43
807 37
808 27
809 36
810 35
811 42
812 40
813 35
814 42
815 29
816 36
817 43
818 39
819 36
820 43
821 34
822 49
823 32
824 37
825 38
826 37
827 40
828 35
829 31
830 37
831 35
832 38
833 33
834 36
835 36
836 35
837 30
838 48
839 46
840 38
841 44
842 31
843 28
844 34
845 44
846 36
847 42
848 43
849 45
850 29
851 34
852 26
853 31
854 40
855 28
856 37
857 41
858 32
859 38
860 43
861 32
862 32
863 37
864 51
865 41
866 45
867 37
868 48
869 30
870 32
871 46
872 37
873 53
874 33
875 58
876 38
877 50
878 42
879 39
880 38
881 30
882 40
883 48
884 44
885 33
886 37
887 33
888 43
889 30
890 32
891 34
892 34
893 36
894 37
895 30
896 39
897 34
898 26
899 36
900 36
901 35
902 34
903 44
904 23
905 34
906 46
907 36
908 24
909 27
910 27
911 27
912 30
913 29
914 33
915 26
916 36
917 39
918 36
919 28
920 49
921 31
922 32
923 41
924 30
925 40
926 33
927 37
928 38
929 33
930 41
931 37
932 43
933 23
934 35
935 44
936 30
937 33
938 29
939 32
940 28
941 33
942 25
943 40
944 38
945 37
946 32
947 35
948 39
949 34
950 40
951 37
952 38
953 25
954 29
955 34
956 42
957 24
958 38
959 24
960 32
961 36
962 42
963 26
964 28
965 38
966 22
967 39
968 40
969 30
970 33
971 24
972 35
973 32
974 34
975 28
976 32
977 37
978 31
979 38
980 34
981 37
982 39
983 33
984 30
985 26
986 34
987 35
988 32
989 50
990 33
991 49
992 44
993 41
994 35
995 37
996 34
997 32
998 35
999 25
1000 38
1001 26
1002 31
1003 32
1004 42
1005 26
1006 44
1007 37
1008 28
1009 43
1010 42
1011 47
1012 37
1013 43
1014 34
1015 33
1016 38
1017 28
1018 35
1019 28
1020 36
1021 40
1022 34
1023 37
1024 26
1025 33
1026 36
1027 40
1028 50
1029 23
1030 35
1031 50
1032 29
1033 49
1034 41
1035 39
1036 39
1037 33
1038 45
1039 32
1040 58
1041 57
1042 56
1043 46
1044 55
1045 69
1046 63
1047 70
1048 90
1049 88
1050 146
1051 197
1052 213
1053 209
1054 256
1055 260
1056 229
1057 258
1058 302
1059 411
1060 427
1061 438
1062 527
1063 564
1064 635
1065 654
1066 579
1067 483
1068 458
1069 416
1070 444
1071 329
1072 247
1073 209
1074 135
1075 102
1076 63
1077 56
1078 63
1079 36
1080 24
1081 35
1082 43
1083 30
1084 51
1085 27
1086 37
1087 31
1088 36
1089 36
1090 41
1091 47
1092 42
1093 35
1094 43
1095 42
1096 35
1097 42
1098 33
1099 36
1100 37
1101 44
1102 28
1103 29
1104 33
1105 30
1106 25
1107 36
1108 31
1109 40
1110 44
1111 22
1112 33
1113 50
1114 24
1115 40
1116 30
1117 36
1118 37
1119 38
1120 37
1121 23
1122 23
1123 28
1124 41
1125 27
1126 36
1127 32
1128 33
1129 26
1130 33
1131 28
1132 43
1133 41
1134 38
1135 27
1136 26
1137 30
1138 28
1139 38
1140 29
1141 27
1142 29
1143 45
1144 33
1145 20
1146 32
1147 37
1148 29
1149 27
1150 26
1151 27
1152 30
1153 28
1154 38
1155 27
1156 27
1157 40
1158 40
1159 34
1160 28
1161 37
1162 32
1163 36
1164 31
1165 30
1166 34
1167 26
1168 34
1169 25
1170 31
1171 31
1172 29
1173 37
1174 32
1175 30
1176 27
1177 32
1178 42
1179 27
1180 30
1181 39
1182 44
1183 28
1184 34
1185 49
1186 45
1187 34
1188 43
1189 43
1190 43
1191 43
1192 40
1193 58
1194 51
1195 55
1196 75
1197 84
1198 51
1199 73
1200 78
1201 59
1202 61
1203 54
1204 48
1205 53
1206 50
1207 48
1208 44
1209 34
1210 32
1211 38
1212 31
1213 28
1214 37
1215 30
1216 26
1217 26
1218 37
1219 28
1220 31
1221 29
1222 31
1223 28
1224 22
1225 29
1226 35
1227 39
1228 40
1229 32
1230 34
1231 29
1232 25
1233 25
1234 39
1235 39
1236 26
1237 28
1238 36
1239 31
1240 29
1241 35
1242 28
1243 26
1244 29
1245 27
1246 29
1247 31
1248 31
1249 32
1250 33
1251 30
1252 35
1253 29
1254 31
1255 31
1256 29
1257 39
1258 27
1259 20
1260 24
1261 35
1262 33
1263 39
1264 36
1265 27
1266 17
1267 32
1268 26
1269 28
1270 28
1271 29
1272 25
1273 21
1274 24
1275 25
1276 18
1277 15
1278 19
1279 34
1280 45
1281 34
1282 32
1283 26
1284 24
1285 27
1286 21
1287 24
1288 22
1289 31
1290 28
1291 26
1292 22
1293 29
1294 28
1295 32
1296 27
1297 24
1298 27
1299 22
1300 19
1301 17
1302 32
1303 36
1304 31
1305 21
1306 32
1307 19
1308 30
1309 27
1310 19
1311 24
1312 22
1313 25
1314 30
1315 22
1316 21
1317 32
1318 32
1319 24
1320 26
1321 29
1322 20
1323 22
1324 18
1325 28
1326 30
1327 30
1328 22
1329 33
1330 24
1331 31
1332 36
1333 41
1334 36
1335 47
1336 50
1337 57
1338 82
1339 61
1340 64
1341 62
1342 65
1343 94
1344 121
1345 152
1346 174
1347 172
1348 220
1349 211
1350 217
1351 195
1352 249
1353 195
1354 174
1355 233
1356 262
1357 268
1358 176
1359 163
1360 138
1361 97
1362 71
1363 57
1364 60
1365 45
1366 34
1367 30
1368 35
1369 25
1370 27
1371 21
1372 26
1373 28
1374 29
1375 24
1376 24
1377 23
1378 25
1379 23
1380 26
1381 23
1382 26
1383 14
1384 26
1385 17
1386 16
1387 21
1388 20
1389 21
1390 25
1391 24
1392 21
1393 19
1394 25
1395 22
1396 26
1397 27
1398 32
1399 27
1400 32
1401 18
1402 21
1403 21
1404 30
1405 20
1406 24
1407 28
1408 19
1409 23
1410 20
1411 18
1412 22
1413 35
1414 14
1415 23
1416 18
1417 26
1418 22
1419 26
1420 24
1421 36
1422 30
1423 25
1424 30
1425 29
1426 27
1427 25
1428 18
1429 25
1430 25
1431 19
1432 26
1433 24
1434 21
1435 20
1436 16
1437 23
1438 20
1439 29
1440 20
1441 30
1442 28
1443 17
1444 21
1445 19
1446 19
1447 27
1448 25
1449 23
1450 16
1451 19
1452 23
1453 21
1454 13
1455 25
1456 26
1457 17
1458 10
1459 19
1460 25
1461 12
1462 26
1463 18
1464 28
1465 19
1466 12
1467 17
1468 36
1469 21
1470 26
1471 27
1472 21
1473 22
1474 18
1475 23
1476 27
1477 20
1478 22
1479 16
1480 23
1481 23
1482 27
1483 21
1484 25
1485 18
1486 23
1487 28
1488 18
1489 25
1490 30
1491 17
1492 16
1493 21
1494 20
1495 29
1496 25
1497 17
1498 19
1499 21
1500 20
1501 19
1502 29
1503 22
1504 20
1505 14
1506 13
1507 21
1508 21
1509 23
1510 24
1511 19
1512 21
1513 22
1514 15
1515 9
1516 27
1517 21
1518 24
1519 25
1520 17
1521 26
1522 17
1523 20
1524 14
1525 16
1526 19
1527 28
1528 20
1529 22
1530 14
1531 20
1532 22
1533 30
1534 14
1535 20
1536 18
1537 23
1538 24
1539 18
1540 32
1541 29
1542 28
1543 18
1544 14
1545 21
1546 27
1547 25
1548 21
1549 29
1550 27
1551 19
1552 19
1553 25
1554 27
1555 24
1556 12
1557 9
1558 22
1559 22
1560 17
1561 17
1562 22
1563 31
1564 23
1565 26
1566 22
1567 18
1568 23
1569 9
1570 9
1571 19
1572 18
1573 22
1574 20
1575 20
1576 23
1577 27
1578 17
1579 27
1580 22
1581 20
1582 15
1583 18
1584 18
1585 18
1586 26
1587 28
1588 26
1589 19
1590 17
1591 15
1592 27
1593 14
1594 20
1595 27
1596 20
1597 17
1598 27
1599 17
1600 17
1601 23
1602 13
1603 28
1604 21
1605 19
1606 14
1607 15
1608 16
1609 10
1610 23
1611 14
1612 22
1613 23
1614 16
1615 15
1616 16
1617 20
1618 14
1619 13
1620 15
1621 13
1622 22
1623 29
1624 18
1625 18
1626 24
1627 13
1628 22
1629 17
1630 18
1631 17
1632 14
1633 19
1634 17
1635 20
1636 18
1637 17
1638 17
1639 26
1640 24
1641 17
1642 19
1643 13
1644 26
1645 20
1646 24
1647 19
1648 16
1649 22
1650 19
1651 19
1652 32
1653 13
1654 24
1655 16
1656 27
1657 15
1658 17
1659 15
1660 22
1661 21
1662 28
1663 20
1664 18
1665 16
1666 15
1667 9
1668 22
1669 13
1670 18
1671 8
1672 22
1673 13
1674 17
1675 20
1676 24
1677 15
1678 21
1679 16
1680 19
1681 24
1682 12
1683 23
1684 31
1685 25
1686 19
1687 16
1688 22
1689 17
1690 28
1691 19
1692 20
1693 17
1694 15
1695 19
1696 16
1697 22
1698 14
1699 21
1700 13
1701 14
1702 16
1703 17
1704 25
1705 24
1706 21
1707 20
1708 26
1709 25
1710 21
1711 15
1712 29
1713 24
1714 19
1715 19
1716 14
1717 22
1718 19
1719 16
1720 19
1721 13
1722 19
1723 17
1724 15
1725 21
1726 13
1727 18
1728 21
1729 12
1730 20
1731 18
1732 18
1733 19
1734 14
1735 13
1736 16
1737 16
1738 19
1739 18
1740 18
1741 17
1742 13
1743 17
1744 28
1745 21
1746 17
1747 23
1748 25
1749 20
1750 22
1751 22
1752 22
1753 37
1754 23
1755 20
1756 19
1757 13
1758 33
1759 24
1760 21
1761 21
1762 22
1763 17
1764 21
1765 17
1766 12
1767 35
1768 23
1769 19
1770 16
1771 9
1772 20
1773 20
1774 19
1775 18
1776 19
1777 20
1778 19
1779 9
1780 25
1781 18
1782 17
1783 26
1784 19
1785 26
1786 28
1787 14
1788 24
1789 26
1790 30
1791 34
1792 19
1793 30
1794 28
1795 36
1796 45
1797 52
1798 48
1799 42
1800 44
1801 40
1802 53
1803 100
1804 86
1805 82
1806 96
1807 149
1808 133
1809 128
1810 144
1811 111
1812 122
1813 113
1814 129
1815 127
1816 138
1817 114
1818 96
1819 134
1820 116
1821 65
1822 76
1823 64
1824 55
1825 44
1826 45
1827 48
1828 43
1829 30
1830 35
1831 33
1832 27
1833 20
1834 25
1835 27
1836 22
1837 20
1838 19
1839 18
1840 17
1841 11
1842 22
1843 20
1844 20
1845 7
1846 14
1847 15
1848 21
1849 14
1850 19
1851 12
1852 19
1853 20
1854 20
1855 26
1856 17
1857 15
1858 18
1859 18
1860 19
1861 20
1862 8
1863 10
1864 26
1865 21
1866 15
1867 18
1868 22
1869 19
1870 10
1871 17
1872 23
1873 22
1874 13
1875 7
1876 13
1877 18
1878 20
1879 8
1880 18
1881 17
1882 20
1883 16
1884 19
1885 18
1886 15
1887 24
1888 23
1889 21
1890 13
1891 18
1892 18
1893 21
1894 17
1895 27
1896 22
1897 21
1898 15
1899 18
1900 15
1901 19
1902 22
1903 16
1904 18
1905 16
1906 24
1907 12
1908 12
1909 12
1910 16
1911 17
1912 14
1913 17
1914 15
1915 13
1916 15
1917 19
1918 15
1919 20
1920 11
1921 14
1922 9
1923 12
1924 14
1925 13
1926 29
1927 14
1928 14
1929 11
1930 15
1931 18
1932 18
1933 20
1934 18
1935 19
1936 21
1937 13
1938 23
1939 12
1940 15
1941 19
1942 22
1943 20
1944 24
1945 18
1946 9
1947 20
1948 18
1949 19
1950 19
1951 19
1952 18
1953 20
1954 15
1955 15
1956 25
1957 23
1958 13
1959 17
1960 17
1961 22
1962 27
1963 22
1964 18
1965 13
1966 12
1967 18
1968 27
1969 20
1970 16
1971 12
1972 19
1973 23
1974 18
1975 13
1976 16
1977 17
1978 10
1979 15
1980 20
1981 11
1982 22
1983 23
1984 20
1985 16
1986 9
1987 20
1988 16
1989 14
1990 16
1991 20
1992 30
1993 14
1994 20
1995 23
1996 19
1997 9
1998 8
1999 15
2000 16
2001 10
2002 13
2003 11
2004 15
2005 15
2006 18
2007 13
2008 13
2009 19
2010 21
2011 16
2012 13
2013 19
2014 23
2015 21
2016 13
2017 16
2018 26
2019 15
2020 11
2021 19
2022 11
2023 26
2024 18
2025 17
2026 14
2027 23
2028 15
2029 21
2030 14
2031 21
2032 11
2033 20
2034 22
2035 16
2036 24
2037 18
2038 18
2039 24
2040 19
2041 27
2042 22
2043 14
2044 38
2045 30
2046 39
2047 39
2048 39
2049 45
2050 53
2051 66
2052 86
2053 109
2054 132
2055 146
2056 150
2057 120
2058 117
2059 147
2060 173
2061 172
2062 180
2063 209
2064 261
2065 196
2066 224
2067 224
2068 355
2069 402
2070 478
2071 529
2072 620
2073 580
2074 497
2075 517
2076 496
2077 356
2078 271
2079 267
2080 302
2081 239
2082 228
2083 178
2084 163
2085 114
2086 93
2087 78
2088 61
2089 58
2090 60
2091 45
2092 37
2093 35
2094 28
2095 31
2096 23
2097 28
2098 22
2099 28
2100 24
2101 20
2102 24
2103 21
2104 14
2105 11
2106 19
2107 21
2108 17
2109 20
2110 18
2111 15
2112 16
2113 18
2114 15
2115 16
2116 16
2117 18
2118 11
2119 12
2120 10
2121 14
2122 19
2123 11
2124 18
2125 11
2126 19
2127 15
2128 12
2129 10
2130 14
2131 12
2132 17
2133 20
2134 17
2135 18
2136 16
2137 13
2138 15
2139 13
2140 12
2141 11
2142 17
2143 14
2144 18
2145 11
2146 20
2147 17
2148 11
2149 18
2150 12
2151 15
2152 12
2153 15
2154 17
2155 13
2156 20
2157 12
2158 21
2159 10
2160 14
2161 8
2162 7
2163 9
2164 13
2165 14
2166 14
2167 6
2168 12
2169 19
2170 25
2171 18
2172 15
2173 12
2174 13
2175 17
2176 15
2177 19
2178 19
2179 20
2180 21
2181 20
2182 16
2183 23
2184 16
2185 12
2186 12
2187 27
2188 18
2189 18
2190 15
2191 20
2192 17
2193 21
2194 18
2195 14
2196 19
2197 14
2198 10
2199 8
2200 12
2201 15
2202 16
2203 21
2204 18
2205 10
2206 19
2207 13
2208 9
2209 14
2210 15
2211 17
2212 13
2213 15
2214 17
2215 22
2216 15
2217 18
2218 12
2219 9
2220 12
2221 12
2222 14
2223 9
2224 14
2225 17
2226 23
2227 17
2228 12
2229 16
2230 15
2231 13
2232 10
2233 21
2234 14
2235 13
2236 13
2237 14
2238 16
2239 14
2240 17
2241 25
2242 12
2243 15
2244 22
2245 20
2246 14
2247 17
2248 13
2249 21
2250 20
2251 16
2252 20
2253 22
2254 24
2255 28
2256 26
2257 27
2258 31
2259 43
2260 33
2261 39
2262 45
2263 48
2264 63
2265 64
2266 67
2267 57
2268 65
2269 72
2270 106
2271 104
2272 101
2273 87
2274 104
2275 104
2276 74
2277 77
2278 81
2279 95
2280 84
2281 83
2282 93
2283 59
2284 62
2285 54
2286 35
2287 35
2288 34
2289 41
2290 30
2291 33
2292 29
2293 29
2294 32
2295 22
2296 23
2297 17
2298 9
2299 11
2300 13
2301 14
2302 14
2303 11
2304 18
2305 15
2306 14
2307 13
2308 17
2309 12
2310 10
2311 11
2312 10
2313 17
2314 17
2315 14
2316 6
2317 18
2318 11
2319 21
2320 19
2321 13
2322 14
2323 12
2324 13
2325 14
2326 15
2327 13
2328 12
2329 12
2330 14
2331 20
2332 14
2333 7
2334 15
2335 11
2336 12
2337 12
2338 15
2339 9
2340 18
2341 16
2342 20
2343 16
2344 11
2345 15
2346 14
2347 11
2348 17
2349 17
2350 19
2351 16
2352 9
2353 11
2354 11
2355 17
2356 15
2357 7
2358 16
2359 13
2360 8
2361 14
2362 14
2363 8
2364 13
2365 18
2366 14
2367 12
2368 11
2369 9
2370 15
2371 9
2372 10
2373 13
2374 16
2375 12
2376 17
2377 13
2378 15
2379 13
2380 16
2381 8
2382 12
2383 9
2384 15
2385 17
2386 12
2387 15
2388 13
2389 10
2390 14
2391 16
2392 12
2393 7
2394 11
2395 16
2396 21
2397 15
2398 13
2399 18
2400 10
2401 7
2402 19
2403 11
2404 15
2405 11
2406 10
2407 10
2408 16
2409 17
2410 18
2411 9
2412 12
2413 9
2414 14
2415 11
2416 13
2417 16
2418 18
2419 11
2420 10
2421 9
2422 14
2423 15
2424 13
2425 20
2426 12
2427 13
2428 13
2429 8
2430 15
2431 13
2432 20
2433 12
2434 9
2435 19
2436 11
2437 13
2438 7
2439 15
2440 16
2441 12
2442 9
2443 12
2444 13
2445 14
2446 9
2447 9
2448 10
2449 12
2450 12
2451 12
2452 15
2453 11
2454 7
2455 11
2456 15
2457 11
2458 14
2459 12
2460 9
2461 9
2462 15
2463 9
2464 10
2465 13
2466 9
2467 9
2468 16
2469 13
2470 19
2471 13
2472 10
2473 18
2474 8
2475 25
2476 12
2477 14
2478 11
2479 12
2480 10
2481 16
2482 14
2483 13
2484 10
2485 10
2486 15
2487 11
2488 19
2489 13
2490 11
2491 8
2492 11
2493 13
2494 12
2495 14
2496 6
2497 8
2498 14
2499 12
2500 10
2501 9
2502 10
2503 17
2504 12
2505 13
2506 10
2507 11
2508 10
2509 11
2510 15
2511 13
2512 18
2513 10
2514 10
2515 12
2516 11
2517 16
2518 15
2519 11
2520 10
2521 12
2522 15
2523 12
2524 17
2525 12
2526 16
2527 11
2528 13
2529 16
2530 12
2531 9
2532 10
2533 9
2534 13
2535 12
2536 11
2537 12
2538 14
2539 19
2540 9
2541 16
2542 13
2543 13
2544 14
2545 21
2546 14
2547 20
2548 26
2549 20
2550 18
2551 32
2552 33
2553 21
2554 40
2555 40
2556 47
2557 32
2558 47
2559 53
