0 43
1 33
2 35
3 31
4 29
5 35
6 32
7 52
8 43
9 31
10 25
11 34
12 45
13 41
14 33
15 38
16 40
17 33
18 32
19 33
20 38
21 39
22 37
23 43
24 45
25 35
26 38
27 33
28 43
29 33
30 55
31 43
32 31
33 34
34 35
35 42
36 40
37 50
38 42
39 36
40 37
41 29
42 43
43 40
44 31
45 43
46 30
47 40
48 33
49 43
50 39
51 23
52 38
53 46
54 45
55 40
56 27
57 40
58 50
59 47
60 40
61 44
62 43
63 35
64 37
65 40
66 30
67 39
68 24
69 45
70 36
71 38
72 36
73 41
74 34
75 26
76 37
77 46
78 38
79 30
80 25
81 38
82 45
83 41
84 40
85 34
86 39
87 43
88 50
89 43
90 39
91 33
92 45
93 48
94 31
95 45
96 42
97 39
98 41
99 49
100 33
101 35
102 45
103 35
104 43
105 35
106 33
107 40
108 42
109 43
110 32
111 36
112 34
113 51
114 32
115 24
116 38
117 46
118 41
119 43
120 29
121 36
122 46
123 47
124 28
125 36
126 28
127 36
128 34
129 39
130 57
131 41
132 41
133 33
134 43
135 47
136 29
137 34
138 43
139 37
140 40
141 46
142 34
143 43
144 39
145 38
146 41
147 34
148 52
149 38
150 46
151 43
152 40
153 34
154 46
155 41
156 46
157 37
158 28
159 42
160 37
161 40
162 51
163 48
164 50
165 38
166 34
167 41
168 43
169 43
170 38
171 36
172 32
173 44
174 48
175 36
176 38
177 43
178 44
179 46
180 40
181 38
182 43
183 35
184 37
185 45
186 42
187 35
188 54
189 51
190 40
191 55
192 46
193 46
194 46
195 34
196 43
197 41
198 49
199 41
200 47
201 25
202 37
203 40
204 39
205 37
206 49
207 35
208 38
209 42
210 47
211 35
212 42
213 51
214 29
215 45
216 60
217 45
218 40
219 37
220 47
221 45
222 45
223 50
224 33
225 44
226 61
227 38
228 30
229 44
230 39
231 48
232 29
233 32
234 42
235 42
236 44
237 46
238 30
239 33
240 31
241 40
242 26
243 31
244 46
245 28
246 36
247 39
248 46
249 43
250 38
251 51
252 39
253 29
254 42
255 36
256 36
257 39
258 39
259 51
260 43
261 39
262 33
263 58
264 54
265 42
266 45
267 35
268 38
269 43
270 44
271 53
272 51
273 48
274 42
275 38
276 51
277 47
278 36
279 38
280 41
281 28
282 54
283 39
284 45
285 45
286 50
287 39
288 44
289 35
290 37
291 49
292 36
293 35
294 53
295 46
296 41
297 36
298 45
299 52
300 38
301 41
302 47
303 52
304 47
305 38
306 44
307 34
308 42
309 47
310 46
311 42
312 42
313 42
314 52
315 47
316 59
317 34
318 48
319 36
320 42
321 45
322 40
323 40
324 37
325 39
326 36
327 45
328 50
329 39
330 41
331 43
332 42
333 31
334 40
335 44
336 49
337 46
338 39
339 42
340 35
341 39
342 40
343 39
344 37
345 53
346 48
347 43
348 41
349 37
350 36
351 42
352 40
353 42
354 50
355 40
356 41
357 43
358 42
359 41
360 50
361 43
362 51
363 42
364 39
365 44
366 45
367 46
368 46
369 51
370 42
371 46
372 39
373 46
374 46
375 47
376 39
377 33
378 45
379 51
380 42
381 52
382 33
383 43
384 34
385 36
386 34
387 55
388 49
389 37
390 49
391 34
392 34
393 52
394 56
395 41
396 37
397 42
398 43
399 43
400 42
401 53
402 42
403 39
404 47
405 40
406 45
407 36
408 40
409 37
410 39
411 42
412 41
413 46
414 35
415 40
416 44
417 31
418 54
419 47
420 37
421 38
422 42
423 39
424 37
425 44
426 35
427 48
428 41
429 46
430 38
431 53
432 37
433 51
434 42
435 28
436 48
437 48
438 43
439 42
440 42
441 50
442 47
443 38
444 55
445 52
446 38
447 46
448 51
449 51
450 42
451 37
452 36
453 49
454 50
455 52
456 34
457 35
458 46
459 51
460 55
461 42
462 40
463 49
464 45
465 52
466 64
467 65
468 59
469 41
470 50
471 57
472 51
473 65
474 58
475 74
476 82
477 92
478 67
479 71
480 58
481 83
482 79
483 84
484 103
485 112
486 134
487 127
488 128
489 115
490 88
491 111
492 117
493 98
494 115
495 125
496 110
497 110
498 97
499 100
500 112
501 74
502 69
503 69
504 63
505 69
506 51
507 52
508 37
509 49
510 51
511 44
512 52
513 48
514 44
515 37
516 36
517 49
518 55
519 53
520 41
521 40
522 51
523 48
524 48
525 41
526 49
527 31
528 30
529 41
530 42
531 35
532 49
533 42
534 42
535 51
536 54
537 40
538 40
539 42
540 42
541 38
542 45
543 47
544 41
545 52
546 36
547 56
548 33
549 50
550 51
551 45
552 50
553 43
554 47
555 46
556 40
557 43
558 40
559 49
560 50
561 52
562 63
563 43
564 40
565 31
566 47
567 43
568 53
569 49
570 43
571 41
572 41
573 46
574 53
575 42
576 46
577 66
578 45
579 27
580 33
581 39
582 34
583 52
584 48
585 44
586 40
587 47
588 40
589 37
590 42
591 43
592 34
593 47
594 37
595 42
596 51
597 40
598 44
599 43
600 45
601 50
602 44
603 36
604 40
605 56
606 47
607 40
608 51
609 42
610 30
611 42
612 34
613 54
614 52
615 44
616 47
617 38
618 33
619 31
620 30
621 37
622 41
623 53
624 41
625 30
626 49
627 28
628 24
629 42
630 38
631 57
632 51
633 59
634 61
635 36
636 46
637 43
638 46
639 39
640 45
641 52
642 51
643 31
644 49
645 42
646 49
647 39
648 41
649 39
650 41
651 52
652 42
653 39
654 53
655 50
656 35
657 37
658 34
659 40
660 36
661 36
662 33
663 50
664 45
665 47
666 45
667 49
668 41
669 38
670 43
671 38
672 34
673 54
674 41
675 36
676 36
677 51
678 44
679 57
680 44
681 41
682 42
683 57
684 43
685 56
686 48
687 41
688 41
689 33
690 49
691 39
692 43
693 36
694 46
695 44
696 48
697 37
698 34
699 49
700 57
701 48
702 55
703 42
704 37
705 41
706 51
707 32
708 39
709 35
710 55
711 36
712 41
713 42
714 52
715 32
716 42
717 32
718 41
719 51
720 39
721 30
722 42
723 42
724 32
725 53
726 41
727 43
728 38
729 45
730 44
731 44
732 35
733 51
734 35
735 53
736 40
737 40
738 47
739 50
740 53
741 39
742 35
743 46
744 34
745 40
746 33
747 33
748 37
749 45
750 32
751 44
752 33
753 29
754 39
755 43
756 33
757 27
758 39
759 46
760 31
761 46
762 33
763 43
764 39
765 47
766 40
767 35
768 37
769 35
770 44
771 34
772 39
773 34
774 33
775 47
776 54
777 36
778 42
779 38
780 40
781 43
782 41
783 40
784 47
785 63
786 49
787 49
788 55
789 35
790 35
791 32
792 38
793 43
794 49
795 33
796 37
797 39
798 41
799 39
800 33
801 42
802 37
803 39
804 43
805 49
806 41
807 47
808 50
809 38
810 43
811 43
812 39
813 33
814 43
815 41
816 39
817 28
818 38
819 36
820 47
821 44
822 38
823 42
824 45
825 43
826 53
827 45
828 37
829 41
830 34
831 37
832 42
833 47
834 34
835 47
836 28
837 41
838 37
839 34
840 47
841 26
842 40
843 32
844 30
845 36
846 35
847 37
848 47
849 30
850 44
851 39
852 32
853 32
854 44
855 29
856 32
857 35
858 45
859 39
860 41
861 44
862 38
863 42
864 34
865 33
866 42
867 36
868 48
869 44
870 46
871 34
872 42
873 39
874 38
875 39
876 30
877 36
878 37
879 34
880 38
881 43
882 36
883 34
884 39
885 45
886 37
887 33
888 40
889 44
890 32
891 38
892 37
893 46
894 40
895 38
896 52
897 24
898 40
899 43
900 49
901 49
902 38
903 38
904 38
905 44
906 58
907 39
908 47
909 30
910 29
911 35
912 44
913 45
914 42
915 49
916 34
917 31
918 38
919 34
920 34
921 29
922 43
923 26
924 40
925 33
926 36
927 35
928 32
929 41
930 43
931 40
932 46
933 34
934 29
935 31
936 37
937 32
938 35
939 38
940 37
941 30
942 49
943 31
944 50
945 28
946 55
947 26
948 36
949 38
950 32
951 29
952 34
953 44
954 36
955 42
956 29
957 38
958 26
959 34
960 46
961 36
962 33
963 53
964 55
965 36
966 33
967 42
968 41
969 37
970 39
971 45
972 41
973 42
974 48
975 53
976 57
977 64
978 48
979 89
980 98
981 87
982 90
983 103
984 132
985 121
986 102
987 140
988 153
989 206
990 182
991 191
992 238
993 259
994 245
995 302
996 330
997 359
998 340
999 311
1000 401
1001 417
1002 408
1003 385
1004 452
1005 417
1006 364
1007 271
1008 286
1009 189
1010 165
1011 164
1012 106
1013 88
1014 61
1015 45
1016 51
1017 54
1018 33
1019 32
1020 37
1021 47
1022 40
1023 46
1024 40
1025 44
1026 48
1027 32
1028 51
1029 48
1030 35
1031 36
1032 44
1033 30
1034 32
1035 33
1036 48
1037 36
1038 32
1039 35
1040 39
1041 42
1042 32
1043 44
1044 29
1045 31
1046 39
1047 28
1048 34
1049 32
1050 37
1051 29
1052 28
1053 29
1054 36
1055 46
1056 38
1057 45
1058 45
1059 35
1060 26
1061 31
1062 48
1063 33
1064 31
1065 26
1066 38
1067 36
1068 40
1069 47
1070 24
1071 37
1072 43
1073 30
1074 34
1075 39
1076 34
1077 29
1078 38
1079 32
1080 22
1081 38
1082 47
1083 28
1084 43
1085 34
1086 27
1087 36
1088 38
1089 44
1090 40
1091 33
1092 33
1093 39
1094 29
1095 39
1096 34
1097 45
1098 34
1099 37
1100 25
1101 44
1102 28
1103 36
1104 40
1105 38
1106 38
1107 39
1108 32
1109 39
1110 27
1111 34
1112 44
1113 42
1114 49
1115 40
1116 39
1117 48
1118 34
1119 48
1120 45
1121 58
1122 51
1123 48
1124 56
1125 46
1126 50
1127 48
1128 47
1129 61
1130 44
1131 63
1132 64
1133 40
1134 66
1135 46
1136 42
1137 53
1138 51
1139 57
1140 32
1141 63
1142 44
1143 51
1144 43
1145 49
1146 42
1147 33
1148 28
1149 34
1150 37
1151 26
1152 21
1153 38
1154 30
1155 35
1156 29
1157 53
1158 51
1159 39
1160 29
1161 36
1162 30
1163 31
1164 42
1165 24
1166 19
1167 36
1168 34
1169 34
1170 39
1171 37
1172 34
1173 28
1174 36
1175 43
1176 29
1177 40
1178 28
1179 29
1180 30
1181 32
1182 31
1183 32
1184 24
1185 37
1186 43
1187 28
1188 37
1189 34
1190 27
1191 49
1192 29
1193 35
1194 25
1195 45
1196 40
1197 36
1198 26
1199 36
1200 36
1201 24
1202 28
1203 26
1204 25
1205 31
1206 37
1207 29
1208 29
1209 21
1210 22
1211 24
1212 24
1213 40
1214 39
1215 33
1216 36
1217 24
1218 27
1219 40
1220 20
1221 34
1222 33
1223 33
1224 30
1225 26
1226 30
1227 41
1228 32
1229 27
1230 28
1231 41
1232 22
1233 29
1234 22
1235 28
1236 22
1237 30
1238 30
1239 26
1240 33
1241 31
1242 28
1243 35
1244 36
1245 28
1246 29
1247 32
1248 30
1249 28
1250 30
1251 29
1252 34
1253 28
1254 35
1255 30
1256 38
1257 23
1258 25
1259 37
1260 31
1261 25
1262 34
1263 22
1264 36
1265 30
1266 29
1267 25
1268 26
1269 34
1270 19
1271 25
1272 37
1273 23
1274 27
1275 18
1276 27
1277 27
1278 22
1279 39
1280 314
1281 283
1282 199
1283 176
1284 157
1285 142
1286 124
1287 109
1288 103
1289 70
1290 57
1291 34
1292 51
1293 44
1294 42
1295 39
1296 27
1297 26
1298 32
1299 31
1300 31
1301 28
1302 26
1303 30
1304 28
1305 30
1306 28
1307 20
1308 27
1309 24
1310 30
1311 22
1312 26
1313 38
1314 23
1315 27
1316 27
1317 25
1318 26
1319 32
1320 24
1321 31
1322 37
1323 22
1324 29
1325 26
1326 24
1327 23
1328 25
1329 21
1330 24
1331 18
1332 27
1333 20
1334 28
1335 24
1336 26
1337 19
1338 25
1339 22
1340 18
1341 31
1342 23
1343 15
1344 22
1345 21
1346 28
1347 27
1348 28
1349 26
1350 31
1351 28
1352 24
1353 26
1354 25
1355 32
1356 28
1357 23
1358 17
1359 25
1360 31
1361 23
1362 16
1363 23
1364 26
1365 15
1366 35
1367 22
1368 20
1369 22
1370 30
1371 15
1372 27
1373 20
1374 19
1375 29
1376 36
1377 26
1378 26
1379 22
1380 27
1381 25
1382 21
1383 22
1384 28
1385 11
1386 22
1387 20
1388 24
1389 20
1390 21
1391 21
1392 28
1393 19
1394 20
1395 26
1396 31
1397 24
1398 23
1399 26
1400 28
1401 28
1402 25
1403 23
1404 26
1405 24
1406 31
1407 24
1408 27
1409 25
1410 24
1411 21
1412 28
1413 23
1414 19
1415 15
1416 19
1417 25
1418 27
1419 23
1420 25
1421 26
1422 26
1423 19
1424 26
1425 27
1426 32
1427 22
1428 23
1429 29
1430 22
1431 22
1432 22
1433 24
1434 25
1435 25
1436 23
1437 28
1438 26
1439 18
1440 15
1441 24
1442 28
1443 45
1444 34
1445 24
1446 23
1447 21
1448 19
1449 24
1450 27
1451 28
1452 19
1453 37
1454 16
1455 24
1456 17
1457 29
1458 29
1459 22
1460 15
1461 31
1462 17
1463 19
1464 19
1465 19
1466 26
1467 34
1468 36
1469 28
1470 32
1471 35
1472 21
1473 21
1474 19
1475 26
1476 15
1477 15
1478 23
1479 16
1480 16
1481 32
1482 18
1483 19
1484 18
1485 22
1486 22
1487 17
1488 20
1489 21
1490 25
1491 23
1492 16
1493 26
1494 26
1495 21
1496 21
1497 23
1498 25
1499 20
1500 23
1501 30
1502 22
1503 31
1504 30
1505 25
1506 21
1507 22
1508 28
1509 22
1510 30
1511 26
1512 20
1513 28
1514 30
1515 21
1516 24
1517 26
1518 22
1519 24
1520 25
1521 19
1522 16
1523 16
1524 26
1525 24
1526 22
1527 22
1528 22
1529 29
1530 18
1531 14
1532 26
1533 18
1534 18
1535 21
1536 17
1537 20
1538 15
1539 17
1540 24
1541 21
1542 20
1543 19
1544 20
1545 14
1546 23
1547 26
1548 21
1549 27
1550 16
1551 18
1552 20
1553 24
1554 22
1555 28
1556 21
1557 18
1558 25
1559 27
1560 21
1561 27
1562 25
1563 26
1564 16
1565 21
1566 27
1567 23
1568 20
1569 19
1570 15
1571 21
1572 31
1573 26
1574 21
1575 24
1576 18
1577 20
1578 13
1579 22
1580 20
1581 23
1582 20
1583 21
1584 18
1585 19
1586 22
1587 16
1588 17
1589 17
1590 19
1591 22
1592 26
1593 29
1594 20
1595 21
1596 21
1597 8
1598 27
1599 16
1600 30
1601 19
1602 23
1603 12
1604 18
1605 24
1606 32
1607 24
1608 23
1609 23
1610 15
1611 18
1612 19
1613 14
1614 10
1615 18
1616 21
1617 18
1618 17
1619 17
1620 18
1621 26
1622 24
1623 19
1624 16
1625 20
1626 20
1627 21
1628 24
1629 21
1630 13
1631 15
1632 31
1633 17
1634 26
1635 24
1636 18
1637 24
1638 17
1639 18
1640 15
1641 13
1642 10
1643 27
1644 22
1645 17
1646 16
1647 14
1648 26
1649 23
1650 27
1651 22
1652 22
1653 20
1654 20
1655 21
1656 18
1657 17
1658 17
1659 20
1660 19
1661 16
1662 16
1663 21
1664 8
1665 27
1666 24
1667 18
1668 18
1669 18
1670 27
1671 24
1672 28
1673 24
1674 30
1675 27
1676 20
1677 34
1678 25
1679 22
1680 25
1681 20
1682 17
1683 20
1684 15
1685 26
1686 24
1687 18
1688 25
1689 26
1690 21
1691 24
1692 16
1693 26
1694 22
1695 25
1696 24
1697 30
1698 21
1699 18
1700 21
1701 25
1702 24
1703 30
1704 18
1705 28
1706 24
1707 22
1708 36
1709 42
1710 40
1711 44
1712 35
1713 46
1714 56
1715 68
1716 60
1717 67
1718 60
1719 73
1720 114
1721 122
1722 128
1723 100
1724 107
1725 103
1726 100
1727 108
1728 75
1729 100
1730 129
1731 125
1732 117
1733 165
1734 129
1735 128
1736 100
1737 72
1738 70
1739 49
1740 49
1741 38
1742 38
1743 46
1744 45
1745 33
1746 31
1747 30
1748 16
1749 22
1750 23
1751 24
1752 24
1753 21
1754 22
1755 13
1756 15
1757 24
1758 16
1759 23
1760 23
1761 24
1762 26
1763 16
1764 24
1765 28
1766 24
1767 17
1768 15
1769 19
1770 27
1771 18
1772 22
1773 15
1774 20
1775 15
1776 13
1777 16
1778 20
1779 18
1780 27
1781 25
1782 12
1783 22
1784 19
1785 18
1786 29
1787 19
1788 17
1789 26
1790 25
1791 16
1792 12
1793 19
1794 19
1795 16
1796 20
1797 15
1798 18
1799 17
1800 17
1801 30
1802 16
1803 25
1804 26
1805 18
1806 23
1807 25
1808 18
1809 20
1810 16
1811 23
1812 22
1813 19
1814 23
1815 12
1816 15
1817 21
1818 21
1819 19
1820 16
1821 14
1822 17
1823 15
1824 22
1825 19
1826 19
1827 20
1828 21
1829 26
1830 13
1831 28
1832 22
1833 16
1834 23
1835 19
1836 14
1837 16
1838 19
1839 19
1840 18
1841 22
1842 18
1843 15
1844 12
1845 18
1846 17
1847 25
1848 23
1849 14
1850 21
1851 22
1852 19
1853 21
1854 16
1855 25
1856 17
1857 15
1858 21
1859 21
1860 22
1861 16
1862 19
1863 14
1864 26
1865 17
1866 24
1867 23
1868 21
1869 14
1870 14
1871 8
1872 19
1873 24
1874 26
1875 16
1876 29
1877 18
1878 22
1879 26
1880 20
1881 25
1882 23
1883 20
1884 21
1885 20
1886 28
1887 22
1888 19
1889 15
1890 20
1891 27
1892 18
1893 26
1894 13
1895 14
1896 18
1897 18
1898 20
1899 20
1900 18
1901 24
1902 17
1903 22
1904 14
1905 18
1906 16
1907 20
1908 17
1909 18
1910 25
1911 20
1912 14
1913 22
1914 19
1915 14
1916 17
1917 23
1918 17
1919 16
1920 23
1921 16
1922 27
1923 16
1924 21
1925 14
1926 13
1927 25
1928 18
1929 31
1930 26
1931 17
1932 27
1933 20
1934 24
1935 23
1936 21
1937 18
1938 22
1939 15
1940 29
1941 20
1942 24
1943 18
1944 33
1945 24
1946 29
1947 22
1948 31
1949 28
1950 39
1951 34
1952 48
1953 73
1954 67
1955 61
1956 67
1957 56
1958 87
1959 96
1960 106
1961 90
1962 124
1963 131
1964 164
1965 198
1966 207
1967 223
1968 228
1969 213
1970 252
1971 375
1972 446
1973 413
1974 450
1975 421
1976 410
1977 425
1978 370
1979 368
1980 383
1981 367
1982 351
1983 346
1984 369
1985 300
1986 284
1987 258
1988 174
1989 159
1990 179
1991 162
1992 149
1993 137
1994 92
1995 57
1996 64
1997 63
1998 60
1999 55
2000 43
2001 40
2002 30
2003 22
2004 25
2005 26
2006 18
2007 16
2008 23
2009 19
2010 22
2011 22
2012 14
2013 18
2014 21
2015 18
2016 14
2017 16
2018 16
2019 18
2020 21
2021 15
2022 19
2023 12
2024 14
2025 12
2026 11
2027 24
2028 15
2029 15
2030 19
2031 14
2032 16
2033 14
2034 19
2035 16
2036 29
2037 17
2038 13
2039 15
2040 24
2041 25
2042 10
2043 23
2044 17
2045 25
2046 14
2047 16
2048 16
2049 10
2050 16
2051 14
2052 21
2053 9
2054 17
2055 13
2056 12
2057 12
2058 17
2059 20
2060 14
2061 20
2062 22
2063 13
2064 14
2065 13
2066 16
2067 13
2068 17
2069 15
2070 24
2071 14
2072 17
2073 14
2074 18
2075 17
2076 17
2077 15
2078 21
2079 14
2080 21
2081 20
2082 12
2083 20
2084 16
2085 20
2086 22
2087 15
2088 20
2089 18
2090 21
2091 21
2092 15
2093 20
2094 20
2095 20
2096 20
2097 18
2098 12
2099 11
2100 14
2101 17
2102 20
2103 21
2104 11
2105 25
2106 27
2107 21
2108 11
2109 22
2110 14
2111 17
2112 15
2113 20
2114 20
2115 16
2116 16
2117 17
2118 16
2119 13
2120 15
2121 19
2122 18
2123 8
2124 19
2125 17
2126 24
2127 13
2128 13
2129 21
2130 22
2131 18
2132 11
2133 14
2134 21
2135 16
2136 8
2137 18
2138 13
2139 23
2140 22
2141 18
2142 17
2143 21
2144 20
2145 15
2146 30
2147 12
2148 24
2149 24
2150 19
2151 23
2152 33
2153 25
2154 27
2155 28
2156 28
2157 28
2158 30
2159 35
2160 44
2161 40
2162 47
2163 53
2164 57
2165 59
2166 60
2167 55
2168 46
2169 53
2170 62
2171 66
2172 84
2173 83
2174 72
2175 54
2176 88
2177 88
2178 92
2179 77
2180 72
2181 71
2182 74
2183 62
2184 80
2185 53
2186 61
2187 64
2188 52
2189 49
2190 50
2191 34
2192 46
2193 34
2194 30
2195 20
2196 19
2197 18
2198 18
2199 21
2200 21
2201 13
2202 15
2203 17
2204 13
2205 17
2206 16
2207 19
2208 23
2209 25
2210 20
2211 12
2212 17
2213 11
2214 20
2215 19
2216 15
2217 21
2218 13
2219 19
2220 16
2221 14
2222 21
2223 16
2224 20
2225 14
2226 11
2227 13
2228 11
2229 12
2230 10
2231 15
2232 11
2233 10
2234 16
2235 17
2236 15
2237 17
2238 17
2239 11
2240 15
2241 12
2242 15
2243 11
2244 9
2245 14
2246 15
2247 12
2248 20
2249 13
2250 8
2251 18
2252 6
2253 13
2254 16
2255 10
2256 10
2257 9
2258 9
2259 13
2260 16
2261 15
2262 16
2263 12
2264 9
2265 19
2266 11
2267 16
2268 11
2269 9
2270 10
2271 12
2272 12
2273 14
2274 14
2275 13
2276 15
2277 18
2278 17
2279 12
2280 15
2281 15
2282 12
2283 16
2284 5
2285 11
2286 19
2287 13
2288 13
2289 14
2290 14
2291 17
2292 9
2293 15
2294 15
2295 13
2296 9
2297 11
2298 10
2299 15
2300 25
2301 13
2302 17
2303 8
2304 13
2305 11
2306 19
2307 14
2308 13
2309 10
2310 14
2311 19
2312 11
2313 13
2314 14
2315 16
2316 14
2317 9
2318 13
2319 13
2320 6
2321 9
2322 9
2323 9
2324 11
2325 8
2326 13
2327 15
2328 12
2329 10
2330 16
2331 9
2332 13
2333 13
2334 22
2335 17
2336 14
2337 12
2338 8
2339 7
2340 11
2341 13
2342 13
2343 9
2344 23
2345 14
2346 13
2347 14
2348 10
2349 10
2350 10
2351 15
2352 14
2353 18
2354 17
2355 11
2356 11
2357 11
2358 19
2359 16
2360 13
2361 14
2362 8
2363 12
2364 8
2365 14
2366 9
2367 11
2368 17
2369 17
2370 9
2371 14
2372 16
2373 14
2374 14
2375 15
2376 4
2377 15
2378 11
2379 13
2380 14
2381 13
2382 14
2383 15
2384 11
2385 17
2386 14
2387 15
2388 20
2389 14
2390 15
2391 14
2392 15
2393 13
2394 21
2395 14
2396 18
2397 12
2398 15
2399 15
2400 6
2401 18
2402 9
2403 12
2404 8
2405 11
2406 12
2407 12
2408 18
2409 12
2410 11
2411 8
2412 14
2413 19
2414 11
2415 18
2416 13
2417 15
2418 9
2419 17
2420 15
2421 16
2422 12
2423 19
2424 12
2425 9
2426 10
2427 16
2428 15
2429 12
2430 21
2431 17
2432 21
2433 8
2434 23
2435 21
2436 22
2437 18
2438 26
2439 23
2440 22
2441 21
2442 26
2443 19
2444 40
2445 24
2446 17
2447 35
2448 32
2449 26
2450 34
2451 40
2452 50
2453 72
2454 54
2455 67
2456 63
2457 50
2458 47
2459 51
2460 60
2461 51
2462 55
2463 72
2464 65
2465 52
2466 51
2467 49
2468 44
2469 25
2470 47
2471 47
2472 30
2473 35
2474 39
2475 37
2476 36
2477 37
2478 34
2479 26
2480 13
2481 24
2482 14
2483 12
2484 13
2485 22
2486 9
2487 21
2488 17
2489 16
2490 19
2491 13
2492 14
2493 14
2494 12
2495 11
2496 14
2497 16
2498 12
2499 12
2500 10
2501 15
2502 18
2503 21
2504 14
2505 22
2506 16
2507 15
2508 14
2509 11
2510 10
2511 17
2512 10
2513 9
2514 11
2515 16
2516 12
2517 12
2518 15
2519 10
2520 20
2521 13
2522 10
2523 14
2524 10
2525 17
2526 10
2527 10
2528 12
2529 12
2530 20
2531 15
2532 11
2533 16
2534 12
2535 16
2536 18
2537 18
2538 15
2539 17
2540 22
2541 25
2542 24
2543 26
2544 25
2545 29
2546 37
2547 39
2548 65
2549 55
2550 51
2551 43
2552 38
2553 34
2554 43
2555 43
2556 80
2557 57
2558 38
2559 39
