0 48
1 29
2 32
3 30
4 40
5 23
6 30
7 27
8 48
9 53
10 34
11 29
12 51
13 35
14 34
15 45
16 32
17 25
18 26
19 40
20 33
21 36
22 37
23 34
24 44
25 38
26 27
27 52
28 40
29 27
30 37
31 35
32 40
33 37
34 38
35 32
36 41
37 32
38 43
39 35
40 42
41 30
42 32
43 41
44 43
45 37
46 39
47 39
48 37
49 33
50 25
51 33
52 33
53 35
54 41
55 38
56 43
57 40
58 37
59 47
60 33
61 41
62 41
63 47
64 41
65 33
66 24
67 45
68 32
69 31
70 40
71 33
72 30
73 33
74 32
75 32
76 38
77 43
78 46
79 41
80 33
81 42
82 38
83 33
84 35
85 40
86 33
87 44
88 34
89 49
90 30
91 33
92 35
93 41
94 38
95 44
96 27
97 45
98 50
99 29
100 32
101 30
102 38
103 35
104 37
105 40
106 28
107 33
108 32
109 43
110 41
111 33
112 41
113 31
114 47
115 40
116 43
117 39
118 38
119 36
120 40
121 38
122 31
123 33
124 41
125 40
126 41
127 44
128 32
129 31
130 37
131 22
132 43
133 48
134 37
135 33
136 41
137 36
138 48
139 34
140 27
141 40
142 35
143 35
144 44
145 51
146 40
147 48
148 36
149 37
150 36
151 39
152 47
153 45
154 33
155 30
156 42
157 45
158 49
159 49
160 31
161 36
162 36
163 42
164 45
165 34
166 35
167 35
168 35
169 38
170 35
171 36
172 35
173 35
174 49
175 31
176 44
177 33
178 35
179 47
180 45
181 35
182 24
183 41
184 40
185 33
186 29
187 44
188 39
189 43
190 30
191 32
192 36
193 48
194 44
195 38
196 29
197 44
198 40
199 36
200 49
201 43
202 37
203 37
204 32
205 42
206 38
207 34
208 37
209 35
210 44
211 30
212 48
213 46
214 40
215 35
216 34
217 42
218 38
219 33
220 38
221 39
222 42
223 35
224 45
225 39
226 39
227 34
228 33
229 40
230 30
231 47
232 49
233 35
234 34
235 38
236 36
237 31
238 41
239 48
240 27
241 35
242 33
243 36
244 40
245 50
246 47
247 27
248 33
249 37
250 34
251 39
252 52
253 33
254 32
255 50
256 49
257 50
258 39
259 49
260 37
261 46
262 43
263 42
264 38
265 53
266 43
267 41
268 34
269 43
270 40
271 41
272 39
273 41
274 48
275 32
276 45
277 45
278 35
279 46
280 43
281 29
282 38
283 47
284 26
285 34
286 36
287 43
288 40
289 46
290 39
291 45
292 51
293 37
294 40
295 34
296 49
297 42
298 44
299 37
300 39
301 36
302 41
303 43
304 47
305 46
306 32
307 39
308 39
309 26
310 41
311 45
312 41
313 36
314 32
315 42
316 44
317 36
318 37
319 40
320 44
321 39
322 37
323 44
324 53
325 50
326 36
327 43
328 48
329 43
330 38
331 46
332 46
333 37
334 31
335 31
336 34
337 36
338 43
339 36
340 33
341 35
342 32
343 43
344 40
345 41
346 36
347 43
348 44
349 48
350 52
351 32
352 48
353 36
354 54
355 41
356 31
357 38
358 29
359 51
360 39
361 33
362 51
363 44
364 45
365 53
366 45
367 33
368 41
369 35
370 41
371 50
372 45
373 40
374 44
375 42
376 42
377 41
378 42
379 32
380 31
381 34
382 44
383 33
384 47
385 44
386 40
387 38
388 54
389 49
390 39
391 36
392 38
393 45
394 48
395 42
396 35
397 47
398 42
399 36
400 44
401 52
402 50
403 40
404 37
405 40
406 38
407 41
408 39
409 46
410 41
411 43
412 41
413 52
414 42
415 30
416 38
417 47
418 35
419 51
420 32
421 48
422 54
423 31
424 38
425 54
426 48
427 35
428 43
429 43
430 45
431 50
432 39
433 30
434 35
435 37
436 42
437 33
438 35
439 38
440 41
441 40
442 37
443 38
444 40
445 38
446 39
447 46
448 55
449 38
450 39
451 59
452 35
453 44
454 42
455 31
456 40
457 44
458 34
459 44
460 34
461 49
462 50
463 41
464 40
465 44
466 42
467 48
468 43
469 29
470 51
471 52
472 51
473 54
474 53
475 40
476 48
477 59
478 59
479 59
480 51
481 51
482 46
483 59
484 61
485 49
486 70
487 44
488 68
489 76
490 64
491 77
492 77
493 102
494 84
495 79
496 67
497 70
498 81
499 90
500 82
501 123
502 100
503 114
504 97
505 101
506 122
507 113
508 91
509 90
510 91
511 101
512 95
513 91
514 53
515 73
516 41
517 61
518 52
519 65
520 58
521 37
522 50
523 42
524 41
525 39
526 48
527 41
528 43
529 45
530 39
531 44
532 40
533 43
534 42
535 48
536 50
537 43
538 42
539 38
540 41
541 44
542 47
543 54
544 46
545 29
546 35
547 43
548 54
549 31
550 43
551 35
552 43
553 37
554 39
555 42
556 48
557 39
558 45
559 39
560 42
561 45
562 45
563 48
564 41
565 44
566 48
567 40
568 37
569 45
570 37
571 33
572 37
573 42
574 36
575 36
576 27
577 43
578 41
579 48
580 31
581 39
582 42
583 31
584 33
585 37
586 30
587 36
588 60
589 54
590 47
591 50
592 48
593 49
594 50
595 33
596 43
597 53
598 46
599 36
600 43
601 38
602 36
603 36
604 56
605 41
606 44
607 31
608 44
609 45
610 36
611 44
612 31
613 49
614 49
615 35
616 46
617 55
618 30
619 45
620 42
621 36
622 41
623 37
624 43
625 33
626 38
627 49
628 37
629 41
630 49
631 40
632 45
633 40
634 41
635 48
636 48
637 40
638 33
639 44
640 43
641 40
642 59
643 50
644 32
645 42
646 38
647 52
648 54
649 52
650 40
651 42
652 47
653 35
654 50
655 40
656 37
657 51
658 46
659 47
660 52
661 40
662 44
663 46
664 44
665 58
666 41
667 43
668 39
669 47
670 45
671 45
672 43
673 47
674 44
675 42
676 37
677 44
678 49
679 40
680 45
681 51
682 37
683 49
684 39
685 26
686 33
687 41
688 45
689 53
690 47
691 50
692 40
693 41
694 43
695 36
696 49
697 42
698 42
699 35
700 46
701 50
702 49
703 36
704 39
705 30
706 64
707 41
708 49
709 33
710 56
711 37
712 43
713 41
714 49
715 39
716 38
717 54
718 33
719 47
720 46
721 49
722 41
723 35
724 34
725 36
726 47
727 39
728 37
729 47
730 35
731 34
732 42
733 27
734 48
735 39
736 38
737 46
738 33
739 43
740 35
741 33
742 33
743 44
744 29
745 40
746 41
747 36
748 29
749 27
750 35
751 31
752 45
753 42
754 51
755 39
756 29
757 41
758 34
759 43
760 39
761 57
762 48
763 38
764 44
765 35
766 29
767 40
768 39
769 36
770 45
771 32
772 30
773 36
774 50
775 34
776 28
777 52
778 41
779 34
780 41
781 42
782 45
783 41
784 34
785 42
786 42
787 42
788 31
789 49
790 34
791 38
792 39
793 36
794 39
795 34
796 48
797 40
798 37
799 39
800 35
801 45
802 43
803 39
804 37
805 43
806 34
807 50
808 44
809 34
810 26
811 44
812 39
813 49
814 42
815 43
816 40
817 41
818 41
819 44
820 37
821 36
822 45
823 35
824 32
825 60
826 36
827 39
828 33
829 51
830 48
831 31
832 44
833 50
834 48
835 50
836 46
837 24
838 52
839 40
840 45
841 31
842 33
843 25
844 47
845 46
846 32
847 38
848 44
849 42
850 31
851 35
852 46
853 41
854 43
855 36
856 35
857 44
858 37
859 37
860 36
861 32
862 31
863 28
864 45
865 38
866 40
867 36
868 48
869 33
870 37
871 36
872 47
873 51
874 42
875 35
876 28
877 29
878 45
879 29
880 36
881 43
882 45
883 35
884 49
885 39
886 33
887 31
888 33
889 38
890 40
891 40
892 43
893 31
894 51
895 46
896 33
897 24
898 33
899 26
900 39
901 28
902 34
903 42
904 33
905 36
906 28
907 30
908 33
909 35
910 32
911 40
912 34
913 32
914 41
915 38
916 30
917 32
918 34
919 39
920 36
921 34
922 29
923 47
924 40
925 30
926 36
927 42
928 24
929 35
930 38
931 35
932 44
933 39
934 27
935 39
936 43
937 37
938 30
939 27
940 37
941 31
942 38
943 32
944 48
945 48
946 37
947 50
948 39
949 41
950 37
951 31
952 44
953 27
954 35
955 41
956 39
957 36
958 34
959 40
960 36
961 39
962 39
963 27
964 43
965 33
966 47
967 44
968 37
969 55
970 30
971 41
972 38
973 48
974 43
975 35
976 44
977 45
978 36
979 40
980 44
981 34
982 41
983 40
984 44
985 36
986 46
987 59
988 50
989 50
990 64
991 55
992 59
993 71
994 53
995 62
996 83
997 129
998 131
999 148
1000 133
1001 134
1002 170
1003 221
1004 258
1005 341
1006 335
1007 304
1008 310
1009 336
1010 420
1011 457
1012 503
1013 599
1014 655
1015 504
1016 518
1017 616
1018 490
1019 343
1020 218
1021 204
1022 178
1023 113
1024 75
1025 80
1026 72
1027 62
1028 41
1029 46
1030 34
1031 36
1032 37
1033 51
1034 41
1035 37
1036 39
1037 30
1038 40
1039 39
1040 43
1041 24
1042 45
1043 48
1044 34
1045 30
1046 32
1047 33
1048 47
1049 32
1050 34
1051 30
1052 33
1053 26
1054 30
1055 35
1056 34
1057 31
1058 29
1059 35
1060 38
1061 50
1062 35
1063 36
1064 40
1065 38
1066 39
1067 23
1068 35
1069 32
1070 38
1071 29
1072 29
1073 28
1074 34
1075 27
1076 36
1077 32
1078 35
1079 30
1080 44
1081 45
1082 29
1083 40
1084 39
1085 29
1086 33
1087 38
1088 38
1089 38
1090 34
1091 27
1092 37
1093 38
1094 31
1095 32
1096 35
1097 37
1098 33
1099 28
1100 31
1101 45
1102 34
1103 38
1104 39
1105 24
1106 33
1107 37
1108 35
1109 33
1110 29
1111 26
1112 39
1113 37
1114 38
1115 34
1116 40
1117 33
1118 38
1119 43
1120 39
1121 41
1122 27
1123 32
1124 36
1125 38
1126 37
1127 32
1128 37
1129 51
1130 28
1131 41
1132 44
1133 38
1134 40
1135 37
1136 41
1137 56
1138 55
1139 41
1140 49
1141 65
1142 68
1143 43
1144 47
1145 44
1146 47
1147 39
1148 42
1149 62
1150 76
1151 47
1152 60
1153 44
1154 57
1155 35
1156 40
1157 37
1158 38
1159 31
1160 42
1161 36
1162 44
1163 36
1164 26
1165 29
1166 52
1167 33
1168 36
1169 34
1170 39
1171 39
1172 38
1173 37
1174 39
1175 36
1176 38
1177 34
1178 40
1179 40
1180 34
1181 33
1182 44
1183 40
1184 23
1185 33
1186 33
1187 23
1188 38
1189 33
1190 45
1191 40
1192 34
1193 32
1194 29
1195 27
1196 27
1197 28
1198 32
1199 34
1200 24
1201 42
1202 34
1203 34
1204 27
1205 28
1206 36
1207 40
1208 36
1209 33
1210 38
1211 34
1212 36
1213 30
1214 40
1215 45
1216 45
1217 35
1218 27
1219 29
1220 36
1221 31
1222 23
1223 35
1224 29
1225 35
1226 29
1227 28
1228 23
1229 33
1230 28
1231 36
1232 36
1233 36
1234 24
1235 28
1236 28
1237 22
1238 32
1239 36
1240 21
1241 35
1242 38
1243 27
1244 22
1245 25
1246 31
1247 25
1248 28
1249 28
1250 24
1251 33
1252 39
1253 28
1254 29
1255 27
1256 39
1257 22
1258 27
1259 25
1260 40
1261 29
1262 29
1263 35
1264 38
1265 33
1266 34
1267 27
1268 24
1269 31
1270 25
1271 34
1272 18
1273 18
1274 27
1275 21
1276 17
1277 19
1278 15
1279 17
1280 89
1281 79
1282 97
1283 93
1284 111
1285 111
1286 145
1287 166
1288 216
1289 210
1290 219
1291 266
1292 246
1293 226
1294 251
1295 280
1296 212
1297 218
1298 216
1299 136
1300 102
1301 81
1302 90
1303 92
1304 84
1305 59
1306 32
1307 30
1308 35
1309 36
1310 32
1311 34
1312 24
1313 30
1314 23
1315 29
1316 34
1317 21
1318 36
1319 23
1320 28
1321 36
1322 28
1323 20
1324 26
1325 30
1326 23
1327 25
1328 24
1329 26
1330 27
1331 22
1332 25
1333 16
1334 21
1335 22
1336 28
1337 25
1338 26
1339 19
1340 24
1341 25
1342 26
1343 26
1344 30
1345 28
1346 21
1347 29
1348 27
1349 27
1350 26
1351 33
1352 33
1353 22
1354 20
1355 17
1356 20
1357 27
1358 20
1359 26
1360 17
1361 24
1362 24
1363 24
1364 29
1365 23
1366 25
1367 12
1368 19
1369 23
1370 22
1371 27
1372 28
1373 24
1374 26
1375 27
1376 26
1377 26
1378 31
1379 33
1380 25
1381 20
1382 24
1383 23
1384 22
1385 19
1386 31
1387 18
1388 17
1389 22
1390 30
1391 29
1392 27
1393 25
1394 19
1395 28
1396 34
1397 19
1398 24
1399 27
1400 16
1401 24
1402 24
1403 23
1404 17
1405 21
1406 28
1407 14
1408 27
1409 22
1410 18
1411 33
1412 26
1413 22
1414 20
1415 19
1416 18
1417 27
1418 24
1419 11
1420 23
1421 16
1422 19
1423 22
1424 31
1425 28
1426 25
1427 16
1428 20
1429 25
1430 29
1431 20
1432 30
1433 24
1434 26
1435 20
1436 29
1437 25
1438 19
1439 18
1440 22
1441 22
1442 21
1443 33
1444 22
1445 25
1446 18
1447 20
1448 26
1449 22
1450 22
1451 31
1452 19
1453 23
1454 29
1455 22
1456 27
1457 17
1458 19
1459 28
1460 22
1461 26
1462 16
1463 23
1464 26
1465 21
1466 24
1467 19
1468 25
1469 22
1470 13
1471 27
1472 18
1473 29
1474 22
1475 23
1476 15
1477 18
1478 25
1479 28
1480 28
1481 18
1482 25
1483 25
1484 24
1485 29
1486 23
1487 10
1488 28
1489 22
1490 27
1491 14
1492 14
1493 16
1494 17
1495 22
1496 23
1497 33
1498 24
1499 29
1500 24
1501 19
1502 22
1503 25
1504 36
1505 28
1506 19
1507 26
1508 26
1509 20
1510 18
1511 24
1512 20
1513 23
1514 17
1515 14
1516 18
1517 22
1518 23
1519 20
1520 28
1521 22
1522 20
1523 26
1524 20
1525 26
1526 19
1527 24
1528 21
1529 21
1530 25
1531 29
1532 21
1533 26
1534 16
1535 18
1536 22
1537 28
1538 21
1539 26
1540 23
1541 21
1542 31
1543 22
1544 15
1545 22
1546 27
1547 27
1548 25
1549 19
1550 20
1551 22
1552 20
1553 16
1554 29
1555 19
1556 26
1557 18
1558 12
1559 26
1560 13
1561 19
1562 20
1563 27
1564 30
1565 13
1566 21
1567 19
1568 11
1569 28
1570 25
1571 21
1572 14
1573 17
1574 27
1575 18
1576 22
1577 16
1578 20
1579 25
1580 18
1581 27
1582 28
1583 25
1584 18
1585 28
1586 17
1587 19
1588 25
1589 18
1590 28
1591 18
1592 22
1593 27
1594 20
1595 25
1596 21
1597 18
1598 24
1599 16
1600 24
1601 28
1602 27
1603 16
1604 14
1605 13
1606 27
1607 27
1608 14
1609 17
1610 18
1611 25
1612 15
1613 24
1614 18
1615 16
1616 17
1617 19
1618 17
1619 22
1620 20
1621 25
1622 25
1623 18
1624 13
1625 25
1626 23
1627 18
1628 21
1629 17
1630 19
1631 18
1632 22
1633 20
1634 24
1635 18
1636 25
1637 16
1638 20
1639 17
1640 20
1641 33
1642 19
1643 18
1644 23
1645 17
1646 22
1647 24
1648 18
1649 19
1650 17
1651 20
1652 18
1653 25
1654 20
1655 28
1656 25
1657 22
1658 21
1659 19
1660 24
1661 20
1662 22
1663 24
1664 27
1665 23
1666 21
1667 18
1668 22
1669 27
1670 18
1671 24
1672 17
1673 18
1674 19
1675 16
1676 26
1677 16
1678 24
1679 12
1680 17
1681 16
1682 25
1683 29
1684 32
1685 26
1686 18
1687 22
1688 26
1689 24
1690 31
1691 29
1692 28
1693 31
1694 21
1695 19
1696 27
1697 26
1698 20
1699 19
1700 17
1701 19
1702 20
1703 19
1704 26
1705 27
1706 29
1707 25
1708 22
1709 14
1710 21
1711 14
1712 21
1713 21
1714 25
1715 22
1716 21
1717 10
1718 27
1719 24
1720 25
1721 36
1722 27
1723 29
1724 26
1725 28
1726 28
1727 34
1728 33
1729 30
1730 48
1731 40
1732 44
1733 53
1734 54
1735 86
1736 106
1737 91
1738 99
1739 97
1740 106
1741 173
1742 449
1743 352
1744 166
1745 123
1746 90
1747 125
1748 130
1749 87
1750 79
1751 83
1752 90
1753 110
1754 63
1755 67
1756 43
1757 42
1758 63
1759 41
1760 36
1761 32
1762 24
1763 24
1764 25
1765 20
1766 17
1767 22
1768 26
1769 21
1770 27
1771 22
1772 20
1773 25
1774 13
1775 17
1776 20
1777 16
1778 25
1779 19
1780 22
1781 21
1782 23
1783 26
1784 14
1785 16
1786 22
1787 21
1788 24
1789 13
1790 14
1791 19
1792 28
1793 21
1794 21
1795 11
1796 17
1797 15
1798 15
1799 21
1800 29
1801 19
1802 22
1803 16
1804 17
1805 19
1806 10
1807 17
1808 19
1809 17
1810 23
1811 15
1812 19
1813 18
1814 21
1815 21
1816 28
1817 15
1818 17
1819 24
1820 22
1821 19
1822 16
1823 18
1824 16
1825 26
1826 12
1827 22
1828 11
1829 18
1830 13
1831 18
1832 12
1833 14
1834 24
1835 18
1836 19
1837 15
1838 13
1839 16
1840 14
1841 22
1842 24
1843 17
1844 13
1845 16
1846 17
1847 9
1848 25
1849 22
1850 25
1851 25
1852 18
1853 19
1854 19
1855 20
1856 17
1857 18
1858 22
1859 23
1860 22
1861 27
1862 18
1863 17
1864 22
1865 20
1866 19
1867 14
1868 16
1869 19
1870 19
1871 13
1872 19
1873 14
1874 16
1875 21
1876 20
1877 15
1878 17
1879 18
1880 9
1881 16
1882 15
1883 17
1884 17
1885 10
1886 17
1887 15
1888 13
1889 17
1890 19
1891 17
1892 21
1893 18
1894 18
1895 15
1896 23
1897 16
1898 21
1899 25
1900 30
1901 18
1902 17
1903 26
1904 22
1905 19
1906 25
1907 19
1908 18
1909 18
1910 15
1911 22
1912 20
1913 21
1914 17
1915 22
1916 24
1917 22
1918 16
1919 17
1920 18
1921 14
1922 22
1923 17
1924 24
1925 12
1926 24
1927 16
1928 17
1929 11
1930 24
1931 22
1932 18
1933 23
1934 18
1935 26
1936 22
1937 17
1938 17
1939 21
1940 21
1941 17
1942 21
1943 20
1944 15
1945 18
1946 20
1947 24
1948 14
1949 20
1950 18
1951 13
1952 21
1953 16
1954 21
1955 17
1956 11
1957 27
1958 21
1959 17
1960 29
1961 29
1962 29
1963 40
1964 28
1965 35
1966 24
1967 27
1968 41
1969 37
1970 50
1971 62
1972 49
1973 64
1974 61
1975 68
1976 83
1977 79
1978 92
1979 113
1980 102
1981 119
1982 136
1983 137
1984 177
1985 182
1986 208
1987 216
1988 243
1989 271
1990 356
1991 329
1992 291
1993 355
1994 254
1995 316
1996 372
1997 391
1998 446
1999 394
2000 336
2001 345
2002 332
2003 298
2004 259
2005 280
2006 216
2007 202
2008 233
2009 142
2010 82
2011 101
2012 80
2013 62
2014 47
2015 55
2016 65
2017 54
2018 36
2019 32
2020 23
2021 25
2022 25
2023 22
2024 23
2025 17
2026 26
2027 20
2028 26
2029 13
2030 23
2031 21
2032 27
2033 16
2034 18
2035 18
2036 23
2037 11
2038 19
2039 11
2040 25
2041 23
2042 14
2043 18
2044 14
2045 28
2046 15
2047 21
2048 15
2049 19
2050 18
2051 12
2052 14
2053 17
2054 14
2055 22
2056 17
2057 20
2058 25
2059 14
2060 24
2061 22
2062 22
2063 13
2064 26
2065 20
2066 14
2067 14
2068 20
2069 12
2070 24
2071 19
2072 16
2073 12
2074 19
2075 17
2076 18
2077 14
2078 24
2079 14
2080 23
2081 19
2082 29
2083 16
2084 19
2085 21
2086 12
2087 12
2088 19
2089 11
2090 20
2091 16
2092 15
2093 13
2094 15
2095 17
2096 17
2097 16
2098 8
2099 14
2100 18
2101 15
2102 17
2103 15
2104 11
2105 15
2106 24
2107 13
2108 18
2109 21
2110 18
2111 15
2112 16
2113 21
2114 23
2115 14
2116 18
2117 21
2118 20
2119 23
2120 24
2121 23
2122 14
2123 19
2124 23
2125 13
2126 15
2127 10
2128 14
2129 11
2130 17
2131 8
2132 22
2133 16
2134 12
2135 18
2136 16
2137 14
2138 22
2139 19
2140 13
2141 18
2142 22
2143 18
2144 10
2145 9
2146 15
2147 18
2148 18
2149 12
2150 19
2151 16
2152 18
2153 18
2154 19
2155 18
2156 14
2157 16
2158 23
2159 9
2160 18
2161 13
2162 11
2163 13
2164 21
2165 13
2166 19
2167 21
2168 22
2169 17
2170 30
2171 26
2172 19
2173 26
2174 29
2175 26
2176 33
2177 33
2178 37
2179 28
2180 45
2181 47
2182 67
2183 73
2184 86
2185 72
2186 78
2187 69
2188 69
2189 71
2190 90
2191 86
2192 56
2193 52
2194 93
2195 81
2196 86
2197 91
2198 91
2199 91
2200 77
2201 63
2202 67
2203 48
2204 44
2205 56
2206 58
2207 51
2208 55
2209 35
2210 39
2211 40
2212 39
2213 25
2214 34
2215 36
2216 40
2217 22
2218 20
2219 20
2220 21
2221 15
2222 13
2223 14
2224 23
2225 16
2226 12
2227 13
2228 10
2229 19
2230 13
2231 19
2232 21
2233 15
2234 16
2235 13
2236 6
2237 12
2238 14
2239 18
2240 13
2241 13
2242 16
2243 15
2244 14
2245 14
2246 10
2247 13
2248 11
2249 12
2250 9
2251 18
2252 16
2253 19
2254 10
2255 13
2256 11
2257 12
2258 19
2259 23
2260 12
2261 12
2262 15
2263 17
2264 9
2265 18
2266 14
2267 12
2268 15
2269 19
2270 11
2271 13
2272 11
2273 12
2274 13
2275 15
2276 25
2277 11
2278 20
2279 15
2280 14
2281 15
2282 14
2283 10
2284 15
2285 14
2286 14
2287 14
2288 10
2289 12
2290 10
2291 13
2292 12
2293 12
2294 14
2295 14
2296 19
2297 13
2298 15
2299 14
2300 17
2301 17
2302 13
2303 10
2304 11
2305 18
2306 18
2307 14
2308 12
2309 16
2310 16
2311 14
2312 15
2313 20
2314 18
2315 23
2316 13
2317 15
2318 16
2319 12
2320 13
2321 13
2322 13
2323 6
2324 15
2325 14
2326 22
2327 12
2328 16
2329 11
2330 12
2331 15
2332 11
2333 15
2334 12
2335 11
2336 11
2337 10
2338 15
2339 14
2340 14
2341 18
2342 10
2343 8
2344 11
2345 16
2346 12
2347 13
2348 13
2349 16
2350 17
2351 16
2352 23
2353 14
2354 12
2355 9
2356 15
2357 12
2358 15
2359 14
2360 19
2361 14
2362 9
2363 8
2364 16
2365 16
2366 12
2367 14
2368 10
2369 15
2370 13
2371 13
2372 12
2373 11
2374 22
2375 16
2376 19
2377 8
2378 10
2379 9
2380 20
2381 15
2382 6
2383 11
2384 10
2385 19
2386 12
2387 9
2388 16
2389 13
2390 16
2391 14
2392 7
2393 17
2394 14
2395 8
2396 12
2397 14
2398 12
2399 12
2400 15
2401 12
2402 10
2403 15
2404 9
2405 10
2406 10
2407 13
2408 12
2409 10
2410 14
2411 17
2412 9
2413 14
2414 16
2415 13
2416 6
2417 16
2418 16
2419 11
2420 16
2421 11
2422 12
2423 12
2424 12
2425 14
2426 14
2427 10
2428 8
2429 11
2430 8
2431 12
2432 12
2433 19
2434 16
2435 7
2436 10
2437 9
2438 12
2439 8
2440 18
2441 10
2442 13
2443 12
2444 19
2445 7
2446 14
2447 18
2448 24
2449 8
2450 18
2451 10
2452 13
2453 16
2454 17
2455 21
2456 20
2457 30
2458 22
2459 17
2460 24
2461 25
2462 26
2463 22
2464 28
2465 20
2466 23
2467 31
2468 30
2469 33
2470 29
2471 37
2472 57
2473 42
2474 40
2475 57
2476 60
2477 52
2478 56
2479 43
2480 44
2481 30
2482 47
2483 53
2484 48
2485 46
2486 42
2487 65
2488 67
2489 65
2490 45
2491 46
2492 36
2493 28
2494 37
2495 37
2496 46
2497 37
2498 42
2499 32
2500 26
2501 17
2502 19
2503 19
2504 20
2505 19
2506 18
2507 21
2508 15
2509 15
2510 22
2511 21
2512 13
2513 7
2514 9
2515 17
2516 17
2517 11
2518 17
2519 11
2520 14
2521 12
2522 11
2523 14
2524 16
2525 7
2526 13
2527 18
2528 13
2529 11
2530 10
2531 12
2532 16
2533 8
2534 13
2535 14
2536 17
2537 15
2538 12
2539 7
2540 10
2541 11
2542 14
2543 5
2544 12
2545 11
2546 19
2547 23
2548 21
2549 13
2550 6
2551 14
2552 19
2553 18
2554 18
2555 16
2556 18
2557 25
2558 20
2559 24
