0 46
1 38
2 36
3 37
4 34
5 45
6 42
7 38
8 29
9 28
10 30
11 31
12 32
13 38
14 31
15 32
16 41
17 44
18 33
19 41
20 34
21 32
22 36
23 42
24 31
25 18
26 34
27 42
28 30
29 39
30 35
31 37
32 32
33 42
34 37
35 39
36 30
37 39
38 31
39 20
40 30
41 36
42 42
43 39
44 35
45 40
46 22
47 32
48 30
49 40
50 31
51 36
52 29
53 50
54 22
55 24
56 27
57 25
58 29
59 31
60 40
61 45
62 41
63 39
64 41
65 21
66 34
67 41
68 46
69 39
70 44
71 29
72 35
73 31
74 27
75 28
76 43
77 45
78 35
79 33
80 42
81 42
82 46
83 33
84 40
85 36
86 35
87 47
88 40
89 38
90 34
91 37
92 40
93 36
94 41
95 45
96 36
97 39
98 39
99 27
100 36
101 34
102 29
103 39
104 29
105 42
106 35
107 40
108 36
109 36
110 35
111 32
112 51
113 34
114 32
115 36
116 50
117 31
118 37
119 43
120 53
121 39
122 30
123 41
124 34
125 40
126 36
127 36
128 34
129 34
130 34
131 36
132 30
133 27
134 24
135 34
136 49
137 37
138 26
139 37
140 35
141 51
142 36
143 40
144 35
145 41
146 47
147 30
148 29
149 31
150 32
151 30
152 38
153 31
154 35
155 32
156 48
157 38
158 46
159 35
160 37
161 41
162 35
163 28
164 44
165 27
166 41
167 36
168 43
169 41
170 31
171 41
172 30
173 33
174 42
175 40
176 32
177 42
178 38
179 29
180 31
181 42
182 36
183 36
184 40
185 45
186 28
187 32
188 44
189 40
190 34
191 41
192 34
193 33
194 45
195 38
196 35
197 36
198 38
199 39
200 33
201 30
202 33
203 37
204 39
205 36
206 49
207 30
208 31
209 38
210 48
211 43
212 36
213 43
214 35
215 36
216 38
217 46
218 42
219 39
220 52
221 47
222 35
223 41
224 35
225 42
226 47
227 52
228 41
229 41
230 30
231 34
232 39
233 33
234 34
235 33
236 49
237 39
238 41
239 43
240 51
241 48
242 48
243 44
244 45
245 39
246 43
247 53
248 26
249 39
250 30
251 36
252 45
253 35
254 38
255 41
256 46
257 36
258 43
259 44
260 46
261 37
262 37
263 35
264 34
265 35
266 42
267 27
268 39
269 41
270 48
271 43
272 51
273 47
274 34
275 37
276 43
277 38
278 42
279 38
280 48
281 40
282 36
283 37
284 43
285 40
286 37
287 30
288 34
289 52
290 35
291 40
292 39
293 48
294 51
295 47
296 47
297 48
298 35
299 38
300 51
301 42
302 46
303 44
304 40
305 38
306 43
307 34
308 48
309 40
310 47
311 39
312 45
313 39
314 39
315 32
316 35
317 41
318 42
319 37
320 33
321 41
322 41
323 41
324 37
325 47
326 47
327 43
328 42
329 34
330 38
331 39
332 24
333 50
334 55
335 41
336 32
337 52
338 42
339 41
340 37
341 36
342 32
343 40
344 32
345 37
346 48
347 54
348 37
349 37
350 32
351 39
352 35
353 29
354 40
355 35
356 43
357 37
358 35
359 45
360 38
361 47
362 33
363 37
364 44
365 48
366 44
367 43
368 35
369 52
370 41
371 40
372 39
373 45
374 32
375 29
376 39
377 42
378 50
379 40
380 39
381 37
382 24
383 37
384 44
385 39
386 42
387 40
388 49
389 38
390 48
391 37
392 37
393 48
394 38
395 37
396 42
397 44
398 42
399 44
400 36
401 53
402 51
403 42
404 44
405 38
406 40
407 39
408 34
409 32
410 40
411 50
412 38
413 44
414 42
415 40
416 57
417 46
418 36
419 27
420 37
421 33
422 42
423 45
424 33
425 39
426 50
427 35
428 37
429 44
430 36
431 42
432 46
433 41
434 44
435 48
436 47
437 40
438 37
439 26
440 37
441 47
442 21
443 44
444 44
445 47
446 37
447 34
448 40
449 46
450 55
451 49
452 40
453 30
454 45
455 44
456 36
457 55
458 36
459 67
460 41
461 45
462 37
463 47
464 51
465 33
466 35
467 37
468 38
469 35
470 51
471 48
472 44
473 56
474 56
475 48
476 48
477 56
478 50
479 49
480 36
481 49
482 51
483 47
484 51
485 66
486 45
487 45
488 64
489 65
490 58
491 81
492 96
493 91
494 99
495 82
496 80
497 77
498 85
499 80
500 97
501 83
502 98
503 98
504 115
505 112
506 129
507 108
508 102
509 92
510 103
511 99
512 103
513 105
514 75
515 67
516 67
517 43
518 38
519 40
520 42
521 39
522 40
523 50
524 33
525 44
526 44
527 38
528 32
529 40
530 50
531 52
532 54
533 38
534 47
535 42
536 40
537 35
538 36
539 50
540 52
541 62
542 37
543 50
544 37
545 45
546 33
547 48
548 38
549 42
550 55
551 27
552 37
553 50
554 48
555 34
556 45
557 43
558 44
559 36
560 47
561 44
562 42
563 44
564 53
565 47
566 38
567 28
568 45
569 33
570 48
571 45
572 49
573 54
574 46
575 55
576 48
577 38
578 38
579 40
580 50
581 53
582 62
583 45
584 39
585 36
586 54
587 38
588 41
589 37
590 39
591 57
592 51
593 42
594 31
595 31
596 41
597 39
598 38
599 42
600 46
601 53
602 41
603 50
604 41
605 36
606 37
607 42
608 35
609 35
610 35
611 57
612 45
613 38
614 41
615 44
616 35
617 50
618 47
619 51
620 55
621 43
622 29
623 41
624 42
625 37
626 44
627 39
628 47
629 50
630 49
631 58
632 45
633 36
634 40
635 43
636 40
637 29
638 44
639 41
640 29
641 35
642 42
643 42
644 54
645 40
646 42
647 42
648 47
649 41
650 41
651 42
652 47
653 40
654 33
655 29
656 41
657 39
658 39
659 38
660 52
661 36
662 37
663 39
664 46
665 44
666 46
667 36
668 44
669 38
670 45
671 39
672 31
673 29
674 35
675 54
676 34
677 38
678 47
679 39
680 46
681 52
682 55
683 47
684 40
685 29
686 35
687 41
688 40
689 47
690 52
691 39
692 34
693 38
694 42
695 42
696 40
697 43
698 43
699 45
700 29
701 45
702 38
703 51
704 44
705 39
706 44
707 39
708 33
709 44
710 39
711 42
712 46
713 39
714 48
715 30
716 51
717 44
718 44
719 38
720 43
721 42
722 38
723 22
724 35
725 29
726 47
727 43
728 41
729 38
730 41
731 45
732 29
733 35
734 47
735 32
736 36
737 32
738 29
739 47
740 30
741 48
742 32
743 35
744 38
745 33
746 33
747 42
748 29
749 36
750 36
751 43
752 35
753 32
754 38
755 42
756 37
757 37
758 44
759 51
760 38
761 35
762 24
763 36
764 35
765 37
766 43
767 40
768 28
769 34
770 36
771 38
772 40
773 46
774 30
775 33
776 40
777 41
778 44
779 41
780 39
781 37
782 50
783 38
784 35
785 40
786 42
787 45
788 37
789 40
790 41
791 38
792 38
793 46
794 32
795 38
796 39
797 39
798 44
799 48
800 38
801 45
802 40
803 30
804 33
805 38
806 34
807 46
808 39
809 43
810 34
811 40
812 37
813 29
814 40
815 40
816 38
817 39
818 37
819 44
820 46
821 50
822 38
823 35
824 38
825 43
826 48
827 46
828 38
829 35
830 60
831 42
832 29
833 33
834 40
835 45
836 37
837 43
838 28
839 47
840 55
841 48
842 46
843 42
844 32
845 46
846 46
847 38
848 30
849 36
850 39
851 27
852 40
853 36
854 42
855 50
856 35
857 39
858 38
859 57
860 40
861 33
862 45
863 35
864 35
865 29
866 41
867 51
868 40
869 34
870 39
871 34
872 37
873 34
874 44
875 31
876 40
877 27
878 25
879 33
880 41
881 33
882 33
883 38
884 27
885 40
886 33
887 33
888 43
889 34
890 36
891 48
892 27
893 28
894 29
895 38
896 49
897 42
898 40
899 42
900 44
901 33
902 34
903 42
904 37
905 33
906 42
907 45
908 48
909 41
910 40
911 38
912 61
913 38
914 39
915 33
916 27
917 31
918 38
919 37
920 39
921 39
922 25
923 36
924 33
925 28
926 44
927 28
928 42
929 33
930 38
931 34
932 49
933 47
934 35
935 41
936 31
937 34
938 36
939 31
940 34
941 31
942 40
943 35
944 41
945 40
946 41
947 47
948 49
949 32
950 46
951 44
952 30
953 49
954 35
955 40
956 45
957 36
958 42
959 49
960 38
961 33
962 37
963 48
964 39
965 31
966 33
967 51
968 42
969 35
970 57
971 51
972 45
973 44
974 41
975 32
976 31
977 42
978 34
979 34
980 38
981 42
982 50
983 45
984 43
985 37
986 43
987 45
988 44
989 50
990 56
991 67
992 69
993 81
994 64
995 59
996 86
997 108
998 126
999 139
1000 137
1001 125
1002 136
1003 207
1004 223
1005 279
1006 369
1007 312
1008 277
1009 320
1010 432
1011 489
1012 503
1013 586
1014 612
1015 589
1016 522
1017 625
1018 638
1019 423
1020 326
1021 278
1022 190
1023 148
1024 118
1025 90
1026 70
1027 69
1028 60
1029 41
1030 43
1031 51
1032 42
1033 43
1034 40
1035 43
1036 35
1037 37
1038 34
1039 35
1040 41
1041 47
1042 33
1043 45
1044 24
1045 50
1046 39
1047 32
1048 42
1049 41
1050 46
1051 36
1052 38
1053 35
1054 35
1055 27
1056 30
1057 47
1058 22
1059 33
1060 38
1061 33
1062 31
1063 36
1064 34
1065 36
1066 40
1067 26
1068 38
1069 31
1070 44
1071 34
1072 33
1073 32
1074 37
1075 27
1076 31
1077 33
1078 34
1079 38
1080 40
1081 33
1082 39
1083 31
1084 35
1085 44
1086 37
1087 33
1088 36
1089 39
1090 40
1091 38
1092 26
1093 30
1094 39
1095 39
1096 35
1097 28
1098 38
1099 26
1100 35
1101 24
1102 34
1103 42
1104 40
1105 31
1106 33
1107 25
1108 27
1109 31
1110 38
1111 32
1112 30
1113 34
1114 31
1115 42
1116 30
1117 43
1118 32
1119 31
1120 31
1121 33
1122 39
1123 39
1124 34
1125 26
1126 39
1127 39
1128 43
1129 25
1130 46
1131 37
1132 42
1133 55
1134 35
1135 44
1136 60
1137 60
1138 48
1139 38
1140 47
1141 47
1142 60
1143 45
1144 57
1145 62
1146 47
1147 37
1148 81
1149 58
1150 53
1151 67
1152 51
1153 63
1154 47
1155 36
1156 46
1157 48
1158 43
1159 37
1160 34
1161 48
1162 36
1163 40
1164 37
1165 30
1166 30
1167 35
1168 43
1169 38
1170 29
1171 32
1172 43
1173 36
1174 35
1175 42
1176 29
1177 31
1178 39
1179 40
1180 42
1181 36
1182 29
1183 31
1184 40
1185 25
1186 38
1187 31
1188 18
1189 33
1190 33
1191 32
1192 41
1193 28
1194 40
1195 22
1196 36
1197 28
1198 31
1199 41
1200 32
1201 33
1202 36
1203 44
1204 27
1205 33
1206 34
1207 29
1208 28
1209 28
1210 22
1211 41
1212 32
1213 45
1214 25
1215 34
1216 40
1217 28
1218 22
1219 38
1220 35
1221 27
1222 27
1223 25
1224 38
1225 32
1226 27
1227 31
1228 25
1229 30
1230 46
1231 25
1232 29
1233 16
1234 39
1235 39
1236 41
1237 30
1238 23
1239 30
1240 27
1241 42
1242 32
1243 24
1244 21
1245 30
1246 22
1247 36
1248 24
1249 32
1250 30
1251 34
1252 32
1253 33
1254 28
1255 33
1256 29
1257 41
1258 27
1259 29
1260 32
1261 35
1262 35
1263 25
1264 37
1265 28
1266 30
1267 30
1268 24
1269 32
1270 32
1271 30
1272 20
1273 29
1274 28
1275 25
1276 23
1277 14
1278 14
1279 19
1280 82
1281 84
1282 80
1283 72
1284 101
1285 120
1286 114
1287 143
1288 206
1289 222
1290 232
1291 232
1292 237
1293 241
1294 247
1295 295
1296 270
1297 191
1298 233
1299 163
1300 111
1301 95
1302 88
1303 82
1304 88
1305 83
1306 52
1307 45
1308 37
1309 22
1310 38
1311 30
1312 27
1313 27
1314 31
1315 35
1316 35
1317 22
1318 25
1319 24
1320 17
1321 33
1322 28
1323 34
1324 29
1325 17
1326 29
1327 25
1328 22
1329 26
1330 22
1331 31
1332 27
1333 26
1334 18
1335 20
1336 31
1337 22
1338 24
1339 25
1340 21
1341 28
1342 30
1343 26
1344 18
1345 21
1346 24
1347 24
1348 23
1349 24
1350 23
1351 24
1352 23
1353 24
1354 22
1355 26
1356 33
1357 27
1358 22
1359 23
1360 23
1361 30
1362 34
1363 30
1364 33
1365 32
1366 25
1367 15
1368 24
1369 27
1370 19
1371 26
1372 28
1373 26
1374 22
1375 21
1376 21
1377 21
1378 19
1379 25
1380 15
1381 26
1382 23
1383 24
1384 24
1385 21
1386 24
1387 25
1388 21
1389 20
1390 25
1391 22
1392 24
1393 30
1394 21
1395 23
1396 18
1397 20
1398 26
1399 23
1400 16
1401 21
1402 19
1403 30
1404 26
1405 23
1406 23
1407 23
1408 23
1409 24
1410 17
1411 19
1412 31
1413 24
1414 33
1415 28
1416 23
1417 25
1418 28
1419 26
1420 24
1421 17
1422 31
1423 29
1424 20
1425 23
1426 26
1427 22
1428 26
1429 33
1430 23
1431 21
1432 27
1433 26
1434 19
1435 23
1436 37
1437 27
1438 24
1439 38
1440 29
1441 23
1442 13
1443 25
1444 23
1445 18
1446 19
1447 28
1448 11
1449 23
1450 21
1451 28
1452 22
1453 19
1454 18
1455 21
1456 29
1457 20
1458 24
1459 14
1460 28
1461 25
1462 22
1463 19
1464 32
1465 29
1466 15
1467 15
1468 22
1469 26
1470 23
1471 32
1472 37
1473 29
1474 24
1475 19
1476 25
1477 22
1478 20
1479 23
1480 28
1481 24
1482 20
1483 27
1484 27
1485 16
1486 18
1487 17
1488 30
1489 27
1490 24
1491 26
1492 17
1493 23
1494 24
1495 22
1496 23
1497 27
1498 26
1499 15
1500 22
1501 18
1502 20
1503 22
1504 24
1505 21
1506 29
1507 18
1508 24
1509 23
1510 36
1511 20
1512 29
1513 19
1514 17
1515 18
1516 21
1517 22
1518 17
1519 22
1520 19
1521 22
1522 19
1523 22
1524 18
1525 29
1526 21
1527 24
1528 25
1529 17
1530 22
1531 19
1532 16
1533 14
1534 24
1535 22
1536 27
1537 25
1538 26
1539 22
1540 23
1541 25
1542 10
1543 20
1544 20
1545 30
1546 21
1547 22
1548 21
1549 22
1550 23
1551 17
1552 27
1553 29
1554 12
1555 23
1556 26
1557 19
1558 26
1559 20
1560 12
1561 17
1562 33
1563 22
1564 19
1565 17
1566 21
1567 17
1568 20
1569 22
1570 14
1571 17
1572 13
1573 25
1574 25
1575 18
1576 22
1577 29
1578 18
1579 26
1580 19
1581 25
1582 25
1583 17
1584 18
1585 15
1586 23
1587 18
1588 23
1589 22
1590 23
1591 21
1592 23
1593 19
1594 25
1595 23
1596 25
1597 15
1598 20
1599 20
1600 23
1601 16
1602 22
1603 11
1604 25
1605 21
1606 25
1607 26
1608 21
1609 19
1610 19
1611 23
1612 24
1613 17
1614 29
1615 21
1616 18
1617 18
1618 13
1619 18
1620 24
1621 25
1622 19
1623 19
1624 23
1625 23
1626 21
1627 31
1628 17
1629 20
1630 16
1631 23
1632 20
1633 25
1634 17
1635 21
1636 21
1637 21
1638 14
1639 17
1640 16
1641 20
1642 20
1643 14
1644 22
1645 18
1646 21
1647 18
1648 20
1649 25
1650 22
1651 11
1652 17
1653 16
1654 27
1655 22
1656 21
1657 24
1658 25
1659 24
1660 25
1661 14
1662 24
1663 16
1664 19
1665 12
1666 11
1667 19
1668 20
1669 21
1670 23
1671 17
1672 17
1673 19
1674 26
1675 24
1676 24
1677 25
1678 22
1679 27
1680 14
1681 18
1682 26
1683 24
1684 27
1685 23
1686 11
1687 24
1688 19
1689 22
1690 26
1691 25
1692 20
1693 24
1694 19
1695 28
1696 18
1697 26
1698 26
1699 30
1700 33
1701 13
1702 20
1703 18
1704 30
1705 26
1706 21
1707 26
1708 19
1709 17
1710 12
1711 18
1712 24
1713 17
1714 16
1715 18
1716 22
1717 31
1718 27
1719 31
1720 23
1721 16
1722 23
1723 27
1724 22
1725 17
1726 23
1727 28
1728 39
1729 35
1730 45
1731 40
1732 42
1733 55
1734 51
1735 64
1736 95
1737 90
1738 101
1739 98
1740 94
1741 132
1742 345
1743 371
1744 188
1745 142
1746 110
1747 131
1748 122
1749 93
1750 88
1751 102
1752 83
1753 88
1754 109
1755 92
1756 75
1757 60
1758 58
1759 52
1760 48
1761 22
1762 33
1763 24
1764 36
1765 20
1766 19
1767 22
1768 21
1769 28
1770 26
1771 23
1772 14
1773 17
1774 19
1775 21
1776 28
1777 24
1778 17
1779 22
1780 21
1781 18
1782 21
1783 20
1784 22
1785 22
1786 18
1787 14
1788 13
1789 23
1790 16
1791 16
1792 15
1793 15
1794 21
1795 15
1796 20
1797 20
1798 27
1799 16
1800 18
1801 24
1802 18
1803 23
1804 24
1805 16
1806 17
1807 18
1808 19
1809 14
1810 22
1811 22
1812 30
1813 24
1814 16
1815 19
1816 30
1817 21
1818 21
1819 15
1820 19
1821 10
1822 16
1823 18
1824 20
1825 16
1826 13
1827 16
1828 18
1829 16
1830 22
1831 25
1832 11
1833 13
1834 14
1835 21
1836 22
1837 17
1838 13
1839 10
1840 16
1841 15
1842 28
1843 21
1844 22
1845 25
1846 22
1847 21
1848 21
1849 26
1850 17
1851 13
1852 18
1853 19
1854 15
1855 21
1856 20
1857 16
1858 15
1859 14
1860 20
1861 17
1862 25
1863 18
1864 23
1865 17
1866 22
1867 12
1868 12
1869 22
1870 23
1871 16
1872 24
1873 20
1874 17
1875 24
1876 24
1877 20
1878 22
1879 21
1880 17
1881 21
1882 23
1883 19
1884 15
1885 17
1886 17
1887 13
1888 19
1889 18
1890 23
1891 24
1892 20
1893 17
1894 22
1895 15
1896 26
1897 13
1898 14
1899 9
1900 20
1901 17
1902 25
1903 17
1904 18
1905 14
1906 20
1907 20
1908 18
1909 16
1910 20
1911 27
1912 14
1913 23
1914 16
1915 7
1916 14
1917 21
1918 20
1919 16
1920 13
1921 25
1922 18
1923 20
1924 18
1925 26
1926 21
1927 25
1928 23
1929 17
1930 16
1931 21
1932 18
1933 24
1934 21
1935 16
1936 16
1937 17
1938 19
1939 21
1940 12
1941 24
1942 32
1943 22
1944 29
1945 18
1946 24
1947 15
1948 18
1949 25
1950 23
1951 21
1952 23
1953 23
1954 18
1955 17
1956 22
1957 21
1958 20
1959 20
1960 22
1961 24
1962 33
1963 18
1964 21
1965 30
1966 23
1967 30
1968 35
1969 50
1970 27
1971 58
1972 74
1973 59
1974 60
1975 38
1976 74
1977 86
1978 71
1979 100
1980 107
1981 97
1982 120
1983 116
1984 139
1985 152
1986 177
1987 196
1988 221
1989 252
1990 305
1991 299
1992 347
1993 308
1994 279
1995 290
1996 327
1997 419
1998 405
1999 415
2000 389
2001 334
2002 372
2003 377
2004 284
2005 288
2006 223
2007 239
2008 266
2009 195
2010 130
2011 128
2012 98
2013 75
2014 83
2015 67
2016 79
2017 56
2018 59
2019 40
2020 42
2021 33
2022 29
2023 25
2024 15
2025 20
2026 17
2027 24
2028 23
2029 14
2030 13
2031 17
2032 22
2033 21
2034 18
2035 21
2036 14
2037 25
2038 21
2039 16
2040 20
2041 15
2042 19
2043 16
2044 16
2045 14
2046 16
2047 15
2048 23
2049 23
2050 18
2051 22
2052 26
2053 21
2054 10
2055 21
2056 18
2057 18
2058 11
2059 14
2060 26
2061 24
2062 19
2063 22
2064 17
2065 14
2066 18
2067 18
2068 10
2069 12
2070 23
2071 11
2072 18
2073 19
2074 18
2075 24
2076 18
2077 19
2078 15
2079 12
2080 14
2081 26
2082 24
2083 17
2084 10
2085 17
2086 24
2087 20
2088 14
2089 17
2090 14
2091 12
2092 19
2093 20
2094 20
2095 25
2096 20
2097 18
2098 19
2099 19
2100 19
2101 17
2102 19
2103 13
2104 19
2105 19
2106 19
2107 17
2108 16
2109 21
2110 21
2111 16
2112 28
2113 15
2114 13
2115 24
2116 26
2117 12
2118 27
2119 24
2120 17
2121 16
2122 21
2123 20
2124 16
2125 15
2126 15
2127 18
2128 22
2129 14
2130 22
2131 13
2132 20
2133 19
2134 17
2135 17
2136 18
2137 14
2138 14
2139 16
2140 15
2141 9
2142 4
2143 7
2144 12
2145 19
2146 18
2147 10
2148 14
2149 12
2150 15
2151 18
2152 16
2153 14
2154 21
2155 15
2156 14
2157 9
2158 13
2159 17
2160 18
2161 15
2162 10
2163 23
2164 17
2165 20
2166 13
2167 15
2168 23
2169 27
2170 16
2171 25
2172 13
2173 18
2174 17
2175 24
2176 21
2177 34
2178 30
2179 41
2180 48
2181 56
2182 65
2183 59
2184 74
2185 85
2186 69
2187 53
2188 67
2189 72
2190 69
2191 87
2192 74
2193 74
2194 51
2195 72
2196 87
2197 108
2198 133
2199 107
2200 89
2201 71
2202 79
2203 71
2204 67
2205 50
2206 59
2207 56
2208 69
2209 55
2210 51
2211 36
2212 36
2213 45
2214 37
2215 28
2216 25
2217 21
2218 21
2219 26
2220 11
2221 19
2222 16
2223 10
2224 15
2225 16
2226 20
2227 17
2228 18
2229 21
2230 15
2231 18
2232 20
2233 11
2234 16
2235 22
2236 14
2237 13
2238 16
2239 11
2240 16
2241 12
2242 15
2243 8
2244 15
2245 17
2246 17
2247 14
2248 9
2249 14
2250 16
2251 11
2252 12
2253 12
2254 14
2255 12
2256 10
2257 13
2258 13
2259 10
2260 11
2261 18
2262 14
2263 10
2264 11
2265 17
2266 19
2267 11
2268 10
2269 18
2270 16
2271 14
2272 26
2273 17
2274 10
2275 12
2276 21
2277 11
2278 15
2279 14
2280 19
2281 8
2282 10
2283 14
2284 15
2285 14
2286 13
2287 8
2288 16
2289 16
2290 9
2291 14
2292 14
2293 10
2294 11
2295 15
2296 19
2297 19
2298 14
2299 14
2300 10
2301 12
2302 17
2303 13
2304 12
2305 28
2306 19
2307 16
2308 15
2309 14
2310 18
2311 12
2312 12
2313 8
2314 20
2315 14
2316 16
2317 11
2318 12
2319 18
2320 11
2321 12
2322 13
2323 18
2324 9
2325 9
2326 17
2327 9
2328 12
2329 14
2330 12
2331 12
2332 11
2333 7
2334 9
2335 13
2336 14
2337 14
2338 14
2339 19
2340 10
2341 19
2342 13
2343 9
2344 14
2345 8
2346 13
2347 15
2348 12
2349 10
2350 13
2351 10
2352 12
2353 18
2354 12
2355 13
2356 9
2357 12
2358 10
2359 8
2360 15
2361 13
2362 7
2363 9
2364 8
2365 17
2366 12
2367 16
2368 11
2369 17
2370 17
2371 12
2372 17
2373 15
2374 14
2375 12
2376 12
2377 18
2378 10
2379 11
2380 17
2381 12
2382 16
2383 17
2384 16
2385 17
2386 8
2387 13
2388 9
2389 10
2390 15
2391 10
2392 12
2393 11
2394 13
2395 14
2396 14
2397 14
2398 7
2399 17
2400 11
2401 13
2402 10
2403 8
2404 9
2405 13
2406 15
2407 13
2408 14
2409 9
2410 11
2411 10
2412 14
2413 9
2414 16
2415 9
2416 16
2417 15
2418 15
2419 13
2420 10
2421 9
2422 12
2423 22
2424 14
2425 10
2426 8
2427 14
2428 10
2429 14
2430 13
2431 8
2432 13
2433 16
2434 17
2435 10
2436 16
2437 13
2438 21
2439 15
2440 11
2441 14
2442 16
2443 17
2444 8
2445 15
2446 13
2447 10
2448 10
2449 12
2450 14
2451 19
2452 18
2453 20
2454 8
2455 14
2456 10
2457 14
2458 22
2459 17
2460 21
2461 24
2462 23
2463 23
2464 17
2465 20
2466 19
2467 17
2468 22
2469 28
2470 34
2471 38
2472 42
2473 44
2474 46
2475 39
2476 43
2477 52
2478 44
2479 59
2480 50
2481 33
2482 54
2483 38
2484 50
2485 50
2486 53
2487 56
2488 64
2489 66
2490 60
2491 63
2492 47
2493 25
2494 38
2495 42
2496 43
2497 49
2498 36
2499 40
2500 31
2501 32
2502 21
2503 28
2504 23
2505 18
2506 15
2507 24
2508 18
2509 13
2510 14
2511 20
2512 17
2513 22
2514 17
2515 17
2516 17
2517 8
2518 14
2519 15
2520 10
2521 13
2522 7
2523 18
2524 12
2525 9
2526 9
2527 15
2528 17
2529 13
2530 8
2531 15
2532 29
2533 10
2534 17
2535 14
2536 12
2537 11
2538 17
2539 13
2540 12
2541 16
2542 14
2543 16
2544 14
2545 14
2546 19
2547 16
2548 24
2549 10
2550 10
2551 12
2552 7
2553 13
2554 21
2555 33
2556 18
2557 18
2558 20
2559 28
