0 38
1 27
2 20
3 23
4 24
5 14
6 26
7 29
8 32
9 25
10 21
11 27
12 32
13 31
14 23
15 28
16 33
17 24
18 27
19 28
20 24
21 25
22 24
23 27
24 30
25 23
26 35
27 23
28 37
29 25
30 27
31 19
32 26
33 23
34 24
35 37
36 10
37 26
38 22
39 28
40 18
41 31
42 30
43 25
44 32
45 27
46 32
47 15
48 29
49 29
50 26
51 22
52 28
53 22
54 29
55 17
56 30
57 24
58 23
59 41
60 21
61 21
62 31
63 31
64 17
65 23
66 30
67 30
68 31
69 33
70 20
71 25
72 25
73 29
74 28
75 21
76 16
77 15
78 29
79 22
80 24
81 36
82 30
83 24
84 36
85 27
86 25
87 26
88 26
89 17
90 18
91 22
92 26
93 22
94 24
95 27
96 18
97 19
98 28
99 31
100 20
101 28
102 22
103 36
104 30
105 25
106 33
107 37
108 22
109 36
110 22
111 25
112 32
113 32
114 34
115 28
116 28
117 42
118 25
119 32
120 31
121 29
122 33
123 22
124 30
125 32
126 35
127 23
128 22
129 19
130 28
131 26
132 31
133 23
134 24
135 27
136 27
137 27
138 29
139 27
140 17
141 22
142 26
143 37
144 42
145 31
146 34
147 27
148 22
149 37
150 24
151 28
152 26
153 31
154 22
155 23
156 24
157 29
158 27
159 27
160 26
161 25
162 25
163 24
164 17
165 26
166 25
167 28
168 17
169 31
170 31
171 41
172 39
173 29
174 27
175 36
176 32
177 30
178 25
179 24
180 20
181 26
182 36
183 21
184 30
185 32
186 33
187 35
188 30
189 34
190 33
191 20
192 25
193 24
194 22
195 25
196 19
197 31
198 30
199 31
200 28
201 31
202 31
203 33
204 29
205 21
206 32
207 31
208 39
209 28
210 30
211 29
212 25
213 26
214 35
215 31
216 28
217 21
218 44
219 26
220 25
221 35
222 28
223 32
224 40
225 28
226 22
227 21
228 20
229 24
230 41
231 28
232 30
233 28
234 40
235 40
236 26
237 37
238 25
239 26
240 21
241 26
242 32
243 23
244 24
245 29
246 30
247 35
248 31
249 32
250 27
251 29
252 31
253 23
254 24
255 30
256 27
257 45
258 26
259 31
260 23
261 28
262 35
263 29
264 35
265 24
266 25
267 29
268 29
269 25
270 33
271 25
272 32
273 28
274 37
275 31
276 21
277 31
278 43
279 28
280 36
281 38
282 35
283 33
284 27
285 37
286 24
287 25
288 20
289 23
290 32
291 23
292 30
293 37
294 40
295 30
296 35
297 28
298 32
299 31
300 31
301 24
302 24
303 30
304 26
305 35
306 29
307 23
308 34
309 30
310 28
311 39
312 33
313 41
314 37
315 39
316 30
317 32
318 31
319 26
320 26
321 27
322 30
323 33
324 30
325 27
326 33
327 24
328 32
329 31
330 37
331 31
332 24
333 26
334 31
335 29
336 33
337 27
338 34
339 30
340 26
341 28
342 21
343 28
344 32
345 37
346 24
347 37
348 31
349 39
350 32
351 38
352 27
353 29
354 32
355 29
356 30
357 39
358 25
359 29
360 27
361 36
362 29
363 17
364 35
365 33
366 27
367 26
368 26
369 36
370 27
371 32
372 29
373 33
374 33
375 27
376 26
377 28
378 32
379 28
380 40
381 27
382 26
383 32
384 26
385 24
386 26
387 29
388 29
389 36
390 32
391 30
392 42
393 26
394 30
395 32
396 27
397 40
398 39
399 33
400 28
401 33
402 30
403 32
404 35
405 31
406 26
407 28
408 37
409 40
410 35
411 32
412 44
413 28
414 34
415 25
416 37
417 33
418 38
419 36
420 30
421 29
422 37
423 39
424 37
425 22
426 24
427 35
428 41
429 31
430 37
431 27
432 31
433 27
434 35
435 29
436 38
437 38
438 28
439 29
440 21
441 37
442 28
443 42
444 35
445 35
446 35
447 23
448 37
449 32
450 31
451 43
452 32
453 38
454 32
455 42
456 35
457 38
458 41
459 20
460 32
461 36
462 36
463 30
464 41
465 35
466 34
467 32
468 27
469 36
470 34
471 26
472 37
473 41
474 28
475 43
476 26
477 41
478 38
479 30
480 34
481 43
482 33
483 30
484 37
485 45
486 29
487 32
488 33
489 36
490 33
491 33
492 34
493 22
494 37
495 39
496 20
497 40
498 36
499 37
500 40
501 32
502 40
503 44
504 37
505 34
506 31
507 37
508 33
509 43
510 32
511 39
512 30
513 41
514 29
515 34
516 41
517 46
518 29
519 28
520 33
521 33
522 45
523 30
524 40
525 31
526 45
527 38
528 42
529 36
530 31
531 31
532 33
533 38
534 36
535 40
536 30
537 38
538 31
539 33
540 43
541 37
542 38
543 41
544 41
545 25
546 24
547 51
548 28
549 18
550 35
551 25
552 31
553 27
554 38
555 32
556 29
557 30
558 33
559 32
560 28
561 40
562 32
563 41
564 35
565 38
566 39
567 40
568 37
569 27
570 33
571 33
572 39
573 37
574 34
575 40
576 40
577 30
578 38
579 28
580 34
581 37
582 36
583 34
584 39
585 35
586 32
587 39
588 39
589 29
590 34
591 37
592 31
593 44
594 38
595 41
596 39
597 44
598 22
599 36
600 29
601 35
602 39
603 26
604 35
605 36
606 37
607 28
608 38
609 37
610 44
611 31
612 43
613 45
614 43
615 42
616 64
617 43
618 56
619 75
620 78
621 71
622 75
623 71
624 73
625 76
626 76
627 88
628 70
629 81
630 84
631 71
632 71
633 103
634 102
635 110
636 117
637 101
638 95
639 60
640 59
641 40
642 37
643 27
644 33
645 50
646 35
647 47
648 35
649 55
650 37
651 27
652 30
653 36
654 46
655 38
656 30
657 38
658 35
659 26
660 37
661 39
662 22
663 34
664 31
665 47
666 30
667 36
668 26
669 45
670 39
671 32
672 31
673 29
674 39
675 33
676 27
677 36
678 32
679 42
680 38
681 41
682 34
683 39
684 33
685 31
686 34
687 38
688 26
689 26
690 28
691 35
692 43
693 39
694 47
695 39
696 39
697 44
698 49
699 42
700 30
701 40
702 38
703 43
704 39
705 36
706 37
707 34
708 49
709 35
710 42
711 40
712 27
713 36
714 35
715 33
716 31
717 33
718 48
719 39
720 49
721 38
722 31
723 39
724 37
725 29
726 35
727 34
728 34
729 29
730 37
731 40
732 25
733 30
734 34
735 34
736 42
737 40
738 41
739 30
740 39
741 38
742 33
743 29
744 33
745 44
746 29
747 23
748 40
749 38
750 34
751 40
752 37
753 36
754 22
755 25
756 26
757 31
758 24
759 31
760 26
761 34
762 34
763 36
764 31
765 38
766 24
767 29
768 28
769 26
770 31
771 32
772 23
773 40
774 30
775 23
776 43
777 45
778 36
779 31
780 42
781 45
782 38
783 32
784 39
785 35
786 37
787 30
788 39
789 23
790 36
791 23
792 36
793 27
794 31
795 36
796 39
797 32
798 24
799 36
800 25
801 32
802 26
803 25
804 21
805 33
806 29
807 48
808 35
809 44
810 36
811 29
812 31
813 38
814 34
815 45
816 37
817 34
818 36
819 40
820 39
821 42
822 30
823 36
824 30
825 23
826 28
827 22
828 28
829 26
830 46
831 33
832 31
833 42
834 27
835 27
836 26
837 34
838 36
839 41
840 37
841 37
842 33
843 34
844 24
845 37
846 43
847 38
848 33
849 36
850 37
851 33
852 29
853 41
854 31
855 26
856 40
857 47
858 23
859 36
860 28
861 22
862 42
863 33
864 40
865 48
866 36
867 26
868 32
869 33
870 30
871 31
872 39
873 34
874 35
875 35
876 28
877 35
878 36
879 27
880 31
881 42
882 23
883 34
884 32
885 32
886 35
887 39
888 42
889 28
890 26
891 43
892 26
893 32
894 23
895 24
896 34
897 23
898 36
899 28
900 37
901 40
902 38
903 34
904 34
905 36
906 26
907 40
908 38
909 36
910 29
911 30
912 39
913 41
914 27
915 31
916 38
917 32
918 33
919 38
920 38
921 37
922 27
923 42
924 40
925 34
926 41
927 34
928 22
929 33
930 27
931 36
932 27
933 35
934 24
935 40
936 39
937 32
938 32
939 24
940 23
941 31
942 27
943 33
944 42
945 36
946 35
947 26
948 35
949 24
950 42
951 37
952 37
953 25
954 29
955 32
956 44
957 25
958 26
959 18
960 31
961 31
962 33
963 26
964 36
965 33
966 39
967 32
968 29
969 31
970 32
971 29
972 39
973 32
974 41
975 41
976 32
977 44
978 34
979 34
980 24
981 42
982 38
983 38
984 31
985 29
986 37
987 36
988 29
989 40
990 31
991 20
992 36
993 26
994 25
995 34
996 26
997 36
998 32
999 37
1000 33
1001 30
1002 28
1003 39
1004 30
1005 29
1006 41
1007 18
1008 27
1009 31
1010 32
1011 37
1012 34
1013 32
1014 27
1015 34
1016 26
1017 25
1018 27
1019 27
1020 37
1021 25
1022 35
1023 31
1024 27
1025 26
1026 37
1027 35
1028 28
1029 26
1030 29
1031 39
1032 30
1033 29
1034 29
1035 25
1036 25
1037 25
1038 32
1039 34
1040 39
1041 32
1042 21
1043 33
1044 30
1045 36
1046 30
1047 34
1048 35
1049 36
1050 33
1051 31
1052 23
1053 32
1054 30
1055 35
1056 35
1057 27
1058 38
1059 24
1060 27
1061 33
1062 37
1063 24
1064 36
1065 26
1066 32
1067 32
1068 23
1069 36
1070 19
1071 30
1072 30
1073 35
1074 27
1075 30
1076 36
1077 32
1078 29
1079 38
1080 29
1081 28
1082 29
1083 40
1084 30
1085 32
1086 29
1087 38
1088 38
1089 34
1090 27
1091 29
1092 20
1093 25
1094 24
1095 41
1096 32
1097 27
1098 22
1099 21
1100 28
1101 28
1102 39
1103 37
1104 32
1105 19
1106 20
1107 31
1108 29
1109 31
1110 21
1111 30
1112 33
1113 36
1114 40
1115 36
1116 29
1117 27
1118 23
1119 26
1120 39
1121 31
1122 35
1123 35
1124 33
1125 32
1126 32
1127 41
1128 33
1129 20
1130 36
1131 36
1132 27
1133 34
1134 30
1135 36
1136 31
1137 27
1138 27
1139 35
1140 27
1141 27
1142 28
1143 40
1144 36
1145 27
1146 37
1147 38
1148 37
1149 46
1150 36
1151 38
1152 50
1153 58
1154 70
1155 99
1156 91
1157 111
1158 144
1159 145
1160 169
1161 224
1162 264
1163 263
1164 283
1165 318
1166 476
1167 525
1168 551
1169 623
1170 637
1171 762
1172 629
1173 571
1174 430
1175 419
1176 310
1177 253
1178 241
1179 207
1180 212
1181 144
1182 87
1183 78
1184 43
1185 37
1186 28
1187 35
1188 43
1189 34
1190 39
1191 26
1192 25
1193 28
1194 27
1195 41
1196 32
1197 25
1198 27
1199 28
1200 32
1201 37
1202 28
1203 35
1204 29
1205 36
1206 28
1207 27
1208 34
1209 37
1210 38
1211 32
1212 34
1213 26
1214 28
1215 21
1216 31
1217 33
1218 29
1219 32
1220 43
1221 31
1222 43
1223 23
1224 34
1225 27
1226 31
1227 33
1228 25
1229 39
1230 35
1231 44
1232 31
1233 40
1234 31
1235 18
1236 28
1237 30
1238 28
1239 32
1240 27
1241 25
1242 35
1243 28
1244 25
1245 26
1246 41
1247 38
1248 25
1249 18
1250 27
1251 39
1252 25
1253 22
1254 21
1255 17
1256 34
1257 33
1258 27
1259 20
1260 25
1261 25
1262 23
1263 17
1264 18
1265 27
1266 28
1267 27
1268 22
1269 18
1270 24
1271 21
1272 14
1273 22
1274 19
1275 21
1276 22
1277 19
1278 8
1279 6
1280 33
1281 37
1282 31
1283 22
1284 27
1285 33
1286 19
1287 20
1288 27
1289 20
1290 23
1291 19
1292 19
1293 20
1294 16
1295 19
1296 26
1297 22
1298 14
1299 24
1300 19
1301 16
1302 19
1303 28
1304 27
1305 33
1306 24
1307 25
1308 27
1309 26
1310 21
1311 12
1312 30
1313 24
1314 17
1315 26
1316 29
1317 26
1318 30
1319 27
1320 17
1321 18
1322 13
1323 20
1324 20
1325 22
1326 22
1327 26
1328 20
1329 24
1330 21
1331 24
1332 20
1333 19
1334 17
1335 21
1336 17
1337 34
1338 21
1339 16
1340 23
1341 26
1342 28
1343 29
1344 15
1345 20
1346 21
1347 21
1348 12
1349 25
1350 21
1351 23
1352 23
1353 19
1354 17
1355 33
1356 17
1357 20
1358 21
1359 12
1360 28
1361 30
1362 25
1363 21
1364 26
1365 13
1366 24
1367 23
1368 26
1369 19
1370 15
1371 30
1372 28
1373 20
1374 25
1375 22
1376 16
1377 17
1378 31
1379 25
1380 30
1381 28
1382 24
1383 31
1384 37
1385 43
1386 39
1387 51
1388 53
1389 52
1390 58
1391 55
1392 54
1393 54
1394 38
1395 36
1396 37
1397 33
1398 29
1399 35
1400 22
1401 28
1402 27
1403 26
1404 32
1405 26
1406 23
1407 20
1408 16
1409 25
1410 22
1411 31
1412 18
1413 13
1414 22
1415 31
1416 24
1417 23
1418 23
1419 21
1420 21
1421 22
1422 23
1423 28
1424 29
1425 17
1426 23
1427 15
1428 14
1429 23
1430 16
1431 20
1432 18
1433 20
1434 16
1435 26
1436 19
1437 20
1438 23
1439 18
1440 31
1441 17
1442 28
1443 19
1444 18
1445 21
1446 22
1447 24
1448 20
1449 23
1450 25
1451 20
1452 21
1453 21
1454 30
1455 18
1456 31
1457 30
1458 21
1459 32
1460 35
1461 40
1462 34
1463 45
1464 59
1465 52
1466 81
1467 78
1468 89
1469 142
1470 126
1471 155
1472 164
1473 164
1474 160
1475 189
1476 193
1477 159
1478 205
1479 219
1480 240
1481 262
1482 257
1483 189
1484 177
1485 183
1486 134
1487 135
1488 113
1489 76
1490 55
1491 33
1492 27
1493 29
1494 26
1495 31
1496 18
1497 33
1498 25
1499 22
1500 18
1501 23
1502 22
1503 22
1504 22
1505 20
1506 30
1507 26
1508 26
1509 22
1510 22
1511 18
1512 16
1513 27
1514 18
1515 15
1516 20
1517 23
1518 23
1519 16
1520 19
1521 24
1522 29
1523 17
1524 16
1525 20
1526 14
1527 19
1528 21
1529 18
1530 15
1531 21
1532 23
1533 18
1534 18
1535 16
1536 23
1537 14
1538 15
1539 14
1540 26
1541 24
1542 21
1543 17
1544 19
1545 23
1546 14
1547 21
1548 23
1549 17
1550 17
1551 21
1552 18
1553 20
1554 19
1555 16
1556 19
1557 18
1558 25
1559 22
1560 37
1561 12
1562 22
1563 18
1564 22
1565 27
1566 21
1567 19
1568 28
1569 20
1570 21
1571 20
1572 13
1573 14
1574 17
1575 22
1576 16
1577 24
1578 18
1579 13
1580 14
1581 13
1582 22
1583 22
1584 17
1585 27
1586 24
1587 18
1588 18
1589 17
1590 33
1591 16
1592 17
1593 19
1594 22
1595 12
1596 18
1597 15
1598 20
1599 23
1600 17
1601 27
1602 10
1603 23
1604 23
1605 23
1606 20
1607 21
1608 16
1609 20
1610 23
1611 20
1612 19
1613 19
1614 23
1615 17
1616 24
1617 18
1618 23
1619 16
1620 11
1621 20
1622 20
1623 19
1624 30
1625 26
1626 26
1627 21
1628 21
1629 15
1630 17
1631 24
1632 26
1633 18
1634 19
1635 15
1636 21
1637 13
1638 22
1639 13
1640 12
1641 15
1642 10
1643 18
1644 21
1645 20
1646 14
1647 15
1648 14
1649 16
1650 13
1651 16
1652 20
1653 22
1654 20
1655 24
1656 25
1657 14
1658 23
1659 16
1660 19
1661 14
1662 20
1663 14
1664 17
1665 16
1666 17
1667 24
1668 21
1669 13
1670 16
1671 25
1672 25
1673 23
1674 15
1675 23
1676 20
1677 15
1678 21
1679 24
1680 17
1681 15
1682 12
1683 17
1684 21
1685 21
1686 13
1687 27
1688 17
1689 18
1690 16
1691 18
1692 15
1693 16
1694 17
1695 19
1696 15
1697 11
1698 16
1699 23
1700 13
1701 14
1702 14
1703 16
1704 13
1705 16
1706 23
1707 21
1708 24
1709 26
1710 20
1711 20
1712 19
1713 11
1714 18
1715 8
1716 25
1717 13
1718 21
1719 17
1720 24
1721 14
1722 20
1723 25
1724 10
1725 18
1726 18
1727 22
1728 20
1729 19
1730 20
1731 16
1732 19
1733 21
1734 19
1735 17
1736 16
1737 15
1738 23
1739 21
1740 16
1741 15
1742 13
1743 16
1744 15
1745 20
1746 29
1747 14
1748 13
1749 16
1750 11
1751 20
1752 20
1753 18
1754 17
1755 16
1756 15
1757 21
1758 13
1759 13
1760 17
1761 19
1762 16
1763 21
1764 17
1765 15
1766 17
1767 18
1768 16
1769 23
1770 18
1771 21
1772 14
1773 27
1774 25
1775 15
1776 19
1777 17
1778 12
1779 19
1780 25
1781 12
1782 16
1783 21
1784 19
1785 15
1786 13
1787 10
1788 9
1789 17
1790 18
1791 15
1792 12
1793 24
1794 21
1795 12
1796 14
1797 13
1798 14
1799 12
1800 19
1801 22
1802 15
1803 19
1804 22
1805 16
1806 19
1807 16
1808 17
1809 13
1810 15
1811 20
1812 20
1813 7
1814 15
1815 20
1816 21
1817 24
1818 21
1819 14
1820 13
1821 19
1822 13
1823 16
1824 20
1825 19
1826 14
1827 14
1828 16
1829 11
1830 15
1831 11
1832 13
1833 16
1834 15
1835 16
1836 18
1837 13
1838 20
1839 13
1840 17
1841 20
1842 26
1843 12
1844 9
1845 16
1846 14
1847 10
1848 18
1849 14
1850 10
1851 13
1852 24
1853 23
1854 14
1855 15
1856 14
1857 19
1858 21
1859 25
1860 15
1861 15
1862 16
1863 14
1864 14
1865 15
1866 20
1867 16
1868 14
1869 13
1870 23
1871 14
1872 23
1873 16
1874 17
1875 16
1876 15
1877 17
1878 21
1879 17
1880 20
1881 16
1882 18
1883 21
1884 16
1885 15
1886 20
1887 12
1888 15
1889 19
1890 20
1891 18
1892 17
1893 18
1894 21
1895 12
1896 16
1897 21
1898 14
1899 16
1900 20
1901 24
1902 14
1903 12
1904 31
1905 26
1906 26
1907 19
1908 15
1909 17
1910 13
1911 16
1912 14
1913 22
1914 20
1915 14
1916 20
1917 12
1918 15
1919 24
1920 14
1921 24
1922 19
1923 18
1924 18
1925 15
1926 22
1927 19
1928 22
1929 28
1930 19
1931 18
1932 13
1933 15
1934 9
1935 14
1936 22
1937 19
1938 18
1939 21
1940 21
1941 18
1942 21
1943 24
1944 36
1945 29
1946 34
1947 32
1948 48
1949 24
1950 44
1951 52
1952 61
1953 81
1954 81
1955 99
1956 133
1957 157
1958 193
1959 183
1960 146
1961 92
1962 116
1963 123
1964 148
1965 146
1966 99
1967 118
1968 168
1969 139
1970 114
1971 76
1972 103
1973 73
1974 80
1975 57
1976 43
1977 18
1978 18
1979 21
1980 17
1981 19
1982 13
1983 19
1984 17
1985 15
1986 14
1987 10
1988 16
1989 12
1990 11
1991 16
1992 16
1993 15
1994 16
1995 13
1996 16
1997 17
1998 21
1999 18
2000 19
2001 17
2002 17
2003 21
2004 17
2005 13
2006 15
2007 15
2008 11
2009 12
2010 14
2011 17
2012 19
2013 19
2014 12
2015 14
2016 20
2017 21
2018 21
2019 11
2020 15
2021 14
2022 13
2023 19
2024 10
2025 16
2026 13
2027 14
2028 17
2029 17
2030 11
2031 17
2032 14
2033 8
2034 11
2035 17
2036 18
2037 21
2038 12
2039 11
2040 22
2041 18
2042 19
2043 18
2044 16
2045 20
2046 13
2047 20
2048 12
2049 16
2050 15
2051 12
2052 13
2053 9
2054 20
2055 10
2056 15
2057 16
2058 16
2059 14
2060 15
2061 21
2062 18
2063 14
2064 15
2065 16
2066 13
2067 18
2068 13
2069 6
2070 19
2071 15
2072 9
2073 15
2074 18
2075 14
2076 14
2077 12
2078 18
2079 10
2080 13
2081 17
2082 13
2083 15
2084 13
2085 13
2086 14
2087 8
2088 18
2089 9
2090 21
2091 12
2092 17
2093 16
2094 17
2095 18
2096 11
2097 14
2098 18
2099 13
2100 14
2101 17
2102 14
2103 16
2104 16
2105 16
2106 9
2107 18
2108 12
2109 11
2110 13
2111 12
2112 16
2113 15
2114 13
2115 18
2116 20
2117 14
2118 15
2119 20
2120 12
2121 14
2122 13
2123 13
2124 12
2125 12
2126 18
2127 16
2128 19
2129 12
2130 16
2131 9
2132 12
2133 17
2134 17
2135 14
2136 11
2137 8
2138 15
2139 25
2140 14
2141 13
2142 13
2143 16
2144 19
2145 18
2146 19
2147 16
2148 18
2149 14
2150 10
2151 10
2152 19
2153 14
2154 18
2155 13
2156 11
2157 12
2158 18
2159 23
2160 16
2161 13
2162 15
2163 19
2164 14
2165 15
2166 14
2167 24
2168 17
2169 16
2170 16
2171 14
2172 12
2173 12
2174 15
2175 18
2176 15
2177 15
2178 14
2179 11
2180 22
2181 13
2182 17
2183 18
2184 10
2185 13
2186 12
2187 11
2188 10
2189 8
2190 14
2191 19
2192 18
2193 12
2194 15
2195 14
2196 12
2197 19
2198 14
2199 19
2200 13
2201 19
2202 18
2203 25
2204 20
2205 20
2206 28
2207 25
2208 36
2209 32
2210 45
2211 45
2212 37
2213 49
2214 50
2215 83
2216 115
2217 142
2218 119
2219 149
2220 135
2221 152
2222 205
2223 228
2224 313
2225 362
2226 383
2227 345
2228 373
2229 425
2230 408
2231 396
2232 393
2233 338
2234 307
2235 293
2236 287
2237 297
2238 255
2239 177
2240 152
2241 142
2242 131
2243 129
2244 113
2245 119
2246 90
2247 64
2248 71
2249 38
2250 39
2251 35
2252 41
2253 27
2254 21
2255 23
2256 16
2257 11
2258 11
2259 22
2260 21
2261 21
2262 22
2263 15
2264 16
2265 14
2266 22
2267 13
2268 15
2269 12
2270 13
2271 14
2272 8
2273 12
2274 12
2275 24
2276 9
2277 18
2278 18
2279 10
2280 12
2281 13
2282 10
2283 13
2284 13
2285 13
2286 19
2287 20
2288 10
2289 14
2290 16
2291 7
2292 15
2293 10
2294 11
2295 14
2296 20
2297 16
2298 9
2299 12
2300 12
2301 14
2302 16
2303 12
2304 14
2305 18
2306 21
2307 20
2308 12
2309 17
2310 15
2311 13
2312 12
2313 8
2314 11
2315 15
2316 15
2317 19
2318 14
2319 18
2320 16
2321 13
2322 13
2323 11
2324 14
2325 11
2326 10
2327 15
2328 15
2329 10
2330 20
2331 12
2332 15
2333 17
2334 16
2335 14
2336 15
2337 15
2338 7
2339 14
2340 11
2341 11
2342 17
2343 14
2344 7
2345 10
2346 12
2347 11
2348 15
2349 14
2350 9
2351 19
2352 12
2353 14
2354 13
2355 24
2356 15
2357 9
2358 22
2359 17
2360 16
2361 19
2362 21
2363 22
2364 12
2365 15
2366 17
2367 10
2368 17
2369 12
2370 14
2371 11
2372 13
2373 13
2374 18
2375 18
2376 9
2377 20
2378 15
2379 12
2380 10
2381 12
2382 16
2383 11
2384 11
2385 12
2386 13
2387 10
2388 17
2389 9
2390 15
2391 13
2392 12
2393 9
2394 17
2395 20
2396 13
2397 14
2398 15
2399 20
2400 11
2401 13
2402 10
2403 15
2404 9
2405 6
2406 13
2407 12
2408 13
2409 8
2410 11
2411 12
2412 8
2413 20
2414 18
2415 14
2416 10
2417 17
2418 16
2419 17
2420 13
2421 20
2422 23
2423 26
2424 15
2425 18
2426 22
2427 21
2428 20
2429 28
2430 29
2431 33
2432 34
2433 54
2434 55
2435 54
2436 90
2437 87
2438 78
2439 73
2440 64
2441 72
2442 89
2443 91
2444 130
2445 120
2446 94
2447 87
2448 68
2449 52
2450 70
2451 41
2452 53
2453 44
2454 38
2455 38
2456 27
2457 27
2458 23
2459 19
2460 21
2461 19
2462 10
2463 20
2464 17
2465 12
2466 13
2467 14
2468 10
2469 21
2470 11
2471 12
2472 17
2473 7
2474 10
2475 14
2476 12
2477 16
2478 12
2479 11
2480 7
2481 10
2482 9
2483 11
2484 8
2485 10
2486 16
2487 11
2488 12
2489 8
2490 15
2491 16
2492 10
2493 12
2494 12
2495 10
2496 14
2497 11
2498 9
2499 12
2500 10
2501 15
2502 13
2503 14
2504 16
2505 10
2506 13
2507 18
2508 13
2509 12
2510 15
2511 12
2512 17
2513 6
2514 12
2515 18
2516 13
2517 12
2518 7
2519 9
2520 9
2521 11
2522 17
2523 13
2524 8
2525 14
2526 16
2527 12
2528 12
2529 11
2530 13
2531 9
2532 10
2533 10
2534 16
2535 14
2536 15
2537 13
2538 11
2539 7
2540 12
2541 15
2542 15
2543 11
2544 8
2545 16
2546 14
2547 16
2548 16
2549 13
2550 11
2551 14
2552 9
2553 11
2554 15
2555 6
2556 14
2557 12
2558 13
2559 14
