0 22
1 25
2 20
3 26
4 20
5 25
6 22
7 30
8 17
9 29
10 24
11 24
12 24
13 39
14 18
15 22
16 28
17 29
18 30
19 30
20 27
21 21
22 25
23 21
24 31
25 37
26 25
27 26
28 29
29 24
30 27
31 20
32 26
33 29
34 38
35 29
36 27
37 28
38 20
39 41
40 36
41 19
42 29
43 28
44 32
45 29
46 23
47 22
48 18
49 23
50 45
51 28
52 32
53 23
54 16
55 35
56 24
57 18
58 32
59 23
60 21
61 34
62 31
63 29
64 30
65 19
66 29
67 24
68 24
69 33
70 27
71 21
72 24
73 20
74 21
75 29
76 22
77 17
78 27
79 29
80 22
81 16
82 33
83 33
84 25
85 23
86 24
87 31
88 26
89 32
90 28
91 32
92 26
93 25
94 34
95 35
96 25
97 30
98 15
99 25
100 27
101 26
102 25
103 22
104 22
105 30
106 41
107 26
108 32
109 33
110 25
111 30
112 16
113 23
114 19
115 33
116 31
117 31
118 31
119 20
120 30
121 30
122 19
123 26
124 25
125 32
126 24
127 27
128 29
129 21
130 34
131 29
132 29
133 26
134 21
135 27
136 20
137 26
138 17
139 33
140 35
141 36
142 17
143 26
144 23
145 22
146 31
147 30
148 28
149 32
150 31
151 30
152 34
153 29
154 32
155 26
156 29
157 29
158 22
159 22
160 28
161 29
162 33
163 23
164 24
165 17
166 20
167 27
168 23
169 42
170 18
171 26
172 32
173 23
174 23
175 19
176 26
177 27
178 31
179 25
180 18
181 22
182 31
183 25
184 20
185 25
186 32
187 26
188 42
189 30
190 29
191 32
192 24
193 41
194 33
195 27
196 18
197 31
198 25
199 28
200 29
201 28
202 27
203 26
204 27
205 28
206 27
207 25
208 32
209 28
210 31
211 21
212 33
213 31
214 24
215 31
216 31
217 34
218 19
219 32
220 24
221 33
222 33
223 24
224 30
225 27
226 26
227 32
228 28
229 29
230 36
231 31
232 21
233 35
234 34
235 29
236 37
237 31
238 32
239 31
240 24
241 25
242 32
243 28
244 31
245 26
246 23
247 27
248 33
249 35
250 27
251 27
252 21
253 27
254 23
255 31
256 31
257 27
258 25
259 30
260 30
261 30
262 39
263 30
264 33
265 26
266 22
267 39
268 29
269 34
270 31
271 24
272 34
273 28
274 34
275 27
276 30
277 37
278 31
279 25
280 35
281 29
282 39
283 26
284 20
285 27
286 30
287 29
288 36
289 22
290 32
291 33
292 33
293 28
294 35
295 22
296 26
297 30
298 29
299 29
300 30
301 24
302 17
303 32
304 38
305 29
306 38
307 28
308 28
309 32
310 36
311 34
312 38
313 29
314 34
315 22
316 35
317 45
318 37
319 27
320 37
321 20
322 29
323 35
324 25
325 31
326 28
327 24
328 30
329 23
330 34
331 48
332 29
333 27
334 31
335 28
336 27
337 24
338 39
339 32
340 27
341 33
342 24
343 26
344 33
345 35
346 33
347 19
348 23
349 29
350 40
351 28
352 29
353 31
354 37
355 25
356 35
357 33
358 31
359 40
360 32
361 33
362 26
363 30
364 26
365 29
366 20
367 23
368 32
369 27
370 27
371 35
372 25
373 36
374 31
375 30
376 27
377 32
378 33
379 30
380 29
381 24
382 28
383 36
384 33
385 37
386 37
387 26
388 31
389 36
390 33
391 19
392 34
393 43
394 29
395 33
396 34
397 25
398 26
399 28
400 28
401 23
402 31
403 36
404 32
405 30
406 30
407 33
408 35
409 32
410 40
411 33
412 26
413 43
414 26
415 25
416 38
417 26
418 40
419 34
420 24
421 28
422 30
423 33
424 28
425 32
426 39
427 31
428 38
429 35
430 38
431 30
432 30
433 20
434 38
435 37
436 37
437 32
438 23
439 37
440 35
441 39
442 26
443 38
444 49
445 35
446 31
447 38
448 35
449 32
450 24
451 29
452 32
453 33
454 28
455 30
456 24
457 34
458 20
459 31
460 25
461 31
462 33
463 28
464 30
465 33
466 30
467 26
468 31
469 36
470 36
471 26
472 28
473 31
474 32
475 34
476 17
477 33
478 35
479 35
480 29
481 27
482 37
483 36
484 43
485 41
486 31
487 36
488 24
489 23
490 26
491 33
492 34
493 31
494 38
495 34
496 37
497 34
498 37
499 37
500 36
501 27
502 34
503 41
504 27
505 39
506 32
507 33
508 29
509 29
510 30
511 33
512 30
513 27
514 37
515 32
516 43
517 39
518 33
519 34
520 31
521 34
522 38
523 30
524 34
525 36
526 46
527 30
528 37
529 39
530 45
531 39
532 35
533 34
534 31
535 30
536 31
537 22
538 28
539 31
540 24
541 36
542 36
543 26
544 31
545 27
546 30
547 38
548 31
549 43
550 26
551 37
552 40
553 29
554 33
555 36
556 23
557 38
558 37
559 32
560 26
561 40
562 27
563 47
564 21
565 34
566 31
567 33
568 39
569 22
570 34
571 36
572 24
573 40
574 36
575 38
576 30
577 28
578 33
579 39
580 30
581 32
582 38
583 27
584 39
585 27
586 24
587 23
588 30
589 25
590 40
591 53
592 34
593 35
594 33
595 36
596 27
597 32
598 41
599 26
600 31
601 45
602 36
603 28
604 46
605 43
606 34
607 35
608 32
609 29
610 35
611 37
612 40
613 31
614 39
615 32
616 12
617 13
618 31
619 34
620 29
621 37
622 29
623 47
624 53
625 46
626 60
627 58
628 66
629 52
630 49
631 52
632 63
633 57
634 54
635 64
636 74
637 76
638 103
639 114
640 96
641 101
642 108
643 94
644 106
645 95
646 107
647 107
648 108
649 118
650 107
651 101
652 125
653 100
654 78
655 49
656 39
657 48
658 44
659 48
660 49
661 40
662 28
663 41
664 30
665 36
666 31
667 29
668 30
669 26
670 33
671 38
672 51
673 31
674 35
675 33
676 30
677 40
678 34
679 24
680 30
681 50
682 38
683 44
684 47
685 42
686 36
687 30
688 43
689 41
690 33
691 24
692 32
693 33
694 25
695 40
696 25
697 28
698 28
699 32
700 28
701 32
702 30
703 39
704 42
705 38
706 40
707 36
708 35
709 46
710 41
711 53
712 33
713 29
714 33
715 36
716 31
717 37
718 32
719 38
720 25
721 41
722 32
723 26
724 30
725 30
726 24
727 28
728 36
729 22
730 43
731 36
732 32
733 36
734 49
735 43
736 46
737 26
738 38
739 30
740 32
741 26
742 25
743 28
744 38
745 30
746 32
747 26
748 28
749 30
750 35
751 34
752 33
753 35
754 27
755 31
756 29
757 31
758 21
759 31
760 40
761 28
762 28
763 35
764 26
765 26
766 32
767 28
768 31
769 27
770 43
771 32
772 38
773 32
774 52
775 31
776 28
777 34
778 31
779 37
780 29
781 36
782 32
783 44
784 36
785 27
786 32
787 32
788 46
789 31
790 32
791 23
792 30
793 33
794 27
795 30
796 39
797 34
798 38
799 38
800 37
801 33
802 37
803 43
804 26
805 45
806 25
807 30
808 27
809 39
810 32
811 32
812 33
813 36
814 37
815 35
816 35
817 38
818 34
819 28
820 32
821 23
822 45
823 42
824 28
825 43
826 28
827 27
828 34
829 25
830 27
831 29
832 41
833 34
834 47
835 36
836 39
837 27
838 38
839 42
840 30
841 34
842 32
843 30
844 24
845 45
846 32
847 31
848 19
849 29
850 44
851 29
852 36
853 31
854 51
855 36
856 36
857 29
858 43
859 30
860 22
861 30
862 39
863 26
864 37
865 27
866 27
867 28
868 26
869 30
870 32
871 25
872 30
873 35
874 28
875 32
876 34
877 35
878 28
879 24
880 31
881 31
882 38
883 31
884 33
885 19
886 19
887 30
888 37
889 30
890 42
891 28
892 31
893 26
894 30
895 38
896 37
897 26
898 31
899 35
900 29
901 37
902 31
903 20
904 34
905 35
906 20
907 29
908 31
909 37
910 29
911 24
912 24
913 29
914 34
915 37
916 26
917 33
918 24
919 24
920 38
921 38
922 35
923 31
924 32
925 26
926 33
927 33
928 35
929 25
930 25
931 19
932 36
933 15
934 40
935 25
936 35
937 24
938 28
939 32
940 29
941 26
942 29
943 28
944 32
945 38
946 26
947 32
948 33
949 34
950 24
951 22
952 28
953 32
954 38
955 20
956 28
957 25
958 31
959 32
960 29
961 24
962 31
963 31
964 22
965 33
966 43
967 30
968 35
969 25
970 24
971 36
972 34
973 37
974 18
975 28
976 22
977 19
978 30
979 28
980 38
981 42
982 36
983 31
984 26
985 38
986 28
987 36
988 33
989 42
990 37
991 26
992 34
993 31
994 38
995 38
996 29
997 46
998 38
999 32
1000 43
1001 32
1002 34
1003 32
1004 44
1005 47
1006 29
1007 21
1008 30
1009 39
1010 28
1011 30
1012 42
1013 33
1014 32
1015 30
1016 35
1017 34
1018 31
1019 24
1020 33
1021 32
1022 22
1023 30
1024 31
1025 32
1026 33
1027 28
1028 25
1029 32
1030 31
1031 40
1032 33
1033 31
1034 25
1035 32
1036 35
1037 30
1038 32
1039 25
1040 33
1041 35
1042 28
1043 24
1044 28
1045 30
1046 44
1047 46
1048 28
1049 29
1050 30
1051 34
1052 35
1053 29
1054 29
1055 35
1056 30
1057 43
1058 37
1059 33
1060 33
1061 22
1062 24
1063 35
1064 39
1065 34
1066 33
1067 21
1068 19
1069 19
1070 23
1071 39
1072 41
1073 42
1074 32
1075 38
1076 29
1077 26
1078 24
1079 29
1080 32
1081 32
1082 33
1083 30
1084 33
1085 22
1086 35
1087 23
1088 24
1089 23
1090 26
1091 27
1092 32
1093 19
1094 29
1095 28
1096 43
1097 20
1098 32
1099 27
1100 29
1101 24
1102 22
1103 42
1104 26
1105 29
1106 28
1107 23
1108 28
1109 23
1110 30
1111 26
1112 25
1113 26
1114 24
1115 29
1116 20
1117 24
1118 31
1119 33
1120 36
1121 24
1122 32
1123 34
1124 29
1125 28
1126 26
1127 35
1128 26
1129 26
1130 33
1131 22
1132 38
1133 30
1134 25
1135 34
1136 29
1137 19
1138 37
1139 30
1140 30
1141 30
1142 25
1143 41
1144 30
1145 38
1146 26
1147 32
1148 29
1149 31
1150 28
1151 34
1152 34
1153 35
1154 40
1155 29
1156 30
1157 34
1158 31
1159 28
1160 36
1161 36
1162 46
1163 28
1164 27
1165 32
1166 29
1167 32
1168 33
1169 39
1170 24
1171 35
1172 41
1173 35
1174 42
1175 51
1176 44
1177 50
1178 72
1179 71
1180 93
1181 116
1182 157
1183 173
1184 172
1185 257
1186 292
1187 289
1188 301
1189 356
1190 448
1191 528
1192 565
1193 479
1194 448
1195 421
1196 366
1197 455
1198 503
1199 401
1200 325
1201 211
1202 199
1203 165
1204 149
1205 89
1206 66
1207 46
1208 48
1209 37
1210 35
1211 38
1212 25
1213 34
1214 17
1215 41
1216 28
1217 32
1218 22
1219 39
1220 23
1221 31
1222 27
1223 28
1224 32
1225 23
1226 29
1227 20
1228 35
1229 27
1230 27
1231 29
1232 21
1233 24
1234 22
1235 26
1236 24
1237 23
1238 27
1239 25
1240 33
1241 25
1242 27
1243 23
1244 27
1245 24
1246 22
1247 31
1248 29
1249 22
1250 29
1251 20
1252 25
1253 23
1254 22
1255 23
1256 29
1257 36
1258 26
1259 32
1260 27
1261 23
1262 23
1263 27
1264 18
1265 30
1266 29
1267 22
1268 26
1269 14
1270 22
1271 29
1272 14
1273 20
1274 11
1275 16
1276 11
1277 21
1278 10
1279 5
1280 30
1281 35
1282 26
1283 23
1284 13
1285 21
1286 20
1287 30
1288 12
1289 25
1290 25
1291 7
1292 27
1293 15
1294 21
1295 18
1296 25
1297 23
1298 25
1299 12
1300 21
1301 31
1302 19
1303 28
1304 29
1305 17
1306 20
1307 22
1308 20
1309 21
1310 19
1311 21
1312 27
1313 26
1314 19
1315 18
1316 23
1317 17
1318 26
1319 27
1320 20
1321 23
1322 22
1323 24
1324 21
1325 15
1326 22
1327 19
1328 22
1329 30
1330 25
1331 12
1332 24
1333 26
1334 24
1335 23
1336 25
1337 24
1338 25
1339 20
1340 20
1341 28
1342 25
1343 24
1344 11
1345 20
1346 16
1347 23
1348 26
1349 20
1350 21
1351 17
1352 12
1353 18
1354 16
1355 20
1356 28
1357 16
1358 26
1359 19
1360 29
1361 20
1362 20
1363 19
1364 14
1365 29
1366 19
1367 29
1368 21
1369 22
1370 18
1371 16
1372 11
1373 22
1374 25
1375 24
1376 21
1377 33
1378 16
1379 17
1380 20
1381 16
1382 22
1383 22
1384 19
1385 20
1386 23
1387 21
1388 16
1389 22
1390 14
1391 17
1392 23
1393 16
1394 20
1395 14
1396 19
1397 22
1398 26
1399 23
1400 26
1401 23
1402 24
1403 12
1404 25
1405 20
1406 23
1407 29
1408 31
1409 22
1410 29
1411 29
1412 33
1413 33
1414 50
1415 48
1416 51
1417 47
1418 58
1419 43
1420 43
1421 56
1422 49
1423 34
1424 26
1425 29
1426 30
1427 16
1428 17
1429 23
1430 20
1431 28
1432 21
1433 18
1434 14
1435 19
1436 21
1437 21
1438 23
1439 25
1440 15
1441 24
1442 15
1443 17
1444 28
1445 23
1446 17
1447 21
1448 26
1449 16
1450 13
1451 24
1452 22
1453 14
1454 14
1455 14
1456 30
1457 32
1458 26
1459 25
1460 15
1461 24
1462 24
1463 21
1464 18
1465 17
1466 27
1467 20
1468 17
1469 18
1470 23
1471 18
1472 29
1473 23
1474 16
1475 16
1476 21
1477 18
1478 28
1479 25
1480 30
1481 26
1482 26
1483 20
1484 29
1485 21
1486 16
1487 16
1488 24
1489 29
1490 33
1491 37
1492 36
1493 49
1494 54
1495 58
1496 92
1497 80
1498 123
1499 100
1500 108
1501 124
1502 138
1503 179
1504 208
1505 187
1506 253
1507 238
1508 235
1509 199
1510 168
1511 159
1512 118
1513 83
1514 86
1515 70
1516 68
1517 91
1518 48
1519 34
1520 22
1521 23
1522 26
1523 23
1524 24
1525 21
1526 26
1527 18
1528 15
1529 24
1530 22
1531 24
1532 19
1533 23
1534 16
1535 21
1536 16
1537 30
1538 16
1539 15
1540 25
1541 14
1542 20
1543 19
1544 15
1545 19
1546 21
1547 19
1548 23
1549 10
1550 17
1551 20
1552 19
1553 20
1554 17
1555 17
1556 25
1557 19
1558 21
1559 21
1560 23
1561 15
1562 25
1563 18
1564 18
1565 19
1566 16
1567 9
1568 20
1569 18
1570 17
1571 19
1572 18
1573 29
1574 17
1575 18
1576 29
1577 12
1578 24
1579 17
1580 25
1581 19
1582 23
1583 18
1584 19
1585 21
1586 24
1587 20
1588 26
1589 22
1590 25
1591 20
1592 13
1593 17
1594 16
1595 24
1596 22
1597 19
1598 16
1599 12
1600 17
1601 28
1602 23
1603 15
1604 17
1605 20
1606 24
1607 18
1608 14
1609 21
1610 12
1611 15
1612 15
1613 19
1614 17
1615 21
1616 14
1617 21
1618 18
1619 18
1620 14
1621 22
1622 17
1623 24
1624 20
1625 27
1626 19
1627 14
1628 26
1629 18
1630 23
1631 14
1632 17
1633 11
1634 20
1635 11
1636 19
1637 24
1638 12
1639 18
1640 24
1641 8
1642 16
1643 17
1644 19
1645 22
1646 21
1647 15
1648 19
1649 18
1650 20
1651 21
1652 20
1653 26
1654 23
1655 24
1656 16
1657 18
1658 20
1659 20
1660 20
1661 22
1662 18
1663 23
1664 18
1665 20
1666 18
1667 16
1668 27
1669 15
1670 15
1671 15
1672 16
1673 23
1674 16
1675 15
1676 20
1677 17
1678 12
1679 20
1680 25
1681 18
1682 20
1683 17
1684 13
1685 29
1686 17
1687 12
1688 22
1689 21
1690 12
1691 19
1692 20
1693 19
1694 24
1695 15
1696 14
1697 14
1698 22
1699 25
1700 16
1701 31
1702 20
1703 14
1704 12
1705 20
1706 24
1707 27
1708 15
1709 17
1710 18
1711 10
1712 15
1713 20
1714 11
1715 26
1716 20
1717 20
1718 19
1719 28
1720 18
1721 21
1722 12
1723 13
1724 16
1725 14
1726 21
1727 15
1728 19
1729 19
1730 24
1731 15
1732 19
1733 9
1734 24
1735 26
1736 23
1737 17
1738 19
1739 22
1740 23
1741 13
1742 17
1743 14
1744 16
1745 14
1746 19
1747 17
1748 18
1749 23
1750 21
1751 15
1752 18
1753 10
1754 20
1755 13
1756 17
1757 20
1758 20
1759 13
1760 15
1761 9
1762 13
1763 15
1764 22
1765 23
1766 18
1767 18
1768 12
1769 17
1770 18
1771 18
1772 14
1773 14
1774 19
1775 17
1776 18
1777 16
1778 17
1779 18
1780 21
1781 16
1782 13
1783 16
1784 20
1785 8
1786 17
1787 28
1788 24
1789 13
1790 16
1791 11
1792 12
1793 19
1794 21
1795 13
1796 11
1797 14
1798 15
1799 14
1800 16
1801 18
1802 14
1803 19
1804 23
1805 20
1806 18
1807 25
1808 22
1809 19
1810 14
1811 19
1812 21
1813 13
1814 18
1815 16
1816 12
1817 19
1818 15
1819 13
1820 17
1821 15
1822 17
1823 7
1824 23
1825 9
1826 9
1827 15
1828 16
1829 18
1830 16
1831 16
1832 15
1833 13
1834 18
1835 19
1836 10
1837 9
1838 21
1839 12
1840 19
1841 18
1842 13
1843 18
1844 15
1845 15
1846 19
1847 18
1848 17
1849 13
1850 10
1851 17
1852 17
1853 18
1854 18
1855 9
1856 20
1857 13
1858 15
1859 21
1860 17
1861 12
1862 15
1863 18
1864 25
1865 17
1866 18
1867 20
1868 15
1869 18
1870 17
1871 13
1872 14
1873 17
1874 25
1875 11
1876 12
1877 9
1878 20
1879 17
1880 10
1881 13
1882 12
1883 14
1884 10
1885 14
1886 12
1887 15
1888 15
1889 21
1890 12
1891 23
1892 18
1893 14
1894 20
1895 13
1896 16
1897 17
1898 15
1899 15
1900 16
1901 16
1902 18
1903 11
1904 15
1905 18
1906 11
1907 19
1908 13
1909 15
1910 21
1911 12
1912 12
1913 15
1914 18
1915 22
1916 19
1917 21
1918 13
1919 18
1920 19
1921 21
1922 18
1923 17
1924 20
1925 20
1926 17
1927 18
1928 21
1929 18
1930 21
1931 22
1932 29
1933 22
1934 23
1935 15
1936 21
1937 21
1938 22
1939 22
1940 16
1941 23
1942 22
1943 27
1944 28
1945 22
1946 17
1947 11
1948 24
1949 18
1950 15
1951 25
1952 22
1953 17
1954 11
1955 20
1956 11
1957 12
1958 23
1959 9
1960 21
1961 13
1962 17
1963 12
1964 18
1965 21
1966 21
1967 15
1968 23
1969 11
1970 16
1971 13
1972 13
1973 21
1974 16
1975 24
1976 17
1977 28
1978 35
1979 20
1980 22
1981 23
1982 22
1983 43
1984 52
1985 74
1986 86
1987 71
1988 66
1989 66
1990 92
1991 115
1992 93
1993 114
1994 68
1995 87
1996 112
1997 140
1998 115
1999 100
2000 127
2001 117
2002 75
2003 95
2004 56
2005 40
2006 47
2007 31
2008 29
2009 19
2010 19
2011 27
2012 19
2013 15
2014 11
2015 21
2016 11
2017 14
2018 6
2019 17
2020 13
2021 19
2022 13
2023 12
2024 24
2025 8
2026 19
2027 15
2028 11
2029 17
2030 14
2031 10
2032 18
2033 13
2034 22
2035 9
2036 13
2037 16
2038 14
2039 13
2040 9
2041 12
2042 13
2043 16
2044 20
2045 16
2046 12
2047 17
2048 15
2049 16
2050 10
2051 22
2052 8
2053 16
2054 15
2055 13
2056 15
2057 10
2058 15
2059 12
2060 16
2061 12
2062 21
2063 12
2064 8
2065 16
2066 18
2067 16
2068 16
2069 9
2070 20
2071 18
2072 16
2073 10
2074 10
2075 12
2076 23
2077 8
2078 11
2079 17
2080 16
2081 13
2082 18
2083 19
2084 12
2085 18
2086 6
2087 11
2088 16
2089 12
2090 15
2091 19
2092 19
2093 12
2094 16
2095 9
2096 7
2097 14
2098 15
2099 15
2100 11
2101 14
2102 14
2103 11
2104 11
2105 13
2106 18
2107 16
2108 16
2109 14
2110 11
2111 19
2112 19
2113 23
2114 13
2115 8
2116 11
2117 14
2118 20
2119 15
2120 19
2121 13
2122 13
2123 18
2124 17
2125 15
2126 15
2127 15
2128 11
2129 16
2130 9
2131 13
2132 11
2133 11
2134 11
2135 14
2136 15
2137 17
2138 16
2139 14
2140 18
2141 18
2142 16
2143 13
2144 9
2145 13
2146 17
2147 12
2148 9
2149 15
2150 16
2151 17
2152 11
2153 16
2154 8
2155 10
2156 17
2157 14
2158 13
2159 12
2160 18
2161 13
2162 14
2163 20
2164 11
2165 10
2166 18
2167 14
2168 9
2169 15
2170 18
2171 12
2172 10
2173 10
2174 13
2175 21
2176 19
2177 15
2178 11
2179 15
2180 14
2181 18
2182 18
2183 8
2184 18
2185 13
2186 19
2187 21
2188 15
2189 17
2190 10
2191 10
2192 11
2193 16
2194 15
2195 16
2196 23
2197 16
2198 16
2199 15
2200 8
2201 12
2202 16
2203 13
2204 13
2205 13
2206 14
2207 21
2208 10
2209 15
2210 16
2211 10
2212 11
2213 10
2214 12
2215 12
2216 13
2217 18
2218 23
2219 21
2220 23
2221 14
2222 15
2223 19
2224 19
2225 15
2226 14
2227 8
2228 10
2229 15
2230 14
2231 9
2232 17
2233 14
2234 19
2235 17
2236 18
2237 25
2238 18
2239 30
2240 27
2241 16
2242 17
2243 36
2244 31
2245 43
2246 50
2247 76
2248 74
2249 98
2250 94
2251 107
2252 149
2253 172
2254 250
2255 334
2256 455
2257 553
2258 520
2259 526
2260 413
2261 413
2262 488
2263 522
2264 568
2265 531
2266 422
2267 410
2268 376
2269 325
2270 314
2271 336
2272 369
2273 299
2274 304
2275 267
2276 201
2277 130
2278 123
2279 96
2280 85
2281 58
2282 67
2283 43
2284 28
2285 31
2286 27
2287 33
2288 30
2289 23
2290 21
2291 11
2292 18
2293 13
2294 22
2295 17
2296 20
2297 22
2298 17
2299 21
2300 19
2301 14
2302 23
2303 18
2304 10
2305 10
2306 22
2307 19
2308 16
2309 16
2310 15
2311 15
2312 14
2313 15
2314 13
2315 18
2316 15
2317 4
2318 13
2319 12
2320 9
2321 8
2322 14
2323 14
2324 14
2325 7
2326 20
2327 8
2328 10
2329 11
2330 16
2331 12
2332 15
2333 18
2334 13
2335 13
2336 16
2337 11
2338 13
2339 10
2340 12
2341 13
2342 17
2343 12
2344 15
2345 8
2346 18
2347 13
2348 15
2349 12
2350 17
2351 16
2352 15
2353 20
2354 11
2355 19
2356 16
2357 14
2358 16
2359 11
2360 9
2361 16
2362 16
2363 11
2364 11
2365 14
2366 14
2367 17
2368 15
2369 10
2370 16
2371 9
2372 21
2373 12
2374 15
2375 16
2376 12
2377 11
2378 16
2379 12
2380 14
2381 17
2382 13
2383 9
2384 15
2385 18
2386 8
2387 13
2388 11
2389 13
2390 10
2391 13
2392 10
2393 9
2394 16
2395 12
2396 15
2397 18
2398 14
2399 14
2400 17
2401 13
2402 9
2403 5
2404 19
2405 10
2406 11
2407 19
2408 14
2409 14
2410 9
2411 12
2412 7
2413 11
2414 16
2415 15
2416 8
2417 6
2418 13
2419 11
2420 9
2421 8
2422 6
2423 11
2424 13
2425 14
2426 6
2427 16
2428 16
2429 15
2430 13
2431 15
2432 10
2433 10
2434 15
2435 8
2436 7
2437 11
2438 9
2439 14
2440 10
2441 10
2442 11
2443 9
2444 10
2445 7
2446 16
2447 12
2448 16
2449 12
2450 16
2451 14
2452 18
2453 15
2454 16
2455 12
2456 17
2457 20
2458 15
2459 16
2460 17
2461 21
2462 22
2463 31
2464 30
2465 40
2466 44
2467 39
2468 46
2469 43
2470 47
2471 36
2472 61
2473 98
2474 98
2475 104
2476 92
2477 100
2478 103
2479 102
2480 76
2481 87
2482 63
2483 71
2484 61
2485 65
2486 67
2487 58
2488 49
2489 42
2490 40
2491 27
2492 25
2493 26
2494 31
2495 26
2496 21
2497 14
2498 16
2499 14
2500 19
2501 14
2502 12
2503 19
2504 8
2505 16
2506 17
2507 11
2508 14
2509 13
2510 10
2511 16
2512 14
2513 13
2514 11
2515 15
2516 12
2517 9
2518 9
2519 11
2520 11
2521 14
2522 13
2523 14
2524 14
2525 12
2526 12
2527 11
2528 13
2529 8
2530 7
2531 9
2532 18
2533 18
2534 11
2535 14
2536 6
2537 7
2538 13
2539 8
2540 13
2541 12
2542 12
2543 12
2544 12
2545 12
2546 13
2547 13
2548 14
2549 12
2550 14
2551 10
2552 15
2553 16
2554 6
2555 9
2556 13
2557 9
2558 11
2559 10
