0 36
1 29
2 25
3 18
4 30
5 30
6 19
7 23
8 25
9 20
10 34
11 34
12 33
13 22
14 27
15 38
16 31
17 28
18 29
19 23
20 33
21 25
22 38
23 34
24 27
25 27
26 27
27 33
28 29
29 30
30 27
31 33
32 23
33 21
34 20
35 32
36 25
37 38
38 25
39 35
40 26
41 32
42 25
43 26
44 26
45 27
46 32
47 36
48 25
49 21
50 28
51 39
52 26
53 22
54 30
55 25
56 21
57 23
58 19
59 34
60 26
61 25
62 37
63 30
64 28
65 27
66 32
67 26
68 32
69 23
70 25
71 29
72 24
73 21
74 31
75 26
76 20
77 28
78 28
79 24
80 25
81 28
82 32
83 25
84 31
85 32
86 21
87 21
88 24
89 18
90 26
91 26
92 29
93 22
94 27
95 29
96 22
97 34
98 42
99 25
100 28
101 37
102 38
103 35
104 29
105 37
106 25
107 25
108 26
109 26
110 28
111 37
112 22
113 43
114 29
115 23
116 26
117 29
118 25
119 26
120 23
121 15
122 24
123 27
124 21
125 28
126 26
127 30
128 34
129 30
130 33
131 26
132 33
133 30
134 29
135 29
136 29
137 20
138 37
139 29
140 37
141 30
142 34
143 33
144 40
145 31
146 27
147 30
148 23
149 22
150 30
151 34
152 31
153 30
154 31
155 20
156 33
157 30
158 29
159 37
160 22
161 23
162 25
163 26
164 31
165 27
166 42
167 31
168 32
169 37
170 39
171 23
172 22
173 32
174 25
175 28
176 19
177 27
178 27
179 35
180 35
181 44
182 31
183 31
184 29
185 32
186 29
187 33
188 37
189 37
190 33
191 28
192 31
193 30
194 27
195 24
196 29
197 32
198 15
199 32
200 34
201 36
202 30
203 36
204 34
205 27
206 37
207 25
208 25
209 36
210 46
211 25
212 31
213 36
214 30
215 27
216 28
217 29
218 25
219 29
220 38
221 33
222 37
223 34
224 32
225 20
226 28
227 22
228 31
229 27
230 36
231 30
232 33
233 38
234 29
235 37
236 30
237 26
238 26
239 36
240 36
241 36
242 42
243 26
244 31
245 39
246 22
247 35
248 28
249 22
250 34
251 25
252 38
253 27
254 46
255 28
256 32
257 34
258 35
259 37
260 29
261 34
262 25
263 33
264 29
265 28
266 21
267 26
268 33
269 34
270 41
271 39
272 25
273 33
274 34
275 31
276 35
277 39
278 29
279 25
280 27
281 18
282 22
283 45
284 39
285 26
286 34
287 23
288 30
289 32
290 37
291 36
292 39
293 36
294 35
295 36
296 37
297 32
298 33
299 27
300 21
301 30
302 31
303 35
304 34
305 26
306 37
307 38
308 36
309 33
310 40
311 35
312 31
313 32
314 31
315 31
316 28
317 30
318 30
319 36
320 37
321 32
322 38
323 38
324 34
325 27
326 33
327 27
328 30
329 32
330 37
331 34
332 36
333 26
334 35
335 44
336 39
337 32
338 43
339 36
340 33
341 26
342 27
343 27
344 34
345 33
346 39
347 27
348 26
349 26
350 34
351 30
352 28
353 37
354 35
355 34
356 33
357 33
358 20
359 26
360 27
361 27
362 35
363 29
364 38
365 31
366 34
367 34
368 34
369 34
370 35
371 27
372 36
373 25
374 35
375 36
376 36
377 44
378 44
379 38
380 34
381 32
382 31
383 50
384 20
385 44
386 30
387 24
388 31
389 30
390 29
391 36
392 30
393 40
394 29
395 28
396 33
397 31
398 30
399 29
400 33
401 25
402 36
403 31
404 23
405 37
406 50
407 21
408 38
409 24
410 37
411 32
412 35
413 35
414 35
415 35
416 44
417 32
418 31
419 29
420 41
421 22
422 37
423 44
424 43
425 32
426 33
427 46
428 43
429 29
430 49
431 25
432 27
433 38
434 33
435 33
436 25
437 38
438 34
439 36
440 29
441 44
442 30
443 28
444 24
445 38
446 42
447 39
448 34
449 30
450 39
451 18
452 32
453 22
454 65
455 55
456 34
457 33
458 29
459 34
460 29
461 35
462 39
463 45
464 31
465 32
466 39
467 42
468 37
469 39
470 35
471 37
472 41
473 40
474 30
475 31
476 36
477 24
478 27
479 32
480 30
481 42
482 32
483 35
484 36
485 29
486 31
487 41
488 40
489 39
490 36
491 32
492 40
493 49
494 34
495 40
496 35
497 37
498 31
499 31
500 40
501 29
502 45
503 27
504 40
505 35
506 29
507 34
508 26
509 33
510 33
511 32
512 37
513 41
514 35
515 29
516 50
517 38
518 39
519 39
520 33
521 40
522 34
523 36
524 31
525 35
526 36
527 43
528 30
529 15
530 31
531 44
532 43
533 29
534 36
535 39
536 41
537 30
538 49
539 32
540 50
541 28
542 37
543 32
544 35
545 35
546 51
547 37
548 31
549 41
550 52
551 39
552 35
553 40
554 38
555 35
556 31
557 33
558 31
559 34
560 29
561 26
562 34
563 28
564 37
565 32
566 28
567 34
568 50
569 37
570 32
571 26
572 37
573 41
574 44
575 36
576 48
577 39
578 40
579 43
580 53
581 51
582 57
583 60
584 69
585 64
586 79
587 58
588 56
589 80
590 57
591 61
592 70
593 69
594 68
595 78
596 92
597 92
598 110
599 96
600 96
601 115
602 71
603 86
604 79
605 81
606 90
607 109
608 116
609 84
610 90
611 52
612 55
613 49
614 48
615 44
616 31
617 47
618 42
619 35
620 32
621 33
622 40
623 34
624 34
625 39
626 29
627 43
628 33
629 30
630 22
631 41
632 34
633 45
634 40
635 27
636 33
637 46
638 38
639 33
640 35
641 31
642 34
643 28
644 35
645 40
646 43
647 42
648 36
649 45
650 47
651 35
652 23
653 36
654 34
655 34
656 53
657 28
658 34
659 33
660 27
661 44
662 38
663 34
664 20
665 40
666 32
667 32
668 35
669 35
670 59
671 30
672 38
673 50
674 42
675 34
676 38
677 36
678 36
679 41
680 40
681 26
682 37
683 32
684 30
685 37
686 39
687 41
688 27
689 33
690 43
691 31
692 38
693 40
694 35
695 45
696 37
697 24
698 29
699 42
700 34
701 42
702 42
703 32
704 33
705 42
706 39
707 36
708 41
709 35
710 38
711 38
712 45
713 31
714 35
715 36
716 39
717 42
718 24
719 36
720 42
721 33
722 28
723 37
724 31
725 42
726 34
727 36
728 26
729 32
730 41
731 39
732 30
733 37
734 37
735 28
736 30
737 25
738 30
739 33
740 33
741 24
742 35
743 38
744 30
745 28
746 46
747 26
748 21
749 21
750 27
751 41
752 32
753 33
754 26
755 35
756 38
757 33
758 33
759 32
760 32
761 27
762 35
763 36
764 31
765 30
766 35
767 25
768 26
769 24
770 26
771 33
772 34
773 23
774 39
775 31
776 26
777 35
778 32
779 35
780 35
781 25
782 38
783 29
784 31
785 31
786 35
787 47
788 42
789 42
790 37
791 30
792 36
793 35
794 32
795 36
796 31
797 39
798 38
799 35
800 36
801 33
802 22
803 27
804 29
805 30
806 32
807 32
808 31
809 35
810 28
811 35
812 37
813 27
814 51
815 35
816 30
817 29
818 29
819 31
820 31
821 39
822 34
823 38
824 39
825 27
826 24
827 26
828 36
829 43
830 43
831 26
832 43
833 27
834 34
835 29
836 27
837 39
838 31
839 43
840 38
841 47
842 27
843 30
844 30
845 41
846 38
847 34
848 40
849 38
850 33
851 41
852 30
853 32
854 29
855 27
856 38
857 30
858 27
859 33
860 22
861 36
862 29
863 21
864 36
865 40
866 33
867 34
868 38
869 31
870 27
871 39
872 33
873 28
874 26
875 33
876 30
877 30
878 28
879 35
880 33
881 38
882 31
883 31
884 34
885 34
886 33
887 34
888 31
889 27
890 30
891 37
892 27
893 35
894 32
895 36
896 47
897 32
898 52
899 37
900 35
901 45
902 28
903 44
904 46
905 39
906 34
907 29
908 39
909 36
910 29
911 20
912 29
913 44
914 26
915 31
916 29
917 43
918 33
919 33
920 33
921 29
922 31
923 40
924 36
925 21
926 37
927 34
928 45
929 27
930 29
931 25
932 30
933 35
934 37
935 42
936 39
937 37
938 33
939 38
940 28
941 33
942 35
943 34
944 42
945 31
946 37
947 33
948 49
949 38
950 47
951 38
952 56
953 42
954 49
955 32
956 35
957 21
958 36
959 27
960 31
961 31
962 33
963 34
964 36
965 29
966 28
967 23
968 30
969 43
970 32
971 29
972 39
973 24
974 34
975 28
976 31
977 33
978 31
979 23
980 32
981 30
982 23
983 37
984 32
985 32
986 35
987 29
988 33
989 36
990 31
991 27
992 38
993 32
994 29
995 29
996 25
997 32
998 39
999 29
1000 22
1001 30
1002 29
1003 26
1004 34
1005 37
1006 27
1007 30
1008 32
1009 24
1010 26
1011 23
1012 31
1013 34
1014 30
1015 36
1016 31
1017 25
1018 31
1019 41
1020 30
1021 30
1022 26
1023 38
1024 29
1025 31
1026 33
1027 30
1028 36
1029 31
1030 26
1031 29
1032 38
1033 41
1034 29
1035 27
1036 33
1037 32
1038 27
1039 38
1040 35
1041 30
1042 32
1043 27
1044 32
1045 29
1046 30
1047 31
1048 26
1049 29
1050 28
1051 24
1052 35
1053 30
1054 32
1055 36
1056 34
1057 41
1058 29
1059 23
1060 30
1061 37
1062 39
1063 35
1064 22
1065 19
1066 26
1067 26
1068 42
1069 42
1070 34
1071 23
1072 26
1073 27
1074 32
1075 32
1076 45
1077 36
1078 39
1079 38
1080 29
1081 39
1082 38
1083 39
1084 29
1085 35
1086 25
1087 34
1088 48
1089 38
1090 32
1091 44
1092 34
1093 32
1094 31
1095 42
1096 25
1097 32
1098 37
1099 27
1100 35
1101 32
1102 38
1103 37
1104 36
1105 26
1106 33
1107 23
1108 37
1109 28
1110 41
1111 25
1112 40
1113 37
1114 38
1115 31
1116 33
1117 44
1118 50
1119 62
1120 61
1121 54
1122 71
1123 84
1124 88
1125 123
1126 144
1127 223
1128 274
1129 288
1130 250
1131 275
1132 367
1133 319
1134 386
1135 470
1136 512
1137 509
1138 672
1139 831
1140 848
1141 758
1142 658
1143 531
1144 460
1145 374
1146 317
1147 236
1148 177
1149 106
1150 67
1151 62
1152 62
1153 49
1154 46
1155 23
1156 26
1157 20
1158 27
1159 33
1160 32
1161 34
1162 45
1163 35
1164 40
1165 45
1166 32
1167 31
1168 31
1169 37
1170 39
1171 37
1172 33
1173 37
1174 33
1175 44
1176 33
1177 24
1178 22
1179 32
1180 39
1181 32
1182 40
1183 33
1184 36
1185 34
1186 29
1187 24
1188 18
1189 44
1190 27
1191 30
1192 28
1193 43
1194 22
1195 35
1196 24
1197 34
1198 30
1199 35
1200 36
1201 39
1202 32
1203 25
1204 43
1205 35
1206 34
1207 31
1208 32
1209 27
1210 24
1211 28
1212 31
1213 35
1214 33
1215 42
1216 22
1217 20
1218 29
1219 23
1220 28
1221 24
1222 38
1223 33
1224 24
1225 23
1226 28
1227 35
1228 29
1229 22
1230 27
1231 35
1232 29
1233 31
1234 28
1235 30
1236 41
1237 40
1238 29
1239 31
1240 36
1241 25
1242 28
1243 27
1244 23
1245 23
1246 30
1247 29
1248 33
1249 44
1250 38
1251 33
1252 34
1253 30
1254 25
1255 32
1256 22
1257 27
1258 19
1259 22
1260 34
1261 31
1262 25
1263 28
1264 29
1265 32
1266 30
1267 30
1268 37
1269 31
1270 34
1271 38
1272 38
1273 60
1274 73
1275 93
1276 55
1277 52
1278 101
1279 9
1280 42
1281 20
1282 23
1283 30
1284 23
1285 29
1286 26
1287 27
1288 23
1289 20
1290 22
1291 17
1292 25
1293 17
1294 27
1295 20
1296 28
1297 26
1298 29
1299 18
1300 21
1301 22
1302 26
1303 28
1304 12
1305 23
1306 33
1307 22
1308 25
1309 23
1310 29
1311 20
1312 20
1313 16
1314 20
1315 25
1316 23
1317 20
1318 25
1319 27
1320 18
1321 20
1322 30
1323 16
1324 21
1325 19
1326 22
1327 12
1328 26
1329 23
1330 19
1331 18
1332 21
1333 18
1334 24
1335 25
1336 20
1337 29
1338 27
1339 18
1340 25
1341 20
1342 29
1343 29
1344 23
1345 30
1346 34
1347 32
1348 29
1349 46
1350 40
1351 43
1352 64
1353 41
1354 53
1355 46
1356 51
1357 43
1358 35
1359 29
1360 32
1361 32
1362 31
1363 20
1364 26
1365 26
1366 31
1367 18
1368 16
1369 20
1370 22
1371 29
1372 26
1373 14
1374 24
1375 20
1376 26
1377 23
1378 17
1379 16
1380 25
1381 26
1382 24
1383 28
1384 23
1385 31
1386 26
1387 22
1388 28
1389 21
1390 19
1391 20
1392 20
1393 25
1394 19
1395 15
1396 22
1397 22
1398 16
1399 28
1400 27
1401 23
1402 17
1403 23
1404 23
1405 24
1406 28
1407 24
1408 19
1409 18
1410 19
1411 19
1412 24
1413 21
1414 27
1415 22
1416 34
1417 19
1418 18
1419 27
1420 26
1421 30
1422 52
1423 40
1424 36
1425 40
1426 71
1427 54
1428 66
1429 74
1430 110
1431 109
1432 164
1433 157
1434 194
1435 179
1436 255
1437 284
1438 299
1439 297
1440 277
1441 239
1442 214
1443 259
1444 210
1445 162
1446 133
1447 122
1448 104
1449 114
1450 93
1451 57
1452 49
1453 40
1454 30
1455 25
1456 32
1457 29
1458 22
1459 22
1460 20
1461 36
1462 32
1463 24
1464 18
1465 18
1466 20
1467 21
1468 23
1469 33
1470 20
1471 20
1472 22
1473 19
1474 24
1475 27
1476 33
1477 20
1478 24
1479 21
1480 33
1481 21
1482 17
1483 19
1484 11
1485 24
1486 21
1487 22
1488 19
1489 25
1490 21
1491 22
1492 23
1493 22
1494 16
1495 19
1496 22
1497 20
1498 20
1499 20
1500 17
1501 22
1502 19
1503 25
1504 20
1505 21
1506 21
1507 22
1508 27
1509 16
1510 19
1511 15
1512 19
1513 14
1514 15
1515 15
1516 23
1517 23
1518 16
1519 17
1520 19
1521 21
1522 24
1523 13
1524 14
1525 19
1526 14
1527 19
1528 22
1529 15
1530 19
1531 24
1532 24
1533 20
1534 18
1535 14
1536 24
1537 24
1538 15
1539 19
1540 19
1541 18
1542 24
1543 13
1544 16
1545 17
1546 23
1547 16
1548 21
1549 16
1550 18
1551 32
1552 22
1553 20
1554 16
1555 20
1556 21
1557 16
1558 15
1559 17
1560 18
1561 14
1562 20
1563 23
1564 18
1565 24
1566 23
1567 15
1568 10
1569 21
1570 17
1571 31
1572 27
1573 17
1574 17
1575 16
1576 26
1577 15
1578 24
1579 13
1580 25
1581 23
1582 17
1583 22
1584 19
1585 29
1586 24
1587 25
1588 21
1589 19
1590 23
1591 21
1592 15
1593 14
1594 26
1595 18
1596 24
1597 18
1598 27
1599 16
1600 18
1601 20
1602 14
1603 10
1604 22
1605 19
1606 22
1607 13
1608 24
1609 25
1610 24
1611 16
1612 20
1613 12
1614 18
1615 18
1616 15
1617 20
1618 13
1619 18
1620 18
1621 15
1622 14
1623 15
1624 18
1625 19
1626 24
1627 15
1628 20
1629 19
1630 15
1631 21
1632 16
1633 27
1634 18
1635 17
1636 25
1637 18
1638 11
1639 19
1640 11
1641 13
1642 20
1643 29
1644 15
1645 19
1646 20
1647 22
1648 20
1649 15
1650 16
1651 15
1652 21
1653 17
1654 17
1655 23
1656 10
1657 19
1658 28
1659 16
1660 15
1661 12
1662 22
1663 11
1664 22
1665 17
1666 17
1667 15
1668 27
1669 20
1670 26
1671 18
1672 17
1673 8
1674 22
1675 21
1676 16
1677 15
1678 21
1679 18
1680 20
1681 19
1682 18
1683 16
1684 27
1685 18
1686 18
1687 16
1688 17
1689 11
1690 22
1691 11
1692 23
1693 19
1694 15
1695 26
1696 14
1697 12
1698 18
1699 24
1700 17
1701 18
1702 20
1703 13
1704 14
1705 14
1706 21
1707 21
1708 30
1709 15
1710 16
1711 17
1712 15
1713 20
1714 15
1715 15
1716 25
1717 13
1718 14
1719 21
1720 22
1721 16
1722 15
1723 14
1724 15
1725 18
1726 13
1727 16
1728 20
1729 14
1730 20
1731 17
1732 15
1733 18
1734 24
1735 21
1736 24
1737 19
1738 14
1739 14
1740 15
1741 20
1742 10
1743 17
1744 16
1745 19
1746 18
1747 18
1748 17
1749 28
1750 19
1751 16
1752 20
1753 11
1754 25
1755 13
1756 16
1757 22
1758 18
1759 16
1760 18
1761 22
1762 14
1763 16
1764 16
1765 23
1766 23
1767 11
1768 22
1769 21
1770 24
1771 15
1772 8
1773 20
1774 16
1775 9
1776 20
1777 20
1778 21
1779 17
1780 15
1781 15
1782 23
1783 11
1784 15
1785 23
1786 12
1787 16
1788 17
1789 19
1790 13
1791 21
1792 17
1793 26
1794 19
1795 12
1796 10
1797 15
1798 16
1799 12
1800 15
1801 12
1802 16
1803 17
1804 10
1805 19
1806 27
1807 16
1808 17
1809 19
1810 14
1811 21
1812 12
1813 16
1814 20
1815 14
1816 15
1817 13
1818 20
1819 16
1820 18
1821 15
1822 16
1823 19
1824 20
1825 26
1826 12
1827 12
1828 15
1829 12
1830 16
1831 11
1832 21
1833 13
1834 12
1835 21
1836 14
1837 15
1838 18
1839 17
1840 13
1841 18
1842 14
1843 8
1844 22
1845 15
1846 13
1847 14
1848 22
1849 16
1850 12
1851 18
1852 23
1853 13
1854 19
1855 23
1856 14
1857 18
1858 16
1859 25
1860 16
1861 21
1862 27
1863 18
1864 17
1865 24
1866 22
1867 21
1868 20
1869 20
1870 18
1871 24
1872 24
1873 17
1874 11
1875 10
1876 13
1877 12
1878 19
1879 17
1880 15
1881 14
1882 17
1883 15
1884 13
1885 12
1886 19
1887 20
1888 22
1889 16
1890 23
1891 19
1892 18
1893 16
1894 24
1895 17
1896 21
1897 30
1898 21
1899 21
1900 40
1901 31
1902 42
1903 35
1904 32
1905 48
1906 61
1907 61
1908 70
1909 67
1910 66
1911 93
1912 97
1913 103
1914 133
1915 122
1916 100
1917 98
1918 99
1919 71
1920 91
1921 93
1922 106
1923 96
1924 91
1925 68
1926 66
1927 84
1928 72
1929 37
1930 31
1931 29
1932 30
1933 22
1934 24
1935 16
1936 9
1937 15
1938 20
1939 26
1940 14
1941 17
1942 12
1943 22
1944 25
1945 14
1946 19
1947 18
1948 18
1949 15
1950 16
1951 11
1952 27
1953 12
1954 14
1955 13
1956 16
1957 12
1958 16
1959 12
1960 15
1961 16
1962 15
1963 11
1964 19
1965 22
1966 10
1967 15
1968 25
1969 11
1970 23
1971 15
1972 13
1973 15
1974 15
1975 12
1976 24
1977 13
1978 16
1979 18
1980 16
1981 7
1982 14
1983 19
1984 13
1985 15
1986 17
1987 14
1988 17
1989 8
1990 13
1991 18
1992 13
1993 15
1994 14
1995 12
1996 22
1997 15
1998 18
1999 16
2000 22
2001 10
2002 16
2003 11
2004 9
2005 16
2006 16
2007 6
2008 10
2009 14
2010 17
2011 14
2012 14
2013 13
2014 12
2015 15
2016 16
2017 17
2018 12
2019 16
2020 14
2021 22
2022 15
2023 11
2024 17
2025 11
2026 13
2027 8
2028 16
2029 13
2030 17
2031 20
2032 17
2033 11
2034 18
2035 14
2036 13
2037 26
2038 24
2039 16
2040 18
2041 15
2042 15
2043 13
2044 20
2045 16
2046 14
2047 17
2048 23
2049 10
2050 14
2051 15
2052 10
2053 18
2054 14
2055 10
2056 14
2057 16
2058 5
2059 10
2060 17
2061 11
2062 17
2063 10
2064 20
2065 21
2066 24
2067 13
2068 18
2069 10
2070 18
2071 16
2072 13
2073 10
2074 17
2075 15
2076 21
2077 11
2078 12
2079 8
2080 14
2081 12
2082 13
2083 19
2084 9
2085 21
2086 14
2087 11
2088 21
2089 22
2090 15
2091 11
2092 17
2093 12
2094 19
2095 16
2096 13
2097 15
2098 15
2099 17
2100 14
2101 11
2102 14
2103 15
2104 17
2105 14
2106 14
2107 8
2108 14
2109 13
2110 15
2111 8
2112 7
2113 9
2114 20
2115 17
2116 9
2117 12
2118 22
2119 12
2120 13
2121 12
2122 17
2123 18
2124 17
2125 15
2126 8
2127 12
2128 10
2129 21
2130 16
2131 14
2132 15
2133 12
2134 15
2135 17
2136 16
2137 12
2138 22
2139 16
2140 9
2141 13
2142 11
2143 16
2144 21
2145 17
2146 22
2147 15
2148 14
2149 15
2150 22
2151 16
2152 19
2153 21
2154 26
2155 22
2156 29
2157 25
2158 42
2159 39
2160 42
2161 55
2162 50
2163 63
2164 66
2165 74
2166 87
2167 112
2168 105
2169 117
2170 165
2171 192
2172 232
2173 256
2174 388
2175 536
2176 570
2177 522
2178 422
2179 393
2180 432
2181 518
2182 518
2183 546
2184 583
2185 372
2186 333
2187 354
2188 394
2189 470
2190 477
2191 397
2192 271
2193 248
2194 184
2195 105
2196 97
2197 87
2198 68
2199 68
2200 50
2201 44
2202 33
2203 36
2204 26
2205 24
2206 25
2207 19
2208 15
2209 20
2210 16
2211 18
2212 21
2213 23
2214 14
2215 15
2216 15
2217 21
2218 15
2219 12
2220 21
2221 22
2222 12
2223 7
2224 17
2225 14
2226 23
2227 14
2228 16
2229 12
2230 18
2231 18
2232 17
2233 13
2234 15
2235 17
2236 13
2237 12
2238 18
2239 15
2240 18
2241 22
2242 14
2243 7
2244 16
2245 9
2246 11
2247 12
2248 12
2249 13
2250 14
2251 15
2252 21
2253 9
2254 13
2255 15
2256 16
2257 14
2258 9
2259 9
2260 16
2261 15
2262 15
2263 11
2264 14
2265 15
2266 9
2267 8
2268 10
2269 14
2270 14
2271 13
2272 15
2273 19
2274 20
2275 16
2276 13
2277 16
2278 25
2279 15
2280 19
2281 7
2282 9
2283 12
2284 10
2285 20
2286 21
2287 12
2288 16
2289 17
2290 16
2291 13
2292 22
2293 16
2294 16
2295 16
2296 14
2297 10
2298 16
2299 13
2300 17
2301 15
2302 22
2303 12
2304 13
2305 19
2306 16
2307 12
2308 17
2309 16
2310 20
2311 12
2312 13
2313 16
2314 16
2315 19
2316 16
2317 18
2318 11
2319 10
2320 18
2321 10
2322 13
2323 15
2324 18
2325 9
2326 12
2327 14
2328 19
2329 11
2330 14
2331 17
2332 21
2333 13
2334 20
2335 23
2336 11
2337 15
2338 12
2339 7
2340 14
2341 16
2342 17
2343 18
2344 10
2345 18
2346 8
2347 16
2348 9
2349 16
2350 13
2351 10
2352 15
2353 15
2354 13
2355 14
2356 11
2357 12
2358 15
2359 9
2360 17
2361 14
2362 12
2363 23
2364 19
2365 15
2366 18
2367 22
2368 18
2369 18
2370 19
2371 23
2372 35
2373 26
2374 24
2375 18
2376 35
2377 29
2378 32
2379 42
2380 53
2381 45
2382 60
2383 48
2384 62
2385 85
2386 94
2387 107
2388 57
2389 87
2390 87
2391 78
2392 76
2393 79
2394 95
2395 92
2396 94
2397 89
2398 84
2399 89
2400 79
2401 54
2402 54
2403 36
2404 39
2405 42
2406 47
2407 28
2408 27
2409 27
2410 30
2411 20
2412 24
2413 13
2414 19
2415 5
2416 19
2417 10
2418 15
2419 10
2420 11
2421 18
2422 13
2423 15
2424 13
2425 7
2426 5
2427 10
2428 2
2429 16
2430 4
2431 16
2432 9
2433 8
2434 13
2435 17
2436 12
2437 8
2438 12
2439 12
2440 14
2441 12
2442 16
2443 6
2444 12
2445 13
2446 19
2447 11
2448 11
2449 10
2450 19
2451 11
2452 9
2453 13
2454 13
2455 9
2456 12
2457 15
2458 14
2459 11
2460 16
2461 9
2462 14
2463 11
2464 14
2465 10
2466 12
2467 10
2468 9
2469 10
2470 9
2471 13
2472 16
2473 12
2474 13
2475 17
2476 8
2477 16
2478 19
2479 11
2480 11
2481 9
2482 6
2483 6
2484 9
2485 14
2486 7
2487 4
2488 20
2489 15
2490 10
2491 15
2492 8
2493 8
2494 12
2495 8
2496 14
2497 13
2498 8
2499 10
2500 10
2501 15
2502 12
2503 13
2504 15
2505 7
2506 4
2507 11
2508 13
2509 10
2510 15
2511 15
2512 10
2513 13
2514 9
2515 7
2516 16
2517 11
2518 14
2519 14
2520 15
2521 7
2522 10
2523 14
2524 12
2525 6
2526 17
2527 18
2528 11
2529 9
2530 9
2531 10
2532 17
2533 13
2534 14
2535 13
2536 12
2537 11
2538 10
2539 11
2540 15
2541 14
2542 15
2543 9
2544 8
2545 10
2546 17
2547 8
2548 14
2549 10
2550 14
2551 6
2552 12
2553 7
2554 13
2555 12
2556 11
2557 9
2558 10
2559 12
