0 39
1 27
2 26
3 20
4 28
5 25
6 30
7 28
8 29
9 27
10 31
11 31
12 29
13 31
14 35
15 27
16 28
17 37
18 36
19 28
20 32
21 29
22 24
23 26
24 30
25 24
26 25
27 42
28 24
29 37
30 35
31 21
32 32
33 27
34 23
35 36
36 30
37 21
38 34
39 28
40 22
41 39
42 28
43 28
44 25
45 29
46 26
47 33
48 20
49 25
50 35
51 44
52 33
53 38
54 33
55 27
56 32
57 38
58 36
59 29
60 18
61 38
62 28
63 27
64 28
65 34
66 35
67 34
68 29
69 30
70 25
71 24
72 28
73 27
74 32
75 31
76 28
77 27
78 37
79 35
80 21
81 33
82 27
83 39
84 31
85 22
86 26
87 25
88 35
89 33
90 36
91 21
92 27
93 29
94 32
95 30
96 37
97 26
98 28
99 23
100 21
101 31
102 34
103 31
104 45
105 40
106 37
107 39
108 33
109 30
110 28
111 33
112 24
113 39
114 36
115 29
116 31
117 33
118 31
119 27
120 34
121 25
122 27
123 32
124 31
125 34
126 35
127 33
128 34
129 27
130 34
131 27
132 27
133 21
134 37
135 28
136 39
137 31
138 28
139 38
140 34
141 34
142 31
143 37
144 35
145 23
146 25
147 32
148 36
149 32
150 25
151 28
152 27
153 41
154 32
155 40
156 42
157 36
158 30
159 30
160 32
161 43
162 30
163 43
164 27
165 20
166 36
167 34
168 37
169 34
170 33
171 41
172 32
173 32
174 23
175 37
176 41
177 38
178 29
179 26
180 32
181 32
182 30
183 33
184 38
185 29
186 32
187 32
188 31
189 32
190 41
191 29
192 41
193 42
194 39
195 48
196 32
197 24
198 29
199 41
200 40
201 30
202 35
203 27
204 23
205 33
206 37
207 33
208 31
209 32
210 26
211 36
212 21
213 33
214 28
215 34
216 25
217 21
218 29
219 28
220 40
221 30
222 21
223 32
224 34
225 42
226 36
227 33
228 40
229 41
230 33
231 33
232 35
233 37
234 20
235 42
236 42
237 28
238 39
239 28
240 29
241 26
242 24
243 27
244 34
245 31
246 28
247 33
248 30
249 44
250 35
251 33
252 28
253 29
254 37
255 35
256 31
257 42
258 47
259 28
260 46
261 29
262 35
263 25
264 34
265 39
266 30
267 26
268 45
269 40
270 45
271 33
272 44
273 23
274 44
275 27
276 32
277 36
278 35
279 35
280 41
281 35
282 44
283 33
284 53
285 38
286 44
287 29
288 29
289 38
290 35
291 31
292 33
293 28
294 26
295 38
296 35
297 28
298 34
299 34
300 36
301 46
302 39
303 30
304 25
305 36
306 28
307 46
308 34
309 39
310 36
311 33
312 39
313 39
314 34
315 39
316 35
317 39
318 33
319 44
320 35
321 36
322 41
323 36
324 37
325 30
326 38
327 22
328 32
329 33
330 43
331 41
332 35
333 29
334 49
335 31
336 38
337 38
338 41
339 38
340 31
341 44
342 34
343 36
344 34
345 39
346 36
347 48
348 36
349 34
350 35
351 35
352 47
353 26
354 39
355 32
356 24
357 32
358 37
359 37
360 34
361 32
362 34
363 32
364 27
365 36
366 38
367 53
368 28
369 34
370 45
371 31
372 36
373 35
374 31
375 37
376 39
377 35
378 40
379 33
380 30
381 47
382 27
383 37
384 29
385 34
386 35
387 28
388 49
389 46
390 28
391 42
392 48
393 29
394 26
395 37
396 25
397 35
398 35
399 36
400 37
401 33
402 49
403 43
404 39
405 44
406 39
407 32
408 36
409 41
410 41
411 33
412 35
413 40
414 51
415 52
416 54
417 33
418 32
419 40
420 30
421 34
422 35
423 39
424 32
425 30
426 38
427 37
428 38
429 35
430 34
431 38
432 42
433 39
434 43
435 32
436 47
437 48
438 19
439 38
440 42
441 25
442 33
443 28
444 44
445 41
446 42
447 36
448 39
449 44
450 35
451 41
452 41
453 40
454 34
455 33
456 41
457 41
458 41
459 38
460 49
461 50
462 43
463 33
464 42
465 41
466 40
467 40
468 43
469 32
470 46
471 42
472 26
473 40
474 33
475 34
476 41
477 40
478 41
479 38
480 34
481 33
482 35
483 43
484 33
485 40
486 44
487 31
488 42
489 48
490 38
491 35
492 32
493 34
494 45
495 32
496 25
497 30
498 40
499 39
500 29
501 38
502 33
503 48
504 30
505 39
506 43
507 41
508 50
509 36
510 36
511 46
512 35
513 50
514 38
515 62
516 33
517 40
518 34
519 36
520 31
521 44
522 36
523 35
524 39
525 40
526 33
527 37
528 39
529 30
530 43
531 29
532 36
533 31
534 34
535 40
536 37
537 43
538 39
539 42
540 45
541 47
542 41
543 37
544 43
545 49
546 52
547 63
548 61
549 74
550 43
551 27
552 53
553 53
554 49
555 55
556 70
557 61
558 71
559 74
560 82
561 71
562 80
563 95
564 89
565 77
566 89
567 92
568 83
569 90
570 91
571 78
572 78
573 84
574 110
575 78
576 100
577 88
578 80
579 43
580 49
581 52
582 40
583 40
584 45
585 38
586 32
587 41
588 38
589 29
590 29
591 42
592 35
593 26
594 38
595 39
596 42
597 40
598 39
599 47
600 43
601 47
602 34
603 33
604 33
605 41
606 34
607 36
608 51
609 32
610 33
611 42
612 40
613 38
614 32
615 42
616 44
617 42
618 34
619 39
620 37
621 30
622 29
623 33
624 34
625 33
626 38
627 32
628 34
629 43
630 39
631 31
632 48
633 45
634 29
635 28
636 38
637 34
638 52
639 42
640 51
641 41
642 54
643 48
644 38
645 36
646 30
647 39
648 45
649 41
650 35
651 38
652 38
653 33
654 41
655 26
656 39
657 34
658 29
659 38
660 51
661 24
662 32
663 39
664 40
665 40
666 37
667 45
668 52
669 33
670 35
671 42
672 36
673 37
674 34
675 35
676 45
677 38
678 38
679 36
680 36
681 38
682 35
683 43
684 38
685 34
686 33
687 32
688 34
689 35
690 44
691 40
692 49
693 53
694 38
695 30
696 28
697 36
698 35
699 35
700 41
701 36
702 39
703 34
704 34
705 38
706 36
707 38
708 31
709 29
710 34
711 56
712 43
713 37
714 27
715 45
716 31
717 36
718 31
719 32
720 44
721 43
722 42
723 37
724 34
725 42
726 47
727 46
728 44
729 34
730 47
731 24
732 39
733 40
734 43
735 40
736 38
737 39
738 39
739 37
740 29
741 25
742 47
743 37
744 39
745 39
746 35
747 36
748 27
749 29
750 42
751 38
752 38
753 50
754 39
755 33
756 37
757 38
758 45
759 26
760 39
761 36
762 45
763 49
764 44
765 35
766 29
767 40
768 38
769 51
770 31
771 49
772 34
773 35
774 32
775 35
776 33
777 43
778 43
779 43
780 29
781 27
782 43
783 32
784 42
785 38
786 35
787 45
788 42
789 38
790 37
791 45
792 46
793 38
794 42
795 35
796 37
797 43
798 43
799 35
800 38
801 33
802 28
803 32
804 35
805 26
806 34
807 40
808 32
809 33
810 37
811 46
812 26
813 33
814 29
815 23
816 22
817 28
818 25
819 37
820 32
821 35
822 33
823 33
824 30
825 33
826 29
827 41
828 40
829 27
830 35
831 32
832 35
833 33
834 35
835 30
836 37
837 37
838 33
839 36
840 25
841 39
842 33
843 32
844 34
845 37
846 44
847 39
848 32
849 47
850 46
851 47
852 31
853 27
854 36
855 34
856 38
857 34
858 35
859 44
860 27
861 32
862 39
863 41
864 34
865 43
866 38
867 37
868 38
869 36
870 35
871 32
872 35
873 33
874 33
875 42
876 24
877 31
878 31
879 37
880 37
881 30
882 37
883 32
884 36
885 28
886 26
887 32
888 28
889 28
890 41
891 32
892 41
893 31
894 40
895 33
896 33
897 40
898 32
899 24
900 33
901 45
902 30
903 36
904 40
905 39
906 44
907 33
908 39
909 31
910 33
911 32
912 44
913 36
914 25
915 37
916 38
917 39
918 37
919 40
920 37
921 22
922 29
923 33
924 23
925 43
926 23
927 30
928 34
929 40
930 43
931 30
932 29
933 30
934 37
935 32
936 30
937 27
938 42
939 34
940 28
941 26
942 33
943 35
944 38
945 23
946 27
947 39
948 28
949 41
950 50
951 32
952 47
953 42
954 31
955 38
956 34
957 16
958 36
959 33
960 35
961 38
962 33
963 34
964 39
965 30
966 41
967 33
968 34
969 41
970 36
971 38
972 36
973 42
974 35
975 35
976 31
977 31
978 37
979 25
980 28
981 36
982 36
983 25
984 23
985 20
986 34
987 32
988 31
989 29
990 36
991 34
992 39
993 31
994 31
995 35
996 31
997 36
998 30
999 27
1000 33
1001 24
1002 37
1003 31
1004 34
1005 42
1006 33
1007 38
1008 27
1009 30
1010 40
1011 36
1012 30
1013 17
1014 22
1015 23
1016 40
1017 30
1018 27
1019 29
1020 31
1021 30
1022 22
1023 20
1024 29
1025 31
1026 29
1027 36
1028 32
1029 26
1030 41
1031 29
1032 39
1033 43
1034 27
1035 39
1036 42
1037 28
1038 26
1039 39
1040 40
1041 35
1042 33
1043 39
1044 38
1045 39
1046 21
1047 33
1048 43
1049 45
1050 48
1051 29
1052 38
1053 30
1054 29
1055 22
1056 43
1057 38
1058 43
1059 37
1060 38
1061 33
1062 34
1063 38
1064 41
1065 33
1066 33
1067 43
1068 33
1069 40
1070 46
1071 43
1072 47
1073 37
1074 55
1075 59
1076 59
1077 80
1078 111
1079 115
1080 113
1081 124
1082 132
1083 143
1084 234
1085 204
1086 264
1087 296
1088 292
1089 324
1090 332
1091 305
1092 396
1093 384
1094 335
1095 455
1096 421
1097 431
1098 386
1099 361
1100 293
1101 311
1102 239
1103 251
1104 160
1105 106
1106 75
1107 63
1108 50
1109 45
1110 36
1111 35
1112 45
1113 39
1114 33
1115 37
1116 41
1117 24
1118 37
1119 27
1120 39
1121 41
1122 41
1123 26
1124 36
1125 33
1126 37
1127 30
1128 16
1129 28
1130 31
1131 28
1132 29
1133 39
1134 38
1135 38
1136 36
1137 30
1138 32
1139 37
1140 23
1141 33
1142 34
1143 36
1144 31
1145 31
1146 29
1147 29
1148 31
1149 32
1150 23
1151 27
1152 42
1153 35
1154 30
1155 32
1156 34
1157 32
1158 38
1159 30
1160 34
1161 35
1162 40
1163 44
1164 26
1165 26
1166 22
1167 20
1168 27
1169 43
1170 47
1171 41
1172 38
1173 37
1174 31
1175 30
1176 22
1177 29
1178 26
1179 38
1180 43
1181 35
1182 32
1183 37
1184 31
1185 36
1186 30
1187 42
1188 34
1189 16
1190 27
1191 26
1192 36
1193 22
1194 28
1195 30
1196 20
1197 33
1198 36
1199 35
1200 26
1201 41
1202 47
1203 27
1204 32
1205 30
1206 36
1207 28
1208 24
1209 44
1210 35
1211 22
1212 30
1213 33
1214 24
1215 31
1216 33
1217 37
1218 41
1219 42
1220 39
1221 30
1222 43
1223 51
1224 48
1225 71
1226 76
1227 70
1228 56
1229 63
1230 67
1231 75
1232 90
1233 94
1234 57
1235 77
1236 82
1237 71
1238 51
1239 64
1240 56
1241 48
1242 40
1243 36
1244 46
1245 27
1246 33
1247 34
1248 20
1249 32
1250 34
1251 27
1252 27
1253 38
1254 36
1255 32
1256 36
1257 32
1258 37
1259 28
1260 27
1261 23
1262 30
1263 28
1264 21
1265 31
1266 30
1267 14
1268 31
1269 22
1270 20
1271 24
1272 15
1273 23
1274 16
1275 11
1276 13
1277 19
1278 18
1279 16
1280 25
1281 28
1282 27
1283 29
1284 21
1285 27
1286 20
1287 36
1288 31
1289 27
1290 24
1291 25
1292 23
1293 28
1294 35
1295 43
1296 36
1297 28
1298 34
1299 50
1300 44
1301 54
1302 35
1303 37
1304 42
1305 46
1306 49
1307 35
1308 50
1309 40
1310 44
1311 28
1312 22
1313 30
1314 37
1315 30
1316 24
1317 28
1318 34
1319 18
1320 17
1321 16
1322 20
1323 22
1324 25
1325 21
1326 21
1327 20
1328 31
1329 29
1330 30
1331 27
1332 28
1333 26
1334 24
1335 18
1336 26
1337 26
1338 23
1339 20
1340 25
1341 27
1342 22
1343 24
1344 20
1345 21
1346 25
1347 24
1348 30
1349 20
1350 26
1351 17
1352 18
1353 22
1354 16
1355 26
1356 22
1357 27
1358 22
1359 20
1360 16
1361 26
1362 27
1363 31
1364 26
1365 28
1366 27
1367 22
1368 35
1369 40
1370 37
1371 43
1372 52
1373 43
1374 71
1375 62
1376 70
1377 55
1378 81
1379 96
1380 99
1381 131
1382 151
1383 158
1384 177
1385 198
1386 276
1387 264
1388 339
1389 414
1390 335
1391 244
1392 208
1393 197
1394 212
1395 154
1396 134
1397 78
1398 100
1399 60
1400 53
1401 56
1402 48
1403 34
1404 37
1405 33
1406 20
1407 25
1408 28
1409 29
1410 28
1411 26
1412 22
1413 30
1414 25
1415 24
1416 28
1417 19
1418 25
1419 25
1420 24
1421 25
1422 24
1423 21
1424 17
1425 23
1426 29
1427 19
1428 21
1429 21
1430 15
1431 24
1432 22
1433 16
1434 16
1435 15
1436 23
1437 21
1438 24
1439 27
1440 19
1441 17
1442 17
1443 20
1444 26
1445 24
1446 20
1447 22
1448 26
1449 23
1450 31
1451 28
1452 23
1453 20
1454 17
1455 23
1456 23
1457 13
1458 22
1459 20
1460 22
1461 18
1462 24
1463 35
1464 21
1465 24
1466 15
1467 18
1468 24
1469 25
1470 26
1471 22
1472 18
1473 27
1474 21
1475 23
1476 27
1477 21
1478 26
1479 26
1480 22
1481 20
1482 28
1483 21
1484 30
1485 23
1486 23
1487 23
1488 18
1489 24
1490 18
1491 19
1492 21
1493 17
1494 23
1495 24
1496 15
1497 28
1498 18
1499 20
1500 25
1501 24
1502 26
1503 20
1504 19
1505 19
1506 23
1507 20
1508 25
1509 20
1510 21
1511 18
1512 14
1513 22
1514 15
1515 24
1516 21
1517 20
1518 20
1519 24
1520 25
1521 23
1522 21
1523 17
1524 20
1525 25
1526 22
1527 18
1528 28
1529 20
1530 20
1531 22
1532 26
1533 30
1534 18
1535 16
1536 18
1537 23
1538 31
1539 25
1540 18
1541 16
1542 19
1543 21
1544 17
1545 21
1546 26
1547 20
1548 18
1549 18
1550 16
1551 19
1552 21
1553 24
1554 20
1555 18
1556 20
1557 23
1558 26
1559 17
1560 24
1561 19
1562 17
1563 27
1564 26
1565 11
1566 14
1567 19
1568 22
1569 20
1570 19
1571 17
1572 11
1573 23
1574 20
1575 18
1576 17
1577 15
1578 27
1579 12
1580 18
1581 19
1582 29
1583 17
1584 16
1585 25
1586 16
1587 16
1588 12
1589 25
1590 31
1591 15
1592 24
1593 17
1594 26
1595 17
1596 19
1597 19
1598 18
1599 28
1600 23
1601 18
1602 15
1603 22
1604 21
1605 21
1606 24
1607 20
1608 17
1609 17
1610 21
1611 21
1612 13
1613 20
1614 11
1615 20
1616 11
1617 20
1618 23
1619 14
1620 16
1621 25
1622 15
1623 21
1624 12
1625 17
1626 29
1627 17
1628 24
1629 21
1630 23
1631 9
1632 19
1633 26
1634 14
1635 13
1636 22
1637 10
1638 18
1639 16
1640 17
1641 23
1642 16
1643 17
1644 23
1645 20
1646 18
1647 25
1648 16
1649 22
1650 18
1651 29
1652 23
1653 20
1654 22
1655 21
1656 18
1657 19
1658 18
1659 30
1660 20
1661 24
1662 22
1663 16
1664 18
1665 18
1666 17
1667 18
1668 26
1669 21
1670 22
1671 19
1672 13
1673 23
1674 14
1675 13
1676 19
1677 18
1678 19
1679 24
1680 26
1681 13
1682 16
1683 16
1684 25
1685 18
1686 17
1687 16
1688 22
1689 19
1690 16
1691 13
1692 19
1693 18
1694 20
1695 23
1696 26
1697 17
1698 20
1699 15
1700 18
1701 14
1702 16
1703 15
1704 19
1705 24
1706 14
1707 17
1708 17
1709 17
1710 17
1711 18
1712 18
1713 28
1714 19
1715 19
1716 18
1717 16
1718 11
1719 15
1720 19
1721 16
1722 9
1723 11
1724 16
1725 17
1726 20
1727 17
1728 16
1729 19
1730 15
1731 16
1732 19
1733 31
1734 14
1735 12
1736 17
1737 19
1738 13
1739 21
1740 18
1741 23
1742 24
1743 17
1744 15
1745 15
1746 25
1747 19
1748 20
1749 17
1750 13
1751 20
1752 19
1753 21
1754 13
1755 18
1756 20
1757 16
1758 16
1759 16
1760 17
1761 16
1762 23
1763 18
1764 25
1765 16
1766 14
1767 16
1768 18
1769 22
1770 18
1771 19
1772 17
1773 17
1774 16
1775 19
1776 23
1777 14
1778 19
1779 21
1780 19
1781 13
1782 22
1783 23
1784 17
1785 18
1786 14
1787 18
1788 17
1789 23
1790 24
1791 19
1792 24
1793 22
1794 19
1795 21
1796 26
1797 27
1798 17
1799 21
1800 22
1801 20
1802 15
1803 26
1804 26
1805 26
1806 23
1807 19
1808 27
1809 22
1810 14
1811 19
1812 20
1813 20
1814 21
1815 17
1816 11
1817 13
1818 21
1819 18
1820 20
1821 18
1822 24
1823 16
1824 17
1825 12
1826 19
1827 12
1828 18
1829 17
1830 16
1831 22
1832 29
1833 26
1834 15
1835 22
1836 29
1837 32
1838 29
1839 20
1840 14
1841 29
1842 28
1843 29
1844 28
1845 27
1846 35
1847 52
1848 48
1849 42
1850 33
1851 49
1852 47
1853 50
1854 68
1855 62
1856 80
1857 88
1858 76
1859 105
1860 118
1861 108
1862 88
1863 64
1864 46
1865 47
1866 66
1867 70
1868 76
1869 50
1870 38
1871 38
1872 35
1873 27
1874 29
1875 20
1876 26
1877 19
1878 27
1879 23
1880 22
1881 12
1882 12
1883 15
1884 19
1885 10
1886 18
1887 15
1888 22
1889 12
1890 16
1891 26
1892 19
1893 13
1894 13
1895 10
1896 16
1897 19
1898 18
1899 17
1900 9
1901 13
1902 19
1903 17
1904 21
1905 22
1906 23
1907 16
1908 14
1909 10
1910 13
1911 17
1912 14
1913 17
1914 27
1915 20
1916 16
1917 11
1918 10
1919 13
1920 24
1921 20
1922 22
1923 17
1924 21
1925 18
1926 22
1927 17
1928 14
1929 12
1930 21
1931 27
1932 19
1933 11
1934 25
1935 16
1936 21
1937 18
1938 22
1939 19
1940 15
1941 20
1942 20
1943 21
1944 27
1945 21
1946 23
1947 18
1948 17
1949 11
1950 17
1951 10
1952 12
1953 19
1954 18
1955 18
1956 16
1957 14
1958 18
1959 11
1960 10
1961 18
1962 17
1963 15
1964 10
1965 17
1966 12
1967 19
1968 8
1969 22
1970 13
1971 27
1972 18
1973 20
1974 21
1975 15
1976 19
1977 18
1978 17
1979 17
1980 13
1981 23
1982 18
1983 18
1984 16
1985 16
1986 19
1987 14
1988 15
1989 12
1990 9
1991 17
1992 14
1993 14
1994 14
1995 12
1996 17
1997 17
1998 17
1999 12
2000 21
2001 14
2002 23
2003 21
2004 13
2005 16
2006 15
2007 18
2008 24
2009 20
2010 25
2011 10
2012 26
2013 17
2014 22
2015 17
2016 14
2017 11
2018 22
2019 13
2020 17
2021 17
2022 15
2023 19
2024 17
2025 16
2026 10
2027 25
2028 18
2029 26
2030 14
2031 21
2032 17
2033 13
2034 20
2035 15
2036 13
2037 22
2038 18
2039 13
2040 11
2041 20
2042 17
2043 8
2044 16
2045 18
2046 10
2047 24
2048 21
2049 16
2050 20
2051 18
2052 13
2053 16
2054 16
2055 16
2056 18
2057 20
2058 12
2059 17
2060 16
2061 15
2062 21
2063 20
2064 9
2065 16
2066 19
2067 16
2068 12
2069 16
2070 18
2071 10
2072 17
2073 18
2074 18
2075 16
2076 17
2077 24
2078 29
2079 11
2080 18
2081 15
2082 16
2083 18
2084 23
2085 15
2086 16
2087 23
2088 20
2089 23
2090 20
2091 23
2092 38
2093 44
2094 22
2095 45
2096 52
2097 64
2098 58
2099 52
2100 82
2101 105
2102 127
2103 118
2104 119
2105 136
2106 165
2107 193
2108 202
2109 212
2110 229
2111 264
2112 268
2113 343
2114 300
2115 299
2116 351
2117 371
2118 490
2119 475
2120 482
2121 408
2122 347
2123 387
2124 403
2125 284
2126 243
2127 217
2128 175
2129 163
2130 145
2131 131
2132 104
2133 76
2134 67
2135 95
2136 61
2137 51
2138 33
2139 36
2140 32
2141 22
2142 29
2143 18
2144 23
2145 19
2146 23
2147 17
2148 15
2149 20
2150 14
2151 16
2152 15
2153 26
2154 17
2155 14
2156 20
2157 8
2158 26
2159 18
2160 16
2161 12
2162 22
2163 16
2164 16
2165 16
2166 18
2167 18
2168 10
2169 6
2170 15
2171 11
2172 21
2173 12
2174 14
2175 14
2176 16
2177 14
2178 9
2179 12
2180 17
2181 27
2182 11
2183 16
2184 17
2185 15
2186 15
2187 17
2188 20
2189 14
2190 13
2191 19
2192 9
2193 12
2194 20
2195 14
2196 10
2197 17
2198 20
2199 13
2200 14
2201 17
2202 16
2203 12
2204 12
2205 19
2206 15
2207 17
2208 17
2209 14
2210 21
2211 14
2212 21
2213 8
2214 12
2215 14
2216 21
2217 17
2218 15
2219 21
2220 16
2221 10
2222 17
2223 17
2224 13
2225 9
2226 14
2227 15
2228 14
2229 22
2230 15
2231 15
2232 21
2233 19
2234 13
2235 16
2236 18
2237 22
2238 17
2239 17
2240 20
2241 14
2242 24
2243 9
2244 18
2245 20
2246 19
2247 21
2248 22
2249 10
2250 19
2251 22
2252 9
2253 21
2254 17
2255 16
2256 13
2257 20
2258 9
2259 17
2260 16
2261 13
2262 11
2263 17
2264 10
2265 9
2266 16
2267 10
2268 16
2269 15
2270 12
2271 11
2272 15
2273 14
2274 10
2275 8
2276 11
2277 18
2278 12
2279 16
2280 22
2281 15
2282 11
2283 10
2284 10
2285 16
2286 10
2287 11
2288 18
2289 16
2290 11
2291 17
2292 12
2293 17
2294 15
2295 24
2296 21
2297 22
2298 12
2299 19
2300 22
2301 15
2302 24
2303 22
2304 19
2305 24
2306 34
2307 35
2308 29
2309 24
2310 29
2311 39
2312 42
2313 72
2314 44
2315 52
2316 51
2317 45
2318 54
2319 47
2320 54
2321 62
2322 50
2323 65
2324 75
2325 93
2326 82
2327 82
2328 79
2329 66
2330 63
2331 65
2332 64
2333 70
2334 81
2335 65
2336 57
2337 43
2338 45
2339 31
2340 26
2341 20
2342 33
2343 30
2344 36
2345 25
2346 15
2347 15
2348 16
2349 21
2350 17
2351 15
2352 8
2353 12
2354 18
2355 7
2356 11
2357 12
2358 11
2359 21
2360 17
2361 13
2362 14
2363 8
2364 18
2365 17
2366 16
2367 14
2368 13
2369 16
2370 12
2371 17
2372 10
2373 11
2374 13
2375 13
2376 14
2377 13
2378 16
2379 13
2380 11
2381 13
2382 10
2383 10
2384 12
2385 8
2386 13
2387 9
2388 15
2389 9
2390 9
2391 14
2392 10
2393 9
2394 13
2395 14
2396 11
2397 19
2398 10
2399 13
2400 17
2401 12
2402 15
2403 19
2404 14
2405 12
2406 13
2407 14
2408 12
2409 9
2410 17
2411 15
2412 19
2413 15
2414 11
2415 13
2416 3
2417 10
2418 13
2419 16
2420 12
2421 9
2422 9
2423 9
2424 16
2425 13
2426 16
2427 12
2428 13
2429 11
2430 11
2431 10
2432 9
2433 18
2434 14
2435 8
2436 12
2437 13
2438 10
2439 14
2440 10
2441 13
2442 15
2443 11
2444 8
2445 10
2446 11
2447 15
2448 12
2449 14
2450 12
2451 11
2452 12
2453 14
2454 11
2455 16
2456 13
2457 16
2458 11
2459 13
2460 9
2461 15
2462 8
2463 15
2464 9
2465 17
2466 14
2467 5
2468 14
2469 11
2470 12
2471 11
2472 9
2473 13
2474 12
2475 11
2476 7
2477 10
2478 12
2479 8
2480 13
2481 12
2482 6
2483 11
2484 12
2485 12
2486 14
2487 10
2488 12
2489 15
2490 10
2491 16
2492 14
2493 10
2494 12
2495 10
2496 13
2497 14
2498 15
2499 15
2500 13
2501 10
2502 14
2503 8
2504 15
2505 11
2506 8
2507 7
2508 9
2509 11
2510 12
2511 11
2512 10
2513 6
2514 14
2515 15
2516 16
2517 11
2518 7
2519 9
2520 12
2521 17
2522 13
2523 12
2524 15
2525 8
2526 9
2527 11
2528 7
2529 12
2530 13
2531 13
2532 15
2533 13
2534 20
2535 12
2536 17
2537 12
2538 12
2539 8
2540 11
2541 10
2542 12
2543 10
2544 17
2545 9
2546 15
2547 14
2548 14
2549 17
2550 11
2551 15
2552 12
2553 10
2554 15
2555 16
2556 12
2557 17
2558 9
2559 15
