0 42
1 33
2 30
3 33
4 34
5 24
6 26
7 27
8 20
9 27
10 24
11 33
12 28
13 27
14 38
15 35
16 23
17 29
18 38
19 33
20 26
21 38
22 22
23 37
24 45
25 29
26 30
27 33
28 32
29 27
30 24
31 28
32 33
33 28
34 40
35 27
36 31
37 30
38 25
39 25
40 32
41 24
42 17
43 28
44 37
45 33
46 22
47 25
48 30
49 24
50 25
51 34
52 24
53 33
54 34
55 40
56 30
57 37
58 29
59 20
60 30
61 38
62 20
63 36
64 31
65 44
66 40
67 23
68 39
69 33
70 35
71 26
72 34
73 39
74 27
75 35
76 24
77 30
78 32
79 21
80 30
81 25
82 34
83 40
84 30
85 23
86 36
87 30
88 34
89 35
90 35
91 26
92 27
93 26
94 27
95 31
96 25
97 37
98 26
99 27
100 28
101 22
102 27
103 35
104 29
105 27
106 26
107 24
108 30
109 39
110 32
111 42
112 32
113 34
114 29
115 30
116 35
117 29
118 41
119 31
120 31
121 30
122 19
123 33
124 27
125 32
126 36
127 36
128 28
129 33
130 31
131 36
132 39
133 35
134 32
135 40
136 25
137 25
138 35
139 35
140 35
141 43
142 30
143 39
144 42
145 30
146 47
147 24
148 38
149 32
150 28
151 24
152 48
153 35
154 33
155 36
156 27
157 31
158 29
159 38
160 27
161 25
162 36
163 39
164 24
165 38
166 28
167 21
168 36
169 37
170 42
171 24
172 29
173 26
174 38
175 33
176 34
177 35
178 49
179 37
180 29
181 41
182 32
183 38
184 28
185 42
186 41
187 27
188 31
189 34
190 43
191 35
192 38
193 32
194 33
195 33
196 25
197 26
198 35
199 31
200 39
201 48
202 38
203 32
204 35
205 33
206 31
207 25
208 38
209 47
210 32
211 30
212 39
213 33
214 21
215 32
216 30
217 28
218 36
219 32
220 30
221 32
222 43
223 39
224 33
225 25
226 37
227 32
228 30
229 35
230 30
231 32
232 45
233 43
234 36
235 42
236 25
237 34
238 32
239 43
240 36
241 39
242 37
243 30
244 34
245 41
246 42
247 36
248 29
249 30
250 45
251 25
252 37
253 27
254 37
255 36
256 34
257 42
258 32
259 32
260 41
261 45
262 38
263 46
264 31
265 28
266 41
267 41
268 31
269 26
270 35
271 35
272 28
273 32
274 36
275 28
276 26
277 36
278 38
279 45
280 53
281 52
282 33
283 33
284 35
285 37
286 39
287 33
288 35
289 34
290 29
291 38
292 32
293 35
294 30
295 42
296 40
297 23
298 27
299 37
300 30
301 24
302 31
303 23
304 35
305 48
306 30
307 42
308 33
309 30
310 37
311 39
312 33
313 36
314 52
315 30
316 34
317 40
318 35
319 27
320 40
321 41
322 37
323 29
324 32
325 29
326 33
327 43
328 41
329 36
330 48
331 28
332 39
333 32
334 32
335 39
336 42
337 39
338 33
339 29
340 33
341 39
342 28
343 42
344 42
345 34
346 36
347 47
348 44
349 34
350 41
351 31
352 29
353 50
354 36
355 38
356 33
357 43
358 31
359 31
360 48
361 45
362 29
363 34
364 46
365 39
366 32
367 39
368 35
369 36
370 42
371 34
372 28
373 33
374 39
375 49
376 26
377 35
378 33
379 39
380 36
381 36
382 30
383 40
384 43
385 39
386 37
387 41
388 44
389 32
390 32
391 40
392 35
393 31
394 36
395 39
396 28
397 44
398 28
399 43
400 39
401 38
402 50
403 37
404 32
405 25
406 34
407 43
408 37
409 32
410 42
411 34
412 49
413 40
414 39
415 40
416 34
417 42
418 40
419 44
420 34
421 44
422 45
423 37
424 50
425 31
426 39
427 37
428 34
429 35
430 29
431 50
432 42
433 42
434 47
435 42
436 43
437 38
438 45
439 29
440 42
441 42
442 34
443 38
444 31
445 48
446 41
447 47
448 30
449 37
450 30
451 44
452 43
453 28
454 36
455 41
456 28
457 28
458 38
459 49
460 30
461 47
462 44
463 33
464 46
465 43
466 33
467 40
468 52
469 46
470 32
471 35
472 50
473 43
474 30
475 40
476 38
477 46
478 40
479 40
480 28
481 31
482 42
483 43
484 40
485 25
486 39
487 39
488 39
489 37
490 28
491 37
492 35
493 43
494 36
495 29
496 37
497 40
498 33
499 35
500 34
501 42
502 28
503 38
504 59
505 39
506 38
507 35
508 34
509 37
510 35
511 38
512 43
513 25
514 32
515 40
516 50
517 44
518 40
519 39
520 49
521 41
522 47
523 39
524 36
525 43
526 39
527 48
528 41
529 50
530 50
531 55
532 48
533 43
534 55
535 53
536 53
537 58
538 60
539 82
540 73
541 73
542 70
543 58
544 56
545 67
546 106
547 102
548 121
549 105
550 106
551 95
552 84
553 107
554 84
555 120
556 117
557 103
558 81
559 53
560 46
561 50
562 40
563 46
564 50
565 29
566 38
567 41
568 37
569 43
570 32
571 43
572 34
573 42
574 40
575 33
576 41
577 42
578 44
579 46
580 33
581 44
582 52
583 44
584 41
585 39
586 48
587 42
588 43
589 31
590 35
591 55
592 47
593 28
594 32
595 48
596 36
597 39
598 57
599 38
600 37
601 35
602 33
603 42
604 38
605 38
606 41
607 38
608 51
609 42
610 38
611 52
612 43
613 35
614 39
615 34
616 44
617 44
618 35
619 46
620 42
621 41
622 35
623 27
624 34
625 36
626 35
627 46
628 40
629 36
630 33
631 32
632 37
633 37
634 39
635 42
636 38
637 34
638 33
639 35
640 46
641 36
642 41
643 35
644 47
645 42
646 38
647 40
648 40
649 31
650 34
651 39
652 44
653 48
654 42
655 42
656 44
657 34
658 49
659 36
660 39
661 47
662 46
663 33
664 36
665 45
666 33
667 45
668 38
669 33
670 43
671 37
672 56
673 47
674 37
675 48
676 46
677 52
678 49
679 39
680 31
681 31
682 42
683 37
684 34
685 35
686 41
687 48
688 38
689 40
690 41
691 31
692 47
693 42
694 34
695 41
696 34
697 38
698 30
699 40
700 43
701 42
702 35
703 44
704 31
705 40
706 39
707 38
708 23
709 44
710 35
711 31
712 32
713 35
714 39
715 31
716 30
717 36
718 45
719 41
720 33
721 49
722 29
723 41
724 27
725 25
726 38
727 38
728 49
729 33
730 38
731 30
732 38
733 41
734 39
735 32
736 30
737 40
738 35
739 48
740 30
741 54
742 31
743 45
744 44
745 35
746 45
747 32
748 46
749 38
750 33
751 20
752 35
753 33
754 44
755 33
756 36
757 44
758 40
759 42
760 50
761 38
762 37
763 39
764 40
765 38
766 38
767 37
768 41
769 30
770 26
771 35
772 29
773 37
774 30
775 51
776 43
777 52
778 39
779 38
780 38
781 34
782 40
783 43
784 47
785 42
786 30
787 35
788 39
789 42
790 38
791 32
792 31
793 32
794 32
795 34
796 36
797 45
798 47
799 34
800 32
801 35
802 36
803 32
804 41
805 37
806 37
807 40
808 40
809 30
810 49
811 37
812 36
813 39
814 39
815 30
816 38
817 27
818 29
819 36
820 42
821 34
822 44
823 31
824 35
825 49
826 27
827 41
828 41
829 40
830 34
831 41
832 37
833 40
834 38
835 32
836 35
837 30
838 36
839 35
840 43
841 42
842 34
843 34
844 28
845 30
846 33
847 30
848 46
849 42
850 29
851 42
852 32
853 41
854 44
855 33
856 37
857 28
858 32
859 37
860 28
861 35
862 28
863 47
864 40
865 39
866 24
867 30
868 35
869 27
870 43
871 40
872 39
873 46
874 33
875 32
876 33
877 36
878 26
879 37
880 33
881 38
882 31
883 34
884 27
885 46
886 34
887 39
888 43
889 39
890 44
891 36
892 40
893 37
894 38
895 43
896 31
897 36
898 41
899 30
900 35
901 27
902 31
903 37
904 42
905 28
906 44
907 33
908 24
909 39
910 36
911 38
912 46
913 40
914 32
915 24
916 40
917 40
918 39
919 41
920 27
921 47
922 36
923 42
924 41
925 35
926 34
927 37
928 33
929 34
930 38
931 42
932 41
933 28
934 36
935 39
936 38
937 30
938 44
939 28
940 26
941 31
942 39
943 31
944 54
945 31
946 32
947 29
948 34
949 26
950 33
951 35
952 29
953 36
954 24
955 40
956 32
957 30
958 36
959 25
960 30
961 35
962 36
963 34
964 41
965 36
966 34
967 35
968 38
969 25
970 28
971 36
972 32
973 27
974 33
975 29
976 43
977 33
978 33
979 39
980 32
981 34
982 25
983 28
984 32
985 34
986 33
987 33
988 27
989 35
990 25
991 33
992 41
993 34
994 32
995 37
996 28
997 31
998 29
999 27
1000 38
1001 46
1002 41
1003 45
1004 45
1005 27
1006 39
1007 37
1008 41
1009 26
1010 43
1011 44
1012 52
1013 30
1014 31
1015 36
1016 36
1017 38
1018 37
1019 37
1020 34
1021 33
1022 39
1023 31
1024 39
1025 41
1026 43
1027 24
1028 25
1029 29
1030 31
1031 45
1032 33
1033 29
1034 36
1035 41
1036 38
1037 30
1038 39
1039 44
1040 34
1041 34
1042 31
1043 36
1044 35
1045 45
1046 49
1047 60
1048 61
1049 48
1050 55
1051 64
1052 62
1053 103
1054 103
1055 125
1056 127
1057 145
1058 150
1059 184
1060 212
1061 227
1062 270
1063 394
1064 460
1065 483
1066 427
1067 414
1068 391
1069 429
1070 476
1071 557
1072 562
1073 569
1074 454
1075 381
1076 266
1077 280
1078 217
1079 168
1080 97
1081 97
1082 81
1083 63
1084 45
1085 38
1086 43
1087 28
1088 45
1089 42
1090 37
1091 38
1092 36
1093 30
1094 29
1095 29
1096 29
1097 38
1098 31
1099 20
1100 35
1101 33
1102 28
1103 40
1104 42
1105 34
1106 43
1107 39
1108 28
1109 29
1110 38
1111 32
1112 38
1113 36
1114 28
1115 29
1116 28
1117 26
1118 38
1119 47
1120 39
1121 29
1122 38
1123 31
1124 32
1125 32
1126 27
1127 34
1128 34
1129 34
1130 31
1131 36
1132 25
1133 25
1134 31
1135 31
1136 34
1137 32
1138 31
1139 35
1140 30
1141 28
1142 26
1143 36
1144 35
1145 34
1146 33
1147 31
1148 33
1149 33
1150 40
1151 37
1152 30
1153 31
1154 30
1155 33
1156 56
1157 33
1158 36
1159 22
1160 38
1161 41
1162 47
1163 36
1164 45
1165 27
1166 26
1167 35
1168 50
1169 36
1170 34
1171 32
1172 30
1173 28
1174 36
1175 33
1176 38
1177 29
1178 28
1179 34
1180 29
1181 36
1182 37
1183 40
1184 42
1185 30
1186 23
1187 38
1188 34
1189 41
1190 31
1191 31
1192 38
1193 49
1194 27
1195 33
1196 36
1197 43
1198 53
1199 59
1200 76
1201 57
1202 57
1203 74
1204 63
1205 75
1206 67
1207 96
1208 83
1209 86
1210 86
1211 90
1212 66
1213 45
1214 48
1215 57
1216 36
1217 29
1218 48
1219 37
1220 26
1221 41
1222 31
1223 30
1224 37
1225 31
1226 39
1227 29
1228 33
1229 30
1230 27
1231 26
1232 31
1233 33
1234 25
1235 33
1236 32
1237 43
1238 26
1239 26
1240 29
1241 22
1242 32
1243 33
1244 32
1245 35
1246 34
1247 36
1248 22
1249 27
1250 34
1251 27
1252 25
1253 22
1254 24
1255 25
1256 25
1257 28
1258 36
1259 37
1260 31
1261 28
1262 38
1263 36
1264 24
1265 35
1266 35
1267 34
1268 24
1269 33
1270 25
1271 31
1272 23
1273 16
1274 17
1275 20
1276 30
1277 21
1278 18
1279 19
1280 36
1281 56
1282 33
1283 36
1284 38
1285 35
1286 25
1287 25
1288 23
1289 27
1290 19
1291 25
1292 20
1293 29
1294 27
1295 22
1296 24
1297 25
1298 33
1299 28
1300 23
1301 19
1302 28
1303 23
1304 23
1305 27
1306 27
1307 26
1308 17
1309 21
1310 18
1311 29
1312 26
1313 28
1314 31
1315 17
1316 25
1317 26
1318 27
1319 20
1320 33
1321 26
1322 30
1323 26
1324 24
1325 17
1326 22
1327 24
1328 22
1329 36
1330 25
1331 16
1332 31
1333 31
1334 27
1335 21
1336 29
1337 27
1338 25
1339 34
1340 35
1341 27
1342 40
1343 47
1344 50
1345 53
1346 61
1347 85
1348 91
1349 91
1350 88
1351 108
1352 114
1353 136
1354 132
1355 209
1356 230
1357 234
1358 296
1359 278
1360 210
1361 144
1362 159
1363 147
1364 145
1365 172
1366 229
1367 204
1368 150
1369 128
1370 96
1371 87
1372 57
1373 58
1374 48
1375 42
1376 40
1377 25
1378 30
1379 29
1380 22
1381 19
1382 26
1383 28
1384 21
1385 20
1386 24
1387 34
1388 25
1389 23
1390 19
1391 25
1392 29
1393 26
1394 27
1395 25
1396 20
1397 20
1398 16
1399 24
1400 22
1401 24
1402 25
1403 23
1404 16
1405 30
1406 28
1407 18
1408 29
1409 23
1410 28
1411 31
1412 26
1413 23
1414 23
1415 28
1416 25
1417 23
1418 25
1419 22
1420 21
1421 24
1422 31
1423 26
1424 24
1425 19
1426 21
1427 25
1428 25
1429 32
1430 15
1431 23
1432 17
1433 23
1434 20
1435 28
1436 18
1437 23
1438 18
1439 29
1440 13
1441 25
1442 12
1443 28
1444 26
1445 28
1446 13
1447 20
1448 31
1449 26
1450 27
1451 23
1452 24
1453 19
1454 21
1455 24
1456 15
1457 24
1458 26
1459 23
1460 15
1461 16
1462 22
1463 21
1464 21
1465 18
1466 18
1467 22
1468 15
1469 28
1470 15
1471 28
1472 19
1473 18
1474 24
1475 20
1476 23
1477 20
1478 27
1479 23
1480 15
1481 17
1482 20
1483 19
1484 17
1485 25
1486 22
1487 31
1488 20
1489 17
1490 21
1491 15
1492 23
1493 21
1494 23
1495 30
1496 23
1497 15
1498 16
1499 15
1500 19
1501 25
1502 21
1503 16
1504 23
1505 16
1506 21
1507 28
1508 21
1509 27
1510 23
1511 16
1512 18
1513 28
1514 27
1515 21
1516 14
1517 23
1518 23
1519 15
1520 23
1521 22
1522 17
1523 22
1524 14
1525 25
1526 12
1527 16
1528 19
1529 30
1530 24
1531 30
1532 32
1533 19
1534 22
1535 16
1536 26
1537 23
1538 26
1539 30
1540 15
1541 23
1542 18
1543 23
1544 21
1545 18
1546 25
1547 22
1548 22
1549 23
1550 21
1551 10
1552 24
1553 26
1554 28
1555 21
1556 15
1557 19
1558 17
1559 22
1560 18
1561 21
1562 22
1563 16
1564 15
1565 16
1566 19
1567 16
1568 16
1569 23
1570 19
1571 18
1572 19
1573 18
1574 21
1575 18
1576 28
1577 19
1578 25
1579 18
1580 15
1581 13
1582 17
1583 18
1584 18
1585 19
1586 16
1587 17
1588 18
1589 17
1590 19
1591 17
1592 22
1593 18
1594 26
1595 21
1596 23
1597 26
1598 22
1599 16
1600 17
1601 29
1602 16
1603 25
1604 14
1605 16
1606 12
1607 15
1608 20
1609 20
1610 18
1611 14
1612 17
1613 20
1614 21
1615 20
1616 23
1617 17
1618 19
1619 20
1620 22
1621 27
1622 23
1623 23
1624 25
1625 24
1626 23
1627 20
1628 23
1629 21
1630 19
1631 17
1632 21
1633 15
1634 15
1635 28
1636 17
1637 20
1638 18
1639 23
1640 18
1641 14
1642 19
1643 16
1644 13
1645 23
1646 24
1647 18
1648 22
1649 14
1650 18
1651 15
1652 17
1653 20
1654 26
1655 21
1656 15
1657 24
1658 24
1659 23
1660 20
1661 20
1662 21
1663 13
1664 16
1665 29
1666 18
1667 20
1668 21
1669 21
1670 21
1671 16
1672 16
1673 13
1674 26
1675 19
1676 17
1677 20
1678 17
1679 19
1680 31
1681 14
1682 20
1683 11
1684 25
1685 20
1686 25
1687 15
1688 21
1689 20
1690 22
1691 19
1692 20
1693 27
1694 18
1695 30
1696 32
1697 23
1698 17
1699 18
1700 13
1701 17
1702 12
1703 22
1704 18
1705 23
1706 17
1707 21
1708 24
1709 16
1710 21
1711 16
1712 14
1713 12
1714 15
1715 16
1716 21
1717 20
1718 12
1719 18
1720 15
1721 20
1722 15
1723 21
1724 20
1725 14
1726 12
1727 23
1728 21
1729 17
1730 25
1731 18
1732 19
1733 25
1734 19
1735 14
1736 22
1737 6
1738 20
1739 19
1740 19
1741 12
1742 23
1743 17
1744 28
1745 17
1746 27
1747 12
1748 18
1749 26
1750 23
1751 14
1752 20
1753 18
1754 19
1755 21
1756 14
1757 21
1758 11
1759 23
1760 20
1761 17
1762 15
1763 20
1764 16
1765 27
1766 21
1767 19
1768 17
1769 22
1770 23
1771 23
1772 23
1773 17
1774 22
1775 19
1776 19
1777 20
1778 18
1779 15
1780 22
1781 9
1782 17
1783 21
1784 15
1785 22
1786 24
1787 19
1788 14
1789 23
1790 20
1791 21
1792 28
1793 14
1794 19
1795 21
1796 18
1797 16
1798 19
1799 19
1800 17
1801 20
1802 22
1803 30
1804 34
1805 39
1806 36
1807 28
1808 47
1809 38
1810 43
1811 41
1812 53
1813 55
1814 66
1815 58
1816 49
1817 60
1818 67
1819 65
1820 65
1821 71
1822 61
1823 65
1824 99
1825 103
1826 99
1827 84
1828 122
1829 101
1830 80
1831 76
1832 79
1833 51
1834 43
1835 54
1836 56
1837 54
1838 57
1839 39
1840 34
1841 26
1842 22
1843 25
1844 19
1845 18
1846 10
1847 10
1848 25
1849 23
1850 17
1851 23
1852 23
1853 18
1854 20
1855 16
1856 12
1857 22
1858 14
1859 17
1860 26
1861 12
1862 12
1863 18
1864 14
1865 26
1866 22
1867 20
1868 19
1869 13
1870 14
1871 15
1872 19
1873 16
1874 13
1875 17
1876 14
1877 15
1878 26
1879 20
1880 13
1881 11
1882 14
1883 18
1884 15
1885 18
1886 23
1887 20
1888 18
1889 20
1890 22
1891 18
1892 16
1893 14
1894 21
1895 15
1896 14
1897 21
1898 16
1899 19
1900 21
1901 23
1902 21
1903 17
1904 17
1905 17
1906 19
1907 15
1908 24
1909 18
1910 18
1911 15
1912 14
1913 14
1914 12
1915 15
1916 18
1917 12
1918 17
1919 13
1920 23
1921 18
1922 14
1923 25
1924 20
1925 22
1926 28
1927 22
1928 13
1929 20
1930 20
1931 18
1932 16
1933 19
1934 25
1935 13
1936 16
1937 17
1938 30
1939 17
1940 15
1941 20
1942 8
1943 22
1944 30
1945 13
1946 20
1947 15
1948 25
1949 19
1950 14
1951 16
1952 12
1953 16
1954 18
1955 18
1956 17
1957 26
1958 17
1959 15
1960 19
1961 12
1962 18
1963 9
1964 17
1965 13
1966 17
1967 14
1968 23
1969 33
1970 13
1971 20
1972 18
1973 18
1974 19
1975 18
1976 14
1977 18
1978 24
1979 19
1980 16
1981 14
1982 20
1983 20
1984 18
1985 18
1986 12
1987 17
1988 15
1989 20
1990 21
1991 23
1992 18
1993 24
1994 15
1995 9
1996 17
1997 16
1998 22
1999 22
2000 26
2001 22
2002 21
2003 24
2004 18
2005 17
2006 14
2007 26
2008 19
2009 19
2010 14
2011 17
2012 16
2013 13
2014 15
2015 22
2016 21
2017 16
2018 17
2019 16
2020 18
2021 16
2022 17
2023 23
2024 19
2025 26
2026 14
2027 18
2028 11
2029 18
2030 16
2031 25
2032 13
2033 13
2034 17
2035 20
2036 20
2037 24
2038 19
2039 15
2040 19
2041 20
2042 20
2043 22
2044 20
2045 12
2046 18
2047 20
2048 19
2049 22
2050 30
2051 30
2052 22
2053 28
2054 35
2055 32
2056 33
2057 26
2058 49
2059 36
2060 53
2061 43
2062 69
2063 50
2064 53
2065 58
2066 63
2067 71
2068 121
2069 121
2070 137
2071 179
2072 192
2073 227
2074 227
2075 260
2076 358
2077 368
2078 431
2079 445
2080 400
2081 320
2082 377
2083 388
2084 356
2085 401
2086 391
2087 302
2088 280
2089 217
2090 190
2091 134
2092 145
2093 160
2094 139
2095 107
2096 70
2097 70
2098 47
2099 43
2100 41
2101 31
2102 25
2103 31
2104 32
2105 25
2106 28
2107 21
2108 26
2109 23
2110 21
2111 18
2112 19
2113 21
2114 24
2115 21
2116 19
2117 20
2118 20
2119 20
2120 6
2121 20
2122 17
2123 25
2124 19
2125 18
2126 11
2127 19
2128 12
2129 17
2130 16
2131 23
2132 20
2133 17
2134 15
2135 8
2136 14
2137 15
2138 17
2139 17
2140 15
2141 16
2142 11
2143 22
2144 13
2145 15
2146 19
2147 15
2148 10
2149 15
2150 15
2151 15
2152 14
2153 21
2154 14
2155 12
2156 11
2157 18
2158 15
2159 14
2160 14
2161 15
2162 12
2163 11
2164 12
2165 16
2166 12
2167 16
2168 14
2169 9
2170 18
2171 13
2172 13
2173 13
2174 12
2175 15
2176 10
2177 14
2178 14
2179 17
2180 19
2181 16
2182 14
2183 29
2184 25
2185 23
2186 20
2187 17
2188 19
2189 17
2190 19
2191 15
2192 13
2193 15
2194 22
2195 21
2196 20
2197 14
2198 13
2199 16
2200 18
2201 20
2202 12
2203 10
2204 16
2205 12
2206 12
2207 19
2208 13
2209 14
2210 18
2211 14
2212 12
2213 18
2214 20
2215 18
2216 15
2217 18
2218 20
2219 10
2220 14
2221 14
2222 7
2223 12
2224 13
2225 22
2226 12
2227 14
2228 14
2229 15
2230 17
2231 13
2232 16
2233 15
2234 12
2235 22
2236 11
2237 13
2238 13
2239 11
2240 16
2241 16
2242 15
2243 8
2244 19
2245 11
2246 21
2247 13
2248 18
2249 14
2250 13
2251 21
2252 19
2253 14
2254 20
2255 13
2256 25
2257 26
2258 18
2259 17
2260 29
2261 20
2262 21
2263 30
2264 24
2265 27
2266 26
2267 32
2268 36
2269 31
2270 33
2271 45
2272 44
2273 48
2274 41
2275 52
2276 54
2277 55
2278 51
2279 60
2280 66
2281 77
2282 78
2283 84
2284 92
2285 89
2286 84
2287 74
2288 71
2289 68
2290 54
2291 47
2292 71
2293 86
2294 82
2295 57
2296 38
2297 32
2298 46
2299 32
2300 47
2301 13
2302 27
2303 19
2304 21
2305 24
2306 18
2307 23
2308 14
2309 13
2310 17
2311 10
2312 8
2313 21
2314 15
2315 10
2316 18
2317 9
2318 9
2319 15
2320 11
2321 7
2322 14
2323 13
2324 6
2325 12
2326 15
2327 12
2328 18
2329 8
2330 14
2331 15
2332 16
2333 13
2334 15
2335 14
2336 12
2337 10
2338 12
2339 15
2340 20
2341 14
2342 7
2343 13
2344 23
2345 17
2346 16
2347 11
2348 10
2349 9
2350 14
2351 9
2352 8
2353 12
2354 11
2355 11
2356 15
2357 10
2358 17
2359 14
2360 18
2361 22
2362 8
2363 11
2364 11
2365 13
2366 13
2367 18
2368 18
2369 14
2370 10
2371 8
2372 12
2373 8
2374 12
2375 9
2376 12
2377 11
2378 9
2379 16
2380 19
2381 12
2382 16
2383 6
2384 19
2385 11
2386 9
2387 14
2388 11
2389 10
2390 10
2391 13
2392 14
2393 14
2394 18
2395 13
2396 12
2397 10
2398 8
2399 17
2400 15
2401 7
2402 19
2403 15
2404 16
2405 12
2406 20
2407 10
2408 12
2409 13
2410 18
2411 15
2412 8
2413 17
2414 15
2415 12
2416 6
2417 11
2418 24
2419 9
2420 20
2421 14
2422 20
2423 10
2424 14
2425 12
2426 16
2427 17
2428 13
2429 15
2430 13
2431 18
2432 13
2433 8
2434 10
2435 13
2436 14
2437 9
2438 8
2439 7
2440 11
2441 15
2442 10
2443 8
2444 14
2445 11
2446 17
2447 10
2448 10
2449 8
2450 15
2451 7
2452 15
2453 12
2454 17
2455 9
2456 12
2457 8
2458 20
2459 13
2460 12
2461 18
2462 19
2463 13
2464 13
2465 13
2466 12
2467 12
2468 10
2469 7
2470 8
2471 9
2472 19
2473 13
2474 11
2475 12
2476 16
2477 13
2478 20
2479 13
2480 10
2481 8
2482 11
2483 14
2484 16
2485 8
2486 14
2487 13
2488 10
2489 15
2490 16
2491 15
2492 9
2493 12
2494 11
2495 14
2496 16
2497 18
2498 9
2499 5
2500 10
2501 10
2502 15
2503 10
2504 7
2505 10
2506 10
2507 13
2508 11
2509 13
2510 11
2511 12
2512 16
2513 15
2514 10
2515 14
2516 15
2517 9
2518 17
2519 14
2520 13
2521 8
2522 11
2523 10
2524 17
2525 16
2526 14
2527 7
2528 13
2529 10
2530 12
2531 16
2532 9
2533 9
2534 11
2535 10
2536 16
2537 15
2538 13
2539 9
2540 13
2541 10
2542 7
2543 11
2544 9
2545 11
2546 13
2547 17
2548 19
2549 19
2550 15
2551 12
2552 15
2553 24
2554 16
2555 16
2556 19
2557 28
2558 17
2559 25
