0 55
1 29
2 33
3 35
4 37
5 42
6 51
7 38
8 43
9 27
10 24
11 31
12 40
13 49
14 41
15 42
16 41
17 41
18 27
19 44
20 36
21 50
22 54
23 34
24 27
25 42
26 36
27 39
28 29
29 49
30 33
31 48
32 43
33 34
34 47
35 41
36 38
37 39
38 42
39 40
40 40
41 41
42 38
43 33
44 46
45 34
46 33
47 33
48 26
49 51
50 45
51 36
52 35
53 50
54 36
55 37
56 41
57 38
58 40
59 36
60 50
61 45
62 45
63 38
64 33
65 35
66 56
67 54
68 43
69 36
70 49
71 44
72 35
73 54
74 38
75 37
76 31
77 44
78 30
79 43
80 34
81 35
82 34
83 40
84 36
85 42
86 42
87 41
88 41
89 25
90 38
91 38
92 43
93 37
94 41
95 36
96 29
97 41
98 50
99 35
100 25
101 29
102 43
103 36
104 38
105 39
106 43
107 49
108 38
109 41
110 23
111 38
112 43
113 41
114 40
115 34
116 40
117 47
118 43
119 32
120 42
121 51
122 28
123 33
124 43
125 48
126 41
127 46
128 36
129 43
130 35
131 47
132 32
133 46
134 39
135 35
136 43
137 31
138 46
139 42
140 31
141 30
142 37
143 40
144 53
145 49
146 50
147 55
148 43
149 40
150 54
151 43
152 37
153 37
154 45
155 35
156 33
157 53
158 41
159 32
160 37
161 40
162 40
163 30
164 33
165 45
166 32
167 36
168 43
169 50
170 31
171 44
172 48
173 29
174 42
175 42
176 40
177 35
178 42
179 42
180 41
181 32
182 39
183 30
184 52
185 45
186 40
187 50
188 54
189 53
190 44
191 40
192 40
193 54
194 39
195 35
196 39
197 44
198 39
199 29
200 42
201 37
202 44
203 42
204 44
205 42
206 43
207 26
208 40
209 36
210 39
211 39
212 34
213 48
214 40
215 33
216 51
217 56
218 44
219 44
220 44
221 35
222 30
223 41
224 40
225 48
226 55
227 40
228 42
229 39
230 41
231 48
232 48
233 31
234 39
235 37
236 30
237 33
238 37
239 41
240 49
241 56
242 46
243 47
244 38
245 39
246 50
247 46
248 50
249 40
250 36
251 41
252 29
253 36
254 36
255 40
256 46
257 55
258 46
259 53
260 48
261 44
262 44
263 47
264 44
265 38
266 34
267 38
268 45
269 51
270 45
271 42
272 35
273 41
274 33
275 44
276 44
277 39
278 46
279 33
280 47
281 54
282 43
283 43
284 50
285 44
286 48
287 34
288 40
289 45
290 52
291 49
292 48
293 49
294 39
295 38
296 55
297 39
298 45
299 33
300 40
301 39
302 41
303 34
304 35
305 35
306 35
307 34
308 44
309 37
310 37
311 48
312 52
313 38
314 32
315 55
316 49
317 43
318 39
319 42
320 42
321 45
322 55
323 39
324 41
325 53
326 59
327 43
328 41
329 33
330 53
331 39
332 42
333 53
334 37
335 47
336 41
337 44
338 34
339 42
340 31
341 45
342 38
343 43
344 40
345 44
346 45
347 34
348 41
349 31
350 42
351 47
352 48
353 32
354 36
355 37
356 29
357 43
358 49
359 42
360 39
361 35
362 42
363 51
364 40
365 43
366 48
367 35
368 40
369 47
370 39
371 51
372 41
373 43
374 39
375 42
376 47
377 46
378 45
379 44
380 38
381 51
382 48
383 55
384 36
385 40
386 37
387 30
388 38
389 60
390 61
391 43
392 50
393 57
394 38
395 43
396 54
397 40
398 37
399 34
400 39
401 32
402 48
403 37
404 56
405 40
406 44
407 42
408 49
409 46
410 40
411 49
412 51
413 36
414 43
415 33
416 48
417 33
418 46
419 52
420 43
421 32
422 47
423 33
424 43
425 46
426 46
427 48
428 48
429 44
430 43
431 44
432 43
433 29
434 47
435 38
436 53
437 43
438 48
439 39
440 40
441 41
442 35
443 39
444 47
445 47
446 57
447 48
448 45
449 54
450 48
451 42
452 39
453 48
454 44
455 41
456 48
457 42
458 35
459 52
460 37
461 36
462 50
463 37
464 50
465 57
466 59
467 57
468 62
469 63
470 57
471 53
472 55
473 77
474 65
475 78
476 90
477 77
478 83
479 87
480 91
481 79
482 96
483 100
484 130
485 153
486 134
487 119
488 108
489 113
490 93
491 112
492 88
493 105
494 130
495 101
496 114
497 96
498 102
499 98
500 93
501 93
502 72
503 75
504 52
505 55
506 50
507 46
508 41
509 39
510 47
511 50
512 53
513 48
514 53
515 33
516 46
517 41
518 45
519 39
520 48
521 32
522 45
523 51
524 32
525 54
526 46
527 44
528 45
529 54
530 48
531 54
532 41
533 44
534 50
535 58
536 56
537 60
538 49
539 40
540 54
541 51
542 56
543 45
544 66
545 45
546 42
547 41
548 47
549 48
550 36
551 43
552 31
553 41
554 38
555 45
556 47
557 47
558 46
559 49
560 43
561 48
562 41
563 44
564 50
565 54
566 38
567 42
568 46
569 41
570 58
571 48
572 41
573 42
574 25
575 47
576 52
577 44
578 48
579 36
580 38
581 43
582 36
583 49
584 41
585 42
586 50
587 58
588 49
589 52
590 53
591 42
592 43
593 35
594 49
595 46
596 45
597 47
598 37
599 57
600 45
601 38
602 28
603 42
604 52
605 45
606 52
607 32
608 49
609 44
610 41
611 56
612 44
613 43
614 43
615 36
616 28
617 50
618 41
619 45
620 46
621 42
622 43
623 61
624 45
625 50
626 41
627 56
628 41
629 41
630 34
631 37
632 53
633 43
634 45
635 51
636 41
637 38
638 47
639 40
640 38
641 47
642 44
643 41
644 56
645 43
646 42
647 31
648 51
649 42
650 37
651 46
652 41
653 33
654 41
655 49
656 45
657 52
658 51
659 46
660 46
661 32
662 38
663 46
664 54
665 36
666 45
667 35
668 38
669 48
670 56
671 43
672 53
673 44
674 53
675 42
676 63
677 40
678 42
679 47
680 52
681 53
682 47
683 36
684 53
685 48
686 50
687 53
688 32
689 36
690 41
691 53
692 36
693 47
694 49
695 34
696 60
697 30
698 35
699 33
700 49
701 49
702 37
703 38
704 52
705 48
706 50
707 36
708 48
709 63
710 53
711 42
712 51
713 26
714 39
715 49
716 36
717 32
718 38
719 52
720 34
721 46
722 41
723 48
724 41
725 37
726 34
727 51
728 53
729 54
730 43
731 39
732 34
733 38
734 42
735 27
736 43
737 35
738 31
739 44
740 34
741 46
742 46
743 46
744 41
745 45
746 47
747 43
748 35
749 36
750 45
751 36
752 36
753 42
754 41
755 45
756 44
757 53
758 49
759 34
760 40
761 28
762 38
763 40
764 40
765 30
766 37
767 31
768 54
769 39
770 36
771 52
772 42
773 43
774 39
775 30
776 49
777 44
778 42
779 36
780 42
781 33
782 34
783 43
784 35
785 35
786 42
787 30
788 37
789 51
790 32
791 43
792 41
793 50
794 49
795 29
796 34
797 45
798 48
799 36
800 37
801 50
802 58
803 35
804 35
805 44
806 43
807 36
808 37
809 35
810 47
811 38
812 42
813 49
814 42
815 47
816 44
817 46
818 46
819 53
820 57
821 35
822 50
823 42
824 37
825 41
826 46
827 39
828 39
829 54
830 33
831 45
832 52
833 34
834 37
835 42
836 46
837 48
838 39
839 43
840 49
841 28
842 44
843 33
844 36
845 33
846 44
847 27
848 43
849 31
850 36
851 41
852 43
853 36
854 47
855 32
856 33
857 38
858 52
859 40
860 34
861 32
862 44
863 36
864 42
865 34
866 39
867 45
868 42
869 46
870 58
871 45
872 43
873 25
874 46
875 41
876 38
877 40
878 37
879 50
880 43
881 44
882 41
883 42
884 42
885 35
886 28
887 35
888 28
889 30
890 28
891 41
892 36
893 30
894 33
895 40
896 43
897 36
898 44
899 46
900 37
901 35
902 41
903 39
904 50
905 40
906 36
907 40
908 42
909 32
910 34
911 42
912 31
913 38
914 28
915 30
916 45
917 39
918 37
919 42
920 48
921 46
922 33
923 41
924 34
925 35
926 41
927 45
928 35
929 43
930 37
931 43
932 44
933 38
934 29
935 38
936 37
937 35
938 37
939 27
940 26
941 33
942 35
943 31
944 44
945 35
946 29
947 36
948 40
949 37
950 42
951 33
952 44
953 45
954 41
955 40
956 29
957 36
958 25
959 22
960 35
961 32
962 43
963 41
964 39
965 47
966 33
967 38
968 43
969 47
970 45
971 35
972 48
973 41
974 47
975 51
976 63
977 69
978 89
979 99
980 111
981 93
982 140
983 114
984 87
985 127
986 146
987 176
988 195
989 247
990 220
991 239
992 276
993 274
994 278
995 355
996 375
997 328
998 359
999 401
1000 443
1001 406
1002 459
1003 403
1004 366
1005 333
1006 224
1007 263
1008 251
1009 167
1010 135
1011 93
1012 68
1013 67
1014 53
1015 40
1016 37
1017 54
1018 53
1019 45
1020 41
1021 42
1022 39
1023 42
1024 45
1025 52
1026 34
1027 28
1028 56
1029 37
1030 38
1031 33
1032 31
1033 39
1034 49
1035 34
1036 40
1037 41
1038 23
1039 37
1040 45
1041 26
1042 35
1043 36
1044 35
1045 43
1046 47
1047 25
1048 51
1049 58
1050 31
1051 37
1052 34
1053 30
1054 38
1055 30
1056 36
1057 44
1058 40
1059 27
1060 32
1061 50
1062 54
1063 42
1064 29
1065 32
1066 34
1067 32
1068 36
1069 29
1070 41
1071 33
1072 34
1073 37
1074 37
1075 35
1076 38
1077 37
1078 37
1079 36
1080 46
1081 42
1082 35
1083 42
1084 34
1085 45
1086 38
1087 34
1088 41
1089 42
1090 27
1091 40
1092 37
1093 37
1094 43
1095 51
1096 34
1097 37
1098 34
1099 30
1100 31
1101 39
1102 42
1103 35
1104 40
1105 35
1106 38
1107 33
1108 32
1109 44
1110 38
1111 40
1112 35
1113 25
1114 33
1115 40
1116 50
1117 34
1118 46
1119 41
1120 47
1121 64
1122 60
1123 45
1124 41
1125 56
1126 42
1127 57
1128 51
1129 63
1130 49
1131 43
1132 51
1133 48
1134 53
1135 31
1136 49
1137 44
1138 57
1139 42
1140 43
1141 41
1142 28
1143 28
1144 31
1145 35
1146 32
1147 37
1148 40
1149 26
1150 26
1151 38
1152 32
1153 42
1154 26
1155 30
1156 33
1157 28
1158 26
1159 26
1160 35
1161 32
1162 27
1163 28
1164 29
1165 31
1166 33
1167 29
1168 31
1169 32
1170 34
1171 33
1172 29
1173 35
1174 36
1175 30
1176 27
1177 39
1178 31
1179 34
1180 38
1181 24
1182 30
1183 37
1184 28
1185 31
1186 28
1187 48
1188 51
1189 38
1190 33
1191 31
1192 34
1193 37
1194 40
1195 33
1196 38
1197 33
1198 37
1199 31
1200 41
1201 32
1202 36
1203 29
1204 26
1205 29
1206 34
1207 27
1208 43
1209 35
1210 28
1211 37
1212 34
1213 36
1214 30
1215 35
1216 38
1217 42
1218 35
1219 41
1220 31
1221 30
1222 40
1223 40
1224 26
1225 29
1226 32
1227 38
1228 21
1229 34
1230 28
1231 28
1232 30
1233 37
1234 31
1235 41
1236 30
1237 27
1238 46
1239 38
1240 26
1241 41
1242 34
1243 31
1244 27
1245 29
1246 36
1247 35
1248 32
1249 28
1250 27
1251 32
1252 23
1253 31
1254 35
1255 33
1256 36
1257 39
1258 26
1259 31
1260 37
1261 31
1262 26
1263 24
1264 30
1265 33
1266 33
1267 44
1268 29
1269 30
1270 31
1271 27
1272 26
1273 27
1274 31
1275 18
1276 21
1277 16
1278 27
1279 36
1280 248
1281 213
1282 152
1283 155
1284 150
1285 123
1286 91
1287 93
1288 69
1289 71
1290 42
1291 36
1292 37
1293 28
1294 20
1295 39
1296 23
1297 34
1298 38
1299 19
1300 21
1301 26
1302 26
1303 29
1304 24
1305 32
1306 36
1307 21
1308 22
1309 36
1310 28
1311 27
1312 29
1313 20
1314 28
1315 29
1316 35
1317 46
1318 33
1319 33
1320 21
1321 31
1322 27
1323 23
1324 27
1325 26
1326 26
1327 35
1328 29
1329 32
1330 28
1331 29
1332 19
1333 30
1334 28
1335 24
1336 24
1337 34
1338 22
1339 24
1340 28
1341 21
1342 30
1343 23
1344 19
1345 27
1346 21
1347 28
1348 25
1349 24
1350 23
1351 27
1352 26
1353 35
1354 19
1355 23
1356 17
1357 26
1358 20
1359 21
1360 24
1361 27
1362 21
1363 27
1364 26
1365 27
1366 21
1367 21
1368 27
1369 27
1370 27
1371 26
1372 24
1373 34
1374 25
1375 39
1376 26
1377 29
1378 25
1379 20
1380 23
1381 22
1382 36
1383 26
1384 26
1385 22
1386 25
1387 30
1388 27
1389 21
1390 23
1391 23
1392 24
1393 17
1394 22
1395 28
1396 31
1397 26
1398 30
1399 30
1400 32
1401 26
1402 24
1403 26
1404 23
1405 28
1406 20
1407 23
1408 26
1409 25
1410 30
1411 29
1412 30
1413 33
1414 22
1415 31
1416 23
1417 21
1418 26
1419 24
1420 22
1421 29
1422 24
1423 29
1424 24
1425 22
1426 21
1427 28
1428 25
1429 22
1430 27
1431 27
1432 32
1433 24
1434 26
1435 22
1436 28
1437 18
1438 24
1439 25
1440 12
1441 20
1442 19
1443 18
1444 20
1445 30
1446 28
1447 35
1448 19
1449 20
1450 29
1451 22
1452 23
1453 29
1454 23
1455 18
1456 22
1457 24
1458 28
1459 25
1460 20
1461 24
1462 15
1463 24
1464 27
1465 22
1466 20
1467 20
1468 24
1469 29
1470 23
1471 21
1472 31
1473 10
1474 18
1475 24
1476 30
1477 27
1478 19
1479 24
1480 24
1481 13
1482 19
1483 17
1484 20
1485 26
1486 25
1487 19
1488 30
1489 21
1490 21
1491 20
1492 27
1493 15
1494 28
1495 24
1496 24
1497 24
1498 20
1499 15
1500 23
1501 25
1502 20
1503 24
1504 19
1505 19
1506 23
1507 23
1508 33
1509 23
1510 19
1511 24
1512 32
1513 17
1514 22
1515 20
1516 19
1517 22
1518 21
1519 27
1520 23
1521 26
1522 24
1523 25
1524 22
1525 22
1526 21
1527 23
1528 16
1529 22
1530 28
1531 16
1532 28
1533 18
1534 18
1535 20
1536 28
1537 23
1538 13
1539 34
1540 29
1541 14
1542 19
1543 22
1544 14
1545 16
1546 27
1547 23
1548 20
1549 31
1550 22
1551 19
1552 14
1553 21
1554 23
1555 16
1556 21
1557 18
1558 29
1559 20
1560 15
1561 24
1562 17
1563 30
1564 13
1565 26
1566 20
1567 19
1568 21
1569 26
1570 26
1571 19
1572 17
1573 14
1574 29
1575 21
1576 17
1577 17
1578 25
1579 20
1580 15
1581 25
1582 20
1583 23
1584 23
1585 25
1586 18
1587 24
1588 15
1589 27
1590 26
1591 26
1592 16
1593 19
1594 25
1595 22
1596 24
1597 28
1598 23
1599 27
1600 17
1601 21
1602 16
1603 18
1604 15
1605 15
1606 23
1607 20
1608 19
1609 22
1610 18
1611 24
1612 20
1613 11
1614 24
1615 30
1616 22
1617 17
1618 22
1619 25
1620 21
1621 15
1622 25
1623 23
1624 24
1625 27
1626 25
1627 22
1628 16
1629 12
1630 22
1631 15
1632 24
1633 20
1634 21
1635 23
1636 20
1637 17
1638 23
1639 26
1640 17
1641 23
1642 24
1643 25
1644 23
1645 16
1646 22
1647 26
1648 26
1649 21
1650 17
1651 25
1652 14
1653 14
1654 17
1655 22
1656 17
1657 15
1658 18
1659 17
1660 24
1661 20
1662 22
1663 20
1664 24
1665 24
1666 17
1667 19
1668 21
1669 31
1670 22
1671 25
1672 23
1673 18
1674 22
1675 26
1676 17
1677 11
1678 25
1679 17
1680 20
1681 17
1682 22
1683 29
1684 21
1685 27
1686 16
1687 20
1688 30
1689 19
1690 17
1691 25
1692 25
1693 22
1694 16
1695 20
1696 19
1697 30
1698 18
1699 14
1700 26
1701 18
1702 20
1703 33
1704 33
1705 32
1706 43
1707 31
1708 48
1709 48
1710 43
1711 29
1712 39
1713 44
1714 78
1715 71
1716 75
1717 68
1718 84
1719 100
1720 108
1721 157
1722 135
1723 125
1724 108
1725 92
1726 101
1727 93
1728 105
1729 116
1730 140
1731 88
1732 149
1733 116
1734 100
1735 91
1736 71
1737 68
1738 52
1739 57
1740 38
1741 46
1742 32
1743 31
1744 23
1745 30
1746 22
1747 29
1748 21
1749 16
1750 19
1751 23
1752 25
1753 14
1754 24
1755 16
1756 17
1757 19
1758 24
1759 16
1760 23
1761 34
1762 22
1763 14
1764 15
1765 15
1766 19
1767 14
1768 30
1769 20
1770 17
1771 20
1772 15
1773 20
1774 29
1775 20
1776 20
1777 9
1778 20
1779 14
1780 21
1781 17
1782 17
1783 20
1784 18
1785 22
1786 17
1787 15
1788 22
1789 22
1790 14
1791 21
1792 14
1793 18
1794 26
1795 19
1796 19
1797 17
1798 24
1799 23
1800 21
1801 19
1802 18
1803 21
1804 13
1805 20
1806 17
1807 20
1808 19
1809 20
1810 23
1811 23
1812 30
1813 14
1814 19
1815 14
1816 19
1817 10
1818 20
1819 20
1820 18
1821 18
1822 13
1823 24
1824 18
1825 11
1826 22
1827 24
1828 24
1829 17
1830 24
1831 19
1832 12
1833 17
1834 24
1835 21
1836 28
1837 13
1838 22
1839 8
1840 24
1841 21
1842 17
1843 18
1844 16
1845 17
1846 13
1847 18
1848 24
1849 14
1850 13
1851 15
1852 21
1853 16
1854 19
1855 23
1856 15
1857 25
1858 27
1859 21
1860 25
1861 15
1862 19
1863 20
1864 16
1865 17
1866 31
1867 28
1868 17
1869 13
1870 17
1871 11
1872 18
1873 12
1874 19
1875 12
1876 16
1877 11
1878 22
1879 20
1880 19
1881 18
1882 20
1883 26
1884 14
1885 22
1886 23
1887 23
1888 22
1889 14
1890 14
1891 21
1892 24
1893 23
1894 28
1895 17
1896 20
1897 17
1898 19
1899 19
1900 13
1901 23
1902 16
1903 12
1904 17
1905 20
1906 22
1907 20
1908 20
1909 19
1910 19
1911 23
1912 15
1913 17
1914 16
1915 14
1916 18
1917 17
1918 24
1919 13
1920 12
1921 14
1922 23
1923 21
1924 17
1925 20
1926 29
1927 19
1928 18
1929 22
1930 17
1931 18
1932 19
1933 15
1934 25
1935 19
1936 14
1937 11
1938 27
1939 21
1940 14
1941 18
1942 18
1943 16
1944 27
1945 29
1946 26
1947 33
1948 36
1949 44
1950 26
1951 54
1952 69
1953 64
1954 78
1955 57
1956 76
1957 76
1958 116
1959 165
1960 142
1961 151
1962 180
1963 194
1964 184
1965 216
1966 244
1967 246
1968 257
1969 301
1970 351
1971 491
1972 469
1973 439
1974 462
1975 436
1976 420
1977 357
1978 350
1979 361
1980 388
1981 405
1982 311
1983 287
1984 278
1985 218
1986 212
1987 199
1988 132
1989 147
1990 120
1991 116
1992 104
1993 80
1994 50
1995 35
1996 45
1997 42
1998 43
1999 47
2000 30
2001 23
2002 22
2003 24
2004 15
2005 19
2006 10
2007 14
2008 20
2009 14
2010 21
2011 28
2012 23
2013 11
2014 20
2015 27
2016 16
2017 16
2018 18
2019 15
2020 11
2021 20
2022 21
2023 31
2024 16
2025 14
2026 19
2027 19
2028 17
2029 22
2030 17
2031 21
2032 23
2033 14
2034 17
2035 17
2036 13
2037 11
2038 15
2039 18
2040 23
2041 23
2042 20
2043 16
2044 19
2045 18
2046 16
2047 19
2048 20
2049 17
2050 21
2051 10
2052 23
2053 5
2054 18
2055 16
2056 21
2057 14
2058 22
2059 20
2060 25
2061 17
2062 22
2063 19
2064 13
2065 18
2066 16
2067 15
2068 21
2069 17
2070 13
2071 15
2072 18
2073 20
2074 12
2075 15
2076 15
2077 20
2078 25
2079 12
2080 23
2081 16
2082 14
2083 13
2084 15
2085 16
2086 17
2087 19
2088 18
2089 23
2090 16
2091 21
2092 16
2093 21
2094 20
2095 27
2096 24
2097 16
2098 21
2099 17
2100 20
2101 21
2102 16
2103 20
2104 20
2105 17
2106 13
2107 15
2108 20
2109 14
2110 13
2111 16
2112 19
2113 24
2114 12
2115 16
2116 17
2117 12
2118 18
2119 18
2120 11
2121 14
2122 20
2123 15
2124 16
2125 15
2126 21
2127 19
2128 11
2129 22
2130 19
2131 14
2132 10
2133 13
2134 15
2135 16
2136 20
2137 17
2138 16
2139 11
2140 21
2141 19
2142 17
2143 18
2144 19
2145 24
2146 23
2147 21
2148 27
2149 24
2150 16
2151 35
2152 38
2153 30
2154 30
2155 23
2156 33
2157 41
2158 32
2159 38
2160 36
2161 50
2162 53
2163 68
2164 59
2165 75
2166 68
2167 54
2168 58
2169 67
2170 77
2171 82
2172 90
2173 66
2174 85
2175 68
2176 76
2177 72
2178 72
2179 83
2180 77
2181 71
2182 58
2183 48
2184 64
2185 63
2186 48
2187 56
2188 40
2189 31
2190 55
2191 37
2192 24
2193 20
2194 17
2195 16
2196 19
2197 20
2198 20
2199 24
2200 21
2201 20
2202 14
2203 19
2204 15
2205 10
2206 19
2207 17
2208 15
2209 15
2210 15
2211 16
2212 25
2213 15
2214 13
2215 18
2216 12
2217 16
2218 14
2219 16
2220 13
2221 7
2222 16
2223 13
2224 12
2225 16
2226 8
2227 16
2228 14
2229 14
2230 18
2231 22
2232 19
2233 22
2234 11
2235 17
2236 19
2237 15
2238 9
2239 15
2240 11
2241 18
2242 15
2243 11
2244 11
2245 17
2246 16
2247 12
2248 15
2249 8
2250 12
2251 22
2252 23
2253 14
2254 21
2255 10
2256 10
2257 17
2258 16
2259 11
2260 12
2261 12
2262 11
2263 15
2264 18
2265 12
2266 13
2267 11
2268 14
2269 14
2270 16
2271 12
2272 13
2273 14
2274 15
2275 18
2276 13
2277 13
2278 14
2279 14
2280 13
2281 14
2282 20
2283 23
2284 13
2285 14
2286 20
2287 16
2288 14
2289 9
2290 15
2291 16
2292 11
2293 14
2294 18
2295 16
2296 12
2297 18
2298 14
2299 11
2300 11
2301 5
2302 10
2303 16
2304 12
2305 10
2306 17
2307 13
2308 11
2309 10
2310 20
2311 18
2312 15
2313 15
2314 18
2315 11
2316 14
2317 18
2318 19
2319 7
2320 10
2321 12
2322 17
2323 19
2324 13
2325 18
2326 20
2327 5
2328 8
2329 15
2330 11
2331 15
2332 17
2333 18
2334 11
2335 14
2336 14
2337 15
2338 14
2339 9
2340 9
2341 11
2342 13
2343 9
2344 14
2345 9
2346 19
2347 11
2348 8
2349 13
2350 23
2351 11
2352 13
2353 13
2354 13
2355 12
2356 10
2357 15
2358 9
2359 8
2360 11
2361 8
2362 9
2363 6
2364 17
2365 18
2366 16
2367 11
2368 17
2369 14
2370 14
2371 12
2372 14
2373 12
2374 10
2375 14
2376 16
2377 7
2378 7
2379 16
2380 21
2381 11
2382 12
2383 10
2384 16
2385 11
2386 13
2387 15
2388 12
2389 10
2390 18
2391 14
2392 12
2393 17
2394 12
2395 15
2396 14
2397 13
2398 13
2399 12
2400 11
2401 19
2402 14
2403 15
2404 10
2405 13
2406 19
2407 18
2408 16
2409 17
2410 12
2411 19
2412 14
2413 10
2414 25
2415 17
2416 15
2417 13
2418 12
2419 20
2420 10
2421 13
2422 18
2423 17
2424 12
2425 10
2426 9
2427 21
2428 11
2429 18
2430 15
2431 13
2432 20
2433 23
2434 18
2435 22
2436 15
2437 16
2438 15
2439 27
2440 28
2441 19
2442 26
2443 29
2444 21
2445 18
2446 33
2447 35
2448 45
2449 43
2450 43
2451 47
2452 49
2453 63
2454 48
2455 56
2456 66
2457 60
2458 57
2459 71
2460 64
2461 81
2462 58
2463 83
2464 77
2465 63
2466 35
2467 40
2468 45
2469 37
2470 41
2471 39
2472 39
2473 31
2474 42
2475 33
2476 29
2477 32
2478 27
2479 17
2480 25
2481 22
2482 12
2483 14
2484 14
2485 19
2486 15
2487 15
2488 10
2489 15
2490 12
2491 19
2492 15
2493 7
2494 10
2495 17
2496 13
2497 11
2498 12
2499 10
2500 14
2501 13
2502 14
2503 15
2504 15
2505 10
2506 11
2507 11
2508 10
2509 13
2510 9
2511 10
2512 18
2513 16
2514 5
2515 13
2516 14
2517 10
2518 11
2519 7
2520 19
2521 17
2522 10
2523 7
2524 9
2525 8
2526 12
2527 11
2528 16
2529 11
2530 18
2531 25
2532 13
2533 12
2534 15
2535 14
2536 25
2537 24
2538 22
2539 27
2540 26
2541 26
2542 23
2543 27
2544 39
2545 28
2546 26
2547 43
2548 45
2549 62
2550 53
2551 41
2552 38
2553 37
2554 25
2555 52
2556 73
2557 44
2558 40
2559 50
