0 45
1 27
2 33
3 38
4 34
5 33
6 29
7 36
8 30
9 39
10 34
11 33
12 28
13 33
14 37
15 32
16 38
17 39
18 29
19 26
20 36
21 29
22 26
23 31
24 30
25 40
26 22
27 31
28 31
29 29
30 45
31 31
32 38
33 35
34 35
35 38
36 42
37 30
38 31
39 34
40 41
41 46
42 29
43 29
44 38
45 39
46 39
47 39
48 34
49 38
50 33
51 29
52 40
53 33
54 40
55 41
56 30
57 43
58 26
59 33
60 27
61 26
62 33
63 38
64 34
65 41
66 31
67 45
68 41
69 33
70 29
71 33
72 37
73 34
74 34
75 38
76 38
77 26
78 25
79 34
80 34
81 36
82 34
83 34
84 30
85 34
86 45
87 30
88 32
89 30
90 40
91 30
92 35
93 33
94 33
95 32
96 36
97 47
98 46
99 32
100 32
101 36
102 25
103 40
104 20
105 27
106 21
107 32
108 40
109 32
110 44
111 50
112 35
113 38
114 25
115 27
116 28
117 37
118 44
119 31
120 26
121 35
122 38
123 40
124 37
125 38
126 31
127 37
128 31
129 20
130 31
131 37
132 35
133 33
134 39
135 34
136 35
137 44
138 39
139 49
140 28
141 39
142 44
143 39
144 31
145 32
146 38
147 44
148 50
149 31
150 34
151 30
152 22
153 27
154 31
155 35
156 29
157 39
158 30
159 42
160 41
161 37
162 49
163 42
164 50
165 36
166 32
167 29
168 37
169 42
170 42
171 42
172 39
173 35
174 30
175 32
176 41
177 42
178 40
179 37
180 27
181 51
182 35
183 35
184 37
185 33
186 37
187 30
188 31
189 23
190 43
191 33
192 31
193 34
194 28
195 25
196 32
197 27
198 37
199 43
200 35
201 39
202 39
203 33
204 36
205 42
206 30
207 37
208 40
209 41
210 32
211 35
212 36
213 39
214 45
215 31
216 32
217 34
218 40
219 37
220 35
221 46
222 35
223 43
224 27
225 35
226 43
227 43
228 34
229 38
230 43
231 43
232 41
233 32
234 26
235 30
236 33
237 26
238 35
239 30
240 39
241 40
242 43
243 38
244 41
245 33
246 43
247 29
248 42
249 39
250 37
251 35
252 38
253 38
254 45
255 40
256 36
257 33
258 32
259 40
260 49
261 32
262 42
263 42
264 35
265 38
266 29
267 43
268 47
269 56
270 43
271 41
272 43
273 32
274 39
275 37
276 30
277 33
278 48
279 47
280 36
281 39
282 47
283 30
284 42
285 36
286 45
287 38
288 38
289 36
290 34
291 42
292 33
293 44
294 47
295 37
296 36
297 43
298 35
299 32
300 42
301 44
302 43
303 33
304 45
305 33
306 28
307 38
308 36
309 35
310 49
311 51
312 35
313 50
314 38
315 37
316 38
317 51
318 48
319 36
320 34
321 40
322 42
323 44
324 33
325 46
326 34
327 41
328 33
329 37
330 41
331 43
332 33
333 39
334 36
335 31
336 38
337 39
338 40
339 43
340 45
341 25
342 42
343 40
344 32
345 44
346 47
347 36
348 44
349 46
350 33
351 43
352 43
353 39
354 40
355 34
356 42
357 34
358 46
359 42
360 30
361 35
362 35
363 47
364 34
365 50
366 30
367 32
368 34
369 39
370 40
371 36
372 31
373 33
374 32
375 51
376 36
377 34
378 34
379 49
380 41
381 41
382 32
383 40
384 41
385 48
386 40
387 42
388 37
389 43
390 42
391 36
392 42
393 38
394 36
395 43
396 42
397 41
398 43
399 33
400 40
401 42
402 39
403 37
404 39
405 50
406 49
407 32
408 33
409 33
410 31
411 42
412 43
413 36
414 45
415 36
416 42
417 40
418 36
419 33
420 36
421 46
422 35
423 39
424 38
425 37
426 36
427 38
428 40
429 34
430 37
431 37
432 35
433 50
434 40
435 37
436 44
437 40
438 39
439 34
440 35
441 41
442 54
443 35
444 47
445 43
446 31
447 31
448 36
449 39
450 49
451 30
452 32
453 30
454 36
455 34
456 47
457 50
458 34
459 36
460 43
461 48
462 39
463 36
464 37
465 38
466 32
467 38
468 37
469 43
470 29
471 45
472 38
473 26
474 35
475 35
476 37
477 47
478 45
479 44
480 44
481 42
482 43
483 35
484 39
485 43
486 45
487 34
488 30
489 42
490 44
491 51
492 48
493 52
494 48
495 53
496 54
497 34
498 44
499 41
500 40
501 49
502 71
503 75
504 67
505 52
506 51
507 56
508 51
509 55
510 60
511 74
512 106
513 88
514 79
515 72
516 84
517 81
518 77
519 99
520 106
521 110
522 98
523 95
524 105
525 78
526 94
527 58
528 73
529 65
530 66
531 52
532 56
533 53
534 51
535 51
536 39
537 34
538 50
539 45
540 41
541 37
542 41
543 42
544 38
545 53
546 43
547 48
548 34
549 36
550 29
551 35
552 39
553 42
554 44
555 52
556 41
557 42
558 39
559 39
560 40
561 53
562 48
563 49
564 46
565 41
566 36
567 30
568 38
569 48
570 31
571 36
572 37
573 39
574 58
575 36
576 45
577 41
578 43
579 54
580 35
581 35
582 43
583 42
584 45
585 43
586 34
587 30
588 35
589 44
590 46
591 44
592 39
593 39
594 39
595 46
596 34
597 43
598 44
599 41
600 40
601 36
602 36
603 45
604 47
605 36
606 37
607 42
608 37
609 41
610 44
611 31
612 36
613 47
614 37
615 43
616 45
617 40
618 40
619 50
620 31
621 31
622 42
623 32
624 49
625 36
626 38
627 46
628 42
629 40
630 46
631 45
632 48
633 47
634 52
635 42
636 43
637 38
638 37
639 56
640 44
641 37
642 48
643 33
644 41
645 37
646 49
647 53
648 47
649 50
650 44
651 42
652 49
653 51
654 35
655 42
656 33
657 38
658 44
659 43
660 53
661 32
662 41
663 52
664 32
665 34
666 37
667 42
668 44
669 31
670 38
671 41
672 46
673 38
674 43
675 36
676 28
677 44
678 30
679 25
680 32
681 40
682 40
683 37
684 38
685 42
686 42
687 43
688 40
689 43
690 31
691 53
692 44
693 51
694 34
695 40
696 36
697 42
698 27
699 46
700 34
701 30
702 33
703 44
704 31
705 48
706 41
707 38
708 41
709 50
710 43
711 35
712 37
713 37
714 44
715 46
716 45
717 48
718 32
719 36
720 33
721 44
722 38
723 35
724 34
725 35
726 44
727 41
728 35
729 42
730 30
731 42
732 42
733 29
734 37
735 45
736 41
737 45
738 46
739 36
740 35
741 50
742 20
743 31
744 44
745 54
746 32
747 34
748 42
749 45
750 34
751 38
752 32
753 32
754 34
755 35
756 40
757 29
758 44
759 40
760 36
761 44
762 28
763 46
764 38
765 41
766 30
767 31
768 38
769 35
770 28
771 38
772 42
773 36
774 34
775 45
776 47
777 41
778 47
779 42
780 39
781 54
782 36
783 27
784 33
785 43
786 42
787 28
788 39
789 48
790 40
791 36
792 48
793 36
794 35
795 37
796 30
797 41
798 42
799 33
800 36
801 32
802 33
803 39
804 41
805 36
806 32
807 33
808 36
809 41
810 43
811 39
812 40
813 37
814 38
815 33
816 45
817 35
818 39
819 45
820 52
821 35
822 41
823 34
824 34
825 28
826 42
827 42
828 41
829 33
830 41
831 37
832 40
833 37
834 34
835 44
836 36
837 32
838 41
839 45
840 38
841 41
842 42
843 32
844 42
845 29
846 38
847 35
848 46
849 41
850 44
851 35
852 46
853 37
854 39
855 39
856 39
857 45
858 41
859 37
860 29
861 28
862 41
863 34
864 33
865 26
866 31
867 41
868 35
869 29
870 34
871 43
872 42
873 35
874 28
875 26
876 35
877 40
878 34
879 28
880 31
881 30
882 33
883 29
884 33
885 45
886 37
887 32
888 32
889 41
890 36
891 33
892 20
893 31
894 34
895 40
896 46
897 32
898 30
899 23
900 45
901 33
902 44
903 40
904 31
905 36
906 44
907 37
908 42
909 46
910 39
911 44
912 39
913 48
914 28
915 40
916 29
917 40
918 28
919 27
920 32
921 38
922 41
923 29
924 34
925 29
926 37
927 40
928 38
929 33
930 38
931 51
932 38
933 48
934 40
935 34
936 38
937 27
938 32
939 49
940 36
941 44
942 40
943 28
944 32
945 28
946 36
947 30
948 41
949 33
950 47
951 41
952 43
953 36
954 24
955 37
956 36
957 28
958 35
959 31
960 35
961 35
962 33
963 41
964 28
965 29
966 25
967 39
968 27
969 39
970 33
971 40
972 25
973 32
974 43
975 34
976 33
977 32
978 32
979 39
980 34
981 25
982 36
983 39
984 33
985 53
986 38
987 41
988 50
989 48
990 31
991 34
992 39
993 43
994 32
995 27
996 36
997 43
998 35
999 31
1000 28
1001 31
1002 38
1003 42
1004 40
1005 33
1006 38
1007 47
1008 42
1009 46
1010 40
1011 73
1012 60
1013 54
1014 87
1015 74
1016 87
1017 78
1018 74
1019 107
1020 87
1021 110
1022 124
1023 133
1024 157
1025 168
1026 202
1027 205
1028 282
1029 287
1030 294
1031 381
1032 534
1033 734
1034 791
1035 627
1036 556
1037 595
1038 568
1039 483
1040 390
1041 358
1042 283
1043 242
1044 184
1045 126
1046 101
1047 65
1048 56
1049 57
1050 58
1051 40
1052 43
1053 31
1054 31
1055 35
1056 33
1057 41
1058 47
1059 38
1060 30
1061 41
1062 37
1063 40
1064 42
1065 29
1066 27
1067 35
1068 29
1069 28
1070 33
1071 57
1072 43
1073 38
1074 51
1075 23
1076 33
1077 41
1078 32
1079 36
1080 35
1081 40
1082 25
1083 36
1084 36
1085 38
1086 38
1087 45
1088 25
1089 31
1090 30
1091 28
1092 37
1093 36
1094 37
1095 35
1096 38
1097 45
1098 35
1099 35
1100 31
1101 27
1102 35
1103 32
1104 32
1105 26
1106 29
1107 24
1108 36
1109 29
1110 39
1111 24
1112 27
1113 33
1114 35
1115 37
1116 29
1117 38
1118 38
1119 31
1120 19
1121 23
1122 25
1123 40
1124 34
1125 38
1126 41
1127 24
1128 39
1129 29
1130 33
1131 27
1132 33
1133 25
1134 28
1135 34
1136 31
1137 35
1138 28
1139 34
1140 42
1141 28
1142 35
1143 24
1144 32
1145 34
1146 29
1147 36
1148 36
1149 31
1150 38
1151 38
1152 46
1153 53
1154 64
1155 70
1156 59
1157 61
1158 46
1159 47
1160 53
1161 39
1162 59
1163 66
1164 62
1165 47
1166 64
1167 63
1168 47
1169 52
1170 54
1171 69
1172 94
1173 65
1174 43
1175 48
1176 36
1177 38
1178 39
1179 48
1180 33
1181 42
1182 39
1183 31
1184 48
1185 33
1186 36
1187 44
1188 30
1189 31
1190 22
1191 29
1192 42
1193 38
1194 28
1195 31
1196 25
1197 35
1198 37
1199 31
1200 45
1201 40
1202 38
1203 35
1204 25
1205 42
1206 32
1207 33
1208 19
1209 36
1210 40
1211 28
1212 38
1213 35
1214 27
1215 33
1216 30
1217 27
1218 33
1219 30
1220 31
1221 27
1222 29
1223 25
1224 34
1225 38
1226 24
1227 31
1228 31
1229 28
1230 21
1231 35
1232 25
1233 34
1234 33
1235 40
1236 33
1237 32
1238 26
1239 36
1240 36
1241 30
1242 28
1243 30
1244 32
1245 25
1246 34
1247 26
1248 31
1249 32
1250 31
1251 35
1252 38
1253 31
1254 25
1255 21
1256 31
1257 36
1258 28
1259 31
1260 20
1261 31
1262 23
1263 21
1264 22
1265 32
1266 27
1267 22
1268 28
1269 25
1270 28
1271 24
1272 26
1273 27
1274 25
1275 23
1276 29
1277 16
1278 10
1279 27
1280 35
1281 27
1282 30
1283 30
1284 24
1285 27
1286 32
1287 21
1288 34
1289 27
1290 21
1291 22
1292 28
1293 39
1294 36
1295 33
1296 34
1297 31
1298 40
1299 49
1300 38
1301 53
1302 52
1303 58
1304 70
1305 79
1306 81
1307 90
1308 108
1309 110
1310 119
1311 136
1312 131
1313 193
1314 242
1315 219
1316 217
1317 174
1318 180
1319 248
1320 262
1321 239
1322 193
1323 178
1324 156
1325 143
1326 121
1327 103
1328 67
1329 77
1330 53
1331 58
1332 46
1333 44
1334 38
1335 31
1336 28
1337 28
1338 20
1339 18
1340 29
1341 21
1342 29
1343 22
1344 22
1345 14
1346 28
1347 18
1348 24
1349 29
1350 21
1351 26
1352 27
1353 26
1354 18
1355 17
1356 30
1357 25
1358 15
1359 25
1360 24
1361 30
1362 28
1363 25
1364 35
1365 24
1366 18
1367 26
1368 21
1369 23
1370 23
1371 22
1372 26
1373 24
1374 28
1375 22
1376 21
1377 19
1378 23
1379 27
1380 10
1381 27
1382 21
1383 23
1384 30
1385 27
1386 20
1387 22
1388 27
1389 26
1390 25
1391 26
1392 26
1393 17
1394 13
1395 28
1396 20
1397 14
1398 21
1399 22
1400 27
1401 21
1402 25
1403 25
1404 23
1405 22
1406 18
1407 24
1408 26
1409 20
1410 29
1411 20
1412 19
1413 22
1414 25
1415 29
1416 23
1417 24
1418 23
1419 17
1420 14
1421 25
1422 25
1423 33
1424 33
1425 18
1426 25
1427 16
1428 16
1429 24
1430 21
1431 30
1432 26
1433 28
1434 27
1435 21
1436 14
1437 23
1438 27
1439 24
1440 23
1441 28
1442 23
1443 26
1444 17
1445 18
1446 21
1447 23
1448 19
1449 28
1450 24
1451 30
1452 33
1453 26
1454 21
1455 28
1456 25
1457 17
1458 27
1459 19
1460 13
1461 23
1462 18
1463 18
1464 20
1465 18
1466 26
1467 16
1468 26
1469 26
1470 20
1471 20
1472 25
1473 25
1474 18
1475 23
1476 20
1477 22
1478 26
1479 22
1480 17
1481 23
1482 34
1483 23
1484 26
1485 25
1486 21
1487 21
1488 17
1489 16
1490 23
1491 22
1492 27
1493 27
1494 20
1495 21
1496 23
1497 28
1498 20
1499 23
1500 20
1501 28
1502 22
1503 14
1504 24
1505 26
1506 21
1507 25
1508 25
1509 24
1510 27
1511 22
1512 20
1513 24
1514 16
1515 25
1516 24
1517 19
1518 24
1519 22
1520 22
1521 23
1522 25
1523 22
1524 19
1525 12
1526 29
1527 20
1528 23
1529 18
1530 29
1531 19
1532 15
1533 18
1534 20
1535 19
1536 17
1537 19
1538 21
1539 27
1540 23
1541 23
1542 19
1543 28
1544 21
1545 26
1546 12
1547 19
1548 22
1549 18
1550 14
1551 11
1552 12
1553 20
1554 21
1555 25
1556 21
1557 24
1558 18
1559 23
1560 19
1561 19
1562 20
1563 26
1564 28
1565 18
1566 25
1567 26
1568 24
1569 23
1570 16
1571 22
1572 25
1573 18
1574 11
1575 21
1576 19
1577 15
1578 20
1579 23
1580 21
1581 27
1582 20
1583 20
1584 32
1585 29
1586 29
1587 22
1588 19
1589 17
1590 16
1591 19
1592 26
1593 18
1594 12
1595 26
1596 21
1597 18
1598 12
1599 25
1600 28
1601 19
1602 19
1603 19
1604 17
1605 20
1606 21
1607 16
1608 17
1609 26
1610 18
1611 23
1612 24
1613 15
1614 19
1615 18
1616 25
1617 20
1618 24
1619 13
1620 23
1621 14
1622 18
1623 15
1624 26
1625 19
1626 19
1627 16
1628 21
1629 17
1630 24
1631 15
1632 15
1633 22
1634 17
1635 19
1636 25
1637 20
1638 17
1639 20
1640 15
1641 28
1642 15
1643 24
1644 23
1645 15
1646 20
1647 18
1648 20
1649 19
1650 16
1651 24
1652 19
1653 18
1654 19
1655 22
1656 21
1657 21
1658 19
1659 20
1660 22
1661 10
1662 22
1663 13
1664 16
1665 23
1666 16
1667 17
1668 17
1669 25
1670 21
1671 15
1672 18
1673 24
1674 17
1675 21
1676 16
1677 20
1678 20
1679 25
1680 19
1681 16
1682 21
1683 26
1684 22
1685 15
1686 17
1687 21
1688 20
1689 23
1690 17
1691 20
1692 16
1693 19
1694 19
1695 21
1696 19
1697 13
1698 17
1699 19
1700 15
1701 19
1702 21
1703 17
1704 13
1705 20
1706 20
1707 17
1708 18
1709 23
1710 22
1711 19
1712 22
1713 20
1714 29
1715 17
1716 27
1717 19
1718 20
1719 28
1720 22
1721 25
1722 23
1723 20
1724 25
1725 18
1726 17
1727 21
1728 21
1729 18
1730 27
1731 20
1732 21
1733 23
1734 21
1735 20
1736 14
1737 19
1738 17
1739 21
1740 31
1741 29
1742 21
1743 13
1744 27
1745 23
1746 21
1747 28
1748 25
1749 17
1750 19
1751 18
1752 29
1753 26
1754 20
1755 21
1756 42
1757 44
1758 32
1759 35
1760 27
1761 29
1762 56
1763 65
1764 49
1765 57
1766 57
1767 55
1768 59
1769 78
1770 108
1771 123
1772 129
1773 123
1774 79
1775 83
1776 131
1777 130
1778 111
1779 119
1780 94
1781 98
1782 152
1783 160
1784 107
1785 96
1786 65
1787 52
1788 46
1789 39
1790 24
1791 25
1792 33
1793 24
1794 18
1795 16
1796 21
1797 19
1798 18
1799 14
1800 13
1801 19
1802 20
1803 20
1804 21
1805 30
1806 24
1807 24
1808 14
1809 20
1810 11
1811 16
1812 14
1813 24
1814 14
1815 14
1816 27
1817 14
1818 21
1819 14
1820 19
1821 20
1822 19
1823 15
1824 15
1825 15
1826 20
1827 24
1828 24
1829 13
1830 21
1831 19
1832 21
1833 19
1834 18
1835 15
1836 29
1837 17
1838 21
1839 17
1840 24
1841 17
1842 13
1843 12
1844 16
1845 22
1846 13
1847 15
1848 13
1849 13
1850 12
1851 23
1852 27
1853 15
1854 23
1855 22
1856 22
1857 19
1858 17
1859 14
1860 13
1861 24
1862 14
1863 14
1864 19
1865 18
1866 21
1867 18
1868 19
1869 21
1870 14
1871 18
1872 19
1873 12
1874 18
1875 10
1876 25
1877 18
1878 16
1879 24
1880 22
1881 23
1882 14
1883 21
1884 22
1885 14
1886 16
1887 19
1888 23
1889 20
1890 17
1891 25
1892 13
1893 16
1894 28
1895 22
1896 19
1897 18
1898 21
1899 20
1900 23
1901 15
1902 24
1903 18
1904 19
1905 17
1906 22
1907 15
1908 16
1909 17
1910 18
1911 17
1912 9
1913 13
1914 13
1915 14
1916 28
1917 15
1918 20
1919 25
1920 23
1921 25
1922 20
1923 21
1924 22
1925 27
1926 20
1927 20
1928 27
1929 16
1930 20
1931 26
1932 21
1933 17
1934 19
1935 20
1936 25
1937 22
1938 25
1939 15
1940 22
1941 17
1942 19
1943 20
1944 22
1945 14
1946 13
1947 15
1948 20
1949 26
1950 18
1951 19
1952 15
1953 16
1954 22
1955 24
1956 24
1957 21
1958 19
1959 18
1960 15
1961 12
1962 13
1963 17
1964 22
1965 29
1966 19
1967 18
1968 24
1969 22
1970 13
1971 14
1972 15
1973 16
1974 14
1975 23
1976 18
1977 16
1978 18
1979 28
1980 22
1981 19
1982 17
1983 17
1984 22
1985 20
1986 16
1987 12
1988 19
1989 19
1990 20
1991 13
1992 15
1993 19
1994 21
1995 23
1996 19
1997 25
1998 24
1999 26
2000 24
2001 31
2002 33
2003 35
2004 35
2005 44
2006 62
2007 80
2008 80
2009 73
2010 79
2011 79
2012 102
2013 109
2014 137
2015 127
2016 137
2017 160
2018 178
2019 207
2020 206
2021 302
2022 336
2023 359
2024 384
2025 392
2026 403
2027 403
2028 362
2029 349
2030 316
2031 346
2032 336
2033 282
2034 242
2035 274
2036 244
2037 210
2038 217
2039 206
2040 186
2041 132
2042 98
2043 87
2044 80
2045 84
2046 62
2047 42
2048 50
2049 38
2050 33
2051 26
2052 30
2053 32
2054 28
2055 30
2056 18
2057 20
2058 19
2059 25
2060 18
2061 14
2062 17
2063 17
2064 15
2065 21
2066 27
2067 13
2068 21
2069 19
2070 24
2071 14
2072 16
2073 15
2074 14
2075 19
2076 20
2077 9
2078 12
2079 11
2080 14
2081 18
2082 13
2083 16
2084 19
2085 15
2086 25
2087 14
2088 20
2089 12
2090 17
2091 17
2092 8
2093 18
2094 14
2095 21
2096 13
2097 16
2098 14
2099 19
2100 13
2101 13
2102 22
2103 18
2104 17
2105 19
2106 25
2107 12
2108 16
2109 17
2110 18
2111 31
2112 16
2113 14
2114 14
2115 9
2116 17
2117 12
2118 14
2119 16
2120 21
2121 14
2122 13
2123 17
2124 10
2125 13
2126 20
2127 17
2128 15
2129 20
2130 15
2131 17
2132 19
2133 21
2134 15
2135 12
2136 18
2137 16
2138 22
2139 21
2140 18
2141 21
2142 14
2143 15
2144 9
2145 12
2146 21
2147 24
2148 20
2149 25
2150 18
2151 26
2152 13
2153 15
2154 19
2155 20
2156 15
2157 12
2158 25
2159 17
2160 18
2161 14
2162 15
2163 20
2164 20
2165 18
2166 23
2167 16
2168 16
2169 14
2170 11
2171 13
2172 14
2173 13
2174 14
2175 11
2176 17
2177 11
2178 17
2179 11
2180 16
2181 19
2182 19
2183 15
2184 17
2185 12
2186 16
2187 11
2188 14
2189 9
2190 11
2191 14
2192 20
2193 17
2194 20
2195 20
2196 13
2197 23
2198 18
2199 13
2200 21
2201 9
2202 24
2203 14
2204 19
2205 20
2206 23
2207 35
2208 30
2209 28
2210 27
2211 31
2212 40
2213 41
2214 34
2215 50
2216 43
2217 77
2218 62
2219 53
2220 67
2221 94
2222 95
2223 89
2224 70
2225 93
2226 114
2227 101
2228 85
2229 81
2230 98
2231 92
2232 81
2233 96
2234 103
2235 85
2236 83
2237 71
2238 61
2239 55
2240 50
2241 36
2242 49
2243 40
2244 40
2245 33
2246 23
2247 26
2248 22
2249 27
2250 29
2251 17
2252 19
2253 16
2254 15
2255 16
2256 12
2257 21
2258 14
2259 20
2260 19
2261 12
2262 9
2263 16
2264 16
2265 7
2266 15
2267 16
2268 17
2269 12
2270 19
2271 16
2272 10
2273 9
2274 26
2275 20
2276 16
2277 12
2278 11
2279 8
2280 16
2281 17
2282 16
2283 10
2284 15
2285 10
2286 8
2287 15
2288 11
2289 16
2290 19
2291 9
2292 24
2293 17
2294 16
2295 16
2296 12
2297 11
2298 15
2299 20
2300 13
2301 9
2302 10
2303 9
2304 17
2305 15
2306 11
2307 16
2308 24
2309 20
2310 11
2311 13
2312 4
2313 9
2314 18
2315 20
2316 20
2317 11
2318 10
2319 13
2320 12
2321 18
2322 8
2323 15
2324 12
2325 12
2326 13
2327 11
2328 10
2329 12
2330 9
2331 19
2332 16
2333 11
2334 12
2335 11
2336 16
2337 14
2338 7
2339 13
2340 15
2341 12
2342 6
2343 9
2344 15
2345 17
2346 15
2347 11
2348 7
2349 13
2350 21
2351 17
2352 9
2353 7
2354 12
2355 19
2356 15
2357 12
2358 9
2359 13
2360 14
2361 13
2362 12
2363 13
2364 14
2365 18
2366 15
2367 17
2368 10
2369 10
2370 11
2371 10
2372 10
2373 14
2374 20
2375 13
2376 14
2377 22
2378 21
2379 11
2380 11
2381 11
2382 13
2383 11
2384 10
2385 9
2386 11
2387 12
2388 19
2389 9
2390 18
2391 10
2392 13
2393 8
2394 12
2395 5
2396 16
2397 13
2398 13
2399 16
2400 16
2401 8
2402 12
2403 6
2404 16
2405 11
2406 13
2407 10
2408 13
2409 13
2410 9
2411 18
2412 12
2413 6
2414 8
2415 9
2416 9
2417 13
2418 15
2419 10
2420 14
2421 8
2422 13
2423 9
2424 19
2425 15
2426 13
2427 10
2428 12
2429 10
2430 10
2431 10
2432 15
2433 12
2434 15
2435 8
2436 19
2437 13
2438 15
2439 11
2440 12
2441 11
2442 5
2443 17
2444 12
2445 11
2446 16
2447 11
2448 12
2449 10
2450 14
2451 18
2452 8
2453 13
2454 10
2455 15
2456 8
2457 11
2458 7
2459 10
2460 9
2461 17
2462 12
2463 13
2464 7
2465 11
2466 13
2467 21
2468 15
2469 13
2470 17
2471 16
2472 6
2473 15
2474 10
2475 18
2476 16
2477 10
2478 12
2479 13
2480 8
2481 12
2482 10
2483 12
2484 13
2485 7
2486 11
2487 7
2488 14
2489 23
2490 9
2491 11
2492 16
2493 19
2494 15
2495 19
2496 13
2497 11
2498 19
2499 20
2500 19
2501 19
2502 17
2503 27
2504 28
2505 31
2506 47
2507 46
2508 50
2509 49
2510 48
2511 37
2512 60
2513 69
2514 82
2515 73
2516 70
2517 59
2518 50
2519 55
2520 59
2521 48
2522 49
2523 41
2524 31
2525 47
2526 56
2527 63
2528 47
2529 30
2530 33
2531 50
2532 41
2533 38
2534 34
2535 30
2536 26
2537 26
2538 19
2539 16
2540 12
2541 22
2542 15
2543 11
2544 10
2545 18
2546 16
2547 16
2548 8
2549 16
2550 11
2551 13
2552 12
2553 10
2554 13
2555 12
2556 11
2557 20
2558 7
2559 13
