0 29
1 26
2 17
3 21
4 35
5 26
6 18
7 28
8 23
9 22
10 23
11 26
12 24
13 19
14 27
15 27
16 24
17 21
18 20
19 16
20 19
21 25
22 20
23 31
24 30
25 32
26 23
27 25
28 33
29 28
30 29
31 19
32 30
33 10
34 23
35 30
36 29
37 15
38 30
39 26
40 28
41 18
42 21
43 28
44 25
45 27
46 24
47 21
48 22
49 22
50 15
51 30
52 30
53 30
54 27
55 21
56 20
57 37
58 27
59 33
60 16
61 20
62 20
63 33
64 23
65 27
66 27
67 26
68 23
69 28
70 27
71 20
72 23
73 24
74 28
75 27
76 15
77 12
78 21
79 21
80 29
81 19
82 27
83 21
84 32
85 20
86 16
87 35
88 29
89 25
90 17
91 26
92 29
93 23
94 19
95 20
96 23
97 24
98 20
99 33
100 28
101 12
102 26
103 33
104 24
105 33
106 22
107 25
108 27
109 21
110 24
111 31
112 25
113 24
114 27
115 14
116 34
117 26
118 30
119 32
120 29
121 24
122 25
123 25
124 28
125 25
126 20
127 29
128 34
129 22
130 19
131 33
132 23
133 27
134 26
135 29
136 20
137 28
138 28
139 27
140 20
141 24
142 25
143 24
144 25
145 34
146 19
147 35
148 21
149 17
150 32
151 37
152 23
153 33
154 25
155 25
156 19
157 17
158 20
159 26
160 28
161 23
162 24
163 24
164 27
165 34
166 34
167 14
168 14
169 28
170 20
171 25
172 19
173 29
174 26
175 19
176 32
177 30
178 24
179 25
180 24
181 22
182 20
183 32
184 24
185 25
186 33
187 27
188 28
189 31
190 28
191 26
192 24
193 18
194 24
195 25
196 52
197 36
198 30
199 22
200 25
201 22
202 33
203 28
204 17
205 31
206 30
207 35
208 37
209 26
210 29
211 28
212 23
213 38
214 32
215 27
216 29
217 31
218 25
219 31
220 38
221 32
222 25
223 27
224 30
225 26
226 25
227 34
228 27
229 20
230 31
231 35
232 26
233 28
234 19
235 32
236 29
237 21
238 29
239 26
240 24
241 21
242 34
243 35
244 22
245 24
246 29
247 32
248 16
249 33
250 31
251 20
252 36
253 23
254 40
255 27
256 24
257 26
258 27
259 32
260 26
261 31
262 30
263 20
264 30
265 35
266 30
267 35
268 33
269 28
270 27
271 23
272 23
273 30
274 31
275 26
276 29
277 28
278 36
279 34
280 40
281 25
282 32
283 25
284 27
285 34
286 24
287 21
288 33
289 25
290 32
291 35
292 27
293 31
294 30
295 37
296 31
297 27
298 33
299 23
300 28
301 31
302 27
303 37
304 32
305 27
306 27
307 27
308 36
309 38
310 30
311 34
312 26
313 28
314 15
315 24
316 30
317 31
318 30
319 33
320 28
321 30
322 26
323 36
324 31
325 27
326 25
327 30
328 34
329 35
330 34
331 23
332 27
333 25
334 40
335 31
336 32
337 24
338 28
339 31
340 37
341 29
342 23
343 24
344 28
345 32
346 33
347 23
348 40
349 28
350 29
351 26
352 22
353 36
354 42
355 29
356 28
357 21
358 32
359 22
360 22
361 32
362 30
363 35
364 36
365 30
366 29
367 31
368 37
369 31
370 28
371 39
372 26
373 33
374 34
375 32
376 34
377 28
378 34
379 30
380 30
381 35
382 32
383 28
384 26
385 26
386 30
387 20
388 28
389 34
390 33
391 30
392 31
393 38
394 33
395 33
396 42
397 39
398 32
399 26
400 21
401 38
402 24
403 30
404 35
405 35
406 37
407 29
408 28
409 35
410 35
411 34
412 27
413 25
414 29
415 29
416 27
417 25
418 29
419 28
420 21
421 28
422 22
423 30
424 38
425 29
426 31
427 32
428 29
429 18
430 34
431 29
432 25
433 34
434 34
435 45
436 34
437 32
438 38
439 35
440 36
441 31
442 30
443 29
444 44
445 33
446 32
447 29
448 26
449 23
450 24
451 42
452 33
453 30
454 32
455 36
456 36
457 26
458 28
459 26
460 30
461 38
462 29
463 21
464 36
465 26
466 32
467 33
468 31
469 32
470 34
471 24
472 25
473 30
474 33
475 24
476 30
477 32
478 34
479 36
480 34
481 35
482 39
483 32
484 47
485 30
486 31
487 39
488 30
489 31
490 36
491 32
492 20
493 39
494 33
495 33
496 36
497 41
498 31
499 41
500 29
501 30
502 36
503 34
504 42
505 28
506 35
507 41
508 26
509 20
510 40
511 32
512 34
513 27
514 37
515 37
516 34
517 35
518 33
519 33
520 31
521 36
522 34
523 30
524 37
525 31
526 28
527 32
528 27
529 35
530 36
531 29
532 28
533 33
534 36
535 30
536 30
537 33
538 31
539 42
540 42
541 38
542 21
543 28
544 39
545 33
546 29
547 36
548 29
549 36
550 27
551 34
552 33
553 32
554 34
555 39
556 39
557 37
558 40
559 25
560 39
561 28
562 38
563 41
564 38
565 31
566 29
567 36
568 32
569 44
570 35
571 30
572 22
573 34
574 30
575 36
576 31
577 29
578 38
579 41
580 33
581 32
582 28
583 27
584 29
585 25
586 24
587 27
588 35
589 27
590 32
591 36
592 32
593 32
594 40
595 47
596 38
597 32
598 41
599 33
600 35
601 30
602 40
603 36
604 32
605 31
606 36
607 32
608 31
609 31
610 27
611 24
612 31
613 37
614 39
615 37
616 32
617 33
618 39
619 39
620 24
621 31
622 26
623 26
624 23
625 43
626 30
627 34
628 37
629 29
630 29
631 25
632 25
633 33
634 24
635 48
636 36
637 30
638 40
639 39
640 37
641 44
642 38
643 47
644 50
645 45
646 46
647 36
648 49
649 43
650 63
651 56
652 73
653 86
654 106
655 120
656 113
657 108
658 117
659 98
660 109
661 74
662 83
663 82
664 81
665 64
666 78
667 81
668 85
669 110
670 81
671 67
672 50
673 33
674 37
675 46
676 31
677 39
678 34
679 42
680 33
681 36
682 41
683 34
684 41
685 35
686 38
687 41
688 40
689 39
690 32
691 29
692 29
693 35
694 33
695 42
696 39
697 31
698 33
699 35
700 39
701 33
702 29
703 34
704 44
705 33
706 22
707 40
708 31
709 34
710 35
711 34
712 37
713 38
714 27
715 27
716 35
717 36
718 34
719 36
720 26
721 40
722 30
723 28
724 31
725 33
726 39
727 22
728 32
729 38
730 23
731 37
732 37
733 30
734 34
735 29
736 34
737 27
738 52
739 40
740 21
741 36
742 30
743 27
744 38
745 30
746 31
747 40
748 35
749 27
750 28
751 24
752 35
753 32
754 32
755 35
756 34
757 29
758 21
759 16
760 35
761 23
762 32
763 42
764 29
765 34
766 23
767 33
768 30
769 32
770 37
771 32
772 29
773 35
774 33
775 46
776 32
777 32
778 34
779 29
780 27
781 33
782 32
783 39
784 40
785 25
786 30
787 31
788 36
789 26
790 26
791 32
792 43
793 36
794 30
795 32
796 44
797 39
798 30
799 38
800 26
801 35
802 26
803 37
804 25
805 45
806 26
807 43
808 33
809 28
810 34
811 41
812 28
813 33
814 29
815 25
816 40
817 33
818 28
819 28
820 26
821 32
822 40
823 26
824 17
825 31
826 35
827 34
828 27
829 28
830 27
831 31
832 31
833 37
834 36
835 44
836 33
837 35
838 23
839 30
840 35
841 34
842 33
843 48
844 28
845 42
846 29
847 28
848 40
849 28
850 22
851 39
852 36
853 24
854 24
855 32
856 25
857 24
858 22
859 30
860 37
861 30
862 40
863 33
864 36
865 27
866 29
867 29
868 26
869 32
870 35
871 34
872 36
873 28
874 28
875 30
876 36
877 27
878 28
879 36
880 35
881 32
882 35
883 41
884 22
885 35
886 29
887 25
888 36
889 32
890 33
891 29
892 28
893 44
894 31
895 27
896 43
897 31
898 42
899 38
900 44
901 31
902 35
903 39
904 25
905 31
906 50
907 34
908 33
909 23
910 28
911 37
912 23
913 28
914 28
915 31
916 31
917 30
918 33
919 19
920 24
921 27
922 27
923 32
924 27
925 45
926 29
927 23
928 33
929 39
930 38
931 26
932 37
933 29
934 23
935 25
936 30
937 30
938 28
939 26
940 30
941 31
942 26
943 33
944 31
945 29
946 35
947 34
948 32
949 26
950 22
951 37
952 31
953 27
954 30
955 35
956 24
957 28
958 26
959 27
960 27
961 29
962 29
963 32
964 22
965 32
966 21
967 22
968 27
969 25
970 34
971 37
972 29
973 36
974 29
975 35
976 25
977 27
978 30
979 31
980 27
981 21
982 26
983 23
984 30
985 45
986 27
987 22
988 36
989 31
990 33
991 35
992 26
993 25
994 23
995 24
996 34
997 34
998 21
999 37
1000 25
1001 29
1002 28
1003 19
1004 29
1005 31
1006 34
1007 34
1008 36
1009 26
1010 39
1011 21
1012 22
1013 32
1014 25
1015 28
1016 31
1017 32
1018 34
1019 27
1020 39
1021 32
1022 40
1023 27
1024 19
1025 25
1026 18
1027 41
1028 28
1029 25
1030 24
1031 28
1032 28
1033 26
1034 32
1035 28
1036 35
1037 30
1038 27
1039 25
1040 23
1041 29
1042 17
1043 22
1044 32
1045 24
1046 38
1047 35
1048 25
1049 25
1050 27
1051 36
1052 27
1053 31
1054 29
1055 41
1056 28
1057 33
1058 27
1059 43
1060 34
1061 38
1062 35
1063 27
1064 31
1065 35
1066 34
1067 34
1068 21
1069 26
1070 29
1071 26
1072 28
1073 29
1074 27
1075 29
1076 28
1077 34
1078 32
1079 37
1080 27
1081 33
1082 21
1083 29
1084 32
1085 35
1086 25
1087 28
1088 33
1089 28
1090 32
1091 33
1092 25
1093 29
1094 23
1095 27
1096 31
1097 33
1098 29
1099 34
1100 32
1101 17
1102 26
1103 32
1104 36
1105 31
1106 21
1107 31
1108 32
1109 28
1110 29
1111 22
1112 25
1113 20
1114 27
1115 27
1116 25
1117 20
1118 22
1119 22
1120 22
1121 30
1122 20
1123 25
1124 32
1125 29
1126 39
1127 30
1128 29
1129 36
1130 23
1131 22
1132 27
1133 28
1134 30
1135 36
1136 34
1137 29
1138 21
1139 33
1140 30
1141 19
1142 29
1143 29
1144 38
1145 33
1146 36
1147 36
1148 27
1149 40
1150 24
1151 24
1152 27
1153 24
1154 29
1155 22
1156 42
1157 29
1158 28
1159 35
1160 49
1161 33
1162 29
1163 39
1164 37
1165 25
1166 28
1167 24
1168 32
1169 38
1170 26
1171 35
1172 30
1173 24
1174 27
1175 29
1176 40
1177 30
1178 14
1179 34
1180 33
1181 36
1182 31
1183 34
1184 32
1185 33
1186 30
1187 35
1188 30
1189 22
1190 42
1191 37
1192 37
1193 59
1194 55
1195 66
1196 70
1197 75
1198 83
1199 131
1200 160
1201 183
1202 198
1203 248
1204 303
1205 378
1206 486
1207 555
1208 504
1209 510
1210 519
1211 559
1212 594
1213 571
1214 544
1215 383
1216 336
1217 294
1218 258
1219 182
1220 167
1221 99
1222 68
1223 46
1224 47
1225 38
1226 30
1227 25
1228 34
1229 28
1230 26
1231 27
1232 24
1233 29
1234 32
1235 40
1236 21
1237 37
1238 29
1239 28
1240 33
1241 35
1242 30
1243 38
1244 29
1245 32
1246 31
1247 26
1248 26
1249 27
1250 27
1251 37
1252 23
1253 24
1254 17
1255 24
1256 25
1257 18
1258 27
1259 35
1260 31
1261 19
1262 26
1263 24
1264 30
1265 22
1266 26
1267 19
1268 25
1269 25
1270 18
1271 18
1272 17
1273 16
1274 18
1275 17
1276 21
1277 13
1278 9
1279 1
1280 28
1281 31
1282 29
1283 26
1284 25
1285 24
1286 22
1287 28
1288 22
1289 20
1290 32
1291 21
1292 24
1293 23
1294 22
1295 21
1296 25
1297 18
1298 23
1299 23
1300 15
1301 21
1302 24
1303 30
1304 17
1305 29
1306 27
1307 26
1308 13
1309 21
1310 22
1311 23
1312 19
1313 27
1314 14
1315 21
1316 20
1317 29
1318 23
1319 23
1320 18
1321 23
1322 17
1323 22
1324 14
1325 24
1326 21
1327 28
1328 17
1329 21
1330 13
1331 17
1332 15
1333 19
1334 25
1335 25
1336 26
1337 28
1338 25
1339 19
1340 16
1341 22
1342 18
1343 30
1344 17
1345 23
1346 19
1347 24
1348 23
1349 20
1350 24
1351 25
1352 23
1353 22
1354 22
1355 22
1356 22
1357 19
1358 24
1359 29
1360 20
1361 25
1362 25
1363 20
1364 12
1365 21
1366 23
1367 16
1368 22
1369 23
1370 25
1371 22
1372 21
1373 26
1374 28
1375 18
1376 23
1377 19
1378 19
1379 19
1380 18
1381 22
1382 21
1383 22
1384 24
1385 28
1386 22
1387 23
1388 26
1389 25
1390 27
1391 16
1392 19
1393 26
1394 21
1395 11
1396 19
1397 17
1398 22
1399 16
1400 17
1401 18
1402 17
1403 21
1404 13
1405 18
1406 21
1407 26
1408 18
1409 22
1410 19
1411 21
1412 20
1413 22
1414 26
1415 21
1416 22
1417 21
1418 21
1419 15
1420 14
1421 22
1422 13
1423 17
1424 24
1425 24
1426 30
1427 24
1428 40
1429 32
1430 40
1431 41
1432 47
1433 42
1434 40
1435 39
1436 53
1437 47
1438 56
1439 45
1440 41
1441 38
1442 27
1443 25
1444 26
1445 28
1446 27
1447 21
1448 21
1449 23
1450 20
1451 22
1452 15
1453 26
1454 20
1455 19
1456 19
1457 17
1458 13
1459 15
1460 17
1461 27
1462 27
1463 20
1464 19
1465 23
1466 22
1467 20
1468 21
1469 23
1470 21
1471 20
1472 13
1473 18
1474 13
1475 24
1476 20
1477 19
1478 22
1479 16
1480 23
1481 23
1482 20
1483 19
1484 17
1485 19
1486 18
1487 21
1488 13
1489 22
1490 21
1491 24
1492 22
1493 16
1494 19
1495 22
1496 17
1497 18
1498 16
1499 15
1500 16
1501 14
1502 24
1503 29
1504 26
1505 23
1506 35
1507 37
1508 23
1509 46
1510 47
1511 42
1512 62
1513 69
1514 85
1515 106
1516 122
1517 139
1518 140
1519 181
1520 206
1521 178
1522 190
1523 221
1524 268
1525 308
1526 330
1527 364
1528 372
1529 345
1530 266
1531 201
1532 157
1533 77
1534 57
1535 51
1536 44
1537 34
1538 35
1539 27
1540 27
1541 17
1542 19
1543 16
1544 19
1545 20
1546 21
1547 24
1548 23
1549 10
1550 10
1551 25
1552 15
1553 19
1554 17
1555 18
1556 19
1557 29
1558 16
1559 25
1560 17
1561 16
1562 25
1563 15
1564 15
1565 14
1566 22
1567 15
1568 23
1569 23
1570 19
1571 27
1572 16
1573 22
1574 19
1575 14
1576 10
1577 24
1578 25
1579 25
1580 18
1581 17
1582 21
1583 18
1584 10
1585 22
1586 22
1587 24
1588 16
1589 21
1590 25
1591 14
1592 20
1593 20
1594 20
1595 21
1596 23
1597 15
1598 17
1599 16
1600 14
1601 29
1602 23
1603 14
1604 19
1605 22
1606 21
1607 16
1608 20
1609 14
1610 18
1611 15
1612 16
1613 15
1614 13
1615 25
1616 15
1617 21
1618 17
1619 13
1620 26
1621 18
1622 21
1623 17
1624 15
1625 22
1626 19
1627 17
1628 21
1629 13
1630 18
1631 21
1632 20
1633 20
1634 15
1635 17
1636 16
1637 14
1638 13
1639 18
1640 17
1641 18
1642 20
1643 16
1644 34
1645 16
1646 17
1647 17
1648 14
1649 13
1650 13
1651 25
1652 17
1653 15
1654 17
1655 16
1656 21
1657 17
1658 15
1659 27
1660 20
1661 24
1662 28
1663 18
1664 14
1665 16
1666 18
1667 18
1668 16
1669 22
1670 15
1671 28
1672 15
1673 16
1674 23
1675 18
1676 21
1677 18
1678 17
1679 17
1680 22
1681 20
1682 16
1683 22
1684 20
1685 20
1686 14
1687 14
1688 19
1689 17
1690 27
1691 19
1692 22
1693 21
1694 22
1695 14
1696 14
1697 18
1698 23
1699 15
1700 15
1701 21
1702 17
1703 21
1704 21
1705 15
1706 17
1707 20
1708 16
1709 15
1710 15
1711 14
1712 17
1713 20
1714 19
1715 12
1716 14
1717 10
1718 17
1719 13
1720 23
1721 20
1722 15
1723 21
1724 18
1725 23
1726 18
1727 20
1728 11
1729 19
1730 15
1731 22
1732 16
1733 13
1734 17
1735 19
1736 18
1737 12
1738 21
1739 20
1740 26
1741 19
1742 17
1743 13
1744 15
1745 21
1746 23
1747 18
1748 19
1749 14
1750 11
1751 16
1752 22
1753 14
1754 24
1755 21
1756 22
1757 24
1758 16
1759 20
1760 23
1761 22
1762 15
1763 14
1764 19
1765 9
1766 16
1767 18
1768 17
1769 16
1770 15
1771 17
1772 10
1773 20
1774 16
1775 17
1776 20
1777 16
1778 14
1779 16
1780 12
1781 15
1782 18
1783 14
1784 14
1785 16
1786 15
1787 15
1788 17
1789 19
1790 17
1791 12
1792 15
1793 11
1794 15
1795 17
1796 20
1797 20
1798 27
1799 15
1800 15
1801 14
1802 17
1803 12
1804 13
1805 12
1806 14
1807 19
1808 12
1809 14
1810 9
1811 14
1812 14
1813 21
1814 20
1815 18
1816 13
1817 14
1818 20
1819 20
1820 19
1821 11
1822 18
1823 19
1824 19
1825 14
1826 20
1827 12
1828 17
1829 27
1830 9
1831 7
1832 18
1833 11
1834 18
1835 22
1836 14
1837 18
1838 18
1839 9
1840 14
1841 14
1842 16
1843 15
1844 23
1845 18
1846 16
1847 17
1848 13
1849 16
1850 16
1851 18
1852 12
1853 11
1854 11
1855 20
1856 10
1857 24
1858 22
1859 16
1860 21
1861 12
1862 16
1863 16
1864 13
1865 17
1866 21
1867 22
1868 21
1869 18
1870 18
1871 16
1872 13
1873 14
1874 18
1875 12
1876 22
1877 18
1878 20
1879 16
1880 17
1881 10
1882 13
1883 16
1884 16
1885 16
1886 18
1887 17
1888 13
1889 14
1890 13
1891 10
1892 25
1893 24
1894 14
1895 19
1896 21
1897 9
1898 15
1899 19
1900 14
1901 10
1902 13
1903 12
1904 11
1905 16
1906 17
1907 18
1908 20
1909 13
1910 21
1911 13
1912 20
1913 18
1914 13
1915 13
1916 18
1917 14
1918 14
1919 16
1920 11
1921 16
1922 18
1923 9
1924 18
1925 13
1926 29
1927 19
1928 16
1929 15
1930 17
1931 11
1932 10
1933 17
1934 15
1935 13
1936 23
1937 16
1938 28
1939 19
1940 17
1941 18
1942 19
1943 21
1944 19
1945 15
1946 20
1947 15
1948 17
1949 12
1950 15
1951 13
1952 18
1953 13
1954 16
1955 16
1956 23
1957 17
1958 25
1959 24
1960 21
1961 19
1962 22
1963 17
1964 20
1965 24
1966 19
1967 23
1968 24
1969 18
1970 13
1971 18
1972 20
1973 13
1974 18
1975 18
1976 17
1977 13
1978 15
1979 11
1980 24
1981 9
1982 19
1983 10
1984 12
1985 21
1986 19
1987 12
1988 6
1989 17
1990 20
1991 19
1992 17
1993 16
1994 8
1995 22
1996 23
1997 19
1998 20
1999 27
2000 25
2001 17
2002 28
2003 29
2004 36
2005 44
2006 42
2007 62
2008 72
2009 78
2010 81
2011 91
2012 97
2013 108
2014 104
2015 120
2016 144
2017 107
2018 111
2019 115
2020 92
2021 94
2022 75
2023 81
2024 48
2025 55
2026 31
2027 28
2028 20
2029 25
2030 22
2031 15
2032 11
2033 13
2034 13
2035 19
2036 13
2037 10
2038 14
2039 21
2040 12
2041 14
2042 12
2043 14
2044 16
2045 14
2046 18
2047 13
2048 13
2049 13
2050 12
2051 13
2052 12
2053 15
2054 13
2055 11
2056 15
2057 13
2058 17
2059 13
2060 10
2061 11
2062 11
2063 13
2064 9
2065 10
2066 18
2067 14
2068 13
2069 20
2070 18
2071 14
2072 14
2073 12
2074 8
2075 14
2076 17
2077 13
2078 21
2079 19
2080 20
2081 16
2082 18
2083 12
2084 10
2085 12
2086 9
2087 12
2088 16
2089 27
2090 15
2091 14
2092 21
2093 15
2094 9
2095 13
2096 16
2097 19
2098 11
2099 14
2100 15
2101 9
2102 10
2103 19
2104 11
2105 15
2106 15
2107 6
2108 18
2109 9
2110 13
2111 12
2112 14
2113 11
2114 13
2115 10
2116 14
2117 8
2118 17
2119 18
2120 10
2121 12
2122 10
2123 9
2124 8
2125 14
2126 12
2127 9
2128 20
2129 12
2130 13
2131 16
2132 10
2133 16
2134 14
2135 9
2136 18
2137 17
2138 10
2139 11
2140 14
2141 13
2142 12
2143 15
2144 14
2145 9
2146 13
2147 16
2148 11
2149 17
2150 13
2151 8
2152 24
2153 19
2154 7
2155 14
2156 11
2157 14
2158 13
2159 15
2160 12
2161 20
2162 8
2163 9
2164 7
2165 27
2166 18
2167 14
2168 18
2169 14
2170 11
2171 13
2172 14
2173 10
2174 19
2175 18
2176 18
2177 15
2178 17
2179 17
2180 18
2181 16
2182 17
2183 16
2184 22
2185 15
2186 12
2187 10
2188 11
2189 18
2190 11
2191 21
2192 14
2193 10
2194 9
2195 10
2196 17
2197 14
2198 13
2199 18
2200 20
2201 13
2202 16
2203 12
2204 17
2205 15
2206 11
2207 9
2208 15
2209 11
2210 9
2211 14
2212 13
2213 20
2214 16
2215 13
2216 11
2217 25
2218 16
2219 7
2220 19
2221 17
2222 12
2223 9
2224 7
2225 9
2226 11
2227 15
2228 17
2229 18
2230 11
2231 12
2232 12
2233 15
2234 6
2235 14
2236 12
2237 4
2238 19
2239 10
2240 14
2241 13
2242 16
2243 12
2244 11
2245 23
2246 11
2247 13
2248 18
2249 16
2250 12
2251 9
2252 17
2253 12
2254 20
2255 16
2256 14
2257 25
2258 16
2259 16
2260 21
2261 26
2262 17
2263 14
2264 16
2265 18
2266 17
2267 32
2268 44
2269 39
2270 59
2271 79
2272 81
2273 119
2274 100
2275 124
2276 154
2277 190
2278 246
2279 305
2280 369
2281 376
2282 357
2283 342
2284 379
2285 448
2286 507
2287 413
2288 407
2289 374
2290 410
2291 394
2292 421
2293 319
2294 283
2295 308
2296 266
2297 299
2298 219
2299 136
2300 124
2301 105
2302 83
2303 91
2304 68
2305 61
2306 45
2307 31
2308 29
2309 22
2310 31
2311 25
2312 27
2313 22
2314 17
2315 22
2316 17
2317 20
2318 15
2319 11
2320 15
2321 15
2322 14
2323 17
2324 8
2325 21
2326 13
2327 12
2328 14
2329 16
2330 7
2331 14
2332 11
2333 12
2334 11
2335 6
2336 15
2337 13
2338 16
2339 15
2340 11
2341 9
2342 16
2343 13
2344 14
2345 13
2346 13
2347 10
2348 13
2349 21
2350 14
2351 20
2352 16
2353 12
2354 16
2355 8
2356 12
2357 15
2358 11
2359 10
2360 10
2361 10
2362 9
2363 14
2364 20
2365 13
2366 12
2367 13
2368 14
2369 10
2370 13
2371 11
2372 13
2373 10
2374 17
2375 12
2376 14
2377 16
2378 16
2379 13
2380 16
2381 14
2382 12
2383 16
2384 6
2385 19
2386 14
2387 14
2388 13
2389 16
2390 11
2391 16
2392 15
2393 13
2394 15
2395 10
2396 13
2397 14
2398 15
2399 13
2400 20
2401 9
2402 10
2403 14
2404 16
2405 9
2406 12
2407 15
2408 15
2409 10
2410 14
2411 12
2412 14
2413 10
2414 16
2415 16
2416 15
2417 15
2418 13
2419 13
2420 10
2421 11
2422 14
2423 9
2424 15
2425 15
2426 14
2427 14
2428 18
2429 10
2430 18
2431 16
2432 12
2433 7
2434 6
2435 14
2436 10
2437 9
2438 16
2439 11
2440 16
2441 17
2442 8
2443 18
2444 18
2445 17
2446 14
2447 16
2448 12
2449 12
2450 12
2451 14
2452 11
2453 15
2454 10
2455 10
2456 15
2457 19
2458 7
2459 17
2460 16
2461 15
2462 11
2463 14
2464 13
2465 9
2466 7
2467 10
2468 8
2469 17
2470 15
2471 18
2472 6
2473 16
2474 14
2475 14
2476 21
2477 16
2478 8
2479 14
2480 10
2481 13
2482 14
2483 14
2484 21
2485 17
2486 21
2487 19
2488 20
2489 32
2490 43
2491 49
2492 34
2493 46
2494 60
2495 55
2496 64
2497 70
2498 81
2499 104
2500 91
2501 87
2502 88
2503 74
2504 87
2505 93
2506 62
2507 74
2508 69
2509 47
2510 53
2511 52
2512 64
2513 53
2514 44
2515 55
2516 48
2517 42
2518 27
2519 25
2520 27
2521 24
2522 22
2523 13
2524 23
2525 11
2526 17
2527 9
2528 18
2529 11
2530 9
2531 16
2532 6
2533 12
2534 14
2535 10
2536 9
2537 7
2538 10
2539 9
2540 11
2541 10
2542 8
2543 15
2544 9
2545 7
2546 8
2547 8
2548 9
2549 9
2550 10
2551 10
2552 8
2553 9
2554 12
2555 11
2556 13
2557 11
2558 14
2559 15
