0 42
1 27
2 35
3 28
4 31
5 41
6 32
7 35
8 33
9 38
10 46
11 34
12 29
13 33
14 28
15 32
16 38
17 32
18 33
19 29
20 32
21 36
22 36
23 31
24 34
25 40
26 46
27 33
28 30
29 29
30 35
31 26
32 22
33 32
34 45
35 25
36 38
37 30
38 25
39 29
40 35
41 30
42 37
43 24
44 47
45 28
46 32
47 30
48 30
49 27
50 33
51 37
52 36
53 21
54 34
55 47
56 30
57 39
58 34
59 29
60 27
61 34
62 33
63 28
64 44
65 30
66 37
67 27
68 26
69 31
70 24
71 29
72 34
73 26
74 40
75 41
76 33
77 36
78 22
79 28
80 31
81 29
82 31
83 26
84 30
85 42
86 36
87 28
88 37
89 35
90 30
91 30
92 32
93 37
94 35
95 34
96 31
97 38
98 30
99 40
100 39
101 27
102 36
103 26
104 39
105 44
106 31
107 43
108 28
109 26
110 30
111 29
112 40
113 35
114 29
115 42
116 32
117 30
118 45
119 39
120 44
121 32
122 35
123 21
124 33
125 41
126 39
127 28
128 40
129 42
130 35
131 38
132 31
133 31
134 27
135 33
136 34
137 24
138 25
139 33
140 37
141 42
142 35
143 35
144 43
145 32
146 47
147 42
148 26
149 31
150 21
151 43
152 29
153 42
154 37
155 36
156 35
157 33
158 33
159 26
160 46
161 28
162 35
163 37
164 33
165 38
166 33
167 29
168 36
169 42
170 29
171 33
172 36
173 28
174 41
175 32
176 22
177 24
178 46
179 38
180 42
181 29
182 25
183 27
184 42
185 46
186 32
187 29
188 30
189 34
190 41
191 39
192 25
193 41
194 33
195 47
196 36
197 44
198 26
199 37
200 37
201 38
202 35
203 39
204 34
205 26
206 32
207 33
208 39
209 38
210 27
211 35
212 45
213 35
214 45
215 44
216 37
217 32
218 32
219 32
220 43
221 33
222 33
223 37
224 35
225 35
226 35
227 40
228 41
229 39
230 30
231 33
232 28
233 38
234 36
235 34
236 35
237 38
238 32
239 37
240 46
241 36
242 28
243 28
244 50
245 29
246 34
247 34
248 21
249 28
250 44
251 33
252 35
253 46
254 30
255 38
256 34
257 32
258 32
259 33
260 24
261 43
262 44
263 30
264 29
265 29
266 38
267 28
268 25
269 39
270 40
271 32
272 29
273 35
274 39
275 38
276 40
277 29
278 38
279 35
280 33
281 24
282 33
283 37
284 38
285 36
286 42
287 36
288 35
289 35
290 39
291 34
292 34
293 40
294 38
295 28
296 47
297 51
298 33
299 40
300 40
301 38
302 28
303 38
304 40
305 38
306 52
307 54
308 44
309 32
310 36
311 35
312 25
313 23
314 34
315 40
316 36
317 36
318 46
319 31
320 36
321 36
322 37
323 31
324 50
325 48
326 32
327 30
328 41
329 44
330 30
331 37
332 41
333 35
334 30
335 37
336 30
337 32
338 35
339 35
340 38
341 35
342 43
343 32
344 29
345 30
346 27
347 36
348 44
349 36
350 36
351 45
352 46
353 40
354 33
355 35
356 51
357 44
358 36
359 35
360 37
361 38
362 44
363 34
364 41
365 36
366 43
367 29
368 37
369 25
370 38
371 35
372 28
373 29
374 33
375 42
376 47
377 42
378 33
379 36
380 40
381 33
382 41
383 43
384 40
385 36
386 35
387 38
388 34
389 34
390 42
391 40
392 41
393 43
394 52
395 49
396 34
397 38
398 37
399 39
400 42
401 36
402 34
403 37
404 37
405 35
406 29
407 56
408 46
409 39
410 37
411 38
412 39
413 41
414 36
415 28
416 30
417 44
418 32
419 41
420 31
421 54
422 37
423 39
424 40
425 30
426 36
427 46
428 42
429 42
430 40
431 40
432 38
433 44
434 43
435 47
436 45
437 41
438 38
439 39
440 50
441 39
442 33
443 38
444 38
445 39
446 38
447 30
448 40
449 37
450 31
451 27
452 35
453 55
454 37
455 31
456 35
457 39
458 41
459 40
460 38
461 38
462 34
463 45
464 42
465 38
466 32
467 49
468 34
469 38
470 44
471 47
472 35
473 46
474 37
475 33
476 37
477 31
478 40
479 39
480 30
481 40
482 41
483 36
484 26
485 37
486 46
487 39
488 38
489 39
490 35
491 40
492 41
493 29
494 30
495 35
496 39
497 37
498 35
499 38
500 35
501 41
502 45
503 55
504 54
505 60
506 40
507 47
508 51
509 49
510 46
511 58
512 61
513 53
514 62
515 71
516 52
517 66
518 52
519 48
520 76
521 96
522 116
523 138
524 165
525 129
526 117
527 107
528 117
529 82
530 76
531 79
532 90
533 103
534 115
535 141
536 138
537 108
538 87
539 101
540 126
541 82
542 87
543 85
544 80
545 61
546 50
547 44
548 41
549 34
550 32
551 40
552 44
553 45
554 46
555 44
556 40
557 34
558 33
559 43
560 41
561 44
562 40
563 41
564 46
565 56
566 38
567 46
568 33
569 47
570 40
571 42
572 34
573 39
574 44
575 41
576 37
577 40
578 44
579 30
580 37
581 39
582 31
583 40
584 44
585 33
586 38
587 38
588 35
589 41
590 38
591 37
592 47
593 38
594 45
595 36
596 46
597 45
598 40
599 46
600 43
601 33
602 35
603 29
604 27
605 30
606 24
607 49
608 30
609 41
610 43
611 45
612 46
613 32
614 40
615 54
616 52
617 43
618 36
619 26
620 34
621 29
622 29
623 42
624 45
625 34
626 52
627 42
628 55
629 40
630 46
631 39
632 42
633 43
634 43
635 43
636 33
637 40
638 51
639 44
640 37
641 36
642 39
643 53
644 36
645 42
646 25
647 40
648 35
649 41
650 48
651 48
652 45
653 46
654 43
655 50
656 48
657 35
658 44
659 47
660 56
661 39
662 56
663 43
664 36
665 25
666 36
667 50
668 42
669 42
670 46
671 40
672 33
673 47
674 34
675 46
676 44
677 49
678 38
679 47
680 44
681 38
682 45
683 39
684 36
685 34
686 34
687 34
688 40
689 42
690 33
691 23
692 43
693 46
694 38
695 36
696 47
697 45
698 49
699 38
700 47
701 32
702 28
703 47
704 30
705 48
706 31
707 42
708 47
709 44
710 40
711 27
712 35
713 41
714 32
715 34
716 38
717 40
718 35
719 38
720 43
721 43
722 47
723 34
724 38
725 37
726 35
727 34
728 44
729 49
730 38
731 37
732 40
733 44
734 53
735 33
736 41
737 33
738 37
739 35
740 30
741 31
742 32
743 39
744 38
745 29
746 38
747 33
748 45
749 37
750 41
751 44
752 37
753 46
754 33
755 35
756 28
757 52
758 35
759 46
760 51
761 37
762 36
763 31
764 41
765 34
766 34
767 34
768 48
769 39
770 40
771 37
772 34
773 44
774 38
775 31
776 46
777 34
778 35
779 29
780 39
781 44
782 42
783 32
784 36
785 39
786 45
787 43
788 42
789 36
790 28
791 43
792 31
793 38
794 46
795 44
796 39
797 42
798 36
799 42
800 41
801 28
802 41
803 35
804 28
805 33
806 46
807 27
808 48
809 26
810 46
811 34
812 37
813 39
814 40
815 33
816 40
817 31
818 44
819 36
820 34
821 32
822 39
823 30
824 37
825 37
826 30
827 31
828 53
829 44
830 38
831 36
832 36
833 29
834 30
835 41
836 30
837 36
838 23
839 32
840 30
841 29
842 34
843 34
844 33
845 31
846 29
847 34
848 42
849 36
850 35
851 44
852 39
853 44
854 31
855 42
856 37
857 39
858 40
859 37
860 46
861 49
862 40
863 39
864 36
865 44
866 44
867 51
868 33
869 31
870 33
871 27
872 33
873 34
874 31
875 39
876 42
877 50
878 40
879 44
880 34
881 41
882 37
883 38
884 33
885 41
886 33
887 30
888 41
889 39
890 32
891 29
892 43
893 37
894 33
895 29
896 37
897 47
898 36
899 26
900 38
901 38
902 43
903 28
904 42
905 27
906 31
907 27
908 43
909 39
910 34
911 48
912 40
913 45
914 45
915 46
916 30
917 46
918 42
919 44
920 33
921 50
922 32
923 37
924 41
925 49
926 30
927 28
928 24
929 38
930 38
931 39
932 30
933 29
934 41
935 26
936 39
937 30
938 37
939 36
940 42
941 23
942 39
943 33
944 30
945 35
946 25
947 37
948 33
949 37
950 42
951 38
952 39
953 36
954 33
955 32
956 40
957 41
958 39
959 32
960 23
961 34
962 37
963 29
964 27
965 39
966 41
967 51
968 12
969 36
970 28
971 36
972 28
973 24
974 25
975 34
976 23
977 37
978 29
979 26
980 38
981 33
982 42
983 41
984 33
985 41
986 28
987 34
988 24
989 48
990 28
991 29
992 31
993 37
994 28
995 37
996 43
997 27
998 38
999 39
1000 37
1001 37
1002 42
1003 36
1004 34
1005 29
1006 36
1007 34
1008 40
1009 30
1010 42
1011 45
1012 37
1013 31
1014 27
1015 25
1016 35
1017 37
1018 32
1019 31
1020 32
1021 35
1022 42
1023 30
1024 43
1025 42
1026 39
1027 54
1028 57
1029 59
1030 66
1031 51
1032 85
1033 65
1034 81
1035 88
1036 102
1037 137
1038 158
1039 184
1040 211
1041 218
1042 231
1043 277
1044 329
1045 330
1046 346
1047 359
1048 441
1049 491
1050 408
1051 418
1052 516
1053 529
1054 469
1055 400
1056 519
1057 379
1058 270
1059 233
1060 187
1061 165
1062 87
1063 58
1064 48
1065 50
1066 29
1067 35
1068 39
1069 24
1070 44
1071 36
1072 44
1073 33
1074 36
1075 29
1076 36
1077 45
1078 34
1079 36
1080 33
1081 38
1082 32
1083 31
1084 36
1085 29
1086 29
1087 42
1088 32
1089 33
1090 34
1091 34
1092 31
1093 29
1094 34
1095 29
1096 30
1097 34
1098 31
1099 34
1100 41
1101 29
1102 29
1103 39
1104 43
1105 35
1106 26
1107 39
1108 35
1109 36
1110 36
1111 36
1112 37
1113 33
1114 39
1115 35
1116 36
1117 34
1118 39
1119 30
1120 35
1121 56
1122 36
1123 28
1124 25
1125 23
1126 39
1127 34
1128 43
1129 45
1130 28
1131 38
1132 30
1133 30
1134 40
1135 35
1136 28
1137 32
1138 34
1139 32
1140 27
1141 41
1142 25
1143 29
1144 28
1145 31
1146 35
1147 30
1148 35
1149 24
1150 38
1151 38
1152 38
1153 38
1154 30
1155 32
1156 27
1157 34
1158 45
1159 41
1160 49
1161 36
1162 37
1163 23
1164 32
1165 39
1166 42
1167 40
1168 48
1169 39
1170 62
1171 69
1172 76
1173 68
1174 65
1175 67
1176 63
1177 68
1178 54
1179 81
1180 53
1181 59
1182 60
1183 64
1184 66
1185 59
1186 50
1187 48
1188 64
1189 52
1190 43
1191 51
1192 34
1193 41
1194 33
1195 32
1196 46
1197 43
1198 31
1199 25
1200 30
1201 35
1202 31
1203 32
1204 34
1205 38
1206 37
1207 33
1208 28
1209 35
1210 25
1211 28
1212 23
1213 27
1214 34
1215 22
1216 24
1217 26
1218 37
1219 36
1220 20
1221 32
1222 40
1223 39
1224 23
1225 33
1226 29
1227 31
1228 34
1229 40
1230 26
1231 25
1232 28
1233 31
1234 29
1235 30
1236 39
1237 28
1238 27
1239 44
1240 37
1241 34
1242 32
1243 33
1244 45
1245 31
1246 23
1247 35
1248 35
1249 46
1250 30
1251 30
1252 25
1253 34
1254 25
1255 29
1256 20
1257 27
1258 34
1259 31
1260 28
1261 37
1262 37
1263 25
1264 27
1265 28
1266 31
1267 22
1268 34
1269 21
1270 17
1271 20
1272 19
1273 23
1274 17
1275 21
1276 21
1277 21
1278 19
1279 16
1280 37
1281 38
1282 24
1283 35
1284 32
1285 34
1286 23
1287 18
1288 22
1289 29
1290 27
1291 29
1292 19
1293 25
1294 31
1295 34
1296 41
1297 21
1298 33
1299 18
1300 20
1301 30
1302 22
1303 22
1304 20
1305 30
1306 27
1307 25
1308 26
1309 24
1310 22
1311 35
1312 32
1313 33
1314 40
1315 31
1316 38
1317 39
1318 45
1319 45
1320 46
1321 53
1322 72
1323 69
1324 49
1325 72
1326 89
1327 96
1328 108
1329 152
1330 159
1331 148
1332 163
1333 257
1334 295
1335 279
1336 268
1337 206
1338 181
1339 205
1340 227
1341 255
1342 216
1343 136
1344 102
1345 99
1346 87
1347 90
1348 111
1349 65
1350 49
1351 52
1352 17
1353 30
1354 21
1355 26
1356 24
1357 29
1358 23
1359 20
1360 32
1361 27
1362 24
1363 23
1364 30
1365 21
1366 19
1367 28
1368 24
1369 27
1370 18
1371 25
1372 25
1373 22
1374 25
1375 28
1376 26
1377 21
1378 25
1379 10
1380 28
1381 21
1382 25
1383 24
1384 25
1385 18
1386 23
1387 20
1388 19
1389 27
1390 22
1391 26
1392 23
1393 20
1394 14
1395 21
1396 24
1397 29
1398 25
1399 23
1400 25
1401 18
1402 28
1403 31
1404 24
1405 23
1406 23
1407 24
1408 25
1409 18
1410 17
1411 27
1412 33
1413 22
1414 28
1415 35
1416 29
1417 24
1418 38
1419 26
1420 21
1421 20
1422 28
1423 19
1424 19
1425 19
1426 27
1427 22
1428 22
1429 20
1430 15
1431 27
1432 16
1433 24
1434 25
1435 22
1436 25
1437 20
1438 12
1439 25
1440 21
1441 21
1442 22
1443 25
1444 17
1445 15
1446 17
1447 18
1448 14
1449 30
1450 17
1451 23
1452 17
1453 31
1454 21
1455 29
1456 25
1457 21
1458 30
1459 27
1460 26
1461 23
1462 28
1463 23
1464 17
1465 29
1466 19
1467 31
1468 23
1469 26
1470 19
1471 19
1472 20
1473 24
1474 18
1475 21
1476 17
1477 23
1478 18
1479 14
1480 26
1481 19
1482 30
1483 23
1484 24
1485 20
1486 25
1487 27
1488 29
1489 23
1490 28
1491 26
1492 19
1493 15
1494 18
1495 19
1496 18
1497 13
1498 30
1499 15
1500 20
1501 21
1502 21
1503 19
1504 28
1505 17
1506 18
1507 25
1508 13
1509 19
1510 25
1511 22
1512 18
1513 16
1514 20
1515 27
1516 26
1517 18
1518 13
1519 22
1520 23
1521 19
1522 20
1523 32
1524 17
1525 24
1526 23
1527 20
1528 24
1529 19
1530 29
1531 18
1532 15
1533 20
1534 18
1535 25
1536 22
1537 25
1538 18
1539 17
1540 20
1541 19
1542 24
1543 23
1544 21
1545 25
1546 17
1547 21
1548 25
1549 23
1550 15
1551 26
1552 13
1553 19
1554 21
1555 16
1556 27
1557 20
1558 22
1559 22
1560 21
1561 25
1562 27
1563 19
1564 26
1565 21
1566 16
1567 17
1568 17
1569 20
1570 27
1571 26
1572 24
1573 19
1574 24
1575 20
1576 25
1577 13
1578 21
1579 21
1580 21
1581 21
1582 22
1583 30
1584 20
1585 22
1586 13
1587 21
1588 27
1589 20
1590 21
1591 24
1592 25
1593 10
1594 25
1595 20
1596 20
1597 17
1598 21
1599 11
1600 18
1601 15
1602 15
1603 23
1604 20
1605 17
1606 24
1607 24
1608 19
1609 21
1610 19
1611 19
1612 24
1613 20
1614 14
1615 19
1616 29
1617 16
1618 22
1619 25
1620 22
1621 18
1622 18
1623 23
1624 22
1625 21
1626 17
1627 23
1628 21
1629 24
1630 22
1631 23
1632 18
1633 17
1634 21
1635 17
1636 20
1637 28
1638 17
1639 17
1640 19
1641 15
1642 17
1643 26
1644 27
1645 9
1646 23
1647 17
1648 13
1649 16
1650 20
1651 19
1652 23
1653 20
1654 10
1655 11
1656 19
1657 18
1658 19
1659 14
1660 23
1661 22
1662 21
1663 20
1664 21
1665 20
1666 21
1667 28
1668 21
1669 21
1670 19
1671 20
1672 22
1673 16
1674 18
1675 22
1676 17
1677 25
1678 11
1679 17
1680 13
1681 16
1682 14
1683 20
1684 20
1685 23
1686 27
1687 21
1688 14
1689 24
1690 14
1691 22
1692 19
1693 22
1694 21
1695 12
1696 18
1697 26
1698 23
1699 17
1700 24
1701 17
1702 31
1703 13
1704 26
1705 20
1706 17
1707 19
1708 22
1709 19
1710 22
1711 22
1712 23
1713 26
1714 23
1715 16
1716 29
1717 15
1718 28
1719 22
1720 18
1721 21
1722 16
1723 13
1724 25
1725 21
1726 19
1727 17
1728 12
1729 18
1730 21
1731 22
1732 18
1733 17
1734 17
1735 26
1736 23
1737 27
1738 25
1739 20
1740 29
1741 30
1742 15
1743 19
1744 28
1745 20
1746 28
1747 23
1748 31
1749 20
1750 24
1751 23
1752 22
1753 15
1754 28
1755 17
1756 16
1757 22
1758 19
1759 17
1760 26
1761 26
1762 16
1763 23
1764 21
1765 17
1766 23
1767 20
1768 22
1769 20
1770 20
1771 31
1772 24
1773 27
1774 22
1775 18
1776 26
1777 29
1778 28
1779 32
1780 49
1781 48
1782 66
1783 71
1784 63
1785 94
1786 128
1787 130
1788 108
1789 85
1790 100
1791 68
1792 84
1793 88
1794 97
1795 75
1796 82
1797 123
1798 146
1799 125
1800 119
1801 105
1802 87
1803 96
1804 99
1805 84
1806 72
1807 87
1808 40
1809 52
1810 38
1811 37
1812 38
1813 30
1814 33
1815 24
1816 14
1817 23
1818 27
1819 28
1820 14
1821 16
1822 24
1823 16
1824 15
1825 23
1826 15
1827 18
1828 17
1829 21
1830 15
1831 13
1832 17
1833 17
1834 20
1835 18
1836 14
1837 13
1838 14
1839 15
1840 13
1841 19
1842 21
1843 16
1844 23
1845 30
1846 19
1847 14
1848 16
1849 17
1850 24
1851 17
1852 23
1853 14
1854 16
1855 18
1856 18
1857 19
1858 15
1859 17
1860 24
1861 27
1862 26
1863 20
1864 27
1865 17
1866 18
1867 26
1868 20
1869 20
1870 10
1871 22
1872 13
1873 19
1874 15
1875 19
1876 23
1877 10
1878 12
1879 11
1880 15
1881 10
1882 19
1883 18
1884 16
1885 15
1886 17
1887 22
1888 20
1889 19
1890 25
1891 13
1892 22
1893 22
1894 24
1895 21
1896 18
1897 19
1898 17
1899 19
1900 16
1901 21
1902 15
1903 11
1904 15
1905 23
1906 23
1907 16
1908 28
1909 20
1910 24
1911 19
1912 13
1913 18
1914 17
1915 14
1916 18
1917 13
1918 23
1919 14
1920 16
1921 19
1922 25
1923 15
1924 31
1925 17
1926 21
1927 15
1928 14
1929 17
1930 23
1931 20
1932 14
1933 8
1934 18
1935 10
1936 22
1937 11
1938 28
1939 15
1940 17
1941 18
1942 25
1943 10
1944 24
1945 15
1946 29
1947 21
1948 23
1949 18
1950 15
1951 11
1952 18
1953 23
1954 18
1955 24
1956 22
1957 13
1958 16
1959 11
1960 15
1961 18
1962 23
1963 18
1964 17
1965 15
1966 26
1967 14
1968 9
1969 9
1970 15
1971 12
1972 19
1973 18
1974 17
1975 17
1976 22
1977 18
1978 24
1979 13
1980 18
1981 20
1982 22
1983 23
1984 20
1985 12
1986 17
1987 22
1988 13
1989 21
1990 17
1991 23
1992 22
1993 16
1994 19
1995 10
1996 22
1997 11
1998 9
1999 16
2000 21
2001 23
2002 23
2003 15
2004 13
2005 11
2006 14
2007 23
2008 14
2009 19
2010 25
2011 19
2012 23
2013 19
2014 29
2015 20
2016 18
2017 17
2018 25
2019 24
2020 23
2021 19
2022 26
2023 37
2024 33
2025 40
2026 38
2027 40
2028 31
2029 38
2030 50
2031 61
2032 67
2033 78
2034 87
2035 86
2036 137
2037 157
2038 215
2039 207
2040 169
2041 178
2042 212
2043 237
2044 262
2045 225
2046 272
2047 327
2048 337
2049 269
2050 291
2051 386
2052 481
2053 417
2054 432
2055 443
2056 383
2057 324
2058 328
2059 276
2060 232
2061 194
2062 180
2063 158
2064 185
2065 153
2066 124
2067 80
2068 76
2069 56
2070 36
2071 41
2072 52
2073 35
2074 30
2075 29
2076 25
2077 14
2078 26
2079 21
2080 23
2081 21
2082 24
2083 25
2084 16
2085 14
2086 21
2087 12
2088 16
2089 17
2090 17
2091 20
2092 24
2093 18
2094 20
2095 14
2096 29
2097 15
2098 12
2099 18
2100 20
2101 22
2102 14
2103 3
2104 14
2105 16
2106 18
2107 15
2108 18
2109 18
2110 16
2111 21
2112 22
2113 10
2114 14
2115 13
2116 20
2117 22
2118 22
2119 20
2120 13
2121 13
2122 21
2123 20
2124 19
2125 10
2126 16
2127 17
2128 15
2129 19
2130 20
2131 20
2132 15
2133 11
2134 18
2135 14
2136 13
2137 25
2138 14
2139 22
2140 13
2141 15
2142 20
2143 15
2144 20
2145 18
2146 11
2147 14
2148 14
2149 13
2150 18
2151 16
2152 24
2153 14
2154 16
2155 13
2156 10
2157 17
2158 14
2159 20
2160 14
2161 15
2162 29
2163 24
2164 15
2165 19
2166 12
2167 20
2168 16
2169 14
2170 15
2171 16
2172 17
2173 14
2174 14
2175 20
2176 19
2177 21
2178 15
2179 11
2180 19
2181 14
2182 19
2183 10
2184 13
2185 12
2186 8
2187 14
2188 19
2189 21
2190 12
2191 10
2192 9
2193 21
2194 13
2195 12
2196 15
2197 18
2198 10
2199 17
2200 19
2201 10
2202 11
2203 12
2204 16
2205 12
2206 12
2207 15
2208 11
2209 10
2210 18
2211 19
2212 20
2213 16
2214 10
2215 22
2216 14
2217 17
2218 12
2219 16
2220 20
2221 20
2222 19
2223 27
2224 21
2225 20
2226 11
2227 21
2228 17
2229 19
2230 17
2231 23
2232 20
2233 21
2234 32
2235 21
2236 24
2237 34
2238 38
2239 50
2240 36
2241 45
2242 54
2243 56
2244 47
2245 52
2246 52
2247 63
2248 80
2249 66
2250 51
2251 77
2252 84
2253 84
2254 106
2255 95
2256 115
2257 94
2258 79
2259 64
2260 60
2261 59
2262 46
2263 42
2264 49
2265 52
2266 45
2267 28
2268 30
2269 41
2270 27
2271 29
2272 22
2273 21
2274 21
2275 25
2276 23
2277 17
2278 16
2279 19
2280 23
2281 12
2282 17
2283 17
2284 10
2285 14
2286 9
2287 17
2288 17
2289 18
2290 20
2291 18
2292 12
2293 19
2294 15
2295 14
2296 17
2297 26
2298 16
2299 12
2300 13
2301 18
2302 12
2303 15
2304 15
2305 8
2306 12
2307 15
2308 17
2309 9
2310 13
2311 20
2312 13
2313 8
2314 11
2315 14
2316 12
2317 12
2318 16
2319 19
2320 18
2321 11
2322 7
2323 17
2324 15
2325 17
2326 15
2327 11
2328 14
2329 9
2330 11
2331 11
2332 7
2333 9
2334 18
2335 13
2336 12
2337 22
2338 12
2339 10
2340 14
2341 14
2342 8
2343 12
2344 13
2345 15
2346 14
2347 10
2348 15
2349 24
2350 17
2351 11
2352 14
2353 20
2354 9
2355 22
2356 12
2357 9
2358 9
2359 9
2360 12
2361 13
2362 9
2363 11
2364 14
2365 12
2366 14
2367 16
2368 9
2369 17
2370 14
2371 7
2372 13
2373 10
2374 17
2375 12
2376 9
2377 11
2378 14
2379 8
2380 14
2381 10
2382 8
2383 15
2384 15
2385 8
2386 17
2387 17
2388 10
2389 14
2390 12
2391 9
2392 9
2393 15
2394 14
2395 11
2396 14
2397 5
2398 18
2399 18
2400 12
2401 16
2402 10
2403 10
2404 10
2405 11
2406 12
2407 13
2408 8
2409 13
2410 18
2411 12
2412 14
2413 13
2414 18
2415 17
2416 11
2417 12
2418 12
2419 16
2420 18
2421 6
2422 12
2423 8
2424 9
2425 8
2426 19
2427 22
2428 15
2429 7
2430 12
2431 12
2432 14
2433 14
2434 10
2435 6
2436 11
2437 16
2438 9
2439 14
2440 13
2441 6
2442 6
2443 9
2444 11
2445 13
2446 15
2447 14
2448 10
2449 8
2450 19
2451 11
2452 11
2453 12
2454 13
2455 16
2456 10
2457 13
2458 15
2459 14
2460 15
2461 16
2462 13
2463 8
2464 14
2465 10
2466 10
2467 10
2468 11
2469 7
2470 9
2471 13
2472 12
2473 12
2474 11
2475 12
2476 10
2477 8
2478 10
2479 10
2480 10
2481 10
2482 12
2483 20
2484 13
2485 16
2486 15
2487 8
2488 14
2489 12
2490 9
2491 13
2492 7
2493 11
2494 15
2495 10
2496 12
2497 6
2498 13
2499 11
2500 10
2501 8
2502 9
2503 11
2504 12
2505 11
2506 9
2507 10
2508 9
2509 12
2510 14
2511 12
2512 9
2513 16
2514 12
2515 13
2516 11
2517 11
2518 12
2519 19
2520 13
2521 16
2522 16
2523 19
2524 16
2525 18
2526 16
2527 23
2528 23
2529 34
2530 19
2531 26
2532 30
2533 28
2534 29
2535 44
2536 53
2537 45
2538 40
2539 29
2540 37
2541 41
2542 43
2543 47
2544 65
2545 46
2546 91
2547 74
2548 89
2549 99
2550 95
2551 69
2552 45
2553 38
2554 41
2555 43
2556 46
2557 42
2558 47
2559 35
