0 31
1 21
2 24
3 25
4 20
5 23
6 21
7 25
8 27
9 29
10 18
11 19
12 29
13 17
14 27
15 21
16 24
17 33
18 29
19 23
20 23
21 25
22 24
23 19
24 11
25 28
26 22
27 25
28 26
29 23
30 30
31 31
32 17
33 20
34 22
35 21
36 26
37 23
38 18
39 24
40 24
41 27
42 32
43 24
44 21
45 31
46 17
47 31
48 29
49 37
50 26
51 23
52 27
53 34
54 27
55 34
56 29
57 29
58 26
59 26
60 22
61 18
62 26
63 21
64 23
65 29
66 27
67 25
68 25
69 28
70 34
71 21
72 35
73 36
74 25
75 26
76 28
77 21
78 23
79 19
80 31
81 16
82 20
83 34
84 25
85 18
86 24
87 30
88 17
89 25
90 25
91 13
92 23
93 29
94 23
95 32
96 31
97 31
98 17
99 22
100 13
101 27
102 21
103 28
104 20
105 17
106 19
107 29
108 21
109 30
110 29
111 23
112 19
113 35
114 37
115 26
116 18
117 30
118 29
119 28
120 40
121 23
122 28
123 27
124 39
125 30
126 22
127 20
128 19
129 28
130 28
131 44
132 23
133 22
134 19
135 20
136 21
137 24
138 27
139 26
140 26
141 33
142 30
143 29
144 21
145 32
146 23
147 27
148 30
149 28
150 19
151 20
152 30
153 23
154 22
155 24
156 31
157 23
158 28
159 27
160 27
161 34
162 15
163 28
164 29
165 19
166 25
167 18
168 26
169 34
170 29
171 36
172 21
173 32
174 25
175 31
176 26
177 32
178 39
179 34
180 33
181 25
182 25
183 32
184 24
185 20
186 22
187 30
188 28
189 14
190 27
191 21
192 28
193 19
194 23
195 25
196 29
197 38
198 27
199 29
200 21
201 31
202 32
203 29
204 28
205 34
206 30
207 31
208 22
209 33
210 23
211 28
212 27
213 35
214 30
215 22
216 20
217 20
218 25
219 29
220 38
221 37
222 29
223 25
224 26
225 27
226 26
227 26
228 30
229 27
230 26
231 23
232 27
233 22
234 30
235 32
236 29
237 30
238 33
239 31
240 26
241 33
242 24
243 26
244 25
245 24
246 23
247 33
248 29
249 25
250 35
251 27
252 28
253 25
254 33
255 24
256 32
257 27
258 23
259 33
260 23
261 32
262 31
263 28
264 30
265 26
266 36
267 21
268 37
269 31
270 30
271 29
272 31
273 24
274 29
275 29
276 28
277 33
278 26
279 24
280 33
281 28
282 28
283 38
284 26
285 28
286 22
287 29
288 22
289 22
290 31
291 37
292 34
293 28
294 35
295 30
296 33
297 23
298 25
299 28
300 24
301 30
302 24
303 23
304 23
305 33
306 31
307 32
308 20
309 26
310 24
311 27
312 36
313 27
314 42
315 33
316 32
317 36
318 38
319 28
320 30
321 30
322 36
323 32
324 29
325 29
326 30
327 26
328 36
329 38
330 32
331 35
332 31
333 26
334 30
335 30
336 29
337 24
338 38
339 35
340 29
341 29
342 37
343 25
344 23
345 21
346 19
347 17
348 27
349 26
350 38
351 35
352 28
353 24
354 34
355 32
356 24
357 29
358 35
359 30
360 40
361 28
362 29
363 30
364 33
365 33
366 22
367 29
368 44
369 24
370 39
371 33
372 32
373 30
374 29
375 32
376 32
377 30
378 26
379 29
380 45
381 32
382 27
383 33
384 31
385 30
386 38
387 29
388 26
389 40
390 27
391 45
392 41
393 22
394 22
395 38
396 21
397 26
398 30
399 29
400 26
401 28
402 44
403 32
404 34
405 40
406 29
407 36
408 23
409 32
410 36
411 39
412 30
413 33
414 38
415 31
416 27
417 26
418 34
419 30
420 31
421 31
422 33
423 39
424 36
425 31
426 33
427 34
428 28
429 32
430 37
431 20
432 32
433 37
434 30
435 24
436 24
437 30
438 31
439 26
440 23
441 30
442 26
443 36
444 31
445 29
446 41
447 30
448 30
449 44
450 27
451 31
452 34
453 30
454 26
455 30
456 30
457 34
458 25
459 33
460 34
461 36
462 29
463 30
464 40
465 39
466 32
467 33
468 44
469 36
470 34
471 26
472 37
473 39
474 26
475 28
476 27
477 29
478 35
479 24
480 25
481 36
482 30
483 25
484 27
485 49
486 18
487 31
488 37
489 30
490 29
491 23
492 26
493 37
494 32
495 36
496 22
497 32
498 33
499 41
500 30
501 28
502 26
503 49
504 25
505 35
506 37
507 37
508 33
509 32
510 36
511 32
512 42
513 24
514 41
515 38
516 30
517 43
518 32
519 26
520 40
521 20
522 29
523 37
524 38
525 34
526 36
527 40
528 34
529 42
530 18
531 29
532 31
533 39
534 35
535 24
536 25
537 33
538 36
539 33
540 38
541 32
542 33
543 35
544 28
545 36
546 34
547 31
548 36
549 24
550 36
551 35
552 34
553 28
554 18
555 26
556 37
557 33
558 31
559 29
560 44
561 35
562 37
563 32
564 33
565 30
566 31
567 29
568 36
569 45
570 32
571 31
572 41
573 19
574 28
575 36
576 42
577 35
578 40
579 47
580 34
581 32
582 35
583 35
584 29
585 37
586 35
587 37
588 32
589 36
590 33
591 42
592 31
593 34
594 32
595 36
596 25
597 22
598 36
599 35
600 36
601 32
602 35
603 22
604 39
605 23
606 38
607 23
608 31
609 32
610 28
611 37
612 49
613 36
614 27
615 39
616 29
617 31
618 31
619 37
620 30
621 27
622 44
623 43
624 40
625 39
626 44
627 34
628 35
629 38
630 25
631 42
632 35
633 37
634 50
635 35
636 39
637 30
638 37
639 50
640 46
641 46
642 43
643 44
644 29
645 44
646 57
647 46
648 61
649 68
650 91
651 94
652 129
653 124
654 125
655 124
656 124
657 92
658 86
659 99
660 82
661 93
662 72
663 78
664 46
665 50
666 52
667 47
668 47
669 55
670 39
671 38
672 19
673 38
674 29
675 32
676 31
677 31
678 35
679 46
680 37
681 41
682 32
683 47
684 31
685 20
686 26
687 32
688 35
689 33
690 45
691 34
692 39
693 34
694 28
695 29
696 31
697 38
698 53
699 31
700 37
701 28
702 32
703 28
704 35
705 30
706 36
707 37
708 31
709 28
710 28
711 31
712 31
713 22
714 33
715 33
716 40
717 52
718 42
719 41
720 33
721 43
722 32
723 37
724 31
725 52
726 34
727 28
728 25
729 30
730 40
731 28
732 43
733 28
734 34
735 29
736 26
737 42
738 46
739 23
740 30
741 27
742 38
743 23
744 23
745 37
746 29
747 32
748 27
749 18
750 41
751 45
752 31
753 46
754 29
755 52
756 35
757 35
758 31
759 39
760 39
761 33
762 38
763 47
764 33
765 29
766 31
767 36
768 44
769 29
770 26
771 41
772 39
773 32
774 33
775 21
776 39
777 42
778 30
779 22
780 38
781 34
782 34
783 36
784 36
785 30
786 35
787 25
788 34
789 31
790 29
791 30
792 35
793 35
794 34
795 24
796 35
797 36
798 32
799 34
800 30
801 31
802 41
803 40
804 29
805 28
806 31
807 30
808 34
809 27
810 37
811 40
812 26
813 37
814 51
815 24
816 38
817 34
818 39
819 31
820 26
821 26
822 30
823 36
824 27
825 44
826 36
827 30
828 22
829 32
830 30
831 23
832 25
833 38
834 31
835 37
836 34
837 34
838 27
839 27
840 23
841 23
842 34
843 29
844 35
845 32
846 25
847 34
848 34
849 29
850 31
851 31
852 41
853 40
854 29
855 22
856 33
857 38
858 37
859 38
860 24
861 38
862 35
863 32
864 27
865 32
866 34
867 33
868 21
869 30
870 39
871 25
872 30
873 33
874 28
875 29
876 25
877 37
878 30
879 21
880 35
881 31
882 36
883 33
884 32
885 31
886 32
887 36
888 35
889 33
890 31
891 32
892 28
893 24
894 34
895 20
896 39
897 29
898 26
899 39
900 29
901 35
902 32
903 36
904 25
905 40
906 29
907 31
908 29
909 31
910 21
911 33
912 23
913 28
914 22
915 23
916 34
917 35
918 43
919 34
920 33
921 28
922 29
923 36
924 36
925 23
926 35
927 36
928 30
929 33
930 25
931 33
932 28
933 24
934 24
935 27
936 29
937 22
938 32
939 30
940 41
941 32
942 29
943 37
944 36
945 30
946 32
947 28
948 30
949 33
950 38
951 31
952 29
953 32
954 25
955 29
956 27
957 28
958 28
959 27
960 30
961 29
962 18
963 32
964 24
965 21
966 32
967 30
968 37
969 21
970 26
971 33
972 37
973 21
974 28
975 28
976 37
977 38
978 33
979 32
980 39
981 33
982 36
983 36
984 41
985 34
986 31
987 34
988 41
989 30
990 30
991 22
992 24
993 31
994 21
995 27
996 32
997 37
998 31
999 28
1000 26
1001 29
1002 27
1003 36
1004 30
1005 26
1006 32
1007 30
1008 37
1009 41
1010 40
1011 32
1012 35
1013 28
1014 40
1015 28
1016 34
1017 39
1018 34
1019 36
1020 27
1021 38
1022 22
1023 23
1024 28
1025 25
1026 24
1027 27
1028 25
1029 27
1030 32
1031 23
1032 30
1033 34
1034 23
1035 18
1036 28
1037 40
1038 35
1039 33
1040 27
1041 30
1042 34
1043 32
1044 24
1045 27
1046 25
1047 30
1048 34
1049 31
1050 32
1051 31
1052 32
1053 34
1054 24
1055 34
1056 29
1057 25
1058 38
1059 31
1060 30
1061 31
1062 32
1063 29
1064 33
1065 34
1066 32
1067 39
1068 41
1069 20
1070 27
1071 31
1072 30
1073 19
1074 35
1075 22
1076 34
1077 24
1078 35
1079 39
1080 23
1081 27
1082 24
1083 26
1084 31
1085 36
1086 34
1087 32
1088 39
1089 26
1090 40
1091 33
1092 17
1093 28
1094 43
1095 26
1096 39
1097 20
1098 30
1099 31
1100 25
1101 36
1102 28
1103 31
1104 36
1105 21
1106 35
1107 35
1108 32
1109 27
1110 25
1111 27
1112 30
1113 29
1114 31
1115 22
1116 24
1117 31
1118 38
1119 35
1120 32
1121 26
1122 18
1123 37
1124 29
1125 27
1126 31
1127 35
1128 33
1129 27
1130 20
1131 33
1132 29
1133 28
1134 37
1135 31
1136 28
1137 27
1138 24
1139 34
1140 26
1141 22
1142 20
1143 22
1144 30
1145 31
1146 29
1147 30
1148 30
1149 36
1150 32
1151 24
1152 28
1153 24
1154 55
1155 32
1156 40
1157 36
1158 32
1159 32
1160 32
1161 33
1162 28
1163 34
1164 36
1165 31
1166 39
1167 31
1168 36
1169 24
1170 37
1171 37
1172 31
1173 34
1174 33
1175 43
1176 35
1177 29
1178 26
1179 33
1180 32
1181 30
1182 37
1183 32
1184 41
1185 31
1186 31
1187 38
1188 52
1189 38
1190 53
1191 64
1192 52
1193 61
1194 84
1195 107
1196 108
1197 165
1198 172
1199 231
1200 273
1201 323
1202 419
1203 475
1204 607
1205 673
1206 609
1207 645
1208 664
1209 656
1210 572
1211 491
1212 471
1213 338
1214 258
1215 225
1216 206
1217 107
1218 66
1219 48
1220 47
1221 42
1222 31
1223 32
1224 43
1225 22
1226 34
1227 27
1228 25
1229 27
1230 30
1231 20
1232 17
1233 37
1234 33
1235 31
1236 23
1237 23
1238 26
1239 38
1240 35
1241 36
1242 23
1243 32
1244 33
1245 23
1246 33
1247 33
1248 27
1249 21
1250 19
1251 32
1252 28
1253 31
1254 31
1255 27
1256 24
1257 22
1258 25
1259 24
1260 39
1261 29
1262 23
1263 25
1264 31
1265 23
1266 29
1267 32
1268 19
1269 23
1270 23
1271 21
1272 21
1273 17
1274 24
1275 17
1276 21
1277 11
1278 5
1279 2
1280 28
1281 15
1282 24
1283 21
1284 27
1285 21
1286 25
1287 18
1288 30
1289 25
1290 32
1291 23
1292 19
1293 15
1294 21
1295 21
1296 32
1297 25
1298 24
1299 25
1300 24
1301 22
1302 30
1303 32
1304 19
1305 33
1306 22
1307 26
1308 23
1309 24
1310 24
1311 26
1312 27
1313 28
1314 25
1315 21
1316 19
1317 25
1318 25
1319 25
1320 21
1321 17
1322 18
1323 24
1324 16
1325 12
1326 22
1327 24
1328 18
1329 16
1330 20
1331 25
1332 27
1333 16
1334 24
1335 25
1336 25
1337 19
1338 19
1339 27
1340 30
1341 23
1342 32
1343 17
1344 17
1345 18
1346 24
1347 16
1348 23
1349 14
1350 27
1351 26
1352 16
1353 19
1354 7
1355 11
1356 24
1357 23
1358 24
1359 19
1360 22
1361 25
1362 21
1363 23
1364 21
1365 28
1366 12
1367 23
1368 14
1369 20
1370 23
1371 14
1372 19
1373 19
1374 21
1375 14
1376 17
1377 17
1378 19
1379 18
1380 25
1381 22
1382 13
1383 26
1384 19
1385 15
1386 30
1387 18
1388 17
1389 21
1390 22
1391 15
1392 14
1393 25
1394 15
1395 26
1396 17
1397 16
1398 21
1399 19
1400 23
1401 29
1402 24
1403 18
1404 14
1405 20
1406 14
1407 19
1408 21
1409 27
1410 24
1411 13
1412 22
1413 22
1414 29
1415 16
1416 14
1417 16
1418 30
1419 17
1420 27
1421 35
1422 23
1423 23
1424 30
1425 17
1426 36
1427 38
1428 48
1429 50
1430 47
1431 48
1432 44
1433 42
1434 38
1435 42
1436 37
1437 40
1438 28
1439 25
1440 29
1441 33
1442 18
1443 25
1444 33
1445 25
1446 19
1447 23
1448 23
1449 23
1450 23
1451 22
1452 24
1453 20
1454 15
1455 24
1456 21
1457 14
1458 16
1459 29
1460 25
1461 21
1462 14
1463 31
1464 14
1465 24
1466 19
1467 20
1468 18
1469 15
1470 17
1471 26
1472 17
1473 22
1474 21
1475 17
1476 18
1477 29
1478 17
1479 25
1480 21
1481 15
1482 32
1483 27
1484 13
1485 22
1486 15
1487 19
1488 14
1489 25
1490 19
1491 27
1492 19
1493 12
1494 23
1495 20
1496 25
1497 15
1498 16
1499 19
1500 34
1501 25
1502 25
1503 32
1504 34
1505 36
1506 39
1507 55
1508 51
1509 72
1510 83
1511 109
1512 123
1513 132
1514 161
1515 194
1516 264
1517 312
1518 323
1519 308
1520 239
1521 195
1522 203
1523 227
1524 281
1525 194
1526 164
1527 193
1528 143
1529 130
1530 127
1531 120
1532 53
1533 31
1534 26
1535 27
1536 19
1537 31
1538 22
1539 27
1540 19
1541 19
1542 22
1543 23
1544 25
1545 23
1546 21
1547 17
1548 20
1549 10
1550 30
1551 21
1552 20
1553 17
1554 24
1555 23
1556 20
1557 16
1558 9
1559 22
1560 24
1561 13
1562 20
1563 23
1564 15
1565 21
1566 23
1567 18
1568 15
1569 20
1570 19
1571 20
1572 13
1573 22
1574 21
1575 11
1576 17
1577 20
1578 15
1579 22
1580 15
1581 13
1582 21
1583 22
1584 12
1585 20
1586 15
1587 22
1588 29
1589 15
1590 23
1591 32
1592 26
1593 20
1594 20
1595 25
1596 20
1597 17
1598 33
1599 15
1600 21
1601 21
1602 17
1603 15
1604 22
1605 11
1606 15
1607 18
1608 17
1609 16
1610 11
1611 14
1612 27
1613 18
1614 17
1615 18
1616 23
1617 21
1618 23
1619 19
1620 16
1621 19
1622 22
1623 22
1624 12
1625 13
1626 18
1627 20
1628 17
1629 18
1630 24
1631 17
1632 19
1633 15
1634 15
1635 12
1636 16
1637 20
1638 16
1639 20
1640 20
1641 15
1642 18
1643 15
1644 21
1645 20
1646 27
1647 19
1648 15
1649 14
1650 18
1651 19
1652 15
1653 15
1654 21
1655 14
1656 21
1657 9
1658 23
1659 12
1660 22
1661 14
1662 17
1663 14
1664 15
1665 24
1666 15
1667 21
1668 26
1669 28
1670 16
1671 24
1672 21
1673 14
1674 17
1675 20
1676 14
1677 14
1678 20
1679 16
1680 19
1681 23
1682 15
1683 22
1684 24
1685 16
1686 12
1687 21
1688 25
1689 21
1690 18
1691 22
1692 17
1693 22
1694 19
1695 22
1696 8
1697 28
1698 11
1699 20
1700 23
1701 15
1702 19
1703 20
1704 18
1705 18
1706 17
1707 13
1708 14
1709 15
1710 22
1711 15
1712 16
1713 19
1714 16
1715 16
1716 14
1717 19
1718 7
1719 22
1720 18
1721 12
1722 17
1723 18
1724 16
1725 17
1726 19
1727 12
1728 21
1729 16
1730 19
1731 22
1732 18
1733 24
1734 19
1735 19
1736 16
1737 21
1738 17
1739 18
1740 23
1741 20
1742 16
1743 22
1744 17
1745 17
1746 20
1747 13
1748 18
1749 18
1750 22
1751 20
1752 19
1753 14
1754 22
1755 23
1756 16
1757 16
1758 16
1759 15
1760 23
1761 12
1762 15
1763 14
1764 19
1765 22
1766 13
1767 13
1768 14
1769 15
1770 18
1771 16
1772 28
1773 16
1774 16
1775 17
1776 20
1777 18
1778 11
1779 6
1780 17
1781 22
1782 16
1783 11
1784 11
1785 19
1786 14
1787 22
1788 14
1789 17
1790 20
1791 16
1792 16
1793 12
1794 25
1795 14
1796 12
1797 11
1798 10
1799 17
1800 19
1801 17
1802 14
1803 16
1804 15
1805 15
1806 19
1807 16
1808 21
1809 28
1810 13
1811 20
1812 19
1813 17
1814 13
1815 15
1816 13
1817 16
1818 14
1819 11
1820 15
1821 18
1822 14
1823 9
1824 16
1825 19
1826 18
1827 15
1828 12
1829 20
1830 20
1831 18
1832 9
1833 19
1834 15
1835 13
1836 13
1837 15
1838 15
1839 14
1840 16
1841 13
1842 16
1843 13
1844 8
1845 17
1846 18
1847 16
1848 15
1849 14
1850 9
1851 21
1852 14
1853 12
1854 14
1855 11
1856 17
1857 15
1858 15
1859 18
1860 13
1861 17
1862 13
1863 18
1864 13
1865 16
1866 18
1867 11
1868 20
1869 14
1870 18
1871 13
1872 14
1873 11
1874 17
1875 15
1876 17
1877 14
1878 22
1879 12
1880 17
1881 23
1882 14
1883 14
1884 17
1885 18
1886 12
1887 17
1888 17
1889 17
1890 13
1891 16
1892 19
1893 17
1894 23
1895 13
1896 16
1897 9
1898 12
1899 26
1900 20
1901 21
1902 17
1903 16
1904 13
1905 13
1906 13
1907 12
1908 14
1909 14
1910 17
1911 19
1912 16
1913 21
1914 21
1915 14
1916 17
1917 18
1918 16
1919 13
1920 13
1921 10
1922 23
1923 24
1924 15
1925 25
1926 19
1927 11
1928 12
1929 23
1930 20
1931 18
1932 23
1933 20
1934 16
1935 16
1936 15
1937 15
1938 19
1939 14
1940 13
1941 26
1942 18
1943 15
1944 22
1945 19
1946 22
1947 15
1948 21
1949 16
1950 16
1951 23
1952 17
1953 19
1954 18
1955 16
1956 19
1957 23
1958 17
1959 14
1960 15
1961 19
1962 16
1963 16
1964 14
1965 16
1966 14
1967 22
1968 16
1969 15
1970 23
1971 13
1972 12
1973 9
1974 15
1975 19
1976 20
1977 21
1978 14
1979 14
1980 18
1981 11
1982 21
1983 16
1984 14
1985 18
1986 12
1987 12
1988 18
1989 13
1990 19
1991 21
1992 14
1993 19
1994 15
1995 24
1996 26
1997 27
1998 33
1999 57
2000 55
2001 89
2002 128
2003 124
2004 75
2005 71
2006 86
2007 83
2008 92
2009 90
2010 117
2011 122
2012 125
2013 113
2014 110
2015 89
2016 113
2017 91
2018 91
2019 70
2020 52
2021 53
2022 41
2023 42
2024 41
2025 23
2026 23
2027 24
2028 19
2029 12
2030 19
2031 11
2032 15
2033 17
2034 17
2035 18
2036 15
2037 13
2038 19
2039 13
2040 14
2041 15
2042 13
2043 14
2044 15
2045 15
2046 17
2047 9
2048 18
2049 12
2050 19
2051 10
2052 10
2053 16
2054 15
2055 18
2056 13
2057 12
2058 16
2059 14
2060 10
2061 14
2062 14
2063 11
2064 11
2065 17
2066 17
2067 13
2068 12
2069 15
2070 10
2071 18
2072 15
2073 13
2074 13
2075 20
2076 13
2077 15
2078 15
2079 16
2080 13
2081 8
2082 19
2083 14
2084 11
2085 21
2086 15
2087 22
2088 13
2089 10
2090 21
2091 15
2092 15
2093 15
2094 22
2095 12
2096 15
2097 14
2098 22
2099 19
2100 9
2101 22
2102 12
2103 14
2104 11
2105 9
2106 17
2107 16
2108 21
2109 13
2110 17
2111 18
2112 16
2113 10
2114 12
2115 7
2116 13
2117 6
2118 10
2119 5
2120 16
2121 12
2122 11
2123 18
2124 12
2125 17
2126 17
2127 17
2128 15
2129 12
2130 18
2131 9
2132 10
2133 14
2134 20
2135 9
2136 10
2137 11
2138 13
2139 17
2140 13
2141 15
2142 13
2143 13
2144 14
2145 12
2146 15
2147 18
2148 18
2149 11
2150 12
2151 19
2152 8
2153 13
2154 12
2155 14
2156 20
2157 9
2158 14
2159 13
2160 13
2161 11
2162 9
2163 9
2164 14
2165 16
2166 9
2167 15
2168 10
2169 13
2170 11
2171 18
2172 16
2173 14
2174 11
2175 14
2176 12
2177 15
2178 9
2179 15
2180 17
2181 9
2182 18
2183 22
2184 13
2185 16
2186 13
2187 14
2188 9
2189 12
2190 15
2191 13
2192 14
2193 15
2194 14
2195 15
2196 12
2197 10
2198 20
2199 15
2200 16
2201 4
2202 13
2203 16
2204 21
2205 17
2206 18
2207 16
2208 16
2209 15
2210 21
2211 19
2212 14
2213 12
2214 18
2215 12
2216 11
2217 19
2218 12
2219 14
2220 9
2221 25
2222 19
2223 17
2224 15
2225 12
2226 23
2227 12
2228 12
2229 16
2230 6
2231 6
2232 12
2233 15
2234 15
2235 14
2236 11
2237 17
2238 19
2239 5
2240 16
2241 19
2242 12
2243 20
2244 21
2245 19
2246 16
2247 20
2248 11
2249 11
2250 12
2251 8
2252 11
2253 11
2254 20
2255 20
2256 13
2257 15
2258 18
2259 16
2260 27
2261 28
2262 26
2263 36
2264 36
2265 42
2266 57
2267 56
2268 101
2269 131
2270 209
2271 228
2272 251
2273 225
2274 267
2275 331
2276 457
2277 599
2278 609
2279 623
2280 601
2281 534
2282 527
2283 437
2284 368
2285 438
2286 425
2287 280
2288 300
2289 337
2290 280
2291 289
2292 215
2293 203
2294 170
2295 162
2296 160
2297 115
2298 85
2299 67
2300 30
2301 30
2302 34
2303 22
2304 32
2305 31
2306 25
2307 19
2308 16
2309 17
2310 19
2311 17
2312 15
2313 12
2314 21
2315 16
2316 10
2317 15
2318 10
2319 15
2320 16
2321 18
2322 19
2323 16
2324 16
2325 10
2326 5
2327 13
2328 8
2329 15
2330 14
2331 12
2332 12
2333 13
2334 10
2335 16
2336 18
2337 9
2338 18
2339 12
2340 7
2341 11
2342 12
2343 18
2344 14
2345 18
2346 13
2347 6
2348 14
2349 9
2350 10
2351 14
2352 13
2353 11
2354 15
2355 19
2356 12
2357 11
2358 13
2359 14
2360 11
2361 15
2362 11
2363 19
2364 17
2365 11
2366 20
2367 14
2368 13
2369 7
2370 18
2371 7
2372 12
2373 9
2374 12
2375 11
2376 5
2377 14
2378 8
2379 13
2380 12
2381 11
2382 20
2383 21
2384 15
2385 11
2386 9
2387 11
2388 16
2389 28
2390 13
2391 19
2392 18
2393 11
2394 13
2395 13
2396 10
2397 16
2398 15
2399 13
2400 11
2401 12
2402 7
2403 10
2404 13
2405 23
2406 16
2407 14
2408 14
2409 20
2410 15
2411 13
2412 21
2413 16
2414 14
2415 13
2416 9
2417 16
2418 13
2419 13
2420 12
2421 11
2422 19
2423 10
2424 13
2425 10
2426 13
2427 13
2428 13
2429 10
2430 12
2431 12
2432 11
2433 9
2434 8
2435 15
2436 10
2437 15
2438 9
2439 8
2440 15
2441 15
2442 5
2443 9
2444 8
2445 16
2446 9
2447 9
2448 9
2449 18
2450 11
2451 10
2452 10
2453 10
2454 18
2455 13
2456 14
2457 10
2458 12
2459 16
2460 13
2461 16
2462 14
2463 13
2464 9
2465 14
2466 20
2467 19
2468 8
2469 10
2470 16
2471 16
2472 10
2473 16
2474 13
2475 18
2476 17
2477 17
2478 13
2479 23
2480 24
2481 22
2482 21
2483 24
2484 22
2485 29
2486 30
2487 36
2488 38
2489 48
2490 39
2491 50
2492 68
2493 79
2494 87
2495 74
2496 85
2497 96
2498 105
2499 101
2500 92
2501 74
2502 71
2503 63
2504 55
2505 64
2506 59
2507 47
2508 33
2509 43
2510 37
2511 42
2512 26
2513 36
2514 36
2515 18
2516 20
2517 19
2518 17
2519 23
2520 11
2521 15
2522 16
2523 14
2524 8
2525 12
2526 10
2527 8
2528 11
2529 18
2530 15
2531 9
2532 7
2533 16
2534 12
2535 11
2536 13
2537 12
2538 9
2539 13
2540 8
2541 14
2542 18
2543 6
2544 14
2545 9
2546 11
2547 9
2548 7
2549 8
2550 4
2551 7
2552 9
2553 7
2554 13
2555 19
2556 7
2557 10
2558 7
2559 11
