0 26
1 24
2 28
3 25
4 29
5 22
6 33
7 25
8 27
9 25
10 18
11 31
12 21
13 23
14 18
15 22
16 31
17 22
18 16
19 27
20 22
21 25
22 24
23 20
24 25
25 26
26 18
27 25
28 17
29 22
30 18
31 26
32 21
33 23
34 34
35 30
36 30
37 24
38 22
39 28
40 20
41 29
42 31
43 21
44 21
45 25
46 36
47 20
48 18
49 38
50 20
51 27
52 23
53 28
54 22
55 28
56 28
57 31
58 25
59 41
60 22
61 19
62 27
63 30
64 28
65 16
66 28
67 17
68 19
69 20
70 25
71 17
72 31
73 28
74 27
75 30
76 23
77 20
78 16
79 23
80 18
81 27
82 27
83 29
84 34
85 25
86 29
87 28
88 24
89 25
90 23
91 24
92 24
93 24
94 27
95 20
96 25
97 26
98 15
99 26
100 23
101 17
102 22
103 22
104 23
105 20
106 24
107 19
108 37
109 29
110 21
111 29
112 29
113 30
114 28
115 22
116 27
117 25
118 20
119 25
120 35
121 27
122 20
123 25
124 26
125 25
126 30
127 30
128 26
129 26
130 25
131 27
132 25
133 30
134 17
135 36
136 25
137 16
138 27
139 21
140 24
141 29
142 34
143 16
144 19
145 27
146 31
147 32
148 30
149 23
150 31
151 28
152 25
153 32
154 30
155 30
156 32
157 27
158 22
159 27
160 29
161 24
162 28
163 19
164 37
165 27
166 25
167 31
168 22
169 27
170 31
171 36
172 31
173 24
174 26
175 34
176 29
177 27
178 27
179 25
180 40
181 22
182 20
183 31
184 31
185 35
186 36
187 30
188 30
189 32
190 32
191 29
192 24
193 29
194 26
195 15
196 29
197 25
198 29
199 27
200 27
201 25
202 25
203 23
204 16
205 36
206 39
207 34
208 31
209 26
210 21
211 36
212 32
213 28
214 27
215 32
216 29
217 19
218 28
219 31
220 23
221 36
222 25
223 30
224 29
225 25
226 18
227 24
228 28
229 31
230 26
231 28
232 23
233 27
234 31
235 28
236 33
237 32
238 28
239 16
240 28
241 26
242 22
243 23
244 24
245 26
246 22
247 20
248 25
249 29
250 36
251 31
252 33
253 24
254 33
255 19
256 22
257 25
258 26
259 26
260 27
261 46
262 30
263 37
264 16
265 26
266 29
267 30
268 25
269 27
270 33
271 30
272 31
273 28
274 27
275 24
276 23
277 19
278 24
279 27
280 29
281 33
282 20
283 27
284 16
285 20
286 30
287 38
288 34
289 23
290 40
291 28
292 23
293 32
294 31
295 38
296 37
297 26
298 22
299 31
300 24
301 26
302 31
303 39
304 32
305 23
306 21
307 24
308 30
309 26
310 25
311 38
312 38
313 31
314 43
315 37
316 24
317 29
318 38
319 27
320 40
321 29
322 21
323 29
324 28
325 37
326 29
327 29
328 21
329 31
330 27
331 22
332 21
333 35
334 32
335 29
336 30
337 34
338 26
339 26
340 26
341 35
342 39
343 44
344 40
345 42
346 31
347 34
348 25
349 20
350 28
351 32
352 29
353 38
354 34
355 30
356 29
357 28
358 26
359 29
360 32
361 37
362 27
363 27
364 26
365 37
366 27
367 26
368 36
369 25
370 13
371 24
372 23
373 31
374 27
375 35
376 40
377 28
378 32
379 29
380 34
381 21
382 23
383 29
384 28
385 33
386 35
387 30
388 34
389 31
390 36
391 37
392 35
393 31
394 33
395 36
396 31
397 31
398 28
399 37
400 42
401 41
402 27
403 31
404 28
405 47
406 33
407 29
408 36
409 27
410 28
411 51
412 41
413 33
414 32
415 34
416 47
417 37
418 37
419 37
420 31
421 34
422 25
423 33
424 34
425 27
426 39
427 32
428 35
429 36
430 24
431 30
432 33
433 31
434 32
435 26
436 19
437 32
438 34
439 27
440 27
441 30
442 38
443 38
444 36
445 29
446 22
447 21
448 33
449 21
450 24
451 30
452 30
453 33
454 34
455 44
456 36
457 31
458 27
459 37
460 32
461 32
462 40
463 29
464 30
465 25
466 32
467 32
468 35
469 30
470 31
471 37
472 31
473 30
474 38
475 37
476 35
477 33
478 29
479 29
480 34
481 27
482 32
483 33
484 39
485 43
486 33
487 22
488 29
489 19
490 42
491 44
492 29
493 40
494 28
495 26
496 36
497 31
498 27
499 30
500 22
501 32
502 35
503 37
504 26
505 38
506 33
507 23
508 43
509 27
510 34
511 36
512 43
513 33
514 23
515 31
516 35
517 45
518 37
519 36
520 27
521 38
522 36
523 39
524 28
525 49
526 39
527 34
528 38
529 46
530 35
531 30
532 28
533 31
534 28
535 26
536 34
537 19
538 32
539 35
540 41
541 38
542 39
543 23
544 27
545 35
546 30
547 43
548 36
549 27
550 32
551 36
552 26
553 37
554 40
555 33
556 24
557 37
558 36
559 41
560 27
561 39
562 41
563 32
564 43
565 30
566 30
567 37
568 36
569 24
570 32
571 41
572 28
573 37
574 43
575 36
576 39
577 29
578 32
579 30
580 26
581 40
582 27
583 39
584 27
585 25
586 37
587 46
588 36
589 26
590 33
591 31
592 41
593 34
594 37
595 19
596 33
597 42
598 35
599 39
600 37
601 33
602 32
603 40
604 31
605 31
606 35
607 36
608 32
609 30
610 42
611 33
612 31
613 33
614 27
615 36
616 28
617 33
618 32
619 33
620 38
621 37
622 48
623 32
624 37
625 38
626 34
627 37
628 54
629 46
630 34
631 55
632 51
633 44
634 55
635 38
636 62
637 44
638 40
639 40
640 71
641 71
642 74
643 115
644 89
645 82
646 65
647 82
648 75
649 88
650 82
651 84
652 87
653 80
654 86
655 82
656 100
657 79
658 63
659 64
660 52
661 41
662 40
663 41
664 37
665 41
666 46
667 43
668 28
669 29
670 43
671 36
672 40
673 29
674 32
675 36
676 31
677 35
678 41
679 30
680 40
681 38
682 37
683 43
684 35
685 42
686 39
687 37
688 46
689 32
690 31
691 32
692 39
693 38
694 30
695 34
696 43
697 30
698 36
699 30
700 33
701 32
702 46
703 33
704 35
705 39
706 39
707 33
708 34
709 22
710 28
711 24
712 35
713 37
714 25
715 31
716 30
717 29
718 36
719 31
720 36
721 22
722 32
723 37
724 36
725 32
726 32
727 33
728 27
729 33
730 28
731 42
732 36
733 35
734 35
735 33
736 34
737 35
738 25
739 40
740 38
741 30
742 31
743 36
744 46
745 35
746 40
747 45
748 33
749 41
750 37
751 27
752 34
753 29
754 36
755 35
756 34
757 32
758 30
759 30
760 30
761 35
762 35
763 31
764 36
765 18
766 26
767 47
768 42
769 34
770 49
771 35
772 38
773 31
774 48
775 42
776 29
777 30
778 31
779 38
780 32
781 33
782 39
783 37
784 36
785 32
786 41
787 26
788 35
789 46
790 32
791 39
792 30
793 40
794 30
795 25
796 38
797 27
798 33
799 29
800 28
801 30
802 41
803 40
804 27
805 42
806 36
807 31
808 33
809 37
810 38
811 30
812 27
813 39
814 28
815 32
816 23
817 36
818 42
819 30
820 34
821 29
822 35
823 32
824 41
825 37
826 27
827 31
828 33
829 31
830 35
831 32
832 36
833 33
834 32
835 30
836 31
837 25
838 31
839 30
840 29
841 27
842 32
843 39
844 22
845 32
846 27
847 30
848 34
849 27
850 35
851 31
852 39
853 30
854 35
855 22
856 41
857 29
858 41
859 37
860 39
861 18
862 30
863 26
864 25
865 41
866 29
867 32
868 31
869 29
870 30
871 29
872 24
873 23
874 46
875 26
876 26
877 42
878 32
879 33
880 34
881 34
882 47
883 30
884 29
885 28
886 26
887 31
888 25
889 23
890 21
891 39
892 20
893 34
894 33
895 34
896 38
897 30
898 26
899 36
900 36
901 34
902 33
903 37
904 32
905 44
906 36
907 31
908 45
909 37
910 27
911 33
912 34
913 37
914 35
915 33
916 38
917 40
918 49
919 38
920 14
921 26
922 29
923 31
924 28
925 32
926 25
927 30
928 31
929 29
930 34
931 31
932 38
933 44
934 29
935 42
936 35
937 29
938 47
939 39
940 28
941 36
942 28
943 36
944 35
945 31
946 35
947 46
948 31
949 23
950 43
951 33
952 33
953 27
954 29
955 19
956 29
957 24
958 25
959 27
960 32
961 27
962 35
963 26
964 34
965 32
966 32
967 33
968 38
969 28
970 34
971 36
972 29
973 27
974 30
975 35
976 25
977 35
978 32
979 32
980 22
981 37
982 39
983 25
984 30
985 32
986 39
987 24
988 30
989 28
990 33
991 31
992 33
993 36
994 29
995 27
996 26
997 31
998 22
999 43
1000 23
1001 36
1002 33
1003 36
1004 37
1005 46
1006 28
1007 41
1008 31
1009 43
1010 47
1011 31
1012 39
1013 19
1014 25
1015 25
1016 24
1017 40
1018 40
1019 28
1020 31
1021 31
1022 35
1023 23
1024 37
1025 32
1026 26
1027 36
1028 40
1029 32
1030 29
1031 32
1032 24
1033 24
1034 38
1035 42
1036 27
1037 30
1038 27
1039 39
1040 33
1041 24
1042 33
1043 28
1044 29
1045 34
1046 34
1047 31
1048 36
1049 35
1050 24
1051 28
1052 41
1053 28
1054 31
1055 39
1056 32
1057 26
1058 25
1059 35
1060 33
1061 27
1062 34
1063 30
1064 36
1065 25
1066 24
1067 29
1068 32
1069 26
1070 32
1071 47
1072 28
1073 29
1074 20
1075 25
1076 27
1077 37
1078 30
1079 34
1080 38
1081 26
1082 30
1083 30
1084 18
1085 25
1086 34
1087 23
1088 27
1089 39
1090 32
1091 26
1092 29
1093 31
1094 29
1095 37
1096 43
1097 33
1098 36
1099 33
1100 34
1101 32
1102 37
1103 23
1104 28
1105 26
1106 34
1107 31
1108 24
1109 33
1110 29
1111 36
1112 31
1113 31
1114 21
1115 21
1116 35
1117 28
1118 31
1119 34
1120 33
1121 30
1122 27
1123 37
1124 29
1125 25
1126 28
1127 33
1128 30
1129 43
1130 34
1131 39
1132 42
1133 29
1134 35
1135 34
1136 39
1137 37
1138 27
1139 20
1140 33
1141 20
1142 31
1143 36
1144 31
1145 40
1146 51
1147 31
1148 21
1149 32
1150 26
1151 24
1152 31
1153 28
1154 33
1155 35
1156 30
1157 33
1158 24
1159 30
1160 35
1161 36
1162 23
1163 28
1164 33
1165 32
1166 28
1167 24
1168 37
1169 29
1170 24
1171 37
1172 35
1173 35
1174 29
1175 43
1176 26
1177 49
1178 37
1179 39
1180 51
1181 63
1182 56
1183 64
1184 100
1185 106
1186 115
1187 211
1188 289
1189 348
1190 332
1191 287
1192 313
1193 405
1194 391
1195 451
1196 418
1197 452
1198 405
1199 392
1200 453
1201 443
1202 482
1203 452
1204 371
1205 341
1206 274
1207 203
1208 222
1209 133
1210 71
1211 56
1212 44
1213 34
1214 44
1215 24
1216 39
1217 16
1218 26
1219 35
1220 40
1221 35
1222 24
1223 26
1224 45
1225 32
1226 24
1227 34
1228 26
1229 33
1230 30
1231 31
1232 24
1233 33
1234 26
1235 23
1236 41
1237 31
1238 29
1239 24
1240 39
1241 26
1242 38
1243 35
1244 27
1245 26
1246 39
1247 34
1248 37
1249 40
1250 22
1251 22
1252 28
1253 20
1254 23
1255 30
1256 28
1257 31
1258 25
1259 22
1260 28
1261 24
1262 25
1263 31
1264 30
1265 22
1266 26
1267 23
1268 21
1269 22
1270 20
1271 19
1272 15
1273 18
1274 22
1275 17
1276 15
1277 12
1278 5
1279 4
1280 19
1281 26
1282 26
1283 15
1284 17
1285 24
1286 21
1287 21
1288 26
1289 22
1290 21
1291 18
1292 19
1293 17
1294 27
1295 28
1296 26
1297 20
1298 26
1299 33
1300 19
1301 22
1302 26
1303 22
1304 25
1305 19
1306 28
1307 28
1308 20
1309 22
1310 21
1311 17
1312 23
1313 20
1314 24
1315 22
1316 17
1317 22
1318 20
1319 25
1320 20
1321 20
1322 26
1323 22
1324 27
1325 22
1326 28
1327 23
1328 23
1329 29
1330 19
1331 19
1332 26
1333 19
1334 19
1335 23
1336 26
1337 18
1338 13
1339 21
1340 22
1341 18
1342 16
1343 23
1344 24
1345 25
1346 20
1347 14
1348 20
1349 25
1350 23
1351 17
1352 24
1353 33
1354 16
1355 15
1356 28
1357 37
1358 27
1359 20
1360 20
1361 16
1362 20
1363 25
1364 21
1365 18
1366 26
1367 17
1368 17
1369 23
1370 11
1371 23
1372 27
1373 21
1374 16
1375 24
1376 34
1377 26
1378 19
1379 20
1380 27
1381 24
1382 26
1383 24
1384 29
1385 20
1386 20
1387 20
1388 18
1389 23
1390 22
1391 14
1392 15
1393 20
1394 29
1395 24
1396 20
1397 27
1398 24
1399 18
1400 16
1401 29
1402 23
1403 29
1404 21
1405 20
1406 20
1407 21
1408 25
1409 23
1410 18
1411 21
1412 21
1413 32
1414 36
1415 42
1416 35
1417 54
1418 62
1419 68
1420 65
1421 59
1422 50
1423 37
1424 39
1425 44
1426 35
1427 39
1428 40
1429 33
1430 34
1431 27
1432 23
1433 26
1434 27
1435 33
1436 21
1437 22
1438 21
1439 17
1440 25
1441 12
1442 23
1443 19
1444 23
1445 20
1446 19
1447 28
1448 16
1449 19
1450 21
1451 25
1452 26
1453 20
1454 18
1455 25
1456 19
1457 17
1458 17
1459 24
1460 12
1461 22
1462 27
1463 13
1464 21
1465 27
1466 15
1467 18
1468 26
1469 23
1470 20
1471 18
1472 20
1473 18
1474 16
1475 28
1476 19
1477 18
1478 13
1479 18
1480 25
1481 21
1482 23
1483 19
1484 25
1485 17
1486 21
1487 27
1488 23
1489 28
1490 25
1491 14
1492 33
1493 26
1494 30
1495 36
1496 41
1497 36
1498 48
1499 48
1500 49
1501 62
1502 78
1503 69
1504 103
1505 127
1506 172
1507 213
1508 292
1509 401
1510 351
1511 248
1512 189
1513 229
1514 187
1515 203
1516 244
1517 207
1518 157
1519 135
1520 108
1521 66
1522 42
1523 39
1524 36
1525 36
1526 29
1527 32
1528 20
1529 21
1530 29
1531 29
1532 15
1533 16
1534 24
1535 20
1536 27
1537 21
1538 19
1539 18
1540 21
1541 17
1542 23
1543 15
1544 25
1545 20
1546 24
1547 26
1548 16
1549 15
1550 16
1551 23
1552 19
1553 16
1554 15
1555 20
1556 22
1557 14
1558 23
1559 22
1560 21
1561 21
1562 18
1563 15
1564 23
1565 22
1566 19
1567 25
1568 25
1569 18
1570 20
1571 23
1572 19
1573 17
1574 18
1575 11
1576 20
1577 15
1578 18
1579 19
1580 16
1581 17
1582 23
1583 18
1584 18
1585 23
1586 19
1587 22
1588 15
1589 21
1590 14
1591 15
1592 31
1593 31
1594 24
1595 16
1596 11
1597 22
1598 18
1599 22
1600 23
1601 23
1602 14
1603 20
1604 22
1605 18
1606 27
1607 20
1608 19
1609 26
1610 21
1611 25
1612 24
1613 18
1614 20
1615 20
1616 19
1617 28
1618 22
1619 15
1620 15
1621 19
1622 15
1623 20
1624 27
1625 13
1626 21
1627 23
1628 21
1629 24
1630 15
1631 14
1632 25
1633 21
1634 18
1635 15
1636 20
1637 21
1638 12
1639 22
1640 11
1641 14
1642 21
1643 17
1644 16
1645 22
1646 18
1647 15
1648 12
1649 11
1650 19
1651 16
1652 19
1653 17
1654 19
1655 27
1656 17
1657 16
1658 22
1659 18
1660 18
1661 20
1662 18
1663 12
1664 22
1665 18
1666 14
1667 15
1668 22
1669 13
1670 24
1671 22
1672 11
1673 17
1674 13
1675 13
1676 13
1677 15
1678 16
1679 8
1680 11
1681 11
1682 18
1683 11
1684 11
1685 23
1686 18
1687 14
1688 14
1689 13
1690 15
1691 19
1692 14
1693 11
1694 24
1695 22
1696 17
1697 11
1698 20
1699 15
1700 15
1701 21
1702 21
1703 19
1704 21
1705 17
1706 27
1707 20
1708 20
1709 18
1710 20
1711 17
1712 23
1713 22
1714 22
1715 18
1716 11
1717 17
1718 17
1719 15
1720 14
1721 17
1722 20
1723 11
1724 21
1725 12
1726 22
1727 17
1728 16
1729 15
1730 14
1731 18
1732 15
1733 10
1734 12
1735 13
1736 11
1737 18
1738 16
1739 18
1740 18
1741 23
1742 14
1743 16
1744 15
1745 16
1746 17
1747 13
1748 16
1749 28
1750 10
1751 13
1752 19
1753 16
1754 15
1755 23
1756 16
1757 13
1758 13
1759 14
1760 23
1761 17
1762 13
1763 19
1764 19
1765 15
1766 20
1767 19
1768 14
1769 14
1770 21
1771 15
1772 21
1773 15
1774 19
1775 19
1776 18
1777 14
1778 24
1779 21
1780 20
1781 23
1782 20
1783 18
1784 15
1785 17
1786 25
1787 26
1788 21
1789 20
1790 20
1791 22
1792 17
1793 16
1794 18
1795 12
1796 17
1797 23
1798 24
1799 18
1800 27
1801 13
1802 16
1803 18
1804 14
1805 15
1806 14
1807 23
1808 10
1809 21
1810 19
1811 18
1812 18
1813 10
1814 24
1815 12
1816 16
1817 22
1818 11
1819 16
1820 17
1821 17
1822 13
1823 19
1824 19
1825 17
1826 10
1827 20
1828 13
1829 15
1830 20
1831 11
1832 15
1833 13
1834 15
1835 17
1836 15
1837 12
1838 14
1839 17
1840 17
1841 15
1842 15
1843 14
1844 13
1845 13
1846 13
1847 10
1848 15
1849 14
1850 17
1851 17
1852 17
1853 15
1854 21
1855 19
1856 25
1857 23
1858 20
1859 12
1860 15
1861 10
1862 15
1863 14
1864 18
1865 18
1866 15
1867 16
1868 13
1869 11
1870 17
1871 18
1872 26
1873 15
1874 15
1875 22
1876 24
1877 13
1878 23
1879 14
1880 11
1881 20
1882 19
1883 14
1884 15
1885 13
1886 10
1887 17
1888 18
1889 17
1890 11
1891 16
1892 26
1893 15
1894 16
1895 13
1896 8
1897 19
1898 11
1899 16
1900 17
1901 14
1902 14
1903 21
1904 15
1905 16
1906 18
1907 14
1908 19
1909 18
1910 13
1911 9
1912 12
1913 21
1914 20
1915 16
1916 12
1917 19
1918 10
1919 12
1920 12
1921 19
1922 18
1923 19
1924 21
1925 19
1926 24
1927 15
1928 14
1929 27
1930 19
1931 12
1932 29
1933 19
1934 27
1935 18
1936 16
1937 12
1938 22
1939 16
1940 17
1941 24
1942 18
1943 26
1944 24
1945 23
1946 15
1947 19
1948 21
1949 16
1950 20
1951 18
1952 21
1953 16
1954 13
1955 20
1956 15
1957 27
1958 17
1959 15
1960 14
1961 12
1962 14
1963 19
1964 12
1965 17
1966 20
1967 17
1968 17
1969 18
1970 19
1971 11
1972 15
1973 23
1974 21
1975 17
1976 18
1977 7
1978 14
1979 23
1980 22
1981 11
1982 16
1983 19
1984 20
1985 18
1986 36
1987 42
1988 34
1989 32
1990 67
1991 62
1992 63
1993 87
1994 70
1995 119
1996 155
1997 218
1998 213
1999 186
2000 135
2001 104
2002 120
2003 145
2004 116
2005 112
2006 69
2007 37
2008 48
2009 45
2010 34
2011 31
2012 46
2013 31
2014 40
2015 26
2016 21
2017 12
2018 12
2019 17
2020 12
2021 10
2022 19
2023 17
2024 19
2025 20
2026 14
2027 20
2028 13
2029 16
2030 18
2031 21
2032 18
2033 10
2034 15
2035 11
2036 12
2037 10
2038 19
2039 15
2040 19
2041 11
2042 19
2043 14
2044 15
2045 8
2046 14
2047 18
2048 9
2049 11
2050 20
2051 17
2052 17
2053 12
2054 12
2055 10
2056 11
2057 14
2058 11
2059 9
2060 19
2061 16
2062 13
2063 11
2064 9
2065 11
2066 16
2067 11
2068 17
2069 17
2070 17
2071 13
2072 15
2073 11
2074 18
2075 16
2076 15
2077 18
2078 10
2079 19
2080 15
2081 8
2082 9
2083 9
2084 10
2085 11
2086 11
2087 19
2088 17
2089 14
2090 13
2091 11
2092 11
2093 16
2094 10
2095 12
2096 12
2097 10
2098 15
2099 14
2100 20
2101 11
2102 10
2103 24
2104 14
2105 13
2106 18
2107 15
2108 15
2109 16
2110 18
2111 9
2112 13
2113 18
2114 16
2115 8
2116 9
2117 15
2118 18
2119 23
2120 13
2121 16
2122 15
2123 14
2124 12
2125 13
2126 16
2127 13
2128 14
2129 9
2130 13
2131 9
2132 17
2133 16
2134 12
2135 18
2136 8
2137 14
2138 10
2139 17
2140 14
2141 11
2142 12
2143 11
2144 9
2145 12
2146 14
2147 13
2148 5
2149 15
2150 15
2151 13
2152 17
2153 10
2154 15
2155 9
2156 19
2157 17
2158 11
2159 12
2160 19
2161 10
2162 21
2163 14
2164 12
2165 12
2166 12
2167 15
2168 12
2169 16
2170 11
2171 13
2172 16
2173 10
2174 18
2175 11
2176 12
2177 10
2178 15
2179 14
2180 19
2181 18
2182 15
2183 15
2184 12
2185 13
2186 18
2187 13
2188 10
2189 15
2190 9
2191 13
2192 12
2193 16
2194 12
2195 14
2196 17
2197 17
2198 17
2199 16
2200 13
2201 20
2202 11
2203 17
2204 15
2205 17
2206 14
2207 7
2208 18
2209 13
2210 20
2211 17
2212 17
2213 21
2214 16
2215 21
2216 23
2217 16
2218 9
2219 19
2220 14
2221 15
2222 16
2223 15
2224 15
2225 14
2226 17
2227 12
2228 14
2229 14
2230 12
2231 16
2232 25
2233 12
2234 14
2235 14
2236 16
2237 12
2238 18
2239 16
2240 16
2241 20
2242 12
2243 13
2244 16
2245 31
2246 31
2247 33
2248 36
2249 34
2250 47
2251 43
2252 52
2253 60
2254 89
2255 112
2256 122
2257 145
2258 158
2259 191
2260 203
2261 208
2262 168
2263 235
2264 288
2265 403
2266 432
2267 457
2268 479
2269 493
2270 466
2271 459
2272 543
2273 567
2274 515
2275 452
2276 425
2277 371
2278 331
2279 316
2280 359
2281 282
2282 287
2283 199
2284 113
2285 87
2286 51
2287 45
2288 59
2289 47
2290 27
2291 24
2292 21
2293 26
2294 15
2295 19
2296 11
2297 30
2298 18
2299 18
2300 16
2301 21
2302 18
2303 8
2304 15
2305 19
2306 17
2307 19
2308 11
2309 15
2310 22
2311 10
2312 21
2313 18
2314 17
2315 15
2316 12
2317 12
2318 16
2319 13
2320 9
2321 11
2322 16
2323 12
2324 16
2325 6
2326 13
2327 12
2328 11
2329 18
2330 10
2331 20
2332 7
2333 7
2334 19
2335 11
2336 12
2337 14
2338 14
2339 7
2340 8
2341 11
2342 13
2343 11
2344 13
2345 14
2346 13
2347 10
2348 16
2349 14
2350 12
2351 8
2352 15
2353 15
2354 15
2355 20
2356 16
2357 17
2358 15
2359 10
2360 12
2361 22
2362 18
2363 10
2364 9
2365 9
2366 16
2367 15
2368 13
2369 8
2370 12
2371 13
2372 11
2373 8
2374 15
2375 16
2376 10
2377 9
2378 19
2379 12
2380 18
2381 14
2382 11
2383 10
2384 10
2385 16
2386 13
2387 16
2388 15
2389 12
2390 14
2391 14
2392 12
2393 8
2394 10
2395 11
2396 16
2397 15
2398 16
2399 7
2400 18
2401 25
2402 19
2403 20
2404 8
2405 9
2406 15
2407 12
2408 14
2409 15
2410 12
2411 9
2412 24
2413 13
2414 14
2415 12
2416 10
2417 13
2418 12
2419 14
2420 13
2421 11
2422 19
2423 9
2424 12
2425 13
2426 7
2427 14
2428 17
2429 15
2430 9
2431 8
2432 15
2433 13
2434 15
2435 9
2436 12
2437 7
2438 20
2439 10
2440 13
2441 7
2442 13
2443 12
2444 14
2445 10
2446 8
2447 18
2448 7
2449 13
2450 18
2451 10
2452 9
2453 16
2454 9
2455 15
2456 10
2457 15
2458 10
2459 19
2460 14
2461 12
2462 11
2463 16
2464 17
2465 20
2466 18
2467 21
2468 27
2469 29
2470 27
2471 18
2472 21
2473 33
2474 44
2475 59
2476 56
2477 70
2478 62
2479 66
2480 63
2481 63
2482 79
2483 85
2484 74
2485 73
2486 89
2487 78
2488 57
2489 70
2490 94
2491 87
2492 75
2493 64
2494 66
2495 63
2496 40
2497 37
2498 46
2499 32
2500 40
2501 34
2502 34
2503 27
2504 18
2505 14
2506 14
2507 14
2508 18
2509 11
2510 13
2511 12
2512 10
2513 11
2514 9
2515 20
2516 16
2517 11
2518 14
2519 13
2520 14
2521 12
2522 13
2523 10
2524 13
2525 15
2526 14
2527 9
2528 11
2529 13
2530 11
2531 13
2532 10
2533 2
2534 12
2535 16
2536 10
2537 8
2538 9
2539 11
2540 12
2541 16
2542 15
2543 8
2544 9
2545 16
2546 18
2547 14
2548 18
2549 15
2550 12
2551 16
2552 11
2553 7
2554 14
2555 17
2556 14
2557 17
2558 10
2559 16
