0 35
1 26
2 23
3 18
4 21
5 26
6 25
7 30
8 30
9 31
10 22
11 20
12 30
13 32
14 20
15 28
16 31
17 25
18 24
19 26
20 29
21 29
22 14
23 37
24 26
25 17
26 31
27 26
28 30
29 38
30 31
31 27
32 25
33 38
34 30
35 36
36 26
37 34
38 24
39 26
40 30
41 25
42 16
43 21
44 22
45 25
46 31
47 26
48 29
49 28
50 34
51 28
52 24
53 33
54 34
55 26
56 18
57 27
58 26
59 26
60 17
61 26
62 24
63 27
64 30
65 28
66 29
67 30
68 21
69 24
70 28
71 17
72 24
73 26
74 27
75 34
76 25
77 26
78 22
79 41
80 35
81 21
82 36
83 21
84 33
85 27
86 36
87 20
88 25
89 27
90 25
91 22
92 29
93 35
94 28
95 21
96 33
97 31
98 26
99 29
100 31
101 30
102 36
103 26
104 29
105 24
106 23
107 41
108 25
109 20
110 36
111 25
112 21
113 25
114 22
115 26
116 23
117 34
118 32
119 28
120 18
121 32
122 26
123 37
124 38
125 28
126 28
127 24
128 22
129 28
130 32
131 31
132 29
133 23
134 21
135 31
136 32
137 30
138 30
139 17
140 28
141 32
142 30
143 30
144 29
145 39
146 34
147 23
148 26
149 31
150 17
151 30
152 31
153 27
154 25
155 37
156 29
157 18
158 21
159 29
160 37
161 30
162 35
163 33
164 29
165 35
166 17
167 39
168 35
169 25
170 25
171 30
172 27
173 34
174 41
175 32
176 41
177 37
178 28
179 33
180 22
181 19
182 36
183 29
184 31
185 33
186 29
187 18
188 24
189 33
190 18
191 32
192 24
193 27
194 34
195 23
196 25
197 20
198 28
199 30
200 31
201 36
202 32
203 26
204 34
205 35
206 32
207 21
208 33
209 30
210 31
211 18
212 24
213 32
214 32
215 22
216 40
217 30
218 25
219 42
220 31
221 28
222 34
223 23
224 34
225 26
226 28
227 29
228 27
229 28
230 29
231 35
232 32
233 29
234 30
235 31
236 31
237 30
238 37
239 28
240 30
241 30
242 30
243 31
244 38
245 20
246 28
247 21
248 36
249 29
250 35
251 29
252 36
253 24
254 23
255 22
256 32
257 32
258 31
259 32
260 33
261 31
262 40
263 32
264 40
265 33
266 26
267 29
268 38
269 38
270 27
271 37
272 26
273 36
274 34
275 29
276 27
277 31
278 39
279 29
280 29
281 31
282 31
283 23
284 33
285 36
286 31
287 27
288 31
289 32
290 28
291 28
292 33
293 28
294 37
295 30
296 32
297 34
298 37
299 31
300 29
301 34
302 50
303 31
304 43
305 36
306 38
307 25
308 44
309 33
310 29
311 35
312 32
313 36
314 35
315 31
316 26
317 31
318 42
319 27
320 39
321 28
322 38
323 28
324 25
325 21
326 31
327 26
328 27
329 28
330 31
331 30
332 32
333 39
334 41
335 35
336 32
337 31
338 24
339 35
340 35
341 43
342 26
343 30
344 24
345 34
346 33
347 23
348 37
349 31
350 34
351 26
352 24
353 38
354 44
355 31
356 18
357 24
358 33
359 34
360 27
361 20
362 32
363 43
364 36
365 25
366 38
367 35
368 33
369 14
370 28
371 32
372 30
373 35
374 32
375 27
376 24
377 30
378 38
379 33
380 32
381 24
382 33
383 31
384 25
385 24
386 37
387 24
388 22
389 40
390 47
391 37
392 35
393 33
394 25
395 30
396 30
397 35
398 36
399 34
400 36
401 42
402 32
403 35
404 33
405 40
406 30
407 36
408 23
409 40
410 29
411 28
412 34
413 31
414 17
415 26
416 32
417 25
418 40
419 31
420 29
421 31
422 43
423 33
424 31
425 37
426 22
427 29
428 35
429 29
430 36
431 26
432 36
433 33
434 28
435 36
436 43
437 31
438 30
439 33
440 31
441 37
442 30
443 32
444 38
445 39
446 38
447 52
448 31
449 29
450 30
451 41
452 37
453 31
454 49
455 41
456 39
457 37
458 30
459 52
460 37
461 36
462 39
463 34
464 38
465 35
466 41
467 36
468 31
469 33
470 31
471 29
472 39
473 41
474 41
475 45
476 32
477 28
478 35
479 39
480 34
481 43
482 24
483 26
484 36
485 22
486 33
487 27
488 38
489 36
490 35
491 35
492 28
493 32
494 44
495 28
496 40
497 40
498 29
499 51
500 26
501 31
502 28
503 31
504 34
505 35
506 39
507 41
508 28
509 35
510 39
511 31
512 32
513 38
514 44
515 31
516 43
517 37
518 40
519 39
520 33
521 36
522 40
523 42
524 36
525 38
526 44
527 42
528 48
529 32
530 23
531 36
532 22
533 34
534 23
535 34
536 37
537 33
538 52
539 35
540 43
541 41
542 28
543 42
544 42
545 34
546 41
547 27
548 44
549 34
550 43
551 33
552 38
553 44
554 43
555 43
556 43
557 29
558 49
559 42
560 41
561 27
562 40
563 35
564 33
565 32
566 29
567 37
568 26
569 40
570 39
571 29
572 27
573 26
574 36
575 36
576 31
577 33
578 24
579 38
580 27
581 38
582 29
583 44
584 38
585 38
586 26
587 41
588 61
589 59
590 43
591 34
592 59
593 57
594 43
595 39
596 41
597 56
598 60
599 46
600 58
601 67
602 57
603 69
604 81
605 74
606 86
607 100
608 86
609 68
610 85
611 87
612 110
613 116
614 124
615 110
616 95
617 96
618 86
619 83
620 96
621 72
622 73
623 58
624 56
625 55
626 50
627 44
628 40
629 40
630 22
631 36
632 41
633 46
634 27
635 30
636 41
637 47
638 28
639 32
640 36
641 38
642 68
643 37
644 32
645 34
646 39
647 34
648 46
649 33
650 47
651 43
652 29
653 34
654 37
655 34
656 35
657 36
658 39
659 43
660 42
661 29
662 32
663 44
664 41
665 50
666 36
667 45
668 36
669 41
670 35
671 31
672 33
673 38
674 36
675 40
676 37
677 33
678 43
679 32
680 31
681 35
682 35
683 35
684 35
685 20
686 29
687 38
688 40
689 37
690 38
691 36
692 32
693 39
694 42
695 33
696 35
697 40
698 26
699 33
700 28
701 28
702 30
703 37
704 43
705 49
706 32
707 39
708 39
709 30
710 28
711 28
712 32
713 37
714 32
715 36
716 34
717 48
718 36
719 34
720 43
721 49
722 30
723 22
724 36
725 34
726 36
727 36
728 32
729 33
730 46
731 38
732 36
733 38
734 44
735 36
736 41
737 28
738 42
739 34
740 42
741 41
742 33
743 36
744 37
745 34
746 41
747 30
748 35
749 43
750 43
751 39
752 29
753 43
754 25
755 23
756 40
757 35
758 42
759 29
760 39
761 32
762 32
763 38
764 26
765 34
766 37
767 35
768 32
769 28
770 26
771 37
772 40
773 34
774 49
775 33
776 39
777 32
778 35
779 39
780 26
781 36
782 38
783 39
784 32
785 28
786 35
787 34
788 49
789 35
790 37
791 38
792 34
793 37
794 32
795 39
796 29
797 35
798 36
799 39
800 41
801 34
802 42
803 53
804 21
805 31
806 38
807 38
808 32
809 32
810 35
811 33
812 27
813 42
814 37
815 33
816 38
817 33
818 28
819 38
820 44
821 30
822 47
823 23
824 27
825 33
826 25
827 35
828 40
829 32
830 35
831 36
832 39
833 45
834 34
835 39
836 32
837 38
838 42
839 29
840 28
841 33
842 28
843 31
844 30
845 35
846 24
847 35
848 35
849 32
850 26
851 37
852 35
853 25
854 30
855 34
856 45
857 27
858 33
859 36
860 34
861 30
862 44
863 25
864 26
865 35
866 36
867 33
868 30
869 42
870 34
871 37
872 30
873 27
874 35
875 30
876 27
877 35
878 36
879 36
880 24
881 29
882 33
883 34
884 30
885 35
886 40
887 36
888 30
889 34
890 33
891 38
892 31
893 38
894 25
895 26
896 25
897 35
898 27
899 23
900 31
901 22
902 28
903 22
904 23
905 41
906 44
907 30
908 31
909 23
910 37
911 38
912 32
913 23
914 24
915 44
916 51
917 26
918 36
919 39
920 37
921 46
922 38
923 33
924 30
925 39
926 20
927 36
928 27
929 28
930 40
931 38
932 41
933 28
934 40
935 37
936 42
937 24
938 32
939 42
940 28
941 31
942 25
943 25
944 33
945 35
946 27
947 24
948 32
949 35
950 33
951 32
952 34
953 22
954 32
955 39
956 28
957 35
958 26
959 35
960 44
961 32
962 38
963 26
964 41
965 32
966 35
967 31
968 37
969 35
970 31
971 30
972 33
973 31
974 37
975 33
976 37
977 27
978 31
979 29
980 37
981 39
982 27
983 36
984 36
985 43
986 30
987 31
988 33
989 28
990 23
991 28
992 28
993 26
994 30
995 27
996 29
997 29
998 38
999 34
1000 35
1001 26
1002 33
1003 35
1004 29
1005 27
1006 40
1007 38
1008 31
1009 22
1010 31
1011 39
1012 36
1013 29
1014 24
1015 32
1016 25
1017 36
1018 27
1019 24
1020 32
1021 37
1022 28
1023 33
1024 20
1025 30
1026 29
1027 26
1028 28
1029 21
1030 37
1031 32
1032 44
1033 18
1034 28
1035 33
1036 33
1037 29
1038 34
1039 35
1040 36
1041 30
1042 36
1043 40
1044 27
1045 30
1046 36
1047 33
1048 32
1049 32
1050 33
1051 28
1052 34
1053 32
1054 29
1055 30
1056 33
1057 27
1058 39
1059 31
1060 19
1061 46
1062 25
1063 23
1064 33
1065 20
1066 34
1067 32
1068 31
1069 28
1070 52
1071 26
1072 33
1073 28
1074 33
1075 27
1076 41
1077 26
1078 32
1079 28
1080 34
1081 42
1082 27
1083 34
1084 19
1085 37
1086 40
1087 32
1088 34
1089 36
1090 26
1091 30
1092 41
1093 32
1094 30
1095 27
1096 28
1097 26
1098 34
1099 19
1100 35
1101 35
1102 41
1103 25
1104 28
1105 41
1106 27
1107 23
1108 26
1109 36
1110 44
1111 28
1112 31
1113 37
1114 43
1115 29
1116 35
1117 48
1118 26
1119 26
1120 39
1121 25
1122 38
1123 41
1124 33
1125 29
1126 40
1127 42
1128 33
1129 32
1130 37
1131 50
1132 46
1133 49
1134 62
1135 58
1136 85
1137 88
1138 150
1139 158
1140 154
1141 179
1142 197
1143 291
1144 335
1145 362
1146 363
1147 380
1148 471
1149 521
1150 571
1151 512
1152 505
1153 512
1154 526
1155 615
1156 582
1157 488
1158 328
1159 246
1160 209
1161 160
1162 153
1163 137
1164 106
1165 47
1166 40
1167 41
1168 31
1169 38
1170 32
1171 26
1172 43
1173 33
1174 33
1175 30
1176 30
1177 28
1178 46
1179 38
1180 31
1181 29
1182 25
1183 25
1184 34
1185 29
1186 40
1187 30
1188 38
1189 31
1190 32
1191 36
1192 38
1193 23
1194 28
1195 37
1196 32
1197 32
1198 45
1199 33
1200 34
1201 36
1202 31
1203 33
1204 32
1205 28
1206 27
1207 27
1208 35
1209 20
1210 34
1211 25
1212 38
1213 28
1214 23
1215 33
1216 33
1217 24
1218 20
1219 28
1220 32
1221 30
1222 28
1223 32
1224 28
1225 27
1226 32
1227 27
1228 27
1229 29
1230 22
1231 36
1232 25
1233 33
1234 30
1235 27
1236 23
1237 26
1238 36
1239 20
1240 26
1241 35
1242 27
1243 27
1244 38
1245 25
1246 28
1247 35
1248 24
1249 30
1250 40
1251 30
1252 31
1253 24
1254 24
1255 19
1256 27
1257 28
1258 20
1259 20
1260 23
1261 28
1262 24
1263 20
1264 32
1265 31
1266 32
1267 34
1268 26
1269 27
1270 20
1271 17
1272 19
1273 23
1274 19
1275 19
1276 17
1277 21
1278 20
1279 6
1280 34
1281 19
1282 28
1283 21
1284 22
1285 16
1286 19
1287 30
1288 19
1289 22
1290 23
1291 17
1292 19
1293 22
1294 25
1295 20
1296 24
1297 25
1298 23
1299 21
1300 28
1301 23
1302 19
1303 25
1304 24
1305 21
1306 18
1307 17
1308 26
1309 28
1310 15
1311 23
1312 21
1313 20
1314 30
1315 22
1316 34
1317 16
1318 25
1319 24
1320 26
1321 21
1322 16
1323 22
1324 24
1325 13
1326 16
1327 21
1328 28
1329 22
1330 34
1331 20
1332 15
1333 27
1334 27
1335 28
1336 15
1337 18
1338 22
1339 26
1340 25
1341 23
1342 22
1343 21
1344 19
1345 15
1346 26
1347 23
1348 17
1349 22
1350 25
1351 22
1352 20
1353 22
1354 30
1355 20
1356 23
1357 37
1358 19
1359 26
1360 27
1361 28
1362 39
1363 28
1364 42
1365 42
1366 39
1367 34
1368 47
1369 44
1370 35
1371 41
1372 36
1373 32
1374 33
1375 35
1376 31
1377 36
1378 26
1379 42
1380 26
1381 16
1382 18
1383 24
1384 20
1385 19
1386 16
1387 33
1388 18
1389 17
1390 20
1391 27
1392 25
1393 21
1394 23
1395 17
1396 18
1397 24
1398 29
1399 15
1400 25
1401 23
1402 23
1403 15
1404 18
1405 23
1406 26
1407 29
1408 37
1409 18
1410 23
1411 18
1412 25
1413 27
1414 19
1415 13
1416 17
1417 22
1418 25
1419 13
1420 26
1421 29
1422 27
1423 22
1424 14
1425 21
1426 20
1427 25
1428 24
1429 23
1430 26
1431 24
1432 23
1433 28
1434 35
1435 17
1436 30
1437 26
1438 39
1439 49
1440 45
1441 40
1442 46
1443 65
1444 59
1445 68
1446 60
1447 67
1448 82
1449 105
1450 108
1451 129
1452 193
1453 188
1454 199
1455 200
1456 238
1457 216
1458 178
1459 173
1460 171
1461 157
1462 131
1463 134
1464 130
1465 101
1466 64
1467 52
1468 35
1469 34
1470 25
1471 28
1472 24
1473 19
1474 18
1475 23
1476 30
1477 18
1478 26
1479 24
1480 29
1481 19
1482 28
1483 21
1484 13
1485 13
1486 21
1487 20
1488 26
1489 18
1490 15
1491 17
1492 16
1493 21
1494 21
1495 30
1496 20
1497 23
1498 18
1499 22
1500 29
1501 19
1502 27
1503 26
1504 32
1505 17
1506 16
1507 17
1508 15
1509 24
1510 25
1511 24
1512 22
1513 22
1514 22
1515 16
1516 13
1517 18
1518 10
1519 17
1520 15
1521 25
1522 18
1523 20
1524 20
1525 19
1526 15
1527 13
1528 23
1529 22
1530 23
1531 15
1532 19
1533 23
1534 16
1535 19
1536 22
1537 21
1538 19
1539 16
1540 15
1541 26
1542 24
1543 18
1544 18
1545 23
1546 15
1547 20
1548 13
1549 19
1550 17
1551 22
1552 18
1553 23
1554 10
1555 22
1556 27
1557 18
1558 14
1559 11
1560 21
1561 24
1562 27
1563 17
1564 17
1565 14
1566 17
1567 21
1568 22
1569 21
1570 22
1571 16
1572 19
1573 12
1574 20
1575 16
1576 23
1577 17
1578 23
1579 10
1580 26
1581 25
1582 16
1583 6
1584 22
1585 13
1586 15
1587 18
1588 21
1589 27
1590 16
1591 18
1592 16
1593 18
1594 20
1595 25
1596 16
1597 15
1598 21
1599 22
1600 19
1601 14
1602 22
1603 20
1604 12
1605 28
1606 21
1607 14
1608 23
1609 18
1610 17
1611 9
1612 20
1613 16
1614 16
1615 21
1616 32
1617 26
1618 23
1619 12
1620 17
1621 26
1622 24
1623 14
1624 17
1625 27
1626 24
1627 13
1628 17
1629 22
1630 16
1631 18
1632 16
1633 11
1634 27
1635 26
1636 14
1637 20
1638 19
1639 18
1640 21
1641 15
1642 13
1643 15
1644 24
1645 16
1646 17
1647 18
1648 22
1649 18
1650 15
1651 16
1652 14
1653 15
1654 25
1655 24
1656 17
1657 20
1658 18
1659 19
1660 12
1661 20
1662 22
1663 30
1664 22
1665 20
1666 21
1667 22
1668 23
1669 22
1670 20
1671 17
1672 12
1673 19
1674 21
1675 20
1676 14
1677 15
1678 11
1679 25
1680 20
1681 18
1682 20
1683 22
1684 22
1685 22
1686 27
1687 14
1688 17
1689 17
1690 29
1691 16
1692 19
1693 16
1694 26
1695 17
1696 15
1697 13
1698 18
1699 20
1700 20
1701 25
1702 19
1703 22
1704 15
1705 17
1706 26
1707 11
1708 21
1709 23
1710 20
1711 11
1712 26
1713 22
1714 17
1715 11
1716 15
1717 17
1718 12
1719 12
1720 22
1721 13
1722 21
1723 23
1724 15
1725 9
1726 19
1727 26
1728 13
1729 15
1730 10
1731 11
1732 17
1733 30
1734 21
1735 15
1736 20
1737 15
1738 25
1739 21
1740 23
1741 16
1742 14
1743 19
1744 18
1745 21
1746 19
1747 19
1748 20
1749 20
1750 12
1751 19
1752 20
1753 23
1754 22
1755 14
1756 17
1757 9
1758 24
1759 25
1760 19
1761 22
1762 17
1763 16
1764 19
1765 16
1766 25
1767 15
1768 15
1769 13
1770 17
1771 11
1772 23
1773 22
1774 20
1775 16
1776 21
1777 25
1778 21
1779 21
1780 18
1781 25
1782 12
1783 24
1784 18
1785 18
1786 18
1787 20
1788 17
1789 23
1790 15
1791 15
1792 16
1793 22
1794 14
1795 16
1796 18
1797 18
1798 18
1799 22
1800 26
1801 18
1802 16
1803 15
1804 12
1805 15
1806 24
1807 19
1808 21
1809 15
1810 19
1811 14
1812 19
1813 17
1814 21
1815 16
1816 12
1817 14
1818 23
1819 15
1820 11
1821 17
1822 16
1823 18
1824 15
1825 25
1826 13
1827 8
1828 28
1829 13
1830 16
1831 19
1832 29
1833 12
1834 12
1835 25
1836 22
1837 17
1838 16
1839 7
1840 16
1841 14
1842 17
1843 9
1844 16
1845 16
1846 16
1847 14
1848 16
1849 16
1850 19
1851 15
1852 15
1853 11
1854 13
1855 21
1856 15
1857 12
1858 22
1859 17
1860 14
1861 22
1862 13
1863 14
1864 18
1865 6
1866 18
1867 11
1868 21
1869 16
1870 12
1871 12
1872 24
1873 15
1874 18
1875 23
1876 15
1877 28
1878 30
1879 28
1880 15
1881 18
1882 17
1883 21
1884 15
1885 20
1886 21
1887 16
1888 18
1889 20
1890 18
1891 21
1892 14
1893 16
1894 20
1895 14
1896 15
1897 14
1898 16
1899 13
1900 19
1901 22
1902 24
1903 14
1904 17
1905 13
1906 26
1907 20
1908 11
1909 15
1910 20
1911 16
1912 24
1913 19
1914 24
1915 16
1916 22
1917 20
1918 26
1919 23
1920 32
1921 36
1922 42
1923 28
1924 33
1925 44
1926 50
1927 39
1928 50
1929 53
1930 53
1931 53
1932 58
1933 100
1934 97
1935 95
1936 131
1937 104
1938 94
1939 124
1940 113
1941 91
1942 109
1943 83
1944 116
1945 120
1946 64
1947 62
1948 57
1949 40
1950 38
1951 27
1952 23
1953 24
1954 21
1955 36
1956 37
1957 14
1958 20
1959 22
1960 18
1961 15
1962 20
1963 17
1964 22
1965 18
1966 10
1967 18
1968 16
1969 18
1970 18
1971 12
1972 21
1973 12
1974 15
1975 20
1976 19
1977 15
1978 19
1979 14
1980 19
1981 16
1982 8
1983 13
1984 18
1985 16
1986 20
1987 18
1988 18
1989 15
1990 13
1991 11
1992 21
1993 10
1994 12
1995 19
1996 21
1997 14
1998 16
1999 21
2000 19
2001 16
2002 18
2003 15
2004 19
2005 21
2006 19
2007 17
2008 8
2009 15
2010 14
2011 10
2012 13
2013 18
2014 12
2015 13
2016 17
2017 16
2018 14
2019 16
2020 16
2021 14
2022 10
2023 15
2024 9
2025 10
2026 18
2027 12
2028 19
2029 23
2030 19
2031 22
2032 12
2033 15
2034 16
2035 15
2036 10
2037 26
2038 14
2039 14
2040 20
2041 15
2042 25
2043 18
2044 12
2045 18
2046 18
2047 19
2048 32
2049 11
2050 12
2051 14
2052 12
2053 15
2054 12
2055 7
2056 18
2057 20
2058 13
2059 12
2060 19
2061 16
2062 13
2063 12
2064 9
2065 11
2066 14
2067 15
2068 12
2069 12
2070 15
2071 13
2072 16
2073 10
2074 18
2075 15
2076 14
2077 8
2078 12
2079 13
2080 14
2081 16
2082 13
2083 15
2084 15
2085 16
2086 18
2087 11
2088 19
2089 10
2090 10
2091 11
2092 13
2093 11
2094 15
2095 19
2096 12
2097 9
2098 14
2099 18
2100 22
2101 21
2102 17
2103 20
2104 12
2105 15
2106 17
2107 9
2108 15
2109 14
2110 13
2111 24
2112 11
2113 17
2114 20
2115 14
2116 21
2117 20
2118 23
2119 9
2120 13
2121 21
2122 18
2123 10
2124 9
2125 18
2126 14
2127 15
2128 10
2129 13
2130 13
2131 9
2132 19
2133 16
2134 14
2135 13
2136 14
2137 10
2138 14
2139 15
2140 12
2141 13
2142 23
2143 24
2144 15
2145 16
2146 14
2147 20
2148 14
2149 18
2150 14
2151 17
2152 13
2153 12
2154 16
2155 16
2156 16
2157 11
2158 21
2159 15
2160 21
2161 11
2162 10
2163 15
2164 17
2165 13
2166 19
2167 21
2168 22
2169 21
2170 23
2171 20
2172 20
2173 20
2174 12
2175 16
2176 25
2177 22
2178 20
2179 29
2180 37
2181 47
2182 42
2183 49
2184 53
2185 53
2186 82
2187 89
2188 106
2189 115
2190 148
2191 145
2192 175
2193 171
2194 243
2195 223
2196 295
2197 288
2198 311
2199 326
2200 343
2201 384
2202 312
2203 373
2204 350
2205 391
2206 326
2207 338
2208 368
2209 346
2210 357
2211 326
2212 261
2213 197
2214 205
2215 186
2216 170
2217 158
2218 100
2219 95
2220 73
2221 44
2222 42
2223 30
2224 25
2225 23
2226 19
2227 21
2228 17
2229 27
2230 21
2231 14
2232 24
2233 23
2234 18
2235 18
2236 16
2237 13
2238 18
2239 15
2240 14
2241 14
2242 21
2243 10
2244 14
2245 13
2246 18
2247 12
2248 14
2249 16
2250 17
2251 14
2252 10
2253 15
2254 11
2255 17
2256 15
2257 14
2258 11
2259 10
2260 10
2261 12
2262 13
2263 16
2264 11
2265 14
2266 16
2267 12
2268 7
2269 11
2270 17
2271 10
2272 13
2273 16
2274 17
2275 12
2276 19
2277 11
2278 14
2279 15
2280 21
2281 13
2282 10
2283 14
2284 16
2285 13
2286 10
2287 17
2288 10
2289 12
2290 17
2291 21
2292 13
2293 10
2294 19
2295 19
2296 13
2297 13
2298 9
2299 16
2300 17
2301 10
2302 6
2303 15
2304 18
2305 15
2306 11
2307 16
2308 14
2309 20
2310 23
2311 10
2312 14
2313 6
2314 17
2315 13
2316 13
2317 17
2318 15
2319 14
2320 12
2321 21
2322 8
2323 19
2324 13
2325 16
2326 15
2327 20
2328 20
2329 12
2330 16
2331 22
2332 15
2333 14
2334 17
2335 16
2336 10
2337 12
2338 15
2339 15
2340 13
2341 9
2342 17
2343 17
2344 18
2345 15
2346 15
2347 9
2348 9
2349 15
2350 12
2351 5
2352 20
2353 13
2354 14
2355 14
2356 10
2357 15
2358 16
2359 12
2360 9
2361 16
2362 17
2363 15
2364 12
2365 11
2366 16
2367 16
2368 14
2369 8
2370 14
2371 19
2372 14
2373 12
2374 13
2375 16
2376 10
2377 15
2378 15
2379 12
2380 13
2381 8
2382 13
2383 14
2384 21
2385 23
2386 22
2387 15
2388 18
2389 17
2390 22
2391 17
2392 18
2393 22
2394 24
2395 25
2396 31
2397 22
2398 31
2399 30
2400 42
2401 53
2402 56
2403 55
2404 62
2405 72
2406 64
2407 69
2408 86
2409 70
2410 79
2411 81
2412 77
2413 93
2414 114
2415 107
2416 92
2417 91
2418 93
2419 93
2420 107
2421 88
2422 64
2423 64
2424 52
2425 43
2426 49
2427 27
2428 27
2429 21
2430 29
2431 31
2432 30
2433 16
2434 27
2435 27
2436 15
2437 7
2438 10
2439 15
2440 13
2441 9
2442 13
2443 7
2444 9
2445 11
2446 12
2447 11
2448 19
2449 12
2450 9
2451 14
2452 11
2453 12
2454 17
2455 19
2456 9
2457 10
2458 6
2459 15
2460 6
2461 11
2462 12
2463 13
2464 11
2465 8
2466 18
2467 13
2468 8
2469 10
2470 11
2471 7
2472 13
2473 11
2474 13
2475 19
2476 16
2477 9
2478 13
2479 13
2480 16
2481 12
2482 13
2483 12
2484 13
2485 13
2486 14
2487 8
2488 7
2489 18
2490 18
2491 6
2492 12
2493 12
2494 14
2495 14
2496 13
2497 16
2498 7
2499 14
2500 12
2501 9
2502 16
2503 11
2504 11
2505 11
2506 6
2507 9
2508 11
2509 8
2510 9
2511 11
2512 15
2513 11
2514 13
2515 14
2516 10
2517 9
2518 15
2519 15
2520 11
2521 8
2522 7
2523 13
2524 11
2525 12
2526 12
2527 9
2528 11
2529 13
2530 10
2531 14
2532 14
2533 16
2534 9
2535 11
2536 8
2537 15
2538 14
2539 15
2540 10
2541 12
2542 9
2543 13
2544 6
2545 12
2546 12
2547 13
2548 11
2549 9
2550 14
2551 14
2552 9
2553 13
2554 11
2555 9
2556 10
2557 16
2558 13
2559 15
