0 42
1 27
2 41
3 30
4 30
5 30
6 29
7 31
8 39
9 42
10 41
11 34
12 33
13 27
14 32
15 25
16 27
17 42
18 40
19 42
20 33
21 38
22 28
23 35
24 30
25 35
26 43
27 33
28 44
29 42
30 40
31 29
32 46
33 43
34 50
35 47
36 33
37 30
38 33
39 28
40 42
41 25
42 33
43 41
44 31
45 39
46 33
47 42
48 32
49 29
50 28
51 32
52 28
53 33
54 49
55 31
56 27
57 40
58 33
59 33
60 26
61 35
62 36
63 27
64 38
65 28
66 48
67 42
68 26
69 24
70 27
71 34
72 30
73 42
74 25
75 31
76 33
77 33
78 31
79 37
80 41
81 25
82 40
83 26
84 38
85 33
86 31
87 36
88 32
89 33
90 36
91 39
92 29
93 33
94 32
95 33
96 35
97 35
98 37
99 38
100 30
101 41
102 28
103 39
104 34
105 46
106 35
107 36
108 49
109 40
110 45
111 39
112 27
113 35
114 42
115 32
116 35
117 30
118 23
119 33
120 42
121 32
122 31
123 36
124 48
125 48
126 31
127 40
128 38
129 43
130 44
131 46
132 28
133 42
134 44
135 32
136 33
137 54
138 42
139 40
140 29
141 47
142 23
143 35
144 43
145 36
146 44
147 32
148 46
149 39
150 42
151 40
152 33
153 46
154 38
155 41
156 54
157 33
158 27
159 32
160 37
161 38
162 45
163 44
164 41
165 39
166 32
167 41
168 42
169 38
170 25
171 47
172 31
173 32
174 25
175 44
176 38
177 32
178 32
179 38
180 39
181 40
182 37
183 43
184 43
185 42
186 39
187 38
188 45
189 43
190 36
191 33
192 50
193 36
194 46
195 48
196 43
197 43
198 33
199 29
200 42
201 51
202 32
203 29
204 35
205 38
206 40
207 36
208 31
209 35
210 41
211 47
212 40
213 27
214 33
215 35
216 39
217 40
218 40
219 57
220 33
221 35
222 30
223 33
224 31
225 33
226 45
227 37
228 49
229 36
230 41
231 43
232 30
233 33
234 37
235 34
236 36
237 45
238 34
239 25
240 37
241 40
242 40
243 30
244 38
245 42
246 37
247 44
248 39
249 42
250 33
251 39
252 50
253 37
254 40
255 26
256 40
257 48
258 35
259 37
260 36
261 36
262 38
263 53
264 49
265 31
266 49
267 40
268 44
269 43
270 36
271 58
272 55
273 36
274 47
275 53
276 35
277 46
278 43
279 42
280 52
281 39
282 43
283 45
284 49
285 35
286 44
287 43
288 38
289 33
290 35
291 47
292 26
293 37
294 40
295 41
296 26
297 54
298 39
299 27
300 34
301 43
302 39
303 34
304 42
305 37
306 41
307 48
308 36
309 34
310 35
311 43
312 47
313 46
314 39
315 41
316 40
317 39
318 37
319 38
320 29
321 48
322 51
323 39
324 51
325 39
326 36
327 60
328 35
329 41
330 44
331 38
332 35
333 37
334 43
335 35
336 43
337 44
338 40
339 34
340 38
341 24
342 32
343 39
344 38
345 42
346 36
347 45
348 34
349 53
350 32
351 42
352 43
353 53
354 35
355 43
356 42
357 47
358 43
359 37
360 37
361 28
362 36
363 50
364 37
365 33
366 39
367 48
368 37
369 39
370 56
371 42
372 51
373 49
374 39
375 36
376 44
377 32
378 37
379 37
380 45
381 47
382 48
383 45
384 46
385 34
386 53
387 38
388 37
389 51
390 42
391 38
392 62
393 42
394 37
395 56
396 44
397 53
398 42
399 39
400 44
401 39
402 57
403 36
404 47
405 54
406 42
407 49
408 37
409 42
410 41
411 34
412 50
413 40
414 34
415 34
416 42
417 38
418 41
419 36
420 57
421 52
422 48
423 33
424 50
425 48
426 48
427 43
428 40
429 38
430 36
431 44
432 33
433 39
434 47
435 32
436 38
437 46
438 49
439 41
440 31
441 43
442 49
443 31
444 47
445 31
446 30
447 38
448 31
449 35
450 50
451 29
452 41
453 36
454 52
455 48
456 35
457 42
458 51
459 43
460 47
461 42
462 45
463 48
464 42
465 51
466 45
467 49
468 41
469 57
470 43
471 49
472 45
473 55
474 54
475 43
476 62
477 44
478 41
479 48
480 59
481 53
482 53
483 65
484 58
485 49
486 52
487 68
488 57
489 74
490 75
491 85
492 82
493 83
494 76
495 87
496 103
497 131
498 104
499 111
500 106
501 127
502 112
503 113
504 117
505 99
506 100
507 87
508 92
509 109
510 85
511 74
512 67
513 65
514 59
515 57
516 47
517 52
518 46
519 48
520 38
521 51
522 53
523 43
524 43
525 39
526 42
527 43
528 48
529 56
530 47
531 29
532 41
533 39
534 37
535 60
536 44
537 39
538 37
539 36
540 46
541 47
542 48
543 41
544 41
545 45
546 53
547 44
548 35
549 45
550 32
551 41
552 47
553 39
554 33
555 52
556 48
557 41
558 39
559 42
560 38
561 39
562 56
563 42
564 54
565 44
566 35
567 36
568 41
569 45
570 39
571 38
572 53
573 53
574 38
575 34
576 54
577 40
578 53
579 41
580 62
581 45
582 40
583 42
584 50
585 42
586 47
587 42
588 45
589 37
590 45
591 54
592 55
593 36
594 30
595 42
596 43
597 51
598 49
599 41
600 35
601 50
602 42
603 36
604 49
605 39
606 41
607 51
608 36
609 39
610 40
611 41
612 45
613 39
614 45
615 39
616 48
617 34
618 52
619 43
620 41
621 34
622 44
623 45
624 41
625 39
626 39
627 37
628 45
629 32
630 32
631 33
632 46
633 46
634 30
635 48
636 50
637 45
638 42
639 36
640 43
641 52
642 50
643 36
644 41
645 44
646 56
647 24
648 36
649 43
650 39
651 49
652 28
653 36
654 42
655 24
656 41
657 33
658 32
659 55
660 56
661 49
662 47
663 45
664 57
665 34
666 49
667 52
668 46
669 51
670 38
671 38
672 46
673 38
674 42
675 39
676 39
677 49
678 39
679 36
680 42
681 53
682 37
683 49
684 36
685 44
686 44
687 45
688 36
689 39
690 34
691 39
692 44
693 43
694 44
695 38
696 38
697 40
698 54
699 34
700 36
701 52
702 53
703 39
704 36
705 44
706 39
707 41
708 39
709 37
710 28
711 39
712 54
713 47
714 38
715 35
716 46
717 45
718 42
719 33
720 45
721 42
722 38
723 47
724 41
725 37
726 47
727 42
728 43
729 65
730 53
731 42
732 48
733 52
734 47
735 37
736 45
737 40
738 44
739 36
740 42
741 30
742 33
743 44
744 24
745 38
746 40
747 43
748 42
749 39
750 39
751 30
752 45
753 35
754 33
755 40
756 33
757 32
758 35
759 36
760 44
761 40
762 38
763 34
764 49
765 40
766 30
767 23
768 38
769 49
770 48
771 45
772 47
773 40
774 34
775 46
776 43
777 39
778 46
779 41
780 39
781 42
782 36
783 46
784 39
785 43
786 37
787 35
788 50
789 45
790 43
791 40
792 42
793 36
794 37
795 45
796 33
797 30
798 35
799 36
800 40
801 40
802 32
803 32
804 40
805 46
806 35
807 34
808 43
809 45
810 37
811 46
812 36
813 52
814 51
815 36
816 46
817 35
818 27
819 35
820 36
821 46
822 34
823 42
824 43
825 36
826 49
827 58
828 38
829 37
830 41
831 39
832 38
833 41
834 35
835 36
836 40
837 37
838 43
839 50
840 44
841 37
842 42
843 43
844 34
845 41
846 33
847 42
848 40
849 45
850 34
851 36
852 43
853 50
854 43
855 40
856 38
857 37
858 36
859 39
860 30
861 36
862 32
863 42
864 38
865 33
866 45
867 50
868 38
869 40
870 52
871 26
872 42
873 37
874 27
875 32
876 26
877 40
878 44
879 28
880 33
881 39
882 23
883 42
884 45
885 46
886 53
887 39
888 33
889 30
890 36
891 29
892 33
893 43
894 32
895 32
896 31
897 39
898 40
899 38
900 31
901 40
902 33
903 40
904 33
905 30
906 34
907 47
908 33
909 31
910 29
911 33
912 40
913 46
914 43
915 27
916 37
917 58
918 43
919 30
920 33
921 44
922 38
923 33
924 36
925 29
926 36
927 30
928 36
929 34
930 33
931 40
932 38
933 34
934 33
935 39
936 41
937 37
938 36
939 43
940 27
941 47
942 36
943 36
944 44
945 37
946 41
947 50
948 39
949 38
950 37
951 37
952 53
953 33
954 30
955 33
956 36
957 36
958 36
959 30
960 48
961 38
962 42
963 20
964 33
965 40
966 41
967 36
968 40
969 42
970 34
971 41
972 37
973 34
974 32
975 44
976 44
977 23
978 25
979 34
980 44
981 40
982 49
983 43
984 61
985 47
986 56
987 49
988 59
989 78
990 88
991 87
992 88
993 74
994 85
995 100
996 133
997 125
998 145
999 171
1000 178
1001 185
1002 255
1003 274
1004 358
1005 372
1006 390
1007 375
1008 419
1009 439
1010 490
1011 533
1012 586
1013 614
1014 452
1015 356
1016 355
1017 267
1018 237
1019 183
1020 122
1021 84
1022 78
1023 56
1024 61
1025 50
1026 39
1027 42
1028 48
1029 34
1030 39
1031 43
1032 47
1033 36
1034 38
1035 33
1036 29
1037 38
1038 48
1039 27
1040 41
1041 42
1042 53
1043 45
1044 43
1045 37
1046 44
1047 42
1048 49
1049 41
1050 24
1051 35
1052 31
1053 27
1054 46
1055 37
1056 35
1057 30
1058 25
1059 33
1060 37
1061 38
1062 34
1063 35
1064 37
1065 41
1066 34
1067 28
1068 35
1069 48
1070 50
1071 49
1072 29
1073 26
1074 33
1075 35
1076 31
1077 45
1078 31
1079 36
1080 34
1081 32
1082 35
1083 39
1084 42
1085 31
1086 20
1087 35
1088 34
1089 39
1090 38
1091 45
1092 42
1093 35
1094 35
1095 27
1096 38
1097 26
1098 32
1099 41
1100 32
1101 29
1102 30
1103 48
1104 19
1105 39
1106 43
1107 30
1108 29
1109 27
1110 45
1111 22
1112 28
1113 36
1114 34
1115 35
1116 27
1117 37
1118 34
1119 42
1120 42
1121 46
1122 25
1123 32
1124 32
1125 35
1126 38
1127 43
1128 31
1129 32
1130 39
1131 45
1132 44
1133 38
1134 54
1135 71
1136 65
1137 55
1138 55
1139 53
1140 61
1141 56
1142 53
1143 66
1144 60
1145 42
1146 47
1147 46
1148 44
1149 52
1150 53
1151 40
1152 42
1153 39
1154 43
1155 38
1156 42
1157 37
1158 38
1159 29
1160 50
1161 35
1162 31
1163 36
1164 36
1165 38
1166 23
1167 42
1168 26
1169 40
1170 31
1171 34
1172 33
1173 26
1174 34
1175 53
1176 37
1177 28
1178 36
1179 37
1180 38
1181 32
1182 27
1183 30
1184 28
1185 28
1186 30
1187 32
1188 34
1189 36
1190 28
1191 36
1192 37
1193 25
1194 25
1195 34
1196 36
1197 35
1198 39
1199 32
1200 31
1201 41
1202 32
1203 29
1204 35
1205 40
1206 34
1207 24
1208 33
1209 38
1210 34
1211 31
1212 28
1213 34
1214 34
1215 28
1216 40
1217 30
1218 33
1219 40
1220 30
1221 27
1222 26
1223 16
1224 36
1225 33
1226 35
1227 37
1228 24
1229 33
1230 25
1231 34
1232 46
1233 41
1234 34
1235 39
1236 32
1237 41
1238 26
1239 26
1240 44
1241 24
1242 33
1243 36
1244 30
1245 23
1246 38
1247 34
1248 34
1249 25
1250 36
1251 41
1252 31
1253 35
1254 38
1255 36
1256 33
1257 27
1258 28
1259 32
1260 35
1261 32
1262 35
1263 21
1264 28
1265 36
1266 29
1267 33
1268 25
1269 21
1270 23
1271 33
1272 25
1273 28
1274 26
1275 18
1276 25
1277 21
1278 21
1279 25
1280 92
1281 132
1282 137
1283 129
1284 153
1285 168
1286 169
1287 200
1288 216
1289 227
1290 214
1291 215
1292 221
1293 251
1294 246
1295 168
1296 179
1297 134
1298 79
1299 59
1300 50
1301 40
1302 37
1303 41
1304 50
1305 29
1306 26
1307 17
1308 23
1309 27
1310 27
1311 32
1312 29
1313 22
1314 27
1315 24
1316 30
1317 32
1318 29
1319 28
1320 23
1321 28
1322 25
1323 30
1324 25
1325 31
1326 20
1327 24
1328 28
1329 27
1330 26
1331 24
1332 21
1333 29
1334 26
1335 25
1336 22
1337 18
1338 24
1339 21
1340 32
1341 25
1342 26
1343 20
1344 31
1345 18
1346 23
1347 21
1348 18
1349 18
1350 28
1351 31
1352 26
1353 30
1354 23
1355 35
1356 25
1357 23
1358 18
1359 25
1360 28
1361 22
1362 24
1363 17
1364 27
1365 19
1366 19
1367 32
1368 22
1369 20
1370 24
1371 21
1372 28
1373 17
1374 33
1375 24
1376 25
1377 30
1378 20
1379 20
1380 26
1381 19
1382 23
1383 20
1384 23
1385 18
1386 31
1387 26
1388 21
1389 23
1390 28
1391 17
1392 30
1393 21
1394 28
1395 24
1396 28
1397 21
1398 34
1399 27
1400 22
1401 22
1402 25
1403 23
1404 32
1405 26
1406 21
1407 25
1408 31
1409 26
1410 25
1411 21
1412 23
1413 19
1414 29
1415 24
1416 23
1417 32
1418 22
1419 28
1420 18
1421 30
1422 29
1423 19
1424 26
1425 23
1426 29
1427 19
1428 29
1429 23
1430 30
1431 26
1432 19
1433 27
1434 18
1435 16
1436 22
1437 21
1438 23
1439 14
1440 21
1441 25
1442 30
1443 24
1444 17
1445 19
1446 19
1447 32
1448 17
1449 20
1450 22
1451 23
1452 20
1453 17
1454 18
1455 26
1456 25
1457 23
1458 21
1459 25
1460 18
1461 29
1462 32
1463 31
1464 25
1465 20
1466 19
1467 27
1468 28
1469 26
1470 27
1471 24
1472 18
1473 17
1474 24
1475 23
1476 34
1477 25
1478 29
1479 26
1480 20
1481 28
1482 20
1483 20
1484 25
1485 23
1486 24
1487 17
1488 18
1489 25
1490 22
1491 17
1492 22
1493 20
1494 29
1495 10
1496 24
1497 32
1498 16
1499 26
1500 25
1501 28
1502 21
1503 19
1504 19
1505 16
1506 20
1507 28
1508 30
1509 26
1510 28
1511 25
1512 27
1513 24
1514 26
1515 15
1516 20
1517 28
1518 17
1519 19
1520 10
1521 20
1522 23
1523 23
1524 16
1525 23
1526 19
1527 20
1528 26
1529 21
1530 24
1531 21
1532 17
1533 17
1534 25
1535 18
1536 21
1537 23
1538 24
1539 24
1540 19
1541 16
1542 21
1543 19
1544 20
1545 20
1546 21
1547 24
1548 18
1549 19
1550 20
1551 23
1552 17
1553 25
1554 17
1555 19
1556 19
1557 19
1558 16
1559 23
1560 22
1561 23
1562 8
1563 19
1564 23
1565 20
1566 27
1567 27
1568 17
1569 20
1570 24
1571 24
1572 25
1573 15
1574 17
1575 23
1576 27
1577 18
1578 21
1579 28
1580 17
1581 13
1582 23
1583 20
1584 22
1585 15
1586 23
1587 17
1588 21
1589 31
1590 15
1591 22
1592 27
1593 14
1594 21
1595 29
1596 22
1597 20
1598 23
1599 21
1600 21
1601 29
1602 25
1603 21
1604 12
1605 23
1606 21
1607 26
1608 20
1609 18
1610 17
1611 26
1612 26
1613 20
1614 22
1615 20
1616 20
1617 22
1618 16
1619 13
1620 24
1621 23
1622 16
1623 33
1624 14
1625 18
1626 22
1627 26
1628 22
1629 21
1630 21
1631 14
1632 15
1633 14
1634 13
1635 22
1636 13
1637 21
1638 22
1639 29
1640 14
1641 12
1642 17
1643 19
1644 23
1645 20
1646 17
1647 27
1648 23
1649 28
1650 16
1651 15
1652 19
1653 22
1654 21
1655 18
1656 15
1657 19
1658 25
1659 20
1660 17
1661 33
1662 23
1663 17
1664 16
1665 18
1666 14
1667 18
1668 22
1669 23
1670 21
1671 21
1672 23
1673 25
1674 21
1675 22
1676 20
1677 20
1678 21
1679 25
1680 19
1681 15
1682 33
1683 35
1684 20
1685 28
1686 18
1687 27
1688 29
1689 21
1690 33
1691 30
1692 24
1693 33
1694 17
1695 26
1696 20
1697 18
1698 19
1699 21
1700 23
1701 26
1702 23
1703 26
1704 28
1705 28
1706 17
1707 24
1708 23
1709 25
1710 18
1711 21
1712 23
1713 21
1714 16
1715 15
1716 22
1717 28
1718 15
1719 27
1720 34
1721 27
1722 34
1723 35
1724 39
1725 32
1726 51
1727 45
1728 40
1729 85
1730 78
1731 57
1732 73
1733 84
1734 118
1735 134
1736 129
1737 98
1738 111
1739 142
1740 144
1741 241
1742 217
1743 150
1744 117
1745 105
1746 105
1747 103
1748 86
1749 90
1750 76
1751 80
1752 46
1753 41
1754 47
1755 42
1756 29
1757 40
1758 48
1759 31
1760 31
1761 22
1762 14
1763 21
1764 25
1765 22
1766 24
1767 24
1768 21
1769 14
1770 23
1771 15
1772 24
1773 24
1774 22
1775 27
1776 21
1777 19
1778 22
1779 14
1780 17
1781 18
1782 27
1783 19
1784 20
1785 26
1786 16
1787 13
1788 19
1789 14
1790 14
1791 16
1792 22
1793 21
1794 16
1795 22
1796 17
1797 19
1798 18
1799 18
1800 14
1801 13
1802 18
1803 17
1804 11
1805 15
1806 18
1807 22
1808 23
1809 20
1810 13
1811 17
1812 23
1813 18
1814 21
1815 20
1816 24
1817 20
1818 17
1819 16
1820 17
1821 14
1822 19
1823 19
1824 16
1825 19
1826 27
1827 23
1828 13
1829 21
1830 13
1831 18
1832 19
1833 12
1834 13
1835 18
1836 15
1837 15
1838 23
1839 23
1840 17
1841 21
1842 19
1843 17
1844 22
1845 21
1846 18
1847 19
1848 17
1849 15
1850 15
1851 22
1852 17
1853 18
1854 18
1855 20
1856 14
1857 22
1858 15
1859 15
1860 21
1861 15
1862 16
1863 17
1864 24
1865 17
1866 14
1867 15
1868 20
1869 18
1870 25
1871 14
1872 17
1873 19
1874 22
1875 12
1876 19
1877 21
1878 14
1879 12
1880 17
1881 16
1882 23
1883 16
1884 16
1885 17
1886 14
1887 18
1888 19
1889 18
1890 20
1891 21
1892 26
1893 14
1894 20
1895 18
1896 17
1897 17
1898 13
1899 19
1900 23
1901 21
1902 17
1903 20
1904 18
1905 21
1906 22
1907 21
1908 19
1909 14
1910 29
1911 15
1912 21
1913 24
1914 23
1915 20
1916 19
1917 24
1918 20
1919 23
1920 30
1921 24
1922 28
1923 16
1924 24
1925 25
1926 25
1927 15
1928 14
1929 26
1930 19
1931 12
1932 18
1933 18
1934 18
1935 20
1936 23
1937 19
1938 10
1939 19
1940 19
1941 17
1942 14
1943 24
1944 31
1945 25
1946 17
1947 20
1948 20
1949 22
1950 18
1951 19
1952 18
1953 19
1954 19
1955 27
1956 23
1957 26
1958 17
1959 27
1960 28
1961 24
1962 32
1963 40
1964 28
1965 44
1966 48
1967 43
1968 55
1969 78
1970 74
1971 70
1972 80
1973 91
1974 130
1975 144
1976 139
1977 143
1978 142
1979 159
1980 132
1981 182
1982 226
1983 250
1984 214
1985 253
1986 263
1987 315
1988 315
1989 418
1990 434
1991 369
1992 340
1993 260
1994 286
1995 395
1996 420
1997 396
1998 337
1999 275
2000 232
2001 191
2002 210
2003 193
2004 179
2005 159
2006 119
2007 117
2008 101
2009 59
2010 62
2011 55
2012 37
2013 40
2014 25
2015 36
2016 21
2017 23
2018 32
2019 28
2020 30
2021 15
2022 16
2023 23
2024 34
2025 28
2026 13
2027 13
2028 29
2029 22
2030 15
2031 21
2032 26
2033 23
2034 18
2035 12
2036 17
2037 16
2038 18
2039 23
2040 24
2041 13
2042 20
2043 14
2044 16
2045 21
2046 22
2047 12
2048 17
2049 15
2050 16
2051 14
2052 18
2053 18
2054 21
2055 14
2056 19
2057 19
2058 14
2059 15
2060 9
2061 20
2062 13
2063 14
2064 19
2065 18
2066 16
2067 13
2068 13
2069 22
2070 13
2071 17
2072 15
2073 28
2074 17
2075 20
2076 17
2077 19
2078 20
2079 26
2080 17
2081 11
2082 8
2083 26
2084 20
2085 20
2086 25
2087 15
2088 21
2089 12
2090 24
2091 20
2092 15
2093 15
2094 19
2095 14
2096 17
2097 10
2098 19
2099 14
2100 18
2101 18
2102 14
2103 21
2104 16
2105 12
2106 14
2107 17
2108 23
2109 14
2110 17
2111 23
2112 27
2113 19
2114 18
2115 21
2116 16
2117 27
2118 18
2119 11
2120 19
2121 19
2122 20
2123 12
2124 14
2125 18
2126 12
2127 13
2128 22
2129 14
2130 7
2131 17
2132 15
2133 13
2134 15
2135 22
2136 7
2137 11
2138 11
2139 16
2140 14
2141 16
2142 22
2143 13
2144 18
2145 20
2146 17
2147 15
2148 10
2149 18
2150 19
2151 16
2152 20
2153 11
2154 18
2155 18
2156 14
2157 21
2158 19
2159 15
2160 17
2161 15
2162 16
2163 19
2164 22
2165 11
2166 26
2167 27
2168 26
2169 31
2170 36
2171 24
2172 28
2173 30
2174 32
2175 44
2176 33
2177 45
2178 44
2179 57
2180 48
2181 55
2182 71
2183 91
2184 69
2185 63
2186 69
2187 92
2188 104
2189 95
2190 86
2191 69
2192 81
2193 71
2194 68
2195 78
2196 83
2197 69
2198 49
2199 46
2200 45
2201 52
2202 54
2203 49
2204 48
2205 45
2206 41
2207 33
2208 21
2209 32
2210 26
2211 24
2212 30
2213 21
2214 22
2215 23
2216 19
2217 14
2218 23
2219 19
2220 14
2221 13
2222 17
2223 20
2224 21
2225 8
2226 13
2227 20
2228 17
2229 21
2230 12
2231 14
2232 12
2233 14
2234 14
2235 15
2236 14
2237 9
2238 11
2239 12
2240 10
2241 18
2242 22
2243 17
2244 21
2245 13
2246 20
2247 14
2248 16
2249 22
2250 19
2251 8
2252 9
2253 19
2254 19
2255 23
2256 18
2257 15
2258 8
2259 12
2260 21
2261 17
2262 13
2263 13
2264 13
2265 8
2266 14
2267 16
2268 14
2269 21
2270 16
2271 10
2272 11
2273 13
2274 13
2275 16
2276 15
2277 23
2278 9
2279 13
2280 11
2281 18
2282 15
2283 14
2284 15
2285 12
2286 21
2287 11
2288 15
2289 18
2290 16
2291 14
2292 18
2293 18
2294 5
2295 12
2296 18
2297 17
2298 10
2299 14
2300 8
2301 11
2302 12
2303 11
2304 14
2305 24
2306 9
2307 16
2308 17
2309 23
2310 20
2311 17
2312 9
2313 17
2314 11
2315 8
2316 17
2317 12
2318 11
2319 9
2320 8
2321 13
2322 13
2323 13
2324 12
2325 11
2326 13
2327 17
2328 12
2329 16
2330 14
2331 10
2332 13
2333 13
2334 10
2335 10
2336 13
2337 15
2338 9
2339 10
2340 13
2341 8
2342 20
2343 9
2344 12
2345 9
2346 21
2347 13
2348 10
2349 11
2350 15
2351 9
2352 11
2353 17
2354 23
2355 18
2356 8
2357 18
2358 13
2359 12
2360 9
2361 15
2362 8
2363 16
2364 15
2365 8
2366 20
2367 20
2368 9
2369 14
2370 13
2371 11
2372 13
2373 9
2374 16
2375 9
2376 12
2377 10
2378 16
2379 12
2380 8
2381 13
2382 10
2383 16
2384 13
2385 19
2386 12
2387 12
2388 12
2389 11
2390 23
2391 14
2392 10
2393 9
2394 11
2395 14
2396 13
2397 13
2398 14
2399 7
2400 13
2401 9
2402 15
2403 20
2404 13
2405 15
2406 15
2407 11
2408 9
2409 10
2410 12
2411 9
2412 13
2413 8
2414 14
2415 9
2416 8
2417 9
2418 6
2419 10
2420 14
2421 13
2422 14
2423 8
2424 17
2425 13
2426 11
2427 11
2428 24
2429 12
2430 7
2431 15
2432 9
2433 15
2434 9
2435 13
2436 10
2437 10
2438 17
2439 11
2440 15
2441 21
2442 22
2443 14
2444 17
2445 13
2446 19
2447 15
2448 17
2449 14
2450 23
2451 14
2452 19
2453 19
2454 19
2455 21
2456 18
2457 23
2458 34
2459 27
2460 45
2461 53
2462 27
2463 39
2464 35
2465 26
2466 31
2467 40
2468 43
2469 52
2470 72
2471 70
2472 61
2473 64
2474 78
2475 80
2476 74
2477 63
2478 51
2479 51
2480 43
2481 38
2482 36
2483 42
2484 45
2485 38
2486 36
2487 37
2488 45
2489 40
2490 35
2491 30
2492 38
2493 26
2494 25
2495 23
2496 39
2497 31
2498 17
2499 23
2500 22
2501 16
2502 17
2503 15
2504 16
2505 13
2506 18
2507 15
2508 10
2509 11
2510 14
2511 12
2512 10
2513 9
2514 6
2515 11
2516 15
2517 9
2518 15
2519 17
2520 12
2521 15
2522 11
2523 19
2524 15
2525 12
2526 16
2527 12
2528 5
2529 11
2530 12
2531 22
2532 13
2533 17
2534 12
2535 10
2536 18
2537 7
2538 10
2539 15
2540 19
2541 17
2542 14
2543 13
2544 15
2545 16
2546 17
2547 16
2548 20
2549 15
2550 14
2551 24
2552 23
2553 27
2554 24
2555 25
2556 19
2557 27
2558 31
2559 56
