0 45
1 27
2 28
3 31
4 38
5 30
6 27
7 35
8 30
9 31
10 27
11 32
12 34
13 41
14 31
15 38
16 38
17 37
18 41
19 29
20 37
21 35
22 40
23 32
24 31
25 36
26 48
27 32
28 30
29 25
30 25
31 36
32 33
33 38
34 36
35 21
36 34
37 22
38 51
39 39
40 42
41 29
42 36
43 40
44 37
45 38
46 33
47 42
48 34
49 35
50 34
51 32
52 29
53 32
54 29
55 37
56 35
57 30
58 36
59 39
60 34
61 33
62 25
63 35
64 30
65 30
66 31
67 24
68 36
69 35
70 31
71 39
72 32
73 38
74 37
75 41
76 33
77 29
78 29
79 33
80 41
81 44
82 36
83 34
84 28
85 45
86 39
87 30
88 38
89 33
90 37
91 30
92 38
93 32
94 32
95 31
96 41
97 29
98 43
99 24
100 37
101 34
102 40
103 39
104 42
105 31
106 28
107 33
108 30
109 31
110 26
111 41
112 63
113 45
114 52
115 32
116 48
117 41
118 37
119 31
120 32
121 33
122 42
123 32
124 34
125 51
126 31
127 34
128 39
129 42
130 34
131 39
132 41
133 37
134 32
135 31
136 47
137 50
138 52
139 42
140 40
141 27
142 38
143 33
144 39
145 43
146 32
147 36
148 54
149 40
150 31
151 40
152 31
153 33
154 21
155 37
156 40
157 38
158 52
159 44
160 36
161 32
162 35
163 39
164 30
165 38
166 31
167 40
168 42
169 33
170 35
171 37
172 42
173 35
174 37
175 47
176 45
177 35
178 39
179 33
180 32
181 40
182 41
183 30
184 33
185 39
186 46
187 38
188 37
189 37
190 43
191 39
192 33
193 35
194 37
195 37
196 42
197 42
198 40
199 41
200 37
201 35
202 42
203 39
204 28
205 26
206 46
207 53
208 41
209 33
210 41
211 33
212 28
213 45
214 43
215 38
216 45
217 43
218 38
219 27
220 42
221 28
222 40
223 40
224 37
225 37
226 34
227 32
228 34
229 36
230 47
231 43
232 39
233 30
234 38
235 36
236 40
237 42
238 33
239 38
240 37
241 36
242 32
243 42
244 35
245 35
246 30
247 36
248 28
249 40
250 35
251 41
252 40
253 42
254 38
255 43
256 37
257 43
258 41
259 50
260 42
261 38
262 50
263 26
264 42
265 33
266 41
267 41
268 46
269 43
270 52
271 42
272 38
273 33
274 35
275 28
276 37
277 51
278 40
279 29
280 49
281 36
282 34
283 40
284 44
285 46
286 42
287 42
288 31
289 28
290 47
291 35
292 42
293 27
294 40
295 44
296 37
297 35
298 42
299 33
300 29
301 47
302 44
303 43
304 32
305 26
306 37
307 38
308 41
309 45
310 35
311 46
312 42
313 35
314 37
315 35
316 39
317 42
318 46
319 51
320 36
321 50
322 42
323 49
324 37
325 46
326 28
327 44
328 43
329 37
330 34
331 41
332 34
333 44
334 35
335 37
336 53
337 48
338 45
339 37
340 35
341 49
342 37
343 42
344 35
345 41
346 44
347 34
348 51
349 52
350 42
351 35
352 43
353 41
354 48
355 36
356 55
357 35
358 30
359 38
360 42
361 39
362 34
363 49
364 36
365 35
366 35
367 41
368 46
369 30
370 31
371 43
372 39
373 43
374 42
375 37
376 41
377 30
378 35
379 40
380 40
381 41
382 30
383 35
384 30
385 50
386 32
387 36
388 45
389 38
390 42
391 25
392 36
393 44
394 38
395 43
396 36
397 48
398 42
399 31
400 36
401 45
402 47
403 54
404 51
405 47
406 51
407 39
408 42
409 35
410 40
411 43
412 41
413 44
414 55
415 43
416 41
417 47
418 44
419 47
420 39
421 45
422 49
423 42
424 44
425 32
426 38
427 41
428 46
429 32
430 39
431 34
432 39
433 50
434 44
435 47
436 43
437 50
438 43
439 42
440 40
441 42
442 32
443 47
444 37
445 51
446 45
447 37
448 48
449 41
450 49
451 41
452 34
453 57
454 51
455 51
456 38
457 35
458 33
459 42
460 38
461 62
462 40
463 37
464 33
465 49
466 41
467 60
468 39
469 38
470 49
471 45
472 49
473 54
474 46
475 36
476 40
477 52
478 52
479 38
480 44
481 53
482 59
483 47
484 40
485 54
486 34
487 46
488 39
489 54
490 47
491 53
492 47
493 53
494 66
495 72
496 74
497 75
498 72
499 72
500 75
501 76
502 85
503 83
504 89
505 111
506 101
507 101
508 99
509 111
510 88
511 120
512 103
513 122
514 99
515 92
516 87
517 82
518 69
519 48
520 48
521 52
522 40
523 47
524 51
525 50
526 46
527 51
528 38
529 38
530 46
531 41
532 49
533 48
534 40
535 61
536 41
537 55
538 44
539 45
540 41
541 32
542 36
543 40
544 40
545 48
546 45
547 32
548 34
549 40
550 46
551 40
552 41
553 48
554 59
555 26
556 50
557 26
558 36
559 48
560 50
561 38
562 48
563 35
564 41
565 35
566 35
567 44
568 32
569 47
570 42
571 25
572 52
573 39
574 45
575 42
576 52
577 44
578 39
579 50
580 32
581 29
582 38
583 54
584 43
585 57
586 59
587 41
588 40
589 43
590 41
591 49
592 54
593 44
594 44
595 39
596 55
597 44
598 41
599 41
600 47
601 37
602 32
603 49
604 42
605 28
606 46
607 36
608 46
609 37
610 39
611 45
612 54
613 40
614 52
615 61
616 33
617 43
618 25
619 51
620 51
621 44
622 40
623 49
624 43
625 53
626 38
627 37
628 44
629 47
630 43
631 38
632 43
633 33
634 34
635 48
636 49
637 43
638 41
639 30
640 49
641 47
642 44
643 39
644 44
645 44
646 53
647 47
648 63
649 57
650 35
651 37
652 38
653 54
654 49
655 36
656 48
657 49
658 39
659 46
660 42
661 32
662 34
663 32
664 34
665 34
666 45
667 47
668 30
669 47
670 34
671 36
672 43
673 46
674 37
675 51
676 45
677 43
678 27
679 33
680 49
681 37
682 49
683 34
684 41
685 33
686 30
687 27
688 54
689 43
690 44
691 45
692 35
693 37
694 43
695 39
696 44
697 36
698 40
699 42
700 41
701 41
702 34
703 44
704 35
705 40
706 39
707 45
708 36
709 38
710 41
711 45
712 33
713 34
714 34
715 38
716 40
717 53
718 43
719 56
720 40
721 53
722 43
723 33
724 36
725 21
726 31
727 46
728 32
729 39
730 43
731 45
732 40
733 44
734 37
735 43
736 33
737 45
738 48
739 36
740 47
741 40
742 53
743 34
744 42
745 38
746 32
747 39
748 37
749 32
750 44
751 43
752 35
753 28
754 23
755 45
756 39
757 35
758 38
759 47
760 38
761 52
762 35
763 52
764 42
765 39
766 42
767 39
768 47
769 44
770 28
771 40
772 44
773 44
774 42
775 42
776 48
777 42
778 34
779 39
780 24
781 37
782 38
783 28
784 32
785 47
786 53
787 35
788 34
789 37
790 37
791 50
792 38
793 34
794 41
795 42
796 43
797 37
798 37
799 55
800 36
801 38
802 48
803 40
804 39
805 36
806 39
807 46
808 51
809 34
810 56
811 58
812 44
813 47
814 46
815 47
816 30
817 51
818 36
819 46
820 38
821 32
822 46
823 35
824 30
825 40
826 33
827 38
828 39
829 32
830 41
831 37
832 42
833 38
834 62
835 36
836 37
837 42
838 42
839 51
840 46
841 52
842 37
843 52
844 48
845 36
846 44
847 44
848 47
849 34
850 40
851 35
852 31
853 33
854 34
855 44
856 40
857 33
858 42
859 26
860 37
861 42
862 35
863 38
864 49
865 42
866 28
867 27
868 30
869 33
870 41
871 27
872 34
873 32
874 29
875 27
876 38
877 35
878 35
879 40
880 33
881 32
882 31
883 36
884 40
885 39
886 28
887 38
888 33
889 49
890 35
891 29
892 33
893 31
894 37
895 41
896 41
897 28
898 33
899 37
900 44
901 41
902 31
903 38
904 43
905 40
906 55
907 39
908 35
909 55
910 41
911 43
912 44
913 30
914 40
915 46
916 34
917 31
918 49
919 42
920 37
921 42
922 41
923 33
924 48
925 34
926 42
927 36
928 36
929 33
930 36
931 24
932 33
933 42
934 26
935 34
936 29
937 44
938 32
939 31
940 38
941 47
942 36
943 29
944 33
945 48
946 38
947 30
948 41
949 39
950 28
951 36
952 39
953 39
954 32
955 35
956 36
957 48
958 42
959 44
960 27
961 30
962 44
963 40
964 27
965 49
966 45
967 45
968 35
969 37
970 34
971 35
972 29
973 25
974 36
975 26
976 31
977 38
978 46
979 42
980 44
981 29
982 26
983 38
984 40
985 33
986 32
987 47
988 27
989 29
990 35
991 36
992 33
993 40
994 54
995 49
996 64
997 68
998 63
999 77
1000 80
1001 86
1002 82
1003 90
1004 107
1005 152
1006 145
1007 171
1008 200
1009 205
1010 268
1011 267
1012 345
1013 480
1014 513
1015 461
1016 494
1017 575
1018 512
1019 485
1020 414
1021 487
1022 385
1023 358
1024 334
1025 355
1026 315
1027 277
1028 227
1029 170
1030 121
1031 77
1032 68
1033 57
1034 36
1035 32
1036 33
1037 32
1038 36
1039 52
1040 40
1041 40
1042 32
1043 45
1044 49
1045 39
1046 28
1047 32
1048 39
1049 38
1050 50
1051 26
1052 26
1053 31
1054 37
1055 34
1056 31
1057 28
1058 36
1059 44
1060 42
1061 37
1062 38
1063 45
1064 35
1065 44
1066 39
1067 37
1068 40
1069 34
1070 42
1071 42
1072 41
1073 28
1074 31
1075 37
1076 35
1077 29
1078 41
1079 36
1080 27
1081 31
1082 43
1083 39
1084 39
1085 36
1086 35
1087 34
1088 29
1089 33
1090 33
1091 26
1092 33
1093 45
1094 39
1095 35
1096 28
1097 36
1098 47
1099 21
1100 27
1101 33
1102 25
1103 34
1104 40
1105 34
1106 21
1107 31
1108 39
1109 38
1110 35
1111 34
1112 30
1113 28
1114 36
1115 40
1116 27
1117 41
1118 32
1119 38
1120 46
1121 38
1122 33
1123 30
1124 27
1125 32
1126 41
1127 33
1128 39
1129 36
1130 36
1131 37
1132 44
1133 35
1134 44
1135 27
1136 36
1137 31
1138 30
1139 37
1140 53
1141 49
1142 47
1143 43
1144 48
1145 45
1146 42
1147 45
1148 50
1149 59
1150 59
1151 59
1152 63
1153 59
1154 68
1155 72
1156 61
1157 71
1158 50
1159 53
1160 70
1161 62
1162 53
1163 33
1164 32
1165 41
1166 39
1167 46
1168 41
1169 42
1170 36
1171 37
1172 36
1173 27
1174 28
1175 41
1176 26
1177 29
1178 30
1179 34
1180 39
1181 27
1182 29
1183 31
1184 28
1185 35
1186 23
1187 25
1188 42
1189 46
1190 33
1191 37
1192 34
1193 27
1194 35
1195 33
1196 37
1197 28
1198 32
1199 32
1200 27
1201 25
1202 38
1203 36
1204 30
1205 35
1206 39
1207 38
1208 40
1209 31
1210 29
1211 40
1212 32
1213 36
1214 35
1215 37
1216 38
1217 39
1218 35
1219 38
1220 47
1221 39
1222 39
1223 30
1224 35
1225 26
1226 35
1227 39
1228 37
1229 40
1230 26
1231 26
1232 30
1233 29
1234 29
1235 24
1236 33
1237 28
1238 20
1239 38
1240 33
1241 32
1242 32
1243 33
1244 32
1245 31
1246 26
1247 31
1248 27
1249 29
1250 44
1251 44
1252 20
1253 33
1254 31
1255 30
1256 27
1257 26
1258 37
1259 22
1260 40
1261 42
1262 34
1263 22
1264 32
1265 34
1266 30
1267 26
1268 23
1269 30
1270 34
1271 30
1272 20
1273 20
1274 18
1275 21
1276 21
1277 16
1278 15
1279 15
1280 45
1281 35
1282 40
1283 46
1284 51
1285 61
1286 78
1287 86
1288 130
1289 137
1290 126
1291 144
1292 154
1293 198
1294 226
1295 187
1296 190
1297 184
1298 213
1299 179
1300 184
1301 185
1302 217
1303 203
1304 182
1305 174
1306 142
1307 140
1308 126
1309 103
1310 64
1311 53
1312 46
1313 45
1314 34
1315 51
1316 40
1317 24
1318 18
1319 37
1320 32
1321 23
1322 39
1323 28
1324 28
1325 30
1326 28
1327 22
1328 25
1329 24
1330 22
1331 29
1332 24
1333 20
1334 22
1335 31
1336 32
1337 31
1338 31
1339 22
1340 26
1341 22
1342 25
1343 19
1344 26
1345 26
1346 27
1347 25
1348 22
1349 22
1350 28
1351 31
1352 25
1353 14
1354 31
1355 20
1356 29
1357 27
1358 27
1359 24
1360 26
1361 24
1362 20
1363 19
1364 23
1365 29
1366 26
1367 22
1368 20
1369 19
1370 22
1371 29
1372 25
1373 19
1374 22
1375 25
1376 21
1377 32
1378 25
1379 23
1380 17
1381 23
1382 27
1383 22
1384 20
1385 26
1386 25
1387 20
1388 25
1389 18
1390 22
1391 23
1392 24
1393 26
1394 25
1395 23
1396 28
1397 20
1398 20
1399 22
1400 23
1401 23
1402 27
1403 14
1404 23
1405 19
1406 28
1407 32
1408 24
1409 33
1410 15
1411 28
1412 32
1413 25
1414 19
1415 28
1416 25
1417 27
1418 21
1419 24
1420 23
1421 10
1422 16
1423 23
1424 22
1425 16
1426 23
1427 25
1428 27
1429 20
1430 22
1431 23
1432 21
1433 29
1434 20
1435 34
1436 26
1437 22
1438 26
1439 25
1440 30
1441 27
1442 21
1443 21
1444 24
1445 19
1446 23
1447 19
1448 23
1449 17
1450 20
1451 21
1452 31
1453 33
1454 26
1455 16
1456 25
1457 16
1458 29
1459 20
1460 24
1461 26
1462 16
1463 26
1464 28
1465 26
1466 19
1467 32
1468 29
1469 19
1470 21
1471 26
1472 26
1473 24
1474 19
1475 19
1476 24
1477 26
1478 18
1479 26
1480 29
1481 24
1482 26
1483 21
1484 17
1485 24
1486 20
1487 18
1488 11
1489 19
1490 26
1491 28
1492 27
1493 25
1494 29
1495 31
1496 27
1497 20
1498 25
1499 23
1500 26
1501 19
1502 23
1503 30
1504 16
1505 19
1506 16
1507 15
1508 26
1509 24
1510 31
1511 26
1512 26
1513 20
1514 23
1515 31
1516 28
1517 22
1518 23
1519 25
1520 17
1521 25
1522 26
1523 27
1524 21
1525 32
1526 26
1527 20
1528 21
1529 24
1530 25
1531 19
1532 18
1533 18
1534 20
1535 14
1536 18
1537 23
1538 18
1539 16
1540 27
1541 26
1542 17
1543 21
1544 23
1545 29
1546 22
1547 19
1548 18
1549 19
1550 28
1551 19
1552 19
1553 25
1554 18
1555 24
1556 14
1557 16
1558 17
1559 19
1560 30
1561 13
1562 16
1563 19
1564 23
1565 18
1566 23
1567 17
1568 19
1569 18
1570 19
1571 17
1572 31
1573 28
1574 18
1575 17
1576 19
1577 18
1578 21
1579 17
1580 22
1581 15
1582 18
1583 15
1584 19
1585 22
1586 24
1587 22
1588 14
1589 19
1590 22
1591 25
1592 20
1593 33
1594 20
1595 29
1596 18
1597 21
1598 27
1599 20
1600 15
1601 26
1602 22
1603 15
1604 17
1605 19
1606 18
1607 16
1608 27
1609 27
1610 27
1611 20
1612 21
1613 15
1614 15
1615 11
1616 13
1617 21
1618 17
1619 15
1620 15
1621 15
1622 16
1623 17
1624 22
1625 24
1626 18
1627 15
1628 21
1629 14
1630 17
1631 22
1632 16
1633 18
1634 17
1635 11
1636 15
1637 16
1638 22
1639 21
1640 13
1641 15
1642 23
1643 19
1644 22
1645 17
1646 15
1647 16
1648 18
1649 19
1650 21
1651 17
1652 25
1653 12
1654 20
1655 17
1656 14
1657 19
1658 23
1659 19
1660 25
1661 18
1662 20
1663 22
1664 21
1665 18
1666 22
1667 24
1668 24
1669 23
1670 17
1671 18
1672 15
1673 13
1674 25
1675 21
1676 17
1677 19
1678 19
1679 22
1680 18
1681 24
1682 18
1683 20
1684 18
1685 18
1686 24
1687 21
1688 22
1689 20
1690 19
1691 26
1692 31
1693 33
1694 25
1695 29
1696 20
1697 28
1698 25
1699 25
1700 29
1701 19
1702 17
1703 28
1704 28
1705 27
1706 29
1707 25
1708 28
1709 26
1710 27
1711 20
1712 24
1713 25
1714 21
1715 16
1716 18
1717 19
1718 18
1719 20
1720 21
1721 22
1722 24
1723 20
1724 18
1725 22
1726 21
1727 22
1728 21
1729 33
1730 29
1731 24
1732 28
1733 34
1734 44
1735 37
1736 29
1737 27
1738 32
1739 42
1740 47
1741 64
1742 72
1743 100
1744 72
1745 61
1746 63
1747 84
1748 104
1749 103
1750 122
1751 101
1752 89
1753 97
1754 105
1755 99
1756 138
1757 161
1758 128
1759 132
1760 104
1761 89
1762 64
1763 52
1764 75
1765 52
1766 41
1767 41
1768 40
1769 27
1770 30
1771 31
1772 25
1773 24
1774 20
1775 27
1776 23
1777 22
1778 18
1779 27
1780 25
1781 18
1782 21
1783 16
1784 13
1785 26
1786 17
1787 16
1788 13
1789 17
1790 20
1791 24
1792 17
1793 18
1794 22
1795 21
1796 18
1797 13
1798 23
1799 19
1800 13
1801 17
1802 34
1803 28
1804 27
1805 21
1806 18
1807 15
1808 23
1809 22
1810 24
1811 19
1812 19
1813 16
1814 23
1815 27
1816 23
1817 15
1818 20
1819 18
1820 21
1821 24
1822 18
1823 20
1824 26
1825 26
1826 20
1827 25
1828 15
1829 21
1830 23
1831 17
1832 18
1833 22
1834 21
1835 14
1836 23
1837 18
1838 13
1839 23
1840 14
1841 15
1842 18
1843 17
1844 19
1845 25
1846 11
1847 26
1848 15
1849 14
1850 18
1851 12
1852 11
1853 15
1854 15
1855 22
1856 20
1857 20
1858 21
1859 23
1860 14
1861 17
1862 18
1863 16
1864 9
1865 15
1866 21
1867 12
1868 16
1869 19
1870 20
1871 9
1872 19
1873 18
1874 18
1875 22
1876 21
1877 17
1878 20
1879 18
1880 17
1881 18
1882 19
1883 23
1884 18
1885 16
1886 26
1887 18
1888 19
1889 16
1890 17
1891 16
1892 17
1893 19
1894 18
1895 24
1896 18
1897 22
1898 17
1899 20
1900 21
1901 22
1902 17
1903 14
1904 18
1905 20
1906 20
1907 26
1908 17
1909 16
1910 19
1911 15
1912 18
1913 16
1914 22
1915 20
1916 21
1917 23
1918 17
1919 28
1920 19
1921 22
1922 15
1923 13
1924 17
1925 14
1926 25
1927 20
1928 14
1929 22
1930 21
1931 15
1932 18
1933 18
1934 22
1935 19
1936 13
1937 12
1938 19
1939 14
1940 20
1941 22
1942 19
1943 21
1944 16
1945 22
1946 19
1947 29
1948 20
1949 17
1950 19
1951 11
1952 21
1953 19
1954 14
1955 18
1956 19
1957 29
1958 26
1959 20
1960 16
1961 25
1962 22
1963 19
1964 19
1965 14
1966 17
1967 16
1968 22
1969 32
1970 20
1971 26
1972 24
1973 28
1974 24
1975 31
1976 44
1977 36
1978 36
1979 57
1980 44
1981 55
1982 48
1983 36
1984 62
1985 69
1986 70
1987 79
1988 101
1989 97
1990 138
1991 168
1992 128
1993 172
1994 178
1995 243
1996 217
1997 252
1998 268
1999 315
2000 303
2001 369
2002 384
2003 417
2004 366
2005 379
2006 369
2007 316
2008 342
2009 373
2010 331
2011 282
2012 330
2013 313
2014 242
2015 188
2016 160
2017 168
2018 191
2019 178
2020 118
2021 99
2022 99
2023 81
2024 64
2025 52
2026 45
2027 33
2028 44
2029 21
2030 26
2031 22
2032 25
2033 21
2034 26
2035 23
2036 13
2037 18
2038 23
2039 21
2040 16
2041 18
2042 25
2043 23
2044 21
2045 24
2046 12
2047 22
2048 18
2049 19
2050 12
2051 18
2052 24
2053 25
2054 18
2055 15
2056 22
2057 19
2058 19
2059 14
2060 13
2061 25
2062 17
2063 14
2064 21
2065 17
2066 16
2067 16
2068 20
2069 13
2070 18
2071 18
2072 19
2073 17
2074 16
2075 14
2076 20
2077 14
2078 15
2079 11
2080 16
2081 25
2082 18
2083 7
2084 17
2085 8
2086 13
2087 17
2088 22
2089 15
2090 21
2091 11
2092 19
2093 17
2094 17
2095 17
2096 20
2097 10
2098 15
2099 17
2100 18
2101 16
2102 19
2103 20
2104 15
2105 20
2106 19
2107 26
2108 16
2109 18
2110 18
2111 18
2112 20
2113 16
2114 24
2115 13
2116 18
2117 14
2118 25
2119 11
2120 27
2121 14
2122 18
2123 16
2124 15
2125 19
2126 12
2127 15
2128 14
2129 19
2130 16
2131 23
2132 14
2133 15
2134 15
2135 12
2136 22
2137 13
2138 22
2139 21
2140 14
2141 19
2142 10
2143 17
2144 13
2145 9
2146 12
2147 15
2148 18
2149 21
2150 20
2151 19
2152 18
2153 21
2154 20
2155 9
2156 15
2157 17
2158 17
2159 19
2160 12
2161 15
2162 18
2163 21
2164 15
2165 20
2166 12
2167 13
2168 9
2169 20
2170 15
2171 17
2172 15
2173 15
2174 18
2175 21
2176 14
2177 19
2178 18
2179 20
2180 27
2181 35
2182 24
2183 28
2184 33
2185 29
2186 42
2187 41
2188 31
2189 32
2190 31
2191 53
2192 43
2193 49
2194 52
2195 62
2196 43
2197 63
2198 84
2199 83
2200 96
2201 86
2202 91
2203 78
2204 82
2205 92
2206 85
2207 82
2208 106
2209 99
2210 89
2211 82
2212 78
2213 80
2214 66
2215 51
2216 53
2217 48
2218 44
2219 40
2220 44
2221 37
2222 32
2223 24
2224 24
2225 25
2226 16
2227 23
2228 21
2229 12
2230 20
2231 23
2232 15
2233 17
2234 22
2235 16
2236 17
2237 22
2238 17
2239 13
2240 11
2241 10
2242 15
2243 16
2244 11
2245 13
2246 15
2247 17
2248 16
2249 21
2250 9
2251 14
2252 18
2253 12
2254 16
2255 8
2256 19
2257 10
2258 11
2259 18
2260 10
2261 11
2262 10
2263 15
2264 16
2265 20
2266 11
2267 12
2268 10
2269 12
2270 17
2271 17
2272 15
2273 8
2274 17
2275 11
2276 14
2277 13
2278 5
2279 25
2280 15
2281 9
2282 10
2283 12
2284 11
2285 7
2286 14
2287 18
2288 17
2289 12
2290 14
2291 11
2292 12
2293 16
2294 22
2295 22
2296 18
2297 12
2298 15
2299 18
2300 15
2301 13
2302 8
2303 14
2304 13
2305 21
2306 8
2307 15
2308 9
2309 13
2310 13
2311 17
2312 18
2313 14
2314 13
2315 20
2316 12
2317 16
2318 16
2319 15
2320 15
2321 10
2322 15
2323 8
2324 10
2325 12
2326 12
2327 13
2328 14
2329 19
2330 22
2331 14
2332 16
2333 22
2334 12
2335 16
2336 13
2337 12
2338 16
2339 12
2340 8
2341 9
2342 21
2343 10
2344 9
2345 11
2346 19
2347 13
2348 11
2349 9
2350 12
2351 10
2352 11
2353 12
2354 12
2355 14
2356 17
2357 11
2358 10
2359 18
2360 9
2361 15
2362 11
2363 18
2364 8
2365 22
2366 12
2367 11
2368 11
2369 4
2370 16
2371 13
2372 10
2373 19
2374 10
2375 13
2376 8
2377 10
2378 14
2379 8
2380 20
2381 11
2382 9
2383 15
2384 20
2385 17
2386 23
2387 15
2388 15
2389 15
2390 11
2391 15
2392 9
2393 7
2394 9
2395 11
2396 15
2397 14
2398 16
2399 18
2400 17
2401 15
2402 12
2403 16
2404 7
2405 12
2406 12
2407 8
2408 20
2409 11
2410 9
2411 13
2412 8
2413 7
2414 8
2415 19
2416 13
2417 16
2418 9
2419 10
2420 14
2421 17
2422 11
2423 13
2424 10
2425 11
2426 15
2427 22
2428 13
2429 11
2430 12
2431 18
2432 15
2433 12
2434 12
2435 14
2436 15
2437 15
2438 14
2439 12
2440 12
2441 15
2442 15
2443 7
2444 11
2445 19
2446 21
2447 17
2448 10
2449 11
2450 17
2451 11
2452 18
2453 16
2454 13
2455 10
2456 14
2457 12
2458 17
2459 16
2460 15
2461 13
2462 9
2463 15
2464 23
2465 15
2466 15
2467 16
2468 19
2469 30
2470 22
2471 32
2472 21
2473 35
2474 38
2475 31
2476 25
2477 42
2478 42
2479 48
2480 55
2481 34
2482 43
2483 37
2484 41
2485 57
2486 55
2487 33
2488 52
2489 72
2490 55
2491 77
2492 107
2493 98
2494 81
2495 57
2496 88
2497 85
2498 57
2499 71
2500 65
2501 51
2502 52
2503 26
2504 41
2505 45
2506 58
2507 37
2508 31
2509 42
2510 32
2511 19
2512 20
2513 13
2514 14
2515 17
2516 23
2517 17
2518 17
2519 19
2520 18
2521 14
2522 11
2523 21
2524 19
2525 17
2526 15
2527 9
2528 10
2529 11
2530 15
2531 14
2532 10
2533 10
2534 11
2535 12
2536 17
2537 12
2538 14
2539 13
2540 14
2541 16
2542 19
2543 10
2544 16
2545 11
2546 9
2547 11
2548 11
2549 10
2550 14
2551 9
2552 17
2553 17
2554 12
2555 11
2556 12
2557 14
2558 14
2559 21
