0 36
1 25
2 23
3 23
4 30
5 36
6 36
7 43
8 25
9 32
10 24
11 23
12 20
13 29
14 30
15 23
16 31
17 21
18 22
19 34
20 30
21 39
22 24
23 27
24 27
25 31
26 29
27 32
28 33
29 28
30 25
31 20
32 37
33 29
34 29
35 25
36 24
37 29
38 36
39 29
40 23
41 22
42 33
43 26
44 26
45 25
46 24
47 26
48 30
49 31
50 23
51 30
52 28
53 35
54 24
55 22
56 36
57 34
58 30
59 29
60 33
61 35
62 25
63 22
64 34
65 24
66 24
67 40
68 36
69 27
70 34
71 33
72 40
73 34
74 28
75 25
76 31
77 30
78 23
79 37
80 30
81 33
82 32
83 39
84 27
85 34
86 25
87 18
88 29
89 26
90 32
91 30
92 27
93 24
94 20
95 29
96 26
97 36
98 29
99 36
100 27
101 19
102 29
103 24
104 28
105 27
106 31
107 36
108 25
109 24
110 46
111 31
112 17
113 32
114 28
115 34
116 36
117 33
118 29
119 23
120 35
121 30
122 24
123 26
124 24
125 27
126 33
127 37
128 34
129 40
130 24
131 28
132 35
133 28
134 26
135 28
136 20
137 38
138 35
139 35
140 28
141 25
142 23
143 32
144 36
145 32
146 40
147 34
148 34
149 27
150 28
151 34
152 36
153 31
154 27
155 28
156 28
157 28
158 32
159 27
160 24
161 30
162 28
163 30
164 44
165 26
166 42
167 36
168 17
169 37
170 35
171 33
172 29
173 32
174 41
175 35
176 25
177 29
178 33
179 32
180 33
181 20
182 31
183 30
184 41
185 27
186 27
187 26
188 25
189 25
190 23
191 28
192 31
193 27
194 40
195 28
196 43
197 27
198 22
199 31
200 29
201 26
202 44
203 29
204 27
205 38
206 29
207 25
208 37
209 29
210 25
211 30
212 34
213 40
214 33
215 32
216 25
217 28
218 29
219 24
220 24
221 29
222 30
223 26
224 24
225 34
226 25
227 24
228 31
229 27
230 33
231 30
232 32
233 37
234 37
235 26
236 33
237 27
238 32
239 34
240 32
241 32
242 37
243 38
244 33
245 31
246 35
247 21
248 39
249 38
250 32
251 30
252 45
253 38
254 34
255 35
256 30
257 33
258 29
259 30
260 25
261 30
262 33
263 23
264 41
265 24
266 29
267 34
268 39
269 28
270 31
271 38
272 47
273 37
274 27
275 35
276 35
277 32
278 39
279 31
280 39
281 31
282 40
283 32
284 29
285 40
286 32
287 41
288 29
289 28
290 25
291 27
292 34
293 36
294 37
295 33
296 32
297 37
298 24
299 23
300 29
301 38
302 32
303 39
304 39
305 23
306 15
307 31
308 25
309 41
310 34
311 36
312 32
313 27
314 27
315 37
316 34
317 45
318 42
319 40
320 24
321 37
322 35
323 35
324 34
325 39
326 35
327 26
328 27
329 29
330 38
331 39
332 34
333 31
334 31
335 28
336 33
337 39
338 37
339 30
340 38
341 45
342 37
343 25
344 31
345 44
346 32
347 41
348 31
349 39
350 37
351 30
352 30
353 26
354 22
355 32
356 43
357 30
358 28
359 28
360 27
361 28
362 28
363 33
364 31
365 34
366 35
367 30
368 27
369 19
370 22
371 24
372 33
373 45
374 23
375 32
376 32
377 38
378 29
379 40
380 30
381 24
382 31
383 28
384 33
385 28
386 32
387 23
388 42
389 34
390 32
391 34
392 26
393 44
394 35
395 32
396 37
397 26
398 37
399 35
400 42
401 29
402 43
403 49
404 39
405 34
406 43
407 32
408 35
409 30
410 41
411 34
412 38
413 24
414 28
415 21
416 25
417 31
418 23
419 46
420 34
421 27
422 35
423 37
424 40
425 43
426 40
427 29
428 32
429 30
430 33
431 38
432 35
433 29
434 36
435 33
436 39
437 39
438 29
439 27
440 34
441 32
442 44
443 32
444 37
445 31
446 37
447 34
448 41
449 34
450 44
451 32
452 36
453 33
454 34
455 41
456 40
457 40
458 38
459 48
460 35
461 38
462 56
463 35
464 26
465 39
466 30
467 29
468 37
469 26
470 29
471 49
472 33
473 39
474 35
475 28
476 40
477 30
478 38
479 33
480 32
481 44
482 37
483 30
484 30
485 28
486 39
487 36
488 45
489 41
490 46
491 40
492 31
493 30
494 46
495 40
496 34
497 34
498 25
499 30
500 42
501 39
502 34
503 39
504 48
505 49
506 31
507 34
508 31
509 37
510 34
511 32
512 43
513 33
514 34
515 41
516 37
517 44
518 32
519 33
520 29
521 38
522 35
523 32
524 45
525 47
526 37
527 42
528 39
529 45
530 29
531 47
532 43
533 38
534 23
535 40
536 39
537 43
538 40
539 41
540 38
541 36
542 26
543 25
544 44
545 33
546 31
547 43
548 43
549 34
550 38
551 39
552 34
553 40
554 44
555 42
556 40
557 37
558 40
559 41
560 41
561 39
562 48
563 51
564 40
565 37
566 46
567 44
568 46
569 32
570 64
571 60
572 46
573 49
574 50
575 47
576 48
577 75
578 67
579 78
580 65
581 81
582 64
583 71
584 87
585 90
586 93
587 88
588 106
589 88
590 106
591 115
592 171
593 126
594 114
595 81
596 97
597 61
598 69
599 74
600 47
601 45
602 43
603 40
604 30
605 33
606 25
607 37
608 44
609 39
610 39
611 33
612 44
613 30
614 41
615 36
616 42
617 33
618 32
619 37
620 29
621 29
622 47
623 33
624 43
625 41
626 43
627 37
628 29
629 33
630 41
631 37
632 31
633 39
634 39
635 40
636 40
637 51
638 46
639 31
640 29
641 33
642 32
643 29
644 32
645 47
646 40
647 35
648 34
649 25
650 31
651 45
652 53
653 28
654 44
655 47
656 34
657 40
658 49
659 40
660 35
661 45
662 40
663 41
664 30
665 44
666 35
667 37
668 28
669 27
670 38
671 38
672 40
673 29
674 36
675 37
676 38
677 46
678 49
679 30
680 34
681 44
682 29
683 35
684 44
685 49
686 44
687 39
688 32
689 34
690 38
691 35
692 28
693 40
694 33
695 38
696 42
697 32
698 32
699 30
700 33
701 45
702 24
703 39
704 32
705 41
706 25
707 43
708 50
709 34
710 38
711 40
712 37
713 43
714 33
715 31
716 31
717 41
718 43
719 38
720 31
721 35
722 44
723 34
724 30
725 31
726 26
727 33
728 49
729 28
730 33
731 29
732 33
733 32
734 41
735 31
736 47
737 45
738 49
739 46
740 29
741 35
742 35
743 40
744 47
745 36
746 39
747 39
748 22
749 43
750 37
751 33
752 41
753 42
754 38
755 45
756 36
757 43
758 29
759 30
760 27
761 24
762 37
763 38
764 30
765 35
766 41
767 34
768 31
769 53
770 36
771 29
772 27
773 37
774 37
775 41
776 27
777 34
778 35
779 33
780 34
781 35
782 38
783 36
784 38
785 42
786 37
787 35
788 42
789 33
790 39
791 36
792 25
793 32
794 46
795 32
796 26
797 40
798 34
799 42
800 34
801 44
802 40
803 29
804 29
805 38
806 37
807 56
808 35
809 39
810 29
811 29
812 40
813 46
814 40
815 31
816 28
817 41
818 39
819 43
820 39
821 30
822 34
823 26
824 37
825 36
826 38
827 42
828 31
829 36
830 40
831 32
832 43
833 33
834 33
835 36
836 30
837 39
838 33
839 27
840 30
841 35
842 38
843 48
844 34
845 30
846 25
847 30
848 27
849 32
850 32
851 33
852 43
853 31
854 40
855 31
856 34
857 48
858 37
859 43
860 33
861 31
862 51
863 29
864 27
865 21
866 23
867 37
868 27
869 32
870 33
871 28
872 31
873 39
874 27
875 41
876 31
877 26
878 28
879 22
880 34
881 27
882 39
883 46
884 39
885 35
886 43
887 35
888 27
889 36
890 35
891 36
892 36
893 42
894 32
895 41
896 33
897 34
898 26
899 33
900 16
901 30
902 32
903 42
904 29
905 29
906 45
907 31
908 30
909 33
910 30
911 43
912 24
913 37
914 35
915 43
916 41
917 36
918 41
919 36
920 39
921 39
922 34
923 37
924 36
925 51
926 31
927 35
928 30
929 22
930 38
931 34
932 35
933 36
934 36
935 30
936 39
937 34
938 35
939 42
940 32
941 23
942 35
943 31
944 38
945 33
946 36
947 35
948 31
949 34
950 31
951 37
952 41
953 27
954 35
955 30
956 35
957 37
958 43
959 30
960 30
961 32
962 24
963 31
964 26
965 31
966 34
967 38
968 25
969 35
970 41
971 33
972 37
973 40
974 28
975 28
976 36
977 28
978 28
979 43
980 34
981 36
982 25
983 24
984 31
985 27
986 28
987 21
988 34
989 23
990 26
991 43
992 42
993 25
994 27
995 29
996 37
997 39
998 29
999 34
1000 36
1001 41
1002 25
1003 19
1004 24
1005 42
1006 25
1007 34
1008 34
1009 30
1010 30
1011 30
1012 42
1013 29
1014 29
1015 31
1016 35
1017 18
1018 38
1019 41
1020 32
1021 34
1022 31
1023 47
1024 26
1025 30
1026 29
1027 28
1028 41
1029 34
1030 30
1031 24
1032 32
1033 29
1034 24
1035 40
1036 28
1037 32
1038 31
1039 36
1040 23
1041 27
1042 57
1043 29
1044 37
1045 32
1046 27
1047 35
1048 29
1049 40
1050 34
1051 37
1052 39
1053 35
1054 27
1055 38
1056 44
1057 29
1058 32
1059 30
1060 41
1061 41
1062 43
1063 32
1064 39
1065 30
1066 33
1067 31
1068 22
1069 24
1070 35
1071 41
1072 30
1073 24
1074 38
1075 33
1076 39
1077 29
1078 24
1079 30
1080 29
1081 37
1082 32
1083 37
1084 35
1085 38
1086 40
1087 42
1088 34
1089 33
1090 40
1091 31
1092 34
1093 23
1094 38
1095 47
1096 45
1097 47
1098 60
1099 75
1100 91
1101 98
1102 104
1103 108
1104 111
1105 118
1106 125
1107 183
1108 220
1109 222
1110 228
1111 308
1112 405
1113 500
1114 456
1115 517
1116 488
1117 477
1118 555
1119 532
1120 546
1121 453
1122 403
1123 407
1124 361
1125 287
1126 222
1127 168
1128 110
1129 77
1130 58
1131 57
1132 34
1133 33
1134 42
1135 33
1136 37
1137 40
1138 32
1139 36
1140 28
1141 38
1142 34
1143 36
1144 28
1145 30
1146 33
1147 35
1148 35
1149 33
1150 31
1151 29
1152 26
1153 28
1154 36
1155 29
1156 33
1157 31
1158 28
1159 31
1160 30
1161 28
1162 27
1163 27
1164 36
1165 31
1166 40
1167 21
1168 33
1169 32
1170 43
1171 26
1172 35
1173 24
1174 32
1175 41
1176 29
1177 33
1178 37
1179 26
1180 27
1181 44
1182 26
1183 26
1184 31
1185 29
1186 38
1187 27
1188 34
1189 23
1190 31
1191 33
1192 34
1193 38
1194 45
1195 37
1196 30
1197 28
1198 38
1199 40
1200 33
1201 23
1202 36
1203 36
1204 35
1205 28
1206 54
1207 43
1208 31
1209 29
1210 32
1211 39
1212 34
1213 33
1214 29
1215 34
1216 37
1217 27
1218 25
1219 30
1220 30
1221 24
1222 37
1223 23
1224 25
1225 37
1226 27
1227 30
1228 33
1229 28
1230 34
1231 29
1232 28
1233 36
1234 32
1235 24
1236 41
1237 36
1238 50
1239 41
1240 22
1241 40
1242 29
1243 33
1244 40
1245 45
1246 43
1247 33
1248 39
1249 43
1250 53
1251 55
1252 40
1253 50
1254 59
1255 51
1256 57
1257 51
1258 45
1259 60
1260 48
1261 54
1262 42
1263 55
1264 47
1265 37
1266 34
1267 20
1268 20
1269 31
1270 37
1271 35
1272 24
1273 26
1274 30
1275 18
1276 16
1277 13
1278 14
1279 17
1280 25
1281 28
1282 30
1283 17
1284 22
1285 27
1286 21
1287 22
1288 30
1289 32
1290 19
1291 23
1292 16
1293 20
1294 22
1295 24
1296 22
1297 25
1298 24
1299 26
1300 21
1301 25
1302 16
1303 21
1304 21
1305 17
1306 29
1307 32
1308 18
1309 29
1310 24
1311 28
1312 30
1313 30
1314 23
1315 16
1316 21
1317 29
1318 31
1319 36
1320 33
1321 26
1322 42
1323 24
1324 25
1325 21
1326 35
1327 20
1328 53
1329 49
1330 32
1331 42
1332 46
1333 34
1334 43
1335 34
1336 46
1337 35
1338 35
1339 32
1340 38
1341 31
1342 25
1343 35
1344 25
1345 27
1346 28
1347 32
1348 26
1349 28
1350 27
1351 25
1352 24
1353 29
1354 19
1355 25
1356 22
1357 23
1358 26
1359 25
1360 20
1361 26
1362 28
1363 27
1364 23
1365 27
1366 18
1367 20
1368 17
1369 23
1370 19
1371 25
1372 23
1373 24
1374 25
1375 39
1376 17
1377 23
1378 21
1379 24
1380 32
1381 26
1382 23
1383 28
1384 33
1385 24
1386 21
1387 28
1388 28
1389 21
1390 26
1391 21
1392 26
1393 38
1394 34
1395 28
1396 36
1397 36
1398 28
1399 51
1400 49
1401 41
1402 45
1403 79
1404 59
1405 89
1406 71
1407 91
1408 81
1409 97
1410 105
1411 113
1412 142
1413 236
1414 195
1415 214
1416 233
1417 229
1418 218
1419 226
1420 220
1421 162
1422 121
1423 97
1424 75
1425 67
1426 65
1427 45
1428 53
1429 55
1430 39
1431 40
1432 17
1433 20
1434 19
1435 25
1436 25
1437 29
1438 27
1439 29
1440 24
1441 15
1442 20
1443 19
1444 20
1445 25
1446 33
1447 26
1448 20
1449 25
1450 24
1451 22
1452 17
1453 15
1454 20
1455 28
1456 27
1457 19
1458 24
1459 21
1460 18
1461 24
1462 26
1463 21
1464 25
1465 11
1466 24
1467 17
1468 15
1469 22
1470 18
1471 26
1472 14
1473 19
1474 21
1475 17
1476 13
1477 13
1478 21
1479 23
1480 22
1481 22
1482 20
1483 20
1484 21
1485 12
1486 25
1487 24
1488 22
1489 12
1490 22
1491 27
1492 23
1493 17
1494 18
1495 22
1496 20
1497 15
1498 24
1499 17
1500 16
1501 25
1502 16
1503 24
1504 23
1505 15
1506 19
1507 21
1508 25
1509 27
1510 13
1511 24
1512 21
1513 20
1514 15
1515 20
1516 16
1517 21
1518 18
1519 21
1520 17
1521 17
1522 22
1523 26
1524 25
1525 20
1526 19
1527 25
1528 16
1529 16
1530 17
1531 18
1532 20
1533 21
1534 14
1535 20
1536 20
1537 25
1538 15
1539 26
1540 24
1541 16
1542 22
1543 16
1544 21
1545 18
1546 20
1547 13
1548 18
1549 22
1550 17
1551 16
1552 26
1553 18
1554 17
1555 24
1556 19
1557 23
1558 20
1559 19
1560 18
1561 22
1562 15
1563 14
1564 25
1565 23
1566 17
1567 18
1568 23
1569 17
1570 19
1571 16
1572 23
1573 17
1574 17
1575 24
1576 15
1577 26
1578 17
1579 20
1580 22
1581 23
1582 28
1583 16
1584 20
1585 18
1586 17
1587 18
1588 13
1589 28
1590 16
1591 12
1592 17
1593 21
1594 24
1595 22
1596 16
1597 14
1598 17
1599 14
1600 18
1601 20
1602 24
1603 21
1604 31
1605 13
1606 22
1607 15
1608 25
1609 18
1610 18
1611 20
1612 21
1613 16
1614 18
1615 18
1616 27
1617 20
1618 18
1619 17
1620 23
1621 14
1622 21
1623 19
1624 14
1625 13
1626 21
1627 17
1628 19
1629 18
1630 21
1631 23
1632 20
1633 19
1634 14
1635 18
1636 17
1637 16
1638 21
1639 22
1640 25
1641 16
1642 18
1643 16
1644 19
1645 20
1646 15
1647 15
1648 18
1649 24
1650 12
1651 14
1652 21
1653 19
1654 12
1655 17
1656 11
1657 20
1658 17
1659 19
1660 21
1661 28
1662 15
1663 26
1664 26
1665 24
1666 21
1667 21
1668 14
1669 23
1670 16
1671 19
1672 27
1673 18
1674 18
1675 20
1676 11
1677 25
1678 23
1679 18
1680 21
1681 20
1682 22
1683 10
1684 20
1685 24
1686 15
1687 18
1688 17
1689 18
1690 18
1691 17
1692 14
1693 25
1694 23
1695 19
1696 15
1697 20
1698 17
1699 16
1700 21
1701 16
1702 20
1703 18
1704 21
1705 20
1706 16
1707 21
1708 23
1709 19
1710 21
1711 16
1712 17
1713 20
1714 17
1715 16
1716 22
1717 20
1718 17
1719 14
1720 17
1721 18
1722 19
1723 10
1724 15
1725 24
1726 16
1727 20
1728 13
1729 23
1730 15
1731 14
1732 17
1733 13
1734 29
1735 13
1736 17
1737 11
1738 12
1739 11
1740 19
1741 18
1742 12
1743 16
1744 24
1745 19
1746 15
1747 16
1748 16
1749 12
1750 16
1751 19
1752 19
1753 19
1754 21
1755 11
1756 12
1757 11
1758 17
1759 20
1760 14
1761 24
1762 16
1763 19
1764 18
1765 14
1766 14
1767 13
1768 17
1769 19
1770 22
1771 17
1772 17
1773 14
1774 19
1775 15
1776 11
1777 15
1778 17
1779 12
1780 24
1781 14
1782 20
1783 22
1784 18
1785 19
1786 22
1787 14
1788 17
1789 22
1790 13
1791 13
1792 21
1793 17
1794 17
1795 13
1796 15
1797 21
1798 12
1799 17
1800 14
1801 14
1802 17
1803 22
1804 15
1805 19
1806 22
1807 24
1808 19
1809 20
1810 12
1811 18
1812 17
1813 24
1814 16
1815 24
1816 18
1817 21
1818 17
1819 16
1820 23
1821 30
1822 14
1823 10
1824 24
1825 16
1826 14
1827 21
1828 31
1829 16
1830 22
1831 28
1832 21
1833 24
1834 24
1835 13
1836 18
1837 18
1838 15
1839 25
1840 21
1841 20
1842 14
1843 19
1844 13
1845 15
1846 19
1847 19
1848 17
1849 17
1850 14
1851 18
1852 15
1853 19
1854 21
1855 17
1856 15
1857 17
1858 14
1859 17
1860 28
1861 17
1862 13
1863 20
1864 20
1865 20
1866 20
1867 24
1868 31
1869 27
1870 15
1871 19
1872 34
1873 26
1874 33
1875 32
1876 49
1877 51
1878 79
1879 113
1880 108
1881 85
1882 79
1883 72
1884 73
1885 128
1886 149
1887 158
1888 143
1889 119
1890 94
1891 95
1892 92
1893 79
1894 112
1895 101
1896 111
1897 98
1898 87
1899 89
1900 55
1901 36
1902 50
1903 52
1904 46
1905 28
1906 30
1907 22
1908 25
1909 20
1910 13
1911 22
1912 16
1913 20
1914 22
1915 21
1916 19
1917 23
1918 14
1919 18
1920 15
1921 21
1922 14
1923 19
1924 18
1925 10
1926 27
1927 20
1928 10
1929 13
1930 20
1931 18
1932 18
1933 22
1934 9
1935 20
1936 13
1937 15
1938 23
1939 13
1940 18
1941 15
1942 17
1943 11
1944 17
1945 16
1946 10
1947 6
1948 14
1949 15
1950 15
1951 16
1952 17
1953 14
1954 11
1955 14
1956 14
1957 19
1958 15
1959 14
1960 19
1961 11
1962 12
1963 6
1964 13
1965 12
1966 20
1967 22
1968 12
1969 11
1970 21
1971 16
1972 18
1973 15
1974 17
1975 12
1976 10
1977 12
1978 17
1979 14
1980 19
1981 14
1982 21
1983 12
1984 16
1985 20
1986 20
1987 16
1988 13
1989 14
1990 24
1991 14
1992 14
1993 21
1994 12
1995 19
1996 22
1997 14
1998 13
1999 14
2000 10
2001 13
2002 17
2003 17
2004 16
2005 17
2006 16
2007 11
2008 22
2009 21
2010 17
2011 13
2012 19
2013 11
2014 12
2015 19
2016 12
2017 17
2018 13
2019 16
2020 13
2021 20
2022 9
2023 13
2024 16
2025 19
2026 10
2027 19
2028 22
2029 14
2030 13
2031 18
2032 12
2033 14
2034 21
2035 18
2036 20
2037 17
2038 15
2039 13
2040 25
2041 16
2042 16
2043 19
2044 15
2045 16
2046 12
2047 19
2048 18
2049 14
2050 14
2051 15
2052 20
2053 24
2054 14
2055 17
2056 20
2057 14
2058 17
2059 14
2060 18
2061 15
2062 19
2063 13
2064 11
2065 19
2066 15
2067 15
2068 18
2069 15
2070 21
2071 10
2072 14
2073 12
2074 17
2075 11
2076 20
2077 23
2078 10
2079 19
2080 18
2081 23
2082 18
2083 18
2084 20
2085 14
2086 14
2087 18
2088 15
2089 21
2090 12
2091 11
2092 14
2093 19
2094 15
2095 14
2096 13
2097 9
2098 16
2099 14
2100 14
2101 18
2102 22
2103 13
2104 11
2105 14
2106 16
2107 14
2108 18
2109 20
2110 14
2111 13
2112 10
2113 25
2114 20
2115 18
2116 21
2117 22
2118 8
2119 16
2120 18
2121 21
2122 26
2123 25
2124 27
2125 29
2126 24
2127 31
2128 29
2129 48
2130 29
2131 42
2132 44
2133 47
2134 59
2135 89
2136 107
2137 93
2138 116
2139 121
2140 194
2141 219
2142 209
2143 257
2144 262
2145 272
2146 318
2147 330
2148 356
2149 439
2150 436
2151 408
2152 347
2153 292
2154 320
2155 333
2156 410
2157 396
2158 404
2159 372
2160 404
2161 231
2162 212
2163 184
2164 158
2165 145
2166 132
2167 106
2168 70
2169 69
2170 49
2171 39
2172 29
2173 28
2174 18
2175 21
2176 21
2177 23
2178 14
2179 27
2180 19
2181 11
2182 16
2183 15
2184 10
2185 15
2186 16
2187 12
2188 13
2189 14
2190 18
2191 18
2192 12
2193 14
2194 12
2195 20
2196 21
2197 16
2198 13
2199 10
2200 14
2201 11
2202 14
2203 20
2204 21
2205 18
2206 12
2207 18
2208 10
2209 13
2210 17
2211 16
2212 18
2213 18
2214 15
2215 18
2216 16
2217 12
2218 12
2219 11
2220 13
2221 9
2222 7
2223 11
2224 9
2225 9
2226 13
2227 23
2228 16
2229 25
2230 11
2231 9
2232 10
2233 13
2234 10
2235 16
2236 19
2237 18
2238 13
2239 16
2240 20
2241 16
2242 15
2243 15
2244 16
2245 21
2246 17
2247 16
2248 15
2249 12
2250 19
2251 13
2252 13
2253 17
2254 20
2255 16
2256 13
2257 13
2258 18
2259 15
2260 10
2261 15
2262 14
2263 10
2264 15
2265 13
2266 8
2267 19
2268 19
2269 16
2270 16
2271 21
2272 20
2273 11
2274 16
2275 20
2276 18
2277 26
2278 14
2279 21
2280 13
2281 20
2282 18
2283 17
2284 18
2285 11
2286 20
2287 14
2288 18
2289 15
2290 11
2291 19
2292 13
2293 11
2294 13
2295 12
2296 23
2297 15
2298 9
2299 14
2300 11
2301 9
2302 11
2303 20
2304 8
2305 10
2306 14
2307 16
2308 14
2309 16
2310 14
2311 19
2312 14
2313 20
2314 12
2315 17
2316 17
2317 9
2318 19
2319 14
2320 11
2321 11
2322 9
2323 16
2324 16
2325 19
2326 15
2327 8
2328 13
2329 16
2330 18
2331 13
2332 14
2333 7
2334 19
2335 18
2336 22
2337 17
2338 18
2339 22
2340 23
2341 21
2342 20
2343 29
2344 29
2345 23
2346 38
2347 30
2348 38
2349 48
2350 58
2351 60
2352 59
2353 61
2354 81
2355 70
2356 71
2357 67
2358 107
2359 97
2360 95
2361 91
2362 77
2363 85
2364 89
2365 72
2366 69
2367 68
2368 75
2369 64
2370 43
2371 41
2372 37
2373 34
2374 25
2375 22
2376 27
2377 31
2378 26
2379 23
2380 9
2381 24
2382 24
2383 18
2384 11
2385 14
2386 8
2387 19
2388 14
2389 14
2390 19
2391 13
2392 7
2393 6
2394 8
2395 13
2396 14
2397 13
2398 12
2399 12
2400 15
2401 12
2402 9
2403 15
2404 16
2405 18
2406 12
2407 15
2408 16
2409 16
2410 10
2411 10
2412 13
2413 9
2414 11
2415 8
2416 10
2417 16
2418 15
2419 9
2420 17
2421 9
2422 12
2423 14
2424 10
2425 13
2426 12
2427 14
2428 13
2429 16
2430 15
2431 7
2432 19
2433 13
2434 10
2435 18
2436 13
2437 10
2438 15
2439 11
2440 13
2441 17
2442 12
2443 10
2444 14
2445 13
2446 23
2447 14
2448 16
2449 10
2450 8
2451 12
2452 10
2453 10
2454 17
2455 15
2456 10
2457 12
2458 12
2459 13
2460 8
2461 14
2462 12
2463 13
2464 12
2465 15
2466 16
2467 11
2468 10
2469 12
2470 8
2471 9
2472 12
2473 9
2474 15
2475 9
2476 12
2477 12
2478 11
2479 13
2480 9
2481 12
2482 7
2483 12
2484 9
2485 12
2486 12
2487 15
2488 11
2489 15
2490 11
2491 10
2492 13
2493 13
2494 18
2495 11
2496 18
2497 5
2498 10
2499 11
2500 12
2501 13
2502 5
2503 14
2504 19
2505 13
2506 17
2507 8
2508 13
2509 19
2510 18
2511 15
2512 9
2513 5
2514 16
2515 10
2516 13
2517 13
2518 11
2519 14
2520 10
2521 10
2522 10
2523 10
2524 8
2525 7
2526 8
2527 8
2528 8
2529 16
2530 8
2531 19
2532 18
2533 9
2534 8
2535 8
2536 14
2537 11
2538 14
2539 16
2540 9
2541 16
2542 8
2543 12
2544 9
2545 13
2546 10
2547 8
2548 10
2549 17
2550 11
2551 9
2552 6
2553 9
2554 16
2555 16
2556 12
2557 14
2558 15
2559 14
