0 36
1 19
2 17
3 23
4 30
5 23
6 41
7 19
8 21
9 28
10 21
11 27
12 27
13 33
14 23
15 27
16 20
17 20
18 35
19 28
20 32
21 25
22 20
23 23
24 27
25 38
26 19
27 23
28 37
29 26
30 31
31 34
32 30
33 36
34 26
35 24
36 22
37 18
38 29
39 26
40 30
41 31
42 23
43 29
44 21
45 23
46 26
47 27
48 30
49 29
50 26
51 36
52 30
53 30
54 26
55 29
56 31
57 32
58 26
59 26
60 30
61 27
62 22
63 29
64 29
65 24
66 30
67 26
68 30
69 37
70 29
71 32
72 27
73 26
74 26
75 23
76 35
77 28
78 33
79 36
80 32
81 27
82 30
83 34
84 19
85 27
86 39
87 32
88 26
89 24
90 35
91 30
92 27
93 32
94 31
95 24
96 24
97 22
98 20
99 33
100 29
101 25
102 22
103 26
104 27
105 33
106 36
107 32
108 33
109 30
110 31
111 30
112 21
113 41
114 32
115 26
116 35
117 26
118 31
119 26
120 30
121 29
122 37
123 37
124 26
125 25
126 25
127 33
128 31
129 23
130 24
131 28
132 39
133 30
134 31
135 25
136 29
137 32
138 33
139 31
140 26
141 41
142 12
143 35
144 32
145 27
146 40
147 30
148 25
149 23
150 24
151 24
152 39
153 44
154 35
155 30
156 31
157 22
158 28
159 27
160 35
161 30
162 31
163 29
164 17
165 39
166 35
167 35
168 33
169 31
170 39
171 28
172 23
173 24
174 27
175 44
176 23
177 26
178 19
179 35
180 28
181 30
182 40
183 29
184 28
185 31
186 46
187 35
188 34
189 39
190 33
191 29
192 25
193 25
194 33
195 30
196 27
197 28
198 36
199 39
200 32
201 35
202 25
203 28
204 35
205 32
206 37
207 24
208 23
209 31
210 36
211 30
212 37
213 36
214 24
215 21
216 39
217 32
218 33
219 27
220 24
221 29
222 33
223 28
224 39
225 30
226 27
227 41
228 25
229 27
230 36
231 18
232 27
233 19
234 30
235 28
236 24
237 32
238 28
239 25
240 41
241 43
242 46
243 36
244 27
245 33
246 35
247 31
248 43
249 34
250 27
251 33
252 22
253 36
254 31
255 34
256 36
257 44
258 45
259 38
260 29
261 28
262 26
263 36
264 42
265 33
266 28
267 27
268 47
269 25
270 32
271 38
272 35
273 32
274 34
275 29
276 29
277 25
278 35
279 24
280 35
281 28
282 43
283 22
284 38
285 36
286 39
287 32
288 22
289 35
290 38
291 36
292 36
293 28
294 32
295 32
296 28
297 40
298 33
299 25
300 26
301 32
302 32
303 38
304 39
305 40
306 38
307 25
308 39
309 42
310 34
311 28
312 28
313 22
314 25
315 30
316 30
317 39
318 33
319 34
320 28
321 29
322 20
323 38
324 36
325 28
326 32
327 36
328 40
329 29
330 33
331 38
332 40
333 33
334 39
335 33
336 34
337 37
338 28
339 43
340 32
341 19
342 40
343 30
344 25
345 33
346 28
347 31
348 41
349 38
350 35
351 36
352 33
353 23
354 30
355 32
356 33
357 36
358 37
359 36
360 28
361 28
362 40
363 27
364 30
365 36
366 43
367 34
368 36
369 33
370 37
371 30
372 22
373 38
374 43
375 34
376 22
377 26
378 35
379 33
380 27
381 39
382 26
383 26
384 27
385 29
386 32
387 36
388 37
389 24
390 32
391 33
392 41
393 32
394 30
395 30
396 36
397 40
398 26
399 21
400 30
401 29
402 35
403 34
404 39
405 25
406 34
407 30
408 25
409 34
410 42
411 39
412 34
413 34
414 31
415 43
416 43
417 31
418 36
419 36
420 42
421 37
422 38
423 32
424 41
425 29
426 35
427 43
428 28
429 30
430 39
431 34
432 30
433 27
434 38
435 40
436 33
437 33
438 31
439 41
440 36
441 42
442 43
443 29
444 35
445 33
446 35
447 30
448 34
449 30
450 43
451 38
452 34
453 33
454 30
455 41
456 33
457 36
458 36
459 33
460 31
461 31
462 35
463 33
464 40
465 40
466 48
467 34
468 35
469 30
470 31
471 42
472 34
473 39
474 32
475 48
476 29
477 41
478 38
479 34
480 42
481 28
482 23
483 25
484 39
485 27
486 47
487 36
488 39
489 37
490 34
491 33
492 32
493 41
494 32
495 36
496 22
497 44
498 23
499 34
500 32
501 43
502 35
503 44
504 33
505 30
506 43
507 30
508 34
509 36
510 39
511 42
512 41
513 43
514 35
515 35
516 35
517 35
518 30
519 18
520 49
521 33
522 47
523 33
524 39
525 33
526 33
527 37
528 26
529 49
530 30
531 43
532 40
533 34
534 31
535 38
536 33
537 42
538 36
539 35
540 42
541 36
542 29
543 29
544 35
545 33
546 39
547 36
548 42
549 32
550 35
551 28
552 33
553 32
554 39
555 28
556 52
557 36
558 45
559 42
560 45
561 32
562 44
563 35
564 43
565 30
566 38
567 43
568 50
569 40
570 32
571 40
572 51
573 42
574 45
575 43
576 45
577 44
578 48
579 65
580 75
581 85
582 94
583 80
584 98
585 100
586 96
587 84
588 81
589 84
590 92
591 81
592 102
593 122
594 131
595 138
596 142
597 119
598 119
599 133
600 139
601 154
602 176
603 157
604 132
605 93
606 83
607 64
608 41
609 39
610 41
611 41
612 35
613 32
614 36
615 40
616 43
617 38
618 36
619 42
620 33
621 41
622 28
623 44
624 40
625 35
626 29
627 32
628 33
629 42
630 42
631 42
632 32
633 20
634 34
635 34
636 33
637 43
638 43
639 36
640 29
641 33
642 29
643 47
644 43
645 37
646 35
647 29
648 35
649 40
650 41
651 22
652 42
653 39
654 38
655 38
656 37
657 35
658 38
659 40
660 40
661 26
662 46
663 33
664 30
665 43
666 29
667 35
668 43
669 33
670 30
671 39
672 33
673 39
674 37
675 47
676 45
677 31
678 30
679 44
680 42
681 41
682 35
683 40
684 40
685 37
686 31
687 26
688 45
689 42
690 40
691 38
692 40
693 28
694 40
695 42
696 30
697 30
698 38
699 34
700 41
701 43
702 35
703 28
704 34
705 35
706 40
707 34
708 39
709 44
710 30
711 43
712 29
713 43
714 46
715 39
716 42
717 41
718 44
719 40
720 39
721 33
722 37
723 44
724 30
725 43
726 34
727 39
728 33
729 37
730 42
731 39
732 33
733 28
734 37
735 33
736 43
737 34
738 21
739 43
740 40
741 35
742 34
743 37
744 28
745 31
746 31
747 41
748 38
749 45
750 36
751 40
752 34
753 27
754 30
755 27
756 31
757 35
758 30
759 39
760 36
761 27
762 27
763 44
764 33
765 32
766 26
767 35
768 30
769 31
770 38
771 33
772 37
773 36
774 26
775 38
776 38
777 30
778 37
779 41
780 37
781 30
782 36
783 35
784 44
785 40
786 28
787 36
788 35
789 34
790 39
791 26
792 39
793 28
794 30
795 39
796 34
797 37
798 34
799 30
800 35
801 34
802 38
803 31
804 37
805 30
806 40
807 40
808 34
809 39
810 29
811 38
812 29
813 45
814 38
815 29
816 34
817 41
818 33
819 36
820 39
821 34
822 48
823 39
824 31
825 35
826 25
827 42
828 33
829 38
830 24
831 43
832 40
833 38
834 36
835 41
836 36
837 38
838 26
839 31
840 37
841 33
842 26
843 27
844 32
845 39
846 37
847 30
848 48
849 47
850 29
851 23
852 38
853 25
854 27
855 47
856 37
857 29
858 36
859 48
860 24
861 28
862 31
863 21
864 38
865 34
866 28
867 35
868 31
869 30
870 55
871 40
872 31
873 34
874 44
875 28
876 31
877 33
878 43
879 33
880 41
881 28
882 36
883 27
884 28
885 35
886 36
887 37
888 35
889 31
890 44
891 40
892 35
893 24
894 33
895 27
896 45
897 25
898 32
899 35
900 37
901 26
902 31
903 36
904 32
905 27
906 36
907 39
908 35
909 22
910 33
911 25
912 28
913 35
914 28
915 25
916 27
917 32
918 37
919 36
920 34
921 21
922 36
923 30
924 37
925 27
926 32
927 36
928 31
929 34
930 28
931 32
932 37
933 38
934 29
935 27
936 28
937 24
938 49
939 38
940 32
941 45
942 53
943 42
944 45
945 34
946 37
947 35
948 38
949 36
950 31
951 38
952 30
953 34
954 34
955 32
956 29
957 36
958 30
959 35
960 24
961 27
962 27
963 32
964 36
965 42
966 38
967 21
968 40
969 36
970 21
971 37
972 33
973 20
974 25
975 35
976 32
977 33
978 36
979 35
980 27
981 40
982 42
983 28
984 33
985 36
986 34
987 35
988 38
989 27
990 31
991 42
992 36
993 33
994 32
995 50
996 23
997 23
998 37
999 35
1000 27
1001 27
1002 30
1003 27
1004 32
1005 24
1006 30
1007 19
1008 33
1009 41
1010 28
1011 28
1012 32
1013 36
1014 28
1015 32
1016 37
1017 31
1018 34
1019 37
1020 40
1021 29
1022 28
1023 29
1024 40
1025 37
1026 29
1027 48
1028 36
1029 29
1030 29
1031 35
1032 35
1033 27
1034 27
1035 31
1036 41
1037 27
1038 23
1039 29
1040 31
1041 29
1042 29
1043 27
1044 19
1045 35
1046 26
1047 30
1048 31
1049 30
1050 30
1051 36
1052 37
1053 32
1054 29
1055 44
1056 23
1057 35
1058 32
1059 27
1060 26
1061 36
1062 32
1063 46
1064 32
1065 33
1066 41
1067 37
1068 29
1069 29
1070 32
1071 36
1072 29
1073 29
1074 43
1075 35
1076 25
1077 36
1078 29
1079 41
1080 36
1081 30
1082 36
1083 39
1084 32
1085 31
1086 26
1087 23
1088 32
1089 24
1090 31
1091 37
1092 41
1093 30
1094 22
1095 36
1096 37
1097 30
1098 43
1099 33
1100 30
1101 31
1102 31
1103 32
1104 44
1105 40
1106 26
1107 42
1108 50
1109 45
1110 51
1111 60
1112 69
1113 78
1114 84
1115 108
1116 94
1117 139
1118 155
1119 179
1120 226
1121 302
1122 324
1123 315
1124 392
1125 480
1126 419
1127 478
1128 499
1129 497
1130 466
1131 420
1132 435
1133 381
1134 323
1135 249
1136 232
1137 230
1138 218
1139 169
1140 134
1141 85
1142 62
1143 44
1144 42
1145 40
1146 42
1147 26
1148 50
1149 40
1150 35
1151 19
1152 39
1153 42
1154 35
1155 41
1156 29
1157 24
1158 29
1159 26
1160 40
1161 25
1162 29
1163 24
1164 28
1165 40
1166 27
1167 32
1168 25
1169 31
1170 36
1171 35
1172 23
1173 29
1174 32
1175 34
1176 27
1177 33
1178 31
1179 48
1180 24
1181 28
1182 25
1183 40
1184 42
1185 31
1186 24
1187 39
1188 36
1189 37
1190 22
1191 29
1192 20
1193 29
1194 25
1195 34
1196 35
1197 32
1198 19
1199 42
1200 27
1201 28
1202 41
1203 29
1204 27
1205 19
1206 37
1207 39
1208 28
1209 32
1210 33
1211 30
1212 34
1213 26
1214 26
1215 22
1216 26
1217 28
1218 23
1219 30
1220 40
1221 22
1222 29
1223 32
1224 36
1225 29
1226 32
1227 21
1228 32
1229 22
1230 24
1231 35
1232 26
1233 29
1234 28
1235 29
1236 21
1237 29
1238 23
1239 20
1240 26
1241 21
1242 28
1243 31
1244 35
1245 34
1246 38
1247 19
1248 26
1249 33
1250 43
1251 32
1252 31
1253 40
1254 24
1255 36
1256 27
1257 40
1258 40
1259 50
1260 46
1261 40
1262 58
1263 58
1264 56
1265 53
1266 74
1267 59
1268 74
1269 80
1270 61
1271 59
1272 61
1273 82
1274 111
1275 60
1276 24
1277 21
1278 19
1279 13
1280 22
1281 20
1282 19
1283 27
1284 18
1285 34
1286 33
1287 24
1288 23
1289 25
1290 22
1291 27
1292 19
1293 22
1294 22
1295 27
1296 33
1297 18
1298 19
1299 21
1300 21
1301 25
1302 19
1303 21
1304 17
1305 25
1306 22
1307 17
1308 12
1309 23
1310 19
1311 25
1312 21
1313 27
1314 27
1315 24
1316 21
1317 21
1318 27
1319 21
1320 24
1321 23
1322 30
1323 26
1324 22
1325 17
1326 20
1327 25
1328 30
1329 24
1330 29
1331 19
1332 14
1333 26
1334 32
1335 46
1336 31
1337 34
1338 39
1339 43
1340 46
1341 49
1342 51
1343 42
1344 51
1345 64
1346 55
1347 44
1348 43
1349 47
1350 36
1351 31
1352 44
1353 32
1354 26
1355 24
1356 16
1357 22
1358 20
1359 25
1360 30
1361 19
1362 22
1363 23
1364 20
1365 20
1366 27
1367 20
1368 22
1369 23
1370 28
1371 16
1372 23
1373 26
1374 18
1375 14
1376 17
1377 19
1378 16
1379 19
1380 29
1381 16
1382 27
1383 29
1384 24
1385 9
1386 24
1387 20
1388 28
1389 21
1390 32
1391 14
1392 23
1393 26
1394 27
1395 19
1396 18
1397 28
1398 25
1399 26
1400 24
1401 26
1402 29
1403 17
1404 19
1405 25
1406 22
1407 20
1408 33
1409 20
1410 32
1411 23
1412 35
1413 39
1414 42
1415 53
1416 68
1417 66
1418 108
1419 124
1420 106
1421 110
1422 127
1423 118
1424 174
1425 154
1426 174
1427 207
1428 227
1429 249
1430 280
1431 209
1432 198
1433 168
1434 150
1435 134
1436 153
1437 135
1438 113
1439 84
1440 82
1441 59
1442 41
1443 34
1444 28
1445 27
1446 28
1447 22
1448 20
1449 27
1450 22
1451 26
1452 16
1453 25
1454 18
1455 20
1456 17
1457 20
1458 17
1459 22
1460 27
1461 25
1462 24
1463 21
1464 28
1465 20
1466 19
1467 28
1468 29
1469 29
1470 25
1471 17
1472 29
1473 20
1474 22
1475 20
1476 15
1477 19
1478 24
1479 16
1480 28
1481 22
1482 23
1483 24
1484 22
1485 24
1486 19
1487 24
1488 12
1489 32
1490 18
1491 21
1492 25
1493 14
1494 15
1495 19
1496 12
1497 23
1498 31
1499 19
1500 22
1501 24
1502 15
1503 16
1504 25
1505 23
1506 14
1507 19
1508 17
1509 24
1510 23
1511 17
1512 24
1513 18
1514 15
1515 27
1516 19
1517 24
1518 20
1519 24
1520 17
1521 21
1522 20
1523 20
1524 17
1525 19
1526 17
1527 17
1528 16
1529 17
1530 18
1531 16
1532 15
1533 21
1534 18
1535 15
1536 15
1537 21
1538 24
1539 21
1540 19
1541 27
1542 21
1543 23
1544 10
1545 27
1546 17
1547 18
1548 22
1549 13
1550 23
1551 19
1552 26
1553 22
1554 17
1555 17
1556 30
1557 20
1558 19
1559 24
1560 15
1561 18
1562 17
1563 23
1564 20
1565 24
1566 34
1567 21
1568 16
1569 19
1570 29
1571 18
1572 23
1573 19
1574 24
1575 18
1576 27
1577 31
1578 19
1579 20
1580 23
1581 15
1582 13
1583 22
1584 20
1585 17
1586 17
1587 23
1588 20
1589 21
1590 20
1591 17
1592 15
1593 15
1594 16
1595 19
1596 23
1597 14
1598 27
1599 24
1600 27
1601 24
1602 20
1603 17
1604 22
1605 21
1606 26
1607 25
1608 21
1609 23
1610 13
1611 14
1612 15
1613 21
1614 13
1615 24
1616 16
1617 20
1618 24
1619 26
1620 16
1621 16
1622 23
1623 15
1624 18
1625 16
1626 23
1627 25
1628 26
1629 21
1630 23
1631 25
1632 27
1633 21
1634 15
1635 20
1636 21
1637 22
1638 12
1639 18
1640 21
1641 13
1642 21
1643 23
1644 12
1645 23
1646 24
1647 11
1648 14
1649 17
1650 24
1651 18
1652 24
1653 23
1654 27
1655 16
1656 25
1657 24
1658 16
1659 24
1660 26
1661 11
1662 13
1663 14
1664 22
1665 14
1666 16
1667 24
1668 22
1669 15
1670 21
1671 14
1672 18
1673 23
1674 17
1675 15
1676 16
1677 12
1678 14
1679 15
1680 22
1681 18
1682 21
1683 19
1684 17
1685 12
1686 14
1687 20
1688 19
1689 19
1690 17
1691 32
1692 25
1693 18
1694 18
1695 26
1696 21
1697 16
1698 15
1699 17
1700 21
1701 22
1702 15
1703 18
1704 15
1705 22
1706 20
1707 20
1708 19
1709 20
1710 26
1711 16
1712 14
1713 22
1714 17
1715 12
1716 15
1717 13
1718 16
1719 28
1720 22
1721 29
1722 14
1723 14
1724 15
1725 11
1726 16
1727 12
1728 18
1729 17
1730 17
1731 20
1732 17
1733 15
1734 13
1735 14
1736 16
1737 18
1738 13
1739 17
1740 17
1741 9
1742 19
1743 17
1744 11
1745 19
1746 23
1747 14
1748 24
1749 24
1750 20
1751 22
1752 19
1753 20
1754 14
1755 16
1756 21
1757 17
1758 16
1759 14
1760 31
1761 17
1762 11
1763 13
1764 15
1765 20
1766 20
1767 12
1768 17
1769 18
1770 16
1771 11
1772 14
1773 13
1774 16
1775 11
1776 21
1777 8
1778 19
1779 15
1780 17
1781 19
1782 13
1783 16
1784 27
1785 22
1786 14
1787 24
1788 17
1789 12
1790 12
1791 22
1792 15
1793 15
1794 17
1795 23
1796 22
1797 10
1798 23
1799 31
1800 20
1801 12
1802 18
1803 22
1804 18
1805 16
1806 18
1807 25
1808 15
1809 13
1810 11
1811 17
1812 24
1813 17
1814 18
1815 12
1816 15
1817 22
1818 18
1819 20
1820 19
1821 13
1822 14
1823 8
1824 12
1825 15
1826 19
1827 18
1828 26
1829 13
1830 15
1831 15
1832 15
1833 13
1834 14
1835 17
1836 19
1837 17
1838 21
1839 23
1840 20
1841 14
1842 19
1843 14
1844 26
1845 19
1846 25
1847 22
1848 18
1849 23
1850 22
1851 17
1852 21
1853 22
1854 15
1855 20
1856 19
1857 22
1858 29
1859 26
1860 19
1861 22
1862 16
1863 13
1864 25
1865 19
1866 17
1867 18
1868 16
1869 12
1870 20
1871 17
1872 13
1873 14
1874 20
1875 10
1876 17
1877 14
1878 14
1879 20
1880 17
1881 20
1882 18
1883 16
1884 13
1885 16
1886 29
1887 25
1888 20
1889 30
1890 38
1891 34
1892 34
1893 45
1894 51
1895 63
1896 73
1897 94
1898 100
1899 104
1900 124
1901 149
1902 158
1903 171
1904 148
1905 121
1906 107
1907 122
1908 145
1909 116
1910 123
1911 107
1912 89
1913 50
1914 42
1915 48
1916 57
1917 37
1918 37
1919 30
1920 28
1921 27
1922 31
1923 20
1924 23
1925 20
1926 21
1927 23
1928 16
1929 17
1930 28
1931 16
1932 22
1933 14
1934 18
1935 7
1936 16
1937 21
1938 19
1939 19
1940 12
1941 9
1942 20
1943 20
1944 22
1945 17
1946 18
1947 23
1948 18
1949 15
1950 15
1951 19
1952 21
1953 14
1954 15
1955 13
1956 15
1957 27
1958 13
1959 20
1960 16
1961 13
1962 18
1963 16
1964 17
1965 27
1966 14
1967 16
1968 28
1969 18
1970 15
1971 14
1972 12
1973 20
1974 13
1975 15
1976 18
1977 19
1978 13
1979 15
1980 13
1981 12
1982 13
1983 16
1984 14
1985 14
1986 17
1987 17
1988 14
1989 21
1990 17
1991 11
1992 13
1993 12
1994 13
1995 22
1996 14
1997 11
1998 21
1999 13
2000 13
2001 22
2002 11
2003 13
2004 15
2005 16
2006 15
2007 22
2008 17
2009 12
2010 12
2011 17
2012 20
2013 12
2014 21
2015 17
2016 13
2017 17
2018 9
2019 11
2020 20
2021 16
2022 20
2023 15
2024 14
2025 13
2026 24
2027 19
2028 13
2029 12
2030 23
2031 19
2032 18
2033 15
2034 15
2035 16
2036 12
2037 19
2038 10
2039 17
2040 14
2041 15
2042 14
2043 15
2044 19
2045 13
2046 13
2047 14
2048 14
2049 15
2050 15
2051 14
2052 13
2053 17
2054 19
2055 12
2056 28
2057 17
2058 16
2059 17
2060 15
2061 7
2062 17
2063 21
2064 22
2065 11
2066 18
2067 14
2068 20
2069 17
2070 15
2071 19
2072 17
2073 17
2074 17
2075 16
2076 17
2077 15
2078 16
2079 12
2080 12
2081 15
2082 22
2083 13
2084 16
2085 9
2086 15
2087 13
2088 18
2089 12
2090 19
2091 13
2092 13
2093 16
2094 10
2095 19
2096 21
2097 15
2098 10
2099 15
2100 20
2101 20
2102 16
2103 15
2104 12
2105 9
2106 15
2107 14
2108 16
2109 17
2110 22
2111 11
2112 8
2113 10
2114 23
2115 19
2116 17
2117 28
2118 18
2119 15
2120 7
2121 14
2122 19
2123 15
2124 17
2125 20
2126 14
2127 21
2128 23
2129 16
2130 16
2131 22
2132 10
2133 14
2134 15
2135 24
2136 20
2137 17
2138 27
2139 23
2140 17
2141 22
2142 35
2143 27
2144 31
2145 28
2146 38
2147 51
2148 60
2149 66
2150 69
2151 77
2152 96
2153 123
2154 126
2155 168
2156 188
2157 214
2158 254
2159 258
2160 310
2161 348
2162 423
2163 490
2164 414
2165 386
2166 407
2167 454
2168 524
2169 444
2170 374
2171 336
2172 304
2173 270
2174 278
2175 284
2176 361
2177 388
2178 324
2179 225
2180 169
2181 130
2182 91
2183 65
2184 80
2185 72
2186 56
2187 42
2188 44
2189 26
2190 32
2191 28
2192 27
2193 31
2194 27
2195 23
2196 24
2197 16
2198 20
2199 26
2200 16
2201 13
2202 19
2203 14
2204 16
2205 16
2206 25
2207 23
2208 18
2209 11
2210 20
2211 15
2212 22
2213 19
2214 19
2215 6
2216 18
2217 16
2218 13
2219 12
2220 10
2221 12
2222 17
2223 14
2224 21
2225 14
2226 16
2227 20
2228 23
2229 15
2230 17
2231 19
2232 13
2233 12
2234 12
2235 15
2236 12
2237 16
2238 11
2239 15
2240 7
2241 11
2242 13
2243 15
2244 14
2245 11
2246 14
2247 11
2248 15
2249 14
2250 19
2251 9
2252 14
2253 10
2254 14
2255 14
2256 14
2257 11
2258 16
2259 17
2260 20
2261 15
2262 10
2263 13
2264 14
2265 16
2266 12
2267 22
2268 9
2269 16
2270 10
2271 16
2272 12
2273 11
2274 13
2275 17
2276 12
2277 16
2278 15
2279 13
2280 12
2281 17
2282 16
2283 16
2284 14
2285 14
2286 11
2287 12
2288 18
2289 12
2290 14
2291 20
2292 18
2293 18
2294 14
2295 17
2296 19
2297 15
2298 18
2299 13
2300 17
2301 15
2302 13
2303 14
2304 14
2305 17
2306 11
2307 16
2308 22
2309 12
2310 16
2311 15
2312 10
2313 8
2314 22
2315 8
2316 9
2317 13
2318 16
2319 14
2320 13
2321 12
2322 19
2323 19
2324 20
2325 11
2326 8
2327 17
2328 15
2329 16
2330 8
2331 10
2332 13
2333 9
2334 14
2335 11
2336 12
2337 13
2338 11
2339 13
2340 11
2341 17
2342 11
2343 24
2344 18
2345 16
2346 12
2347 13
2348 12
2349 15
2350 14
2351 16
2352 18
2353 25
2354 17
2355 20
2356 7
2357 20
2358 22
2359 24
2360 35
2361 28
2362 22
2363 30
2364 35
2365 45
2366 51
2367 55
2368 55
2369 52
2370 54
2371 60
2372 65
2373 77
2374 82
2375 82
2376 51
2377 59
2378 82
2379 116
2380 103
2381 97
2382 75
2383 78
2384 58
2385 65
2386 68
2387 67
2388 51
2389 44
2390 36
2391 37
2392 43
2393 30
2394 26
2395 21
2396 14
2397 14
2398 24
2399 19
2400 17
2401 14
2402 9
2403 11
2404 17
2405 11
2406 12
2407 15
2408 13
2409 9
2410 14
2411 11
2412 9
2413 8
2414 17
2415 9
2416 8
2417 9
2418 12
2419 9
2420 20
2421 13
2422 19
2423 6
2424 16
2425 12
2426 13
2427 8
2428 9
2429 12
2430 11
2431 12
2432 15
2433 15
2434 17
2435 9
2436 9
2437 11
2438 8
2439 11
2440 16
2441 9
2442 7
2443 9
2444 14
2445 12
2446 6
2447 8
2448 12
2449 9
2450 10
2451 8
2452 12
2453 3
2454 16
2455 7
2456 10
2457 13
2458 12
2459 17
2460 13
2461 15
2462 12
2463 12
2464 18
2465 10
2466 11
2467 8
2468 16
2469 12
2470 9
2471 15
2472 16
2473 10
2474 14
2475 6
2476 15
2477 13
2478 17
2479 9
2480 9
2481 12
2482 24
2483 13
2484 12
2485 10
2486 16
2487 7
2488 14
2489 21
2490 13
2491 16
2492 8
2493 14
2494 9
2495 8
2496 14
2497 11
2498 9
2499 4
2500 18
2501 9
2502 10
2503 13
2504 16
2505 10
2506 8
2507 10
2508 12
2509 18
2510 8
2511 6
2512 9
2513 10
2514 17
2515 13
2516 13
2517 11
2518 11
2519 6
2520 8
2521 16
2522 11
2523 9
2524 11
2525 23
2526 11
2527 11
2528 11
2529 11
2530 21
2531 7
2532 10
2533 14
2534 17
2535 10
2536 12
2537 9
2538 9
2539 9
2540 9
2541 12
2542 6
2543 13
2544 8
2545 15
2546 8
2547 16
2548 13
2549 12
2550 11
2551 14
2552 8
2553 10
2554 8
2555 9
2556 17
2557 13
2558 17
2559 11
