0 35
1 27
2 24
3 24
4 30
5 16
6 21
7 27
8 24
9 28
10 25
11 28
12 28
13 21
14 28
15 25
16 28
17 27
18 30
19 26
20 37
21 27
22 24
23 25
24 33
25 48
26 25
27 29
28 29
29 27
30 31
31 29
32 27
33 29
34 22
35 26
36 24
37 23
38 26
39 25
40 24
41 21
42 28
43 28
44 37
45 25
46 22
47 28
48 35
49 32
50 23
51 34
52 28
53 24
54 33
55 19
56 27
57 34
58 29
59 39
60 22
61 23
62 32
63 24
64 25
65 19
66 26
67 24
68 28
69 29
70 28
71 27
72 30
73 31
74 28
75 29
76 21
77 35
78 20
79 35
80 19
81 24
82 34
83 30
84 27
85 24
86 40
87 36
88 18
89 28
90 20
91 38
92 36
93 28
94 26
95 25
96 32
97 45
98 36
99 32
100 30
101 32
102 35
103 22
104 27
105 35
106 28
107 24
108 29
109 28
110 25
111 29
112 29
113 39
114 25
115 23
116 26
117 18
118 26
119 29
120 34
121 32
122 28
123 28
124 37
125 34
126 34
127 41
128 22
129 36
130 20
131 37
132 35
133 39
134 34
135 25
136 30
137 19
138 25
139 21
140 29
141 37
142 36
143 36
144 28
145 34
146 32
147 32
148 36
149 32
150 32
151 38
152 24
153 31
154 29
155 35
156 28
157 36
158 39
159 38
160 40
161 29
162 29
163 26
164 30
165 33
166 37
167 30
168 34
169 42
170 25
171 30
172 33
173 30
174 36
175 42
176 42
177 29
178 24
179 39
180 34
181 36
182 28
183 35
184 27
185 35
186 25
187 43
188 41
189 34
190 31
191 40
192 26
193 30
194 34
195 41
196 34
197 31
198 37
199 26
200 19
201 22
202 26
203 29
204 32
205 33
206 35
207 26
208 29
209 29
210 30
211 21
212 21
213 29
214 38
215 42
216 21
217 32
218 34
219 31
220 21
221 46
222 30
223 28
224 36
225 37
226 31
227 34
228 28
229 40
230 36
231 39
232 18
233 30
234 36
235 34
236 30
237 24
238 32
239 20
240 27
241 33
242 29
243 23
244 33
245 38
246 39
247 34
248 29
249 32
250 34
251 35
252 31
253 34
254 26
255 31
256 34
257 45
258 34
259 36
260 33
261 33
262 35
263 35
264 32
265 27
266 39
267 31
268 30
269 40
270 32
271 35
272 43
273 37
274 30
275 27
276 35
277 25
278 28
279 37
280 25
281 39
282 31
283 35
284 42
285 31
286 40
287 23
288 30
289 39
290 35
291 44
292 30
293 37
294 39
295 41
296 28
297 28
298 35
299 32
300 32
301 39
302 38
303 41
304 27
305 31
306 25
307 37
308 27
309 34
310 30
311 37
312 33
313 31
314 41
315 34
316 30
317 21
318 42
319 40
320 37
321 30
322 29
323 29
324 36
325 28
326 29
327 37
328 42
329 40
330 33
331 39
332 31
333 24
334 40
335 42
336 32
337 37
338 27
339 54
340 30
341 21
342 33
343 38
344 25
345 37
346 35
347 28
348 27
349 47
350 27
351 37
352 25
353 34
354 30
355 41
356 35
357 33
358 34
359 24
360 31
361 27
362 44
363 37
364 44
365 51
366 22
367 38
368 24
369 38
370 38
371 24
372 29
373 27
374 44
375 36
376 28
377 25
378 27
379 30
380 35
381 32
382 37
383 36
384 36
385 31
386 38
387 35
388 33
389 51
390 35
391 34
392 45
393 40
394 32
395 46
396 37
397 34
398 39
399 35
400 40
401 42
402 36
403 41
404 22
405 49
406 25
407 38
408 32
409 38
410 37
411 36
412 39
413 38
414 32
415 23
416 34
417 33
418 33
419 31
420 35
421 29
422 32
423 27
424 36
425 33
426 54
427 33
428 35
429 30
430 41
431 36
432 27
433 44
434 33
435 29
436 36
437 38
438 31
439 42
440 32
441 38
442 32
443 36
444 38
445 32
446 36
447 34
448 29
449 27
450 38
451 36
452 40
453 38
454 37
455 34
456 35
457 29
458 31
459 30
460 40
461 39
462 29
463 23
464 39
465 49
466 38
467 41
468 32
469 37
470 40
471 35
472 29
473 41
474 34
475 32
476 48
477 44
478 24
479 31
480 43
481 34
482 38
483 31
484 33
485 40
486 36
487 21
488 31
489 27
490 39
491 46
492 33
493 44
494 37
495 37
496 42
497 38
498 27
499 41
500 40
501 40
502 41
503 35
504 33
505 41
506 37
507 41
508 26
509 32
510 33
511 28
512 33
513 46
514 35
515 39
516 37
517 30
518 31
519 45
520 26
521 39
522 46
523 40
524 46
525 41
526 29
527 30
528 33
529 32
530 37
531 39
532 37
533 44
534 41
535 43
536 35
537 28
538 36
539 45
540 33
541 46
542 39
543 41
544 37
545 47
546 40
547 38
548 38
549 34
550 46
551 46
552 40
553 31
554 37
555 33
556 36
557 41
558 34
559 35
560 40
561 38
562 55
563 50
564 44
565 56
566 35
567 57
568 56
569 55
570 48
571 53
572 50
573 44
574 44
575 80
576 64
577 69
578 61
579 64
580 57
581 100
582 73
583 85
584 85
585 100
586 89
587 87
588 81
589 73
590 108
591 106
592 103
593 72
594 68
595 61
596 51
597 45
598 55
599 39
600 39
601 32
602 45
603 43
604 39
605 42
606 32
607 38
608 38
609 32
610 29
611 44
612 40
613 35
614 29
615 39
616 34
617 31
618 33
619 41
620 30
621 30
622 39
623 46
624 33
625 47
626 43
627 37
628 42
629 45
630 40
631 27
632 37
633 41
634 42
635 40
636 36
637 43
638 43
639 42
640 40
641 32
642 33
643 27
644 39
645 34
646 47
647 52
648 30
649 55
650 42
651 37
652 41
653 56
654 52
655 37
656 33
657 37
658 30
659 33
660 39
661 43
662 41
663 45
664 39
665 34
666 35
667 35
668 30
669 29
670 29
671 33
672 33
673 26
674 49
675 37
676 31
677 55
678 38
679 44
680 43
681 33
682 35
683 38
684 47
685 35
686 35
687 35
688 37
689 37
690 45
691 38
692 40
693 43
694 35
695 36
696 33
697 30
698 36
699 42
700 41
701 30
702 41
703 37
704 34
705 40
706 32
707 44
708 44
709 36
710 38
711 39
712 28
713 24
714 39
715 39
716 43
717 39
718 30
719 24
720 31
721 31
722 41
723 35
724 42
725 32
726 43
727 51
728 27
729 32
730 34
731 34
732 35
733 28
734 31
735 44
736 32
737 32
738 39
739 33
740 31
741 33
742 30
743 41
744 36
745 41
746 38
747 35
748 25
749 43
750 45
751 36
752 42
753 42
754 36
755 33
756 34
757 33
758 37
759 27
760 31
761 29
762 33
763 35
764 22
765 26
766 26
767 39
768 29
769 35
770 29
771 36
772 42
773 40
774 35
775 38
776 34
777 43
778 32
779 27
780 41
781 36
782 40
783 26
784 28
785 34
786 40
787 33
788 34
789 49
790 48
791 50
792 17
793 37
794 34
795 37
796 33
797 41
798 36
799 32
800 41
801 40
802 29
803 52
804 39
805 49
806 37
807 34
808 36
809 31
810 35
811 40
812 30
813 34
814 32
815 29
816 33
817 28
818 35
819 37
820 28
821 33
822 32
823 31
824 45
825 47
826 38
827 37
828 37
829 35
830 29
831 33
832 27
833 27
834 28
835 39
836 57
837 35
838 30
839 43
840 38
841 37
842 32
843 30
844 26
845 26
846 40
847 32
848 45
849 37
850 43
851 41
852 28
853 20
854 38
855 42
856 35
857 26
858 30
859 27
860 56
861 24
862 41
863 39
864 33
865 28
866 39
867 38
868 28
869 39
870 31
871 43
872 34
873 36
874 41
875 33
876 34
877 39
878 36
879 27
880 33
881 33
882 27
883 24
884 30
885 25
886 22
887 39
888 39
889 32
890 24
891 27
892 33
893 23
894 32
895 33
896 36
897 37
898 36
899 30
900 27
901 33
902 34
903 27
904 37
905 43
906 33
907 30
908 38
909 36
910 27
911 37
912 39
913 40
914 20
915 30
916 47
917 35
918 39
919 31
920 37
921 35
922 42
923 42
924 37
925 32
926 29
927 33
928 39
929 27
930 34
931 39
932 40
933 42
934 36
935 31
936 29
937 36
938 41
939 31
940 28
941 33
942 24
943 33
944 35
945 23
946 33
947 29
948 35
949 24
950 24
951 32
952 26
953 30
954 38
955 39
956 33
957 26
958 25
959 38
960 43
961 37
962 39
963 27
964 40
965 38
966 35
967 28
968 31
969 33
970 30
971 28
972 42
973 42
974 34
975 36
976 34
977 24
978 35
979 27
980 29
981 26
982 34
983 28
984 24
985 34
986 28
987 25
988 25
989 42
990 30
991 36
992 37
993 50
994 28
995 31
996 41
997 30
998 24
999 46
1000 31
1001 30
1002 39
1003 37
1004 28
1005 22
1006 29
1007 27
1008 38
1009 29
1010 38
1011 35
1012 34
1013 29
1014 26
1015 37
1016 38
1017 37
1018 32
1019 29
1020 32
1021 26
1022 31
1023 27
1024 43
1025 36
1026 29
1027 28
1028 33
1029 32
1030 37
1031 34
1032 41
1033 29
1034 31
1035 30
1036 29
1037 37
1038 41
1039 39
1040 39
1041 46
1042 49
1043 31
1044 26
1045 27
1046 28
1047 25
1048 29
1049 32
1050 32
1051 26
1052 20
1053 39
1054 44
1055 40
1056 32
1057 37
1058 43
1059 40
1060 32
1061 45
1062 37
1063 26
1064 35
1065 29
1066 41
1067 31
1068 31
1069 35
1070 35
1071 33
1072 43
1073 29
1074 23
1075 24
1076 33
1077 30
1078 23
1079 40
1080 38
1081 33
1082 29
1083 43
1084 33
1085 30
1086 37
1087 45
1088 37
1089 45
1090 34
1091 34
1092 50
1093 55
1094 50
1095 68
1096 54
1097 62
1098 66
1099 66
1100 92
1101 101
1102 147
1103 173
1104 192
1105 213
1106 235
1107 246
1108 221
1109 278
1110 388
1111 420
1112 478
1113 491
1114 506
1115 493
1116 475
1117 494
1118 483
1119 427
1120 388
1121 301
1122 262
1123 219
1124 152
1125 107
1126 90
1127 59
1128 47
1129 33
1130 43
1131 29
1132 31
1133 36
1134 29
1135 39
1136 28
1137 32
1138 28
1139 41
1140 43
1141 35
1142 31
1143 28
1144 37
1145 38
1146 31
1147 26
1148 31
1149 25
1150 34
1151 21
1152 29
1153 28
1154 37
1155 27
1156 38
1157 33
1158 34
1159 28
1160 38
1161 38
1162 31
1163 38
1164 30
1165 30
1166 30
1167 30
1168 25
1169 29
1170 33
1171 34
1172 25
1173 28
1174 27
1175 22
1176 20
1177 29
1178 36
1179 22
1180 23
1181 19
1182 35
1183 34
1184 28
1185 22
1186 25
1187 26
1188 36
1189 22
1190 31
1191 29
1192 37
1193 30
1194 31
1195 29
1196 36
1197 30
1198 20
1199 31
1200 25
1201 31
1202 37
1203 25
1204 24
1205 38
1206 24
1207 31
1208 42
1209 35
1210 34
1211 35
1212 30
1213 28
1214 23
1215 21
1216 38
1217 20
1218 29
1219 26
1220 26
1221 27
1222 28
1223 42
1224 39
1225 32
1226 21
1227 30
1228 22
1229 20
1230 22
1231 22
1232 30
1233 31
1234 23
1235 36
1236 33
1237 17
1238 39
1239 35
1240 31
1241 36
1242 39
1243 41
1244 46
1245 42
1246 46
1247 57
1248 49
1249 45
1250 54
1251 60
1252 60
1253 64
1254 64
1255 46
1256 46
1257 52
1258 56
1259 54
1260 38
1261 40
1262 38
1263 43
1264 41
1265 20
1266 20
1267 29
1268 25
1269 24
1270 23
1271 22
1272 26
1273 24
1274 20
1275 20
1276 19
1277 23
1278 21
1279 11
1280 29
1281 32
1282 22
1283 29
1284 26
1285 18
1286 18
1287 23
1288 23
1289 26
1290 13
1291 19
1292 25
1293 27
1294 13
1295 16
1296 22
1297 10
1298 28
1299 18
1300 21
1301 22
1302 26
1303 24
1304 31
1305 26
1306 23
1307 21
1308 33
1309 20
1310 27
1311 23
1312 19
1313 29
1314 29
1315 37
1316 27
1317 29
1318 22
1319 43
1320 41
1321 31
1322 35
1323 39
1324 31
1325 31
1326 30
1327 29
1328 35
1329 33
1330 42
1331 43
1332 37
1333 28
1334 24
1335 38
1336 26
1337 24
1338 15
1339 22
1340 32
1341 25
1342 30
1343 30
1344 23
1345 23
1346 16
1347 20
1348 24
1349 23
1350 32
1351 29
1352 27
1353 16
1354 20
1355 27
1356 26
1357 24
1358 14
1359 26
1360 23
1361 28
1362 29
1363 27
1364 25
1365 25
1366 18
1367 20
1368 30
1369 23
1370 19
1371 22
1372 19
1373 29
1374 21
1375 24
1376 30
1377 20
1378 23
1379 29
1380 17
1381 26
1382 21
1383 18
1384 19
1385 20
1386 26
1387 19
1388 23
1389 27
1390 20
1391 23
1392 34
1393 36
1394 34
1395 31
1396 35
1397 39
1398 47
1399 66
1400 44
1401 75
1402 75
1403 89
1404 133
1405 142
1406 121
1407 150
1408 131
1409 140
1410 136
1411 193
1412 215
1413 214
1414 220
1415 217
1416 224
1417 182
1418 179
1419 129
1420 99
1421 95
1422 66
1423 53
1424 36
1425 37
1426 32
1427 35
1428 27
1429 18
1430 27
1431 17
1432 27
1433 20
1434 28
1435 14
1436 22
1437 17
1438 25
1439 20
1440 36
1441 17
1442 19
1443 26
1444 21
1445 21
1446 31
1447 23
1448 21
1449 21
1450 23
1451 20
1452 24
1453 20
1454 23
1455 18
1456 22
1457 29
1458 25
1459 16
1460 25
1461 19
1462 14
1463 21
1464 20
1465 20
1466 20
1467 24
1468 19
1469 24
1470 18
1471 19
1472 18
1473 25
1474 19
1475 16
1476 24
1477 24
1478 19
1479 25
1480 27
1481 15
1482 15
1483 19
1484 25
1485 20
1486 28
1487 17
1488 27
1489 26
1490 13
1491 12
1492 27
1493 19
1494 25
1495 29
1496 14
1497 25
1498 23
1499 31
1500 27
1501 23
1502 15
1503 21
1504 22
1505 24
1506 29
1507 22
1508 24
1509 19
1510 23
1511 29
1512 23
1513 17
1514 18
1515 25
1516 24
1517 11
1518 19
1519 19
1520 23
1521 19
1522 21
1523 22
1524 19
1525 15
1526 23
1527 22
1528 21
1529 16
1530 18
1531 12
1532 18
1533 21
1534 21
1535 15
1536 18
1537 12
1538 25
1539 17
1540 25
1541 18
1542 24
1543 20
1544 13
1545 19
1546 22
1547 22
1548 24
1549 12
1550 24
1551 20
1552 31
1553 15
1554 25
1555 22
1556 28
1557 29
1558 12
1559 24
1560 17
1561 24
1562 16
1563 21
1564 29
1565 16
1566 26
1567 13
1568 24
1569 16
1570 23
1571 20
1572 23
1573 22
1574 16
1575 13
1576 20
1577 21
1578 22
1579 23
1580 20
1581 20
1582 17
1583 8
1584 18
1585 16
1586 25
1587 21
1588 19
1589 21
1590 18
1591 13
1592 19
1593 13
1594 18
1595 26
1596 18
1597 18
1598 16
1599 18
1600 29
1601 23
1602 19
1603 24
1604 23
1605 15
1606 14
1607 22
1608 17
1609 14
1610 16
1611 18
1612 25
1613 18
1614 10
1615 12
1616 16
1617 19
1618 17
1619 20
1620 16
1621 18
1622 17
1623 17
1624 15
1625 14
1626 21
1627 20
1628 18
1629 13
1630 14
1631 20
1632 13
1633 17
1634 16
1635 16
1636 22
1637 12
1638 15
1639 16
1640 15
1641 17
1642 15
1643 17
1644 16
1645 19
1646 21
1647 13
1648 16
1649 15
1650 22
1651 22
1652 23
1653 18
1654 14
1655 12
1656 17
1657 21
1658 21
1659 19
1660 19
1661 18
1662 21
1663 17
1664 24
1665 20
1666 16
1667 13
1668 18
1669 16
1670 21
1671 15
1672 19
1673 18
1674 19
1675 14
1676 16
1677 21
1678 19
1679 23
1680 12
1681 20
1682 19
1683 14
1684 18
1685 12
1686 18
1687 24
1688 18
1689 22
1690 18
1691 18
1692 18
1693 16
1694 18
1695 17
1696 17
1697 15
1698 26
1699 19
1700 17
1701 20
1702 16
1703 16
1704 21
1705 17
1706 17
1707 22
1708 27
1709 15
1710 14
1711 15
1712 15
1713 19
1714 22
1715 16
1716 10
1717 6
1718 21
1719 17
1720 21
1721 25
1722 21
1723 16
1724 10
1725 19
1726 19
1727 15
1728 23
1729 26
1730 18
1731 20
1732 13
1733 26
1734 15
1735 19
1736 24
1737 20
1738 23
1739 18
1740 12
1741 14
1742 10
1743 15
1744 19
1745 23
1746 10
1747 11
1748 18
1749 21
1750 10
1751 25
1752 16
1753 19
1754 18
1755 12
1756 14
1757 18
1758 17
1759 16
1760 18
1761 22
1762 24
1763 22
1764 18
1765 21
1766 13
1767 15
1768 21
1769 16
1770 25
1771 15
1772 15
1773 21
1774 19
1775 15
1776 22
1777 16
1778 17
1779 15
1780 11
1781 10
1782 15
1783 15
1784 25
1785 21
1786 21
1787 19
1788 17
1789 14
1790 20
1791 15
1792 23
1793 16
1794 19
1795 22
1796 21
1797 19
1798 18
1799 24
1800 16
1801 13
1802 20
1803 17
1804 16
1805 19
1806 19
1807 18
1808 20
1809 18
1810 18
1811 14
1812 14
1813 15
1814 19
1815 12
1816 27
1817 17
1818 24
1819 21
1820 16
1821 19
1822 15
1823 22
1824 14
1825 24
1826 18
1827 20
1828 20
1829 18
1830 22
1831 29
1832 22
1833 23
1834 27
1835 20
1836 20
1837 18
1838 18
1839 14
1840 22
1841 22
1842 22
1843 15
1844 16
1845 26
1846 17
1847 12
1848 13
1849 19
1850 14
1851 12
1852 15
1853 17
1854 16
1855 21
1856 16
1857 17
1858 24
1859 25
1860 17
1861 14
1862 25
1863 22
1864 22
1865 23
1866 18
1867 31
1868 15
1869 26
1870 28
1871 51
1872 27
1873 35
1874 56
1875 60
1876 89
1877 121
1878 156
1879 129
1880 106
1881 120
1882 124
1883 127
1884 149
1885 223
1886 172
1887 123
1888 100
1889 107
1890 92
1891 64
1892 78
1893 82
1894 100
1895 78
1896 49
1897 40
1898 40
1899 37
1900 27
1901 38
1902 30
1903 20
1904 19
1905 10
1906 23
1907 21
1908 19
1909 17
1910 16
1911 15
1912 25
1913 13
1914 10
1915 16
1916 21
1917 17
1918 14
1919 13
1920 17
1921 26
1922 16
1923 20
1924 26
1925 23
1926 16
1927 12
1928 13
1929 22
1930 24
1931 28
1932 14
1933 13
1934 21
1935 14
1936 18
1937 16
1938 20
1939 19
1940 18
1941 14
1942 22
1943 18
1944 23
1945 13
1946 15
1947 21
1948 18
1949 16
1950 16
1951 9
1952 16
1953 23
1954 14
1955 16
1956 9
1957 20
1958 18
1959 13
1960 9
1961 18
1962 6
1963 17
1964 14
1965 11
1966 25
1967 26
1968 20
1969 16
1970 22
1971 16
1972 17
1973 24
1974 23
1975 17
1976 18
1977 15
1978 16
1979 11
1980 13
1981 7
1982 14
1983 18
1984 16
1985 17
1986 12
1987 20
1988 17
1989 15
1990 17
1991 15
1992 14
1993 13
1994 14
1995 12
1996 13
1997 29
1998 16
1999 13
2000 23
2001 18
2002 9
2003 17
2004 20
2005 16
2006 12
2007 14
2008 16
2009 19
2010 25
2011 16
2012 22
2013 12
2014 15
2015 16
2016 20
2017 17
2018 14
2019 20
2020 15
2021 14
2022 11
2023 14
2024 18
2025 20
2026 20
2027 18
2028 18
2029 14
2030 14
2031 17
2032 15
2033 14
2034 16
2035 17
2036 15
2037 11
2038 13
2039 19
2040 20
2041 20
2042 19
2043 17
2044 23
2045 12
2046 12
2047 16
2048 21
2049 24
2050 19
2051 15
2052 14
2053 19
2054 19
2055 17
2056 17
2057 12
2058 21
2059 21
2060 15
2061 10
2062 16
2063 24
2064 15
2065 11
2066 11
2067 17
2068 16
2069 16
2070 18
2071 18
2072 20
2073 15
2074 18
2075 12
2076 19
2077 21
2078 15
2079 12
2080 14
2081 10
2082 14
2083 20
2084 13
2085 17
2086 15
2087 14
2088 17
2089 10
2090 18
2091 15
2092 21
2093 15
2094 15
2095 19
2096 12
2097 15
2098 24
2099 14
2100 17
2101 21
2102 9
2103 15
2104 12
2105 21
2106 19
2107 24
2108 20
2109 17
2110 16
2111 11
2112 19
2113 19
2114 21
2115 11
2116 14
2117 18
2118 20
2119 17
2120 25
2121 27
2122 43
2123 41
2124 46
2125 40
2126 35
2127 52
2128 52
2129 49
2130 63
2131 79
2132 92
2133 118
2134 127
2135 142
2136 147
2137 172
2138 240
2139 240
2140 296
2141 337
2142 348
2143 370
2144 388
2145 441
2146 461
2147 430
2148 380
2149 394
2150 472
2151 402
2152 329
2153 288
2154 203
2155 240
2156 246
2157 243
2158 193
2159 152
2160 136
2161 111
2162 119
2163 95
2164 88
2165 92
2166 61
2167 48
2168 33
2169 28
2170 19
2171 21
2172 17
2173 19
2174 18
2175 20
2176 20
2177 22
2178 10
2179 19
2180 12
2181 18
2182 15
2183 13
2184 17
2185 16
2186 11
2187 21
2188 14
2189 14
2190 11
2191 17
2192 14
2193 11
2194 20
2195 18
2196 14
2197 11
2198 15
2199 10
2200 12
2201 15
2202 8
2203 17
2204 22
2205 16
2206 14
2207 14
2208 19
2209 18
2210 10
2211 15
2212 21
2213 16
2214 14
2215 16
2216 18
2217 21
2218 11
2219 10
2220 13
2221 20
2222 13
2223 17
2224 11
2225 13
2226 21
2227 16
2228 9
2229 20
2230 12
2231 12
2232 9
2233 20
2234 20
2235 14
2236 14
2237 13
2238 20
2239 11
2240 17
2241 24
2242 7
2243 13
2244 23
2245 18
2246 18
2247 20
2248 9
2249 9
2250 10
2251 9
2252 13
2253 17
2254 17
2255 17
2256 15
2257 17
2258 10
2259 19
2260 20
2261 28
2262 13
2263 12
2264 12
2265 11
2266 15
2267 19
2268 21
2269 15
2270 28
2271 16
2272 13
2273 23
2274 14
2275 12
2276 7
2277 9
2278 18
2279 14
2280 12
2281 12
2282 15
2283 12
2284 18
2285 15
2286 12
2287 7
2288 12
2289 12
2290 15
2291 20
2292 13
2293 13
2294 14
2295 19
2296 17
2297 16
2298 16
2299 11
2300 11
2301 11
2302 11
2303 14
2304 14
2305 14
2306 14
2307 15
2308 11
2309 15
2310 10
2311 15
2312 12
2313 16
2314 11
2315 17
2316 16
2317 9
2318 16
2319 16
2320 19
2321 11
2322 11
2323 16
2324 13
2325 20
2326 20
2327 11
2328 24
2329 20
2330 11
2331 26
2332 23
2333 22
2334 18
2335 20
2336 26
2337 27
2338 34
2339 33
2340 33
2341 21
2342 34
2343 35
2344 45
2345 61
2346 51
2347 54
2348 72
2349 77
2350 75
2351 93
2352 103
2353 77
2354 78
2355 83
2356 87
2357 95
2358 112
2359 91
2360 85
2361 84
2362 94
2363 77
2364 72
2365 66
2366 42
2367 53
2368 47
2369 37
2370 27
2371 27
2372 16
2373 20
2374 24
2375 14
2376 19
2377 9
2378 16
2379 16
2380 10
2381 14
2382 8
2383 26
2384 18
2385 17
2386 16
2387 16
2388 10
2389 8
2390 14
2391 16
2392 13
2393 23
2394 15
2395 18
2396 13
2397 14
2398 14
2399 11
2400 12
2401 9
2402 11
2403 21
2404 16
2405 14
2406 11
2407 8
2408 15
2409 16
2410 9
2411 12
2412 11
2413 10
2414 19
2415 13
2416 14
2417 16
2418 18
2419 12
2420 11
2421 11
2422 12
2423 11
2424 19
2425 14
2426 15
2427 13
2428 12
2429 7
2430 11
2431 12
2432 9
2433 14
2434 7
2435 5
2436 15
2437 11
2438 12
2439 13
2440 16
2441 14
2442 16
2443 9
2444 9
2445 13
2446 12
2447 7
2448 3
2449 8
2450 14
2451 11
2452 15
2453 18
2454 14
2455 15
2456 6
2457 14
2458 14
2459 5
2460 11
2461 18
2462 15
2463 7
2464 11
2465 14
2466 10
2467 13
2468 14
2469 9
2470 8
2471 12
2472 10
2473 16
2474 11
2475 13
2476 8
2477 17
2478 11
2479 9
2480 16
2481 6
2482 10
2483 10
2484 4
2485 13
2486 9
2487 12
2488 6
2489 10
2490 9
2491 14
2492 17
2493 13
2494 23
2495 17
2496 10
2497 13
2498 12
2499 12
2500 12
2501 8
2502 14
2503 11
2504 17
2505 6
2506 16
2507 6
2508 21
2509 11
2510 8
2511 9
2512 15
2513 10
2514 6
2515 14
2516 15
2517 11
2518 13
2519 8
2520 9
2521 15
2522 20
2523 14
2524 10
2525 11
2526 11
2527 14
2528 9
2529 8
2530 15
2531 17
2532 14
2533 9
2534 11
2535 10
2536 8
2537 13
2538 15
2539 9
2540 14
2541 10
2542 15
2543 16
2544 7
2545 13
2546 8
2547 11
2548 6
2549 11
2550 9
2551 11
2552 8
2553 10
2554 13
2555 16
2556 17
2557 15
2558 9
2559 14
