0 29
1 19
2 23
3 24
4 24
5 29
6 19
7 27
8 26
9 16
10 32
11 26
12 22
13 18
14 22
15 23
16 21
17 30
18 32
19 21
20 27
21 27
22 32
23 22
24 20
25 22
26 29
27 29
28 34
29 35
30 30
31 21
32 32
33 20
34 27
35 34
36 34
37 27
38 18
39 26
40 23
41 28
42 25
43 36
44 29
45 22
46 17
47 32
48 34
49 24
50 29
51 26
52 22
53 22
54 27
55 31
56 21
57 14
58 27
59 36
60 20
61 29
62 28
63 23
64 34
65 24
66 32
67 32
68 17
69 21
70 27
71 33
72 38
73 33
74 23
75 29
76 27
77 36
78 27
79 32
80 19
81 29
82 21
83 28
84 28
85 26
86 19
87 27
88 26
89 18
90 28
91 21
92 24
93 23
94 35
95 24
96 28
97 22
98 26
99 22
100 31
101 28
102 22
103 30
104 25
105 33
106 16
107 29
108 27
109 29
110 17
111 24
112 28
113 31
114 39
115 33
116 17
117 28
118 27
119 31
120 28
121 31
122 33
123 23
124 34
125 24
126 30
127 34
128 26
129 42
130 33
131 32
132 25
133 34
134 26
135 29
136 31
137 37
138 37
139 30
140 22
141 31
142 31
143 18
144 26
145 26
146 28
147 34
148 36
149 29
150 28
151 31
152 27
153 29
154 18
155 32
156 39
157 37
158 30
159 21
160 36
161 34
162 25
163 33
164 37
165 27
166 27
167 29
168 23
169 32
170 25
171 23
172 31
173 24
174 30
175 32
176 33
177 25
178 28
179 48
180 31
181 27
182 28
183 28
184 33
185 31
186 22
187 25
188 36
189 20
190 36
191 22
192 23
193 30
194 30
195 30
196 33
197 23
198 32
199 24
200 25
201 26
202 29
203 28
204 38
205 37
206 30
207 28
208 26
209 22
210 26
211 22
212 21
213 38
214 39
215 23
216 25
217 39
218 25
219 31
220 26
221 32
222 29
223 30
224 27
225 29
226 38
227 26
228 28
229 16
230 26
231 22
232 34
233 28
234 27
235 33
236 28
237 28
238 27
239 23
240 35
241 36
242 17
243 33
244 32
245 33
246 25
247 34
248 30
249 24
250 32
251 36
252 40
253 37
254 29
255 31
256 29
257 38
258 23
259 30
260 27
261 33
262 33
263 26
264 33
265 34
266 36
267 39
268 35
269 23
270 32
271 34
272 32
273 39
274 30
275 19
276 29
277 29
278 28
279 36
280 25
281 27
282 37
283 25
284 32
285 24
286 29
287 23
288 26
289 39
290 31
291 26
292 39
293 33
294 35
295 31
296 29
297 31
298 25
299 27
300 38
301 43
302 35
303 39
304 28
305 36
306 27
307 46
308 29
309 40
310 22
311 35
312 36
313 26
314 31
315 27
316 31
317 34
318 33
319 28
320 36
321 34
322 39
323 35
324 29
325 34
326 35
327 26
328 37
329 29
330 33
331 30
332 35
333 41
334 30
335 34
336 31
337 40
338 35
339 27
340 27
341 34
342 24
343 34
344 36
345 36
346 33
347 34
348 34
349 29
350 37
351 38
352 33
353 26
354 38
355 30
356 35
357 40
358 41
359 44
360 35
361 27
362 36
363 32
364 27
365 30
366 33
367 26
368 29
369 27
370 33
371 28
372 27
373 35
374 32
375 23
376 31
377 37
378 31
379 26
380 23
381 35
382 32
383 24
384 32
385 24
386 22
387 34
388 27
389 30
390 44
391 39
392 35
393 38
394 35
395 35
396 29
397 39
398 36
399 37
400 33
401 42
402 55
403 37
404 21
405 37
406 37
407 30
408 33
409 30
410 29
411 34
412 41
413 36
414 32
415 27
416 41
417 28
418 38
419 26
420 25
421 42
422 32
423 47
424 39
425 50
426 36
427 32
428 26
429 31
430 40
431 31
432 34
433 36
434 32
435 37
436 31
437 31
438 42
439 24
440 32
441 31
442 30
443 43
444 32
445 38
446 37
447 23
448 29
449 45
450 33
451 31
452 41
453 41
454 37
455 36
456 36
457 30
458 41
459 34
460 34
461 29
462 31
463 37
464 41
465 35
466 37
467 40
468 35
469 30
470 35
471 44
472 31
473 36
474 34
475 33
476 43
477 31
478 25
479 28
480 34
481 47
482 39
483 38
484 51
485 34
486 32
487 27
488 29
489 30
490 37
491 37
492 31
493 44
494 31
495 38
496 35
497 31
498 40
499 31
500 37
501 41
502 33
503 36
504 33
505 29
506 32
507 39
508 39
509 29
510 35
511 34
512 31
513 40
514 36
515 34
516 30
517 30
518 32
519 36
520 28
521 27
522 32
523 40
524 33
525 30
526 44
527 22
528 45
529 39
530 42
531 43
532 52
533 38
534 42
535 39
536 38
537 30
538 42
539 26
540 37
541 31
542 39
543 55
544 38
545 41
546 33
547 39
548 31
549 32
550 26
551 22
552 29
553 37
554 24
555 36
556 46
557 29
558 44
559 32
560 34
561 36
562 24
563 32
564 37
565 34
566 31
567 33
568 39
569 45
570 39
571 36
572 37
573 47
574 29
575 29
576 32
577 38
578 38
579 33
580 42
581 24
582 39
583 36
584 23
585 26
586 49
587 49
588 36
589 29
590 37
591 37
592 45
593 37
594 33
595 40
596 55
597 41
598 46
599 40
600 37
601 44
602 46
603 44
604 31
605 43
606 52
607 36
608 50
609 52
610 56
611 71
612 66
613 61
614 68
615 106
616 83
617 73
618 85
619 81
620 81
621 82
622 104
623 95
624 83
625 101
626 77
627 107
628 84
629 76
630 85
631 82
632 76
633 57
634 60
635 32
636 33
637 31
638 26
639 34
640 47
641 32
642 38
643 21
644 35
645 29
646 32
647 32
648 33
649 33
650 40
651 33
652 28
653 38
654 39
655 26
656 34
657 43
658 47
659 32
660 44
661 46
662 40
663 37
664 32
665 31
666 35
667 37
668 29
669 36
670 42
671 37
672 21
673 40
674 36
675 48
676 34
677 37
678 31
679 40
680 32
681 55
682 33
683 27
684 22
685 29
686 31
687 34
688 38
689 36
690 29
691 27
692 31
693 39
694 30
695 32
696 35
697 34
698 30
699 32
700 24
701 35
702 38
703 38
704 37
705 37
706 27
707 29
708 25
709 36
710 26
711 48
712 47
713 36
714 38
715 28
716 22
717 31
718 43
719 42
720 31
721 38
722 37
723 35
724 34
725 30
726 29
727 29
728 25
729 32
730 31
731 36
732 22
733 38
734 27
735 40
736 28
737 40
738 38
739 28
740 32
741 30
742 42
743 32
744 41
745 28
746 35
747 28
748 39
749 40
750 24
751 20
752 38
753 43
754 48
755 35
756 34
757 36
758 35
759 22
760 29
761 35
762 24
763 34
764 37
765 33
766 33
767 28
768 31
769 29
770 41
771 33
772 37
773 38
774 32
775 32
776 31
777 26
778 30
779 42
780 38
781 44
782 34
783 34
784 33
785 43
786 22
787 34
788 37
789 33
790 30
791 27
792 28
793 43
794 29
795 38
796 30
797 31
798 38
799 31
800 38
801 30
802 23
803 30
804 26
805 31
806 26
807 41
808 34
809 28
810 35
811 39
812 37
813 48
814 30
815 34
816 31
817 27
818 37
819 39
820 39
821 25
822 31
823 32
824 36
825 31
826 34
827 37
828 28
829 36
830 41
831 28
832 35
833 27
834 40
835 19
836 30
837 35
838 34
839 34
840 16
841 30
842 30
843 36
844 38
845 37
846 37
847 30
848 36
849 43
850 30
851 35
852 30
853 31
854 41
855 28
856 34
857 36
858 33
859 37
860 22
861 32
862 37
863 31
864 30
865 43
866 29
867 34
868 29
869 33
870 37
871 40
872 33
873 37
874 35
875 41
876 29
877 33
878 34
879 28
880 24
881 32
882 41
883 29
884 34
885 33
886 33
887 40
888 38
889 37
890 31
891 34
892 42
893 36
894 30
895 31
896 28
897 39
898 31
899 37
900 34
901 28
902 24
903 26
904 35
905 30
906 33
907 28
908 32
909 41
910 27
911 29
912 34
913 27
914 39
915 30
916 22
917 37
918 44
919 27
920 27
921 30
922 34
923 42
924 31
925 28
926 24
927 33
928 37
929 29
930 27
931 31
932 35
933 32
934 36
935 23
936 31
937 30
938 39
939 32
940 45
941 29
942 29
943 36
944 33
945 29
946 27
947 29
948 35
949 38
950 33
951 29
952 29
953 29
954 34
955 28
956 35
957 22
958 21
959 44
960 28
961 33
962 36
963 31
964 35
965 33
966 29
967 23
968 31
969 41
970 39
971 44
972 34
973 45
974 42
975 32
976 26
977 29
978 20
979 33
980 38
981 24
982 29
983 30
984 26
985 27
986 26
987 34
988 27
989 26
990 26
991 37
992 24
993 36
994 23
995 27
996 39
997 36
998 27
999 27
1000 36
1001 36
1002 26
1003 27
1004 33
1005 27
1006 17
1007 29
1008 33
1009 33
1010 39
1011 39
1012 30
1013 30
1014 31
1015 29
1016 29
1017 27
1018 34
1019 30
1020 16
1021 38
1022 28
1023 42
1024 32
1025 39
1026 29
1027 26
1028 22
1029 28
1030 30
1031 33
1032 43
1033 29
1034 27
1035 36
1036 34
1037 30
1038 38
1039 28
1040 35
1041 34
1042 26
1043 29
1044 30
1045 33
1046 32
1047 22
1048 27
1049 34
1050 32
1051 23
1052 28
1053 28
1054 28
1055 39
1056 23
1057 29
1058 32
1059 47
1060 38
1061 30
1062 21
1063 19
1064 34
1065 32
1066 28
1067 32
1068 40
1069 35
1070 37
1071 36
1072 28
1073 28
1074 23
1075 33
1076 22
1077 31
1078 39
1079 25
1080 27
1081 28
1082 23
1083 35
1084 26
1085 28
1086 23
1087 15
1088 38
1089 45
1090 32
1091 27
1092 35
1093 43
1094 32
1095 39
1096 32
1097 34
1098 44
1099 24
1100 40
1101 37
1102 34
1103 22
1104 31
1105 43
1106 28
1107 30
1108 34
1109 40
1110 43
1111 24
1112 23
1113 34
1114 28
1115 34
1116 31
1117 39
1118 33
1119 34
1120 37
1121 34
1122 27
1123 29
1124 31
1125 40
1126 33
1127 30
1128 33
1129 31
1130 45
1131 17
1132 35
1133 31
1134 31
1135 33
1136 25
1137 34
1138 41
1139 52
1140 43
1141 47
1142 50
1143 49
1144 66
1145 75
1146 90
1147 92
1148 127
1149 141
1150 142
1151 144
1152 234
1153 260
1154 255
1155 279
1156 265
1157 356
1158 395
1159 433
1160 442
1161 455
1162 431
1163 450
1164 475
1165 510
1166 527
1167 401
1168 387
1169 317
1170 244
1171 206
1172 126
1173 92
1174 50
1175 50
1176 42
1177 50
1178 44
1179 40
1180 37
1181 35
1182 35
1183 28
1184 48
1185 36
1186 33
1187 35
1188 28
1189 33
1190 35
1191 32
1192 30
1193 23
1194 20
1195 25
1196 31
1197 39
1198 28
1199 37
1200 36
1201 36
1202 33
1203 27
1204 32
1205 28
1206 28
1207 23
1208 30
1209 33
1210 24
1211 39
1212 34
1213 28
1214 28
1215 32
1216 30
1217 24
1218 24
1219 39
1220 40
1221 33
1222 28
1223 32
1224 24
1225 24
1226 24
1227 28
1228 39
1229 28
1230 29
1231 33
1232 33
1233 29
1234 25
1235 35
1236 30
1237 37
1238 37
1239 28
1240 27
1241 33
1242 27
1243 29
1244 29
1245 35
1246 33
1247 29
1248 29
1249 39
1250 17
1251 27
1252 20
1253 30
1254 30
1255 22
1256 39
1257 31
1258 26
1259 35
1260 32
1261 30
1262 17
1263 19
1264 27
1265 24
1266 26
1267 27
1268 21
1269 23
1270 18
1271 20
1272 22
1273 22
1274 18
1275 14
1276 24
1277 19
1278 12
1279 6
1280 35
1281 26
1282 26
1283 16
1284 22
1285 21
1286 23
1287 21
1288 19
1289 20
1290 24
1291 22
1292 33
1293 28
1294 23
1295 33
1296 27
1297 24
1298 22
1299 17
1300 21
1301 21
1302 24
1303 26
1304 25
1305 21
1306 13
1307 21
1308 24
1309 21
1310 18
1311 17
1312 13
1313 27
1314 18
1315 28
1316 15
1317 18
1318 27
1319 30
1320 22
1321 21
1322 28
1323 22
1324 31
1325 20
1326 22
1327 19
1328 15
1329 18
1330 29
1331 26
1332 22
1333 14
1334 31
1335 21
1336 32
1337 20
1338 26
1339 24
1340 23
1341 21
1342 22
1343 15
1344 18
1345 21
1346 15
1347 23
1348 23
1349 22
1350 25
1351 17
1352 20
1353 26
1354 19
1355 11
1356 16
1357 18
1358 15
1359 11
1360 18
1361 29
1362 19
1363 31
1364 16
1365 20
1366 15
1367 24
1368 23
1369 23
1370 27
1371 33
1372 28
1373 37
1374 26
1375 33
1376 43
1377 33
1378 32
1379 47
1380 45
1381 39
1382 38
1383 41
1384 43
1385 39
1386 31
1387 23
1388 28
1389 27
1390 37
1391 30
1392 23
1393 19
1394 23
1395 27
1396 25
1397 25
1398 26
1399 19
1400 14
1401 21
1402 15
1403 16
1404 27
1405 19
1406 26
1407 31
1408 19
1409 26
1410 19
1411 17
1412 27
1413 18
1414 21
1415 23
1416 20
1417 18
1418 18
1419 18
1420 24
1421 18
1422 19
1423 24
1424 10
1425 17
1426 27
1427 23
1428 31
1429 15
1430 21
1431 22
1432 25
1433 23
1434 16
1435 15
1436 19
1437 18
1438 23
1439 21
1440 22
1441 28
1442 17
1443 27
1444 22
1445 27
1446 26
1447 28
1448 32
1449 29
1450 20
1451 27
1452 30
1453 37
1454 50
1455 50
1456 53
1457 71
1458 75
1459 109
1460 137
1461 165
1462 167
1463 246
1464 350
1465 327
1466 269
1467 261
1468 214
1469 195
1470 163
1471 171
1472 185
1473 149
1474 119
1475 101
1476 84
1477 74
1478 60
1479 54
1480 54
1481 47
1482 36
1483 29
1484 30
1485 22
1486 24
1487 24
1488 18
1489 23
1490 20
1491 23
1492 16
1493 18
1494 22
1495 32
1496 22
1497 24
1498 18
1499 16
1500 15
1501 17
1502 21
1503 19
1504 20
1505 17
1506 23
1507 21
1508 26
1509 22
1510 22
1511 20
1512 22
1513 22
1514 13
1515 24
1516 25
1517 17
1518 15
1519 29
1520 23
1521 17
1522 18
1523 17
1524 22
1525 14
1526 20
1527 12
1528 24
1529 21
1530 18
1531 15
1532 13
1533 20
1534 18
1535 16
1536 23
1537 14
1538 19
1539 24
1540 20
1541 19
1542 17
1543 26
1544 21
1545 16
1546 21
1547 22
1548 26
1549 24
1550 17
1551 19
1552 13
1553 17
1554 22
1555 20
1556 25
1557 20
1558 14
1559 13
1560 13
1561 13
1562 18
1563 22
1564 23
1565 20
1566 20
1567 26
1568 16
1569 23
1570 11
1571 23
1572 10
1573 33
1574 18
1575 14
1576 13
1577 25
1578 20
1579 23
1580 18
1581 24
1582 22
1583 23
1584 20
1585 23
1586 15
1587 21
1588 18
1589 15
1590 15
1591 22
1592 24
1593 18
1594 20
1595 18
1596 10
1597 18
1598 26
1599 14
1600 17
1601 20
1602 19
1603 23
1604 18
1605 20
1606 22
1607 24
1608 12
1609 21
1610 22
1611 20
1612 25
1613 23
1614 25
1615 17
1616 18
1617 24
1618 16
1619 20
1620 20
1621 19
1622 16
1623 16
1624 17
1625 22
1626 15
1627 17
1628 12
1629 16
1630 19
1631 13
1632 18
1633 30
1634 18
1635 12
1636 24
1637 18
1638 16
1639 19
1640 17
1641 20
1642 12
1643 17
1644 16
1645 11
1646 22
1647 18
1648 23
1649 22
1650 15
1651 16
1652 16
1653 12
1654 14
1655 14
1656 18
1657 18
1658 23
1659 12
1660 15
1661 23
1662 17
1663 17
1664 21
1665 26
1666 18
1667 19
1668 23
1669 20
1670 14
1671 14
1672 20
1673 16
1674 22
1675 15
1676 17
1677 13
1678 15
1679 8
1680 18
1681 14
1682 26
1683 14
1684 16
1685 21
1686 15
1687 18
1688 25
1689 24
1690 14
1691 19
1692 17
1693 16
1694 20
1695 14
1696 19
1697 14
1698 15
1699 13
1700 26
1701 22
1702 20
1703 16
1704 20
1705 14
1706 15
1707 22
1708 16
1709 11
1710 24
1711 25
1712 17
1713 23
1714 21
1715 17
1716 17
1717 15
1718 15
1719 24
1720 13
1721 20
1722 19
1723 20
1724 24
1725 14
1726 11
1727 17
1728 12
1729 15
1730 18
1731 13
1732 18
1733 17
1734 14
1735 9
1736 13
1737 10
1738 13
1739 15
1740 15
1741 20
1742 15
1743 31
1744 10
1745 11
1746 17
1747 17
1748 14
1749 14
1750 21
1751 18
1752 29
1753 12
1754 14
1755 22
1756 15
1757 18
1758 18
1759 13
1760 19
1761 16
1762 15
1763 18
1764 19
1765 17
1766 22
1767 16
1768 16
1769 17
1770 13
1771 19
1772 16
1773 22
1774 19
1775 17
1776 16
1777 17
1778 16
1779 19
1780 15
1781 14
1782 20
1783 15
1784 19
1785 11
1786 18
1787 23
1788 13
1789 19
1790 18
1791 13
1792 17
1793 15
1794 19
1795 16
1796 23
1797 10
1798 20
1799 21
1800 15
1801 16
1802 25
1803 14
1804 13
1805 12
1806 16
1807 14
1808 19
1809 13
1810 14
1811 10
1812 14
1813 18
1814 15
1815 13
1816 18
1817 24
1818 23
1819 18
1820 12
1821 19
1822 13
1823 22
1824 19
1825 21
1826 17
1827 10
1828 17
1829 14
1830 17
1831 16
1832 15
1833 15
1834 11
1835 19
1836 9
1837 11
1838 7
1839 16
1840 16
1841 13
1842 16
1843 10
1844 18
1845 13
1846 14
1847 15
1848 15
1849 14
1850 21
1851 20
1852 15
1853 12
1854 14
1855 20
1856 14
1857 21
1858 21
1859 18
1860 16
1861 20
1862 23
1863 13
1864 14
1865 12
1866 9
1867 17
1868 14
1869 12
1870 18
1871 16
1872 20
1873 15
1874 12
1875 11
1876 18
1877 14
1878 26
1879 14
1880 14
1881 16
1882 18
1883 12
1884 17
1885 21
1886 9
1887 19
1888 19
1889 23
1890 14
1891 21
1892 23
1893 20
1894 23
1895 18
1896 25
1897 25
1898 19
1899 23
1900 20
1901 19
1902 12
1903 23
1904 18
1905 12
1906 12
1907 15
1908 6
1909 14
1910 14
1911 16
1912 16
1913 15
1914 9
1915 16
1916 11
1917 23
1918 20
1919 18
1920 18
1921 10
1922 21
1923 20
1924 15
1925 18
1926 25
1927 13
1928 18
1929 20
1930 26
1931 22
1932 20
1933 30
1934 30
1935 23
1936 30
1937 29
1938 47
1939 35
1940 39
1941 79
1942 110
1943 122
1944 149
1945 129
1946 103
1947 119
1948 131
1949 122
1950 110
1951 93
1952 121
1953 219
1954 283
1955 215
1956 148
1957 126
1958 115
1959 118
1960 100
1961 63
1962 60
1963 41
1964 43
1965 43
1966 35
1967 19
1968 24
1969 26
1970 26
1971 14
1972 13
1973 22
1974 21
1975 11
1976 18
1977 15
1978 17
1979 15
1980 14
1981 11
1982 16
1983 13
1984 21
1985 18
1986 28
1987 18
1988 13
1989 16
1990 14
1991 18
1992 10
1993 16
1994 13
1995 14
1996 16
1997 19
1998 22
1999 15
2000 18
2001 14
2002 11
2003 17
2004 12
2005 10
2006 10
2007 12
2008 15
2009 14
2010 10
2011 12
2012 11
2013 17
2014 23
2015 17
2016 20
2017 17
2018 19
2019 16
2020 10
2021 21
2022 13
2023 13
2024 14
2025 9
2026 9
2027 16
2028 14
2029 15
2030 16
2031 14
2032 8
2033 16
2034 20
2035 13
2036 9
2037 12
2038 10
2039 7
2040 17
2041 16
2042 16
2043 11
2044 14
2045 16
2046 15
2047 8
2048 16
2049 18
2050 15
2051 10
2052 25
2053 16
2054 15
2055 10
2056 11
2057 11
2058 11
2059 10
2060 10
2061 10
2062 9
2063 17
2064 16
2065 8
2066 14
2067 18
2068 20
2069 17
2070 21
2071 21
2072 15
2073 10
2074 13
2075 10
2076 14
2077 18
2078 13
2079 12
2080 11
2081 15
2082 9
2083 18
2084 14
2085 11
2086 15
2087 14
2088 13
2089 9
2090 20
2091 16
2092 16
2093 14
2094 20
2095 12
2096 13
2097 16
2098 14
2099 12
2100 14
2101 21
2102 15
2103 15
2104 16
2105 14
2106 22
2107 18
2108 17
2109 18
2110 16
2111 12
2112 16
2113 16
2114 16
2115 17
2116 15
2117 15
2118 20
2119 12
2120 12
2121 14
2122 16
2123 15
2124 7
2125 15
2126 14
2127 20
2128 19
2129 13
2130 11
2131 19
2132 12
2133 14
2134 15
2135 24
2136 15
2137 20
2138 13
2139 8
2140 19
2141 20
2142 18
2143 19
2144 16
2145 12
2146 12
2147 7
2148 8
2149 13
2150 21
2151 21
2152 16
2153 20
2154 10
2155 9
2156 12
2157 20
2158 18
2159 11
2160 4
2161 21
2162 22
2163 24
2164 13
2165 21
2166 19
2167 23
2168 12
2169 12
2170 12
2171 11
2172 15
2173 18
2174 7
2175 17
2176 16
2177 14
2178 12
2179 13
2180 17
2181 18
2182 29
2183 9
2184 16
2185 14
2186 25
2187 21
2188 17
2189 28
2190 20
2191 17
2192 18
2193 27
2194 31
2195 31
2196 30
2197 38
2198 60
2199 61
2200 51
2201 80
2202 59
2203 71
2204 99
2205 118
2206 178
2207 174
2208 233
2209 275
2210 343
2211 401
2212 324
2213 370
2214 381
2215 499
2216 471
2217 490
2218 494
2219 374
2220 400
2221 411
2222 448
2223 403
2224 284
2225 264
2226 219
2227 255
2228 218
2229 166
2230 165
2231 158
2232 100
2233 89
2234 58
2235 38
2236 36
2237 24
2238 21
2239 26
2240 35
2241 18
2242 25
2243 21
2244 22
2245 19
2246 25
2247 17
2248 21
2249 14
2250 15
2251 22
2252 23
2253 15
2254 12
2255 13
2256 18
2257 17
2258 15
2259 14
2260 13
2261 16
2262 14
2263 19
2264 10
2265 12
2266 9
2267 12
2268 18
2269 12
2270 14
2271 8
2272 16
2273 8
2274 10
2275 15
2276 15
2277 19
2278 18
2279 13
2280 16
2281 13
2282 10
2283 19
2284 12
2285 19
2286 11
2287 7
2288 19
2289 12
2290 7
2291 13
2292 10
2293 13
2294 11
2295 15
2296 11
2297 14
2298 11
2299 15
2300 17
2301 15
2302 14
2303 15
2304 10
2305 18
2306 7
2307 16
2308 22
2309 20
2310 12
2311 13
2312 10
2313 14
2314 14
2315 13
2316 16
2317 9
2318 9
2319 14
2320 18
2321 11
2322 14
2323 11
2324 14
2325 10
2326 19
2327 20
2328 19
2329 8
2330 12
2331 11
2332 14
2333 14
2334 17
2335 14
2336 16
2337 18
2338 14
2339 13
2340 17
2341 21
2342 17
2343 22
2344 14
2345 16
2346 14
2347 13
2348 22
2349 18
2350 14
2351 11
2352 15
2353 23
2354 14
2355 12
2356 12
2357 19
2358 16
2359 20
2360 15
2361 13
2362 16
2363 9
2364 12
2365 16
2366 16
2367 17
2368 9
2369 15
2370 10
2371 17
2372 12
2373 14
2374 10
2375 11
2376 12
2377 15
2378 13
2379 11
2380 13
2381 11
2382 9
2383 10
2384 10
2385 11
2386 22
2387 9
2388 10
2389 13
2390 18
2391 13
2392 15
2393 18
2394 9
2395 15
2396 20
2397 12
2398 16
2399 11
2400 10
2401 16
2402 20
2403 12
2404 12
2405 20
2406 25
2407 12
2408 11
2409 26
2410 24
2411 34
2412 18
2413 30
2414 31
2415 30
2416 38
2417 47
2418 60
2419 60
2420 59
2421 64
2422 73
2423 61
2424 69
2425 55
2426 74
2427 85
2428 118
2429 116
2430 119
2431 95
2432 79
2433 63
2434 43
2435 41
2436 39
2437 43
2438 51
2439 60
2440 74
2441 51
2442 32
2443 23
2444 31
2445 24
2446 29
2447 26
2448 19
2449 28
2450 23
2451 19
2452 15
2453 15
2454 14
2455 18
2456 7
2457 14
2458 15
2459 11
2460 13
2461 8
2462 13
2463 13
2464 9
2465 10
2466 10
2467 20
2468 19
2469 11
2470 12
2471 12
2472 17
2473 12
2474 12
2475 12
2476 15
2477 10
2478 16
2479 8
2480 7
2481 8
2482 12
2483 10
2484 8
2485 8
2486 11
2487 12
2488 8
2489 14
2490 12
2491 19
2492 14
2493 17
2494 15
2495 14
2496 13
2497 17
2498 9
2499 13
2500 15
2501 14
2502 13
2503 15
2504 18
2505 15
2506 14
2507 13
2508 11
2509 11
2510 8
2511 22
2512 16
2513 13
2514 10
2515 12
2516 10
2517 7
2518 12
2519 16
2520 19
2521 12
2522 16
2523 6
2524 12
2525 10
2526 12
2527 16
2528 13
2529 11
2530 19
2531 11
2532 9
2533 8
2534 10
2535 9
2536 15
2537 12
2538 16
2539 10
2540 18
2541 13
2542 22
2543 15
2544 10
2545 17
2546 9
2547 11
2548 9
2549 5
2550 13
2551 10
2552 15
2553 14
2554 7
2555 11
2556 8
2557 8
2558 9
2559 13
