0 41
1 31
2 24
3 24
4 31
5 30
6 26
7 26
8 23
9 22
10 31
11 28
12 22
13 26
14 36
15 22
16 32
17 18
18 30
19 25
20 31
21 25
22 31
23 32
24 25
25 36
26 29
27 37
28 30
29 29
30 22
31 20
32 31
33 21
34 26
35 32
36 29
37 23
38 27
39 20
40 23
41 32
42 26
43 24
44 25
45 25
46 32
47 25
48 29
49 30
50 32
51 27
52 25
53 27
54 30
55 26
56 32
57 23
58 30
59 30
60 24
61 38
62 29
63 30
64 26
65 35
66 24
67 22
68 26
69 27
70 24
71 34
72 31
73 31
74 19
75 38
76 34
77 37
78 29
79 25
80 30
81 26
82 23
83 35
84 29
85 30
86 19
87 22
88 34
89 37
90 35
91 37
92 33
93 31
94 21
95 34
96 36
97 26
98 33
99 25
100 27
101 15
102 40
103 29
104 26
105 29
106 38
107 40
108 41
109 41
110 32
111 29
112 30
113 23
114 20
115 33
116 32
117 25
118 39
119 28
120 29
121 31
122 35
123 22
124 42
125 32
126 35
127 33
128 44
129 29
130 30
131 45
132 32
133 28
134 42
135 32
136 32
137 42
138 20
139 31
140 26
141 37
142 29
143 42
144 38
145 34
146 29
147 30
148 31
149 27
150 34
151 28
152 31
153 27
154 32
155 33
156 28
157 37
158 33
159 35
160 39
161 37
162 39
163 34
164 36
165 38
166 36
167 36
168 33
169 28
170 32
171 36
172 24
173 31
174 25
175 20
176 24
177 32
178 39
179 26
180 26
181 38
182 37
183 42
184 17
185 40
186 28
187 30
188 29
189 33
190 26
191 22
192 34
193 25
194 27
195 32
196 28
197 27
198 35
199 17
200 36
201 30
202 30
203 36
204 31
205 27
206 35
207 33
208 30
209 34
210 34
211 34
212 43
213 35
214 34
215 24
216 22
217 35
218 24
219 26
220 34
221 21
222 29
223 36
224 27
225 22
226 29
227 30
228 27
229 28
230 38
231 36
232 22
233 19
234 33
235 26
236 33
237 25
238 34
239 40
240 28
241 38
242 26
243 31
244 33
245 38
246 28
247 35
248 34
249 41
250 37
251 42
252 28
253 35
254 25
255 28
256 30
257 28
258 35
259 34
260 38
261 27
262 25
263 26
264 33
265 31
266 32
267 36
268 42
269 30
270 33
271 32
272 37
273 51
274 33
275 29
276 26
277 35
278 42
279 31
280 34
281 33
282 42
283 40
284 45
285 23
286 44
287 30
288 25
289 25
290 41
291 39
292 26
293 30
294 43
295 32
296 38
297 32
298 35
299 28
300 25
301 40
302 23
303 20
304 32
305 34
306 27
307 17
308 29
309 27
310 27
311 26
312 39
313 25
314 41
315 36
316 28
317 24
318 33
319 33
320 29
321 33
322 36
323 32
324 29
325 24
326 33
327 34
328 32
329 39
330 32
331 33
332 26
333 32
334 18
335 34
336 43
337 47
338 33
339 31
340 29
341 29
342 30
343 43
344 41
345 32
346 25
347 39
348 31
349 26
350 33
351 29
352 30
353 35
354 39
355 33
356 32
357 35
358 40
359 37
360 39
361 33
362 29
363 32
364 37
365 31
366 36
367 34
368 35
369 27
370 30
371 22
372 36
373 30
374 37
375 44
376 30
377 28
378 33
379 40
380 30
381 29
382 32
383 44
384 38
385 41
386 36
387 33
388 37
389 33
390 42
391 30
392 44
393 37
394 34
395 28
396 40
397 38
398 43
399 36
400 38
401 39
402 36
403 34
404 35
405 44
406 45
407 33
408 43
409 36
410 31
411 38
412 40
413 44
414 36
415 44
416 43
417 29
418 31
419 37
420 42
421 28
422 35
423 40
424 32
425 28
426 49
427 28
428 34
429 30
430 32
431 32
432 39
433 36
434 33
435 33
436 42
437 55
438 30
439 35
440 36
441 29
442 33
443 35
444 39
445 37
446 25
447 41
448 37
449 44
450 29
451 42
452 38
453 33
454 45
455 44
456 28
457 29
458 29
459 31
460 40
461 28
462 43
463 49
464 35
465 29
466 29
467 31
468 30
469 38
470 46
471 34
472 27
473 31
474 35
475 35
476 39
477 30
478 33
479 39
480 39
481 44
482 27
483 38
484 30
485 25
486 33
487 30
488 41
489 39
490 33
491 36
492 31
493 31
494 34
495 39
496 37
497 41
498 35
499 22
500 40
501 37
502 39
503 37
504 45
505 38
506 43
507 41
508 39
509 38
510 30
511 40
512 41
513 20
514 31
515 32
516 45
517 44
518 44
519 39
520 41
521 36
522 32
523 42
524 49
525 35
526 29
527 36
528 41
529 31
530 33
531 43
532 35
533 28
534 39
535 33
536 41
537 34
538 37
539 45
540 33
541 44
542 36
543 38
544 35
545 35
546 29
547 36
548 26
549 35
550 37
551 44
552 32
553 37
554 24
555 33
556 36
557 36
558 47
559 42
560 40
561 50
562 35
563 29
564 36
565 33
566 36
567 38
568 42
569 31
570 40
571 32
572 36
573 37
574 56
575 42
576 54
577 69
578 70
579 58
580 79
581 100
582 107
583 92
584 98
585 84
586 75
587 81
588 98
589 110
590 103
591 92
592 84
593 83
594 104
595 102
596 106
597 106
598 135
599 131
600 136
601 104
602 98
603 76
604 84
605 53
606 36
607 47
608 63
609 24
610 41
611 39
612 38
613 37
614 44
615 39
616 42
617 29
618 38
619 31
620 21
621 26
622 41
623 34
624 32
625 41
626 39
627 44
628 40
629 43
630 33
631 31
632 28
633 27
634 36
635 20
636 46
637 35
638 26
639 30
640 43
641 26
642 30
643 42
644 43
645 41
646 33
647 40
648 31
649 42
650 41
651 41
652 30
653 52
654 42
655 38
656 20
657 34
658 38
659 35
660 39
661 35
662 33
663 36
664 49
665 52
666 35
667 44
668 35
669 34
670 40
671 48
672 45
673 47
674 44
675 37
676 43
677 31
678 46
679 43
680 41
681 30
682 28
683 40
684 39
685 41
686 37
687 33
688 46
689 49
690 45
691 25
692 33
693 41
694 44
695 45
696 31
697 39
698 33
699 31
700 44
701 36
702 38
703 42
704 36
705 35
706 29
707 42
708 30
709 37
710 37
711 39
712 46
713 36
714 45
715 44
716 39
717 28
718 40
719 33
720 25
721 33
722 39
723 32
724 44
725 28
726 34
727 35
728 40
729 33
730 39
731 49
732 42
733 29
734 37
735 36
736 44
737 39
738 30
739 42
740 41
741 25
742 34
743 31
744 46
745 37
746 31
747 39
748 44
749 45
750 36
751 43
752 37
753 48
754 31
755 35
756 35
757 32
758 37
759 29
760 33
761 38
762 26
763 44
764 34
765 35
766 31
767 48
768 43
769 21
770 32
771 36
772 34
773 33
774 32
775 38
776 40
777 36
778 38
779 39
780 38
781 48
782 34
783 43
784 46
785 39
786 30
787 34
788 40
789 33
790 34
791 39
792 35
793 28
794 32
795 33
796 40
797 21
798 38
799 36
800 21
801 27
802 32
803 48
804 32
805 34
806 29
807 30
808 49
809 38
810 36
811 30
812 42
813 45
814 24
815 41
816 32
817 29
818 37
819 33
820 27
821 28
822 37
823 33
824 41
825 34
826 28
827 45
828 29
829 34
830 35
831 36
832 32
833 35
834 39
835 23
836 29
837 33
838 34
839 44
840 41
841 38
842 41
843 26
844 39
845 37
846 34
847 42
848 34
849 35
850 34
851 33
852 30
853 34
854 37
855 43
856 32
857 29
858 17
859 32
860 27
861 28
862 33
863 39
864 34
865 27
866 28
867 41
868 25
869 33
870 32
871 28
872 34
873 38
874 33
875 32
876 25
877 32
878 35
879 34
880 33
881 33
882 26
883 32
884 28
885 31
886 35
887 37
888 39
889 31
890 36
891 18
892 36
893 34
894 15
895 29
896 40
897 35
898 41
899 35
900 32
901 30
902 37
903 36
904 30
905 35
906 44
907 32
908 35
909 33
910 37
911 26
912 36
913 32
914 24
915 35
916 40
917 33
918 38
919 40
920 32
921 45
922 27
923 39
924 32
925 39
926 27
927 29
928 32
929 39
930 22
931 30
932 38
933 33
934 37
935 41
936 45
937 49
938 31
939 36
940 38
941 38
942 36
943 41
944 37
945 34
946 34
947 35
948 38
949 32
950 43
951 20
952 29
953 39
954 29
955 32
956 18
957 32
958 30
959 26
960 32
961 33
962 26
963 28
964 30
965 34
966 43
967 37
968 25
969 26
970 26
971 31
972 34
973 32
974 40
975 28
976 26
977 25
978 27
979 29
980 27
981 27
982 27
983 39
984 24
985 37
986 33
987 41
988 49
989 21
990 30
991 35
992 50
993 36
994 26
995 22
996 25
997 37
998 43
999 27
1000 27
1001 26
1002 31
1003 31
1004 26
1005 35
1006 30
1007 23
1008 30
1009 27
1010 32
1011 42
1012 32
1013 45
1014 34
1015 34
1016 39
1017 32
1018 25
1019 30
1020 31
1021 32
1022 35
1023 18
1024 31
1025 31
1026 19
1027 37
1028 27
1029 24
1030 41
1031 33
1032 30
1033 32
1034 23
1035 38
1036 26
1037 31
1038 38
1039 36
1040 35
1041 29
1042 36
1043 28
1044 33
1045 23
1046 35
1047 41
1048 36
1049 34
1050 40
1051 31
1052 35
1053 32
1054 32
1055 25
1056 38
1057 38
1058 32
1059 41
1060 39
1061 27
1062 42
1063 42
1064 35
1065 26
1066 41
1067 31
1068 33
1069 33
1070 34
1071 32
1072 25
1073 19
1074 39
1075 27
1076 28
1077 35
1078 35
1079 30
1080 26
1081 37
1082 32
1083 38
1084 24
1085 31
1086 37
1087 29
1088 38
1089 35
1090 37
1091 48
1092 29
1093 39
1094 23
1095 34
1096 42
1097 46
1098 33
1099 44
1100 42
1101 35
1102 44
1103 40
1104 39
1105 45
1106 68
1107 61
1108 60
1109 69
1110 92
1111 123
1112 138
1113 206
1114 229
1115 258
1116 263
1117 326
1118 353
1119 393
1120 380
1121 370
1122 394
1123 455
1124 557
1125 675
1126 583
1127 507
1128 430
1129 339
1130 295
1131 231
1132 160
1133 134
1134 128
1135 83
1136 69
1137 48
1138 60
1139 44
1140 46
1141 37
1142 37
1143 31
1144 31
1145 29
1146 32
1147 36
1148 33
1149 37
1150 28
1151 34
1152 27
1153 34
1154 24
1155 26
1156 36
1157 35
1158 36
1159 26
1160 31
1161 38
1162 36
1163 38
1164 28
1165 37
1166 41
1167 40
1168 24
1169 19
1170 39
1171 32
1172 38
1173 39
1174 34
1175 29
1176 35
1177 24
1178 28
1179 35
1180 28
1181 19
1182 37
1183 30
1184 24
1185 29
1186 34
1187 34
1188 23
1189 38
1190 31
1191 37
1192 33
1193 41
1194 39
1195 25
1196 37
1197 40
1198 23
1199 39
1200 31
1201 24
1202 19
1203 26
1204 37
1205 27
1206 38
1207 34
1208 35
1209 27
1210 28
1211 34
1212 39
1213 21
1214 30
1215 21
1216 34
1217 30
1218 25
1219 28
1220 21
1221 25
1222 31
1223 42
1224 26
1225 32
1226 34
1227 29
1228 21
1229 28
1230 20
1231 33
1232 34
1233 23
1234 36
1235 33
1236 39
1237 26
1238 30
1239 22
1240 38
1241 26
1242 31
1243 22
1244 26
1245 42
1246 31
1247 36
1248 33
1249 44
1250 31
1251 34
1252 41
1253 33
1254 31
1255 43
1256 60
1257 37
1258 41
1259 46
1260 56
1261 61
1262 39
1263 69
1264 56
1265 69
1266 55
1267 75
1268 65
1269 69
1270 49
1271 37
1272 40
1273 44
1274 28
1275 35
1276 17
1277 18
1278 15
1279 9
1280 30
1281 25
1282 21
1283 25
1284 24
1285 27
1286 22
1287 22
1288 23
1289 27
1290 15
1291 13
1292 18
1293 26
1294 20
1295 26
1296 23
1297 22
1298 27
1299 18
1300 17
1301 28
1302 14
1303 17
1304 23
1305 24
1306 17
1307 19
1308 20
1309 17
1310 30
1311 26
1312 24
1313 25
1314 25
1315 25
1316 16
1317 19
1318 25
1319 17
1320 27
1321 23
1322 21
1323 36
1324 32
1325 33
1326 38
1327 24
1328 33
1329 36
1330 43
1331 32
1332 36
1333 43
1334 40
1335 37
1336 37
1337 42
1338 52
1339 45
1340 39
1341 51
1342 45
1343 49
1344 48
1345 30
1346 45
1347 47
1348 32
1349 30
1350 22
1351 32
1352 31
1353 28
1354 23
1355 22
1356 22
1357 26
1358 20
1359 25
1360 24
1361 30
1362 34
1363 18
1364 23
1365 18
1366 23
1367 18
1368 22
1369 21
1370 23
1371 18
1372 20
1373 24
1374 25
1375 17
1376 23
1377 26
1378 21
1379 18
1380 24
1381 20
1382 21
1383 15
1384 31
1385 17
1386 28
1387 19
1388 21
1389 20
1390 29
1391 26
1392 24
1393 24
1394 19
1395 30
1396 22
1397 27
1398 17
1399 24
1400 23
1401 24
1402 21
1403 39
1404 26
1405 31
1406 37
1407 43
1408 41
1409 46
1410 31
1411 44
1412 71
1413 88
1414 68
1415 121
1416 127
1417 169
1418 193
1419 210
1420 203
1421 230
1422 204
1423 174
1424 153
1425 156
1426 177
1427 229
1428 241
1429 205
1430 148
1431 108
1432 87
1433 73
1434 50
1435 60
1436 46
1437 41
1438 29
1439 27
1440 23
1441 32
1442 26
1443 17
1444 26
1445 18
1446 22
1447 21
1448 21
1449 29
1450 26
1451 27
1452 22
1453 11
1454 26
1455 14
1456 22
1457 17
1458 22
1459 24
1460 17
1461 21
1462 30
1463 16
1464 23
1465 21
1466 26
1467 23
1468 16
1469 20
1470 17
1471 24
1472 20
1473 24
1474 20
1475 18
1476 19
1477 22
1478 20
1479 25
1480 32
1481 24
1482 18
1483 20
1484 26
1485 16
1486 23
1487 24
1488 27
1489 25
1490 22
1491 35
1492 20
1493 17
1494 24
1495 22
1496 22
1497 21
1498 22
1499 28
1500 23
1501 25
1502 21
1503 26
1504 21
1505 26
1506 24
1507 22
1508 17
1509 16
1510 20
1511 19
1512 23
1513 30
1514 28
1515 15
1516 22
1517 26
1518 21
1519 19
1520 23
1521 23
1522 19
1523 30
1524 19
1525 22
1526 21
1527 33
1528 15
1529 14
1530 14
1531 19
1532 19
1533 23
1534 25
1535 21
1536 15
1537 19
1538 19
1539 19
1540 24
1541 23
1542 19
1543 19
1544 27
1545 14
1546 22
1547 28
1548 21
1549 19
1550 20
1551 21
1552 25
1553 27
1554 25
1555 26
1556 18
1557 21
1558 19
1559 20
1560 19
1561 26
1562 17
1563 20
1564 23
1565 11
1566 21
1567 16
1568 19
1569 31
1570 26
1571 20
1572 21
1573 23
1574 14
1575 15
1576 25
1577 21
1578 20
1579 18
1580 14
1581 15
1582 21
1583 22
1584 15
1585 21
1586 16
1587 18
1588 13
1589 18
1590 12
1591 18
1592 17
1593 18
1594 20
1595 27
1596 19
1597 18
1598 17
1599 20
1600 27
1601 17
1602 20
1603 19
1604 21
1605 23
1606 23
1607 20
1608 16
1609 21
1610 12
1611 24
1612 19
1613 20
1614 21
1615 18
1616 27
1617 16
1618 23
1619 28
1620 22
1621 13
1622 22
1623 26
1624 24
1625 22
1626 16
1627 28
1628 23
1629 22
1630 14
1631 23
1632 16
1633 20
1634 17
1635 14
1636 18
1637 14
1638 20
1639 18
1640 25
1641 15
1642 23
1643 17
1644 23
1645 23
1646 17
1647 25
1648 14
1649 19
1650 20
1651 17
1652 11
1653 23
1654 17
1655 27
1656 11
1657 16
1658 18
1659 16
1660 16
1661 11
1662 14
1663 16
1664 19
1665 16
1666 22
1667 22
1668 16
1669 16
1670 20
1671 17
1672 20
1673 23
1674 18
1675 17
1676 27
1677 26
1678 14
1679 17
1680 22
1681 19
1682 21
1683 13
1684 20
1685 14
1686 17
1687 19
1688 16
1689 19
1690 14
1691 25
1692 27
1693 15
1694 19
1695 31
1696 17
1697 21
1698 16
1699 14
1700 13
1701 23
1702 20
1703 16
1704 18
1705 17
1706 20
1707 19
1708 16
1709 21
1710 20
1711 17
1712 10
1713 22
1714 12
1715 25
1716 14
1717 13
1718 13
1719 16
1720 17
1721 16
1722 15
1723 17
1724 20
1725 15
1726 19
1727 20
1728 17
1729 18
1730 13
1731 15
1732 20
1733 16
1734 20
1735 20
1736 10
1737 20
1738 8
1739 16
1740 15
1741 21
1742 13
1743 20
1744 13
1745 12
1746 22
1747 13
1748 17
1749 19
1750 17
1751 15
1752 16
1753 19
1754 18
1755 23
1756 22
1757 25
1758 16
1759 12
1760 9
1761 24
1762 17
1763 13
1764 20
1765 23
1766 18
1767 17
1768 22
1769 21
1770 16
1771 18
1772 18
1773 14
1774 24
1775 17
1776 24
1777 19
1778 18
1779 22
1780 22
1781 22
1782 25
1783 21
1784 16
1785 27
1786 20
1787 19
1788 19
1789 19
1790 20
1791 17
1792 15
1793 14
1794 17
1795 18
1796 22
1797 18
1798 16
1799 23
1800 16
1801 19
1802 18
1803 21
1804 13
1805 18
1806 19
1807 14
1808 17
1809 15
1810 11
1811 14
1812 17
1813 20
1814 19
1815 18
1816 21
1817 16
1818 14
1819 10
1820 23
1821 14
1822 16
1823 21
1824 19
1825 10
1826 17
1827 12
1828 22
1829 14
1830 22
1831 21
1832 16
1833 16
1834 22
1835 19
1836 13
1837 17
1838 13
1839 19
1840 28
1841 17
1842 21
1843 25
1844 24
1845 34
1846 19
1847 23
1848 18
1849 23
1850 21
1851 19
1852 18
1853 13
1854 19
1855 14
1856 19
1857 12
1858 11
1859 16
1860 17
1861 8
1862 9
1863 13
1864 17
1865 10
1866 20
1867 23
1868 12
1869 16
1870 12
1871 18
1872 11
1873 26
1874 22
1875 21
1876 19
1877 20
1878 25
1879 35
1880 17
1881 20
1882 22
1883 33
1884 23
1885 34
1886 41
1887 37
1888 49
1889 63
1890 64
1891 92
1892 140
1893 161
1894 115
1895 107
1896 110
1897 115
1898 125
1899 129
1900 139
1901 136
1902 143
1903 115
1904 105
1905 72
1906 101
1907 71
1908 70
1909 54
1910 52
1911 41
1912 31
1913 35
1914 32
1915 23
1916 22
1917 19
1918 26
1919 14
1920 22
1921 18
1922 22
1923 23
1924 24
1925 25
1926 25
1927 23
1928 24
1929 9
1930 24
1931 11
1932 23
1933 20
1934 17
1935 10
1936 18
1937 28
1938 21
1939 13
1940 19
1941 11
1942 17
1943 16
1944 23
1945 11
1946 10
1947 17
1948 26
1949 16
1950 16
1951 11
1952 13
1953 16
1954 17
1955 13
1956 16
1957 15
1958 13
1959 12
1960 19
1961 20
1962 11
1963 19
1964 16
1965 10
1966 21
1967 15
1968 18
1969 17
1970 20
1971 19
1972 13
1973 9
1974 17
1975 19
1976 22
1977 8
1978 11
1979 12
1980 17
1981 18
1982 15
1983 19
1984 16
1985 13
1986 20
1987 11
1988 16
1989 18
1990 14
1991 11
1992 14
1993 20
1994 13
1995 19
1996 16
1997 15
1998 19
1999 19
2000 16
2001 8
2002 13
2003 13
2004 11
2005 17
2006 10
2007 13
2008 10
2009 9
2010 19
2011 15
2012 22
2013 19
2014 14
2015 15
2016 21
2017 16
2018 13
2019 17
2020 18
2021 13
2022 15
2023 18
2024 14
2025 13
2026 17
2027 19
2028 14
2029 13
2030 12
2031 16
2032 20
2033 14
2034 18
2035 13
2036 21
2037 15
2038 13
2039 23
2040 27
2041 13
2042 19
2043 18
2044 6
2045 17
2046 24
2047 17
2048 17
2049 19
2050 20
2051 11
2052 16
2053 12
2054 20
2055 17
2056 18
2057 9
2058 16
2059 15
2060 8
2061 20
2062 19
2063 15
2064 26
2065 12
2066 26
2067 19
2068 12
2069 23
2070 17
2071 12
2072 11
2073 18
2074 10
2075 17
2076 18
2077 14
2078 8
2079 8
2080 13
2081 15
2082 15
2083 18
2084 25
2085 20
2086 11
2087 14
2088 12
2089 17
2090 14
2091 11
2092 12
2093 12
2094 20
2095 23
2096 22
2097 21
2098 14
2099 12
2100 18
2101 12
2102 8
2103 14
2104 10
2105 17
2106 16
2107 11
2108 15
2109 17
2110 18
2111 16
2112 14
2113 12
2114 12
2115 13
2116 19
2117 25
2118 14
2119 11
2120 18
2121 16
2122 20
2123 20
2124 15
2125 19
2126 26
2127 12
2128 17
2129 14
2130 14
2131 17
2132 15
2133 15
2134 29
2135 15
2136 23
2137 29
2138 37
2139 33
2140 35
2141 36
2142 41
2143 67
2144 76
2145 98
2146 87
2147 102
2148 124
2149 154
2150 201
2151 179
2152 224
2153 221
2154 273
2155 358
2156 433
2157 446
2158 459
2159 462
2160 529
2161 522
2162 490
2163 640
2164 631
2165 597
2166 408
2167 375
2168 282
2169 216
2170 171
2171 200
2172 198
2173 187
2174 162
2175 137
2176 127
2177 94
2178 77
2179 45
2180 35
2181 47
2182 28
2183 35
2184 32
2185 21
2186 21
2187 15
2188 15
2189 24
2190 22
2191 11
2192 19
2193 16
2194 14
2195 11
2196 15
2197 18
2198 14
2199 12
2200 17
2201 17
2202 14
2203 20
2204 12
2205 13
2206 16
2207 12
2208 12
2209 17
2210 15
2211 12
2212 23
2213 19
2214 20
2215 14
2216 11
2217 17
2218 17
2219 13
2220 13
2221 19
2222 13
2223 14
2224 15
2225 22
2226 15
2227 19
2228 12
2229 15
2230 14
2231 14
2232 13
2233 20
2234 17
2235 11
2236 12
2237 16
2238 15
2239 15
2240 18
2241 11
2242 15
2243 20
2244 7
2245 18
2246 16
2247 19
2248 13
2249 14
2250 15
2251 5
2252 15
2253 19
2254 17
2255 14
2256 18
2257 14
2258 17
2259 16
2260 6
2261 13
2262 18
2263 10
2264 13
2265 15
2266 16
2267 14
2268 17
2269 20
2270 13
2271 21
2272 26
2273 18
2274 26
2275 13
2276 22
2277 18
2278 13
2279 22
2280 12
2281 19
2282 22
2283 16
2284 10
2285 12
2286 21
2287 7
2288 15
2289 12
2290 19
2291 13
2292 13
2293 13
2294 7
2295 19
2296 16
2297 16
2298 15
2299 7
2300 13
2301 14
2302 13
2303 12
2304 13
2305 12
2306 13
2307 12
2308 12
2309 7
2310 17
2311 18
2312 14
2313 14
2314 21
2315 7
2316 12
2317 12
2318 14
2319 12
2320 11
2321 17
2322 14
2323 10
2324 12
2325 11
2326 18
2327 10
2328 22
2329 7
2330 10
2331 13
2332 13
2333 11
2334 10
2335 13
2336 14
2337 15
2338 14
2339 23
2340 21
2341 18
2342 26
2343 18
2344 17
2345 17
2346 26
2347 14
2348 23
2349 21
2350 28
2351 27
2352 31
2353 35
2354 31
2355 38
2356 32
2357 41
2358 54
2359 58
2360 62
2361 75
2362 60
2363 63
2364 77
2365 84
2366 81
2367 75
2368 73
2369 58
2370 73
2371 70
2372 62
2373 81
2374 67
2375 54
2376 58
2377 59
2378 63
2379 57
2380 51
2381 56
2382 42
2383 35
2384 43
2385 31
2386 33
2387 17
2388 33
2389 19
2390 18
2391 14
2392 17
2393 16
2394 18
2395 12
2396 10
2397 14
2398 21
2399 9
2400 15
2401 17
2402 20
2403 9
2404 8
2405 14
2406 13
2407 3
2408 19
2409 7
2410 14
2411 16
2412 6
2413 14
2414 10
2415 13
2416 8
2417 16
2418 7
2419 6
2420 19
2421 12
2422 15
2423 13
2424 10
2425 5
2426 15
2427 8
2428 13
2429 7
2430 14
2431 14
2432 11
2433 15
2434 18
2435 13
2436 14
2437 18
2438 12
2439 7
2440 12
2441 14
2442 15
2443 13
2444 16
2445 13
2446 13
2447 8
2448 14
2449 12
2450 10
2451 15
2452 13
2453 5
2454 17
2455 11
2456 15
2457 11
2458 9
2459 7
2460 9
2461 9
2462 14
2463 11
2464 15
2465 11
2466 7
2467 15
2468 12
2469 12
2470 9
2471 15
2472 13
2473 7
2474 14
2475 13
2476 10
2477 12
2478 24
2479 12
2480 10
2481 11
2482 6
2483 15
2484 14
2485 10
2486 10
2487 14
2488 13
2489 14
2490 14
2491 9
2492 7
2493 8
2494 10
2495 11
2496 14
2497 14
2498 14
2499 10
2500 16
2501 18
2502 11
2503 18
2504 14
2505 13
2506 8
2507 12
2508 12
2509 14
2510 12
2511 19
2512 10
2513 9
2514 13
2515 13
2516 12
2517 6
2518 13
2519 5
2520 10
2521 11
2522 10
2523 6
2524 13
2525 19
2526 17
2527 13
2528 16
2529 11
2530 10
2531 11
2532 5
2533 18
2534 19
2535 12
2536 15
2537 10
2538 13
2539 14
2540 13
2541 10
2542 5
2543 6
2544 14
2545 16
2546 11
2547 7
2548 14
2549 4
2550 9
2551 11
2552 9
2553 14
2554 12
2555 16
2556 10
2557 10
2558 8
2559 14
