0 41
1 33
2 31
3 23
4 19
5 25
6 22
7 22
8 33
9 29
10 24
11 30
12 30
13 27
14 33
15 35
16 23
17 32
18 33
19 32
20 26
21 35
22 30
23 28
24 33
25 23
26 38
27 33
28 37
29 26
30 29
31 20
32 26
33 29
34 34
35 23
36 39
37 35
38 28
39 26
40 36
41 31
42 30
43 31
44 24
45 37
46 43
47 35
48 32
49 32
50 40
51 40
52 33
53 17
54 26
55 23
56 29
57 34
58 25
59 32
60 31
61 30
62 34
63 29
64 29
65 31
66 36
67 29
68 31
69 25
70 36
71 27
72 33
73 34
74 29
75 31
76 26
77 27
78 27
79 27
80 23
81 34
82 35
83 37
84 28
85 33
86 29
87 24
88 29
89 33
90 22
91 33
92 24
93 24
94 26
95 38
96 28
97 36
98 32
99 27
100 30
101 27
102 36
103 35
104 26
105 34
106 36
107 37
108 26
109 36
110 37
111 33
112 28
113 40
114 34
115 32
116 25
117 32
118 30
119 33
120 34
121 33
122 26
123 35
124 28
125 40
126 31
127 22
128 21
129 30
130 34
131 35
132 31
133 36
134 39
135 37
136 28
137 39
138 33
139 30
140 36
141 37
142 25
143 42
144 36
145 34
146 37
147 30
148 26
149 39
150 25
151 34
152 36
153 44
154 29
155 30
156 27
157 34
158 32
159 32
160 35
161 25
162 35
163 30
164 41
165 35
166 35
167 26
168 35
169 40
170 35
171 31
172 28
173 31
174 45
175 36
176 34
177 34
178 32
179 29
180 31
181 39
182 31
183 42
184 27
185 24
186 18
187 32
188 29
189 35
190 29
191 35
192 30
193 24
194 37
195 33
196 47
197 43
198 28
199 52
200 29
201 29
202 40
203 34
204 40
205 25
206 32
207 42
208 36
209 30
210 34
211 30
212 32
213 32
214 30
215 27
216 29
217 44
218 39
219 33
220 34
221 42
222 34
223 39
224 36
225 43
226 39
227 33
228 35
229 28
230 30
231 36
232 45
233 28
234 38
235 42
236 44
237 40
238 39
239 40
240 36
241 36
242 37
243 41
244 29
245 26
246 24
247 42
248 24
249 32
250 38
251 40
252 26
253 27
254 33
255 26
256 35
257 27
258 31
259 36
260 40
261 30
262 30
263 39
264 42
265 39
266 36
267 38
268 37
269 35
270 31
271 22
272 33
273 19
274 35
275 35
276 39
277 37
278 34
279 32
280 36
281 31
282 40
283 41
284 38
285 31
286 37
287 37
288 35
289 43
290 46
291 44
292 39
293 45
294 37
295 38
296 42
297 39
298 29
299 34
300 24
301 31
302 34
303 42
304 37
305 35
306 33
307 33
308 49
309 42
310 37
311 39
312 31
313 35
314 36
315 30
316 34
317 44
318 26
319 39
320 48
321 36
322 39
323 35
324 32
325 37
326 29
327 37
328 32
329 43
330 36
331 37
332 32
333 38
334 41
335 32
336 31
337 49
338 37
339 33
340 47
341 40
342 27
343 42
344 43
345 29
346 24
347 42
348 33
349 30
350 33
351 19
352 32
353 34
354 42
355 33
356 40
357 36
358 35
359 34
360 27
361 22
362 41
363 31
364 39
365 26
366 35
367 38
368 40
369 36
370 32
371 33
372 33
373 32
374 38
375 43
376 32
377 36
378 29
379 27
380 26
381 34
382 33
383 33
384 34
385 38
386 30
387 35
388 40
389 30
390 36
391 38
392 30
393 28
394 30
395 39
396 29
397 40
398 36
399 32
400 39
401 40
402 39
403 34
404 32
405 52
406 33
407 32
408 31
409 35
410 36
411 39
412 41
413 27
414 32
415 57
416 32
417 31
418 38
419 24
420 34
421 38
422 46
423 40
424 38
425 36
426 24
427 34
428 45
429 37
430 39
431 39
432 48
433 42
434 36
435 39
436 34
437 36
438 27
439 26
440 40
441 42
442 34
443 35
444 38
445 32
446 36
447 27
448 33
449 51
450 32
451 29
452 40
453 24
454 41
455 31
456 32
457 44
458 38
459 29
460 42
461 42
462 36
463 31
464 46
465 37
466 32
467 38
468 39
469 41
470 36
471 38
472 45
473 39
474 26
475 48
476 40
477 32
478 28
479 39
480 28
481 39
482 40
483 37
484 33
485 40
486 32
487 41
488 43
489 32
490 32
491 37
492 42
493 50
494 39
495 45
496 33
497 44
498 28
499 33
500 35
501 41
502 25
503 37
504 38
505 42
506 43
507 44
508 42
509 39
510 42
511 34
512 38
513 34
514 42
515 34
516 42
517 35
518 34
519 41
520 35
521 47
522 41
523 31
524 30
525 37
526 40
527 41
528 41
529 34
530 40
531 39
532 37
533 41
534 51
535 41
536 44
537 49
538 48
539 31
540 52
541 48
542 49
543 50
544 58
545 42
546 40
547 45
548 39
549 45
550 59
551 73
552 79
553 80
554 71
555 70
556 97
557 119
558 80
559 95
560 66
561 80
562 88
563 75
564 97
565 90
566 99
567 84
568 67
569 105
570 79
571 62
572 66
573 50
574 52
575 53
576 51
577 41
578 35
579 36
580 36
581 43
582 30
583 47
584 37
585 36
586 42
587 41
588 48
589 31
590 37
591 43
592 38
593 39
594 39
595 51
596 41
597 23
598 31
599 42
600 37
601 32
602 44
603 22
604 46
605 41
606 40
607 48
608 52
609 40
610 41
611 43
612 35
613 44
614 34
615 51
616 43
617 43
618 32
619 42
620 40
621 29
622 46
623 46
624 42
625 36
626 37
627 39
628 38
629 41
630 35
631 38
632 38
633 34
634 27
635 34
636 29
637 40
638 38
639 33
640 43
641 51
642 33
643 42
644 34
645 40
646 38
647 38
648 50
649 42
650 41
651 38
652 42
653 39
654 44
655 33
656 35
657 34
658 43
659 31
660 37
661 35
662 42
663 37
664 32
665 34
666 45
667 44
668 33
669 42
670 56
671 35
672 54
673 37
674 44
675 35
676 26
677 37
678 45
679 53
680 42
681 43
682 46
683 34
684 35
685 27
686 30
687 34
688 43
689 35
690 34
691 47
692 46
693 36
694 41
695 37
696 35
697 34
698 49
699 37
700 26
701 35
702 39
703 37
704 33
705 39
706 47
707 41
708 35
709 43
710 37
711 41
712 38
713 46
714 42
715 31
716 40
717 35
718 32
719 38
720 29
721 29
722 36
723 35
724 31
725 35
726 28
727 50
728 30
729 37
730 43
731 41
732 36
733 31
734 33
735 40
736 54
737 33
738 34
739 26
740 30
741 33
742 25
743 42
744 32
745 34
746 32
747 34
748 31
749 50
750 28
751 44
752 26
753 38
754 45
755 36
756 50
757 33
758 25
759 33
760 39
761 27
762 40
763 37
764 28
765 28
766 39
767 44
768 34
769 42
770 43
771 33
772 47
773 36
774 48
775 40
776 37
777 30
778 32
779 30
780 36
781 34
782 41
783 35
784 33
785 28
786 39
787 34
788 39
789 36
790 36
791 38
792 43
793 35
794 38
795 37
796 33
797 37
798 38
799 33
800 35
801 39
802 34
803 35
804 31
805 38
806 35
807 34
808 35
809 33
810 36
811 44
812 38
813 29
814 44
815 27
816 39
817 34
818 50
819 32
820 40
821 33
822 43
823 42
824 31
825 38
826 43
827 43
828 37
829 31
830 41
831 26
832 29
833 40
834 34
835 32
836 37
837 36
838 38
839 34
840 26
841 41
842 36
843 35
844 29
845 31
846 36
847 39
848 31
849 31
850 29
851 42
852 36
853 36
854 39
855 50
856 42
857 35
858 28
859 31
860 44
861 27
862 37
863 26
864 37
865 32
866 28
867 30
868 32
869 36
870 29
871 43
872 33
873 30
874 33
875 32
876 48
877 39
878 42
879 32
880 33
881 45
882 36
883 35
884 51
885 27
886 35
887 38
888 25
889 41
890 37
891 37
892 56
893 38
894 39
895 43
896 33
897 39
898 37
899 38
900 43
901 48
902 40
903 33
904 33
905 49
906 43
907 29
908 33
909 34
910 45
911 18
912 35
913 26
914 36
915 38
916 28
917 39
918 26
919 41
920 31
921 36
922 40
923 37
924 27
925 26
926 31
927 33
928 43
929 40
930 39
931 35
932 31
933 28
934 32
935 33
936 27
937 34
938 38
939 26
940 35
941 40
942 30
943 31
944 31
945 37
946 32
947 36
948 38
949 24
950 41
951 41
952 33
953 31
954 33
955 35
956 47
957 37
958 38
959 38
960 34
961 50
962 40
963 39
964 44
965 29
966 25
967 31
968 35
969 32
970 32
971 21
972 28
973 29
974 27
975 42
976 28
977 43
978 27
979 32
980 27
981 25
982 25
983 32
984 38
985 30
986 40
987 43
988 32
989 37
990 47
991 27
992 37
993 35
994 32
995 33
996 50
997 34
998 30
999 26
1000 30
1001 39
1002 46
1003 29
1004 39
1005 28
1006 36
1007 30
1008 38
1009 28
1010 29
1011 30
1012 27
1013 29
1014 32
1015 29
1016 28
1017 33
1018 35
1019 38
1020 32
1021 30
1022 28
1023 34
1024 40
1025 37
1026 39
1027 26
1028 42
1029 31
1030 34
1031 33
1032 46
1033 23
1034 28
1035 33
1036 34
1037 36
1038 36
1039 39
1040 42
1041 37
1042 36
1043 29
1044 40
1045 37
1046 50
1047 37
1048 43
1049 45
1050 42
1051 34
1052 39
1053 29
1054 36
1055 44
1056 31
1057 28
1058 34
1059 35
1060 32
1061 37
1062 45
1063 33
1064 47
1065 48
1066 58
1067 64
1068 73
1069 97
1070 81
1071 102
1072 155
1073 180
1074 221
1075 265
1076 276
1077 268
1078 276
1079 254
1080 268
1081 301
1082 369
1083 457
1084 513
1085 552
1086 433
1087 429
1088 536
1089 579
1090 513
1091 499
1092 418
1093 291
1094 239
1095 203
1096 152
1097 113
1098 63
1099 61
1100 59
1101 45
1102 38
1103 29
1104 25
1105 41
1106 40
1107 23
1108 37
1109 28
1110 30
1111 26
1112 35
1113 36
1114 24
1115 33
1116 28
1117 38
1118 39
1119 29
1120 36
1121 32
1122 27
1123 36
1124 39
1125 41
1126 35
1127 32
1128 26
1129 30
1130 35
1131 22
1132 25
1133 33
1134 31
1135 29
1136 31
1137 28
1138 35
1139 38
1140 29
1141 33
1142 30
1143 43
1144 35
1145 41
1146 31
1147 31
1148 30
1149 41
1150 37
1151 35
1152 35
1153 40
1154 37
1155 27
1156 34
1157 31
1158 26
1159 29
1160 37
1161 53
1162 36
1163 29
1164 28
1165 28
1166 34
1167 40
1168 35
1169 22
1170 30
1171 30
1172 25
1173 35
1174 30
1175 39
1176 38
1177 39
1178 44
1179 30
1180 33
1181 35
1182 25
1183 26
1184 37
1185 30
1186 38
1187 32
1188 28
1189 32
1190 37
1191 24
1192 27
1193 32
1194 31
1195 22
1196 26
1197 31
1198 32
1199 34
1200 30
1201 35
1202 30
1203 36
1204 33
1205 29
1206 30
1207 36
1208 30
1209 41
1210 33
1211 43
1212 53
1213 45
1214 44
1215 55
1216 43
1217 59
1218 85
1219 110
1220 110
1221 99
1222 104
1223 95
1224 82
1225 61
1226 66
1227 70
1228 58
1229 43
1230 61
1231 45
1232 44
1233 40
1234 31
1235 33
1236 28
1237 28
1238 27
1239 24
1240 28
1241 29
1242 35
1243 29
1244 36
1245 31
1246 26
1247 27
1248 20
1249 28
1250 33
1251 28
1252 19
1253 32
1254 32
1255 28
1256 28
1257 26
1258 21
1259 27
1260 27
1261 32
1262 24
1263 10
1264 34
1265 27
1266 26
1267 30
1268 27
1269 18
1270 25
1271 18
1272 23
1273 18
1274 23
1275 18
1276 23
1277 25
1278 19
1279 24
1280 34
1281 29
1282 30
1283 25
1284 26
1285 30
1286 33
1287 25
1288 31
1289 44
1290 47
1291 46
1292 43
1293 47
1294 59
1295 62
1296 44
1297 36
1298 36
1299 51
1300 29
1301 30
1302 32
1303 29
1304 34
1305 29
1306 26
1307 31
1308 28
1309 25
1310 30
1311 28
1312 28
1313 22
1314 22
1315 19
1316 23
1317 24
1318 27
1319 23
1320 27
1321 23
1322 22
1323 24
1324 29
1325 27
1326 30
1327 16
1328 29
1329 21
1330 24
1331 16
1332 25
1333 22
1334 27
1335 16
1336 27
1337 18
1338 25
1339 25
1340 21
1341 34
1342 18
1343 23
1344 23
1345 30
1346 26
1347 29
1348 31
1349 26
1350 24
1351 25
1352 24
1353 24
1354 27
1355 25
1356 25
1357 28
1358 34
1359 35
1360 29
1361 38
1362 49
1363 43
1364 47
1365 51
1366 51
1367 63
1368 92
1369 89
1370 92
1371 136
1372 160
1373 201
1374 228
1375 218
1376 196
1377 237
1378 374
1379 354
1380 302
1381 272
1382 298
1383 264
1384 213
1385 183
1386 189
1387 149
1388 130
1389 106
1390 73
1391 55
1392 31
1393 32
1394 29
1395 27
1396 29
1397 22
1398 28
1399 37
1400 28
1401 15
1402 30
1403 21
1404 29
1405 28
1406 24
1407 26
1408 20
1409 23
1410 22
1411 13
1412 25
1413 20
1414 28
1415 25
1416 33
1417 14
1418 19
1419 30
1420 15
1421 18
1422 26
1423 29
1424 26
1425 21
1426 25
1427 26
1428 24
1429 23
1430 21
1431 21
1432 19
1433 23
1434 26
1435 19
1436 24
1437 21
1438 23
1439 24
1440 13
1441 26
1442 21
1443 31
1444 32
1445 19
1446 20
1447 17
1448 23
1449 18
1450 22
1451 22
1452 30
1453 19
1454 28
1455 29
1456 23
1457 24
1458 19
1459 21
1460 33
1461 22
1462 19
1463 21
1464 18
1465 20
1466 21
1467 19
1468 22
1469 28
1470 26
1471 21
1472 13
1473 16
1474 29
1475 16
1476 22
1477 28
1478 24
1479 23
1480 28
1481 20
1482 28
1483 14
1484 19
1485 13
1486 21
1487 19
1488 22
1489 24
1490 18
1491 18
1492 17
1493 20
1494 18
1495 20
1496 25
1497 29
1498 26
1499 22
1500 23
1501 19
1502 16
1503 24
1504 9
1505 25
1506 31
1507 26
1508 32
1509 23
1510 26
1511 18
1512 16
1513 25
1514 26
1515 21
1516 24
1517 28
1518 26
1519 22
1520 14
1521 23
1522 20
1523 31
1524 23
1525 20
1526 11
1527 17
1528 15
1529 17
1530 28
1531 24
1532 15
1533 23
1534 21
1535 17
1536 20
1537 23
1538 22
1539 14
1540 22
1541 9
1542 25
1543 17
1544 25
1545 27
1546 21
1547 19
1548 20
1549 19
1550 18
1551 19
1552 17
1553 18
1554 20
1555 24
1556 25
1557 19
1558 23
1559 11
1560 12
1561 15
1562 16
1563 31
1564 18
1565 24
1566 27
1567 14
1568 26
1569 21
1570 20
1571 20
1572 22
1573 21
1574 26
1575 26
1576 24
1577 19
1578 17
1579 18
1580 20
1581 16
1582 22
1583 18
1584 29
1585 16
1586 23
1587 16
1588 21
1589 22
1590 16
1591 14
1592 24
1593 13
1594 15
1595 21
1596 16
1597 18
1598 17
1599 18
1600 20
1601 15
1602 17
1603 21
1604 16
1605 19
1606 24
1607 17
1608 16
1609 14
1610 18
1611 17
1612 14
1613 15
1614 18
1615 22
1616 13
1617 16
1618 18
1619 19
1620 21
1621 14
1622 21
1623 15
1624 22
1625 27
1626 22
1627 21
1628 16
1629 19
1630 13
1631 18
1632 20
1633 15
1634 18
1635 15
1636 21
1637 14
1638 19
1639 25
1640 14
1641 18
1642 16
1643 21
1644 25
1645 21
1646 22
1647 27
1648 22
1649 21
1650 18
1651 25
1652 20
1653 19
1654 18
1655 20
1656 19
1657 16
1658 25
1659 12
1660 23
1661 20
1662 13
1663 16
1664 16
1665 22
1666 17
1667 11
1668 15
1669 19
1670 14
1671 18
1672 25
1673 23
1674 16
1675 22
1676 20
1677 15
1678 19
1679 17
1680 22
1681 16
1682 16
1683 24
1684 26
1685 11
1686 13
1687 20
1688 24
1689 22
1690 18
1691 21
1692 18
1693 20
1694 15
1695 18
1696 16
1697 19
1698 15
1699 25
1700 16
1701 15
1702 21
1703 16
1704 29
1705 22
1706 25
1707 22
1708 12
1709 17
1710 18
1711 17
1712 20
1713 16
1714 23
1715 16
1716 18
1717 18
1718 17
1719 13
1720 18
1721 13
1722 15
1723 22
1724 16
1725 18
1726 29
1727 20
1728 17
1729 24
1730 16
1731 21
1732 15
1733 18
1734 14
1735 16
1736 19
1737 20
1738 21
1739 18
1740 11
1741 15
1742 22
1743 16
1744 13
1745 15
1746 15
1747 16
1748 20
1749 18
1750 18
1751 23
1752 22
1753 19
1754 14
1755 19
1756 23
1757 12
1758 24
1759 13
1760 14
1761 11
1762 23
1763 23
1764 19
1765 20
1766 21
1767 25
1768 16
1769 18
1770 13
1771 20
1772 13
1773 18
1774 19
1775 12
1776 26
1777 17
1778 20
1779 22
1780 24
1781 17
1782 27
1783 28
1784 18
1785 19
1786 27
1787 22
1788 23
1789 29
1790 15
1791 19
1792 20
1793 27
1794 32
1795 24
1796 17
1797 29
1798 21
1799 23
1800 23
1801 14
1802 28
1803 19
1804 21
1805 23
1806 20
1807 25
1808 11
1809 20
1810 18
1811 15
1812 14
1813 17
1814 14
1815 12
1816 27
1817 23
1818 19
1819 23
1820 17
1821 14
1822 20
1823 19
1824 25
1825 20
1826 20
1827 16
1828 25
1829 23
1830 20
1831 28
1832 29
1833 28
1834 48
1835 45
1836 50
1837 65
1838 79
1839 65
1840 64
1841 75
1842 97
1843 180
1844 210
1845 127
1846 94
1847 94
1848 89
1849 81
1850 65
1851 60
1852 51
1853 51
1854 44
1855 64
1856 71
1857 62
1858 42
1859 35
1860 33
1861 19
1862 18
1863 16
1864 23
1865 19
1866 9
1867 15
1868 20
1869 14
1870 18
1871 24
1872 32
1873 20
1874 24
1875 21
1876 29
1877 19
1878 22
1879 13
1880 22
1881 20
1882 14
1883 15
1884 24
1885 25
1886 14
1887 13
1888 13
1889 11
1890 26
1891 18
1892 11
1893 17
1894 13
1895 11
1896 14
1897 14
1898 21
1899 19
1900 21
1901 23
1902 18
1903 16
1904 19
1905 16
1906 16
1907 21
1908 29
1909 11
1910 18
1911 17
1912 20
1913 15
1914 15
1915 7
1916 14
1917 16
1918 9
1919 8
1920 14
1921 17
1922 17
1923 20
1924 19
1925 20
1926 23
1927 21
1928 16
1929 12
1930 17
1931 15
1932 20
1933 23
1934 18
1935 16
1936 21
1937 14
1938 18
1939 19
1940 11
1941 14
1942 12
1943 8
1944 22
1945 14
1946 25
1947 9
1948 11
1949 28
1950 19
1951 20
1952 16
1953 13
1954 16
1955 8
1956 23
1957 21
1958 17
1959 20
1960 19
1961 15
1962 23
1963 17
1964 17
1965 17
1966 10
1967 18
1968 14
1969 23
1970 17
1971 14
1972 11
1973 18
1974 15
1975 16
1976 27
1977 14
1978 14
1979 22
1980 22
1981 27
1982 22
1983 9
1984 14
1985 14
1986 13
1987 27
1988 14
1989 15
1990 18
1991 12
1992 16
1993 21
1994 15
1995 17
1996 14
1997 12
1998 22
1999 23
2000 17
2001 18
2002 12
2003 21
2004 12
2005 16
2006 13
2007 21
2008 23
2009 18
2010 20
2011 14
2012 16
2013 19
2014 24
2015 11
2016 21
2017 14
2018 18
2019 19
2020 21
2021 13
2022 15
2023 20
2024 19
2025 15
2026 22
2027 20
2028 15
2029 25
2030 22
2031 14
2032 13
2033 16
2034 17
2035 16
2036 14
2037 11
2038 12
2039 27
2040 16
2041 18
2042 15
2043 18
2044 16
2045 19
2046 16
2047 14
2048 17
2049 14
2050 15
2051 18
2052 16
2053 11
2054 15
2055 5
2056 17
2057 14
2058 24
2059 17
2060 19
2061 24
2062 18
2063 19
2064 22
2065 21
2066 25
2067 14
2068 14
2069 11
2070 13
2071 31
2072 10
2073 19
2074 18
2075 21
2076 18
2077 31
2078 22
2079 22
2080 20
2081 37
2082 39
2083 54
2084 49
2085 71
2086 69
2087 82
2088 70
2089 79
2090 105
2091 102
2092 138
2093 171
2094 193
2095 205
2096 252
2097 251
2098 255
2099 272
2100 280
2101 305
2102 392
2103 390
2104 412
2105 463
2106 453
2107 374
2108 383
2109 376
2110 397
2111 313
2112 205
2113 207
2114 187
2115 149
2116 156
2117 174
2118 155
2119 134
2120 106
2121 73
2122 63
2123 50
2124 57
2125 32
2126 33
2127 29
2128 21
2129 26
2130 27
2131 31
2132 28
2133 22
2134 18
2135 20
2136 16
2137 14
2138 16
2139 14
2140 16
2141 11
2142 9
2143 19
2144 16
2145 18
2146 18
2147 17
2148 18
2149 15
2150 13
2151 14
2152 21
2153 18
2154 11
2155 14
2156 17
2157 17
2158 21
2159 18
2160 18
2161 15
2162 16
2163 14
2164 13
2165 16
2166 17
2167 12
2168 22
2169 17
2170 15
2171 17
2172 22
2173 11
2174 16
2175 13
2176 20
2177 17
2178 17
2179 21
2180 23
2181 13
2182 17
2183 13
2184 19
2185 15
2186 15
2187 13
2188 20
2189 6
2190 16
2191 18
2192 10
2193 14
2194 21
2195 14
2196 13
2197 15
2198 16
2199 10
2200 12
2201 12
2202 22
2203 13
2204 14
2205 17
2206 17
2207 12
2208 20
2209 15
2210 15
2211 16
2212 20
2213 17
2214 12
2215 17
2216 18
2217 17
2218 16
2219 12
2220 15
2221 22
2222 13
2223 14
2224 23
2225 21
2226 12
2227 14
2228 8
2229 14
2230 16
2231 17
2232 14
2233 18
2234 7
2235 11
2236 26
2237 14
2238 14
2239 10
2240 12
2241 14
2242 10
2243 20
2244 16
2245 10
2246 17
2247 20
2248 5
2249 10
2250 12
2251 13
2252 8
2253 14
2254 9
2255 17
2256 14
2257 14
2258 14
2259 18
2260 14
2261 7
2262 10
2263 19
2264 13
2265 12
2266 16
2267 15
2268 15
2269 15
2270 14
2271 18
2272 15
2273 15
2274 14
2275 16
2276 14
2277 20
2278 16
2279 12
2280 13
2281 13
2282 22
2283 18
2284 20
2285 24
2286 18
2287 19
2288 14
2289 19
2290 21
2291 23
2292 30
2293 34
2294 20
2295 36
2296 45
2297 49
2298 73
2299 66
2300 71
2301 65
2302 64
2303 55
2304 53
2305 55
2306 77
2307 77
2308 72
2309 74
2310 58
2311 53
2312 67
2313 75
2314 82
2315 76
2316 63
2317 55
2318 45
2319 42
2320 40
2321 44
2322 23
2323 23
2324 35
2325 21
2326 18
2327 26
2328 27
2329 32
2330 21
2331 21
2332 19
2333 18
2334 11
2335 6
2336 18
2337 18
2338 17
2339 13
2340 13
2341 19
2342 15
2343 11
2344 14
2345 16
2346 14
2347 14
2348 20
2349 19
2350 15
2351 16
2352 18
2353 15
2354 8
2355 17
2356 10
2357 10
2358 16
2359 13
2360 9
2361 13
2362 10
2363 12
2364 10
2365 16
2366 14
2367 12
2368 12
2369 7
2370 10
2371 14
2372 15
2373 11
2374 16
2375 11
2376 13
2377 18
2378 19
2379 13
2380 17
2381 14
2382 12
2383 10
2384 14
2385 16
2386 19
2387 20
2388 10
2389 7
2390 9
2391 14
2392 18
2393 12
2394 17
2395 22
2396 14
2397 12
2398 15
2399 18
2400 17
2401 10
2402 20
2403 14
2404 11
2405 15
2406 16
2407 10
2408 15
2409 12
2410 15
2411 12
2412 16
2413 16
2414 12
2415 14
2416 10
2417 8
2418 11
2419 11
2420 16
2421 7
2422 10
2423 10
2424 11
2425 15
2426 11
2427 21
2428 13
2429 19
2430 14
2431 12
2432 15
2433 15
2434 11
2435 9
2436 12
2437 11
2438 12
2439 15
2440 16
2441 15
2442 14
2443 14
2444 14
2445 7
2446 9
2447 13
2448 14
2449 10
2450 16
2451 8
2452 9
2453 14
2454 11
2455 7
2456 11
2457 14
2458 7
2459 18
2460 15
2461 11
2462 9
2463 12
2464 16
2465 14
2466 10
2467 10
2468 15
2469 15
2470 12
2471 14
2472 14
2473 10
2474 12
2475 8
2476 8
2477 11
2478 11
2479 11
2480 12
2481 15
2482 16
2483 8
2484 13
2485 9
2486 14
2487 10
2488 11
2489 9
2490 8
2491 9
2492 14
2493 15
2494 12
2495 12
2496 12
2497 8
2498 17
2499 13
2500 12
2501 13
2502 12
2503 9
2504 8
2505 18
2506 16
2507 17
2508 10
2509 18
2510 13
2511 16
2512 17
2513 13
2514 15
2515 12
2516 11
2517 19
2518 10
2519 10
2520 9
2521 14
2522 13
2523 12
2524 14
2525 15
2526 12
2527 11
2528 11
2529 16
2530 14
2531 8
2532 23
2533 13
2534 9
2535 10
2536 11
2537 7
2538 6
2539 9
2540 14
2541 16
2542 8
2543 10
2544 13
2545 15
2546 13
2547 10
2548 13
2549 8
2550 10
2551 17
2552 10
2553 13
2554 10
2555 12
2556 12
2557 11
2558 12
2559 14
