0 25
1 29
2 23
3 25
4 22
5 27
6 31
7 27
8 36
9 26
10 25
11 23
12 31
13 35
14 28
15 32
16 35
17 28
18 19
19 32
20 23
21 30
22 38
23 25
24 29
25 26
26 25
27 18
28 28
29 27
30 34
31 36
32 33
33 37
34 27
35 34
36 35
37 30
38 36
39 36
40 40
41 30
42 34
43 28
44 14
45 23
46 29
47 32
48 37
49 33
50 25
51 33
52 32
53 28
54 39
55 30
56 24
57 35
58 32
59 32
60 21
61 29
62 31
63 36
64 31
65 32
66 27
67 25
68 30
69 23
70 18
71 36
72 33
73 26
74 30
75 29
76 30
77 25
78 27
79 34
80 30
81 25
82 34
83 23
84 26
85 26
86 28
87 24
88 33
89 22
90 36
91 22
92 35
93 31
94 31
95 36
96 34
97 21
98 29
99 30
100 31
101 30
102 35
103 40
104 31
105 31
106 23
107 31
108 37
109 34
110 30
111 27
112 32
113 28
114 24
115 22
116 28
117 35
118 36
119 21
120 30
121 39
122 29
123 25
124 28
125 17
126 34
127 43
128 35
129 34
130 31
131 39
132 36
133 40
134 29
135 35
136 20
137 34
138 40
139 37
140 22
141 28
142 22
143 27
144 29
145 36
146 42
147 32
148 27
149 26
150 38
151 34
152 29
153 30
154 29
155 31
156 37
157 36
158 32
159 36
160 31
161 36
162 39
163 30
164 22
165 34
166 29
167 29
168 16
169 29
170 33
171 32
172 29
173 28
174 36
175 28
176 40
177 25
178 25
179 33
180 35
181 28
182 32
183 33
184 39
185 30
186 29
187 31
188 23
189 29
190 28
191 31
192 48
193 37
194 29
195 44
196 38
197 32
198 30
199 25
200 29
201 43
202 42
203 22
204 28
205 29
206 52
207 42
208 39
209 35
210 22
211 28
212 30
213 45
214 19
215 24
216 37
217 40
218 36
219 29
220 35
221 32
222 32
223 26
224 40
225 28
226 34
227 38
228 33
229 36
230 26
231 33
232 32
233 33
234 36
235 34
236 26
237 33
238 26
239 32
240 26
241 26
242 29
243 26
244 34
245 31
246 35
247 29
248 32
249 37
250 49
251 33
252 30
253 32
254 50
255 27
256 43
257 27
258 34
259 36
260 36
261 33
262 37
263 25
264 45
265 27
266 34
267 29
268 28
269 33
270 33
271 44
272 38
273 35
274 41
275 27
276 34
277 42
278 31
279 25
280 32
281 39
282 39
283 38
284 32
285 43
286 26
287 38
288 32
289 36
290 36
291 24
292 43
293 38
294 30
295 37
296 31
297 36
298 43
299 26
300 26
301 46
302 37
303 31
304 42
305 23
306 41
307 27
308 33
309 27
310 34
311 36
312 34
313 32
314 30
315 24
316 26
317 34
318 37
319 33
320 30
321 33
322 39
323 27
324 35
325 32
326 34
327 30
328 36
329 35
330 29
331 24
332 33
333 36
334 37
335 50
336 28
337 36
338 37
339 38
340 41
341 36
342 35
343 32
344 27
345 32
346 31
347 36
348 38
349 26
350 34
351 40
352 32
353 31
354 40
355 33
356 19
357 29
358 27
359 43
360 34
361 39
362 44
363 34
364 35
365 33
366 29
367 40
368 39
369 28
370 32
371 31
372 35
373 30
374 38
375 31
376 41
377 30
378 36
379 49
380 34
381 35
382 25
383 26
384 25
385 46
386 33
387 37
388 32
389 40
390 29
391 32
392 32
393 32
394 35
395 39
396 36
397 41
398 47
399 38
400 42
401 35
402 31
403 42
404 35
405 24
406 41
407 28
408 28
409 28
410 34
411 41
412 41
413 32
414 36
415 38
416 28
417 30
418 35
419 29
420 37
421 30
422 45
423 30
424 37
425 40
426 44
427 43
428 38
429 35
430 31
431 36
432 29
433 46
434 27
435 41
436 34
437 35
438 38
439 34
440 45
441 39
442 31
443 35
444 45
445 36
446 31
447 34
448 38
449 37
450 31
451 38
452 35
453 34
454 34
455 22
456 35
457 40
458 35
459 36
460 29
461 26
462 37
463 37
464 40
465 23
466 39
467 41
468 50
469 38
470 30
471 49
472 38
473 50
474 43
475 37
476 44
477 44
478 25
479 42
480 43
481 35
482 41
483 37
484 36
485 27
486 35
487 43
488 33
489 44
490 33
491 33
492 39
493 42
494 42
495 34
496 34
497 31
498 46
499 29
500 32
501 46
502 49
503 40
504 53
505 48
506 44
507 41
508 33
509 32
510 30
511 29
512 33
513 33
514 46
515 42
516 35
517 37
518 34
519 38
520 32
521 36
522 46
523 29
524 40
525 39
526 42
527 44
528 32
529 31
530 26
531 39
532 39
533 54
534 40
535 43
536 47
537 30
538 33
539 34
540 41
541 36
542 36
543 32
544 25
545 49
546 37
547 38
548 29
549 35
550 40
551 41
552 47
553 42
554 46
555 59
556 53
557 68
558 81
559 67
560 54
561 56
562 53
563 63
564 59
565 44
566 52
567 54
568 60
569 60
570 68
571 70
572 65
573 81
574 89
575 88
576 104
577 102
578 105
579 84
580 95
581 98
582 102
583 81
584 92
585 93
586 70
587 66
588 67
589 57
590 56
591 36
592 37
593 45
594 51
595 39
596 39
597 40
598 40
599 38
600 35
601 29
602 38
603 35
604 43
605 45
606 29
607 33
608 49
609 43
610 37
611 43
612 36
613 37
614 36
615 50
616 30
617 32
618 40
619 36
620 54
621 34
622 27
623 41
624 42
625 33
626 27
627 43
628 35
629 30
630 36
631 32
632 38
633 29
634 34
635 39
636 33
637 41
638 41
639 39
640 35
641 31
642 38
643 29
644 38
645 45
646 34
647 39
648 49
649 42
650 28
651 53
652 40
653 41
654 38
655 54
656 41
657 33
658 47
659 37
660 38
661 39
662 36
663 44
664 43
665 32
666 38
667 34
668 28
669 37
670 28
671 38
672 41
673 47
674 36
675 30
676 33
677 42
678 39
679 49
680 36
681 48
682 36
683 42
684 40
685 36
686 41
687 47
688 34
689 35
690 46
691 43
692 33
693 42
694 42
695 41
696 43
697 51
698 39
699 26
700 33
701 55
702 32
703 31
704 35
705 29
706 39
707 31
708 38
709 32
710 35
711 42
712 42
713 38
714 29
715 29
716 38
717 41
718 36
719 43
720 36
721 38
722 39
723 35
724 32
725 29
726 39
727 27
728 39
729 39
730 37
731 34
732 40
733 35
734 43
735 38
736 44
737 31
738 33
739 42
740 42
741 28
742 42
743 39
744 40
745 35
746 28
747 42
748 39
749 38
750 20
751 40
752 49
753 39
754 31
755 37
756 36
757 31
758 24
759 33
760 30
761 43
762 37
763 27
764 30
765 36
766 38
767 51
768 34
769 28
770 46
771 37
772 31
773 42
774 31
775 37
776 37
777 33
778 34
779 32
780 34
781 37
782 20
783 37
784 31
785 52
786 40
787 29
788 37
789 37
790 42
791 46
792 36
793 35
794 40
795 25
796 38
797 31
798 39
799 40
800 28
801 37
802 46
803 37
804 39
805 42
806 34
807 36
808 28
809 46
810 41
811 35
812 45
813 45
814 31
815 35
816 30
817 46
818 30
819 42
820 45
821 30
822 39
823 40
824 35
825 37
826 33
827 43
828 32
829 29
830 32
831 36
832 29
833 31
834 36
835 36
836 31
837 23
838 44
839 40
840 35
841 39
842 36
843 35
844 40
845 38
846 40
847 37
848 37
849 41
850 30
851 35
852 31
853 31
854 31
855 30
856 41
857 27
858 30
859 28
860 35
861 32
862 36
863 38
864 32
865 31
866 38
867 27
868 44
869 37
870 31
871 25
872 34
873 40
874 32
875 22
876 47
877 58
878 41
879 28
880 35
881 40
882 40
883 33
884 44
885 23
886 24
887 39
888 36
889 40
890 38
891 31
892 21
893 29
894 26
895 37
896 35
897 26
898 34
899 26
900 32
901 34
902 32
903 30
904 35
905 25
906 38
907 27
908 29
909 29
910 24
911 30
912 37
913 36
914 45
915 42
916 41
917 38
918 44
919 38
920 43
921 46
922 48
923 27
924 27
925 34
926 21
927 27
928 34
929 34
930 29
931 49
932 44
933 46
934 27
935 40
936 37
937 40
938 28
939 31
940 34
941 33
942 31
943 48
944 29
945 26
946 42
947 24
948 34
949 41
950 44
951 26
952 34
953 31
954 37
955 31
956 35
957 31
958 35
959 29
960 39
961 26
962 36
963 31
964 27
965 31
966 33
967 36
968 41
969 24
970 25
971 33
972 30
973 36
974 36
975 32
976 34
977 35
978 31
979 33
980 35
981 28
982 36
983 33
984 34
985 33
986 30
987 33
988 23
989 22
990 30
991 36
992 33
993 40
994 28
995 38
996 36
997 32
998 35
999 29
1000 28
1001 28
1002 30
1003 28
1004 27
1005 27
1006 27
1007 26
1008 25
1009 41
1010 25
1011 36
1012 25
1013 31
1014 42
1015 41
1016 32
1017 38
1018 34
1019 36
1020 36
1021 34
1022 29
1023 28
1024 34
1025 24
1026 37
1027 43
1028 30
1029 32
1030 27
1031 38
1032 39
1033 25
1034 37
1035 41
1036 41
1037 27
1038 25
1039 38
1040 29
1041 30
1042 22
1043 29
1044 37
1045 52
1046 30
1047 36
1048 41
1049 35
1050 39
1051 29
1052 36
1053 32
1054 31
1055 24
1056 31
1057 34
1058 27
1059 44
1060 31
1061 34
1062 36
1063 33
1064 28
1065 29
1066 35
1067 29
1068 29
1069 40
1070 23
1071 41
1072 34
1073 26
1074 27
1075 33
1076 22
1077 39
1078 31
1079 29
1080 37
1081 39
1082 26
1083 46
1084 32
1085 37
1086 42
1087 53
1088 84
1089 69
1090 86
1091 89
1092 107
1093 97
1094 120
1095 146
1096 206
1097 275
1098 297
1099 241
1100 184
1101 238
1102 238
1103 354
1104 378
1105 379
1106 426
1107 488
1108 509
1109 672
1110 613
1111 481
1112 424
1113 345
1114 276
1115 217
1116 171
1117 166
1118 106
1119 96
1120 65
1121 42
1122 51
1123 35
1124 30
1125 34
1126 31
1127 27
1128 35
1129 30
1130 39
1131 26
1132 40
1133 30
1134 32
1135 36
1136 29
1137 32
1138 40
1139 43
1140 29
1141 39
1142 43
1143 32
1144 28
1145 39
1146 35
1147 33
1148 31
1149 28
1150 23
1151 37
1152 32
1153 45
1154 29
1155 32
1156 28
1157 28
1158 36
1159 26
1160 27
1161 31
1162 22
1163 27
1164 28
1165 38
1166 30
1167 27
1168 27
1169 36
1170 42
1171 25
1172 31
1173 35
1174 31
1175 26
1176 30
1177 27
1178 29
1179 21
1180 28
1181 36
1182 35
1183 24
1184 21
1185 29
1186 21
1187 37
1188 34
1189 33
1190 46
1191 33
1192 35
1193 27
1194 30
1195 31
1196 32
1197 26
1198 33
1199 32
1200 36
1201 19
1202 28
1203 22
1204 37
1205 27
1206 31
1207 32
1208 29
1209 27
1210 27
1211 30
1212 32
1213 26
1214 27
1215 20
1216 32
1217 25
1218 35
1219 36
1220 36
1221 28
1222 31
1223 27
1224 35
1225 22
1226 34
1227 33
1228 31
1229 40
1230 29
1231 38
1232 33
1233 44
1234 40
1235 40
1236 47
1237 29
1238 56
1239 39
1240 56
1241 46
1242 67
1243 79
1244 86
1245 82
1246 66
1247 86
1248 98
1249 79
1250 61
1251 64
1252 61
1253 54
1254 40
1255 32
1256 32
1257 39
1258 39
1259 23
1260 27
1261 36
1262 35
1263 34
1264 27
1265 27
1266 20
1267 29
1268 24
1269 22
1270 23
1271 17
1272 26
1273 24
1274 18
1275 19
1276 17
1277 21
1278 12
1279 13
1280 27
1281 27
1282 24
1283 31
1284 24
1285 11
1286 21
1287 25
1288 24
1289 24
1290 23
1291 25
1292 27
1293 23
1294 26
1295 33
1296 27
1297 19
1298 21
1299 24
1300 29
1301 32
1302 22
1303 25
1304 22
1305 28
1306 29
1307 34
1308 33
1309 35
1310 33
1311 40
1312 33
1313 45
1314 44
1315 42
1316 39
1317 31
1318 41
1319 35
1320 34
1321 34
1322 35
1323 33
1324 34
1325 28
1326 26
1327 28
1328 30
1329 28
1330 30
1331 17
1332 24
1333 26
1334 24
1335 22
1336 31
1337 14
1338 36
1339 22
1340 23
1341 25
1342 31
1343 23
1344 18
1345 18
1346 28
1347 16
1348 24
1349 27
1350 23
1351 20
1352 22
1353 19
1354 29
1355 26
1356 24
1357 16
1358 28
1359 23
1360 28
1361 25
1362 24
1363 24
1364 25
1365 29
1366 21
1367 25
1368 23
1369 19
1370 24
1371 26
1372 23
1373 25
1374 25
1375 28
1376 31
1377 28
1378 18
1379 25
1380 27
1381 32
1382 29
1383 38
1384 26
1385 35
1386 42
1387 31
1388 37
1389 43
1390 76
1391 95
1392 100
1393 93
1394 134
1395 127
1396 131
1397 142
1398 176
1399 168
1400 163
1401 178
1402 218
1403 230
1404 244
1405 226
1406 208
1407 196
1408 176
1409 106
1410 84
1411 101
1412 113
1413 73
1414 74
1415 77
1416 57
1417 46
1418 39
1419 31
1420 18
1421 24
1422 28
1423 24
1424 28
1425 26
1426 30
1427 17
1428 21
1429 17
1430 24
1431 20
1432 23
1433 20
1434 27
1435 17
1436 27
1437 14
1438 20
1439 16
1440 18
1441 16
1442 25
1443 35
1444 25
1445 19
1446 20
1447 21
1448 25
1449 20
1450 21
1451 24
1452 17
1453 18
1454 26
1455 21
1456 18
1457 23
1458 25
1459 17
1460 25
1461 20
1462 25
1463 26
1464 17
1465 24
1466 26
1467 20
1468 14
1469 20
1470 16
1471 22
1472 25
1473 19
1474 20
1475 21
1476 17
1477 26
1478 17
1479 14
1480 15
1481 22
1482 29
1483 20
1484 14
1485 16
1486 19
1487 25
1488 18
1489 17
1490 23
1491 22
1492 29
1493 18
1494 18
1495 17
1496 23
1497 15
1498 18
1499 20
1500 18
1501 28
1502 13
1503 20
1504 18
1505 24
1506 28
1507 14
1508 18
1509 21
1510 22
1511 18
1512 24
1513 19
1514 16
1515 20
1516 19
1517 19
1518 24
1519 17
1520 20
1521 28
1522 25
1523 27
1524 27
1525 19
1526 15
1527 25
1528 21
1529 28
1530 17
1531 26
1532 21
1533 17
1534 12
1535 18
1536 23
1537 21
1538 26
1539 15
1540 19
1541 13
1542 24
1543 20
1544 21
1545 22
1546 21
1547 30
1548 19
1549 23
1550 23
1551 25
1552 25
1553 20
1554 14
1555 23
1556 23
1557 17
1558 15
1559 13
1560 22
1561 18
1562 21
1563 22
1564 10
1565 15
1566 26
1567 23
1568 22
1569 22
1570 19
1571 8
1572 15
1573 12
1574 28
1575 22
1576 32
1577 17
1578 22
1579 22
1580 22
1581 17
1582 20
1583 27
1584 19
1585 34
1586 19
1587 18
1588 19
1589 16
1590 26
1591 18
1592 19
1593 27
1594 15
1595 22
1596 20
1597 18
1598 22
1599 16
1600 19
1601 24
1602 23
1603 19
1604 21
1605 26
1606 16
1607 15
1608 22
1609 14
1610 25
1611 18
1612 25
1613 19
1614 14
1615 19
1616 15
1617 19
1618 15
1619 15
1620 16
1621 20
1622 25
1623 15
1624 15
1625 21
1626 14
1627 14
1628 18
1629 19
1630 20
1631 17
1632 18
1633 17
1634 21
1635 14
1636 17
1637 18
1638 14
1639 18
1640 18
1641 17
1642 20
1643 17
1644 14
1645 16
1646 21
1647 21
1648 10
1649 16
1650 22
1651 12
1652 20
1653 20
1654 15
1655 18
1656 30
1657 23
1658 12
1659 20
1660 24
1661 18
1662 20
1663 15
1664 16
1665 21
1666 23
1667 20
1668 22
1669 19
1670 27
1671 28
1672 23
1673 16
1674 21
1675 20
1676 16
1677 20
1678 19
1679 25
1680 17
1681 20
1682 16
1683 16
1684 15
1685 12
1686 17
1687 16
1688 15
1689 11
1690 12
1691 9
1692 14
1693 22
1694 18
1695 12
1696 19
1697 24
1698 17
1699 23
1700 24
1701 18
1702 23
1703 30
1704 12
1705 15
1706 17
1707 23
1708 17
1709 13
1710 19
1711 19
1712 18
1713 17
1714 14
1715 13
1716 18
1717 15
1718 13
1719 10
1720 13
1721 18
1722 14
1723 20
1724 15
1725 18
1726 18
1727 17
1728 10
1729 14
1730 17
1731 15
1732 7
1733 12
1734 22
1735 18
1736 11
1737 16
1738 21
1739 21
1740 17
1741 27
1742 20
1743 20
1744 19
1745 14
1746 17
1747 23
1748 16
1749 19
1750 23
1751 19
1752 19
1753 16
1754 26
1755 11
1756 16
1757 19
1758 18
1759 22
1760 19
1761 16
1762 22
1763 11
1764 20
1765 13
1766 13
1767 12
1768 20
1769 18
1770 7
1771 19
1772 18
1773 21
1774 27
1775 21
1776 18
1777 11
1778 24
1779 12
1780 22
1781 26
1782 11
1783 15
1784 21
1785 15
1786 20
1787 9
1788 16
1789 19
1790 24
1791 15
1792 19
1793 15
1794 17
1795 14
1796 11
1797 15
1798 24
1799 19
1800 25
1801 14
1802 17
1803 14
1804 19
1805 19
1806 19
1807 14
1808 23
1809 18
1810 19
1811 17
1812 18
1813 16
1814 19
1815 18
1816 17
1817 22
1818 17
1819 30
1820 31
1821 18
1822 19
1823 29
1824 23
1825 16
1826 7
1827 16
1828 16
1829 24
1830 18
1831 16
1832 16
1833 19
1834 26
1835 17
1836 14
1837 21
1838 18
1839 16
1840 14
1841 19
1842 21
1843 12
1844 18
1845 18
1846 22
1847 14
1848 21
1849 19
1850 20
1851 21
1852 16
1853 20
1854 28
1855 17
1856 21
1857 32
1858 33
1859 45
1860 56
1861 48
1862 42
1863 31
1864 42
1865 55
1866 83
1867 90
1868 72
1869 78
1870 86
1871 92
1872 110
1873 88
1874 85
1875 111
1876 93
1877 172
1878 257
1879 234
1880 189
1881 162
1882 117
1883 78
1884 70
1885 62
1886 74
1887 73
1888 55
1889 30
1890 27
1891 24
1892 14
1893 18
1894 16
1895 16
1896 19
1897 30
1898 14
1899 15
1900 18
1901 13
1902 18
1903 12
1904 17
1905 16
1906 15
1907 14
1908 12
1909 18
1910 15
1911 15
1912 17
1913 13
1914 19
1915 13
1916 13
1917 13
1918 22
1919 18
1920 19
1921 21
1922 22
1923 15
1924 15
1925 14
1926 22
1927 25
1928 21
1929 19
1930 19
1931 23
1932 17
1933 17
1934 19
1935 18
1936 21
1937 17
1938 22
1939 24
1940 19
1941 15
1942 9
1943 21
1944 19
1945 18
1946 19
1947 15
1948 18
1949 19
1950 20
1951 10
1952 16
1953 20
1954 19
1955 14
1956 11
1957 16
1958 14
1959 17
1960 24
1961 25
1962 17
1963 15
1964 13
1965 5
1966 17
1967 19
1968 19
1969 13
1970 16
1971 14
1972 18
1973 10
1974 12
1975 16
1976 24
1977 21
1978 18
1979 18
1980 15
1981 17
1982 13
1983 10
1984 15
1985 17
1986 10
1987 14
1988 14
1989 19
1990 11
1991 18
1992 16
1993 26
1994 23
1995 17
1996 15
1997 15
1998 16
1999 13
2000 13
2001 11
2002 24
2003 19
2004 14
2005 18
2006 18
2007 13
2008 19
2009 19
2010 16
2011 17
2012 14
2013 10
2014 7
2015 11
2016 13
2017 16
2018 23
2019 12
2020 8
2021 15
2022 14
2023 13
2024 17
2025 14
2026 13
2027 20
2028 16
2029 15
2030 21
2031 19
2032 14
2033 15
2034 12
2035 13
2036 13
2037 15
2038 23
2039 13
2040 22
2041 23
2042 19
2043 15
2044 16
2045 22
2046 15
2047 16
2048 15
2049 23
2050 16
2051 9
2052 12
2053 19
2054 14
2055 16
2056 18
2057 13
2058 12
2059 16
2060 15
2061 16
2062 14
2063 14
2064 21
2065 18
2066 10
2067 16
2068 19
2069 17
2070 14
2071 17
2072 22
2073 15
2074 14
2075 20
2076 13
2077 14
2078 18
2079 21
2080 19
2081 10
2082 17
2083 13
2084 19
2085 21
2086 13
2087 17
2088 10
2089 11
2090 17
2091 10
2092 10
2093 15
2094 10
2095 13
2096 18
2097 20
2098 19
2099 10
2100 13
2101 12
2102 15
2103 24
2104 15
2105 10
2106 16
2107 31
2108 25
2109 23
2110 30
2111 33
2112 27
2113 27
2114 33
2115 39
2116 49
2117 60
2118 69
2119 78
2120 82
2121 82
2122 98
2123 115
2124 153
2125 215
2126 252
2127 288
2128 216
2129 217
2130 253
2131 307
2132 382
2133 391
2134 506
2135 520
2136 469
2137 379
2138 385
2139 297
2140 321
2141 313
2142 337
2143 337
2144 268
2145 239
2146 216
2147 159
2148 146
2149 126
2150 101
2151 109
2152 71
2153 74
2154 46
2155 31
2156 46
2157 21
2158 15
2159 18
2160 27
2161 28
2162 28
2163 15
2164 17
2165 13
2166 11
2167 17
2168 18
2169 19
2170 12
2171 19
2172 16
2173 21
2174 15
2175 13
2176 20
2177 21
2178 19
2179 21
2180 14
2181 13
2182 13
2183 14
2184 13
2185 14
2186 18
2187 16
2188 10
2189 17
2190 23
2191 16
2192 17
2193 20
2194 8
2195 12
2196 21
2197 18
2198 13
2199 15
2200 12
2201 13
2202 18
2203 17
2204 12
2205 14
2206 14
2207 13
2208 14
2209 13
2210 12
2211 15
2212 20
2213 15
2214 15
2215 17
2216 18
2217 16
2218 13
2219 19
2220 7
2221 7
2222 16
2223 9
2224 11
2225 16
2226 8
2227 15
2228 12
2229 16
2230 16
2231 13
2232 17
2233 16
2234 23
2235 19
2236 21
2237 12
2238 11
2239 12
2240 17
2241 12
2242 12
2243 19
2244 19
2245 20
2246 8
2247 12
2248 21
2249 22
2250 15
2251 17
2252 18
2253 14
2254 14
2255 10
2256 18
2257 18
2258 14
2259 17
2260 15
2261 12
2262 21
2263 16
2264 22
2265 14
2266 14
2267 14
2268 23
2269 9
2270 15
2271 13
2272 14
2273 8
2274 10
2275 16
2276 13
2277 10
2278 12
2279 10
2280 9
2281 11
2282 18
2283 13
2284 6
2285 14
2286 11
2287 11
2288 11
2289 16
2290 10
2291 12
2292 13
2293 14
2294 19
2295 11
2296 12
2297 11
2298 15
2299 10
2300 20
2301 9
2302 14
2303 19
2304 15
2305 20
2306 17
2307 22
2308 17
2309 20
2310 16
2311 16
2312 17
2313 10
2314 10
2315 11
2316 14
2317 19
2318 17
2319 14
2320 16
2321 18
2322 18
2323 16
2324 24
2325 28
2326 34
2327 35
2328 25
2329 42
2330 57
2331 54
2332 43
2333 69
2334 60
2335 68
2336 52
2337 67
2338 72
2339 91
2340 83
2341 111
2342 80
2343 80
2344 78
2345 82
2346 121
2347 89
2348 65
2349 87
2350 67
2351 88
2352 77
2353 46
2354 76
2355 52
2356 45
2357 41
2358 34
2359 23
2360 21
2361 34
2362 24
2363 23
2364 21
2365 17
2366 18
2367 18
2368 16
2369 15
2370 14
2371 19
2372 15
2373 19
2374 13
2375 12
2376 12
2377 11
2378 14
2379 16
2380 14
2381 13
2382 10
2383 14
2384 7
2385 18
2386 9
2387 12
2388 9
2389 14
2390 12
2391 4
2392 16
2393 13
2394 11
2395 9
2396 14
2397 11
2398 14
2399 18
2400 12
2401 12
2402 14
2403 10
2404 18
2405 17
2406 9
2407 12
2408 11
2409 15
2410 24
2411 13
2412 13
2413 13
2414 15
2415 13
2416 17
2417 12
2418 11
2419 15
2420 6
2421 17
2422 16
2423 12
2424 13
2425 11
2426 14
2427 10
2428 18
2429 8
2430 11
2431 17
2432 19
2433 10
2434 11
2435 13
2436 11
2437 18
2438 10
2439 13
2440 10
2441 16
2442 10
2443 14
2444 11
2445 14
2446 13
2447 16
2448 13
2449 12
2450 6
2451 8
2452 17
2453 13
2454 12
2455 15
2456 10
2457 12
2458 14
2459 16
2460 13
2461 11
2462 16
2463 7
2464 5
2465 10
2466 10
2467 11
2468 8
2469 4
2470 10
2471 8
2472 14
2473 6
2474 12
2475 8
2476 15
2477 13
2478 13
2479 7
2480 8
2481 15
2482 12
2483 12
2484 9
2485 12
2486 7
2487 10
2488 12
2489 7
2490 8
2491 16
2492 11
2493 17
2494 9
2495 7
2496 17
2497 15
2498 9
2499 9
2500 16
2501 15
2502 12
2503 11
2504 11
2505 15
2506 11
2507 8
2508 11
2509 12
2510 15
2511 11
2512 14
2513 19
2514 11
2515 12
2516 9
2517 11
2518 9
2519 11
2520 8
2521 7
2522 10
2523 7
2524 22
2525 16
2526 11
2527 5
2528 11
2529 13
2530 12
2531 14
2532 6
2533 14
2534 9
2535 10
2536 10
2537 10
2538 9
2539 8
2540 12
2541 12
2542 9
2543 11
2544 14
2545 9
2546 9
2547 12
2548 9
2549 14
2550 10
2551 13
2552 14
2553 9
2554 11
2555 16
2556 7
2557 12
2558 14
2559 15
