0 49
1 24
2 33
3 32
4 29
5 41
6 33
7 25
8 26
9 31
10 28
11 30
12 38
13 36
14 34
15 24
16 36
17 30
18 36
19 54
20 29
21 37
22 32
23 32
24 29
25 35
26 30
27 32
28 31
29 34
30 27
31 31
32 30
33 29
34 33
35 32
36 28
37 26
38 34
39 35
40 18
41 35
42 22
43 28
44 31
45 27
46 25
47 23
48 39
49 38
50 32
51 40
52 43
53 38
54 33
55 36
56 26
57 38
58 36
59 30
60 26
61 48
62 22
63 27
64 32
65 29
66 26
67 27
68 34
69 37
70 30
71 27
72 21
73 34
74 41
75 48
76 31
77 37
78 34
79 25
80 38
81 33
82 34
83 35
84 35
85 24
86 34
87 33
88 20
89 16
90 24
91 37
92 27
93 24
94 38
95 39
96 35
97 32
98 32
99 30
100 33
101 41
102 32
103 44
104 43
105 28
106 38
107 32
108 39
109 41
110 35
111 25
112 43
113 20
114 31
115 32
116 27
117 30
118 34
119 37
120 29
121 36
122 34
123 40
124 36
125 27
126 40
127 38
128 37
129 45
130 39
131 46
132 33
133 27
134 32
135 16
136 33
137 36
138 34
139 38
140 30
141 37
142 37
143 32
144 29
145 37
146 32
147 43
148 39
149 32
150 33
151 32
152 34
153 34
154 38
155 50
156 39
157 35
158 35
159 39
160 36
161 30
162 43
163 36
164 35
165 50
166 20
167 34
168 32
169 39
170 30
171 53
172 36
173 34
174 46
175 30
176 38
177 25
178 43
179 39
180 37
181 26
182 27
183 19
184 45
185 36
186 29
187 35
188 40
189 37
190 28
191 28
192 28
193 35
194 31
195 30
196 34
197 36
198 38
199 34
200 37
201 43
202 61
203 42
204 36
205 44
206 42
207 44
208 39
209 44
210 37
211 35
212 28
213 43
214 43
215 42
216 32
217 31
218 34
219 36
220 39
221 28
222 34
223 28
224 36
225 37
226 34
227 36
228 34
229 37
230 36
231 52
232 44
233 35
234 36
235 24
236 30
237 32
238 32
239 31
240 39
241 22
242 40
243 53
244 37
245 34
246 33
247 44
248 38
249 41
250 45
251 36
252 43
253 34
254 36
255 27
256 30
257 42
258 45
259 33
260 34
261 39
262 31
263 35
264 42
265 41
266 39
267 42
268 45
269 41
270 34
271 40
272 41
273 41
274 32
275 25
276 35
277 34
278 50
279 40
280 38
281 41
282 48
283 40
284 35
285 42
286 48
287 41
288 43
289 44
290 43
291 40
292 34
293 45
294 47
295 43
296 38
297 36
298 60
299 26
300 25
301 50
302 38
303 43
304 40
305 47
306 37
307 33
308 40
309 34
310 33
311 57
312 33
313 34
314 38
315 35
316 36
317 34
318 34
319 48
320 42
321 44
322 47
323 37
324 34
325 33
326 31
327 42
328 37
329 41
330 37
331 38
332 35
333 33
334 31
335 36
336 29
337 43
338 29
339 36
340 43
341 56
342 45
343 38
344 40
345 47
346 38
347 37
348 40
349 41
350 43
351 44
352 36
353 30
354 47
355 42
356 55
357 51
358 37
359 37
360 50
361 39
362 41
363 32
364 41
365 34
366 45
367 58
368 58
369 39
370 39
371 42
372 36
373 49
374 27
375 44
376 29
377 39
378 26
379 33
380 40
381 31
382 49
383 41
384 42
385 40
386 33
387 46
388 35
389 46
390 38
391 40
392 36
393 39
394 48
395 48
396 44
397 47
398 27
399 44
400 29
401 25
402 33
403 36
404 36
405 40
406 52
407 36
408 51
409 44
410 49
411 47
412 44
413 39
414 36
415 33
416 31
417 39
418 38
419 45
420 36
421 42
422 44
423 28
424 43
425 36
426 37
427 44
428 49
429 38
430 50
431 31
432 39
433 41
434 30
435 37
436 27
437 48
438 50
439 38
440 37
441 42
442 36
443 68
444 49
445 42
446 35
447 38
448 33
449 42
450 34
451 38
452 30
453 42
454 39
455 43
456 29
457 48
458 28
459 34
460 33
461 36
462 43
463 35
464 43
465 47
466 40
467 41
468 38
469 41
470 44
471 35
472 38
473 49
474 28
475 57
476 45
477 37
478 41
479 53
480 36
481 43
482 44
483 55
484 36
485 30
486 43
487 42
488 40
489 36
490 47
491 43
492 37
493 46
494 44
495 37
496 43
497 47
498 39
499 52
500 53
501 49
502 62
503 65
504 51
505 41
506 48
507 48
508 47
509 67
510 83
511 78
512 99
513 76
514 79
515 75
516 94
517 82
518 81
519 84
520 100
521 90
522 105
523 108
524 107
525 98
526 99
527 90
528 74
529 76
530 64
531 36
532 40
533 38
534 44
535 44
536 33
537 39
538 35
539 44
540 58
541 41
542 39
543 47
544 46
545 39
546 36
547 48
548 48
549 32
550 45
551 39
552 37
553 30
554 38
555 36
556 42
557 41
558 41
559 38
560 52
561 47
562 51
563 49
564 46
565 43
566 36
567 38
568 30
569 43
570 44
571 50
572 48
573 41
574 42
575 42
576 44
577 32
578 57
579 47
580 49
581 43
582 41
583 44
584 46
585 41
586 42
587 41
588 38
589 39
590 34
591 40
592 55
593 37
594 42
595 43
596 57
597 25
598 39
599 39
600 32
601 49
602 34
603 37
604 39
605 33
606 33
607 41
608 42
609 43
610 43
611 43
612 49
613 50
614 46
615 45
616 37
617 41
618 29
619 47
620 43
621 52
622 32
623 28
624 40
625 39
626 35
627 36
628 35
629 37
630 42
631 51
632 45
633 33
634 39
635 37
636 48
637 41
638 38
639 34
640 33
641 45
642 37
643 39
644 52
645 44
646 49
647 41
648 45
649 38
650 29
651 39
652 33
653 45
654 46
655 51
656 43
657 48
658 49
659 36
660 58
661 37
662 49
663 44
664 39
665 37
666 50
667 37
668 42
669 46
670 45
671 45
672 42
673 34
674 34
675 44
676 47
677 38
678 41
679 38
680 43
681 42
682 44
683 49
684 31
685 37
686 41
687 46
688 46
689 33
690 35
691 32
692 30
693 37
694 44
695 44
696 48
697 40
698 29
699 38
700 34
701 31
702 31
703 34
704 37
705 27
706 39
707 41
708 41
709 37
710 52
711 32
712 44
713 41
714 27
715 49
716 49
717 30
718 39
719 32
720 30
721 39
722 55
723 50
724 51
725 42
726 47
727 42
728 31
729 35
730 40
731 38
732 34
733 33
734 32
735 44
736 31
737 45
738 51
739 37
740 43
741 36
742 48
743 37
744 42
745 47
746 46
747 50
748 49
749 36
750 39
751 37
752 41
753 35
754 36
755 31
756 47
757 38
758 45
759 32
760 40
761 38
762 51
763 49
764 37
765 23
766 38
767 39
768 31
769 47
770 33
771 38
772 40
773 42
774 31
775 45
776 30
777 43
778 34
779 45
780 39
781 36
782 48
783 40
784 41
785 34
786 27
787 43
788 48
789 44
790 34
791 33
792 31
793 38
794 37
795 41
796 40
797 41
798 37
799 30
800 38
801 46
802 30
803 22
804 38
805 52
806 34
807 41
808 54
809 18
810 38
811 46
812 34
813 34
814 33
815 33
816 45
817 33
818 47
819 32
820 34
821 41
822 41
823 49
824 39
825 39
826 43
827 48
828 37
829 36
830 48
831 34
832 38
833 48
834 49
835 37
836 34
837 30
838 48
839 28
840 37
841 39
842 33
843 26
844 42
845 51
846 40
847 47
848 42
849 32
850 55
851 41
852 42
853 42
854 45
855 54
856 45
857 27
858 48
859 32
860 54
861 31
862 50
863 29
864 46
865 46
866 37
867 44
868 32
869 42
870 33
871 42
872 37
873 46
874 41
875 37
876 47
877 32
878 44
879 34
880 36
881 34
882 46
883 53
884 32
885 31
886 40
887 41
888 44
889 34
890 29
891 27
892 32
893 27
894 34
895 25
896 34
897 40
898 36
899 41
900 42
901 38
902 37
903 43
904 37
905 32
906 33
907 38
908 39
909 45
910 33
911 42
912 42
913 33
914 40
915 31
916 38
917 32
918 34
919 26
920 41
921 38
922 42
923 37
924 27
925 36
926 37
927 42
928 36
929 40
930 33
931 46
932 37
933 42
934 37
935 23
936 33
937 34
938 34
939 43
940 44
941 31
942 37
943 33
944 42
945 39
946 41
947 42
948 33
949 43
950 40
951 37
952 31
953 32
954 36
955 22
956 29
957 36
958 33
959 29
960 35
961 40
962 37
963 43
964 41
965 26
966 25
967 30
968 45
969 25
970 35
971 29
972 39
973 35
974 33
975 35
976 46
977 46
978 45
979 33
980 37
981 31
982 36
983 41
984 36
985 38
986 46
987 24
988 44
989 43
990 26
991 35
992 26
993 32
994 28
995 34
996 41
997 36
998 33
999 38
1000 39
1001 38
1002 42
1003 37
1004 37
1005 37
1006 43
1007 50
1008 43
1009 50
1010 70
1011 73
1012 64
1013 60
1014 92
1015 102
1016 104
1017 102
1018 115
1019 84
1020 100
1021 113
1022 112
1023 159
1024 159
1025 174
1026 198
1027 235
1028 322
1029 333
1030 369
1031 454
1032 598
1033 729
1034 728
1035 627
1036 590
1037 560
1038 513
1039 465
1040 328
1041 310
1042 270
1043 195
1044 146
1045 112
1046 80
1047 39
1048 51
1049 54
1050 53
1051 35
1052 36
1053 44
1054 45
1055 44
1056 30
1057 37
1058 35
1059 37
1060 29
1061 48
1062 30
1063 35
1064 50
1065 35
1066 33
1067 42
1068 45
1069 38
1070 35
1071 44
1072 39
1073 32
1074 30
1075 40
1076 38
1077 29
1078 33
1079 31
1080 33
1081 36
1082 38
1083 40
1084 26
1085 32
1086 41
1087 29
1088 34
1089 25
1090 28
1091 40
1092 18
1093 27
1094 37
1095 31
1096 42
1097 34
1098 26
1099 20
1100 41
1101 29
1102 28
1103 41
1104 31
1105 30
1106 23
1107 29
1108 28
1109 39
1110 28
1111 44
1112 24
1113 36
1114 31
1115 30
1116 41
1117 17
1118 27
1119 34
1120 36
1121 35
1122 30
1123 25
1124 40
1125 40
1126 27
1127 35
1128 31
1129 32
1130 28
1131 37
1132 27
1133 32
1134 35
1135 45
1136 31
1137 38
1138 35
1139 33
1140 25
1141 26
1142 29
1143 34
1144 22
1145 17
1146 27
1147 37
1148 31
1149 40
1150 38
1151 41
1152 43
1153 50
1154 52
1155 65
1156 68
1157 55
1158 51
1159 52
1160 47
1161 52
1162 70
1163 78
1164 69
1165 58
1166 74
1167 55
1168 40
1169 45
1170 87
1171 95
1172 80
1173 73
1174 58
1175 40
1176 41
1177 38
1178 31
1179 36
1180 36
1181 29
1182 41
1183 31
1184 40
1185 36
1186 39
1187 36
1188 32
1189 42
1190 31
1191 28
1192 27
1193 25
1194 27
1195 31
1196 36
1197 26
1198 46
1199 34
1200 23
1201 39
1202 37
1203 45
1204 30
1205 25
1206 28
1207 28
1208 32
1209 33
1210 29
1211 24
1212 31
1213 36
1214 37
1215 38
1216 39
1217 35
1218 25
1219 35
1220 37
1221 29
1222 45
1223 38
1224 35
1225 33
1226 41
1227 37
1228 32
1229 24
1230 28
1231 46
1232 33
1233 45
1234 27
1235 36
1236 24
1237 29
1238 32
1239 28
1240 26
1241 36
1242 24
1243 28
1244 38
1245 28
1246 27
1247 26
1248 35
1249 28
1250 26
1251 29
1252 34
1253 39
1254 33
1255 36
1256 33
1257 26
1258 37
1259 31
1260 27
1261 24
1262 29
1263 20
1264 23
1265 32
1266 30
1267 32
1268 25
1269 23
1270 34
1271 23
1272 32
1273 30
1274 25
1275 16
1276 13
1277 14
1278 12
1279 24
1280 32
1281 33
1282 16
1283 21
1284 28
1285 25
1286 28
1287 28
1288 28
1289 27
1290 37
1291 20
1292 38
1293 33
1294 33
1295 34
1296 40
1297 46
1298 44
1299 48
1300 60
1301 56
1302 60
1303 74
1304 75
1305 78
1306 84
1307 117
1308 144
1309 155
1310 140
1311 142
1312 182
1313 248
1314 266
1315 240
1316 187
1317 155
1318 233
1319 208
1320 237
1321 217
1322 164
1323 160
1324 138
1325 139
1326 117
1327 81
1328 66
1329 43
1330 39
1331 33
1332 41
1333 37
1334 25
1335 31
1336 24
1337 23
1338 26
1339 28
1340 29
1341 17
1342 21
1343 18
1344 30
1345 26
1346 28
1347 26
1348 26
1349 24
1350 35
1351 22
1352 19
1353 26
1354 22
1355 21
1356 29
1357 32
1358 16
1359 25
1360 23
1361 21
1362 21
1363 30
1364 22
1365 25
1366 21
1367 19
1368 22
1369 28
1370 18
1371 23
1372 28
1373 22
1374 25
1375 25
1376 22
1377 23
1378 25
1379 26
1380 19
1381 20
1382 32
1383 22
1384 9
1385 24
1386 19
1387 29
1388 31
1389 23
1390 20
1391 26
1392 34
1393 20
1394 24
1395 21
1396 17
1397 22
1398 28
1399 17
1400 25
1401 22
1402 20
1403 23
1404 32
1405 30
1406 26
1407 22
1408 21
1409 27
1410 30
1411 27
1412 21
1413 18
1414 24
1415 29
1416 17
1417 23
1418 28
1419 23
1420 23
1421 20
1422 15
1423 19
1424 23
1425 23
1426 24
1427 17
1428 26
1429 24
1430 18
1431 15
1432 13
1433 29
1434 28
1435 12
1436 16
1437 20
1438 18
1439 31
1440 18
1441 17
1442 17
1443 24
1444 17
1445 24
1446 29
1447 23
1448 27
1449 24
1450 21
1451 21
1452 24
1453 28
1454 26
1455 24
1456 21
1457 25
1458 30
1459 17
1460 18
1461 24
1462 21
1463 15
1464 22
1465 12
1466 20
1467 17
1468 23
1469 24
1470 24
1471 23
1472 25
1473 22
1474 23
1475 21
1476 21
1477 21
1478 16
1479 18
1480 24
1481 23
1482 32
1483 22
1484 17
1485 22
1486 19
1487 31
1488 24
1489 31
1490 25
1491 24
1492 15
1493 22
1494 24
1495 21
1496 29
1497 21
1498 19
1499 25
1500 22
1501 28
1502 27
1503 26
1504 25
1505 18
1506 23
1507 23
1508 17
1509 31
1510 38
1511 27
1512 22
1513 23
1514 21
1515 22
1516 16
1517 27
1518 24
1519 21
1520 18
1521 17
1522 18
1523 18
1524 21
1525 23
1526 16
1527 19
1528 16
1529 21
1530 10
1531 22
1532 19
1533 19
1534 14
1535 23
1536 14
1537 17
1538 20
1539 23
1540 20
1541 25
1542 19
1543 14
1544 24
1545 20
1546 29
1547 23
1548 17
1549 18
1550 14
1551 23
1552 27
1553 16
1554 14
1555 16
1556 23
1557 26
1558 19
1559 17
1560 15
1561 32
1562 24
1563 27
1564 20
1565 15
1566 28
1567 22
1568 19
1569 27
1570 24
1571 21
1572 24
1573 23
1574 21
1575 31
1576 22
1577 23
1578 26
1579 23
1580 17
1581 16
1582 20
1583 20
1584 21
1585 27
1586 17
1587 20
1588 17
1589 17
1590 23
1591 23
1592 24
1593 11
1594 23
1595 23
1596 21
1597 16
1598 23
1599 18
1600 22
1601 26
1602 17
1603 22
1604 22
1605 28
1606 21
1607 23
1608 21
1609 16
1610 13
1611 17
1612 16
1613 34
1614 19
1615 24
1616 24
1617 17
1618 23
1619 17
1620 26
1621 23
1622 25
1623 22
1624 15
1625 13
1626 13
1627 17
1628 22
1629 21
1630 22
1631 24
1632 17
1633 14
1634 26
1635 14
1636 17
1637 22
1638 19
1639 21
1640 16
1641 22
1642 17
1643 12
1644 15
1645 20
1646 14
1647 17
1648 15
1649 22
1650 20
1651 24
1652 16
1653 22
1654 16
1655 18
1656 24
1657 17
1658 28
1659 20
1660 21
1661 17
1662 24
1663 13
1664 12
1665 18
1666 16
1667 24
1668 23
1669 23
1670 25
1671 24
1672 18
1673 20
1674 22
1675 29
1676 17
1677 19
1678 18
1679 22
1680 30
1681 22
1682 21
1683 18
1684 21
1685 15
1686 18
1687 23
1688 20
1689 16
1690 17
1691 22
1692 18
1693 24
1694 27
1695 15
1696 29
1697 22
1698 14
1699 24
1700 15
1701 28
1702 18
1703 15
1704 20
1705 22
1706 20
1707 22
1708 19
1709 15
1710 25
1711 22
1712 21
1713 22
1714 26
1715 21
1716 27
1717 27
1718 27
1719 24
1720 19
1721 22
1722 23
1723 25
1724 17
1725 26
1726 32
1727 34
1728 26
1729 30
1730 18
1731 14
1732 21
1733 14
1734 15
1735 25
1736 14
1737 17
1738 20
1739 23
1740 20
1741 17
1742 20
1743 23
1744 14
1745 31
1746 17
1747 16
1748 20
1749 25
1750 25
1751 22
1752 23
1753 24
1754 19
1755 31
1756 46
1757 43
1758 25
1759 30
1760 37
1761 35
1762 65
1763 62
1764 65
1765 48
1766 68
1767 58
1768 69
1769 90
1770 115
1771 122
1772 129
1773 113
1774 86
1775 84
1776 125
1777 123
1778 111
1779 95
1780 99
1781 102
1782 152
1783 120
1784 82
1785 57
1786 53
1787 39
1788 34
1789 39
1790 25
1791 25
1792 22
1793 17
1794 21
1795 21
1796 17
1797 25
1798 24
1799 18
1800 14
1801 18
1802 17
1803 23
1804 21
1805 21
1806 19
1807 19
1808 14
1809 20
1810 21
1811 21
1812 19
1813 26
1814 17
1815 23
1816 20
1817 13
1818 27
1819 17
1820 22
1821 17
1822 16
1823 12
1824 16
1825 21
1826 17
1827 20
1828 18
1829 18
1830 23
1831 21
1832 12
1833 17
1834 24
1835 15
1836 18
1837 20
1838 17
1839 22
1840 19
1841 22
1842 16
1843 13
1844 20
1845 24
1846 18
1847 7
1848 16
1849 21
1850 17
1851 27
1852 20
1853 18
1854 17
1855 19
1856 19
1857 18
1858 19
1859 21
1860 15
1861 19
1862 17
1863 22
1864 21
1865 21
1866 15
1867 14
1868 20
1869 23
1870 26
1871 16
1872 21
1873 14
1874 19
1875 13
1876 13
1877 13
1878 12
1879 19
1880 16
1881 18
1882 18
1883 17
1884 26
1885 16
1886 19
1887 15
1888 12
1889 14
1890 17
1891 15
1892 16
1893 14
1894 20
1895 20
1896 23
1897 12
1898 13
1899 19
1900 17
1901 15
1902 17
1903 14
1904 21
1905 15
1906 20
1907 21
1908 15
1909 14
1910 19
1911 15
1912 23
1913 23
1914 14
1915 16
1916 17
1917 22
1918 17
1919 18
1920 20
1921 18
1922 23
1923 21
1924 17
1925 17
1926 33
1927 17
1928 10
1929 19
1930 21
1931 17
1932 27
1933 13
1934 16
1935 20
1936 15
1937 15
1938 26
1939 17
1940 24
1941 20
1942 13
1943 13
1944 20
1945 21
1946 14
1947 11
1948 23
1949 13
1950 18
1951 23
1952 10
1953 19
1954 24
1955 21
1956 15
1957 12
1958 16
1959 17
1960 16
1961 24
1962 16
1963 22
1964 18
1965 18
1966 23
1967 17
1968 25
1969 20
1970 19
1971 18
1972 17
1973 21
1974 19
1975 26
1976 24
1977 17
1978 13
1979 20
1980 19
1981 15
1982 15
1983 20
1984 21
1985 17
1986 19
1987 15
1988 14
1989 23
1990 15
1991 18
1992 14
1993 22
1994 29
1995 24
1996 20
1997 31
1998 30
1999 19
2000 31
2001 36
2002 27
2003 33
2004 70
2005 65
2006 70
2007 95
2008 89
2009 84
2010 93
2011 96
2012 84
2013 102
2014 170
2015 143
2016 181
2017 208
2018 240
2019 226
2020 239
2021 298
2022 349
2023 361
2024 398
2025 355
2026 443
2027 435
2028 362
2029 310
2030 253
2031 321
2032 298
2033 248
2034 202
2035 235
2036 179
2037 181
2038 165
2039 171
2040 125
2041 111
2042 86
2043 74
2044 69
2045 66
2046 49
2047 56
2048 39
2049 29
2050 39
2051 46
2052 29
2053 27
2054 22
2055 16
2056 20
2057 18
2058 20
2059 16
2060 18
2061 16
2062 23
2063 14
2064 14
2065 18
2066 21
2067 18
2068 19
2069 17
2070 19
2071 19
2072 14
2073 20
2074 21
2075 14
2076 20
2077 21
2078 15
2079 14
2080 19
2081 16
2082 26
2083 17
2084 20
2085 11
2086 22
2087 20
2088 15
2089 17
2090 14
2091 20
2092 16
2093 16
2094 10
2095 26
2096 17
2097 13
2098 11
2099 16
2100 8
2101 11
2102 14
2103 18
2104 16
2105 14
2106 15
2107 21
2108 17
2109 20
2110 16
2111 20
2112 16
2113 17
2114 16
2115 16
2116 13
2117 14
2118 18
2119 17
2120 14
2121 21
2122 22
2123 19
2124 19
2125 10
2126 18
2127 15
2128 10
2129 11
2130 15
2131 15
2132 16
2133 16
2134 15
2135 18
2136 13
2137 20
2138 16
2139 23
2140 13
2141 11
2142 16
2143 18
2144 15
2145 17
2146 21
2147 21
2148 23
2149 19
2150 18
2151 19
2152 18
2153 24
2154 17
2155 20
2156 16
2157 18
2158 16
2159 19
2160 13
2161 17
2162 13
2163 22
2164 22
2165 22
2166 15
2167 24
2168 14
2169 18
2170 16
2171 16
2172 19
2173 14
2174 18
2175 17
2176 13
2177 17
2178 9
2179 20
2180 20
2181 13
2182 14
2183 10
2184 14
2185 12
2186 15
2187 16
2188 16
2189 9
2190 17
2191 13
2192 19
2193 23
2194 21
2195 18
2196 19
2197 14
2198 22
2199 30
2200 24
2201 26
2202 26
2203 12
2204 21
2205 24
2206 26
2207 22
2208 25
2209 23
2210 48
2211 40
2212 40
2213 49
2214 41
2215 66
2216 60
2217 74
2218 49
2219 59
2220 67
2221 83
2222 97
2223 86
2224 92
2225 92
2226 82
2227 94
2228 81
2229 87
2230 95
2231 95
2232 104
2233 120
2234 88
2235 89
2236 77
2237 65
2238 62
2239 52
2240 52
2241 48
2242 39
2243 34
2244 49
2245 30
2246 30
2247 23
2248 31
2249 27
2250 25
2251 18
2252 19
2253 19
2254 21
2255 20
2256 8
2257 12
2258 15
2259 15
2260 16
2261 13
2262 11
2263 7
2264 9
2265 14
2266 16
2267 10
2268 14
2269 11
2270 20
2271 20
2272 27
2273 18
2274 14
2275 17
2276 14
2277 11
2278 16
2279 11
2280 14
2281 14
2282 11
2283 14
2284 13
2285 14
2286 16
2287 13
2288 14
2289 12
2290 22
2291 24
2292 11
2293 13
2294 11
2295 16
2296 19
2297 17
2298 10
2299 19
2300 18
2301 9
2302 18
2303 16
2304 20
2305 17
2306 11
2307 7
2308 10
2309 14
2310 15
2311 15
2312 14
2313 15
2314 13
2315 13
2316 15
2317 18
2318 16
2319 7
2320 10
2321 10
2322 14
2323 15
2324 17
2325 10
2326 12
2327 8
2328 15
2329 14
2330 10
2331 14
2332 11
2333 18
2334 15
2335 7
2336 19
2337 21
2338 12
2339 8
2340 19
2341 16
2342 23
2343 8
2344 11
2345 16
2346 14
2347 10
2348 12
2349 13
2350 10
2351 15
2352 14
2353 16
2354 14
2355 10
2356 19
2357 8
2358 13
2359 24
2360 10
2361 10
2362 10
2363 17
2364 13
2365 10
2366 15
2367 17
2368 7
2369 12
2370 8
2371 14
2372 17
2373 15
2374 18
2375 13
2376 12
2377 10
2378 18
2379 10
2380 8
2381 13
2382 15
2383 13
2384 12
2385 11
2386 11
2387 8
2388 12
2389 20
2390 8
2391 7
2392 9
2393 9
2394 13
2395 8
2396 19
2397 14
2398 19
2399 11
2400 10
2401 12
2402 17
2403 13
2404 18
2405 10
2406 13
2407 8
2408 12
2409 12
2410 16
2411 11
2412 18
2413 11
2414 14
2415 13
2416 15
2417 15
2418 10
2419 10
2420 14
2421 9
2422 7
2423 11
2424 14
2425 8
2426 12
2427 13
2428 12
2429 21
2430 13
2431 12
2432 15
2433 11
2434 15
2435 9
2436 11
2437 16
2438 18
2439 11
2440 14
2441 18
2442 8
2443 18
2444 14
2445 17
2446 15
2447 13
2448 13
2449 19
2450 11
2451 7
2452 12
2453 11
2454 11
2455 7
2456 10
2457 12
2458 12
2459 11
2460 12
2461 17
2462 15
2463 12
2464 13
2465 12
2466 7
2467 13
2468 8
2469 15
2470 16
2471 15
2472 8
2473 9
2474 8
2475 13
2476 14
2477 8
2478 11
2479 11
2480 9
2481 10
2482 18
2483 18
2484 16
2485 13
2486 19
2487 13
2488 17
2489 17
2490 14
2491 20
2492 10
2493 15
2494 17
2495 15
2496 21
2497 21
2498 21
2499 24
2500 22
2501 18
2502 26
2503 23
2504 34
2505 44
2506 46
2507 56
2508 45
2509 48
2510 52
2511 53
2512 61
2513 75
2514 80
2515 76
2516 63
2517 64
2518 59
2519 54
2520 61
2521 62
2522 48
2523 47
2524 42
2525 47
2526 53
2527 41
2528 45
2529 26
2530 37
2531 29
2532 29
2533 24
2534 23
2535 22
2536 23
2537 17
2538 26
2539 16
2540 15
2541 13
2542 14
2543 20
2544 11
2545 13
2546 19
2547 12
2548 14
2549 11
2550 7
2551 15
2552 17
2553 12
2554 12
2555 10
2556 8
2557 17
2558 12
2559 14
