0 39
1 24
2 26
3 31
4 28
5 33
6 30
7 21
8 26
9 36
10 24
11 17
12 32
13 23
14 27
15 32
16 35
17 25
18 29
19 29
20 30
21 26
22 25
23 38
24 31
25 28
26 38
27 35
28 32
29 30
30 40
31 28
32 39
33 23
34 25
35 26
36 35
37 27
38 29
39 25
40 28
41 34
42 34
43 16
44 20
45 34
46 23
47 22
48 31
49 22
50 35
51 28
52 29
53 26
54 25
55 42
56 28
57 35
58 35
59 28
60 27
61 27
62 26
63 37
64 20
65 21
66 26
67 23
68 31
69 31
70 34
71 25
72 26
73 36
74 26
75 25
76 41
77 31
78 22
79 35
80 35
81 23
82 16
83 36
84 28
85 32
86 27
87 36
88 31
89 32
90 28
91 19
92 26
93 23
94 29
95 24
96 27
97 30
98 30
99 20
100 19
101 34
102 30
103 24
104 23
105 30
106 23
107 16
108 29
109 28
110 29
111 36
112 20
113 34
114 46
115 34
116 20
117 25
118 31
119 31
120 25
121 21
122 26
123 27
124 34
125 23
126 24
127 25
128 35
129 33
130 24
131 28
132 20
133 23
134 33
135 38
136 40
137 33
138 30
139 28
140 25
141 30
142 28
143 40
144 28
145 25
146 29
147 31
148 25
149 30
150 30
151 39
152 34
153 35
154 28
155 26
156 35
157 28
158 31
159 30
160 43
161 30
162 28
163 30
164 21
165 31
166 30
167 35
168 29
169 28
170 29
171 27
172 28
173 39
174 30
175 32
176 29
177 30
178 33
179 29
180 35
181 32
182 21
183 28
184 29
185 33
186 25
187 43
188 28
189 32
190 33
191 24
192 17
193 26
194 28
195 36
196 25
197 37
198 31
199 32
200 31
201 38
202 32
203 28
204 37
205 29
206 31
207 31
208 30
209 29
210 31
211 28
212 33
213 30
214 36
215 37
216 19
217 24
218 36
219 31
220 27
221 33
222 27
223 40
224 35
225 36
226 37
227 32
228 32
229 33
230 25
231 27
232 38
233 42
234 26
235 41
236 26
237 27
238 35
239 38
240 30
241 25
242 36
243 29
244 21
245 22
246 35
247 30
248 28
249 37
250 32
251 35
252 32
253 36
254 31
255 31
256 24
257 26
258 30
259 38
260 34
261 29
262 30
263 30
264 31
265 32
266 39
267 35
268 31
269 40
270 44
271 40
272 25
273 38
274 38
275 35
276 28
277 35
278 29
279 40
280 41
281 41
282 33
283 29
284 34
285 38
286 28
287 43
288 29
289 37
290 31
291 32
292 30
293 29
294 28
295 37
296 37
297 35
298 42
299 20
300 25
301 34
302 29
303 28
304 29
305 28
306 25
307 27
308 28
309 31
310 32
311 38
312 27
313 38
314 36
315 21
316 23
317 34
318 28
319 25
320 38
321 26
322 29
323 22
324 28
325 27
326 21
327 39
328 30
329 29
330 20
331 32
332 39
333 31
334 38
335 33
336 32
337 32
338 36
339 35
340 27
341 36
342 42
343 37
344 37
345 32
346 41
347 31
348 26
349 30
350 30
351 48
352 32
353 25
354 42
355 26
356 23
357 38
358 35
359 35
360 26
361 45
362 32
363 38
364 19
365 31
366 28
367 38
368 27
369 36
370 36
371 35
372 29
373 36
374 28
375 36
376 27
377 34
378 34
379 37
380 26
381 21
382 44
383 26
384 37
385 24
386 23
387 33
388 32
389 37
390 32
391 40
392 46
393 32
394 34
395 40
396 40
397 38
398 37
399 26
400 35
401 34
402 44
403 40
404 24
405 40
406 35
407 29
408 34
409 37
410 31
411 46
412 31
413 35
414 21
415 35
416 22
417 35
418 32
419 39
420 36
421 43
422 28
423 25
424 31
425 31
426 35
427 27
428 33
429 33
430 36
431 36
432 31
433 30
434 36
435 40
436 41
437 42
438 39
439 37
440 42
441 29
442 25
443 39
444 34
445 32
446 46
447 37
448 23
449 27
450 40
451 32
452 32
453 36
454 29
455 23
456 36
457 41
458 43
459 28
460 38
461 36
462 36
463 36
464 45
465 35
466 36
467 35
468 37
469 43
470 42
471 38
472 34
473 40
474 45
475 29
476 32
477 42
478 34
479 34
480 44
481 39
482 35
483 33
484 43
485 32
486 32
487 37
488 23
489 30
490 24
491 33
492 52
493 32
494 40
495 35
496 35
497 26
498 28
499 39
500 35
501 34
502 31
503 33
504 37
505 34
506 31
507 37
508 28
509 33
510 45
511 44
512 29
513 36
514 34
515 32
516 25
517 40
518 37
519 45
520 37
521 33
522 44
523 26
524 36
525 37
526 50
527 38
528 34
529 36
530 37
531 42
532 48
533 38
534 31
535 33
536 30
537 45
538 32
539 29
540 30
541 34
542 38
543 33
544 35
545 32
546 37
547 43
548 26
549 43
550 37
551 41
552 39
553 36
554 42
555 38
556 41
557 43
558 35
559 34
560 42
561 35
562 48
563 46
564 32
565 47
566 48
567 34
568 38
569 45
570 53
571 35
572 74
573 52
574 58
575 62
576 54
577 66
578 94
579 90
580 71
581 67
582 73
583 79
584 65
585 84
586 74
587 74
588 100
589 88
590 101
591 101
592 113
593 139
594 121
595 123
596 105
597 90
598 80
599 71
600 72
601 58
602 55
603 41
604 39
605 38
606 44
607 44
608 42
609 40
610 34
611 37
612 40
613 35
614 40
615 36
616 26
617 45
618 35
619 19
620 46
621 44
622 35
623 41
624 44
625 39
626 32
627 38
628 36
629 33
630 43
631 30
632 40
633 45
634 35
635 30
636 49
637 34
638 44
639 44
640 41
641 27
642 34
643 44
644 34
645 32
646 40
647 38
648 27
649 42
650 49
651 29
652 49
653 42
654 38
655 40
656 37
657 41
658 43
659 39
660 38
661 31
662 37
663 47
664 26
665 46
666 34
667 37
668 27
669 25
670 38
671 32
672 34
673 33
674 36
675 44
676 44
677 33
678 25
679 41
680 29
681 39
682 41
683 37
684 36
685 36
686 42
687 48
688 41
689 46
690 35
691 38
692 46
693 42
694 36
695 35
696 30
697 39
698 41
699 34
700 51
701 32
702 22
703 32
704 22
705 36
706 49
707 26
708 37
709 36
710 42
711 41
712 31
713 41
714 26
715 26
716 32
717 30
718 35
719 24
720 36
721 46
722 40
723 33
724 39
725 31
726 38
727 29
728 29
729 45
730 48
731 29
732 26
733 27
734 34
735 41
736 40
737 38
738 35
739 34
740 41
741 34
742 33
743 31
744 32
745 34
746 29
747 43
748 23
749 31
750 41
751 43
752 44
753 35
754 29
755 31
756 32
757 31
758 29
759 35
760 33
761 42
762 33
763 35
764 43
765 29
766 34
767 37
768 46
769 35
770 41
771 30
772 31
773 28
774 38
775 34
776 39
777 29
778 45
779 38
780 33
781 41
782 32
783 40
784 44
785 39
786 32
787 33
788 35
789 23
790 38
791 40
792 36
793 23
794 32
795 19
796 39
797 38
798 39
799 34
800 40
801 40
802 26
803 37
804 19
805 34
806 33
807 40
808 39
809 33
810 29
811 30
812 30
813 46
814 39
815 28
816 46
817 40
818 30
819 32
820 29
821 30
822 33
823 39
824 36
825 39
826 34
827 39
828 31
829 32
830 54
831 33
832 38
833 35
834 19
835 37
836 45
837 32
838 28
839 32
840 31
841 37
842 35
843 32
844 36
845 40
846 26
847 39
848 38
849 39
850 38
851 33
852 26
853 34
854 34
855 31
856 34
857 35
858 30
859 33
860 40
861 39
862 40
863 41
864 29
865 29
866 27
867 30
868 39
869 37
870 39
871 19
872 37
873 42
874 39
875 40
876 25
877 42
878 33
879 28
880 37
881 31
882 35
883 55
884 31
885 33
886 35
887 29
888 36
889 24
890 28
891 31
892 35
893 33
894 34
895 28
896 33
897 30
898 31
899 30
900 33
901 28
902 34
903 37
904 45
905 39
906 46
907 36
908 25
909 37
910 25
911 40
912 37
913 41
914 28
915 37
916 35
917 25
918 33
919 31
920 40
921 38
922 42
923 42
924 26
925 36
926 31
927 37
928 34
929 24
930 26
931 34
932 36
933 42
934 44
935 38
936 43
937 31
938 29
939 40
940 42
941 43
942 26
943 36
944 37
945 33
946 39
947 30
948 26
949 38
950 38
951 38
952 38
953 31
954 38
955 38
956 33
957 22
958 34
959 27
960 37
961 24
962 27
963 32
964 33
965 34
966 25
967 23
968 32
969 26
970 30
971 30
972 26
973 42
974 27
975 23
976 39
977 39
978 50
979 43
980 34
981 27
982 39
983 27
984 41
985 32
986 42
987 32
988 32
989 30
990 29
991 29
992 34
993 37
994 28
995 29
996 45
997 32
998 39
999 25
1000 30
1001 24
1002 30
1003 29
1004 33
1005 33
1006 33
1007 39
1008 51
1009 25
1010 25
1011 30
1012 35
1013 30
1014 34
1015 41
1016 27
1017 29
1018 32
1019 18
1020 33
1021 30
1022 31
1023 36
1024 31
1025 27
1026 24
1027 39
1028 42
1029 21
1030 30
1031 24
1032 29
1033 43
1034 33
1035 44
1036 33
1037 30
1038 21
1039 27
1040 35
1041 38
1042 26
1043 25
1044 30
1045 26
1046 24
1047 43
1048 45
1049 42
1050 37
1051 39
1052 40
1053 31
1054 23
1055 29
1056 35
1057 35
1058 50
1059 47
1060 40
1061 33
1062 45
1063 29
1064 33
1065 30
1066 39
1067 36
1068 38
1069 39
1070 34
1071 26
1072 25
1073 33
1074 32
1075 26
1076 38
1077 25
1078 25
1079 53
1080 30
1081 30
1082 34
1083 22
1084 42
1085 34
1086 40
1087 37
1088 33
1089 31
1090 26
1091 35
1092 38
1093 28
1094 37
1095 44
1096 24
1097 36
1098 46
1099 48
1100 70
1101 72
1102 78
1103 64
1104 84
1105 71
1106 115
1107 119
1108 115
1109 177
1110 221
1111 250
1112 289
1113 351
1114 451
1115 418
1116 499
1117 440
1118 402
1119 440
1120 536
1121 501
1122 493
1123 431
1124 448
1125 423
1126 381
1127 266
1128 236
1129 150
1130 119
1131 109
1132 50
1133 50
1134 36
1135 46
1136 40
1137 36
1138 31
1139 37
1140 30
1141 40
1142 28
1143 40
1144 39
1145 29
1146 34
1147 32
1148 37
1149 28
1150 25
1151 29
1152 30
1153 36
1154 43
1155 35
1156 24
1157 30
1158 23
1159 29
1160 42
1161 22
1162 40
1163 41
1164 40
1165 24
1166 37
1167 40
1168 35
1169 29
1170 24
1171 26
1172 31
1173 39
1174 33
1175 29
1176 29
1177 31
1178 23
1179 35
1180 29
1181 27
1182 22
1183 33
1184 30
1185 26
1186 45
1187 29
1188 32
1189 24
1190 31
1191 36
1192 25
1193 22
1194 35
1195 35
1196 25
1197 41
1198 18
1199 37
1200 30
1201 33
1202 23
1203 25
1204 31
1205 33
1206 35
1207 36
1208 28
1209 22
1210 29
1211 44
1212 39
1213 27
1214 26
1215 36
1216 33
1217 38
1218 36
1219 31
1220 21
1221 25
1222 29
1223 30
1224 27
1225 36
1226 30
1227 31
1228 35
1229 24
1230 18
1231 34
1232 31
1233 25
1234 34
1235 41
1236 36
1237 20
1238 30
1239 28
1240 34
1241 50
1242 38
1243 39
1244 29
1245 39
1246 28
1247 26
1248 32
1249 43
1250 26
1251 40
1252 45
1253 42
1254 45
1255 57
1256 44
1257 61
1258 58
1259 50
1260 60
1261 50
1262 51
1263 49
1264 50
1265 50
1266 33
1267 31
1268 46
1269 33
1270 29
1271 26
1272 29
1273 21
1274 19
1275 18
1276 14
1277 15
1278 14
1279 10
1280 28
1281 28
1282 27
1283 31
1284 20
1285 40
1286 20
1287 14
1288 23
1289 21
1290 25
1291 19
1292 24
1293 19
1294 30
1295 14
1296 27
1297 30
1298 23
1299 22
1300 20
1301 21
1302 32
1303 18
1304 26
1305 18
1306 24
1307 26
1308 29
1309 25
1310 23
1311 32
1312 18
1313 26
1314 11
1315 23
1316 24
1317 28
1318 31
1319 25
1320 29
1321 28
1322 25
1323 25
1324 29
1325 28
1326 30
1327 33
1328 29
1329 37
1330 57
1331 48
1332 46
1333 41
1334 35
1335 40
1336 49
1337 34
1338 42
1339 32
1340 29
1341 21
1342 40
1343 32
1344 30
1345 31
1346 34
1347 18
1348 24
1349 20
1350 27
1351 22
1352 24
1353 24
1354 26
1355 23
1356 24
1357 20
1358 27
1359 17
1360 27
1361 23
1362 24
1363 26
1364 30
1365 14
1366 25
1367 18
1368 27
1369 20
1370 24
1371 20
1372 22
1373 28
1374 19
1375 23
1376 26
1377 23
1378 26
1379 21
1380 26
1381 9
1382 20
1383 24
1384 25
1385 22
1386 25
1387 20
1388 32
1389 21
1390 24
1391 27
1392 18
1393 22
1394 29
1395 25
1396 20
1397 30
1398 23
1399 22
1400 33
1401 42
1402 40
1403 38
1404 63
1405 57
1406 65
1407 56
1408 83
1409 66
1410 59
1411 89
1412 105
1413 130
1414 139
1415 185
1416 190
1417 218
1418 253
1419 201
1420 222
1421 224
1422 155
1423 139
1424 112
1425 107
1426 109
1427 92
1428 84
1429 101
1430 84
1431 42
1432 39
1433 29
1434 32
1435 38
1436 31
1437 35
1438 24
1439 24
1440 20
1441 22
1442 26
1443 23
1444 30
1445 27
1446 17
1447 19
1448 19
1449 25
1450 21
1451 22
1452 18
1453 34
1454 20
1455 17
1456 32
1457 24
1458 20
1459 21
1460 22
1461 17
1462 16
1463 30
1464 19
1465 18
1466 23
1467 17
1468 17
1469 22
1470 23
1471 21
1472 18
1473 22
1474 27
1475 23
1476 17
1477 18
1478 26
1479 25
1480 20
1481 20
1482 20
1483 20
1484 23
1485 18
1486 23
1487 18
1488 16
1489 17
1490 15
1491 22
1492 17
1493 20
1494 25
1495 15
1496 20
1497 14
1498 23
1499 13
1500 25
1501 32
1502 17
1503 12
1504 21
1505 21
1506 16
1507 23
1508 32
1509 23
1510 26
1511 22
1512 18
1513 20
1514 32
1515 21
1516 25
1517 24
1518 17
1519 17
1520 23
1521 13
1522 25
1523 28
1524 22
1525 11
1526 13
1527 20
1528 16
1529 17
1530 24
1531 13
1532 25
1533 18
1534 18
1535 16
1536 22
1537 18
1538 20
1539 26
1540 19
1541 22
1542 26
1543 19
1544 21
1545 20
1546 25
1547 21
1548 15
1549 19
1550 14
1551 12
1552 20
1553 18
1554 24
1555 26
1556 25
1557 12
1558 19
1559 21
1560 17
1561 22
1562 29
1563 23
1564 17
1565 22
1566 16
1567 20
1568 14
1569 27
1570 23
1571 22
1572 19
1573 23
1574 29
1575 16
1576 20
1577 19
1578 17
1579 22
1580 20
1581 24
1582 21
1583 21
1584 13
1585 24
1586 17
1587 21
1588 25
1589 18
1590 19
1591 22
1592 15
1593 15
1594 15
1595 13
1596 19
1597 16
1598 12
1599 18
1600 25
1601 15
1602 20
1603 23
1604 17
1605 21
1606 25
1607 31
1608 21
1609 17
1610 17
1611 13
1612 16
1613 14
1614 21
1615 23
1616 27
1617 23
1618 27
1619 12
1620 17
1621 24
1622 14
1623 20
1624 17
1625 14
1626 25
1627 20
1628 30
1629 17
1630 19
1631 19
1632 26
1633 19
1634 14
1635 11
1636 16
1637 16
1638 21
1639 24
1640 20
1641 25
1642 21
1643 15
1644 15
1645 18
1646 15
1647 18
1648 23
1649 20
1650 20
1651 15
1652 20
1653 17
1654 12
1655 19
1656 15
1657 15
1658 20
1659 16
1660 17
1661 12
1662 22
1663 21
1664 21
1665 14
1666 21
1667 14
1668 21
1669 13
1670 18
1671 19
1672 15
1673 20
1674 19
1675 19
1676 13
1677 19
1678 17
1679 12
1680 28
1681 17
1682 20
1683 12
1684 16
1685 18
1686 19
1687 25
1688 26
1689 15
1690 11
1691 17
1692 16
1693 21
1694 17
1695 25
1696 19
1697 20
1698 19
1699 13
1700 14
1701 18
1702 13
1703 18
1704 16
1705 17
1706 20
1707 21
1708 22
1709 26
1710 19
1711 17
1712 19
1713 22
1714 25
1715 23
1716 11
1717 15
1718 14
1719 13
1720 11
1721 17
1722 24
1723 21
1724 15
1725 20
1726 22
1727 18
1728 17
1729 18
1730 13
1731 18
1732 14
1733 14
1734 21
1735 19
1736 19
1737 14
1738 12
1739 19
1740 18
1741 20
1742 13
1743 17
1744 11
1745 18
1746 11
1747 14
1748 14
1749 17
1750 20
1751 15
1752 17
1753 16
1754 19
1755 19
1756 16
1757 14
1758 18
1759 25
1760 21
1761 17
1762 19
1763 18
1764 18
1765 15
1766 17
1767 15
1768 16
1769 12
1770 21
1771 23
1772 18
1773 22
1774 17
1775 20
1776 21
1777 19
1778 17
1779 23
1780 22
1781 16
1782 20
1783 19
1784 16
1785 29
1786 16
1787 19
1788 26
1789 24
1790 19
1791 19
1792 20
1793 16
1794 8
1795 8
1796 22
1797 17
1798 14
1799 19
1800 20
1801 19
1802 19
1803 11
1804 13
1805 18
1806 13
1807 14
1808 20
1809 12
1810 17
1811 13
1812 18
1813 20
1814 20
1815 13
1816 17
1817 16
1818 24
1819 17
1820 22
1821 17
1822 17
1823 16
1824 24
1825 15
1826 22
1827 15
1828 20
1829 27
1830 19
1831 21
1832 17
1833 16
1834 22
1835 19
1836 25
1837 20
1838 20
1839 17
1840 24
1841 30
1842 22
1843 23
1844 13
1845 17
1846 15
1847 20
1848 24
1849 17
1850 26
1851 14
1852 17
1853 16
1854 23
1855 21
1856 26
1857 20
1858 14
1859 13
1860 17
1861 17
1862 19
1863 19
1864 15
1865 14
1866 18
1867 25
1868 18
1869 23
1870 24
1871 15
1872 18
1873 29
1874 20
1875 22
1876 19
1877 37
1878 58
1879 70
1880 81
1881 82
1882 70
1883 46
1884 61
1885 62
1886 102
1887 126
1888 129
1889 109
1890 104
1891 140
1892 145
1893 121
1894 96
1895 93
1896 104
1897 153
1898 125
1899 124
1900 95
1901 59
1902 78
1903 85
1904 85
1905 62
1906 57
1907 19
1908 19
1909 26
1910 20
1911 13
1912 23
1913 23
1914 16
1915 17
1916 16
1917 17
1918 16
1919 16
1920 20
1921 14
1922 14
1923 20
1924 19
1925 18
1926 19
1927 16
1928 11
1929 16
1930 15
1931 13
1932 20
1933 20
1934 20
1935 20
1936 10
1937 19
1938 14
1939 11
1940 18
1941 20
1942 19
1943 10
1944 25
1945 22
1946 21
1947 14
1948 22
1949 17
1950 16
1951 15
1952 22
1953 22
1954 18
1955 22
1956 19
1957 11
1958 14
1959 13
1960 18
1961 9
1962 10
1963 14
1964 18
1965 16
1966 19
1967 14
1968 25
1969 14
1970 13
1971 20
1972 18
1973 12
1974 13
1975 24
1976 18
1977 13
1978 16
1979 20
1980 17
1981 10
1982 23
1983 22
1984 14
1985 16
1986 16
1987 17
1988 14
1989 12
1990 14
1991 15
1992 19
1993 10
1994 17
1995 16
1996 16
1997 16
1998 15
1999 17
2000 17
2001 13
2002 12
2003 20
2004 23
2005 17
2006 8
2007 19
2008 19
2009 17
2010 14
2011 16
2012 21
2013 19
2014 17
2015 9
2016 14
2017 16
2018 16
2019 15
2020 13
2021 19
2022 19
2023 13
2024 14
2025 12
2026 15
2027 18
2028 10
2029 18
2030 10
2031 17
2032 10
2033 17
2034 13
2035 13
2036 12
2037 11
2038 12
2039 12
2040 10
2041 20
2042 19
2043 18
2044 13
2045 17
2046 11
2047 18
2048 16
2049 10
2050 14
2051 13
2052 22
2053 18
2054 15
2055 15
2056 17
2057 19
2058 17
2059 15
2060 14
2061 14
2062 17
2063 12
2064 11
2065 20
2066 18
2067 12
2068 17
2069 10
2070 18
2071 18
2072 15
2073 17
2074 14
2075 12
2076 12
2077 17
2078 17
2079 21
2080 14
2081 26
2082 16
2083 16
2084 11
2085 16
2086 19
2087 15
2088 18
2089 11
2090 11
2091 16
2092 12
2093 13
2094 14
2095 17
2096 18
2097 15
2098 11
2099 16
2100 10
2101 15
2102 16
2103 17
2104 21
2105 12
2106 18
2107 23
2108 23
2109 16
2110 15
2111 12
2112 16
2113 12
2114 19
2115 16
2116 23
2117 26
2118 27
2119 19
2120 22
2121 19
2122 22
2123 20
2124 17
2125 20
2126 21
2127 20
2128 25
2129 22
2130 25
2131 21
2132 31
2133 41
2134 44
2135 58
2136 66
2137 75
2138 77
2139 72
2140 89
2141 136
2142 128
2143 158
2144 163
2145 214
2146 226
2147 251
2148 271
2149 340
2150 400
2151 359
2152 327
2153 293
2154 362
2155 384
2156 410
2157 420
2158 495
2159 444
2160 554
2161 454
2162 408
2163 312
2164 295
2165 244
2166 190
2167 129
2168 116
2169 102
2170 96
2171 85
2172 56
2173 51
2174 35
2175 32
2176 35
2177 27
2178 28
2179 21
2180 30
2181 22
2182 19
2183 16
2184 22
2185 21
2186 25
2187 24
2188 8
2189 15
2190 21
2191 25
2192 24
2193 18
2194 15
2195 17
2196 19
2197 18
2198 10
2199 24
2200 18
2201 18
2202 15
2203 21
2204 10
2205 14
2206 19
2207 9
2208 10
2209 21
2210 20
2211 17
2212 11
2213 14
2214 15
2215 11
2216 17
2217 16
2218 13
2219 11
2220 20
2221 16
2222 14
2223 13
2224 10
2225 12
2226 18
2227 9
2228 14
2229 16
2230 14
2231 13
2232 8
2233 10
2234 12
2235 13
2236 11
2237 15
2238 13
2239 13
2240 13
2241 12
2242 10
2243 15
2244 9
2245 19
2246 10
2247 15
2248 15
2249 14
2250 17
2251 19
2252 17
2253 8
2254 12
2255 15
2256 18
2257 14
2258 15
2259 16
2260 20
2261 16
2262 20
2263 12
2264 13
2265 16
2266 18
2267 19
2268 20
2269 13
2270 15
2271 16
2272 14
2273 18
2274 17
2275 15
2276 16
2277 10
2278 15
2279 17
2280 19
2281 11
2282 13
2283 15
2284 16
2285 12
2286 19
2287 16
2288 18
2289 13
2290 17
2291 11
2292 14
2293 14
2294 17
2295 20
2296 11
2297 16
2298 9
2299 14
2300 9
2301 15
2302 12
2303 16
2304 12
2305 15
2306 10
2307 12
2308 15
2309 10
2310 13
2311 13
2312 18
2313 21
2314 13
2315 16
2316 9
2317 10
2318 6
2319 7
2320 14
2321 11
2322 9
2323 15
2324 16
2325 13
2326 14
2327 20
2328 18
2329 18
2330 23
2331 9
2332 14
2333 21
2334 15
2335 22
2336 20
2337 11
2338 12
2339 18
2340 20
2341 24
2342 24
2343 18
2344 26
2345 24
2346 33
2347 23
2348 28
2349 39
2350 38
2351 48
2352 41
2353 47
2354 62
2355 57
2356 69
2357 79
2358 60
2359 95
2360 103
2361 96
2362 104
2363 90
2364 57
2365 74
2366 81
2367 71
2368 88
2369 73
2370 73
2371 78
2372 46
2373 49
2374 65
2375 45
2376 40
2377 29
2378 28
2379 22
2380 20
2381 23
2382 14
2383 28
2384 32
2385 27
2386 18
2387 13
2388 12
2389 18
2390 10
2391 20
2392 13
2393 11
2394 15
2395 9
2396 12
2397 14
2398 11
2399 8
2400 15
2401 10
2402 9
2403 7
2404 11
2405 11
2406 8
2407 17
2408 11
2409 15
2410 10
2411 10
2412 12
2413 16
2414 20
2415 9
2416 9
2417 7
2418 6
2419 12
2420 16
2421 18
2422 12
2423 13
2424 16
2425 15
2426 19
2427 14
2428 14
2429 11
2430 14
2431 14
2432 11
2433 13
2434 16
2435 13
2436 10
2437 14
2438 9
2439 10
2440 16
2441 9
2442 15
2443 6
2444 8
2445 9
2446 13
2447 13
2448 13
2449 13
2450 14
2451 10
2452 13
2453 15
2454 10
2455 11
2456 12
2457 9
2458 12
2459 13
2460 8
2461 16
2462 10
2463 10
2464 11
2465 8
2466 17
2467 16
2468 11
2469 17
2470 9
2471 15
2472 14
2473 13
2474 10
2475 12
2476 16
2477 13
2478 8
2479 10
2480 24
2481 11
2482 7
2483 12
2484 7
2485 8
2486 11
2487 12
2488 10
2489 6
2490 8
2491 15
2492 10
2493 7
2494 5
2495 9
2496 13
2497 12
2498 19
2499 9
2500 9
2501 12
2502 12
2503 9
2504 8
2505 9
2506 5
2507 12
2508 18
2509 12
2510 20
2511 14
2512 11
2513 10
2514 9
2515 10
2516 10
2517 9
2518 13
2519 12
2520 9
2521 9
2522 10
2523 6
2524 7
2525 12
2526 13
2527 10
2528 15
2529 7
2530 14
2531 10
2532 8
2533 6
2534 7
2535 10
2536 14
2537 10
2538 6
2539 15
2540 9
2541 12
2542 5
2543 5
2544 13
2545 15
2546 14
2547 14
2548 10
2549 11
2550 12
2551 9
2552 17
2553 11
2554 12
2555 19
2556 15
2557 10
2558 18
2559 19
