0 33
1 24
2 30
3 24
4 22
5 23
6 26
7 36
8 27
9 20
10 20
11 34
12 30
13 24
14 34
15 24
16 22
17 38
18 26
19 27
20 29
21 33
22 23
23 33
24 20
25 35
26 32
27 22
28 30
29 41
30 38
31 27
32 34
33 30
34 17
35 24
36 29
37 25
38 19
39 23
40 38
41 29
42 28
43 33
44 21
45 23
46 27
47 25
48 35
49 23
50 29
51 26
52 28
53 30
54 24
55 17
56 24
57 27
58 29
59 35
60 25
61 43
62 37
63 34
64 27
65 23
66 31
67 35
68 21
69 26
70 30
71 30
72 24
73 33
74 27
75 25
76 26
77 30
78 34
79 31
80 27
81 29
82 23
83 30
84 21
85 25
86 33
87 26
88 22
89 30
90 31
91 25
92 31
93 31
94 21
95 33
96 32
97 35
98 28
99 25
100 31
101 31
102 32
103 34
104 25
105 38
106 22
107 28
108 23
109 26
110 40
111 26
112 31
113 32
114 28
115 28
116 27
117 28
118 31
119 26
120 27
121 31
122 27
123 28
124 29
125 22
126 26
127 24
128 41
129 32
130 26
131 33
132 25
133 27
134 33
135 25
136 33
137 18
138 18
139 27
140 34
141 29
142 32
143 27
144 25
145 23
146 32
147 21
148 28
149 41
150 24
151 28
152 24
153 24
154 30
155 21
156 26
157 32
158 27
159 38
160 39
161 25
162 19
163 26
164 24
165 32
166 30
167 28
168 16
169 24
170 29
171 32
172 20
173 33
174 32
175 28
176 27
177 26
178 32
179 46
180 40
181 32
182 45
183 38
184 33
185 29
186 24
187 23
188 22
189 25
190 36
191 23
192 23
193 29
194 31
195 42
196 30
197 24
198 27
199 20
200 25
201 30
202 24
203 22
204 24
205 31
206 41
207 26
208 37
209 34
210 28
211 33
212 32
213 31
214 36
215 39
216 38
217 39
218 44
219 23
220 24
221 32
222 28
223 34
224 27
225 34
226 32
227 31
228 26
229 27
230 34
231 27
232 36
233 35
234 36
235 19
236 27
237 31
238 35
239 25
240 23
241 23
242 30
243 20
244 42
245 30
246 33
247 32
248 21
249 33
250 33
251 28
252 31
253 27
254 38
255 26
256 26
257 42
258 32
259 30
260 22
261 31
262 36
263 22
264 36
265 16
266 34
267 33
268 33
269 30
270 38
271 22
272 35
273 35
274 33
275 31
276 23
277 31
278 28
279 30
280 29
281 27
282 33
283 24
284 40
285 31
286 36
287 30
288 26
289 26
290 44
291 42
292 26
293 31
294 30
295 37
296 37
297 32
298 35
299 40
300 26
301 31
302 33
303 43
304 46
305 40
306 34
307 33
308 38
309 34
310 28
311 39
312 20
313 29
314 37
315 36
316 32
317 27
318 35
319 38
320 32
321 25
322 15
323 19
324 30
325 35
326 26
327 32
328 27
329 34
330 33
331 42
332 24
333 35
334 35
335 37
336 34
337 43
338 32
339 35
340 42
341 32
342 26
343 37
344 36
345 32
346 24
347 37
348 30
349 34
350 33
351 40
352 25
353 23
354 22
355 31
356 38
357 24
358 27
359 36
360 24
361 23
362 26
363 23
364 31
365 29
366 32
367 34
368 37
369 37
370 36
371 33
372 26
373 28
374 23
375 37
376 33
377 29
378 36
379 38
380 41
381 32
382 34
383 28
384 28
385 42
386 43
387 38
388 38
389 27
390 30
391 42
392 27
393 37
394 40
395 28
396 25
397 42
398 28
399 28
400 32
401 46
402 50
403 26
404 38
405 44
406 42
407 34
408 48
409 28
410 33
411 41
412 41
413 37
414 38
415 27
416 25
417 32
418 41
419 33
420 33
421 32
422 32
423 31
424 37
425 27
426 31
427 37
428 36
429 30
430 35
431 41
432 39
433 33
434 36
435 30
436 37
437 46
438 35
439 45
440 40
441 33
442 28
443 42
444 23
445 39
446 36
447 33
448 40
449 43
450 31
451 33
452 36
453 49
454 38
455 43
456 42
457 34
458 27
459 31
460 26
461 30
462 37
463 26
464 33
465 31
466 37
467 27
468 32
469 37
470 35
471 37
472 35
473 36
474 32
475 43
476 41
477 36
478 24
479 33
480 39
481 34
482 37
483 37
484 34
485 27
486 28
487 38
488 36
489 38
490 33
491 34
492 33
493 48
494 42
495 37
496 40
497 45
498 40
499 41
500 22
501 24
502 40
503 39
504 39
505 39
506 33
507 37
508 29
509 46
510 30
511 31
512 29
513 36
514 25
515 37
516 28
517 30
518 48
519 26
520 30
521 27
522 39
523 35
524 33
525 37
526 37
527 30
528 18
529 36
530 37
531 51
532 28
533 42
534 36
535 34
536 24
537 39
538 35
539 23
540 28
541 34
542 32
543 27
544 45
545 32
546 35
547 36
548 42
549 35
550 25
551 38
552 27
553 33
554 33
555 29
556 35
557 40
558 33
559 34
560 25
561 37
562 32
563 43
564 31
565 42
566 31
567 30
568 33
569 31
570 42
571 38
572 44
573 41
574 28
575 41
576 32
577 37
578 32
579 36
580 42
581 49
582 46
583 52
584 56
585 36
586 70
587 57
588 56
589 51
590 58
591 46
592 59
593 71
594 64
595 66
596 55
597 55
598 64
599 67
600 61
601 65
602 87
603 81
604 88
605 117
606 118
607 131
608 122
609 122
610 108
611 149
612 129
613 116
614 98
615 94
616 66
617 78
618 47
619 46
620 52
621 40
622 33
623 29
624 38
625 50
626 39
627 42
628 35
629 30
630 40
631 38
632 35
633 34
634 37
635 25
636 31
637 33
638 38
639 41
640 46
641 34
642 54
643 37
644 35
645 35
646 29
647 46
648 26
649 38
650 39
651 46
652 46
653 36
654 38
655 28
656 39
657 27
658 40
659 35
660 33
661 23
662 29
663 38
664 38
665 33
666 40
667 37
668 42
669 38
670 43
671 30
672 43
673 24
674 45
675 42
676 31
677 39
678 37
679 39
680 28
681 30
682 34
683 37
684 28
685 20
686 25
687 30
688 39
689 25
690 35
691 39
692 26
693 33
694 35
695 30
696 41
697 31
698 30
699 43
700 39
701 34
702 28
703 29
704 39
705 45
706 29
707 40
708 44
709 34
710 23
711 32
712 28
713 34
714 34
715 32
716 33
717 30
718 27
719 25
720 36
721 46
722 26
723 40
724 44
725 36
726 40
727 32
728 37
729 36
730 35
731 45
732 33
733 33
734 32
735 32
736 47
737 38
738 32
739 37
740 42
741 34
742 33
743 31
744 34
745 32
746 30
747 35
748 33
749 38
750 32
751 42
752 32
753 36
754 20
755 40
756 30
757 35
758 37
759 33
760 36
761 32
762 38
763 38
764 31
765 25
766 31
767 36
768 27
769 43
770 29
771 38
772 42
773 41
774 43
775 33
776 27
777 28
778 39
779 39
780 36
781 37
782 41
783 37
784 36
785 35
786 39
787 35
788 46
789 53
790 28
791 37
792 30
793 36
794 43
795 29
796 34
797 37
798 34
799 31
800 27
801 32
802 40
803 36
804 33
805 38
806 38
807 37
808 37
809 29
810 35
811 33
812 44
813 34
814 43
815 38
816 41
817 33
818 51
819 29
820 32
821 41
822 33
823 30
824 33
825 30
826 32
827 28
828 33
829 29
830 32
831 48
832 29
833 47
834 31
835 37
836 35
837 30
838 40
839 34
840 35
841 23
842 25
843 38
844 29
845 34
846 42
847 34
848 36
849 47
850 36
851 35
852 29
853 34
854 41
855 31
856 37
857 36
858 38
859 36
860 36
861 25
862 33
863 34
864 23
865 27
866 35
867 36
868 37
869 31
870 28
871 32
872 32
873 35
874 37
875 46
876 33
877 46
878 38
879 36
880 35
881 41
882 34
883 32
884 38
885 43
886 29
887 30
888 29
889 40
890 27
891 32
892 40
893 29
894 30
895 38
896 34
897 32
898 36
899 31
900 26
901 30
902 33
903 25
904 36
905 28
906 50
907 22
908 35
909 31
910 33
911 30
912 26
913 27
914 27
915 39
916 47
917 25
918 37
919 30
920 39
921 35
922 28
923 27
924 25
925 35
926 28
927 25
928 28
929 37
930 42
931 34
932 35
933 36
934 34
935 28
936 42
937 24
938 35
939 19
940 29
941 28
942 34
943 28
944 31
945 28
946 49
947 34
948 29
949 42
950 38
951 30
952 31
953 36
954 26
955 43
956 36
957 36
958 32
959 26
960 25
961 36
962 33
963 33
964 36
965 29
966 29
967 34
968 32
969 30
970 27
971 22
972 37
973 35
974 37
975 38
976 19
977 32
978 35
979 35
980 20
981 42
982 33
983 32
984 34
985 34
986 26
987 36
988 26
989 35
990 40
991 35
992 36
993 34
994 20
995 25
996 28
997 27
998 39
999 24
1000 37
1001 34
1002 30
1003 30
1004 32
1005 29
1006 32
1007 27
1008 40
1009 31
1010 35
1011 40
1012 25
1013 33
1014 23
1015 41
1016 29
1017 33
1018 35
1019 27
1020 30
1021 26
1022 22
1023 23
1024 32
1025 23
1026 31
1027 32
1028 33
1029 32
1030 30
1031 40
1032 29
1033 27
1034 24
1035 33
1036 26
1037 41
1038 33
1039 29
1040 21
1041 35
1042 32
1043 32
1044 46
1045 34
1046 19
1047 27
1048 30
1049 38
1050 36
1051 43
1052 33
1053 34
1054 35
1055 32
1056 32
1057 32
1058 32
1059 27
1060 38
1061 28
1062 28
1063 30
1064 32
1065 36
1066 30
1067 35
1068 33
1069 34
1070 33
1071 26
1072 26
1073 33
1074 32
1075 42
1076 29
1077 37
1078 31
1079 29
1080 37
1081 36
1082 29
1083 40
1084 24
1085 36
1086 48
1087 27
1088 36
1089 34
1090 34
1091 24
1092 33
1093 35
1094 29
1095 22
1096 30
1097 28
1098 29
1099 31
1100 28
1101 38
1102 32
1103 38
1104 27
1105 24
1106 43
1107 21
1108 32
1109 30
1110 37
1111 36
1112 32
1113 35
1114 25
1115 26
1116 36
1117 39
1118 23
1119 35
1120 25
1121 29
1122 38
1123 30
1124 38
1125 39
1126 46
1127 61
1128 61
1129 82
1130 104
1131 117
1132 144
1133 220
1134 251
1135 281
1136 273
1137 270
1138 317
1139 438
1140 461
1141 439
1142 422
1143 450
1144 578
1145 571
1146 558
1147 481
1148 572
1149 529
1150 464
1151 440
1152 434
1153 325
1154 316
1155 279
1156 239
1157 105
1158 76
1159 42
1160 41
1161 34
1162 41
1163 36
1164 40
1165 39
1166 28
1167 32
1168 36
1169 41
1170 34
1171 35
1172 30
1173 33
1174 28
1175 42
1176 42
1177 29
1178 35
1179 28
1180 27
1181 35
1182 23
1183 31
1184 40
1185 31
1186 30
1187 32
1188 36
1189 26
1190 31
1191 35
1192 37
1193 27
1194 39
1195 34
1196 23
1197 34
1198 27
1199 20
1200 25
1201 30
1202 38
1203 29
1204 43
1205 28
1206 25
1207 21
1208 23
1209 29
1210 22
1211 22
1212 14
1213 36
1214 25
1215 38
1216 33
1217 34
1218 23
1219 26
1220 26
1221 38
1222 38
1223 44
1224 30
1225 24
1226 38
1227 38
1228 27
1229 31
1230 35
1231 25
1232 23
1233 22
1234 26
1235 38
1236 33
1237 24
1238 22
1239 31
1240 26
1241 29
1242 26
1243 29
1244 44
1245 31
1246 32
1247 35
1248 33
1249 29
1250 34
1251 29
1252 28
1253 31
1254 25
1255 21
1256 25
1257 17
1258 25
1259 25
1260 32
1261 35
1262 28
1263 27
1264 21
1265 28
1266 23
1267 31
1268 30
1269 22
1270 34
1271 34
1272 42
1273 32
1274 24
1275 26
1276 40
1277 27
1278 34
1279 6
1280 34
1281 23
1282 27
1283 21
1284 27
1285 18
1286 18
1287 24
1288 25
1289 15
1290 23
1291 25
1292 23
1293 23
1294 26
1295 28
1296 25
1297 24
1298 22
1299 14
1300 20
1301 25
1302 29
1303 22
1304 15
1305 22
1306 24
1307 20
1308 15
1309 24
1310 25
1311 29
1312 27
1313 24
1314 19
1315 19
1316 28
1317 18
1318 27
1319 21
1320 23
1321 19
1322 24
1323 12
1324 26
1325 24
1326 16
1327 14
1328 20
1329 23
1330 32
1331 27
1332 29
1333 26
1334 25
1335 24
1336 30
1337 24
1338 21
1339 18
1340 14
1341 27
1342 24
1343 22
1344 30
1345 25
1346 19
1347 30
1348 18
1349 26
1350 14
1351 27
1352 25
1353 34
1354 35
1355 34
1356 29
1357 52
1358 49
1359 52
1360 48
1361 50
1362 44
1363 40
1364 32
1365 31
1366 41
1367 39
1368 39
1369 34
1370 32
1371 16
1372 25
1373 27
1374 20
1375 23
1376 24
1377 14
1378 29
1379 32
1380 26
1381 19
1382 29
1383 20
1384 32
1385 26
1386 27
1387 18
1388 27
1389 14
1390 24
1391 26
1392 17
1393 25
1394 25
1395 25
1396 27
1397 27
1398 18
1399 25
1400 31
1401 30
1402 29
1403 19
1404 24
1405 17
1406 18
1407 25
1408 37
1409 23
1410 30
1411 25
1412 28
1413 21
1414 22
1415 16
1416 28
1417 20
1418 28
1419 23
1420 20
1421 18
1422 28
1423 19
1424 25
1425 25
1426 22
1427 31
1428 33
1429 24
1430 22
1431 37
1432 42
1433 30
1434 36
1435 44
1436 56
1437 56
1438 70
1439 76
1440 92
1441 125
1442 126
1443 167
1444 172
1445 182
1446 208
1447 231
1448 247
1449 240
1450 218
1451 200
1452 176
1453 182
1454 186
1455 157
1456 123
1457 131
1458 86
1459 55
1460 39
1461 33
1462 29
1463 36
1464 30
1465 29
1466 19
1467 29
1468 19
1469 28
1470 21
1471 27
1472 32
1473 24
1474 23
1475 22
1476 19
1477 26
1478 19
1479 22
1480 12
1481 17
1482 26
1483 26
1484 27
1485 18
1486 21
1487 22
1488 23
1489 22
1490 12
1491 20
1492 23
1493 16
1494 17
1495 20
1496 26
1497 18
1498 12
1499 14
1500 14
1501 19
1502 25
1503 16
1504 17
1505 21
1506 21
1507 30
1508 14
1509 20
1510 18
1511 20
1512 33
1513 17
1514 25
1515 22
1516 16
1517 20
1518 15
1519 18
1520 23
1521 20
1522 24
1523 24
1524 19
1525 22
1526 19
1527 17
1528 16
1529 16
1530 25
1531 18
1532 17
1533 16
1534 21
1535 24
1536 19
1537 11
1538 20
1539 23
1540 29
1541 27
1542 21
1543 18
1544 18
1545 22
1546 13
1547 25
1548 14
1549 19
1550 25
1551 14
1552 23
1553 23
1554 27
1555 16
1556 13
1557 16
1558 26
1559 14
1560 21
1561 23
1562 22
1563 15
1564 20
1565 8
1566 24
1567 17
1568 24
1569 13
1570 26
1571 21
1572 16
1573 20
1574 18
1575 17
1576 26
1577 21
1578 22
1579 18
1580 16
1581 24
1582 19
1583 20
1584 14
1585 22
1586 20
1587 21
1588 21
1589 16
1590 19
1591 13
1592 24
1593 19
1594 19
1595 30
1596 19
1597 25
1598 19
1599 19
1600 18
1601 19
1602 18
1603 27
1604 15
1605 13
1606 25
1607 24
1608 22
1609 11
1610 14
1611 24
1612 16
1613 24
1614 18
1615 16
1616 15
1617 24
1618 18
1619 21
1620 26
1621 10
1622 23
1623 14
1624 22
1625 15
1626 24
1627 15
1628 17
1629 18
1630 15
1631 21
1632 18
1633 14
1634 13
1635 18
1636 16
1637 22
1638 16
1639 19
1640 18
1641 25
1642 19
1643 18
1644 25
1645 20
1646 17
1647 16
1648 15
1649 22
1650 18
1651 22
1652 12
1653 12
1654 14
1655 15
1656 20
1657 15
1658 18
1659 23
1660 27
1661 14
1662 17
1663 16
1664 25
1665 15
1666 16
1667 17
1668 28
1669 17
1670 21
1671 23
1672 20
1673 19
1674 22
1675 21
1676 14
1677 17
1678 16
1679 12
1680 12
1681 19
1682 22
1683 12
1684 10
1685 22
1686 22
1687 16
1688 16
1689 14
1690 21
1691 13
1692 13
1693 17
1694 16
1695 10
1696 16
1697 15
1698 15
1699 26
1700 22
1701 17
1702 13
1703 15
1704 24
1705 20
1706 24
1707 16
1708 10
1709 18
1710 19
1711 17
1712 22
1713 18
1714 20
1715 18
1716 12
1717 20
1718 17
1719 20
1720 20
1721 15
1722 22
1723 19
1724 24
1725 19
1726 21
1727 17
1728 13
1729 23
1730 20
1731 17
1732 12
1733 18
1734 22
1735 16
1736 18
1737 11
1738 21
1739 21
1740 23
1741 17
1742 27
1743 15
1744 22
1745 17
1746 18
1747 14
1748 18
1749 18
1750 17
1751 21
1752 13
1753 25
1754 16
1755 18
1756 15
1757 15
1758 15
1759 14
1760 16
1761 10
1762 12
1763 19
1764 18
1765 23
1766 16
1767 15
1768 16
1769 12
1770 22
1771 16
1772 15
1773 19
1774 18
1775 17
1776 26
1777 23
1778 11
1779 25
1780 17
1781 16
1782 15
1783 19
1784 15
1785 19
1786 17
1787 6
1788 15
1789 19
1790 24
1791 15
1792 20
1793 20
1794 12
1795 18
1796 13
1797 14
1798 17
1799 17
1800 13
1801 19
1802 18
1803 13
1804 15
1805 12
1806 25
1807 22
1808 16
1809 20
1810 14
1811 12
1812 14
1813 18
1814 15
1815 16
1816 16
1817 20
1818 24
1819 14
1820 15
1821 13
1822 18
1823 15
1824 19
1825 11
1826 18
1827 22
1828 15
1829 21
1830 19
1831 15
1832 17
1833 22
1834 15
1835 22
1836 16
1837 14
1838 26
1839 6
1840 17
1841 23
1842 16
1843 8
1844 14
1845 20
1846 7
1847 7
1848 18
1849 15
1850 12
1851 16
1852 18
1853 16
1854 20
1855 13
1856 10
1857 16
1858 11
1859 16
1860 14
1861 20
1862 8
1863 12
1864 13
1865 20
1866 11
1867 13
1868 24
1869 29
1870 11
1871 25
1872 19
1873 23
1874 19
1875 24
1876 20
1877 19
1878 20
1879 26
1880 13
1881 19
1882 8
1883 18
1884 11
1885 11
1886 25
1887 11
1888 23
1889 14
1890 16
1891 13
1892 15
1893 21
1894 16
1895 17
1896 17
1897 17
1898 21
1899 19
1900 24
1901 24
1902 17
1903 22
1904 18
1905 18
1906 25
1907 21
1908 27
1909 28
1910 23
1911 15
1912 19
1913 25
1914 23
1915 41
1916 47
1917 61
1918 75
1919 55
1920 73
1921 128
1922 101
1923 79
1924 120
1925 179
1926 172
1927 121
1928 66
1929 70
1930 96
1931 95
1932 80
1933 62
1934 54
1935 54
1936 39
1937 44
1938 44
1939 36
1940 36
1941 60
1942 39
1943 21
1944 30
1945 21
1946 27
1947 16
1948 27
1949 20
1950 19
1951 8
1952 9
1953 15
1954 17
1955 12
1956 22
1957 19
1958 12
1959 17
1960 19
1961 18
1962 15
1963 18
1964 18
1965 18
1966 11
1967 14
1968 19
1969 20
1970 21
1971 18
1972 13
1973 13
1974 11
1975 12
1976 14
1977 16
1978 12
1979 14
1980 18
1981 8
1982 10
1983 18
1984 20
1985 13
1986 19
1987 17
1988 13
1989 12
1990 15
1991 14
1992 19
1993 16
1994 12
1995 14
1996 9
1997 12
1998 10
1999 12
2000 20
2001 14
2002 17
2003 18
2004 11
2005 9
2006 18
2007 16
2008 12
2009 15
2010 16
2011 15
2012 15
2013 17
2014 15
2015 15
2016 19
2017 16
2018 14
2019 13
2020 9
2021 18
2022 9
2023 18
2024 17
2025 20
2026 17
2027 20
2028 9
2029 10
2030 18
2031 17
2032 17
2033 14
2034 15
2035 16
2036 14
2037 16
2038 11
2039 14
2040 20
2041 20
2042 19
2043 20
2044 13
2045 21
2046 16
2047 21
2048 22
2049 16
2050 20
2051 18
2052 14
2053 21
2054 13
2055 16
2056 21
2057 23
2058 13
2059 8
2060 12
2061 17
2062 17
2063 10
2064 14
2065 15
2066 8
2067 13
2068 13
2069 8
2070 15
2071 19
2072 13
2073 15
2074 15
2075 16
2076 16
2077 13
2078 15
2079 18
2080 14
2081 8
2082 9
2083 22
2084 13
2085 19
2086 11
2087 12
2088 18
2089 18
2090 7
2091 10
2092 14
2093 11
2094 19
2095 20
2096 17
2097 14
2098 9
2099 17
2100 13
2101 16
2102 15
2103 16
2104 15
2105 11
2106 17
2107 10
2108 20
2109 17
2110 14
2111 15
2112 10
2113 11
2114 12
2115 16
2116 21
2117 19
2118 16
2119 14
2120 17
2121 13
2122 16
2123 16
2124 19
2125 17
2126 7
2127 10
2128 10
2129 15
2130 13
2131 18
2132 20
2133 11
2134 15
2135 12
2136 20
2137 23
2138 20
2139 14
2140 16
2141 18
2142 13
2143 18
2144 18
2145 16
2146 18
2147 20
2148 20
2149 13
2150 25
2151 19
2152 16
2153 11
2154 25
2155 17
2156 14
2157 11
2158 18
2159 19
2160 24
2161 17
2162 16
2163 17
2164 18
2165 22
2166 23
2167 26
2168 26
2169 27
2170 32
2171 38
2172 34
2173 59
2174 50
2175 55
2176 64
2177 75
2178 86
2179 102
2180 133
2181 195
2182 242
2183 229
2184 274
2185 299
2186 333
2187 402
2188 485
2189 553
2190 582
2191 559
2192 416
2193 371
2194 368
2195 347
2196 377
2197 362
2198 432
2199 337
2200 275
2201 215
2202 202
2203 176
2204 121
2205 156
2206 148
2207 128
2208 108
2209 70
2210 66
2211 53
2212 58
2213 36
2214 32
2215 24
2216 19
2217 31
2218 23
2219 19
2220 19
2221 25
2222 17
2223 21
2224 11
2225 15
2226 18
2227 10
2228 16
2229 15
2230 27
2231 16
2232 18
2233 12
2234 11
2235 19
2236 13
2237 17
2238 18
2239 11
2240 11
2241 18
2242 14
2243 14
2244 11
2245 14
2246 19
2247 18
2248 16
2249 11
2250 9
2251 11
2252 14
2253 14
2254 16
2255 14
2256 14
2257 16
2258 16
2259 19
2260 13
2261 13
2262 12
2263 14
2264 13
2265 14
2266 19
2267 24
2268 6
2269 13
2270 9
2271 15
2272 18
2273 9
2274 19
2275 10
2276 13
2277 14
2278 18
2279 12
2280 13
2281 8
2282 10
2283 10
2284 18
2285 17
2286 12
2287 17
2288 13
2289 14
2290 12
2291 15
2292 11
2293 15
2294 9
2295 14
2296 11
2297 11
2298 17
2299 20
2300 19
2301 16
2302 11
2303 18
2304 14
2305 12
2306 15
2307 21
2308 10
2309 14
2310 15
2311 24
2312 13
2313 13
2314 16
2315 19
2316 19
2317 15
2318 16
2319 17
2320 12
2321 11
2322 12
2323 20
2324 10
2325 21
2326 15
2327 13
2328 17
2329 13
2330 5
2331 13
2332 8
2333 13
2334 14
2335 13
2336 14
2337 19
2338 11
2339 10
2340 13
2341 12
2342 16
2343 11
2344 11
2345 16
2346 11
2347 16
2348 15
2349 16
2350 22
2351 14
2352 15
2353 11
2354 17
2355 18
2356 6
2357 16
2358 12
2359 16
2360 14
2361 14
2362 7
2363 17
2364 15
2365 16
2366 5
2367 14
2368 11
2369 10
2370 7
2371 15
2372 14
2373 21
2374 16
2375 10
2376 12
2377 12
2378 12
2379 21
2380 24
2381 22
2382 16
2383 25
2384 25
2385 22
2386 31
2387 19
2388 23
2389 22
2390 45
2391 40
2392 48
2393 48
2394 55
2395 64
2396 86
2397 69
2398 90
2399 76
2400 104
2401 88
2402 108
2403 80
2404 89
2405 92
2406 83
2407 77
2408 84
2409 78
2410 75
2411 54
2412 63
2413 53
2414 45
2415 33
2416 44
2417 29
2418 41
2419 24
2420 22
2421 29
2422 25
2423 22
2424 20
2425 17
2426 14
2427 10
2428 16
2429 12
2430 20
2431 14
2432 11
2433 10
2434 10
2435 11
2436 12
2437 9
2438 13
2439 14
2440 10
2441 19
2442 13
2443 8
2444 9
2445 18
2446 15
2447 16
2448 6
2449 13
2450 19
2451 12
2452 17
2453 12
2454 10
2455 15
2456 10
2457 5
2458 6
2459 11
2460 12
2461 12
2462 18
2463 11
2464 13
2465 10
2466 11
2467 14
2468 18
2469 12
2470 12
2471 12
2472 12
2473 7
2474 12
2475 10
2476 14
2477 11
2478 11
2479 13
2480 16
2481 10
2482 8
2483 6
2484 16
2485 15
2486 16
2487 9
2488 10
2489 10
2490 11
2491 14
2492 12
2493 11
2494 15
2495 15
2496 9
2497 8
2498 10
2499 12
2500 10
2501 15
2502 11
2503 11
2504 14
2505 17
2506 12
2507 5
2508 16
2509 14
2510 11
2511 14
2512 14
2513 10
2514 10
2515 9
2516 8
2517 13
2518 13
2519 16
2520 15
2521 8
2522 11
2523 15
2524 8
2525 13
2526 16
2527 10
2528 11
2529 14
2530 8
2531 7
2532 7
2533 13
2534 11
2535 14
2536 14
2537 12
2538 8
2539 11
2540 9
2541 5
2542 10
2543 9
2544 10
2545 5
2546 11
2547 11
2548 9
2549 11
2550 12
2551 20
2552 15
2553 11
2554 7
2555 6
2556 9
2557 12
2558 15
2559 16
