0 33
1 30
2 23
3 24
4 34
5 22
6 23
7 21
8 25
9 26
10 18
11 29
12 34
13 30
14 19
15 18
16 32
17 21
18 20
19 20
20 22
21 31
22 29
23 24
24 32
25 18
26 29
27 15
28 20
29 22
30 22
31 27
32 25
33 23
34 22
35 16
36 34
37 22
38 32
39 30
40 24
41 30
42 24
43 23
44 20
45 22
46 23
47 27
48 37
49 36
50 27
51 14
52 25
53 29
54 20
55 19
56 23
57 32
58 29
59 28
60 33
61 23
62 32
63 20
64 23
65 36
66 28
67 29
68 22
69 31
70 28
71 24
72 24
73 26
74 25
75 24
76 32
77 41
78 20
79 26
80 33
81 27
82 20
83 21
84 18
85 23
86 18
87 21
88 20
89 23
90 41
91 28
92 29
93 27
94 15
95 36
96 25
97 22
98 26
99 20
100 29
101 22
102 23
103 29
104 28
105 27
106 31
107 23
108 24
109 28
110 35
111 29
112 22
113 21
114 21
115 24
116 26
117 27
118 28
119 41
120 31
121 21
122 17
123 25
124 25
125 28
126 32
127 30
128 34
129 22
130 26
131 26
132 25
133 25
134 23
135 36
136 25
137 24
138 32
139 25
140 28
141 33
142 31
143 30
144 27
145 22
146 22
147 32
148 27
149 24
150 30
151 32
152 28
153 30
154 23
155 22
156 27
157 23
158 27
159 26
160 17
161 32
162 29
163 29
164 30
165 26
166 20
167 23
168 23
169 16
170 24
171 24
172 33
173 30
174 21
175 26
176 19
177 29
178 25
179 35
180 31
181 25
182 24
183 28
184 19
185 19
186 27
187 27
188 20
189 34
190 40
191 23
192 25
193 33
194 28
195 24
196 36
197 27
198 23
199 17
200 36
201 28
202 28
203 25
204 25
205 29
206 20
207 32
208 30
209 31
210 26
211 29
212 24
213 35
214 26
215 17
216 33
217 25
218 18
219 32
220 32
221 25
222 19
223 24
224 24
225 34
226 30
227 35
228 27
229 29
230 26
231 32
232 40
233 27
234 24
235 30
236 22
237 28
238 34
239 31
240 21
241 36
242 25
243 30
244 32
245 23
246 36
247 32
248 22
249 26
250 25
251 29
252 31
253 24
254 20
255 32
256 24
257 44
258 23
259 23
260 30
261 24
262 31
263 31
264 27
265 30
266 27
267 27
268 35
269 25
270 33
271 29
272 28
273 36
274 19
275 31
276 29
277 23
278 30
279 49
280 28
281 27
282 27
283 39
284 25
285 26
286 28
287 17
288 38
289 37
290 25
291 36
292 16
293 29
294 28
295 25
296 27
297 32
298 26
299 33
300 31
301 37
302 30
303 27
304 28
305 35
306 32
307 36
308 36
309 32
310 28
311 40
312 33
313 23
314 28
315 24
316 28
317 28
318 36
319 20
320 41
321 29
322 35
323 37
324 28
325 28
326 34
327 23
328 33
329 31
330 28
331 33
332 34
333 26
334 34
335 27
336 30
337 31
338 31
339 26
340 36
341 34
342 27
343 23
344 26
345 26
346 33
347 34
348 35
349 27
350 26
351 28
352 22
353 33
354 40
355 28
356 28
357 30
358 26
359 29
360 20
361 22
362 42
363 20
364 26
365 27
366 28
367 33
368 32
369 37
370 21
371 31
372 29
373 43
374 33
375 21
376 26
377 33
378 26
379 27
380 26
381 27
382 31
383 31
384 35
385 27
386 22
387 24
388 36
389 27
390 39
391 28
392 27
393 39
394 25
395 25
396 29
397 42
398 35
399 35
400 30
401 30
402 43
403 34
404 32
405 36
406 28
407 29
408 39
409 26
410 37
411 30
412 23
413 33
414 22
415 30
416 38
417 34
418 28
419 32
420 27
421 25
422 30
423 46
424 24
425 36
426 31
427 37
428 31
429 30
430 37
431 33
432 29
433 24
434 37
435 30
436 42
437 30
438 32
439 33
440 21
441 22
442 26
443 24
444 37
445 37
446 31
447 38
448 26
449 25
450 30
451 29
452 36
453 39
454 33
455 43
456 34
457 34
458 24
459 26
460 33
461 39
462 27
463 38
464 27
465 26
466 24
467 23
468 28
469 24
470 33
471 40
472 28
473 41
474 33
475 30
476 36
477 30
478 27
479 41
480 42
481 37
482 33
483 26
484 37
485 26
486 32
487 30
488 37
489 31
490 34
491 30
492 39
493 35
494 31
495 31
496 25
497 35
498 36
499 32
500 34
501 31
502 31
503 37
504 30
505 41
506 29
507 41
508 36
509 31
510 27
511 36
512 34
513 35
514 24
515 39
516 35
517 31
518 37
519 27
520 34
521 34
522 51
523 32
524 22
525 42
526 35
527 31
528 33
529 33
530 28
531 33
532 31
533 33
534 31
535 36
536 40
537 41
538 37
539 39
540 35
541 33
542 42
543 26
544 29
545 32
546 42
547 24
548 38
549 36
550 38
551 25
552 38
553 28
554 35
555 36
556 37
557 33
558 37
559 29
560 38
561 40
562 33
563 30
564 30
565 38
566 36
567 40
568 43
569 22
570 31
571 25
572 47
573 40
574 43
575 32
576 35
577 21
578 38
579 38
580 40
581 32
582 32
583 32
584 25
585 25
586 30
587 22
588 40
589 39
590 31
591 43
592 34
593 35
594 31
595 47
596 41
597 35
598 36
599 34
600 26
601 29
602 28
603 22
604 25
605 30
606 30
607 34
608 37
609 37
610 35
611 22
612 41
613 46
614 32
615 25
616 30
617 30
618 33
619 33
620 32
621 28
622 31
623 37
624 32
625 39
626 34
627 39
628 39
629 49
630 44
631 40
632 49
633 46
634 43
635 46
636 52
637 40
638 44
639 51
640 45
641 67
642 68
643 84
644 77
645 94
646 71
647 90
648 73
649 84
650 79
651 97
652 79
653 85
654 91
655 101
656 96
657 81
658 90
659 67
660 64
661 53
662 40
663 55
664 33
665 36
666 49
667 29
668 34
669 39
670 39
671 34
672 42
673 36
674 31
675 30
676 38
677 40
678 31
679 33
680 30
681 29
682 38
683 34
684 37
685 30
686 29
687 29
688 32
689 30
690 35
691 30
692 30
693 39
694 31
695 40
696 43
697 24
698 34
699 47
700 38
701 26
702 29
703 36
704 36
705 29
706 37
707 39
708 27
709 41
710 33
711 45
712 32
713 33
714 40
715 34
716 41
717 38
718 38
719 28
720 31
721 27
722 28
723 31
724 32
725 38
726 43
727 29
728 34
729 26
730 36
731 37
732 31
733 18
734 28
735 36
736 28
737 33
738 32
739 31
740 26
741 32
742 27
743 29
744 39
745 28
746 44
747 36
748 36
749 24
750 45
751 28
752 32
753 36
754 32
755 36
756 31
757 31
758 36
759 25
760 33
761 37
762 33
763 46
764 43
765 36
766 21
767 33
768 35
769 42
770 30
771 50
772 45
773 45
774 37
775 31
776 36
777 32
778 35
779 37
780 26
781 41
782 34
783 33
784 37
785 36
786 39
787 33
788 24
789 32
790 34
791 34
792 45
793 29
794 35
795 32
796 34
797 34
798 24
799 23
800 29
801 41
802 32
803 31
804 28
805 33
806 36
807 30
808 34
809 33
810 28
811 39
812 30
813 29
814 40
815 27
816 28
817 26
818 31
819 31
820 28
821 26
822 27
823 28
824 36
825 26
826 37
827 26
828 37
829 36
830 27
831 34
832 22
833 35
834 35
835 30
836 24
837 28
838 37
839 27
840 33
841 40
842 45
843 31
844 26
845 24
846 23
847 28
848 44
849 34
850 32
851 36
852 35
853 28
854 31
855 29
856 33
857 24
858 27
859 26
860 43
861 40
862 24
863 41
864 28
865 32
866 33
867 36
868 38
869 34
870 24
871 33
872 32
873 32
874 32
875 29
876 34
877 37
878 37
879 35
880 29
881 27
882 26
883 35
884 36
885 27
886 24
887 29
888 37
889 34
890 35
891 37
892 38
893 23
894 28
895 29
896 39
897 35
898 32
899 35
900 36
901 27
902 36
903 31
904 39
905 46
906 25
907 32
908 42
909 37
910 28
911 44
912 25
913 37
914 31
915 36
916 27
917 19
918 32
919 33
920 23
921 19
922 35
923 28
924 27
925 41
926 30
927 37
928 35
929 30
930 23
931 21
932 40
933 35
934 25
935 36
936 29
937 23
938 32
939 26
940 36
941 26
942 32
943 34
944 26
945 20
946 19
947 20
948 28
949 23
950 36
951 32
952 25
953 31
954 34
955 34
956 38
957 36
958 40
959 33
960 30
961 32
962 33
963 28
964 31
965 33
966 34
967 30
968 18
969 37
970 32
971 43
972 36
973 37
974 30
975 28
976 27
977 34
978 34
979 36
980 31
981 28
982 25
983 31
984 27
985 31
986 22
987 32
988 28
989 31
990 41
991 28
992 31
993 28
994 25
995 31
996 37
997 37
998 28
999 36
1000 40
1001 32
1002 37
1003 46
1004 38
1005 36
1006 38
1007 32
1008 28
1009 28
1010 28
1011 32
1012 29
1013 32
1014 21
1015 26
1016 30
1017 35
1018 30
1019 29
1020 41
1021 32
1022 36
1023 29
1024 24
1025 41
1026 32
1027 27
1028 33
1029 26
1030 29
1031 31
1032 24
1033 33
1034 39
1035 30
1036 30
1037 28
1038 24
1039 25
1040 39
1041 31
1042 44
1043 28
1044 31
1045 38
1046 28
1047 22
1048 28
1049 34
1050 28
1051 28
1052 35
1053 28
1054 30
1055 32
1056 30
1057 25
1058 30
1059 36
1060 39
1061 32
1062 30
1063 35
1064 27
1065 27
1066 27
1067 29
1068 31
1069 27
1070 25
1071 28
1072 31
1073 27
1074 29
1075 25
1076 25
1077 22
1078 22
1079 31
1080 23
1081 29
1082 28
1083 28
1084 31
1085 37
1086 23
1087 37
1088 35
1089 27
1090 25
1091 36
1092 32
1093 36
1094 21
1095 28
1096 34
1097 26
1098 32
1099 28
1100 27
1101 26
1102 37
1103 27
1104 38
1105 28
1106 27
1107 26
1108 35
1109 27
1110 29
1111 35
1112 33
1113 35
1114 30
1115 35
1116 24
1117 37
1118 24
1119 24
1120 26
1121 34
1122 33
1123 29
1124 32
1125 27
1126 32
1127 37
1128 26
1129 35
1130 38
1131 36
1132 26
1133 20
1134 32
1135 40
1136 31
1137 32
1138 27
1139 45
1140 28
1141 38
1142 31
1143 37
1144 27
1145 24
1146 23
1147 32
1148 25
1149 32
1150 34
1151 30
1152 37
1153 29
1154 26
1155 28
1156 25
1157 43
1158 30
1159 37
1160 35
1161 18
1162 29
1163 43
1164 29
1165 28
1166 45
1167 35
1168 31
1169 30
1170 30
1171 37
1172 32
1173 29
1174 24
1175 40
1176 26
1177 26
1178 34
1179 48
1180 40
1181 35
1182 48
1183 63
1184 73
1185 78
1186 85
1187 112
1188 197
1189 324
1190 356
1191 287
1192 281
1193 307
1194 260
1195 364
1196 365
1197 475
1198 412
1199 408
1200 431
1201 456
1202 486
1203 579
1204 547
1205 477
1206 387
1207 280
1208 274
1209 168
1210 108
1211 65
1212 57
1213 48
1214 35
1215 41
1216 31
1217 35
1218 24
1219 27
1220 26
1221 27
1222 39
1223 31
1224 30
1225 23
1226 38
1227 23
1228 31
1229 33
1230 31
1231 26
1232 28
1233 25
1234 28
1235 34
1236 38
1237 29
1238 22
1239 19
1240 29
1241 25
1242 28
1243 28
1244 29
1245 32
1246 29
1247 29
1248 33
1249 21
1250 31
1251 28
1252 21
1253 25
1254 18
1255 22
1256 31
1257 35
1258 33
1259 25
1260 20
1261 19
1262 20
1263 34
1264 24
1265 24
1266 27
1267 26
1268 24
1269 33
1270 25
1271 25
1272 12
1273 14
1274 17
1275 21
1276 15
1277 13
1278 5
1279 2
1280 27
1281 26
1282 17
1283 26
1284 21
1285 13
1286 25
1287 16
1288 21
1289 23
1290 14
1291 27
1292 19
1293 24
1294 22
1295 16
1296 19
1297 24
1298 26
1299 31
1300 17
1301 26
1302 23
1303 36
1304 23
1305 28
1306 17
1307 20
1308 16
1309 21
1310 26
1311 19
1312 20
1313 13
1314 20
1315 20
1316 28
1317 26
1318 25
1319 31
1320 15
1321 17
1322 19
1323 24
1324 18
1325 20
1326 24
1327 20
1328 21
1329 22
1330 23
1331 21
1332 17
1333 26
1334 28
1335 25
1336 26
1337 26
1338 19
1339 19
1340 30
1341 23
1342 20
1343 14
1344 14
1345 19
1346 20
1347 21
1348 31
1349 24
1350 21
1351 21
1352 23
1353 22
1354 19
1355 23
1356 23
1357 14
1358 23
1359 13
1360 15
1361 29
1362 21
1363 21
1364 21
1365 18
1366 27
1367 28
1368 23
1369 18
1370 26
1371 16
1372 20
1373 17
1374 18
1375 13
1376 21
1377 21
1378 25
1379 25
1380 17
1381 17
1382 23
1383 23
1384 20
1385 11
1386 25
1387 28
1388 18
1389 19
1390 13
1391 19
1392 27
1393 19
1394 19
1395 24
1396 18
1397 30
1398 30
1399 32
1400 20
1401 25
1402 23
1403 24
1404 13
1405 24
1406 15
1407 18
1408 21
1409 22
1410 24
1411 28
1412 28
1413 27
1414 28
1415 27
1416 40
1417 39
1418 39
1419 58
1420 56
1421 64
1422 59
1423 42
1424 46
1425 29
1426 38
1427 25
1428 28
1429 41
1430 33
1431 22
1432 34
1433 23
1434 29
1435 21
1436 15
1437 18
1438 15
1439 19
1440 20
1441 19
1442 23
1443 24
1444 18
1445 14
1446 19
1447 22
1448 22
1449 22
1450 25
1451 29
1452 26
1453 22
1454 14
1455 21
1456 19
1457 26
1458 22
1459 23
1460 31
1461 17
1462 25
1463 18
1464 22
1465 27
1466 27
1467 17
1468 24
1469 22
1470 16
1471 22
1472 18
1473 31
1474 19
1475 24
1476 19
1477 18
1478 20
1479 18
1480 16
1481 20
1482 16
1483 21
1484 17
1485 19
1486 24
1487 17
1488 20
1489 22
1490 19
1491 19
1492 24
1493 23
1494 24
1495 25
1496 23
1497 24
1498 39
1499 44
1500 52
1501 57
1502 49
1503 75
1504 93
1505 114
1506 143
1507 186
1508 254
1509 352
1510 326
1511 283
1512 221
1513 255
1514 240
1515 233
1516 278
1517 259
1518 190
1519 186
1520 159
1521 78
1522 51
1523 30
1524 36
1525 36
1526 30
1527 33
1528 27
1529 29
1530 31
1531 17
1532 22
1533 31
1534 18
1535 16
1536 16
1537 24
1538 16
1539 13
1540 22
1541 13
1542 29
1543 15
1544 13
1545 22
1546 21
1547 22
1548 27
1549 18
1550 18
1551 27
1552 13
1553 19
1554 22
1555 10
1556 26
1557 20
1558 17
1559 24
1560 20
1561 27
1562 22
1563 19
1564 16
1565 20
1566 19
1567 19
1568 19
1569 19
1570 21
1571 19
1572 15
1573 22
1574 16
1575 22
1576 22
1577 21
1578 16
1579 15
1580 13
1581 17
1582 16
1583 24
1584 26
1585 27
1586 16
1587 16
1588 23
1589 16
1590 19
1591 19
1592 12
1593 17
1594 20
1595 12
1596 17
1597 20
1598 17
1599 20
1600 24
1601 17
1602 16
1603 21
1604 18
1605 18
1606 16
1607 18
1608 17
1609 14
1610 20
1611 22
1612 25
1613 25
1614 15
1615 10
1616 15
1617 17
1618 24
1619 25
1620 25
1621 18
1622 13
1623 19
1624 18
1625 21
1626 29
1627 17
1628 22
1629 11
1630 19
1631 14
1632 20
1633 19
1634 13
1635 10
1636 21
1637 15
1638 23
1639 12
1640 13
1641 18
1642 20
1643 19
1644 17
1645 24
1646 15
1647 15
1648 18
1649 21
1650 25
1651 12
1652 21
1653 24
1654 19
1655 13
1656 21
1657 19
1658 18
1659 24
1660 21
1661 14
1662 15
1663 16
1664 18
1665 16
1666 22
1667 19
1668 21
1669 18
1670 19
1671 13
1672 20
1673 7
1674 16
1675 21
1676 16
1677 12
1678 21
1679 21
1680 14
1681 16
1682 16
1683 19
1684 20
1685 23
1686 13
1687 20
1688 17
1689 19
1690 19
1691 15
1692 20
1693 15
1694 15
1695 18
1696 16
1697 24
1698 21
1699 21
1700 26
1701 26
1702 21
1703 20
1704 20
1705 12
1706 22
1707 12
1708 16
1709 20
1710 21
1711 17
1712 16
1713 17
1714 20
1715 16
1716 25
1717 23
1718 17
1719 14
1720 13
1721 16
1722 20
1723 20
1724 27
1725 13
1726 18
1727 19
1728 16
1729 17
1730 16
1731 18
1732 16
1733 14
1734 16
1735 12
1736 18
1737 17
1738 9
1739 20
1740 16
1741 17
1742 25
1743 17
1744 20
1745 12
1746 13
1747 17
1748 20
1749 11
1750 18
1751 17
1752 13
1753 18
1754 27
1755 15
1756 19
1757 15
1758 17
1759 21
1760 26
1761 12
1762 13
1763 25
1764 22
1765 23
1766 16
1767 19
1768 14
1769 22
1770 19
1771 19
1772 17
1773 24
1774 12
1775 14
1776 26
1777 15
1778 19
1779 14
1780 19
1781 16
1782 16
1783 22
1784 20
1785 11
1786 15
1787 14
1788 15
1789 11
1790 18
1791 15
1792 16
1793 15
1794 19
1795 9
1796 11
1797 19
1798 17
1799 14
1800 17
1801 13
1802 18
1803 15
1804 19
1805 14
1806 11
1807 15
1808 12
1809 23
1810 24
1811 28
1812 14
1813 20
1814 11
1815 11
1816 14
1817 17
1818 24
1819 23
1820 18
1821 15
1822 17
1823 15
1824 26
1825 18
1826 17
1827 13
1828 22
1829 15
1830 16
1831 14
1832 16
1833 22
1834 22
1835 13
1836 19
1837 10
1838 21
1839 17
1840 13
1841 13
1842 13
1843 14
1844 17
1845 11
1846 16
1847 7
1848 9
1849 19
1850 12
1851 13
1852 8
1853 14
1854 23
1855 16
1856 18
1857 11
1858 15
1859 13
1860 19
1861 18
1862 12
1863 13
1864 17
1865 18
1866 15
1867 12
1868 16
1869 14
1870 15
1871 17
1872 17
1873 12
1874 18
1875 12
1876 23
1877 22
1878 16
1879 11
1880 16
1881 17
1882 18
1883 9
1884 17
1885 11
1886 13
1887 12
1888 17
1889 17
1890 16
1891 15
1892 14
1893 11
1894 12
1895 8
1896 18
1897 22
1898 17
1899 10
1900 11
1901 14
1902 19
1903 13
1904 20
1905 16
1906 22
1907 11
1908 14
1909 19
1910 15
1911 9
1912 17
1913 13
1914 17
1915 18
1916 17
1917 13
1918 17
1919 21
1920 11
1921 16
1922 23
1923 16
1924 17
1925 11
1926 18
1927 19
1928 17
1929 20
1930 20
1931 21
1932 11
1933 20
1934 20
1935 10
1936 14
1937 17
1938 16
1939 18
1940 25
1941 21
1942 29
1943 13
1944 27
1945 15
1946 25
1947 30
1948 13
1949 19
1950 15
1951 21
1952 16
1953 23
1954 12
1955 10
1956 14
1957 28
1958 17
1959 23
1960 13
1961 8
1962 25
1963 20
1964 16
1965 18
1966 13
1967 16
1968 24
1969 19
1970 16
1971 12
1972 17
1973 20
1974 10
1975 11
1976 17
1977 18
1978 24
1979 15
1980 19
1981 9
1982 21
1983 25
1984 16
1985 20
1986 31
1987 25
1988 30
1989 29
1990 40
1991 52
1992 50
1993 62
1994 70
1995 89
1996 127
1997 198
1998 297
1999 243
2000 139
2001 130
2002 131
2003 122
2004 140
2005 126
2006 71
2007 67
2008 55
2009 54
2010 40
2011 37
2012 61
2013 44
2014 26
2015 22
2016 30
2017 15
2018 17
2019 16
2020 21
2021 11
2022 14
2023 27
2024 17
2025 15
2026 11
2027 18
2028 18
2029 10
2030 11
2031 17
2032 22
2033 6
2034 18
2035 9
2036 12
2037 17
2038 7
2039 14
2040 15
2041 17
2042 19
2043 12
2044 20
2045 22
2046 13
2047 19
2048 15
2049 8
2050 13
2051 20
2052 15
2053 13
2054 20
2055 19
2056 15
2057 14
2058 10
2059 11
2060 17
2061 13
2062 16
2063 21
2064 15
2065 11
2066 19
2067 8
2068 20
2069 8
2070 14
2071 15
2072 13
2073 21
2074 14
2075 13
2076 9
2077 10
2078 18
2079 11
2080 17
2081 15
2082 13
2083 16
2084 7
2085 16
2086 20
2087 10
2088 16
2089 16
2090 14
2091 13
2092 14
2093 21
2094 18
2095 14
2096 8
2097 16
2098 15
2099 19
2100 8
2101 14
2102 18
2103 14
2104 11
2105 17
2106 14
2107 15
2108 13
2109 16
2110 11
2111 7
2112 13
2113 21
2114 21
2115 16
2116 14
2117 9
2118 7
2119 11
2120 12
2121 14
2122 15
2123 8
2124 15
2125 19
2126 8
2127 18
2128 8
2129 16
2130 19
2131 11
2132 11
2133 13
2134 17
2135 9
2136 15
2137 25
2138 18
2139 16
2140 12
2141 15
2142 16
2143 13
2144 8
2145 11
2146 13
2147 12
2148 23
2149 17
2150 15
2151 16
2152 21
2153 10
2154 16
2155 11
2156 21
2157 18
2158 9
2159 23
2160 15
2161 19
2162 19
2163 9
2164 16
2165 13
2166 12
2167 14
2168 17
2169 15
2170 11
2171 13
2172 15
2173 13
2174 16
2175 11
2176 14
2177 16
2178 11
2179 19
2180 16
2181 16
2182 12
2183 18
2184 11
2185 21
2186 11
2187 12
2188 12
2189 12
2190 15
2191 17
2192 17
2193 15
2194 11
2195 7
2196 22
2197 15
2198 16
2199 22
2200 18
2201 18
2202 14
2203 9
2204 15
2205 22
2206 16
2207 19
2208 14
2209 15
2210 11
2211 7
2212 6
2213 14
2214 14
2215 15
2216 16
2217 25
2218 13
2219 11
2220 12
2221 13
2222 16
2223 14
2224 11
2225 20
2226 7
2227 14
2228 22
2229 17
2230 21
2231 11
2232 21
2233 18
2234 10
2235 11
2236 17
2237 10
2238 18
2239 13
2240 17
2241 13
2242 15
2243 18
2244 13
2245 26
2246 24
2247 24
2248 23
2249 28
2250 36
2251 37
2252 44
2253 45
2254 63
2255 63
2256 79
2257 96
2258 123
2259 156
2260 151
2261 148
2262 157
2263 184
2264 261
2265 354
2266 365
2267 389
2268 473
2269 436
2270 463
2271 517
2272 547
2273 633
2274 616
2275 527
2276 445
2277 407
2278 415
2279 366
2280 364
2281 356
2282 347
2283 266
2284 165
2285 122
2286 92
2287 92
2288 104
2289 68
2290 49
2291 33
2292 40
2293 29
2294 23
2295 21
2296 22
2297 18
2298 19
2299 11
2300 20
2301 13
2302 14
2303 13
2304 13
2305 16
2306 16
2307 20
2308 15
2309 8
2310 8
2311 10
2312 12
2313 14
2314 16
2315 15
2316 12
2317 9
2318 16
2319 14
2320 15
2321 11
2322 7
2323 14
2324 14
2325 17
2326 14
2327 15
2328 16
2329 13
2330 11
2331 11
2332 13
2333 10
2334 13
2335 16
2336 12
2337 13
2338 20
2339 14
2340 10
2341 20
2342 8
2343 17
2344 7
2345 10
2346 24
2347 10
2348 9
2349 17
2350 7
2351 11
2352 14
2353 13
2354 21
2355 10
2356 12
2357 10
2358 12
2359 8
2360 17
2361 13
2362 11
2363 16
2364 8
2365 14
2366 12
2367 13
2368 14
2369 11
2370 17
2371 16
2372 13
2373 15
2374 16
2375 14
2376 9
2377 9
2378 10
2379 8
2380 23
2381 12
2382 11
2383 12
2384 23
2385 12
2386 14
2387 16
2388 9
2389 13
2390 20
2391 12
2392 12
2393 18
2394 20
2395 13
2396 13
2397 14
2398 18
2399 19
2400 17
2401 19
2402 18
2403 19
2404 15
2405 8
2406 12
2407 10
2408 12
2409 19
2410 13
2411 12
2412 13
2413 9
2414 13
2415 13
2416 12
2417 15
2418 13
2419 7
2420 5
2421 10
2422 10
2423 8
2424 13
2425 8
2426 8
2427 12
2428 9
2429 7
2430 16
2431 20
2432 17
2433 11
2434 11
2435 10
2436 15
2437 11
2438 15
2439 15
2440 12
2441 18
2442 16
2443 11
2444 16
2445 15
2446 10
2447 11
2448 12
2449 14
2450 13
2451 17
2452 13
2453 9
2454 10
2455 10
2456 20
2457 13
2458 18
2459 15
2460 13
2461 11
2462 13
2463 16
2464 12
2465 17
2466 14
2467 21
2468 25
2469 22
2470 21
2471 28
2472 25
2473 26
2474 42
2475 34
2476 54
2477 46
2478 50
2479 56
2480 53
2481 63
2482 73
2483 64
2484 80
2485 97
2486 80
2487 79
2488 66
2489 78
2490 68
2491 92
2492 85
2493 86
2494 80
2495 69
2496 57
2497 54
2498 47
2499 35
2500 40
2501 51
2502 46
2503 32
2504 22
2505 24
2506 18
2507 24
2508 23
2509 21
2510 21
2511 16
2512 15
2513 15
2514 15
2515 9
2516 10
2517 18
2518 13
2519 8
2520 9
2521 11
2522 7
2523 14
2524 15
2525 12
2526 11
2527 15
2528 6
2529 7
2530 9
2531 14
2532 10
2533 8
2534 15
2535 10
2536 9
2537 10
2538 17
2539 7
2540 8
2541 16
2542 9
2543 12
2544 11
2545 13
2546 16
2547 10
2548 12
2549 12
2550 9
2551 13
2552 11
2553 9
2554 12
2555 9
2556 6
2557 8
2558 14
2559 14
