0 36
1 29
2 22
3 23
4 34
5 27
6 28
7 24
8 31
9 23
10 13
11 20
12 27
13 35
14 22
15 26
16 21
17 20
18 29
19 34
20 29
21 21
22 22
23 31
24 20
25 29
26 26
27 30
28 27
29 29
30 35
31 22
32 23
33 20
34 26
35 33
36 23
37 27
38 30
39 19
40 30
41 24
42 18
43 27
44 25
45 37
46 19
47 19
48 26
49 23
50 22
51 31
52 26
53 23
54 29
55 23
56 18
57 30
58 27
59 32
60 36
61 30
62 28
63 25
64 31
65 20
66 28
67 34
68 29
69 31
70 27
71 23
72 37
73 24
74 24
75 22
76 21
77 36
78 21
79 30
80 27
81 25
82 39
83 26
84 29
85 35
86 33
87 23
88 37
89 21
90 29
91 32
92 22
93 20
94 27
95 31
96 33
97 40
98 35
99 29
100 42
101 36
102 25
103 28
104 37
105 24
106 30
107 30
108 28
109 27
110 29
111 33
112 22
113 23
114 26
115 30
116 25
117 16
118 19
119 33
120 33
121 19
122 38
123 36
124 30
125 22
126 35
127 32
128 34
129 29
130 26
131 51
132 32
133 17
134 37
135 32
136 35
137 29
138 37
139 26
140 28
141 17
142 23
143 32
144 33
145 27
146 36
147 17
148 31
149 33
150 29
151 36
152 24
153 25
154 26
155 33
156 26
157 34
158 31
159 30
160 25
161 32
162 23
163 26
164 35
165 28
166 37
167 32
168 27
169 40
170 35
171 28
172 32
173 29
174 31
175 29
176 31
177 30
178 42
179 28
180 33
181 31
182 25
183 22
184 24
185 29
186 21
187 27
188 19
189 23
190 42
191 34
192 26
193 26
194 31
195 43
196 33
197 42
198 37
199 39
200 40
201 43
202 39
203 25
204 34
205 29
206 26
207 35
208 36
209 30
210 25
211 30
212 38
213 25
214 30
215 29
216 35
217 32
218 37
219 22
220 26
221 25
222 36
223 35
224 27
225 28
226 29
227 39
228 33
229 34
230 22
231 25
232 35
233 39
234 31
235 33
236 29
237 38
238 34
239 33
240 32
241 29
242 25
243 25
244 31
245 34
246 33
247 27
248 25
249 30
250 35
251 36
252 26
253 33
254 18
255 40
256 30
257 39
258 39
259 32
260 42
261 39
262 26
263 30
264 29
265 39
266 36
267 30
268 27
269 32
270 21
271 31
272 34
273 33
274 26
275 26
276 25
277 46
278 29
279 29
280 39
281 27
282 32
283 24
284 18
285 26
286 29
287 41
288 34
289 27
290 31
291 31
292 32
293 34
294 35
295 44
296 33
297 41
298 34
299 34
300 30
301 32
302 31
303 32
304 29
305 38
306 41
307 29
308 32
309 33
310 36
311 34
312 36
313 33
314 37
315 25
316 28
317 42
318 32
319 27
320 24
321 37
322 37
323 29
324 28
325 26
326 19
327 30
328 31
329 30
330 22
331 28
332 32
333 25
334 38
335 35
336 41
337 24
338 40
339 27
340 28
341 26
342 29
343 33
344 34
345 28
346 33
347 26
348 37
349 39
350 31
351 32
352 41
353 36
354 40
355 22
356 29
357 35
358 22
359 25
360 36
361 39
362 33
363 40
364 29
365 23
366 35
367 26
368 39
369 29
370 23
371 21
372 22
373 24
374 32
375 32
376 28
377 32
378 33
379 35
380 37
381 27
382 30
383 20
384 41
385 43
386 32
387 42
388 30
389 24
390 30
391 35
392 29
393 30
394 25
395 36
396 37
397 45
398 37
399 29
400 40
401 31
402 40
403 33
404 35
405 31
406 49
407 32
408 36
409 35
410 38
411 38
412 32
413 27
414 27
415 32
416 21
417 29
418 33
419 30
420 47
421 43
422 35
423 32
424 34
425 41
426 40
427 40
428 25
429 43
430 29
431 25
432 43
433 30
434 25
435 35
436 28
437 39
438 36
439 36
440 37
441 43
442 20
443 29
444 42
445 54
446 30
447 34
448 30
449 21
450 31
451 50
452 32
453 34
454 33
455 48
456 39
457 39
458 34
459 29
460 35
461 29
462 35
463 38
464 44
465 37
466 22
467 36
468 35
469 29
470 32
471 25
472 35
473 33
474 38
475 30
476 28
477 37
478 34
479 41
480 36
481 43
482 38
483 37
484 34
485 42
486 31
487 35
488 39
489 42
490 43
491 34
492 30
493 31
494 30
495 47
496 32
497 37
498 32
499 28
500 31
501 42
502 41
503 33
504 32
505 34
506 23
507 40
508 51
509 38
510 36
511 44
512 37
513 39
514 33
515 32
516 34
517 31
518 34
519 35
520 40
521 27
522 28
523 29
524 36
525 39
526 48
527 46
528 28
529 35
530 31
531 38
532 40
533 33
534 36
535 32
536 34
537 34
538 28
539 41
540 41
541 39
542 37
543 38
544 37
545 39
546 31
547 41
548 42
549 27
550 40
551 37
552 37
553 31
554 41
555 45
556 35
557 35
558 38
559 39
560 33
561 46
562 29
563 43
564 30
565 42
566 37
567 40
568 37
569 34
570 34
571 41
572 32
573 48
574 43
575 36
576 38
577 34
578 27
579 47
580 33
581 31
582 42
583 45
584 53
585 59
586 58
587 58
588 71
589 60
590 56
591 80
592 67
593 59
594 52
595 66
596 71
597 44
598 64
599 56
600 80
601 96
602 89
603 108
604 99
605 109
606 96
607 95
608 98
609 110
610 133
611 123
612 123
613 66
614 64
615 67
616 58
617 47
618 48
619 34
620 41
621 40
622 33
623 42
624 28
625 32
626 43
627 36
628 41
629 30
630 32
631 53
632 34
633 57
634 35
635 31
636 32
637 32
638 30
639 30
640 37
641 39
642 40
643 45
644 42
645 34
646 40
647 31
648 41
649 37
650 39
651 33
652 38
653 25
654 32
655 39
656 31
657 37
658 45
659 36
660 37
661 51
662 30
663 36
664 34
665 41
666 35
667 37
668 43
669 31
670 33
671 36
672 44
673 37
674 34
675 38
676 41
677 38
678 52
679 39
680 41
681 36
682 32
683 39
684 36
685 28
686 31
687 35
688 40
689 37
690 35
691 32
692 45
693 32
694 34
695 30
696 30
697 26
698 25
699 36
700 36
701 30
702 23
703 36
704 34
705 31
706 22
707 37
708 27
709 38
710 43
711 29
712 40
713 47
714 37
715 27
716 41
717 32
718 36
719 49
720 36
721 34
722 26
723 29
724 39
725 36
726 38
727 35
728 33
729 28
730 34
731 30
732 43
733 24
734 39
735 41
736 33
737 22
738 32
739 37
740 39
741 42
742 31
743 23
744 32
745 33
746 34
747 35
748 36
749 38
750 36
751 34
752 20
753 36
754 31
755 41
756 36
757 27
758 23
759 32
760 25
761 31
762 46
763 47
764 38
765 35
766 33
767 55
768 42
769 39
770 31
771 34
772 36
773 38
774 34
775 30
776 28
777 36
778 36
779 36
780 25
781 33
782 41
783 40
784 33
785 33
786 35
787 41
788 26
789 29
790 27
791 41
792 41
793 32
794 30
795 37
796 42
797 30
798 36
799 23
800 30
801 43
802 51
803 44
804 27
805 38
806 31
807 33
808 23
809 38
810 43
811 18
812 35
813 47
814 36
815 47
816 44
817 36
818 38
819 45
820 30
821 34
822 36
823 37
824 38
825 33
826 29
827 35
828 33
829 39
830 35
831 32
832 36
833 33
834 32
835 38
836 36
837 37
838 39
839 23
840 35
841 38
842 27
843 22
844 22
845 27
846 30
847 42
848 42
849 37
850 47
851 22
852 32
853 35
854 32
855 38
856 39
857 38
858 49
859 28
860 35
861 28
862 37
863 25
864 34
865 27
866 33
867 28
868 46
869 37
870 27
871 27
872 31
873 30
874 35
875 41
876 36
877 25
878 36
879 30
880 41
881 35
882 42
883 43
884 33
885 38
886 30
887 29
888 42
889 36
890 39
891 34
892 33
893 29
894 22
895 26
896 30
897 20
898 24
899 33
900 32
901 28
902 32
903 31
904 32
905 26
906 33
907 32
908 35
909 37
910 37
911 44
912 31
913 27
914 24
915 37
916 35
917 24
918 43
919 38
920 18
921 33
922 29
923 36
924 30
925 26
926 38
927 37
928 32
929 31
930 33
931 40
932 30
933 43
934 30
935 32
936 36
937 36
938 37
939 33
940 44
941 40
942 27
943 26
944 46
945 32
946 37
947 37
948 25
949 27
950 36
951 22
952 28
953 35
954 32
955 35
956 38
957 35
958 34
959 41
960 36
961 31
962 28
963 29
964 35
965 46
966 34
967 34
968 24
969 29
970 37
971 28
972 30
973 26
974 33
975 41
976 34
977 32
978 29
979 20
980 28
981 30
982 33
983 28
984 32
985 34
986 19
987 40
988 31
989 33
990 33
991 36
992 30
993 36
994 20
995 34
996 25
997 19
998 23
999 32
1000 22
1001 27
1002 33
1003 45
1004 35
1005 47
1006 37
1007 32
1008 34
1009 29
1010 28
1011 36
1012 23
1013 35
1014 36
1015 30
1016 34
1017 30
1018 27
1019 32
1020 25
1021 21
1022 26
1023 31
1024 29
1025 31
1026 27
1027 32
1028 34
1029 29
1030 29
1031 32
1032 31
1033 42
1034 33
1035 44
1036 27
1037 32
1038 26
1039 22
1040 31
1041 27
1042 35
1043 29
1044 36
1045 25
1046 26
1047 32
1048 34
1049 27
1050 28
1051 31
1052 30
1053 30
1054 37
1055 35
1056 34
1057 26
1058 30
1059 31
1060 39
1061 33
1062 30
1063 27
1064 30
1065 38
1066 20
1067 20
1068 34
1069 33
1070 33
1071 40
1072 33
1073 29
1074 26
1075 28
1076 37
1077 45
1078 38
1079 27
1080 36
1081 30
1082 29
1083 23
1084 29
1085 29
1086 39
1087 30
1088 33
1089 37
1090 26
1091 26
1092 18
1093 21
1094 40
1095 21
1096 25
1097 27
1098 23
1099 34
1100 30
1101 29
1102 28
1103 40
1104 34
1105 34
1106 37
1107 44
1108 34
1109 29
1110 35
1111 41
1112 29
1113 28
1114 39
1115 39
1116 38
1117 33
1118 39
1119 27
1120 39
1121 41
1122 30
1123 52
1124 49
1125 60
1126 60
1127 91
1128 112
1129 143
1130 152
1131 223
1132 254
1133 268
1134 266
1135 313
1136 366
1137 416
1138 422
1139 465
1140 564
1141 586
1142 628
1143 647
1144 713
1145 552
1146 556
1147 469
1148 479
1149 328
1150 217
1151 173
1152 208
1153 237
1154 143
1155 92
1156 55
1157 44
1158 35
1159 28
1160 47
1161 43
1162 30
1163 39
1164 31
1165 35
1166 32
1167 37
1168 52
1169 48
1170 22
1171 36
1172 44
1173 31
1174 43
1175 30
1176 39
1177 31
1178 47
1179 37
1180 39
1181 33
1182 24
1183 27
1184 29
1185 21
1186 25
1187 32
1188 26
1189 38
1190 31
1191 23
1192 20
1193 30
1194 29
1195 30
1196 34
1197 33
1198 23
1199 31
1200 26
1201 29
1202 32
1203 32
1204 45
1205 36
1206 27
1207 26
1208 25
1209 34
1210 28
1211 27
1212 31
1213 30
1214 34
1215 37
1216 30
1217 37
1218 35
1219 38
1220 23
1221 43
1222 31
1223 33
1224 31
1225 20
1226 39
1227 20
1228 36
1229 27
1230 36
1231 37
1232 33
1233 28
1234 46
1235 24
1236 28
1237 30
1238 33
1239 24
1240 27
1241 34
1242 28
1243 28
1244 26
1245 27
1246 32
1247 25
1248 26
1249 32
1250 28
1251 32
1252 28
1253 34
1254 31
1255 28
1256 27
1257 31
1258 27
1259 17
1260 38
1261 41
1262 28
1263 29
1264 23
1265 40
1266 36
1267 30
1268 32
1269 38
1270 29
1271 32
1272 32
1273 23
1274 54
1275 55
1276 46
1277 39
1278 34
1279 13
1280 30
1281 35
1282 22
1283 20
1284 28
1285 19
1286 30
1287 27
1288 27
1289 21
1290 21
1291 26
1292 24
1293 21
1294 33
1295 25
1296 24
1297 21
1298 25
1299 15
1300 22
1301 24
1302 25
1303 23
1304 29
1305 33
1306 23
1307 19
1308 19
1309 23
1310 26
1311 18
1312 18
1313 23
1314 29
1315 29
1316 23
1317 22
1318 24
1319 18
1320 15
1321 15
1322 28
1323 30
1324 20
1325 27
1326 19
1327 20
1328 22
1329 20
1330 24
1331 24
1332 26
1333 25
1334 24
1335 26
1336 21
1337 20
1338 20
1339 23
1340 28
1341 17
1342 29
1343 23
1344 21
1345 32
1346 26
1347 33
1348 21
1349 29
1350 25
1351 29
1352 37
1353 21
1354 41
1355 36
1356 36
1357 41
1358 40
1359 54
1360 43
1361 58
1362 50
1363 34
1364 36
1365 34
1366 28
1367 33
1368 26
1369 23
1370 22
1371 18
1372 18
1373 22
1374 18
1375 24
1376 25
1377 21
1378 28
1379 20
1380 19
1381 19
1382 28
1383 18
1384 20
1385 18
1386 29
1387 16
1388 21
1389 23
1390 29
1391 18
1392 27
1393 32
1394 24
1395 19
1396 22
1397 26
1398 20
1399 25
1400 25
1401 24
1402 21
1403 20
1404 17
1405 22
1406 23
1407 25
1408 24
1409 22
1410 26
1411 21
1412 23
1413 32
1414 16
1415 15
1416 23
1417 25
1418 23
1419 23
1420 24
1421 36
1422 21
1423 25
1424 28
1425 23
1426 23
1427 27
1428 40
1429 46
1430 47
1431 46
1432 65
1433 52
1434 55
1435 78
1436 88
1437 111
1438 127
1439 150
1440 180
1441 255
1442 304
1443 254
1444 234
1445 244
1446 243
1447 226
1448 202
1449 187
1450 185
1451 182
1452 191
1453 117
1454 83
1455 91
1456 76
1457 41
1458 37
1459 25
1460 25
1461 22
1462 25
1463 18
1464 25
1465 22
1466 20
1467 20
1468 29
1469 19
1470 25
1471 24
1472 30
1473 21
1474 20
1475 29
1476 16
1477 12
1478 27
1479 23
1480 24
1481 15
1482 24
1483 21
1484 21
1485 15
1486 21
1487 12
1488 17
1489 20
1490 19
1491 28
1492 22
1493 25
1494 21
1495 18
1496 21
1497 16
1498 9
1499 19
1500 24
1501 18
1502 17
1503 21
1504 21
1505 21
1506 19
1507 19
1508 19
1509 19
1510 20
1511 28
1512 19
1513 27
1514 19
1515 29
1516 15
1517 19
1518 10
1519 22
1520 29
1521 19
1522 21
1523 18
1524 24
1525 17
1526 14
1527 20
1528 21
1529 8
1530 26
1531 13
1532 27
1533 19
1534 17
1535 23
1536 24
1537 16
1538 15
1539 20
1540 17
1541 23
1542 21
1543 25
1544 16
1545 19
1546 17
1547 22
1548 17
1549 18
1550 18
1551 22
1552 22
1553 26
1554 25
1555 23
1556 12
1557 21
1558 16
1559 18
1560 21
1561 13
1562 23
1563 16
1564 22
1565 22
1566 28
1567 16
1568 16
1569 21
1570 15
1571 17
1572 20
1573 23
1574 22
1575 17
1576 16
1577 19
1578 27
1579 21
1580 25
1581 24
1582 18
1583 18
1584 27
1585 21
1586 23
1587 17
1588 15
1589 22
1590 17
1591 17
1592 18
1593 32
1594 25
1595 28
1596 27
1597 12
1598 19
1599 14
1600 16
1601 27
1602 16
1603 22
1604 19
1605 25
1606 24
1607 21
1608 22
1609 13
1610 16
1611 19
1612 19
1613 22
1614 15
1615 16
1616 15
1617 21
1618 21
1619 21
1620 21
1621 28
1622 27
1623 16
1624 26
1625 23
1626 11
1627 16
1628 12
1629 19
1630 12
1631 25
1632 23
1633 22
1634 18
1635 21
1636 27
1637 18
1638 17
1639 26
1640 17
1641 19
1642 23
1643 18
1644 21
1645 17
1646 13
1647 9
1648 18
1649 19
1650 17
1651 14
1652 17
1653 16
1654 22
1655 22
1656 23
1657 15
1658 15
1659 15
1660 24
1661 13
1662 19
1663 15
1664 17
1665 18
1666 12
1667 18
1668 24
1669 18
1670 18
1671 16
1672 20
1673 16
1674 20
1675 16
1676 17
1677 14
1678 19
1679 13
1680 23
1681 29
1682 16
1683 17
1684 19
1685 22
1686 21
1687 20
1688 12
1689 16
1690 18
1691 19
1692 13
1693 35
1694 15
1695 15
1696 25
1697 17
1698 20
1699 12
1700 15
1701 18
1702 15
1703 10
1704 18
1705 15
1706 17
1707 17
1708 14
1709 13
1710 17
1711 18
1712 21
1713 21
1714 20
1715 17
1716 20
1717 16
1718 21
1719 21
1720 18
1721 14
1722 19
1723 16
1724 16
1725 14
1726 16
1727 10
1728 21
1729 19
1730 18
1731 20
1732 27
1733 17
1734 13
1735 17
1736 20
1737 28
1738 22
1739 19
1740 19
1741 15
1742 13
1743 18
1744 15
1745 14
1746 20
1747 14
1748 27
1749 12
1750 12
1751 14
1752 9
1753 11
1754 20
1755 12
1756 16
1757 18
1758 15
1759 15
1760 18
1761 25
1762 18
1763 18
1764 13
1765 19
1766 14
1767 21
1768 20
1769 14
1770 16
1771 27
1772 11
1773 10
1774 11
1775 7
1776 17
1777 19
1778 23
1779 17
1780 22
1781 16
1782 19
1783 29
1784 21
1785 15
1786 9
1787 17
1788 21
1789 14
1790 15
1791 19
1792 12
1793 21
1794 24
1795 16
1796 17
1797 18
1798 22
1799 13
1800 25
1801 17
1802 18
1803 25
1804 11
1805 19
1806 22
1807 20
1808 14
1809 17
1810 19
1811 12
1812 18
1813 20
1814 18
1815 18
1816 17
1817 13
1818 17
1819 16
1820 15
1821 13
1822 15
1823 15
1824 21
1825 11
1826 18
1827 17
1828 14
1829 10
1830 14
1831 9
1832 18
1833 14
1834 14
1835 18
1836 17
1837 9
1838 20
1839 15
1840 16
1841 14
1842 14
1843 14
1844 22
1845 18
1846 20
1847 14
1848 18
1849 16
1850 19
1851 8
1852 11
1853 19
1854 22
1855 20
1856 11
1857 25
1858 22
1859 17
1860 20
1861 13
1862 18
1863 16
1864 23
1865 18
1866 22
1867 19
1868 20
1869 25
1870 20
1871 16
1872 19
1873 20
1874 18
1875 12
1876 15
1877 13
1878 13
1879 22
1880 12
1881 16
1882 18
1883 20
1884 20
1885 23
1886 10
1887 16
1888 10
1889 18
1890 24
1891 19
1892 24
1893 15
1894 20
1895 12
1896 31
1897 22
1898 18
1899 17
1900 18
1901 20
1902 16
1903 29
1904 25
1905 18
1906 37
1907 21
1908 21
1909 27
1910 30
1911 36
1912 64
1913 67
1914 80
1915 99
1916 127
1917 113
1918 112
1919 99
1920 129
1921 129
1922 125
1923 125
1924 138
1925 137
1926 117
1927 86
1928 83
1929 76
1930 56
1931 61
1932 36
1933 39
1934 39
1935 46
1936 29
1937 33
1938 33
1939 18
1940 22
1941 32
1942 18
1943 21
1944 26
1945 21
1946 20
1947 15
1948 12
1949 15
1950 15
1951 17
1952 12
1953 25
1954 19
1955 20
1956 22
1957 12
1958 15
1959 15
1960 14
1961 13
1962 12
1963 12
1964 13
1965 20
1966 17
1967 11
1968 21
1969 18
1970 16
1971 9
1972 13
1973 20
1974 18
1975 13
1976 19
1977 14
1978 15
1979 14
1980 13
1981 11
1982 16
1983 17
1984 19
1985 16
1986 13
1987 18
1988 23
1989 22
1990 16
1991 15
1992 14
1993 13
1994 17
1995 27
1996 13
1997 14
1998 11
1999 13
2000 22
2001 16
2002 13
2003 15
2004 21
2005 21
2006 11
2007 13
2008 19
2009 19
2010 20
2011 17
2012 20
2013 15
2014 11
2015 14
2016 15
2017 12
2018 15
2019 13
2020 13
2021 14
2022 14
2023 16
2024 14
2025 17
2026 13
2027 28
2028 13
2029 11
2030 18
2031 15
2032 15
2033 24
2034 12
2035 13
2036 12
2037 12
2038 15
2039 17
2040 13
2041 16
2042 13
2043 8
2044 14
2045 12
2046 19
2047 11
2048 13
2049 19
2050 21
2051 14
2052 11
2053 20
2054 15
2055 13
2056 15
2057 22
2058 16
2059 13
2060 18
2061 22
2062 8
2063 13
2064 10
2065 13
2066 17
2067 20
2068 16
2069 20
2070 16
2071 16
2072 13
2073 14
2074 16
2075 12
2076 14
2077 13
2078 12
2079 6
2080 13
2081 12
2082 15
2083 12
2084 13
2085 21
2086 15
2087 11
2088 16
2089 20
2090 10
2091 8
2092 11
2093 18
2094 14
2095 11
2096 17
2097 17
2098 13
2099 17
2100 15
2101 12
2102 9
2103 13
2104 19
2105 10
2106 18
2107 14
2108 13
2109 15
2110 7
2111 17
2112 26
2113 20
2114 17
2115 17
2116 15
2117 13
2118 18
2119 20
2120 11
2121 14
2122 7
2123 12
2124 18
2125 14
2126 22
2127 15
2128 12
2129 12
2130 12
2131 25
2132 14
2133 16
2134 16
2135 17
2136 14
2137 12
2138 19
2139 19
2140 12
2141 12
2142 16
2143 17
2144 16
2145 14
2146 12
2147 12
2148 10
2149 19
2150 14
2151 17
2152 14
2153 22
2154 16
2155 14
2156 19
2157 23
2158 14
2159 17
2160 21
2161 23
2162 25
2163 26
2164 28
2165 44
2166 39
2167 47
2168 48
2169 55
2170 85
2171 84
2172 82
2173 82
2174 112
2175 137
2176 179
2177 223
2178 261
2179 278
2180 320
2181 380
2182 436
2183 397
2184 412
2185 425
2186 464
2187 578
2188 555
2189 778
2190 770
2191 681
2192 513
2193 390
2194 335
2195 258
2196 294
2197 250
2198 226
2199 167
2200 119
2201 139
2202 106
2203 89
2204 72
2205 60
2206 40
2207 35
2208 38
2209 26
2210 25
2211 32
2212 20
2213 23
2214 20
2215 20
2216 10
2217 21
2218 13
2219 17
2220 19
2221 20
2222 17
2223 19
2224 18
2225 7
2226 11
2227 15
2228 11
2229 12
2230 15
2231 18
2232 20
2233 18
2234 16
2235 13
2236 16
2237 8
2238 15
2239 25
2240 17
2241 11
2242 16
2243 18
2244 20
2245 12
2246 12
2247 16
2248 11
2249 16
2250 14
2251 16
2252 8
2253 14
2254 11
2255 15
2256 8
2257 18
2258 11
2259 9
2260 16
2261 11
2262 18
2263 15
2264 15
2265 16
2266 17
2267 10
2268 12
2269 10
2270 11
2271 13
2272 11
2273 23
2274 11
2275 16
2276 11
2277 13
2278 18
2279 19
2280 16
2281 6
2282 16
2283 14
2284 10
2285 13
2286 13
2287 20
2288 12
2289 16
2290 17
2291 13
2292 15
2293 17
2294 13
2295 19
2296 14
2297 17
2298 14
2299 14
2300 19
2301 15
2302 21
2303 16
2304 14
2305 15
2306 19
2307 14
2308 12
2309 14
2310 12
2311 24
2312 14
2313 15
2314 13
2315 19
2316 21
2317 15
2318 12
2319 7
2320 17
2321 11
2322 14
2323 11
2324 21
2325 23
2326 10
2327 12
2328 13
2329 11
2330 12
2331 23
2332 12
2333 12
2334 17
2335 15
2336 18
2337 19
2338 10
2339 7
2340 10
2341 11
2342 15
2343 17
2344 17
2345 15
2346 10
2347 15
2348 14
2349 12
2350 11
2351 16
2352 15
2353 19
2354 12
2355 15
2356 10
2357 10
2358 18
2359 15
2360 15
2361 14
2362 9
2363 16
2364 13
2365 21
2366 11
2367 15
2368 16
2369 18
2370 12
2371 17
2372 19
2373 10
2374 19
2375 21
2376 18
2377 22
2378 16
2379 20
2380 30
2381 14
2382 28
2383 29
2384 28
2385 52
2386 31
2387 42
2388 46
2389 55
2390 65
2391 58
2392 81
2393 60
2394 71
2395 78
2396 107
2397 94
2398 98
2399 120
2400 89
2401 75
2402 93
2403 74
2404 68
2405 66
2406 62
2407 60
2408 68
2409 54
2410 38
2411 33
2412 34
2413 18
2414 27
2415 17
2416 23
2417 16
2418 25
2419 11
2420 14
2421 18
2422 18
2423 12
2424 16
2425 18
2426 10
2427 10
2428 14
2429 10
2430 9
2431 13
2432 14
2433 14
2434 6
2435 13
2436 10
2437 16
2438 10
2439 12
2440 11
2441 10
2442 15
2443 6
2444 13
2445 17
2446 13
2447 12
2448 13
2449 12
2450 12
2451 20
2452 9
2453 12
2454 9
2455 15
2456 13
2457 16
2458 10
2459 17
2460 15
2461 9
2462 14
2463 10
2464 9
2465 11
2466 14
2467 9
2468 13
2469 12
2470 8
2471 13
2472 15
2473 7
2474 9
2475 16
2476 10
2477 16
2478 15
2479 16
2480 12
2481 14
2482 8
2483 10
2484 3
2485 11
2486 12
2487 7
2488 7
2489 9
2490 11
2491 15
2492 11
2493 15
2494 10
2495 10
2496 13
2497 16
2498 14
2499 13
2500 10
2501 11
2502 16
2503 10
2504 5
2505 7
2506 8
2507 12
2508 13
2509 16
2510 11
2511 15
2512 13
2513 11
2514 13
2515 17
2516 12
2517 11
2518 7
2519 6
2520 16
2521 10
2522 7
2523 16
2524 19
2525 17
2526 12
2527 10
2528 10
2529 16
2530 12
2531 14
2532 12
2533 19
2534 12
2535 11
2536 6
2537 13
2538 12
2539 9
2540 16
2541 11
2542 9
2543 15
2544 11
2545 6
2546 10
2547 14
2548 9
2549 13
2550 12
2551 12
2552 17
2553 13
2554 10
2555 14
2556 15
2557 12
2558 12
2559 8
