0 34
1 27
2 25
3 25
4 33
5 31
6 23
7 32
8 31
9 37
10 19
11 30
12 21
13 30
14 22
15 19
16 32
17 21
18 25
19 33
20 37
21 22
22 18
23 30
24 21
25 25
26 33
27 28
28 31
29 39
30 30
31 28
32 28
33 24
34 22
35 27
36 25
37 32
38 26
39 26
40 24
41 27
42 31
43 32
44 33
45 31
46 28
47 22
48 33
49 26
50 11
51 28
52 31
53 32
54 30
55 27
56 31
57 38
58 27
59 33
60 34
61 34
62 29
63 47
64 23
65 31
66 20
67 25
68 28
69 20
70 20
71 28
72 36
73 25
74 31
75 41
76 31
77 25
78 26
79 27
80 26
81 24
82 27
83 30
84 21
85 35
86 35
87 26
88 24
89 28
90 26
91 21
92 35
93 35
94 29
95 32
96 27
97 43
98 35
99 31
100 30
101 22
102 16
103 29
104 33
105 35
106 25
107 26
108 23
109 36
110 23
111 25
112 29
113 41
114 35
115 27
116 31
117 28
118 26
119 33
120 19
121 30
122 35
123 27
124 26
125 32
126 24
127 29
128 28
129 31
130 35
131 45
132 32
133 31
134 38
135 24
136 32
137 29
138 42
139 38
140 36
141 31
142 28
143 37
144 28
145 30
146 26
147 30
148 26
149 33
150 29
151 30
152 30
153 34
154 21
155 14
156 30
157 26
158 31
159 23
160 50
161 38
162 37
163 32
164 33
165 35
166 30
167 31
168 38
169 29
170 32
171 25
172 39
173 29
174 42
175 30
176 29
177 30
178 35
179 33
180 28
181 30
182 32
183 31
184 26
185 24
186 32
187 28
188 32
189 35
190 37
191 35
192 26
193 30
194 33
195 42
196 35
197 36
198 29
199 34
200 34
201 49
202 28
203 27
204 40
205 31
206 28
207 35
208 30
209 30
210 29
211 24
212 30
213 40
214 35
215 47
216 32
217 30
218 34
219 44
220 48
221 35
222 37
223 36
224 33
225 38
226 37
227 35
228 29
229 35
230 35
231 31
232 28
233 41
234 40
235 31
236 33
237 33
238 27
239 26
240 31
241 32
242 29
243 21
244 30
245 37
246 29
247 26
248 33
249 32
250 21
251 33
252 29
253 37
254 35
255 25
256 41
257 37
258 32
259 26
260 32
261 29
262 26
263 38
264 35
265 27
266 30
267 30
268 21
269 34
270 32
271 32
272 40
273 35
274 29
275 23
276 25
277 34
278 29
279 34
280 34
281 36
282 42
283 33
284 31
285 39
286 36
287 37
288 24
289 43
290 33
291 29
292 29
293 36
294 31
295 29
296 25
297 42
298 31
299 34
300 32
301 29
302 31
303 32
304 52
305 34
306 34
307 36
308 37
309 30
310 37
311 29
312 37
313 37
314 38
315 32
316 39
317 27
318 27
319 31
320 34
321 24
322 34
323 30
324 28
325 39
326 36
327 44
328 39
329 36
330 26
331 33
332 26
333 29
334 30
335 31
336 26
337 46
338 37
339 40
340 38
341 25
342 32
343 32
344 21
345 16
346 32
347 44
348 27
349 39
350 25
351 38
352 35
353 32
354 40
355 32
356 33
357 38
358 32
359 25
360 41
361 37
362 39
363 45
364 36
365 25
366 37
367 33
368 40
369 34
370 34
371 32
372 28
373 44
374 29
375 42
376 29
377 31
378 39
379 37
380 35
381 35
382 30
383 36
384 48
385 42
386 43
387 28
388 34
389 31
390 25
391 45
392 34
393 28
394 39
395 36
396 34
397 41
398 29
399 43
400 29
401 32
402 33
403 41
404 43
405 36
406 32
407 34
408 42
409 35
410 39
411 38
412 26
413 32
414 33
415 27
416 30
417 30
418 36
419 23
420 42
421 51
422 35
423 27
424 29
425 47
426 32
427 38
428 37
429 45
430 27
431 37
432 38
433 34
434 28
435 40
436 33
437 35
438 33
439 40
440 33
441 34
442 41
443 38
444 40
445 41
446 40
447 27
448 41
449 38
450 36
451 38
452 38
453 36
454 39
455 40
456 39
457 36
458 32
459 35
460 24
461 40
462 35
463 40
464 40
465 25
466 29
467 36
468 29
469 26
470 34
471 25
472 40
473 30
474 39
475 22
476 33
477 39
478 37
479 35
480 37
481 37
482 39
483 25
484 32
485 42
486 37
487 43
488 36
489 37
490 39
491 34
492 35
493 34
494 33
495 40
496 33
497 34
498 39
499 41
500 27
501 42
502 48
503 32
504 29
505 32
506 42
507 43
508 28
509 33
510 33
511 34
512 45
513 49
514 22
515 49
516 42
517 36
518 39
519 46
520 53
521 32
522 39
523 47
524 41
525 39
526 43
527 36
528 45
529 35
530 33
531 24
532 33
533 37
534 31
535 37
536 40
537 45
538 33
539 33
540 38
541 30
542 38
543 25
544 36
545 44
546 41
547 31
548 37
549 34
550 42
551 44
552 31
553 37
554 29
555 35
556 40
557 37
558 37
559 55
560 52
561 44
562 46
563 55
564 53
565 48
566 50
567 70
568 59
569 57
570 49
571 54
572 65
573 58
574 58
575 44
576 64
577 80
578 92
579 101
580 87
581 71
582 81
583 85
584 70
585 77
586 74
587 78
588 98
589 104
590 106
591 96
592 90
593 83
594 63
595 45
596 41
597 48
598 56
599 47
600 43
601 33
602 41
603 35
604 36
605 46
606 39
607 46
608 39
609 32
610 33
611 28
612 45
613 34
614 38
615 41
616 33
617 32
618 36
619 50
620 36
621 48
622 33
623 51
624 35
625 30
626 36
627 35
628 40
629 41
630 48
631 36
632 38
633 32
634 39
635 47
636 44
637 39
638 35
639 42
640 33
641 45
642 41
643 32
644 34
645 42
646 45
647 37
648 28
649 37
650 42
651 38
652 39
653 41
654 42
655 36
656 39
657 31
658 41
659 34
660 46
661 33
662 37
663 41
664 42
665 39
666 40
667 39
668 33
669 28
670 40
671 39
672 40
673 34
674 36
675 41
676 37
677 45
678 45
679 34
680 32
681 31
682 37
683 37
684 24
685 40
686 33
687 27
688 40
689 36
690 35
691 42
692 43
693 32
694 34
695 48
696 40
697 31
698 33
699 42
700 37
701 34
702 36
703 52
704 35
705 27
706 30
707 35
708 39
709 42
710 41
711 40
712 31
713 37
714 33
715 36
716 38
717 45
718 33
719 39
720 37
721 31
722 37
723 37
724 32
725 37
726 43
727 39
728 31
729 36
730 39
731 33
732 33
733 31
734 38
735 37
736 40
737 35
738 41
739 31
740 34
741 33
742 39
743 31
744 39
745 30
746 41
747 30
748 37
749 44
750 36
751 45
752 46
753 41
754 34
755 38
756 39
757 39
758 36
759 31
760 40
761 33
762 37
763 38
764 51
765 31
766 46
767 28
768 37
769 37
770 32
771 37
772 39
773 31
774 29
775 35
776 47
777 46
778 43
779 22
780 38
781 42
782 29
783 44
784 24
785 36
786 31
787 38
788 46
789 34
790 32
791 35
792 40
793 33
794 36
795 36
796 33
797 36
798 44
799 40
800 40
801 27
802 33
803 35
804 34
805 28
806 35
807 33
808 36
809 36
810 34
811 36
812 36
813 44
814 32
815 39
816 41
817 31
818 41
819 33
820 29
821 33
822 44
823 25
824 31
825 45
826 31
827 40
828 35
829 24
830 43
831 47
832 31
833 31
834 36
835 36
836 34
837 28
838 47
839 35
840 46
841 31
842 35
843 35
844 25
845 42
846 29
847 31
848 35
849 36
850 22
851 28
852 48
853 40
854 30
855 39
856 30
857 31
858 40
859 38
860 34
861 28
862 32
863 32
864 33
865 43
866 35
867 41
868 38
869 37
870 37
871 39
872 38
873 27
874 28
875 33
876 43
877 30
878 37
879 25
880 39
881 32
882 34
883 34
884 37
885 39
886 39
887 22
888 32
889 36
890 35
891 45
892 41
893 30
894 29
895 34
896 37
897 45
898 32
899 24
900 28
901 36
902 40
903 44
904 25
905 37
906 48
907 39
908 52
909 45
910 38
911 23
912 43
913 34
914 34
915 38
916 35
917 31
918 39
919 34
920 36
921 43
922 37
923 51
924 29
925 31
926 32
927 33
928 32
929 35
930 41
931 31
932 35
933 36
934 35
935 43
936 42
937 43
938 36
939 27
940 40
941 25
942 25
943 29
944 30
945 37
946 26
947 30
948 40
949 25
950 38
951 38
952 34
953 34
954 28
955 35
956 37
957 32
958 35
959 44
960 28
961 32
962 33
963 33
964 31
965 33
966 37
967 35
968 29
969 41
970 36
971 28
972 38
973 40
974 34
975 51
976 31
977 29
978 38
979 27
980 35
981 33
982 36
983 36
984 35
985 25
986 31
987 40
988 35
989 31
990 26
991 37
992 38
993 47
994 42
995 40
996 43
997 40
998 33
999 21
1000 39
1001 34
1002 32
1003 41
1004 41
1005 30
1006 37
1007 39
1008 42
1009 35
1010 39
1011 26
1012 27
1013 39
1014 24
1015 34
1016 32
1017 27
1018 43
1019 37
1020 25
1021 32
1022 39
1023 30
1024 40
1025 42
1026 40
1027 29
1028 24
1029 40
1030 32
1031 24
1032 24
1033 23
1034 40
1035 36
1036 36
1037 28
1038 40
1039 34
1040 31
1041 34
1042 37
1043 36
1044 37
1045 34
1046 37
1047 41
1048 42
1049 40
1050 40
1051 38
1052 29
1053 35
1054 28
1055 28
1056 47
1057 35
1058 27
1059 28
1060 32
1061 29
1062 36
1063 35
1064 31
1065 23
1066 20
1067 36
1068 28
1069 30
1070 21
1071 34
1072 39
1073 43
1074 33
1075 27
1076 25
1077 31
1078 28
1079 41
1080 29
1081 33
1082 41
1083 28
1084 30
1085 39
1086 30
1087 31
1088 35
1089 33
1090 36
1091 44
1092 51
1093 50
1094 49
1095 65
1096 75
1097 77
1098 86
1099 103
1100 128
1101 165
1102 175
1103 175
1104 229
1105 218
1106 271
1107 274
1108 281
1109 350
1110 421
1111 432
1112 459
1113 454
1114 462
1115 479
1116 521
1117 476
1118 417
1119 376
1120 318
1121 279
1122 180
1123 136
1124 137
1125 79
1126 56
1127 47
1128 52
1129 39
1130 30
1131 29
1132 37
1133 33
1134 28
1135 25
1136 29
1137 37
1138 33
1139 27
1140 39
1141 40
1142 31
1143 38
1144 30
1145 27
1146 30
1147 22
1148 36
1149 24
1150 36
1151 30
1152 37
1153 28
1154 32
1155 33
1156 28
1157 32
1158 34
1159 33
1160 35
1161 37
1162 34
1163 22
1164 32
1165 28
1166 35
1167 31
1168 30
1169 39
1170 39
1171 28
1172 33
1173 33
1174 26
1175 25
1176 29
1177 29
1178 22
1179 32
1180 26
1181 25
1182 29
1183 31
1184 25
1185 35
1186 34
1187 34
1188 46
1189 33
1190 27
1191 38
1192 40
1193 35
1194 40
1195 20
1196 34
1197 37
1198 30
1199 22
1200 19
1201 42
1202 25
1203 25
1204 30
1205 31
1206 29
1207 22
1208 28
1209 37
1210 38
1211 40
1212 42
1213 28
1214 33
1215 32
1216 24
1217 27
1218 36
1219 30
1220 26
1221 30
1222 30
1223 41
1224 27
1225 37
1226 23
1227 25
1228 34
1229 33
1230 37
1231 31
1232 18
1233 38
1234 34
1235 34
1236 23
1237 32
1238 24
1239 32
1240 37
1241 54
1242 36
1243 39
1244 51
1245 37
1246 56
1247 59
1248 57
1249 57
1250 63
1251 66
1252 72
1253 45
1254 49
1255 57
1256 43
1257 62
1258 45
1259 42
1260 38
1261 36
1262 41
1263 30
1264 16
1265 29
1266 26
1267 25
1268 20
1269 30
1270 29
1271 18
1272 24
1273 24
1274 32
1275 15
1276 18
1277 15
1278 12
1279 14
1280 28
1281 29
1282 26
1283 23
1284 23
1285 29
1286 34
1287 26
1288 22
1289 32
1290 28
1291 22
1292 27
1293 21
1294 24
1295 24
1296 19
1297 22
1298 24
1299 22
1300 28
1301 18
1302 27
1303 19
1304 26
1305 30
1306 21
1307 28
1308 24
1309 20
1310 26
1311 23
1312 24
1313 31
1314 23
1315 29
1316 32
1317 34
1318 27
1319 31
1320 29
1321 35
1322 39
1323 43
1324 41
1325 28
1326 40
1327 38
1328 36
1329 31
1330 39
1331 33
1332 29
1333 39
1334 33
1335 27
1336 31
1337 20
1338 34
1339 26
1340 21
1341 29
1342 21
1343 18
1344 25
1345 19
1346 15
1347 13
1348 18
1349 28
1350 16
1351 25
1352 33
1353 12
1354 31
1355 31
1356 26
1357 18
1358 20
1359 24
1360 16
1361 26
1362 24
1363 20
1364 19
1365 19
1366 21
1367 24
1368 22
1369 25
1370 27
1371 10
1372 21
1373 22
1374 20
1375 23
1376 26
1377 24
1378 25
1379 20
1380 27
1381 20
1382 32
1383 23
1384 18
1385 24
1386 24
1387 22
1388 23
1389 28
1390 22
1391 28
1392 33
1393 29
1394 32
1395 42
1396 49
1397 67
1398 73
1399 59
1400 67
1401 88
1402 101
1403 141
1404 163
1405 170
1406 158
1407 203
1408 173
1409 160
1410 146
1411 199
1412 197
1413 223
1414 211
1415 194
1416 184
1417 162
1418 129
1419 113
1420 79
1421 55
1422 49
1423 36
1424 31
1425 33
1426 29
1427 22
1428 31
1429 24
1430 27
1431 22
1432 28
1433 19
1434 33
1435 19
1436 33
1437 23
1438 18
1439 28
1440 21
1441 29
1442 29
1443 18
1444 11
1445 23
1446 20
1447 20
1448 32
1449 23
1450 22
1451 30
1452 21
1453 19
1454 23
1455 21
1456 20
1457 29
1458 13
1459 36
1460 21
1461 17
1462 20
1463 24
1464 22
1465 24
1466 17
1467 22
1468 21
1469 19
1470 16
1471 26
1472 30
1473 26
1474 26
1475 17
1476 29
1477 17
1478 28
1479 16
1480 27
1481 29
1482 21
1483 20
1484 17
1485 32
1486 26
1487 19
1488 25
1489 23
1490 25
1491 20
1492 16
1493 15
1494 14
1495 26
1496 17
1497 20
1498 19
1499 15
1500 23
1501 22
1502 22
1503 18
1504 21
1505 28
1506 24
1507 17
1508 15
1509 17
1510 17
1511 16
1512 27
1513 23
1514 17
1515 21
1516 20
1517 24
1518 23
1519 23
1520 18
1521 12
1522 18
1523 27
1524 24
1525 19
1526 20
1527 24
1528 18
1529 17
1530 23
1531 18
1532 11
1533 16
1534 18
1535 12
1536 19
1537 25
1538 22
1539 27
1540 16
1541 20
1542 18
1543 19
1544 20
1545 29
1546 27
1547 20
1548 18
1549 23
1550 20
1551 20
1552 14
1553 18
1554 16
1555 20
1556 23
1557 20
1558 28
1559 25
1560 30
1561 34
1562 23
1563 12
1564 26
1565 23
1566 28
1567 25
1568 18
1569 13
1570 20
1571 23
1572 15
1573 17
1574 25
1575 20
1576 16
1577 18
1578 25
1579 25
1580 21
1581 11
1582 18
1583 18
1584 14
1585 22
1586 21
1587 25
1588 22
1589 26
1590 19
1591 22
1592 22
1593 27
1594 19
1595 15
1596 19
1597 20
1598 30
1599 21
1600 17
1601 12
1602 18
1603 27
1604 21
1605 10
1606 19
1607 25
1608 14
1609 20
1610 17
1611 19
1612 24
1613 17
1614 18
1615 19
1616 19
1617 16
1618 18
1619 21
1620 19
1621 28
1622 21
1623 15
1624 19
1625 18
1626 17
1627 15
1628 21
1629 14
1630 18
1631 18
1632 16
1633 15
1634 17
1635 16
1636 13
1637 17
1638 16
1639 18
1640 17
1641 16
1642 16
1643 14
1644 13
1645 24
1646 19
1647 15
1648 17
1649 19
1650 16
1651 21
1652 15
1653 15
1654 13
1655 21
1656 20
1657 18
1658 21
1659 19
1660 23
1661 15
1662 19
1663 26
1664 12
1665 27
1666 16
1667 20
1668 25
1669 24
1670 18
1671 21
1672 17
1673 20
1674 16
1675 22
1676 15
1677 18
1678 21
1679 11
1680 9
1681 17
1682 19
1683 21
1684 15
1685 19
1686 16
1687 16
1688 11
1689 13
1690 17
1691 21
1692 16
1693 22
1694 10
1695 12
1696 27
1697 25
1698 18
1699 21
1700 16
1701 15
1702 22
1703 28
1704 22
1705 18
1706 12
1707 19
1708 17
1709 20
1710 15
1711 15
1712 17
1713 7
1714 25
1715 15
1716 15
1717 10
1718 15
1719 16
1720 23
1721 25
1722 20
1723 14
1724 24
1725 17
1726 23
1727 20
1728 13
1729 17
1730 15
1731 23
1732 21
1733 27
1734 27
1735 23
1736 19
1737 25
1738 16
1739 16
1740 13
1741 21
1742 31
1743 17
1744 20
1745 10
1746 20
1747 18
1748 18
1749 18
1750 15
1751 16
1752 14
1753 15
1754 20
1755 22
1756 21
1757 14
1758 23
1759 16
1760 12
1761 18
1762 17
1763 23
1764 15
1765 17
1766 20
1767 18
1768 14
1769 16
1770 26
1771 21
1772 12
1773 14
1774 18
1775 21
1776 13
1777 19
1778 19
1779 19
1780 22
1781 18
1782 24
1783 16
1784 16
1785 20
1786 14
1787 15
1788 17
1789 17
1790 19
1791 24
1792 22
1793 21
1794 19
1795 19
1796 8
1797 22
1798 20
1799 19
1800 14
1801 18
1802 20
1803 23
1804 17
1805 16
1806 20
1807 16
1808 26
1809 20
1810 19
1811 15
1812 15
1813 24
1814 16
1815 25
1816 25
1817 25
1818 22
1819 24
1820 21
1821 21
1822 26
1823 18
1824 19
1825 27
1826 18
1827 30
1828 25
1829 18
1830 16
1831 18
1832 13
1833 14
1834 21
1835 15
1836 15
1837 10
1838 17
1839 15
1840 14
1841 18
1842 22
1843 15
1844 15
1845 23
1846 10
1847 22
1848 16
1849 19
1850 18
1851 19
1852 24
1853 20
1854 20
1855 18
1856 14
1857 19
1858 14
1859 21
1860 15
1861 22
1862 24
1863 24
1864 30
1865 21
1866 28
1867 18
1868 29
1869 36
1870 45
1871 41
1872 57
1873 50
1874 56
1875 63
1876 94
1877 129
1878 154
1879 155
1880 143
1881 160
1882 127
1883 141
1884 183
1885 176
1886 125
1887 89
1888 86
1889 92
1890 103
1891 83
1892 53
1893 93
1894 83
1895 60
1896 38
1897 45
1898 29
1899 24
1900 32
1901 19
1902 15
1903 23
1904 19
1905 21
1906 23
1907 18
1908 14
1909 18
1910 18
1911 23
1912 21
1913 14
1914 16
1915 13
1916 14
1917 14
1918 21
1919 24
1920 18
1921 21
1922 23
1923 14
1924 18
1925 18
1926 21
1927 24
1928 19
1929 13
1930 14
1931 11
1932 22
1933 14
1934 16
1935 18
1936 22
1937 15
1938 15
1939 18
1940 15
1941 12
1942 15
1943 15
1944 20
1945 14
1946 21
1947 17
1948 15
1949 17
1950 15
1951 15
1952 22
1953 16
1954 10
1955 19
1956 18
1957 19
1958 20
1959 13
1960 20
1961 11
1962 23
1963 17
1964 15
1965 21
1966 17
1967 14
1968 24
1969 12
1970 10
1971 17
1972 18
1973 14
1974 20
1975 11
1976 18
1977 24
1978 18
1979 17
1980 11
1981 9
1982 14
1983 15
1984 16
1985 17
1986 15
1987 21
1988 18
1989 15
1990 14
1991 19
1992 24
1993 11
1994 12
1995 15
1996 14
1997 13
1998 12
1999 16
2000 12
2001 14
2002 16
2003 14
2004 16
2005 16
2006 5
2007 13
2008 22
2009 16
2010 25
2011 15
2012 11
2013 19
2014 16
2015 9
2016 19
2017 16
2018 20
2019 17
2020 16
2021 16
2022 13
2023 14
2024 15
2025 15
2026 9
2027 11
2028 15
2029 12
2030 16
2031 24
2032 16
2033 15
2034 11
2035 20
2036 14
2037 14
2038 16
2039 18
2040 19
2041 17
2042 12
2043 15
2044 18
2045 25
2046 11
2047 16
2048 14
2049 18
2050 17
2051 12
2052 17
2053 17
2054 11
2055 10
2056 11
2057 18
2058 20
2059 14
2060 19
2061 17
2062 17
2063 18
2064 17
2065 10
2066 20
2067 19
2068 12
2069 8
2070 15
2071 14
2072 15
2073 13
2074 14
2075 13
2076 15
2077 10
2078 16
2079 16
2080 9
2081 14
2082 13
2083 19
2084 20
2085 19
2086 15
2087 7
2088 11
2089 21
2090 14
2091 13
2092 16
2093 21
2094 21
2095 28
2096 17
2097 12
2098 15
2099 19
2100 12
2101 16
2102 23
2103 15
2104 12
2105 16
2106 19
2107 13
2108 18
2109 22
2110 17
2111 16
2112 15
2113 22
2114 17
2115 24
2116 27
2117 16
2118 22
2119 32
2120 36
2121 30
2122 29
2123 58
2124 57
2125 39
2126 41
2127 49
2128 60
2129 88
2130 102
2131 90
2132 115
2133 145
2134 170
2135 202
2136 227
2137 224
2138 276
2139 288
2140 346
2141 362
2142 460
2143 422
2144 413
2145 477
2146 473
2147 377
2148 369
2149 383
2150 426
2151 385
2152 322
2153 248
2154 202
2155 200
2156 199
2157 151
2158 145
2159 117
2160 96
2161 84
2162 82
2163 88
2164 55
2165 58
2166 52
2167 35
2168 25
2169 18
2170 22
2171 15
2172 17
2173 14
2174 13
2175 19
2176 23
2177 20
2178 20
2179 21
2180 13
2181 18
2182 17
2183 22
2184 17
2185 20
2186 18
2187 18
2188 26
2189 16
2190 12
2191 25
2192 10
2193 15
2194 10
2195 12
2196 19
2197 16
2198 20
2199 17
2200 12
2201 17
2202 10
2203 20
2204 19
2205 14
2206 19
2207 16
2208 16
2209 13
2210 9
2211 15
2212 8
2213 17
2214 20
2215 19
2216 7
2217 13
2218 16
2219 18
2220 15
2221 15
2222 18
2223 17
2224 16
2225 12
2226 16
2227 12
2228 18
2229 14
2230 4
2231 20
2232 10
2233 14
2234 18
2235 15
2236 16
2237 17
2238 20
2239 16
2240 21
2241 13
2242 17
2243 12
2244 16
2245 11
2246 12
2247 13
2248 16
2249 18
2250 14
2251 14
2252 11
2253 17
2254 17
2255 15
2256 11
2257 21
2258 15
2259 13
2260 13
2261 19
2262 12
2263 17
2264 15
2265 17
2266 24
2267 16
2268 17
2269 20
2270 20
2271 11
2272 16
2273 9
2274 12
2275 16
2276 21
2277 16
2278 14
2279 8
2280 11
2281 8
2282 12
2283 15
2284 17
2285 10
2286 11
2287 11
2288 11
2289 16
2290 12
2291 10
2292 9
2293 14
2294 13
2295 11
2296 18
2297 13
2298 14
2299 13
2300 9
2301 16
2302 9
2303 18
2304 13
2305 17
2306 13
2307 13
2308 15
2309 12
2310 14
2311 16
2312 18
2313 24
2314 17
2315 18
2316 11
2317 20
2318 8
2319 18
2320 11
2321 12
2322 15
2323 11
2324 14
2325 10
2326 14
2327 17
2328 23
2329 19
2330 16
2331 16
2332 21
2333 31
2334 25
2335 28
2336 28
2337 20
2338 27
2339 40
2340 39
2341 42
2342 44
2343 47
2344 46
2345 51
2346 55
2347 75
2348 70
2349 80
2350 109
2351 100
2352 84
2353 87
2354 61
2355 66
2356 100
2357 102
2358 107
2359 95
2360 75
2361 70
2362 72
2363 67
2364 78
2365 44
2366 46
2367 42
2368 35
2369 30
2370 31
2371 23
2372 15
2373 13
2374 8
2375 16
2376 12
2377 12
2378 15
2379 19
2380 13
2381 14
2382 18
2383 23
2384 13
2385 8
2386 10
2387 13
2388 8
2389 17
2390 10
2391 13
2392 15
2393 10
2394 11
2395 10
2396 14
2397 14
2398 14
2399 15
2400 11
2401 12
2402 13
2403 13
2404 11
2405 9
2406 13
2407 25
2408 12
2409 12
2410 9
2411 11
2412 12
2413 15
2414 10
2415 16
2416 8
2417 9
2418 13
2419 15
2420 12
2421 9
2422 7
2423 9
2424 12
2425 9
2426 16
2427 10
2428 9
2429 16
2430 7
2431 10
2432 11
2433 6
2434 6
2435 12
2436 16
2437 10
2438 14
2439 15
2440 12
2441 5
2442 16
2443 7
2444 13
2445 12
2446 12
2447 12
2448 9
2449 12
2450 10
2451 8
2452 19
2453 11
2454 13
2455 9
2456 16
2457 12
2458 11
2459 12
2460 12
2461 10
2462 14
2463 13
2464 14
2465 16
2466 13
2467 9
2468 13
2469 10
2470 7
2471 12
2472 18
2473 14
2474 9
2475 14
2476 11
2477 15
2478 21
2479 16
2480 11
2481 16
2482 4
2483 10
2484 15
2485 6
2486 10
2487 12
2488 17
2489 9
2490 19
2491 10
2492 13
2493 10
2494 11
2495 8
2496 15
2497 17
2498 17
2499 14
2500 14
2501 12
2502 14
2503 19
2504 7
2505 13
2506 12
2507 18
2508 8
2509 18
2510 11
2511 12
2512 12
2513 17
2514 12
2515 10
2516 11
2517 13
2518 14
2519 10
2520 8
2521 10
2522 7
2523 14
2524 16
2525 9
2526 13
2527 13
2528 9
2529 16
2530 13
2531 3
2532 8
2533 11
2534 11
2535 7
2536 11
2537 11
2538 17
2539 11
2540 11
2541 14
2542 14
2543 11
2544 11
2545 13
2546 9
2547 10
2548 12
2549 14
2550 7
2551 7
2552 9
2553 13
2554 10
2555 14
2556 10
2557 14
2558 17
2559 14
