0 42
1 27
2 22
3 31
4 38
5 26
6 20
7 31
8 30
9 28
10 34
11 29
12 34
13 34
14 21
15 26
16 21
17 40
18 29
19 21
20 29
21 39
22 30
23 24
24 34
25 25
26 33
27 42
28 27
29 35
30 22
31 23
32 34
33 29
34 37
35 34
36 25
37 28
38 30
39 24
40 47
41 25
42 22
43 32
44 25
45 29
46 31
47 30
48 34
49 31
50 34
51 37
52 25
53 29
54 31
55 36
56 29
57 28
58 29
59 34
60 26
61 26
62 30
63 22
64 40
65 23
66 33
67 38
68 29
69 22
70 42
71 30
72 32
73 24
74 24
75 29
76 29
77 33
78 20
79 30
80 40
81 32
82 37
83 22
84 20
85 28
86 23
87 27
88 29
89 30
90 33
91 19
92 38
93 24
94 30
95 29
96 28
97 28
98 31
99 25
100 29
101 26
102 35
103 33
104 32
105 33
106 29
107 36
108 30
109 39
110 40
111 30
112 22
113 33
114 26
115 22
116 36
117 34
118 34
119 25
120 30
121 34
122 32
123 32
124 23
125 29
126 32
127 44
128 22
129 42
130 42
131 22
132 34
133 36
134 32
135 35
136 29
137 30
138 42
139 35
140 36
141 24
142 36
143 31
144 29
145 28
146 35
147 30
148 26
149 29
150 24
151 34
152 37
153 24
154 37
155 24
156 29
157 30
158 25
159 32
160 34
161 36
162 30
163 38
164 38
165 33
166 39
167 32
168 44
169 22
170 39
171 27
172 34
173 37
174 46
175 42
176 32
177 27
178 28
179 27
180 33
181 38
182 24
183 38
184 30
185 33
186 38
187 37
188 29
189 32
190 28
191 35
192 29
193 34
194 30
195 23
196 26
197 32
198 27
199 30
200 40
201 28
202 25
203 25
204 39
205 29
206 42
207 28
208 39
209 29
210 30
211 46
212 42
213 33
214 28
215 41
216 26
217 41
218 33
219 46
220 39
221 33
222 42
223 39
224 31
225 32
226 26
227 29
228 30
229 40
230 36
231 30
232 28
233 31
234 25
235 36
236 31
237 42
238 30
239 37
240 37
241 35
242 34
243 36
244 29
245 27
246 41
247 33
248 24
249 43
250 35
251 28
252 28
253 36
254 33
255 32
256 43
257 36
258 29
259 34
260 39
261 44
262 43
263 28
264 34
265 27
266 40
267 51
268 47
269 43
270 38
271 34
272 19
273 35
274 39
275 39
276 31
277 32
278 41
279 46
280 23
281 40
282 23
283 30
284 42
285 28
286 44
287 51
288 35
289 39
290 26
291 28
292 28
293 38
294 39
295 37
296 34
297 21
298 22
299 40
300 39
301 37
302 33
303 30
304 33
305 53
306 38
307 32
308 38
309 25
310 30
311 36
312 28
313 20
314 31
315 37
316 42
317 31
318 23
319 38
320 36
321 28
322 25
323 41
324 52
325 38
326 48
327 34
328 38
329 32
330 27
331 26
332 25
333 39
334 29
335 38
336 30
337 31
338 26
339 40
340 37
341 39
342 42
343 32
344 34
345 47
346 32
347 43
348 37
349 41
350 44
351 38
352 30
353 50
354 39
355 30
356 32
357 24
358 35
359 24
360 25
361 32
362 39
363 33
364 36
365 34
366 37
367 33
368 31
369 32
370 19
371 34
372 29
373 37
374 31
375 43
376 32
377 30
378 46
379 43
380 34
381 44
382 36
383 41
384 34
385 27
386 33
387 35
388 43
389 37
390 37
391 25
392 45
393 31
394 35
395 31
396 40
397 42
398 34
399 32
400 37
401 38
402 42
403 50
404 43
405 42
406 30
407 40
408 53
409 37
410 37
411 38
412 29
413 33
414 31
415 36
416 36
417 41
418 32
419 28
420 41
421 31
422 37
423 36
424 35
425 37
426 46
427 32
428 40
429 22
430 40
431 33
432 47
433 39
434 32
435 32
436 38
437 40
438 39
439 41
440 41
441 33
442 35
443 47
444 38
445 40
446 43
447 43
448 41
449 35
450 45
451 33
452 28
453 39
454 38
455 42
456 41
457 44
458 42
459 41
460 33
461 34
462 33
463 40
464 43
465 27
466 30
467 32
468 34
469 38
470 31
471 29
472 34
473 49
474 33
475 36
476 28
477 39
478 28
479 34
480 37
481 38
482 40
483 33
484 33
485 43
486 39
487 43
488 37
489 45
490 37
491 35
492 34
493 48
494 29
495 39
496 35
497 40
498 40
499 34
500 32
501 38
502 37
503 37
504 41
505 39
506 43
507 45
508 36
509 32
510 31
511 31
512 29
513 36
514 34
515 38
516 47
517 55
518 35
519 33
520 29
521 42
522 46
523 33
524 40
525 48
526 49
527 46
528 42
529 50
530 45
531 32
532 49
533 43
534 41
535 50
536 34
537 54
538 59
539 56
540 43
541 53
542 39
543 52
544 63
545 67
546 66
547 75
548 87
549 88
550 95
551 101
552 76
553 80
554 69
555 65
556 80
557 76
558 88
559 94
560 91
561 97
562 70
563 69
564 83
565 62
566 57
567 55
568 30
569 40
570 44
571 30
572 45
573 53
574 40
575 31
576 40
577 37
578 44
579 41
580 43
581 42
582 47
583 49
584 49
585 37
586 41
587 42
588 41
589 38
590 50
591 37
592 40
593 45
594 32
595 39
596 35
597 35
598 34
599 29
600 32
601 35
602 51
603 66
604 30
605 52
606 28
607 41
608 39
609 37
610 34
611 35
612 50
613 46
614 28
615 43
616 43
617 33
618 36
619 22
620 30
621 39
622 45
623 39
624 27
625 36
626 44
627 39
628 38
629 46
630 44
631 41
632 41
633 43
634 30
635 30
636 32
637 32
638 38
639 46
640 38
641 27
642 34
643 39
644 36
645 40
646 35
647 51
648 48
649 38
650 53
651 45
652 33
653 45
654 34
655 36
656 44
657 40
658 31
659 44
660 43
661 39
662 24
663 27
664 34
665 58
666 28
667 40
668 37
669 37
670 43
671 39
672 46
673 41
674 38
675 46
676 28
677 50
678 35
679 47
680 60
681 35
682 31
683 37
684 41
685 43
686 37
687 32
688 37
689 33
690 31
691 26
692 30
693 44
694 38
695 31
696 28
697 32
698 32
699 49
700 29
701 46
702 35
703 30
704 27
705 38
706 28
707 48
708 39
709 41
710 49
711 39
712 44
713 42
714 40
715 39
716 48
717 36
718 39
719 45
720 34
721 45
722 39
723 27
724 31
725 34
726 31
727 41
728 29
729 28
730 35
731 34
732 36
733 36
734 34
735 34
736 38
737 57
738 44
739 47
740 40
741 44
742 33
743 29
744 39
745 26
746 39
747 36
748 45
749 36
750 39
751 44
752 41
753 38
754 45
755 42
756 33
757 44
758 42
759 44
760 36
761 36
762 45
763 31
764 35
765 36
766 32
767 47
768 40
769 32
770 43
771 40
772 23
773 34
774 49
775 47
776 36
777 27
778 41
779 37
780 31
781 33
782 53
783 40
784 35
785 42
786 35
787 36
788 52
789 41
790 27
791 27
792 31
793 37
794 47
795 46
796 36
797 33
798 47
799 27
800 35
801 26
802 40
803 44
804 39
805 44
806 36
807 42
808 28
809 33
810 40
811 35
812 50
813 41
814 36
815 36
816 48
817 41
818 34
819 34
820 42
821 32
822 36
823 37
824 31
825 38
826 29
827 31
828 36
829 41
830 33
831 28
832 38
833 44
834 30
835 37
836 30
837 33
838 27
839 36
840 31
841 28
842 37
843 46
844 26
845 28
846 43
847 34
848 35
849 34
850 25
851 36
852 32
853 39
854 37
855 29
856 35
857 44
858 35
859 38
860 29
861 46
862 36
863 42
864 39
865 31
866 42
867 35
868 35
869 37
870 30
871 33
872 43
873 44
874 32
875 17
876 49
877 31
878 43
879 36
880 33
881 32
882 34
883 43
884 41
885 40
886 36
887 28
888 31
889 31
890 25
891 31
892 46
893 35
894 31
895 39
896 58
897 38
898 43
899 36
900 49
901 31
902 35
903 27
904 22
905 32
906 31
907 35
908 40
909 37
910 33
911 38
912 36
913 38
914 38
915 30
916 33
917 35
918 31
919 40
920 23
921 30
922 37
923 32
924 33
925 48
926 31
927 25
928 46
929 40
930 41
931 39
932 29
933 42
934 33
935 33
936 28
937 28
938 34
939 32
940 41
941 22
942 27
943 35
944 32
945 34
946 43
947 39
948 25
949 29
950 31
951 38
952 28
953 34
954 29
955 34
956 25
957 35
958 35
959 28
960 31
961 34
962 41
963 45
964 34
965 26
966 35
967 48
968 29
969 24
970 31
971 38
972 29
973 36
974 27
975 31
976 36
977 33
978 42
979 35
980 30
981 31
982 31
983 44
984 29
985 28
986 28
987 31
988 45
989 40
990 28
991 26
992 29
993 30
994 33
995 29
996 32
997 33
998 33
999 40
1000 36
1001 41
1002 42
1003 49
1004 30
1005 39
1006 30
1007 29
1008 28
1009 30
1010 35
1011 39
1012 32
1013 25
1014 24
1015 33
1016 30
1017 41
1018 35
1019 29
1020 34
1021 31
1022 29
1023 27
1024 38
1025 39
1026 30
1027 35
1028 32
1029 27
1030 28
1031 41
1032 36
1033 40
1034 39
1035 45
1036 41
1037 31
1038 43
1039 47
1040 40
1041 34
1042 30
1043 31
1044 32
1045 40
1046 41
1047 35
1048 29
1049 27
1050 37
1051 38
1052 43
1053 50
1054 63
1055 64
1056 62
1057 79
1058 77
1059 61
1060 83
1061 86
1062 111
1063 114
1064 107
1065 105
1066 115
1067 126
1068 164
1069 208
1070 221
1071 314
1072 357
1073 426
1074 446
1075 437
1076 463
1077 469
1078 418
1079 462
1080 448
1081 417
1082 393
1083 416
1084 339
1085 206
1086 169
1087 148
1088 179
1089 127
1090 80
1091 69
1092 51
1093 42
1094 39
1095 36
1096 31
1097 25
1098 42
1099 35
1100 40
1101 38
1102 36
1103 43
1104 28
1105 50
1106 26
1107 31
1108 39
1109 27
1110 21
1111 24
1112 39
1113 36
1114 31
1115 43
1116 33
1117 37
1118 42
1119 24
1120 24
1121 37
1122 38
1123 25
1124 36
1125 41
1126 23
1127 22
1128 34
1129 34
1130 34
1131 39
1132 36
1133 46
1134 30
1135 36
1136 30
1137 35
1138 31
1139 39
1140 37
1141 34
1142 30
1143 33
1144 31
1145 45
1146 30
1147 29
1148 17
1149 34
1150 34
1151 34
1152 28
1153 33
1154 31
1155 26
1156 29
1157 33
1158 34
1159 24
1160 28
1161 27
1162 32
1163 38
1164 29
1165 24
1166 44
1167 30
1168 38
1169 43
1170 26
1171 27
1172 46
1173 31
1174 29
1175 28
1176 22
1177 31
1178 32
1179 30
1180 28
1181 31
1182 31
1183 34
1184 22
1185 37
1186 30
1187 34
1188 20
1189 31
1190 35
1191 30
1192 37
1193 35
1194 43
1195 36
1196 35
1197 39
1198 34
1199 54
1200 37
1201 38
1202 43
1203 37
1204 48
1205 61
1206 51
1207 51
1208 41
1209 47
1210 48
1211 55
1212 66
1213 77
1214 77
1215 82
1216 82
1217 76
1218 132
1219 137
1220 97
1221 57
1222 49
1223 41
1224 28
1225 35
1226 42
1227 30
1228 25
1229 22
1230 24
1231 30
1232 36
1233 31
1234 25
1235 28
1236 31
1237 26
1238 26
1239 28
1240 37
1241 26
1242 28
1243 28
1244 30
1245 28
1246 27
1247 31
1248 28
1249 21
1250 31
1251 30
1252 31
1253 19
1254 23
1255 20
1256 28
1257 26
1258 21
1259 25
1260 31
1261 29
1262 39
1263 28
1264 23
1265 20
1266 41
1267 44
1268 24
1269 18
1270 28
1271 22
1272 20
1273 22
1274 28
1275 22
1276 27
1277 20
1278 17
1279 22
1280 47
1281 60
1282 48
1283 48
1284 44
1285 44
1286 51
1287 37
1288 53
1289 44
1290 31
1291 35
1292 26
1293 29
1294 23
1295 22
1296 24
1297 23
1298 20
1299 36
1300 22
1301 32
1302 27
1303 21
1304 23
1305 27
1306 20
1307 17
1308 25
1309 30
1310 25
1311 22
1312 28
1313 27
1314 26
1315 21
1316 21
1317 25
1318 25
1319 19
1320 24
1321 23
1322 26
1323 30
1324 17
1325 25
1326 16
1327 21
1328 17
1329 21
1330 19
1331 21
1332 27
1333 25
1334 19
1335 29
1336 28
1337 31
1338 19
1339 26
1340 29
1341 23
1342 29
1343 18
1344 29
1345 28
1346 34
1347 40
1348 33
1349 34
1350 43
1351 49
1352 62
1353 58
1354 48
1355 45
1356 51
1357 59
1358 57
1359 89
1360 85
1361 98
1362 106
1363 156
1364 132
1365 144
1366 231
1367 291
1368 328
1369 365
1370 366
1371 354
1372 270
1373 276
1374 228
1375 149
1376 111
1377 106
1378 115
1379 93
1380 68
1381 60
1382 43
1383 43
1384 29
1385 34
1386 22
1387 21
1388 27
1389 25
1390 22
1391 23
1392 24
1393 22
1394 27
1395 18
1396 25
1397 20
1398 29
1399 19
1400 21
1401 21
1402 19
1403 20
1404 24
1405 24
1406 22
1407 20
1408 32
1409 28
1410 27
1411 28
1412 20
1413 20
1414 19
1415 27
1416 25
1417 14
1418 24
1419 15
1420 28
1421 23
1422 18
1423 23
1424 24
1425 23
1426 24
1427 22
1428 26
1429 18
1430 31
1431 19
1432 27
1433 19
1434 30
1435 18
1436 22
1437 37
1438 23
1439 17
1440 29
1441 17
1442 19
1443 25
1444 20
1445 25
1446 25
1447 26
1448 23
1449 18
1450 21
1451 18
1452 22
1453 20
1454 33
1455 25
1456 27
1457 15
1458 26
1459 19
1460 25
1461 31
1462 22
1463 19
1464 23
1465 16
1466 19
1467 23
1468 20
1469 24
1470 33
1471 17
1472 28
1473 25
1474 20
1475 24
1476 31
1477 23
1478 20
1479 23
1480 18
1481 24
1482 20
1483 14
1484 22
1485 15
1486 21
1487 23
1488 20
1489 21
1490 21
1491 17
1492 34
1493 24
1494 15
1495 20
1496 21
1497 18
1498 19
1499 29
1500 25
1501 23
1502 15
1503 19
1504 30
1505 23
1506 19
1507 26
1508 22
1509 27
1510 31
1511 35
1512 27
1513 19
1514 24
1515 19
1516 26
1517 31
1518 13
1519 17
1520 28
1521 17
1522 12
1523 35
1524 26
1525 14
1526 27
1527 21
1528 20
1529 25
1530 21
1531 15
1532 13
1533 24
1534 18
1535 18
1536 20
1537 22
1538 19
1539 26
1540 15
1541 23
1542 20
1543 11
1544 21
1545 26
1546 27
1547 23
1548 27
1549 19
1550 18
1551 16
1552 19
1553 17
1554 20
1555 16
1556 15
1557 26
1558 24
1559 33
1560 20
1561 22
1562 26
1563 22
1564 22
1565 27
1566 17
1567 21
1568 23
1569 29
1570 21
1571 21
1572 18
1573 28
1574 26
1575 18
1576 16
1577 22
1578 20
1579 22
1580 26
1581 15
1582 18
1583 22
1584 18
1585 21
1586 23
1587 19
1588 19
1589 21
1590 19
1591 25
1592 13
1593 23
1594 20
1595 24
1596 26
1597 17
1598 28
1599 26
1600 17
1601 27
1602 15
1603 15
1604 17
1605 18
1606 23
1607 18
1608 20
1609 24
1610 20
1611 23
1612 24
1613 18
1614 14
1615 18
1616 11
1617 19
1618 20
1619 15
1620 23
1621 14
1622 33
1623 19
1624 18
1625 22
1626 24
1627 16
1628 21
1629 12
1630 11
1631 17
1632 25
1633 13
1634 25
1635 26
1636 20
1637 12
1638 19
1639 16
1640 18
1641 17
1642 17
1643 20
1644 23
1645 18
1646 20
1647 10
1648 20
1649 19
1650 11
1651 17
1652 18
1653 11
1654 24
1655 24
1656 21
1657 24
1658 18
1659 29
1660 30
1661 11
1662 20
1663 18
1664 16
1665 14
1666 18
1667 20
1668 20
1669 17
1670 20
1671 20
1672 16
1673 20
1674 22
1675 19
1676 9
1677 19
1678 19
1679 12
1680 22
1681 30
1682 16
1683 21
1684 26
1685 18
1686 21
1687 26
1688 20
1689 10
1690 16
1691 19
1692 13
1693 20
1694 15
1695 18
1696 20
1697 27
1698 20
1699 17
1700 21
1701 25
1702 19
1703 18
1704 24
1705 20
1706 17
1707 19
1708 18
1709 16
1710 18
1711 23
1712 23
1713 22
1714 17
1715 17
1716 12
1717 22
1718 18
1719 11
1720 25
1721 25
1722 20
1723 17
1724 15
1725 23
1726 19
1727 16
1728 21
1729 15
1730 25
1731 16
1732 27
1733 17
1734 16
1735 12
1736 16
1737 15
1738 15
1739 26
1740 16
1741 16
1742 17
1743 17
1744 17
1745 23
1746 25
1747 19
1748 22
1749 20
1750 19
1751 25
1752 20
1753 18
1754 25
1755 15
1756 17
1757 18
1758 17
1759 14
1760 12
1761 21
1762 18
1763 13
1764 21
1765 24
1766 12
1767 20
1768 14
1769 13
1770 25
1771 19
1772 16
1773 16
1774 19
1775 18
1776 26
1777 23
1778 24
1779 27
1780 20
1781 28
1782 23
1783 24
1784 17
1785 26
1786 23
1787 20
1788 24
1789 11
1790 24
1791 19
1792 17
1793 23
1794 27
1795 20
1796 17
1797 23
1798 21
1799 26
1800 20
1801 22
1802 20
1803 19
1804 18
1805 17
1806 23
1807 20
1808 32
1809 21
1810 19
1811 18
1812 19
1813 24
1814 26
1815 26
1816 27
1817 25
1818 26
1819 25
1820 25
1821 26
1822 37
1823 35
1824 57
1825 44
1826 52
1827 89
1828 74
1829 66
1830 73
1831 64
1832 67
1833 91
1834 143
1835 178
1836 168
1837 101
1838 79
1839 69
1840 68
1841 57
1842 49
1843 42
1844 49
1845 78
1846 50
1847 39
1848 35
1849 24
1850 24
1851 25
1852 23
1853 24
1854 21
1855 26
1856 12
1857 22
1858 18
1859 15
1860 17
1861 22
1862 16
1863 21
1864 11
1865 11
1866 21
1867 27
1868 14
1869 17
1870 22
1871 20
1872 11
1873 15
1874 18
1875 18
1876 13
1877 14
1878 17
1879 25
1880 17
1881 11
1882 22
1883 18
1884 17
1885 19
1886 16
1887 17
1888 17
1889 24
1890 23
1891 24
1892 23
1893 20
1894 20
1895 16
1896 17
1897 12
1898 19
1899 24
1900 18
1901 14
1902 22
1903 21
1904 21
1905 11
1906 19
1907 19
1908 12
1909 17
1910 18
1911 18
1912 25
1913 13
1914 13
1915 19
1916 25
1917 17
1918 17
1919 19
1920 19
1921 24
1922 20
1923 16
1924 14
1925 19
1926 24
1927 18
1928 16
1929 25
1930 14
1931 13
1932 17
1933 23
1934 20
1935 20
1936 23
1937 17
1938 21
1939 19
1940 21
1941 21
1942 24
1943 17
1944 24
1945 14
1946 18
1947 15
1948 17
1949 20
1950 15
1951 17
1952 24
1953 15
1954 17
1955 16
1956 16
1957 18
1958 15
1959 7
1960 8
1961 17
1962 23
1963 16
1964 17
1965 18
1966 14
1967 12
1968 21
1969 9
1970 12
1971 19
1972 18
1973 18
1974 21
1975 25
1976 18
1977 14
1978 13
1979 16
1980 16
1981 27
1982 19
1983 9
1984 18
1985 18
1986 21
1987 14
1988 18
1989 12
1990 16
1991 18
1992 16
1993 17
1994 18
1995 23
1996 14
1997 16
1998 23
1999 14
2000 18
2001 8
2002 14
2003 17
2004 16
2005 14
2006 18
2007 14
2008 9
2009 13
2010 19
2011 14
2012 13
2013 19
2014 15
2015 11
2016 12
2017 18
2018 24
2019 18
2020 14
2021 21
2022 17
2023 20
2024 16
2025 17
2026 14
2027 13
2028 16
2029 18
2030 16
2031 26
2032 11
2033 25
2034 17
2035 18
2036 20
2037 17
2038 14
2039 13
2040 17
2041 14
2042 26
2043 20
2044 21
2045 13
2046 16
2047 19
2048 13
2049 27
2050 15
2051 22
2052 18
2053 20
2054 24
2055 23
2056 18
2057 21
2058 16
2059 19
2060 26
2061 29
2062 23
2063 16
2064 29
2065 16
2066 28
2067 23
2068 26
2069 27
2070 44
2071 65
2072 68
2073 69
2074 63
2075 76
2076 74
2077 92
2078 121
2079 124
2080 159
2081 182
2082 224
2083 237
2084 279
2085 343
2086 305
2087 306
2088 328
2089 318
2090 345
2091 334
2092 368
2093 304
2094 245
2095 325
2096 304
2097 262
2098 269
2099 264
2100 210
2101 156
2102 149
2103 134
2104 120
2105 156
2106 162
2107 154
2108 114
2109 77
2110 58
2111 59
2112 55
2113 35
2114 49
2115 32
2116 26
2117 27
2118 20
2119 17
2120 21
2121 20
2122 14
2123 14
2124 12
2125 22
2126 22
2127 18
2128 18
2129 17
2130 14
2131 18
2132 16
2133 10
2134 15
2135 21
2136 22
2137 20
2138 18
2139 13
2140 15
2141 14
2142 13
2143 9
2144 12
2145 14
2146 12
2147 22
2148 15
2149 14
2150 18
2151 16
2152 13
2153 18
2154 7
2155 13
2156 14
2157 16
2158 16
2159 13
2160 12
2161 16
2162 13
2163 22
2164 21
2165 13
2166 21
2167 16
2168 9
2169 19
2170 21
2171 8
2172 15
2173 11
2174 16
2175 15
2176 11
2177 14
2178 28
2179 14
2180 16
2181 6
2182 16
2183 24
2184 24
2185 17
2186 19
2187 11
2188 17
2189 14
2190 16
2191 17
2192 16
2193 14
2194 12
2195 12
2196 20
2197 18
2198 18
2199 17
2200 17
2201 18
2202 15
2203 20
2204 13
2205 18
2206 14
2207 23
2208 17
2209 18
2210 20
2211 17
2212 15
2213 22
2214 17
2215 15
2216 16
2217 15
2218 16
2219 17
2220 23
2221 21
2222 19
2223 11
2224 14
2225 21
2226 17
2227 15
2228 16
2229 17
2230 14
2231 12
2232 14
2233 15
2234 7
2235 9
2236 10
2237 10
2238 8
2239 15
2240 11
2241 13
2242 8
2243 10
2244 15
2245 16
2246 12
2247 16
2248 15
2249 14
2250 17
2251 17
2252 14
2253 15
2254 15
2255 14
2256 10
2257 14
2258 24
2259 16
2260 12
2261 9
2262 20
2263 12
2264 13
2265 16
2266 25
2267 24
2268 19
2269 17
2270 16
2271 19
2272 16
2273 24
2274 20
2275 22
2276 29
2277 23
2278 31
2279 27
2280 22
2281 22
2282 26
2283 26
2284 31
2285 38
2286 44
2287 47
2288 63
2289 63
2290 95
2291 85
2292 84
2293 83
2294 63
2295 75
2296 73
2297 87
2298 72
2299 76
2300 94
2301 86
2302 84
2303 69
2304 60
2305 52
2306 55
2307 30
2308 47
2309 40
2310 34
2311 26
2312 41
2313 28
2314 35
2315 16
2316 29
2317 26
2318 14
2319 24
2320 10
2321 15
2322 12
2323 17
2324 11
2325 12
2326 20
2327 13
2328 13
2329 8
2330 11
2331 10
2332 14
2333 11
2334 9
2335 12
2336 16
2337 14
2338 19
2339 12
2340 12
2341 14
2342 21
2343 19
2344 16
2345 14
2346 19
2347 11
2348 15
2349 17
2350 13
2351 15
2352 15
2353 12
2354 13
2355 10
2356 13
2357 18
2358 9
2359 8
2360 11
2361 13
2362 11
2363 11
2364 14
2365 9
2366 12
2367 11
2368 17
2369 14
2370 14
2371 12
2372 9
2373 15
2374 19
2375 15
2376 12
2377 18
2378 13
2379 12
2380 15
2381 16
2382 9
2383 9
2384 9
2385 12
2386 17
2387 16
2388 13
2389 13
2390 9
2391 14
2392 5
2393 9
2394 14
2395 15
2396 14
2397 14
2398 19
2399 7
2400 8
2401 12
2402 15
2403 13
2404 9
2405 11
2406 14
2407 6
2408 14
2409 13
2410 13
2411 6
2412 14
2413 7
2414 12
2415 14
2416 14
2417 14
2418 10
2419 7
2420 10
2421 12
2422 15
2423 17
2424 11
2425 10
2426 8
2427 16
2428 6
2429 6
2430 12
2431 14
2432 12
2433 12
2434 10
2435 7
2436 7
2437 9
2438 11
2439 14
2440 6
2441 15
2442 17
2443 13
2444 11
2445 7
2446 12
2447 18
2448 13
2449 13
2450 12
2451 12
2452 9
2453 11
2454 15
2455 21
2456 10
2457 7
2458 20
2459 17
2460 20
2461 13
2462 15
2463 9
2464 7
2465 11
2466 12
2467 8
2468 9
2469 10
2470 11
2471 13
2472 11
2473 10
2474 15
2475 15
2476 14
2477 9
2478 12
2479 11
2480 14
2481 15
2482 11
2483 16
2484 9
2485 11
2486 15
2487 8
2488 11
2489 14
2490 9
2491 19
2492 9
2493 6
2494 8
2495 15
2496 11
2497 17
2498 12
2499 14
2500 11
2501 13
2502 13
2503 13
2504 13
2505 11
2506 16
2507 18
2508 16
2509 17
2510 15
2511 14
2512 9
2513 15
2514 10
2515 12
2516 12
2517 11
2518 9
2519 15
2520 8
2521 13
2522 12
2523 10
2524 11
2525 6
2526 13
2527 11
2528 16
2529 14
2530 16
2531 16
2532 6
2533 7
2534 12
2535 12
2536 11
2537 19
2538 11
2539 10
2540 16
2541 13
2542 13
2543 11
2544 17
2545 7
2546 12
2547 14
2548 16
2549 12
2550 13
2551 13
2552 14
2553 13
2554 12
2555 12
2556 13
2557 16
2558 15
2559 21
