0 30
1 20
2 32
3 22
4 19
5 22
6 32
7 26
8 40
9 25
10 18
11 27
12 27
13 26
14 28
15 35
16 22
17 30
18 33
19 28
20 29
21 32
22 21
23 30
24 19
25 22
26 33
27 29
28 26
29 35
30 26
31 23
32 30
33 21
34 34
35 32
36 27
37 17
38 33
39 17
40 31
41 15
42 23
43 27
44 17
45 24
46 26
47 27
48 20
49 31
50 23
51 15
52 27
53 19
54 25
55 32
56 31
57 30
58 27
59 31
60 29
61 19
62 22
63 25
64 33
65 26
66 20
67 34
68 30
69 31
70 27
71 29
72 25
73 21
74 37
75 35
76 32
77 18
78 32
79 25
80 35
81 22
82 36
83 25
84 30
85 33
86 23
87 18
88 18
89 17
90 29
91 38
92 34
93 32
94 32
95 30
96 31
97 29
98 29
99 25
100 27
101 30
102 28
103 24
104 26
105 25
106 29
107 28
108 25
109 28
110 34
111 25
112 29
113 33
114 24
115 36
116 34
117 27
118 25
119 21
120 29
121 30
122 28
123 30
124 18
125 32
126 37
127 22
128 33
129 21
130 24
131 32
132 28
133 35
134 33
135 33
136 31
137 29
138 32
139 27
140 28
141 30
142 30
143 33
144 43
145 28
146 37
147 39
148 27
149 27
150 25
151 25
152 28
153 31
154 32
155 31
156 31
157 34
158 27
159 28
160 26
161 30
162 37
163 25
164 35
165 34
166 24
167 29
168 39
169 34
170 38
171 31
172 30
173 30
174 27
175 28
176 32
177 29
178 21
179 23
180 33
181 28
182 26
183 29
184 36
185 34
186 25
187 26
188 34
189 37
190 35
191 34
192 29
193 24
194 26
195 27
196 41
197 39
198 25
199 34
200 29
201 25
202 37
203 30
204 26
205 28
206 42
207 37
208 41
209 28
210 31
211 28
212 25
213 27
214 26
215 23
216 27
217 36
218 35
219 33
220 40
221 30
222 41
223 23
224 31
225 33
226 32
227 42
228 31
229 24
230 35
231 19
232 29
233 29
234 26
235 27
236 27
237 26
238 28
239 28
240 33
241 29
242 33
243 35
244 35
245 37
246 36
247 39
248 36
249 33
250 30
251 31
252 23
253 27
254 39
255 30
256 30
257 33
258 42
259 43
260 36
261 37
262 33
263 40
264 31
265 35
266 36
267 52
268 34
269 29
270 38
271 25
272 47
273 28
274 25
275 22
276 27
277 25
278 28
279 30
280 40
281 31
282 36
283 30
284 34
285 31
286 28
287 32
288 34
289 33
290 31
291 38
292 28
293 27
294 32
295 26
296 28
297 34
298 21
299 47
300 36
301 39
302 39
303 26
304 40
305 33
306 33
307 30
308 26
309 36
310 31
311 40
312 38
313 36
314 27
315 27
316 35
317 27
318 34
319 36
320 43
321 41
322 29
323 29
324 27
325 34
326 37
327 28
328 38
329 42
330 27
331 33
332 44
333 31
334 27
335 29
336 32
337 27
338 23
339 32
340 39
341 28
342 24
343 27
344 26
345 33
346 25
347 25
348 42
349 32
350 37
351 34
352 44
353 30
354 49
355 30
356 20
357 40
358 37
359 38
360 28
361 33
362 34
363 27
364 39
365 41
366 38
367 22
368 23
369 30
370 33
371 45
372 36
373 42
374 34
375 37
376 33
377 28
378 38
379 35
380 40
381 26
382 28
383 20
384 34
385 35
386 32
387 28
388 32
389 32
390 35
391 36
392 35
393 34
394 36
395 38
396 34
397 31
398 43
399 35
400 29
401 22
402 36
403 30
404 31
405 42
406 47
407 42
408 37
409 32
410 41
411 36
412 32
413 38
414 43
415 27
416 18
417 38
418 39
419 33
420 20
421 33
422 40
423 32
424 39
425 27
426 30
427 32
428 41
429 33
430 34
431 37
432 42
433 23
434 43
435 42
436 40
437 34
438 35
439 34
440 28
441 27
442 38
443 40
444 36
445 38
446 46
447 39
448 21
449 27
450 36
451 45
452 31
453 30
454 50
455 31
456 26
457 44
458 40
459 38
460 36
461 41
462 43
463 46
464 29
465 29
466 52
467 25
468 30
469 28
470 42
471 37
472 27
473 29
474 36
475 29
476 23
477 34
478 33
479 33
480 39
481 37
482 35
483 44
484 29
485 30
486 43
487 21
488 38
489 33
490 40
491 27
492 30
493 32
494 29
495 31
496 42
497 34
498 40
499 35
500 34
501 32
502 26
503 35
504 26
505 30
506 39
507 45
508 42
509 37
510 43
511 32
512 29
513 26
514 36
515 39
516 41
517 35
518 35
519 24
520 27
521 33
522 32
523 40
524 48
525 28
526 27
527 40
528 28
529 30
530 37
531 41
532 38
533 36
534 29
535 24
536 32
537 37
538 42
539 46
540 39
541 31
542 30
543 29
544 31
545 44
546 47
547 26
548 31
549 36
550 37
551 37
552 41
553 45
554 33
555 40
556 33
557 34
558 38
559 34
560 43
561 38
562 37
563 33
564 42
565 30
566 23
567 41
568 31
569 43
570 32
571 42
572 44
573 46
574 43
575 29
576 33
577 31
578 25
579 37
580 23
581 51
582 50
583 38
584 40
585 52
586 50
587 65
588 66
589 70
590 69
591 72
592 73
593 63
594 54
595 51
596 43
597 44
598 72
599 63
600 83
601 82
602 89
603 101
604 97
605 122
606 96
607 93
608 110
609 113
610 106
611 145
612 114
613 91
614 70
615 69
616 50
617 45
618 39
619 46
620 38
621 43
622 40
623 35
624 36
625 36
626 28
627 38
628 38
629 38
630 40
631 24
632 31
633 43
634 37
635 33
636 38
637 41
638 33
639 31
640 37
641 35
642 39
643 42
644 46
645 52
646 46
647 33
648 42
649 34
650 39
651 36
652 38
653 37
654 30
655 27
656 40
657 40
658 40
659 46
660 44
661 33
662 26
663 27
664 31
665 37
666 34
667 28
668 43
669 37
670 35
671 41
672 25
673 36
674 31
675 34
676 37
677 39
678 37
679 32
680 43
681 29
682 38
683 27
684 30
685 37
686 37
687 37
688 38
689 50
690 29
691 50
692 29
693 38
694 34
695 42
696 36
697 36
698 30
699 26
700 30
701 40
702 51
703 30
704 34
705 33
706 36
707 40
708 32
709 39
710 42
711 38
712 32
713 38
714 44
715 34
716 40
717 31
718 40
719 27
720 29
721 52
722 34
723 41
724 23
725 40
726 31
727 25
728 35
729 38
730 42
731 44
732 40
733 44
734 39
735 37
736 41
737 32
738 41
739 29
740 29
741 40
742 41
743 29
744 30
745 34
746 38
747 41
748 33
749 32
750 42
751 38
752 37
753 38
754 38
755 43
756 30
757 29
758 23
759 32
760 35
761 31
762 30
763 39
764 34
765 31
766 45
767 29
768 43
769 29
770 36
771 40
772 32
773 25
774 34
775 37
776 45
777 36
778 34
779 43
780 29
781 38
782 34
783 32
784 36
785 33
786 30
787 34
788 29
789 41
790 35
791 43
792 29
793 30
794 35
795 39
796 30
797 44
798 34
799 40
800 46
801 32
802 38
803 32
804 33
805 35
806 33
807 28
808 40
809 38
810 29
811 27
812 30
813 36
814 28
815 28
816 30
817 38
818 35
819 33
820 39
821 36
822 31
823 33
824 25
825 31
826 32
827 35
828 38
829 28
830 24
831 32
832 30
833 50
834 36
835 36
836 39
837 36
838 38
839 31
840 29
841 34
842 40
843 31
844 33
845 28
846 27
847 33
848 38
849 33
850 34
851 26
852 46
853 29
854 36
855 31
856 48
857 24
858 36
859 41
860 34
861 31
862 45
863 41
864 26
865 27
866 24
867 32
868 29
869 30
870 42
871 45
872 26
873 32
874 33
875 40
876 32
877 24
878 26
879 37
880 29
881 36
882 39
883 39
884 38
885 35
886 33
887 37
888 37
889 29
890 25
891 40
892 43
893 32
894 33
895 31
896 28
897 39
898 31
899 30
900 27
901 40
902 31
903 26
904 34
905 33
906 43
907 24
908 31
909 26
910 35
911 43
912 37
913 28
914 29
915 27
916 26
917 51
918 32
919 38
920 32
921 25
922 36
923 30
924 36
925 41
926 37
927 40
928 28
929 25
930 32
931 33
932 33
933 46
934 31
935 29
936 25
937 38
938 24
939 26
940 40
941 33
942 35
943 31
944 32
945 43
946 40
947 34
948 43
949 34
950 28
951 25
952 33
953 30
954 33
955 43
956 21
957 32
958 40
959 28
960 37
961 35
962 28
963 27
964 24
965 28
966 25
967 36
968 32
969 31
970 41
971 26
972 30
973 25
974 22
975 30
976 36
977 16
978 35
979 41
980 40
981 38
982 24
983 37
984 35
985 39
986 33
987 39
988 30
989 25
990 31
991 21
992 23
993 29
994 32
995 32
996 37
997 27
998 24
999 29
1000 34
1001 22
1002 34
1003 28
1004 27
1005 28
1006 34
1007 35
1008 40
1009 33
1010 32
1011 22
1012 38
1013 34
1014 38
1015 34
1016 43
1017 27
1018 30
1019 35
1020 30
1021 29
1022 32
1023 34
1024 40
1025 30
1026 36
1027 23
1028 34
1029 39
1030 33
1031 36
1032 29
1033 34
1034 22
1035 24
1036 36
1037 25
1038 31
1039 27
1040 24
1041 36
1042 30
1043 40
1044 44
1045 39
1046 43
1047 32
1048 25
1049 44
1050 47
1051 42
1052 34
1053 31
1054 27
1055 25
1056 31
1057 29
1058 30
1059 31
1060 31
1061 37
1062 19
1063 37
1064 26
1065 32
1066 28
1067 22
1068 30
1069 33
1070 39
1071 39
1072 40
1073 30
1074 34
1075 33
1076 24
1077 39
1078 39
1079 26
1080 34
1081 27
1082 37
1083 28
1084 32
1085 39
1086 37
1087 36
1088 31
1089 35
1090 30
1091 36
1092 30
1093 39
1094 34
1095 32
1096 39
1097 34
1098 29
1099 43
1100 32
1101 34
1102 39
1103 20
1104 18
1105 37
1106 28
1107 35
1108 24
1109 30
1110 28
1111 37
1112 32
1113 35
1114 38
1115 24
1116 38
1117 43
1118 36
1119 30
1120 30
1121 34
1122 37
1123 42
1124 39
1125 47
1126 58
1127 77
1128 81
1129 107
1130 157
1131 206
1132 232
1133 228
1134 233
1135 270
1136 301
1137 439
1138 506
1139 473
1140 485
1141 482
1142 596
1143 607
1144 591
1145 575
1146 560
1147 522
1148 468
1149 393
1150 275
1151 247
1152 200
1153 267
1154 247
1155 118
1156 80
1157 57
1158 51
1159 45
1160 36
1161 37
1162 39
1163 36
1164 33
1165 32
1166 18
1167 27
1168 31
1169 28
1170 41
1171 28
1172 38
1173 24
1174 39
1175 39
1176 37
1177 40
1178 36
1179 35
1180 36
1181 35
1182 32
1183 35
1184 24
1185 34
1186 18
1187 30
1188 32
1189 29
1190 30
1191 21
1192 24
1193 34
1194 29
1195 26
1196 27
1197 30
1198 24
1199 31
1200 36
1201 32
1202 33
1203 28
1204 32
1205 28
1206 21
1207 25
1208 34
1209 32
1210 31
1211 34
1212 32
1213 29
1214 33
1215 24
1216 26
1217 25
1218 19
1219 22
1220 26
1221 35
1222 32
1223 24
1224 31
1225 29
1226 31
1227 27
1228 27
1229 32
1230 41
1231 39
1232 36
1233 26
1234 35
1235 38
1236 41
1237 23
1238 30
1239 32
1240 31
1241 25
1242 27
1243 29
1244 24
1245 22
1246 35
1247 26
1248 25
1249 34
1250 31
1251 33
1252 28
1253 21
1254 23
1255 35
1256 23
1257 30
1258 32
1259 31
1260 32
1261 18
1262 41
1263 24
1264 32
1265 24
1266 33
1267 36
1268 27
1269 20
1270 37
1271 38
1272 34
1273 26
1274 43
1275 52
1276 43
1277 44
1278 39
1279 9
1280 34
1281 33
1282 20
1283 29
1284 19
1285 16
1286 15
1287 23
1288 27
1289 26
1290 30
1291 24
1292 30
1293 23
1294 23
1295 22
1296 35
1297 24
1298 21
1299 20
1300 18
1301 25
1302 22
1303 23
1304 25
1305 21
1306 25
1307 24
1308 24
1309 20
1310 24
1311 21
1312 20
1313 23
1314 21
1315 23
1316 24
1317 16
1318 20
1319 22
1320 25
1321 17
1322 28
1323 22
1324 23
1325 15
1326 27
1327 25
1328 24
1329 22
1330 21
1331 29
1332 16
1333 14
1334 24
1335 21
1336 18
1337 22
1338 29
1339 23
1340 13
1341 19
1342 19
1343 21
1344 29
1345 29
1346 29
1347 25
1348 23
1349 27
1350 28
1351 33
1352 33
1353 41
1354 30
1355 38
1356 37
1357 43
1358 55
1359 47
1360 54
1361 54
1362 49
1363 29
1364 36
1365 24
1366 37
1367 29
1368 35
1369 27
1370 32
1371 29
1372 18
1373 17
1374 21
1375 28
1376 17
1377 24
1378 20
1379 20
1380 20
1381 22
1382 16
1383 28
1384 17
1385 20
1386 26
1387 22
1388 20
1389 20
1390 11
1391 25
1392 24
1393 23
1394 20
1395 19
1396 20
1397 20
1398 19
1399 26
1400 21
1401 16
1402 21
1403 14
1404 14
1405 24
1406 21
1407 26
1408 21
1409 17
1410 21
1411 20
1412 29
1413 15
1414 23
1415 21
1416 32
1417 22
1418 25
1419 18
1420 17
1421 16
1422 15
1423 17
1424 24
1425 25
1426 28
1427 36
1428 41
1429 38
1430 48
1431 45
1432 41
1433 50
1434 52
1435 46
1436 89
1437 93
1438 103
1439 112
1440 163
1441 178
1442 231
1443 253
1444 227
1445 255
1446 205
1447 233
1448 255
1449 204
1450 200
1451 179
1452 161
1453 163
1454 117
1455 105
1456 85
1457 72
1458 51
1459 34
1460 28
1461 30
1462 29
1463 19
1464 32
1465 28
1466 32
1467 26
1468 28
1469 16
1470 21
1471 22
1472 25
1473 22
1474 30
1475 24
1476 33
1477 29
1478 15
1479 16
1480 32
1481 28
1482 16
1483 19
1484 20
1485 24
1486 30
1487 24
1488 18
1489 16
1490 22
1491 20
1492 24
1493 17
1494 16
1495 18
1496 22
1497 27
1498 25
1499 19
1500 17
1501 18
1502 20
1503 21
1504 25
1505 18
1506 14
1507 22
1508 18
1509 21
1510 19
1511 18
1512 25
1513 23
1514 23
1515 20
1516 17
1517 22
1518 25
1519 14
1520 30
1521 16
1522 31
1523 26
1524 19
1525 19
1526 24
1527 16
1528 23
1529 15
1530 19
1531 21
1532 18
1533 19
1534 20
1535 18
1536 20
1537 14
1538 24
1539 17
1540 20
1541 20
1542 21
1543 21
1544 12
1545 21
1546 23
1547 23
1548 21
1549 24
1550 24
1551 22
1552 21
1553 16
1554 13
1555 14
1556 22
1557 22
1558 7
1559 21
1560 26
1561 22
1562 12
1563 19
1564 23
1565 24
1566 28
1567 20
1568 24
1569 19
1570 14
1571 17
1572 20
1573 29
1574 16
1575 19
1576 19
1577 19
1578 20
1579 19
1580 21
1581 13
1582 18
1583 19
1584 22
1585 24
1586 26
1587 26
1588 18
1589 22
1590 25
1591 16
1592 23
1593 25
1594 21
1595 18
1596 18
1597 10
1598 13
1599 17
1600 17
1601 15
1602 23
1603 18
1604 18
1605 20
1606 13
1607 15
1608 16
1609 21
1610 22
1611 23
1612 22
1613 20
1614 23
1615 17
1616 18
1617 13
1618 20
1619 12
1620 19
1621 20
1622 16
1623 17
1624 19
1625 20
1626 12
1627 22
1628 17
1629 15
1630 20
1631 27
1632 27
1633 12
1634 24
1635 15
1636 21
1637 18
1638 11
1639 18
1640 14
1641 23
1642 16
1643 19
1644 25
1645 16
1646 23
1647 21
1648 17
1649 14
1650 15
1651 25
1652 21
1653 19
1654 13
1655 14
1656 21
1657 27
1658 23
1659 24
1660 18
1661 9
1662 19
1663 19
1664 16
1665 23
1666 18
1667 22
1668 22
1669 13
1670 18
1671 20
1672 14
1673 22
1674 18
1675 20
1676 16
1677 30
1678 26
1679 24
1680 22
1681 15
1682 21
1683 18
1684 25
1685 18
1686 17
1687 24
1688 13
1689 28
1690 20
1691 17
1692 17
1693 27
1694 21
1695 21
1696 14
1697 20
1698 21
1699 21
1700 19
1701 28
1702 21
1703 20
1704 14
1705 14
1706 20
1707 20
1708 22
1709 19
1710 21
1711 9
1712 19
1713 20
1714 16
1715 23
1716 26
1717 28
1718 19
1719 23
1720 19
1721 23
1722 19
1723 16
1724 19
1725 25
1726 17
1727 17
1728 17
1729 20
1730 18
1731 17
1732 9
1733 13
1734 14
1735 16
1736 16
1737 19
1738 17
1739 27
1740 14
1741 20
1742 11
1743 17
1744 20
1745 17
1746 23
1747 13
1748 17
1749 20
1750 19
1751 16
1752 21
1753 15
1754 20
1755 17
1756 22
1757 20
1758 13
1759 16
1760 19
1761 15
1762 15
1763 22
1764 14
1765 8
1766 18
1767 13
1768 12
1769 19
1770 11
1771 12
1772 11
1773 16
1774 16
1775 15
1776 16
1777 10
1778 19
1779 16
1780 13
1781 13
1782 30
1783 13
1784 12
1785 20
1786 17
1787 10
1788 17
1789 18
1790 17
1791 18
1792 12
1793 21
1794 16
1795 10
1796 17
1797 17
1798 30
1799 18
1800 13
1801 21
1802 15
1803 18
1804 20
1805 20
1806 19
1807 15
1808 18
1809 20
1810 19
1811 22
1812 14
1813 23
1814 20
1815 17
1816 17
1817 18
1818 17
1819 16
1820 12
1821 16
1822 13
1823 16
1824 15
1825 18
1826 18
1827 14
1828 16
1829 17
1830 15
1831 9
1832 16
1833 18
1834 16
1835 18
1836 15
1837 13
1838 19
1839 17
1840 18
1841 25
1842 13
1843 17
1844 22
1845 19
1846 14
1847 12
1848 12
1849 12
1850 14
1851 14
1852 10
1853 17
1854 12
1855 14
1856 14
1857 23
1858 17
1859 18
1860 20
1861 23
1862 18
1863 25
1864 25
1865 19
1866 22
1867 21
1868 23
1869 18
1870 23
1871 22
1872 28
1873 19
1874 19
1875 16
1876 15
1877 13
1878 20
1879 20
1880 22
1881 17
1882 17
1883 22
1884 21
1885 22
1886 17
1887 20
1888 20
1889 15
1890 20
1891 15
1892 25
1893 16
1894 17
1895 10
1896 24
1897 28
1898 9
1899 18
1900 18
1901 6
1902 21
1903 19
1904 23
1905 20
1906 24
1907 25
1908 26
1909 21
1910 22
1911 32
1912 51
1913 63
1914 63
1915 95
1916 96
1917 93
1918 97
1919 106
1920 128
1921 145
1922 124
1923 123
1924 136
1925 197
1926 156
1927 103
1928 83
1929 85
1930 78
1931 71
1932 54
1933 47
1934 33
1935 49
1936 39
1937 37
1938 40
1939 25
1940 28
1941 29
1942 30
1943 21
1944 36
1945 11
1946 19
1947 22
1948 24
1949 17
1950 20
1951 23
1952 18
1953 17
1954 22
1955 19
1956 20
1957 20
1958 10
1959 9
1960 9
1961 17
1962 20
1963 19
1964 15
1965 18
1966 17
1967 18
1968 13
1969 22
1970 7
1971 18
1972 11
1973 18
1974 10
1975 14
1976 14
1977 16
1978 20
1979 24
1980 14
1981 10
1982 14
1983 17
1984 20
1985 12
1986 24
1987 12
1988 13
1989 10
1990 17
1991 16
1992 17
1993 22
1994 17
1995 9
1996 16
1997 14
1998 10
1999 15
2000 20
2001 8
2002 8
2003 18
2004 19
2005 13
2006 19
2007 12
2008 11
2009 14
2010 21
2011 14
2012 21
2013 20
2014 8
2015 14
2016 13
2017 17
2018 13
2019 9
2020 17
2021 9
2022 12
2023 13
2024 12
2025 11
2026 22
2027 19
2028 19
2029 13
2030 9
2031 9
2032 17
2033 11
2034 11
2035 18
2036 11
2037 22
2038 21
2039 18
2040 12
2041 18
2042 16
2043 18
2044 18
2045 22
2046 15
2047 17
2048 21
2049 15
2050 16
2051 13
2052 12
2053 15
2054 15
2055 11
2056 12
2057 15
2058 13
2059 17
2060 18
2061 10
2062 11
2063 13
2064 20
2065 8
2066 18
2067 16
2068 10
2069 5
2070 16
2071 8
2072 22
2073 15
2074 14
2075 18
2076 21
2077 15
2078 16
2079 14
2080 18
2081 21
2082 17
2083 15
2084 17
2085 12
2086 17
2087 20
2088 9
2089 14
2090 11
2091 20
2092 17
2093 14
2094 19
2095 19
2096 13
2097 15
2098 22
2099 16
2100 16
2101 8
2102 14
2103 16
2104 16
2105 13
2106 17
2107 23
2108 16
2109 11
2110 4
2111 20
2112 16
2113 17
2114 8
2115 14
2116 14
2117 11
2118 14
2119 21
2120 15
2121 14
2122 19
2123 11
2124 17
2125 14
2126 12
2127 15
2128 11
2129 19
2130 17
2131 14
2132 17
2133 14
2134 21
2135 18
2136 17
2137 17
2138 13
2139 16
2140 14
2141 15
2142 25
2143 13
2144 16
2145 12
2146 20
2147 13
2148 12
2149 19
2150 14
2151 16
2152 15
2153 14
2154 14
2155 12
2156 20
2157 19
2158 18
2159 14
2160 30
2161 20
2162 27
2163 29
2164 30
2165 26
2166 36
2167 38
2168 33
2169 52
2170 54
2171 83
2172 66
2173 68
2174 76
2175 101
2176 130
2177 139
2178 176
2179 205
2180 223
2181 311
2182 316
2183 358
2184 381
2185 347
2186 455
2187 570
2188 611
2189 713
2190 736
2191 682
2192 486
2193 414
2194 358
2195 309
2196 309
2197 320
2198 342
2199 217
2200 170
2201 153
2202 139
2203 112
2204 107
2205 92
2206 67
2207 55
2208 48
2209 46
2210 37
2211 38
2212 31
2213 18
2214 25
2215 23
2216 15
2217 24
2218 23
2219 16
2220 15
2221 17
2222 14
2223 23
2224 13
2225 18
2226 22
2227 12
2228 7
2229 12
2230 15
2231 13
2232 21
2233 26
2234 11
2235 13
2236 12
2237 14
2238 14
2239 28
2240 13
2241 17
2242 14
2243 9
2244 9
2245 14
2246 22
2247 13
2248 12
2249 10
2250 15
2251 9
2252 13
2253 16
2254 15
2255 18
2256 15
2257 18
2258 16
2259 15
2260 12
2261 13
2262 8
2263 17
2264 8
2265 11
2266 6
2267 16
2268 8
2269 11
2270 13
2271 13
2272 12
2273 15
2274 12
2275 9
2276 12
2277 9
2278 13
2279 16
2280 14
2281 17
2282 13
2283 17
2284 10
2285 12
2286 8
2287 16
2288 11
2289 18
2290 12
2291 10
2292 13
2293 13
2294 11
2295 14
2296 10
2297 15
2298 14
2299 13
2300 13
2301 16
2302 10
2303 9
2304 13
2305 10
2306 12
2307 16
2308 10
2309 18
2310 22
2311 14
2312 15
2313 15
2314 13
2315 13
2316 19
2317 20
2318 14
2319 13
2320 13
2321 20
2322 18
2323 19
2324 15
2325 10
2326 14
2327 13
2328 21
2329 14
2330 20
2331 20
2332 13
2333 18
2334 13
2335 13
2336 11
2337 10
2338 17
2339 14
2340 9
2341 13
2342 16
2343 20
2344 14
2345 15
2346 8
2347 19
2348 23
2349 11
2350 12
2351 16
2352 15
2353 16
2354 12
2355 14
2356 16
2357 14
2358 15
2359 8
2360 12
2361 12
2362 16
2363 12
2364 14
2365 9
2366 16
2367 15
2368 9
2369 29
2370 6
2371 19
2372 16
2373 18
2374 19
2375 13
2376 21
2377 14
2378 15
2379 22
2380 18
2381 18
2382 25
2383 35
2384 30
2385 33
2386 34
2387 35
2388 32
2389 52
2390 50
2391 61
2392 75
2393 66
2394 87
2395 77
2396 104
2397 88
2398 95
2399 118
2400 104
2401 96
2402 76
2403 81
2404 76
2405 70
2406 92
2407 63
2408 63
2409 68
2410 55
2411 38
2412 43
2413 34
2414 43
2415 28
2416 28
2417 20
2418 22
2419 19
2420 20
2421 16
2422 16
2423 9
2424 17
2425 19
2426 12
2427 19
2428 15
2429 15
2430 8
2431 11
2432 15
2433 9
2434 9
2435 14
2436 14
2437 8
2438 11
2439 16
2440 10
2441 14
2442 13
2443 21
2444 22
2445 15
2446 12
2447 11
2448 12
2449 10
2450 21
2451 11
2452 9
2453 6
2454 7
2455 12
2456 7
2457 12
2458 12
2459 9
2460 8
2461 10
2462 16
2463 14
2464 7
2465 15
2466 13
2467 15
2468 18
2469 14
2470 11
2471 12
2472 13
2473 12
2474 15
2475 16
2476 18
2477 12
2478 10
2479 15
2480 14
2481 10
2482 10
2483 13
2484 14
2485 16
2486 13
2487 15
2488 11
2489 6
2490 9
2491 12
2492 11
2493 10
2494 15
2495 11
2496 11
2497 13
2498 9
2499 17
2500 11
2501 10
2502 12
2503 9
2504 13
2505 11
2506 9
2507 8
2508 13
2509 15
2510 12
2511 12
2512 8
2513 17
2514 11
2515 10
2516 16
2517 16
2518 6
2519 7
2520 15
2521 14
2522 9
2523 7
2524 8
2525 8
2526 9
2527 10
2528 9
2529 10
2530 15
2531 7
2532 8
2533 3
2534 14
2535 9
2536 11
2537 10
2538 9
2539 11
2540 9
2541 11
2542 11
2543 12
2544 13
2545 5
2546 14
2547 14
2548 15
2549 9
2550 13
2551 10
2552 11
2553 14
2554 7
2555 10
2556 7
2557 6
2558 10
2559 9
