0 33
1 27
2 26
3 41
4 32
5 44
6 33
7 29
8 38
9 32
10 25
11 37
12 33
13 44
14 41
15 44
16 30
17 35
18 37
19 28
20 24
21 33
22 50
23 38
24 35
25 41
26 38
27 40
28 27
29 36
30 38
31 31
32 30
33 24
34 28
35 29
36 33
37 43
38 40
39 31
40 29
41 35
42 24
43 51
44 35
45 41
46 33
47 37
48 35
49 32
50 39
51 34
52 31
53 19
54 38
55 39
56 30
57 44
58 30
59 24
60 36
61 42
62 34
63 30
64 33
65 20
66 37
67 39
68 33
69 36
70 31
71 46
72 42
73 36
74 38
75 38
76 30
77 31
78 35
79 31
80 38
81 25
82 38
83 29
84 35
85 33
86 35
87 43
88 37
89 32
90 36
91 27
92 28
93 35
94 37
95 22
96 31
97 46
98 35
99 35
100 43
101 52
102 27
103 44
104 34
105 36
106 39
107 28
108 34
109 49
110 34
111 33
112 29
113 36
114 34
115 34
116 41
117 30
118 30
119 39
120 39
121 40
122 42
123 26
124 32
125 29
126 31
127 36
128 44
129 43
130 34
131 26
132 45
133 35
134 26
135 26
136 39
137 24
138 40
139 43
140 43
141 36
142 43
143 30
144 48
145 44
146 52
147 39
148 27
149 36
150 38
151 35
152 34
153 36
154 30
155 27
156 40
157 43
158 36
159 37
160 41
161 39
162 43
163 40
164 30
165 24
166 28
167 39
168 34
169 37
170 47
171 32
172 39
173 42
174 30
175 41
176 36
177 45
178 52
179 41
180 27
181 36
182 30
183 25
184 38
185 31
186 40
187 29
188 30
189 35
190 46
191 38
192 45
193 44
194 48
195 33
196 33
197 38
198 33
199 47
200 40
201 40
202 30
203 30
204 35
205 49
206 36
207 44
208 30
209 25
210 44
211 48
212 38
213 50
214 29
215 41
216 38
217 47
218 44
219 49
220 35
221 32
222 56
223 38
224 30
225 38
226 32
227 37
228 44
229 32
230 46
231 47
232 39
233 42
234 44
235 53
236 34
237 41
238 48
239 40
240 39
241 40
242 43
243 34
244 45
245 34
246 52
247 51
248 34
249 43
250 39
251 38
252 42
253 38
254 43
255 37
256 49
257 37
258 35
259 50
260 38
261 44
262 42
263 43
264 38
265 37
266 30
267 50
268 36
269 46
270 39
271 43
272 40
273 32
274 44
275 39
276 27
277 40
278 33
279 38
280 33
281 46
282 40
283 41
284 38
285 43
286 39
287 31
288 30
289 50
290 36
291 39
292 37
293 50
294 44
295 33
296 32
297 43
298 44
299 28
300 38
301 35
302 45
303 35
304 38
305 36
306 38
307 43
308 44
309 26
310 51
311 41
312 40
313 36
314 42
315 42
316 47
317 41
318 34
319 40
320 37
321 40
322 37
323 26
324 43
325 48
326 38
327 39
328 37
329 39
330 39
331 34
332 35
333 47
334 40
335 51
336 45
337 38
338 40
339 32
340 39
341 41
342 46
343 36
344 39
345 39
346 38
347 46
348 38
349 30
350 38
351 55
352 42
353 42
354 37
355 42
356 45
357 53
358 38
359 48
360 38
361 48
362 26
363 43
364 29
365 53
366 51
367 35
368 41
369 37
370 30
371 48
372 44
373 30
374 53
375 48
376 48
377 38
378 32
379 41
380 27
381 33
382 50
383 47
384 43
385 41
386 30
387 34
388 42
389 40
390 44
391 42
392 47
393 41
394 51
395 42
396 44
397 43
398 37
399 36
400 39
401 40
402 44
403 41
404 43
405 47
406 38
407 51
408 42
409 45
410 35
411 44
412 35
413 41
414 53
415 33
416 35
417 42
418 43
419 46
420 48
421 38
422 45
423 42
424 42
425 41
426 43
427 52
428 35
429 54
430 34
431 46
432 29
433 40
434 36
435 37
436 52
437 28
438 30
439 53
440 51
441 45
442 37
443 47
444 51
445 28
446 41
447 53
448 43
449 42
450 44
451 31
452 48
453 33
454 49
455 41
456 38
457 42
458 52
459 46
460 45
461 43
462 43
463 37
464 36
465 50
466 33
467 45
468 38
469 50
470 44
471 36
472 43
473 43
474 43
475 49
476 40
477 55
478 49
479 48
480 55
481 44
482 44
483 44
484 46
485 56
486 59
487 61
488 69
489 58
490 43
491 49
492 52
493 61
494 61
495 74
496 75
497 80
498 68
499 80
500 73
501 68
502 65
503 64
504 70
505 95
506 99
507 125
508 95
509 97
510 96
511 116
512 121
513 122
514 104
515 104
516 80
517 90
518 63
519 60
520 63
521 46
522 34
523 34
524 42
525 40
526 44
527 33
528 33
529 59
530 36
531 39
532 37
533 34
534 50
535 40
536 40
537 43
538 44
539 37
540 39
541 27
542 36
543 47
544 45
545 44
546 38
547 37
548 51
549 39
550 27
551 40
552 35
553 47
554 42
555 42
556 40
557 48
558 45
559 48
560 49
561 40
562 35
563 44
564 35
565 38
566 39
567 50
568 37
569 42
570 35
571 63
572 48
573 31
574 44
575 41
576 42
577 50
578 52
579 51
580 37
581 44
582 45
583 43
584 30
585 39
586 48
587 25
588 43
589 44
590 42
591 50
592 56
593 49
594 37
595 51
596 39
597 44
598 36
599 25
600 36
601 40
602 55
603 46
604 54
605 43
606 43
607 32
608 43
609 43
610 40
611 44
612 41
613 45
614 49
615 50
616 42
617 48
618 41
619 32
620 41
621 34
622 49
623 49
624 48
625 39
626 51
627 36
628 47
629 37
630 39
631 39
632 33
633 50
634 36
635 36
636 39
637 40
638 40
639 47
640 39
641 50
642 38
643 41
644 35
645 51
646 52
647 52
648 36
649 50
650 42
651 35
652 40
653 27
654 36
655 48
656 37
657 37
658 58
659 49
660 61
661 47
662 30
663 45
664 38
665 45
666 42
667 53
668 45
669 37
670 39
671 35
672 33
673 51
674 34
675 48
676 45
677 47
678 32
679 33
680 37
681 48
682 49
683 46
684 32
685 32
686 43
687 55
688 45
689 44
690 31
691 35
692 43
693 37
694 35
695 50
696 44
697 47
698 40
699 38
700 51
701 34
702 40
703 37
704 38
705 45
706 45
707 44
708 46
709 37
710 41
711 44
712 33
713 39
714 38
715 45
716 38
717 41
718 45
719 32
720 34
721 46
722 38
723 50
724 36
725 48
726 35
727 45
728 49
729 39
730 34
731 44
732 33
733 32
734 40
735 38
736 35
737 46
738 45
739 32
740 35
741 38
742 43
743 38
744 44
745 31
746 39
747 32
748 49
749 45
750 44
751 39
752 36
753 49
754 31
755 37
756 29
757 37
758 34
759 36
760 38
761 37
762 36
763 42
764 35
765 38
766 36
767 48
768 45
769 28
770 26
771 25
772 40
773 43
774 39
775 30
776 44
777 40
778 44
779 36
780 47
781 41
782 47
783 50
784 46
785 34
786 40
787 44
788 38
789 31
790 31
791 39
792 46
793 34
794 42
795 36
796 32
797 25
798 37
799 34
800 36
801 33
802 37
803 37
804 39
805 34
806 41
807 39
808 38
809 45
810 32
811 50
812 40
813 46
814 42
815 54
816 35
817 28
818 34
819 26
820 45
821 34
822 32
823 45
824 42
825 37
826 37
827 34
828 31
829 29
830 36
831 47
832 55
833 42
834 35
835 33
836 46
837 37
838 19
839 62
840 33
841 41
842 38
843 44
844 45
845 44
846 38
847 43
848 42
849 37
850 31
851 33
852 36
853 31
854 39
855 31
856 38
857 37
858 36
859 32
860 35
861 38
862 53
863 38
864 29
865 33
866 35
867 34
868 44
869 42
870 31
871 39
872 26
873 41
874 32
875 38
876 36
877 31
878 42
879 38
880 45
881 35
882 31
883 37
884 25
885 30
886 29
887 39
888 32
889 33
890 31
891 38
892 49
893 34
894 44
895 40
896 38
897 34
898 30
899 31
900 36
901 30
902 37
903 53
904 34
905 31
906 33
907 43
908 40
909 45
910 39
911 38
912 34
913 37
914 40
915 34
916 36
917 46
918 41
919 39
920 36
921 45
922 48
923 39
924 27
925 42
926 34
927 45
928 40
929 46
930 44
931 26
932 38
933 31
934 41
935 36
936 40
937 35
938 38
939 44
940 41
941 25
942 48
943 34
944 34
945 30
946 43
947 29
948 28
949 40
950 32
951 36
952 42
953 47
954 34
955 30
956 38
957 24
958 36
959 27
960 45
961 34
962 46
963 26
964 27
965 43
966 41
967 54
968 45
969 41
970 40
971 41
972 41
973 38
974 43
975 44
976 31
977 33
978 30
979 33
980 44
981 43
982 33
983 50
984 33
985 29
986 37
987 37
988 45
989 42
990 42
991 52
992 44
993 44
994 51
995 60
996 64
997 62
998 54
999 65
1000 75
1001 77
1002 76
1003 83
1004 103
1005 133
1006 129
1007 145
1008 147
1009 197
1010 238
1011 255
1012 264
1013 364
1014 459
1015 457
1016 465
1017 481
1018 489
1019 447
1020 429
1021 434
1022 408
1023 404
1024 348
1025 397
1026 422
1027 328
1028 279
1029 205
1030 159
1031 105
1032 69
1033 50
1034 37
1035 45
1036 41
1037 39
1038 47
1039 36
1040 32
1041 36
1042 34
1043 37
1044 43
1045 43
1046 41
1047 41
1048 51
1049 39
1050 35
1051 40
1052 48
1053 44
1054 35
1055 39
1056 49
1057 32
1058 52
1059 41
1060 38
1061 31
1062 39
1063 35
1064 25
1065 39
1066 40
1067 30
1068 39
1069 38
1070 40
1071 42
1072 35
1073 37
1074 46
1075 43
1076 36
1077 42
1078 36
1079 41
1080 29
1081 31
1082 38
1083 36
1084 43
1085 31
1086 41
1087 37
1088 37
1089 42
1090 32
1091 40
1092 31
1093 35
1094 36
1095 28
1096 35
1097 36
1098 35
1099 27
1100 26
1101 45
1102 35
1103 23
1104 34
1105 29
1106 31
1107 31
1108 39
1109 29
1110 37
1111 30
1112 29
1113 37
1114 40
1115 37
1116 33
1117 40
1118 27
1119 31
1120 31
1121 40
1122 33
1123 42
1124 35
1125 42
1126 36
1127 45
1128 28
1129 38
1130 26
1131 39
1132 40
1133 34
1134 35
1135 31
1136 37
1137 36
1138 44
1139 43
1140 41
1141 42
1142 47
1143 53
1144 42
1145 46
1146 52
1147 43
1148 55
1149 71
1150 60
1151 56
1152 51
1153 86
1154 52
1155 55
1156 59
1157 60
1158 65
1159 52
1160 60
1161 69
1162 59
1163 34
1164 44
1165 34
1166 33
1167 36
1168 41
1169 32
1170 27
1171 34
1172 30
1173 39
1174 38
1175 50
1176 29
1177 33
1178 32
1179 32
1180 24
1181 32
1182 39
1183 43
1184 31
1185 29
1186 31
1187 34
1188 44
1189 34
1190 33
1191 30
1192 35
1193 33
1194 19
1195 43
1196 37
1197 41
1198 26
1199 24
1200 22
1201 37
1202 35
1203 27
1204 27
1205 25
1206 27
1207 26
1208 44
1209 33
1210 25
1211 29
1212 24
1213 33
1214 37
1215 37
1216 33
1217 39
1218 31
1219 45
1220 29
1221 30
1222 39
1223 27
1224 37
1225 45
1226 40
1227 35
1228 23
1229 33
1230 42
1231 28
1232 26
1233 34
1234 28
1235 28
1236 31
1237 38
1238 29
1239 28
1240 31
1241 30
1242 32
1243 33
1244 39
1245 28
1246 29
1247 27
1248 27
1249 31
1250 33
1251 35
1252 36
1253 34
1254 29
1255 28
1256 33
1257 36
1258 33
1259 25
1260 28
1261 31
1262 28
1263 35
1264 34
1265 31
1266 21
1267 19
1268 22
1269 31
1270 23
1271 19
1272 28
1273 18
1274 24
1275 26
1276 16
1277 27
1278 18
1279 14
1280 48
1281 44
1282 34
1283 33
1284 34
1285 58
1286 76
1287 79
1288 94
1289 120
1290 136
1291 146
1292 148
1293 152
1294 215
1295 191
1296 215
1297 156
1298 166
1299 192
1300 168
1301 197
1302 216
1303 258
1304 255
1305 203
1306 174
1307 172
1308 182
1309 115
1310 86
1311 78
1312 69
1313 59
1314 27
1315 35
1316 41
1317 32
1318 38
1319 33
1320 34
1321 24
1322 27
1323 27
1324 26
1325 24
1326 24
1327 35
1328 24
1329 24
1330 30
1331 32
1332 28
1333 18
1334 21
1335 17
1336 24
1337 26
1338 30
1339 26
1340 21
1341 27
1342 26
1343 19
1344 33
1345 23
1346 28
1347 21
1348 21
1349 27
1350 32
1351 31
1352 29
1353 22
1354 19
1355 31
1356 21
1357 24
1358 23
1359 36
1360 31
1361 24
1362 33
1363 18
1364 14
1365 18
1366 30
1367 28
1368 22
1369 25
1370 26
1371 19
1372 24
1373 23
1374 23
1375 20
1376 19
1377 23
1378 21
1379 24
1380 21
1381 23
1382 19
1383 22
1384 17
1385 28
1386 19
1387 22
1388 26
1389 21
1390 27
1391 19
1392 22
1393 21
1394 23
1395 21
1396 25
1397 25
1398 31
1399 20
1400 13
1401 23
1402 23
1403 18
1404 25
1405 20
1406 29
1407 26
1408 31
1409 29
1410 19
1411 23
1412 19
1413 23
1414 31
1415 23
1416 19
1417 21
1418 33
1419 23
1420 18
1421 26
1422 27
1423 18
1424 24
1425 14
1426 22
1427 25
1428 33
1429 28
1430 24
1431 25
1432 26
1433 20
1434 29
1435 19
1436 24
1437 24
1438 28
1439 21
1440 26
1441 32
1442 21
1443 24
1444 27
1445 26
1446 16
1447 27
1448 27
1449 18
1450 24
1451 22
1452 25
1453 15
1454 18
1455 28
1456 22
1457 22
1458 18
1459 16
1460 23
1461 25
1462 22
1463 27
1464 21
1465 20
1466 26
1467 15
1468 22
1469 22
1470 16
1471 22
1472 24
1473 27
1474 24
1475 24
1476 25
1477 25
1478 20
1479 24
1480 25
1481 23
1482 24
1483 24
1484 21
1485 25
1486 24
1487 25
1488 30
1489 19
1490 29
1491 23
1492 22
1493 18
1494 26
1495 21
1496 23
1497 23
1498 31
1499 19
1500 14
1501 19
1502 25
1503 18
1504 15
1505 21
1506 25
1507 16
1508 24
1509 24
1510 22
1511 22
1512 30
1513 27
1514 23
1515 15
1516 21
1517 23
1518 17
1519 23
1520 25
1521 17
1522 12
1523 10
1524 23
1525 24
1526 24
1527 29
1528 27
1529 10
1530 20
1531 22
1532 20
1533 18
1534 26
1535 28
1536 26
1537 28
1538 23
1539 25
1540 19
1541 20
1542 24
1543 20
1544 33
1545 18
1546 24
1547 17
1548 21
1549 19
1550 21
1551 23
1552 23
1553 22
1554 22
1555 25
1556 18
1557 10
1558 19
1559 16
1560 12
1561 26
1562 22
1563 19
1564 18
1565 16
1566 19
1567 19
1568 13
1569 14
1570 15
1571 33
1572 15
1573 20
1574 18
1575 18
1576 14
1577 18
1578 25
1579 26
1580 26
1581 20
1582 15
1583 18
1584 26
1585 17
1586 20
1587 17
1588 24
1589 15
1590 26
1591 24
1592 22
1593 14
1594 18
1595 21
1596 21
1597 24
1598 17
1599 21
1600 20
1601 14
1602 14
1603 28
1604 23
1605 20
1606 19
1607 22
1608 26
1609 24
1610 22
1611 19
1612 28
1613 20
1614 22
1615 25
1616 20
1617 21
1618 21
1619 22
1620 24
1621 24
1622 25
1623 21
1624 25
1625 22
1626 17
1627 30
1628 17
1629 10
1630 21
1631 17
1632 26
1633 24
1634 26
1635 18
1636 17
1637 28
1638 12
1639 23
1640 16
1641 17
1642 18
1643 24
1644 22
1645 19
1646 19
1647 22
1648 22
1649 23
1650 18
1651 23
1652 19
1653 23
1654 25
1655 18
1656 26
1657 15
1658 22
1659 15
1660 16
1661 14
1662 20
1663 11
1664 20
1665 22
1666 19
1667 17
1668 23
1669 19
1670 24
1671 15
1672 20
1673 19
1674 22
1675 14
1676 18
1677 16
1678 19
1679 13
1680 30
1681 28
1682 22
1683 21
1684 19
1685 15
1686 21
1687 14
1688 27
1689 31
1690 26
1691 25
1692 16
1693 22
1694 17
1695 24
1696 25
1697 12
1698 31
1699 25
1700 27
1701 34
1702 12
1703 25
1704 20
1705 24
1706 30
1707 19
1708 19
1709 21
1710 27
1711 21
1712 27
1713 22
1714 19
1715 20
1716 17
1717 17
1718 19
1719 14
1720 16
1721 20
1722 11
1723 20
1724 26
1725 19
1726 20
1727 23
1728 19
1729 21
1730 26
1731 16
1732 28
1733 39
1734 40
1735 36
1736 36
1737 35
1738 38
1739 34
1740 33
1741 46
1742 60
1743 90
1744 71
1745 50
1746 55
1747 54
1748 68
1749 73
1750 125
1751 81
1752 108
1753 95
1754 93
1755 104
1756 132
1757 153
1758 140
1759 129
1760 106
1761 103
1762 78
1763 50
1764 64
1765 72
1766 43
1767 49
1768 51
1769 36
1770 31
1771 36
1772 36
1773 22
1774 32
1775 17
1776 31
1777 25
1778 20
1779 23
1780 16
1781 16
1782 20
1783 13
1784 29
1785 19
1786 17
1787 19
1788 29
1789 23
1790 17
1791 27
1792 12
1793 18
1794 12
1795 20
1796 16
1797 22
1798 17
1799 17
1800 17
1801 17
1802 19
1803 16
1804 9
1805 23
1806 20
1807 26
1808 19
1809 18
1810 15
1811 19
1812 22
1813 23
1814 19
1815 14
1816 18
1817 22
1818 16
1819 20
1820 14
1821 23
1822 19
1823 21
1824 24
1825 20
1826 23
1827 13
1828 16
1829 17
1830 22
1831 15
1832 22
1833 22
1834 17
1835 24
1836 11
1837 22
1838 22
1839 17
1840 14
1841 22
1842 28
1843 15
1844 23
1845 30
1846 18
1847 22
1848 21
1849 13
1850 13
1851 20
1852 14
1853 18
1854 20
1855 24
1856 21
1857 26
1858 22
1859 23
1860 21
1861 16
1862 25
1863 21
1864 21
1865 16
1866 21
1867 16
1868 20
1869 17
1870 17
1871 14
1872 20
1873 18
1874 19
1875 10
1876 17
1877 17
1878 29
1879 25
1880 14
1881 15
1882 19
1883 13
1884 9
1885 15
1886 16
1887 16
1888 19
1889 20
1890 24
1891 21
1892 22
1893 25
1894 16
1895 26
1896 14
1897 17
1898 19
1899 18
1900 17
1901 23
1902 12
1903 21
1904 22
1905 13
1906 24
1907 18
1908 20
1909 20
1910 20
1911 25
1912 10
1913 18
1914 20
1915 20
1916 18
1917 15
1918 17
1919 16
1920 24
1921 19
1922 26
1923 26
1924 21
1925 15
1926 30
1927 22
1928 16
1929 14
1930 20
1931 14
1932 26
1933 24
1934 23
1935 16
1936 18
1937 21
1938 18
1939 24
1940 28
1941 27
1942 20
1943 18
1944 22
1945 24
1946 23
1947 20
1948 19
1949 19
1950 18
1951 16
1952 20
1953 17
1954 18
1955 18
1956 17
1957 32
1958 18
1959 21
1960 16
1961 21
1962 22
1963 20
1964 17
1965 15
1966 18
1967 21
1968 25
1969 20
1970 21
1971 26
1972 21
1973 14
1974 25
1975 28
1976 27
1977 18
1978 45
1979 42
1980 40
1981 61
1982 34
1983 39
1984 52
1985 61
1986 65
1987 77
1988 89
1989 106
1990 106
1991 110
1992 127
1993 157
1994 157
1995 177
1996 195
1997 232
1998 230
1999 273
2000 292
2001 318
2002 354
2003 419
2004 337
2005 395
2006 370
2007 317
2008 376
2009 400
2010 388
2011 321
2012 344
2013 358
2014 304
2015 262
2016 244
2017 208
2018 240
2019 191
2020 161
2021 122
2022 137
2023 134
2024 92
2025 72
2026 51
2027 53
2028 50
2029 36
2030 39
2031 30
2032 20
2033 23
2034 16
2035 21
2036 28
2037 20
2038 24
2039 16
2040 20
2041 28
2042 26
2043 19
2044 19
2045 14
2046 18
2047 26
2048 23
2049 20
2050 16
2051 15
2052 24
2053 20
2054 22
2055 25
2056 17
2057 17
2058 19
2059 20
2060 18
2061 11
2062 12
2063 13
2064 19
2065 18
2066 15
2067 14
2068 17
2069 13
2070 18
2071 19
2072 20
2073 15
2074 26
2075 17
2076 19
2077 13
2078 16
2079 20
2080 18
2081 20
2082 19
2083 14
2084 13
2085 13
2086 15
2087 14
2088 9
2089 16
2090 19
2091 16
2092 11
2093 16
2094 20
2095 12
2096 10
2097 25
2098 14
2099 15
2100 11
2101 15
2102 15
2103 22
2104 14
2105 27
2106 18
2107 16
2108 13
2109 18
2110 18
2111 19
2112 18
2113 14
2114 19
2115 22
2116 22
2117 15
2118 23
2119 19
2120 17
2121 11
2122 23
2123 15
2124 8
2125 18
2126 21
2127 21
2128 20
2129 20
2130 19
2131 22
2132 14
2133 21
2134 17
2135 21
2136 20
2137 19
2138 10
2139 20
2140 21
2141 17
2142 17
2143 18
2144 16
2145 11
2146 15
2147 15
2148 8
2149 12
2150 13
2151 13
2152 24
2153 20
2154 17
2155 13
2156 12
2157 15
2158 13
2159 11
2160 15
2161 17
2162 9
2163 18
2164 14
2165 14
2166 19
2167 18
2168 10
2169 14
2170 14
2171 11
2172 15
2173 19
2174 17
2175 13
2176 15
2177 22
2178 21
2179 22
2180 21
2181 22
2182 29
2183 31
2184 25
2185 23
2186 15
2187 20
2188 43
2189 30
2190 31
2191 32
2192 31
2193 37
2194 60
2195 55
2196 76
2197 63
2198 63
2199 79
2200 94
2201 71
2202 86
2203 81
2204 70
2205 81
2206 99
2207 88
2208 113
2209 117
2210 120
2211 101
2212 108
2213 84
2214 75
2215 70
2216 60
2217 61
2218 57
2219 43
2220 42
2221 48
2222 46
2223 32
2224 23
2225 31
2226 23
2227 20
2228 17
2229 27
2230 22
2231 14
2232 17
2233 18
2234 13
2235 10
2236 13
2237 12
2238 20
2239 12
2240 14
2241 12
2242 15
2243 21
2244 12
2245 17
2246 16
2247 16
2248 15
2249 12
2250 17
2251 15
2252 17
2253 11
2254 10
2255 11
2256 10
2257 11
2258 9
2259 15
2260 19
2261 12
2262 9
2263 15
2264 16
2265 13
2266 8
2267 11
2268 7
2269 16
2270 13
2271 13
2272 15
2273 14
2274 14
2275 12
2276 12
2277 10
2278 9
2279 11
2280 10
2281 12
2282 12
2283 16
2284 15
2285 15
2286 11
2287 15
2288 11
2289 19
2290 9
2291 14
2292 17
2293 16
2294 21
2295 13
2296 11
2297 17
2298 11
2299 7
2300 14
2301 14
2302 13
2303 17
2304 12
2305 15
2306 8
2307 16
2308 12
2309 14
2310 16
2311 9
2312 14
2313 15
2314 11
2315 13
2316 15
2317 16
2318 10
2319 11
2320 10
2321 14
2322 8
2323 13
2324 22
2325 15
2326 15
2327 9
2328 13
2329 16
2330 10
2331 13
2332 20
2333 15
2334 8
2335 14
2336 15
2337 7
2338 14
2339 12
2340 10
2341 18
2342 12
2343 8
2344 14
2345 15
2346 14
2347 11
2348 5
2349 15
2350 12
2351 16
2352 9
2353 10
2354 14
2355 9
2356 15
2357 11
2358 10
2359 18
2360 11
2361 14
2362 12
2363 13
2364 11
2365 14
2366 12
2367 9
2368 16
2369 9
2370 10
2371 25
2372 8
2373 11
2374 21
2375 11
2376 16
2377 17
2378 10
2379 21
2380 14
2381 12
2382 15
2383 10
2384 7
2385 15
2386 12
2387 9
2388 12
2389 10
2390 19
2391 19
2392 13
2393 6
2394 13
2395 13
2396 16
2397 11
2398 15
2399 12
2400 12
2401 20
2402 13
2403 14
2404 12
2405 10
2406 13
2407 12
2408 15
2409 13
2410 9
2411 16
2412 14
2413 19
2414 7
2415 16
2416 6
2417 8
2418 13
2419 13
2420 16
2421 11
2422 9
2423 12
2424 13
2425 9
2426 12
2427 10
2428 10
2429 18
2430 9
2431 11
2432 13
2433 9
2434 18
2435 9
2436 10
2437 11
2438 11
2439 18
2440 11
2441 9
2442 5
2443 11
2444 15
2445 18
2446 15
2447 17
2448 8
2449 12
2450 17
2451 13
2452 13
2453 14
2454 17
2455 13
2456 13
2457 12
2458 11
2459 9
2460 6
2461 12
2462 15
2463 11
2464 30
2465 13
2466 21
2467 16
2468 18
2469 20
2470 22
2471 24
2472 25
2473 22
2474 13
2475 28
2476 24
2477 30
2478 42
2479 40
2480 45
2481 29
2482 31
2483 31
2484 47
2485 48
2486 58
2487 44
2488 38
2489 59
2490 78
2491 77
2492 72
2493 56
2494 73
2495 72
2496 65
2497 83
2498 76
2499 61
2500 65
2501 65
2502 47
2503 50
2504 49
2505 50
2506 37
2507 50
2508 51
2509 33
2510 35
2511 21
2512 28
2513 16
2514 21
2515 17
2516 19
2517 21
2518 17
2519 18
2520 12
2521 12
2522 16
2523 14
2524 16
2525 13
2526 15
2527 15
2528 7
2529 17
2530 8
2531 16
2532 13
2533 10
2534 12
2535 12
2536 16
2537 15
2538 8
2539 12
2540 8
2541 16
2542 8
2543 12
2544 8
2545 8
2546 6
2547 11
2548 10
2549 12
2550 11
2551 9
2552 15
2553 15
2554 17
2555 7
2556 4
2557 18
2558 15
2559 16
