0 35
1 27
2 33
3 23
4 31
5 29
6 35
7 35
8 35
9 23
10 21
11 42
12 33
13 28
14 38
15 34
16 23
17 33
18 33
19 29
20 28
21 23
22 28
23 32
24 31
25 43
26 24
27 33
28 39
29 28
30 31
31 37
32 40
33 39
34 28
35 40
36 31
37 27
38 32
39 33
40 38
41 30
42 40
43 41
44 38
45 27
46 24
47 22
48 21
49 22
50 33
51 36
52 25
53 33
54 31
55 27
56 39
57 28
58 27
59 44
60 29
61 24
62 30
63 34
64 34
65 28
66 47
67 36
68 36
69 42
70 44
71 22
72 23
73 28
74 30
75 37
76 25
77 31
78 37
79 37
80 31
81 34
82 30
83 34
84 35
85 36
86 42
87 27
88 42
89 29
90 48
91 57
92 28
93 28
94 29
95 33
96 34
97 33
98 39
99 38
100 28
101 21
102 28
103 48
104 46
105 38
106 33
107 33
108 36
109 35
110 31
111 27
112 31
113 41
114 34
115 27
116 36
117 26
118 21
119 34
120 31
121 31
122 33
123 18
124 34
125 37
126 36
127 42
128 37
129 34
130 39
131 33
132 27
133 28
134 38
135 29
136 20
137 37
138 29
139 40
140 29
141 27
142 43
143 36
144 47
145 38
146 36
147 33
148 25
149 36
150 39
151 34
152 27
153 29
154 34
155 28
156 40
157 37
158 34
159 36
160 37
161 40
162 51
163 28
164 42
165 23
166 34
167 43
168 38
169 40
170 24
171 44
172 46
173 37
174 27
175 37
176 44
177 37
178 29
179 38
180 31
181 35
182 39
183 30
184 43
185 28
186 35
187 28
188 33
189 28
190 40
191 36
192 40
193 37
194 34
195 39
196 35
197 34
198 29
199 32
200 40
201 50
202 33
203 37
204 39
205 46
206 31
207 41
208 42
209 46
210 37
211 40
212 46
213 48
214 35
215 44
216 44
217 44
218 38
219 29
220 29
221 35
222 41
223 41
224 35
225 36
226 40
227 31
228 38
229 36
230 31
231 43
232 27
233 34
234 27
235 32
236 36
237 40
238 41
239 38
240 41
241 32
242 36
243 34
244 36
245 30
246 29
247 30
248 33
249 35
250 30
251 24
252 29
253 28
254 35
255 28
256 44
257 37
258 36
259 38
260 46
261 37
262 23
263 36
264 38
265 32
266 43
267 39
268 36
269 32
270 51
271 39
272 47
273 39
274 44
275 35
276 37
277 39
278 39
279 52
280 35
281 32
282 32
283 31
284 28
285 37
286 36
287 37
288 48
289 47
290 39
291 23
292 35
293 36
294 37
295 33
296 29
297 35
298 48
299 47
300 37
301 43
302 44
303 32
304 44
305 37
306 26
307 30
308 34
309 40
310 32
311 47
312 39
313 45
314 32
315 31
316 36
317 50
318 54
319 29
320 39
321 37
322 29
323 37
324 42
325 37
326 38
327 37
328 33
329 37
330 46
331 42
332 37
333 48
334 34
335 43
336 44
337 34
338 44
339 32
340 43
341 35
342 36
343 34
344 39
345 43
346 36
347 29
348 41
349 47
350 36
351 39
352 53
353 34
354 31
355 39
356 28
357 38
358 51
359 37
360 38
361 39
362 35
363 30
364 40
365 36
366 35
367 45
368 36
369 38
370 48
371 45
372 42
373 41
374 43
375 28
376 42
377 36
378 41
379 41
380 47
381 46
382 25
383 30
384 44
385 44
386 44
387 45
388 30
389 44
390 39
391 41
392 30
393 32
394 32
395 52
396 42
397 41
398 47
399 38
400 43
401 41
402 46
403 40
404 45
405 50
406 35
407 42
408 41
409 38
410 47
411 37
412 50
413 52
414 37
415 24
416 37
417 46
418 32
419 48
420 34
421 38
422 39
423 42
424 36
425 38
426 45
427 40
428 27
429 31
430 37
431 25
432 39
433 36
434 43
435 47
436 29
437 32
438 38
439 47
440 44
441 42
442 39
443 27
444 31
445 18
446 38
447 42
448 31
449 45
450 31
451 39
452 39
453 36
454 36
455 30
456 42
457 49
458 41
459 40
460 42
461 48
462 43
463 45
464 51
465 43
466 29
467 48
468 48
469 36
470 42
471 46
472 42
473 43
474 36
475 41
476 39
477 31
478 47
479 32
480 42
481 30
482 40
483 39
484 41
485 46
486 37
487 44
488 41
489 41
490 34
491 34
492 46
493 41
494 35
495 32
496 43
497 43
498 39
499 42
500 44
501 48
502 41
503 44
504 44
505 53
506 34
507 63
508 50
509 74
510 77
511 55
512 63
513 55
514 54
515 70
516 55
517 81
518 58
519 87
520 100
521 87
522 85
523 102
524 68
525 95
526 91
527 74
528 82
529 84
530 77
531 87
532 120
533 139
534 159
535 117
536 128
537 101
538 73
539 54
540 75
541 48
542 51
543 41
544 38
545 50
546 36
547 44
548 37
549 45
550 42
551 43
552 39
553 30
554 44
555 47
556 54
557 49
558 52
559 38
560 56
561 49
562 41
563 38
564 48
565 37
566 42
567 41
568 50
569 37
570 34
571 44
572 37
573 50
574 42
575 41
576 44
577 43
578 43
579 42
580 41
581 48
582 32
583 52
584 47
585 37
586 52
587 37
588 43
589 44
590 46
591 33
592 52
593 40
594 42
595 36
596 48
597 42
598 38
599 36
600 36
601 48
602 48
603 45
604 38
605 33
606 46
607 41
608 35
609 42
610 49
611 42
612 54
613 46
614 35
615 28
616 36
617 39
618 25
619 32
620 39
621 41
622 28
623 39
624 43
625 30
626 31
627 44
628 48
629 36
630 32
631 40
632 54
633 38
634 39
635 35
636 37
637 38
638 41
639 39
640 40
641 34
642 37
643 47
644 52
645 39
646 40
647 51
648 36
649 38
650 46
651 25
652 44
653 40
654 50
655 38
656 38
657 39
658 38
659 45
660 35
661 43
662 50
663 38
664 27
665 31
666 35
667 43
668 37
669 53
670 43
671 38
672 45
673 30
674 39
675 38
676 30
677 33
678 60
679 35
680 58
681 48
682 46
683 42
684 37
685 36
686 41
687 47
688 48
689 41
690 47
691 51
692 38
693 42
694 40
695 36
696 38
697 43
698 38
699 47
700 29
701 34
702 32
703 38
704 42
705 37
706 37
707 33
708 37
709 54
710 44
711 43
712 52
713 43
714 34
715 35
716 38
717 45
718 33
719 42
720 43
721 46
722 38
723 45
724 42
725 49
726 33
727 30
728 38
729 49
730 28
731 44
732 35
733 36
734 33
735 32
736 26
737 27
738 39
739 46
740 55
741 34
742 50
743 49
744 31
745 30
746 43
747 31
748 24
749 35
750 38
751 34
752 42
753 48
754 48
755 25
756 39
757 33
758 37
759 43
760 41
761 37
762 37
763 29
764 31
765 39
766 36
767 44
768 40
769 48
770 38
771 47
772 37
773 35
774 45
775 42
776 37
777 37
778 38
779 37
780 31
781 27
782 37
783 39
784 37
785 37
786 40
787 43
788 30
789 33
790 29
791 41
792 33
793 32
794 30
795 35
796 44
797 41
798 36
799 45
800 36
801 45
802 32
803 48
804 32
805 37
806 33
807 50
808 40
809 44
810 28
811 34
812 48
813 32
814 23
815 31
816 45
817 28
818 27
819 36
820 29
821 33
822 39
823 35
824 35
825 36
826 39
827 36
828 40
829 35
830 54
831 30
832 41
833 38
834 39
835 36
836 33
837 39
838 36
839 33
840 34
841 36
842 43
843 39
844 34
845 54
846 35
847 41
848 36
849 35
850 30
851 43
852 36
853 51
854 44
855 31
856 50
857 40
858 36
859 40
860 35
861 20
862 36
863 32
864 37
865 39
866 32
867 45
868 32
869 30
870 40
871 41
872 30
873 39
874 46
875 35
876 41
877 28
878 40
879 37
880 34
881 41
882 30
883 41
884 36
885 31
886 51
887 42
888 29
889 24
890 33
891 39
892 33
893 30
894 36
895 31
896 37
897 45
898 50
899 36
900 42
901 31
902 27
903 37
904 27
905 39
906 26
907 30
908 41
909 31
910 36
911 42
912 33
913 44
914 34
915 35
916 34
917 35
918 27
919 28
920 29
921 40
922 26
923 30
924 33
925 43
926 39
927 38
928 40
929 31
930 41
931 38
932 34
933 39
934 37
935 36
936 30
937 35
938 27
939 40
940 40
941 28
942 29
943 32
944 38
945 32
946 35
947 33
948 40
949 50
950 47
951 33
952 38
953 37
954 30
955 31
956 33
957 30
958 36
959 31
960 37
961 33
962 38
963 38
964 30
965 33
966 36
967 35
968 33
969 40
970 32
971 41
972 37
973 39
974 37
975 32
976 31
977 43
978 27
979 33
980 38
981 35
982 40
983 47
984 40
985 40
986 33
987 33
988 37
989 26
990 33
991 42
992 27
993 26
994 36
995 36
996 31
997 45
998 40
999 29
1000 46
1001 44
1002 32
1003 39
1004 34
1005 34
1006 38
1007 43
1008 52
1009 27
1010 31
1011 37
1012 33
1013 47
1014 32
1015 34
1016 24
1017 40
1018 34
1019 26
1020 31
1021 48
1022 58
1023 64
1024 80
1025 74
1026 72
1027 87
1028 95
1029 70
1030 95
1031 94
1032 102
1033 109
1034 153
1035 196
1036 262
1037 261
1038 288
1039 325
1040 337
1041 359
1042 374
1043 395
1044 447
1045 483
1046 442
1047 454
1048 427
1049 457
1050 433
1051 396
1052 389
1053 305
1054 207
1055 154
1056 108
1057 118
1058 83
1059 63
1060 59
1061 45
1062 42
1063 31
1064 39
1065 33
1066 40
1067 36
1068 32
1069 33
1070 35
1071 42
1072 50
1073 39
1074 41
1075 28
1076 18
1077 36
1078 39
1079 35
1080 37
1081 37
1082 27
1083 32
1084 35
1085 32
1086 30
1087 42
1088 39
1089 42
1090 41
1091 35
1092 41
1093 45
1094 36
1095 30
1096 30
1097 39
1098 36
1099 28
1100 33
1101 33
1102 27
1103 22
1104 29
1105 33
1106 37
1107 23
1108 37
1109 45
1110 31
1111 36
1112 47
1113 36
1114 35
1115 43
1116 30
1117 24
1118 30
1119 29
1120 32
1121 44
1122 35
1123 35
1124 29
1125 43
1126 36
1127 27
1128 41
1129 32
1130 29
1131 33
1132 33
1133 35
1134 30
1135 38
1136 29
1137 38
1138 35
1139 30
1140 48
1141 28
1142 19
1143 35
1144 31
1145 30
1146 33
1147 22
1148 35
1149 26
1150 29
1151 32
1152 31
1153 31
1154 42
1155 45
1156 36
1157 40
1158 34
1159 37
1160 43
1161 60
1162 43
1163 45
1164 45
1165 26
1166 33
1167 47
1168 61
1169 71
1170 83
1171 76
1172 56
1173 72
1174 67
1175 61
1176 47
1177 68
1178 73
1179 58
1180 79
1181 77
1182 75
1183 58
1184 49
1185 47
1186 38
1187 49
1188 44
1189 46
1190 49
1191 37
1192 39
1193 38
1194 38
1195 38
1196 29
1197 33
1198 31
1199 22
1200 32
1201 31
1202 23
1203 39
1204 28
1205 31
1206 35
1207 29
1208 36
1209 21
1210 33
1211 31
1212 32
1213 24
1214 22
1215 31
1216 26
1217 21
1218 27
1219 30
1220 37
1221 25
1222 40
1223 28
1224 31
1225 40
1226 25
1227 24
1228 27
1229 42
1230 30
1231 37
1232 35
1233 37
1234 31
1235 35
1236 28
1237 29
1238 29
1239 32
1240 37
1241 35
1242 31
1243 29
1244 34
1245 48
1246 40
1247 34
1248 44
1249 28
1250 28
1251 42
1252 28
1253 39
1254 22
1255 35
1256 32
1257 26
1258 33
1259 38
1260 25
1261 24
1262 30
1263 26
1264 20
1265 37
1266 18
1267 21
1268 33
1269 33
1270 21
1271 27
1272 14
1273 20
1274 23
1275 21
1276 20
1277 19
1278 15
1279 27
1280 31
1281 27
1282 27
1283 21
1284 22
1285 30
1286 18
1287 27
1288 24
1289 20
1290 22
1291 24
1292 29
1293 27
1294 26
1295 43
1296 27
1297 23
1298 16
1299 23
1300 33
1301 29
1302 28
1303 24
1304 20
1305 17
1306 36
1307 25
1308 32
1309 30
1310 29
1311 44
1312 44
1313 42
1314 45
1315 46
1316 53
1317 63
1318 65
1319 92
1320 85
1321 88
1322 99
1323 120
1324 125
1325 128
1326 125
1327 137
1328 169
1329 182
1330 203
1331 246
1332 392
1333 353
1334 214
1335 183
1336 151
1337 129
1338 154
1339 128
1340 83
1341 64
1342 67
1343 69
1344 55
1345 44
1346 47
1347 30
1348 32
1349 26
1350 32
1351 29
1352 22
1353 24
1354 18
1355 25
1356 24
1357 29
1358 20
1359 25
1360 26
1361 22
1362 24
1363 20
1364 23
1365 26
1366 23
1367 18
1368 24
1369 25
1370 16
1371 26
1372 27
1373 26
1374 22
1375 26
1376 27
1377 27
1378 18
1379 27
1380 29
1381 21
1382 21
1383 26
1384 26
1385 28
1386 24
1387 24
1388 28
1389 21
1390 20
1391 27
1392 20
1393 18
1394 23
1395 20
1396 25
1397 19
1398 23
1399 23
1400 17
1401 20
1402 20
1403 23
1404 26
1405 23
1406 19
1407 18
1408 21
1409 18
1410 22
1411 20
1412 27
1413 20
1414 24
1415 17
1416 27
1417 26
1418 20
1419 20
1420 26
1421 30
1422 19
1423 15
1424 19
1425 32
1426 23
1427 23
1428 20
1429 14
1430 16
1431 21
1432 28
1433 13
1434 18
1435 21
1436 28
1437 26
1438 23
1439 20
1440 33
1441 19
1442 23
1443 31
1444 24
1445 18
1446 22
1447 14
1448 29
1449 24
1450 29
1451 16
1452 22
1453 23
1454 19
1455 21
1456 22
1457 15
1458 19
1459 23
1460 25
1461 30
1462 21
1463 20
1464 22
1465 27
1466 15
1467 24
1468 33
1469 24
1470 28
1471 23
1472 23
1473 29
1474 25
1475 29
1476 18
1477 23
1478 19
1479 20
1480 18
1481 17
1482 26
1483 19
1484 24
1485 29
1486 26
1487 32
1488 15
1489 17
1490 29
1491 26
1492 24
1493 26
1494 13
1495 14
1496 21
1497 21
1498 19
1499 27
1500 24
1501 26
1502 20
1503 16
1504 24
1505 22
1506 23
1507 18
1508 33
1509 15
1510 31
1511 25
1512 25
1513 22
1514 17
1515 21
1516 16
1517 19
1518 18
1519 25
1520 23
1521 24
1522 17
1523 26
1524 20
1525 23
1526 15
1527 22
1528 12
1529 30
1530 25
1531 26
1532 24
1533 15
1534 18
1535 17
1536 28
1537 22
1538 24
1539 17
1540 19
1541 20
1542 19
1543 24
1544 20
1545 18
1546 20
1547 18
1548 22
1549 27
1550 26
1551 22
1552 16
1553 12
1554 21
1555 17
1556 19
1557 20
1558 22
1559 19
1560 22
1561 17
1562 13
1563 18
1564 15
1565 22
1566 22
1567 21
1568 13
1569 17
1570 23
1571 33
1572 22
1573 21
1574 22
1575 18
1576 27
1577 24
1578 19
1579 28
1580 30
1581 17
1582 21
1583 18
1584 15
1585 26
1586 21
1587 15
1588 17
1589 24
1590 26
1591 19
1592 21
1593 14
1594 19
1595 23
1596 20
1597 22
1598 18
1599 18
1600 15
1601 18
1602 20
1603 22
1604 20
1605 24
1606 14
1607 18
1608 22
1609 22
1610 19
1611 19
1612 28
1613 21
1614 16
1615 17
1616 21
1617 23
1618 20
1619 22
1620 22
1621 18
1622 16
1623 11
1624 13
1625 25
1626 31
1627 23
1628 19
1629 26
1630 13
1631 15
1632 17
1633 15
1634 15
1635 10
1636 22
1637 15
1638 20
1639 17
1640 18
1641 18
1642 14
1643 23
1644 26
1645 20
1646 23
1647 24
1648 30
1649 25
1650 13
1651 15
1652 22
1653 19
1654 23
1655 16
1656 19
1657 18
1658 26
1659 17
1660 22
1661 14
1662 28
1663 13
1664 22
1665 16
1666 17
1667 12
1668 13
1669 24
1670 14
1671 17
1672 22
1673 20
1674 15
1675 22
1676 20
1677 21
1678 20
1679 17
1680 21
1681 24
1682 16
1683 20
1684 20
1685 24
1686 18
1687 25
1688 17
1689 20
1690 25
1691 16
1692 22
1693 20
1694 32
1695 17
1696 15
1697 24
1698 21
1699 16
1700 17
1701 19
1702 27
1703 25
1704 13
1705 16
1706 16
1707 22
1708 22
1709 20
1710 28
1711 29
1712 19
1713 24
1714 16
1715 13
1716 24
1717 25
1718 24
1719 25
1720 19
1721 24
1722 18
1723 21
1724 16
1725 24
1726 24
1727 20
1728 21
1729 17
1730 18
1731 22
1732 21
1733 29
1734 25
1735 26
1736 22
1737 26
1738 19
1739 18
1740 10
1741 15
1742 24
1743 21
1744 18
1745 12
1746 13
1747 22
1748 20
1749 16
1750 14
1751 16
1752 20
1753 14
1754 13
1755 17
1756 24
1757 25
1758 12
1759 17
1760 19
1761 25
1762 19
1763 17
1764 23
1765 22
1766 28
1767 27
1768 15
1769 22
1770 34
1771 36
1772 35
1773 38
1774 25
1775 33
1776 38
1777 31
1778 46
1779 45
1780 54
1781 92
1782 127
1783 165
1784 159
1785 147
1786 142
1787 119
1788 115
1789 124
1790 113
1791 78
1792 72
1793 90
1794 100
1795 87
1796 62
1797 72
1798 90
1799 93
1800 65
1801 36
1802 30
1803 48
1804 35
1805 35
1806 21
1807 36
1808 24
1809 19
1810 17
1811 21
1812 24
1813 17
1814 17
1815 22
1816 21
1817 22
1818 14
1819 15
1820 17
1821 15
1822 18
1823 14
1824 16
1825 12
1826 17
1827 11
1828 12
1829 13
1830 32
1831 16
1832 17
1833 23
1834 23
1835 16
1836 16
1837 16
1838 13
1839 20
1840 22
1841 10
1842 15
1843 14
1844 12
1845 21
1846 18
1847 21
1848 23
1849 20
1850 12
1851 18
1852 14
1853 16
1854 22
1855 15
1856 19
1857 15
1858 11
1859 23
1860 24
1861 9
1862 23
1863 14
1864 20
1865 18
1866 15
1867 22
1868 20
1869 18
1870 16
1871 17
1872 20
1873 14
1874 21
1875 21
1876 16
1877 20
1878 20
1879 16
1880 22
1881 17
1882 18
1883 17
1884 14
1885 10
1886 19
1887 19
1888 23
1889 25
1890 23
1891 19
1892 18
1893 24
1894 21
1895 9
1896 17
1897 11
1898 15
1899 16
1900 17
1901 16
1902 17
1903 31
1904 20
1905 19
1906 21
1907 17
1908 13
1909 20
1910 26
1911 25
1912 25
1913 17
1914 23
1915 13
1916 22
1917 19
1918 19
1919 13
1920 15
1921 24
1922 16
1923 20
1924 27
1925 18
1926 25
1927 27
1928 18
1929 12
1930 16
1931 21
1932 20
1933 30
1934 22
1935 20
1936 20
1937 12
1938 21
1939 13
1940 21
1941 27
1942 23
1943 25
1944 24
1945 19
1946 20
1947 18
1948 19
1949 12
1950 16
1951 12
1952 12
1953 25
1954 24
1955 19
1956 19
1957 17
1958 17
1959 26
1960 18
1961 23
1962 20
1963 20
1964 13
1965 20
1966 17
1967 22
1968 22
1969 20
1970 16
1971 20
1972 12
1973 15
1974 16
1975 15
1976 20
1977 18
1978 12
1979 22
1980 24
1981 23
1982 21
1983 19
1984 17
1985 15
1986 27
1987 28
1988 15
1989 25
1990 16
1991 23
1992 15
1993 16
1994 18
1995 25
1996 21
1997 17
1998 22
1999 19
2000 18
2001 22
2002 25
2003 21
2004 20
2005 20
2006 22
2007 21
2008 24
2009 20
2010 31
2011 14
2012 22
2013 19
2014 24
2015 27
2016 22
2017 25
2018 37
2019 27
2020 41
2021 41
2022 36
2023 61
2024 60
2025 52
2026 73
2027 85
2028 103
2029 99
2030 125
2031 179
2032 154
2033 148
2034 178
2035 218
2036 246
2037 284
2038 382
2039 326
2040 343
2041 354
2042 321
2043 330
2044 320
2045 375
2046 330
2047 374
2048 346
2049 302
2050 310
2051 330
2052 334
2053 270
2054 247
2055 209
2056 225
2057 194
2058 214
2059 124
2060 99
2061 82
2062 51
2063 48
2064 49
2065 40
2066 31
2067 26
2068 24
2069 24
2070 27
2071 19
2072 18
2073 23
2074 27
2075 17
2076 19
2077 27
2078 18
2079 15
2080 21
2081 14
2082 16
2083 20
2084 21
2085 11
2086 10
2087 12
2088 17
2089 17
2090 16
2091 15
2092 15
2093 19
2094 12
2095 24
2096 20
2097 16
2098 15
2099 18
2100 13
2101 19
2102 23
2103 13
2104 9
2105 9
2106 15
2107 21
2108 19
2109 17
2110 10
2111 19
2112 11
2113 15
2114 10
2115 11
2116 16
2117 16
2118 14
2119 15
2120 19
2121 16
2122 18
2123 17
2124 18
2125 15
2126 22
2127 11
2128 18
2129 18
2130 12
2131 12
2132 12
2133 14
2134 19
2135 25
2136 14
2137 13
2138 20
2139 13
2140 14
2141 15
2142 20
2143 12
2144 15
2145 16
2146 16
2147 22
2148 18
2149 17
2150 18
2151 17
2152 16
2153 6
2154 17
2155 14
2156 17
2157 15
2158 19
2159 11
2160 14
2161 15
2162 12
2163 23
2164 22
2165 29
2166 18
2167 20
2168 15
2169 16
2170 22
2171 18
2172 15
2173 15
2174 24
2175 19
2176 16
2177 19
2178 13
2179 15
2180 12
2181 20
2182 11
2183 12
2184 18
2185 16
2186 20
2187 18
2188 23
2189 15
2190 11
2191 8
2192 16
2193 12
2194 12
2195 14
2196 12
2197 12
2198 18
2199 15
2200 12
2201 11
2202 18
2203 14
2204 16
2205 11
2206 12
2207 12
2208 11
2209 16
2210 15
2211 20
2212 11
2213 21
2214 12
2215 18
2216 17
2217 16
2218 14
2219 20
2220 19
2221 15
2222 28
2223 30
2224 21
2225 28
2226 26
2227 22
2228 27
2229 36
2230 44
2231 42
2232 37
2233 57
2234 59
2235 59
2236 61
2237 64
2238 72
2239 61
2240 61
2241 78
2242 73
2243 73
2244 90
2245 77
2246 68
2247 83
2248 91
2249 77
2250 84
2251 80
2252 95
2253 93
2254 68
2255 56
2256 49
2257 41
2258 48
2259 45
2260 30
2261 21
2262 32
2263 22
2264 18
2265 27
2266 16
2267 23
2268 19
2269 21
2270 17
2271 15
2272 15
2273 18
2274 13
2275 16
2276 13
2277 19
2278 15
2279 17
2280 12
2281 10
2282 11
2283 8
2284 15
2285 12
2286 18
2287 14
2288 19
2289 11
2290 20
2291 9
2292 10
2293 24
2294 20
2295 12
2296 14
2297 23
2298 18
2299 12
2300 14
2301 17
2302 8
2303 16
2304 9
2305 16
2306 10
2307 8
2308 13
2309 11
2310 17
2311 15
2312 16
2313 10
2314 14
2315 25
2316 16
2317 9
2318 9
2319 20
2320 13
2321 10
2322 11
2323 10
2324 16
2325 20
2326 15
2327 18
2328 14
2329 16
2330 9
2331 10
2332 16
2333 20
2334 21
2335 11
2336 11
2337 13
2338 11
2339 15
2340 11
2341 12
2342 18
2343 14
2344 9
2345 8
2346 19
2347 13
2348 15
2349 13
2350 8
2351 14
2352 20
2353 14
2354 12
2355 17
2356 14
2357 14
2358 13
2359 8
2360 16
2361 15
2362 13
2363 12
2364 12
2365 9
2366 12
2367 13
2368 16
2369 12
2370 15
2371 8
2372 12
2373 8
2374 17
2375 7
2376 9
2377 12
2378 18
2379 12
2380 17
2381 18
2382 10
2383 13
2384 14
2385 11
2386 14
2387 11
2388 11
2389 13
2390 11
2391 10
2392 13
2393 8
2394 11
2395 7
2396 15
2397 10
2398 9
2399 12
2400 24
2401 14
2402 17
2403 11
2404 9
2405 11
2406 16
2407 12
2408 15
2409 8
2410 19
2411 14
2412 15
2413 11
2414 14
2415 10
2416 10
2417 16
2418 13
2419 13
2420 4
2421 11
2422 12
2423 10
2424 13
2425 10
2426 16
2427 13
2428 7
2429 13
2430 14
2431 17
2432 9
2433 12
2434 13
2435 9
2436 14
2437 8
2438 8
2439 11
2440 12
2441 13
2442 11
2443 9
2444 12
2445 9
2446 11
2447 9
2448 12
2449 13
2450 9
2451 16
2452 14
2453 12
2454 11
2455 16
2456 15
2457 11
2458 11
2459 14
2460 9
2461 16
2462 17
2463 12
2464 12
2465 9
2466 17
2467 12
2468 16
2469 17
2470 9
2471 13
2472 7
2473 12
2474 13
2475 16
2476 10
2477 13
2478 13
2479 15
2480 6
2481 9
2482 14
2483 15
2484 13
2485 17
2486 20
2487 13
2488 15
2489 7
2490 11
2491 15
2492 14
2493 10
2494 6
2495 14
2496 11
2497 8
2498 12
2499 7
2500 6
2501 12
2502 9
2503 12
2504 16
2505 16
2506 10
2507 7
2508 12
2509 8
2510 24
2511 19
2512 16
2513 33
2514 26
2515 19
2516 17
2517 20
2518 24
2519 29
2520 15
2521 27
2522 25
2523 30
2524 29
2525 33
2526 40
2527 43
2528 36
2529 41
2530 53
2531 55
2532 48
2533 54
2534 61
2535 74
2536 56
2537 45
2538 41
2539 33
2540 40
2541 45
2542 51
2543 44
2544 46
2545 51
2546 47
2547 50
2548 56
2549 52
2550 41
2551 57
2552 40
2553 30
2554 28
2555 24
2556 32
2557 19
2558 21
2559 24
