0 39
1 29
2 27
3 30
4 29
5 25
6 52
7 29
8 42
9 43
10 31
11 40
12 40
13 35
14 43
15 36
16 33
17 32
18 30
19 25
20 27
21 36
22 42
23 33
24 28
25 28
26 32
27 32
28 39
29 37
30 25
31 31
32 47
33 43
34 33
35 38
36 33
37 33
38 29
39 39
40 39
41 32
42 36
43 36
44 26
45 43
46 44
47 31
48 41
49 32
50 39
51 28
52 27
53 22
54 36
55 34
56 28
57 37
58 33
59 37
60 25
61 29
62 30
63 31
64 48
65 50
66 27
67 43
68 34
69 36
70 28
71 37
72 27
73 28
74 32
75 30
76 42
77 38
78 31
79 32
80 37
81 36
82 32
83 36
84 40
85 30
86 38
87 37
88 26
89 28
90 34
91 45
92 40
93 30
94 32
95 31
96 33
97 34
98 30
99 35
100 23
101 37
102 53
103 51
104 43
105 35
106 50
107 32
108 37
109 42
110 28
111 32
112 32
113 36
114 45
115 32
116 37
117 38
118 43
119 36
120 34
121 38
122 30
123 34
124 32
125 41
126 30
127 38
128 41
129 39
130 33
131 33
132 32
133 39
134 32
135 37
136 33
137 34
138 30
139 28
140 39
141 36
142 43
143 34
144 43
145 32
146 27
147 42
148 43
149 39
150 40
151 21
152 30
153 24
154 30
155 42
156 35
157 35
158 41
159 39
160 23
161 25
162 20
163 43
164 32
165 34
166 37
167 26
168 38
169 41
170 30
171 44
172 37
173 37
174 38
175 45
176 38
177 41
178 44
179 28
180 34
181 49
182 44
183 40
184 36
185 38
186 40
187 46
188 27
189 34
190 33
191 33
192 38
193 37
194 28
195 37
196 35
197 47
198 49
199 39
200 42
201 38
202 34
203 40
204 44
205 43
206 50
207 40
208 45
209 34
210 29
211 40
212 36
213 40
214 34
215 33
216 41
217 32
218 42
219 31
220 45
221 28
222 46
223 36
224 31
225 45
226 31
227 41
228 25
229 34
230 38
231 28
232 41
233 34
234 42
235 38
236 43
237 45
238 42
239 45
240 46
241 31
242 31
243 27
244 35
245 36
246 28
247 39
248 39
249 34
250 26
251 31
252 50
253 42
254 36
255 27
256 34
257 38
258 38
259 34
260 49
261 40
262 40
263 42
264 56
265 54
266 49
267 50
268 54
269 54
270 38
271 36
272 39
273 41
274 39
275 29
276 31
277 43
278 31
279 42
280 40
281 39
282 33
283 47
284 42
285 43
286 32
287 46
288 33
289 41
290 50
291 45
292 46
293 36
294 37
295 36
296 28
297 38
298 42
299 34
300 52
301 38
302 46
303 49
304 44
305 35
306 44
307 40
308 28
309 35
310 44
311 41
312 52
313 36
314 40
315 48
316 44
317 43
318 44
319 42
320 47
321 48
322 53
323 41
324 39
325 41
326 35
327 39
328 52
329 55
330 48
331 47
332 38
333 42
334 38
335 41
336 24
337 44
338 34
339 33
340 40
341 36
342 41
343 34
344 39
345 43
346 43
347 33
348 44
349 38
350 31
351 44
352 57
353 34
354 49
355 34
356 51
357 44
358 55
359 44
360 46
361 47
362 39
363 34
364 35
365 25
366 38
367 35
368 35
369 35
370 35
371 42
372 43
373 32
374 41
375 40
376 44
377 38
378 35
379 52
380 41
381 38
382 47
383 35
384 40
385 48
386 46
387 45
388 37
389 49
390 40
391 32
392 34
393 41
394 31
395 49
396 36
397 49
398 45
399 36
400 60
401 36
402 59
403 43
404 46
405 43
406 38
407 40
408 37
409 37
410 49
411 41
412 33
413 43
414 34
415 29
416 43
417 39
418 42
419 45
420 41
421 41
422 57
423 45
424 39
425 40
426 55
427 45
428 34
429 37
430 44
431 34
432 30
433 50
434 40
435 39
436 42
437 42
438 39
439 40
440 44
441 45
442 39
443 50
444 40
445 34
446 39
447 50
448 41
449 43
450 35
451 46
452 37
453 38
454 48
455 62
456 36
457 39
458 47
459 46
460 34
461 36
462 33
463 35
464 51
465 39
466 43
467 43
468 50
469 52
470 44
471 49
472 47
473 43
474 46
475 33
476 34
477 47
478 52
479 46
480 40
481 32
482 46
483 40
484 49
485 50
486 48
487 47
488 52
489 62
490 48
491 57
492 68
493 54
494 61
495 67
496 61
497 82
498 74
499 84
500 72
501 71
502 63
503 71
504 72
505 87
506 90
507 109
508 130
509 102
510 83
511 112
512 130
513 147
514 113
515 109
516 87
517 95
518 86
519 73
520 75
521 48
522 46
523 50
524 47
525 47
526 46
527 42
528 47
529 54
530 40
531 50
532 45
533 53
534 38
535 43
536 39
537 35
538 54
539 59
540 41
541 45
542 40
543 39
544 42
545 38
546 49
547 48
548 44
549 29
550 37
551 42
552 36
553 26
554 57
555 40
556 47
557 40
558 43
559 55
560 42
561 52
562 40
563 40
564 39
565 32
566 50
567 50
568 40
569 36
570 30
571 51
572 51
573 42
574 41
575 51
576 39
577 52
578 46
579 34
580 38
581 49
582 40
583 42
584 38
585 35
586 45
587 40
588 45
589 36
590 41
591 45
592 32
593 37
594 41
595 43
596 38
597 35
598 52
599 46
600 44
601 51
602 49
603 31
604 46
605 42
606 32
607 35
608 60
609 51
610 55
611 47
612 39
613 34
614 49
615 48
616 46
617 34
618 35
619 43
620 44
621 46
622 42
623 37
624 36
625 35
626 48
627 42
628 43
629 51
630 32
631 36
632 41
633 51
634 39
635 36
636 49
637 43
638 38
639 36
640 35
641 52
642 41
643 34
644 40
645 34
646 53
647 62
648 36
649 39
650 42
651 45
652 44
653 37
654 57
655 50
656 28
657 41
658 42
659 45
660 43
661 36
662 33
663 34
664 29
665 35
666 43
667 43
668 47
669 46
670 50
671 55
672 32
673 42
674 43
675 33
676 48
677 43
678 42
679 40
680 41
681 36
682 37
683 40
684 31
685 34
686 39
687 44
688 34
689 38
690 38
691 41
692 48
693 26
694 51
695 41
696 48
697 41
698 52
699 34
700 38
701 51
702 35
703 33
704 39
705 22
706 48
707 40
708 38
709 28
710 32
711 28
712 58
713 37
714 49
715 40
716 50
717 41
718 43
719 46
720 42
721 43
722 42
723 47
724 40
725 35
726 42
727 43
728 30
729 41
730 60
731 37
732 34
733 32
734 37
735 38
736 43
737 46
738 29
739 45
740 38
741 40
742 39
743 45
744 39
745 34
746 50
747 38
748 38
749 31
750 36
751 37
752 37
753 32
754 39
755 38
756 45
757 27
758 47
759 36
760 36
761 33
762 36
763 40
764 33
765 43
766 36
767 45
768 38
769 44
770 37
771 32
772 33
773 47
774 59
775 39
776 38
777 43
778 43
779 36
780 31
781 42
782 37
783 38
784 39
785 36
786 40
787 27
788 32
789 36
790 36
791 47
792 39
793 33
794 27
795 45
796 37
797 29
798 41
799 41
800 51
801 39
802 31
803 37
804 29
805 38
806 25
807 42
808 39
809 34
810 40
811 35
812 39
813 48
814 44
815 52
816 44
817 41
818 38
819 38
820 29
821 29
822 41
823 36
824 51
825 33
826 41
827 34
828 38
829 31
830 39
831 46
832 47
833 40
834 37
835 50
836 33
837 49
838 29
839 33
840 44
841 46
842 48
843 50
844 45
845 47
846 48
847 48
848 38
849 38
850 48
851 42
852 37
853 45
854 31
855 22
856 37
857 33
858 35
859 26
860 34
861 25
862 45
863 40
864 36
865 32
866 42
867 37
868 41
869 41
870 36
871 33
872 26
873 32
874 32
875 36
876 33
877 45
878 38
879 31
880 39
881 33
882 38
883 20
884 40
885 25
886 36
887 34
888 27
889 32
890 32
891 37
892 28
893 40
894 34
895 36
896 50
897 37
898 36
899 33
900 41
901 36
902 44
903 29
904 39
905 40
906 29
907 24
908 28
909 36
910 26
911 38
912 28
913 36
914 28
915 34
916 42
917 36
918 32
919 39
920 32
921 26
922 39
923 34
924 29
925 29
926 46
927 44
928 35
929 46
930 49
931 37
932 35
933 35
934 44
935 40
936 39
937 33
938 39
939 38
940 36
941 31
942 40
943 21
944 41
945 29
946 28
947 32
948 36
949 41
950 37
951 43
952 40
953 34
954 27
955 41
956 46
957 26
958 45
959 28
960 40
961 37
962 44
963 34
964 38
965 34
966 33
967 40
968 36
969 44
970 39
971 39
972 35
973 45
974 41
975 36
976 39
977 35
978 30
979 29
980 38
981 41
982 33
983 45
984 30
985 47
986 32
987 34
988 35
989 41
990 43
991 35
992 45
993 49
994 55
995 52
996 59
997 59
998 52
999 61
1000 58
1001 60
1002 61
1003 70
1004 63
1005 108
1006 129
1007 145
1008 134
1009 154
1010 200
1011 217
1012 223
1013 292
1014 360
1015 398
1016 430
1017 441
1018 426
1019 491
1020 439
1021 445
1022 394
1023 387
1024 393
1025 425
1026 508
1027 446
1028 323
1029 259
1030 219
1031 152
1032 113
1033 92
1034 49
1035 53
1036 40
1037 37
1038 45
1039 44
1040 35
1041 33
1042 46
1043 40
1044 36
1045 41
1046 45
1047 28
1048 38
1049 32
1050 40
1051 31
1052 36
1053 36
1054 46
1055 29
1056 37
1057 27
1058 37
1059 30
1060 40
1061 46
1062 49
1063 52
1064 31
1065 37
1066 41
1067 35
1068 33
1069 29
1070 34
1071 34
1072 30
1073 47
1074 34
1075 32
1076 25
1077 24
1078 36
1079 44
1080 35
1081 26
1082 26
1083 30
1084 36
1085 28
1086 40
1087 36
1088 35
1089 44
1090 37
1091 41
1092 37
1093 38
1094 34
1095 34
1096 27
1097 49
1098 39
1099 35
1100 32
1101 35
1102 36
1103 34
1104 38
1105 33
1106 39
1107 36
1108 36
1109 32
1110 32
1111 37
1112 32
1113 37
1114 38
1115 33
1116 31
1117 35
1118 21
1119 39
1120 42
1121 38
1122 36
1123 28
1124 32
1125 35
1126 31
1127 28
1128 39
1129 36
1130 29
1131 33
1132 41
1133 40
1134 36
1135 37
1136 25
1137 37
1138 33
1139 42
1140 45
1141 35
1142 44
1143 43
1144 38
1145 44
1146 37
1147 46
1148 44
1149 45
1150 58
1151 68
1152 68
1153 68
1154 76
1155 79
1156 63
1157 71
1158 74
1159 60
1160 57
1161 69
1162 71
1163 36
1164 50
1165 31
1166 33
1167 30
1168 25
1169 36
1170 30
1171 24
1172 32
1173 39
1174 35
1175 31
1176 34
1177 38
1178 30
1179 43
1180 20
1181 33
1182 36
1183 39
1184 29
1185 30
1186 33
1187 24
1188 30
1189 37
1190 37
1191 27
1192 26
1193 28
1194 38
1195 34
1196 37
1197 42
1198 31
1199 26
1200 35
1201 44
1202 25
1203 38
1204 32
1205 37
1206 29
1207 21
1208 33
1209 31
1210 42
1211 26
1212 35
1213 22
1214 26
1215 42
1216 31
1217 24
1218 23
1219 25
1220 30
1221 23
1222 44
1223 44
1224 34
1225 29
1226 27
1227 34
1228 40
1229 30
1230 24
1231 28
1232 39
1233 28
1234 27
1235 35
1236 25
1237 22
1238 29
1239 28
1240 29
1241 31
1242 27
1243 28
1244 42
1245 34
1246 29
1247 21
1248 45
1249 45
1250 38
1251 28
1252 27
1253 28
1254 29
1255 33
1256 36
1257 30
1258 31
1259 33
1260 31
1261 32
1262 23
1263 28
1264 28
1265 23
1266 29
1267 22
1268 24
1269 21
1270 26
1271 24
1272 20
1273 21
1274 22
1275 12
1276 13
1277 20
1278 19
1279 21
1280 48
1281 39
1282 39
1283 36
1284 37
1285 61
1286 56
1287 76
1288 90
1289 95
1290 106
1291 129
1292 118
1293 129
1294 153
1295 198
1296 185
1297 166
1298 173
1299 162
1300 165
1301 180
1302 208
1303 257
1304 230
1305 210
1306 212
1307 216
1308 201
1309 122
1310 85
1311 85
1312 86
1313 77
1314 65
1315 51
1316 53
1317 39
1318 44
1319 32
1320 31
1321 25
1322 30
1323 24
1324 33
1325 22
1326 30
1327 23
1328 34
1329 25
1330 27
1331 22
1332 27
1333 19
1334 29
1335 27
1336 26
1337 20
1338 19
1339 26
1340 27
1341 23
1342 25
1343 20
1344 20
1345 30
1346 31
1347 25
1348 26
1349 22
1350 14
1351 20
1352 18
1353 22
1354 17
1355 23
1356 22
1357 23
1358 20
1359 18
1360 25
1361 23
1362 23
1363 26
1364 25
1365 26
1366 23
1367 22
1368 30
1369 21
1370 25
1371 31
1372 25
1373 25
1374 23
1375 24
1376 22
1377 20
1378 23
1379 25
1380 23
1381 27
1382 27
1383 18
1384 24
1385 30
1386 24
1387 24
1388 27
1389 27
1390 22
1391 31
1392 21
1393 27
1394 25
1395 18
1396 22
1397 19
1398 22
1399 29
1400 28
1401 30
1402 15
1403 10
1404 19
1405 31
1406 24
1407 27
1408 15
1409 33
1410 20
1411 20
1412 16
1413 27
1414 21
1415 31
1416 24
1417 23
1418 25
1419 23
1420 18
1421 24
1422 13
1423 31
1424 35
1425 19
1426 22
1427 20
1428 23
1429 24
1430 22
1431 23
1432 30
1433 27
1434 30
1435 24
1436 22
1437 20
1438 20
1439 16
1440 23
1441 34
1442 18
1443 20
1444 24
1445 20
1446 25
1447 25
1448 25
1449 31
1450 22
1451 19
1452 21
1453 20
1454 20
1455 26
1456 22
1457 21
1458 27
1459 15
1460 16
1461 25
1462 14
1463 24
1464 21
1465 26
1466 23
1467 23
1468 23
1469 27
1470 21
1471 19
1472 24
1473 30
1474 16
1475 17
1476 23
1477 31
1478 27
1479 14
1480 23
1481 27
1482 23
1483 23
1484 20
1485 19
1486 19
1487 11
1488 25
1489 20
1490 29
1491 21
1492 18
1493 18
1494 19
1495 21
1496 14
1497 15
1498 20
1499 23
1500 10
1501 23
1502 25
1503 26
1504 22
1505 23
1506 22
1507 30
1508 27
1509 20
1510 27
1511 20
1512 16
1513 22
1514 25
1515 27
1516 21
1517 29
1518 16
1519 16
1520 21
1521 33
1522 23
1523 18
1524 18
1525 23
1526 22
1527 25
1528 28
1529 28
1530 23
1531 22
1532 21
1533 21
1534 14
1535 26
1536 13
1537 19
1538 21
1539 23
1540 19
1541 20
1542 15
1543 28
1544 22
1545 18
1546 27
1547 20
1548 17
1549 24
1550 25
1551 22
1552 20
1553 26
1554 23
1555 16
1556 19
1557 21
1558 29
1559 22
1560 25
1561 28
1562 21
1563 17
1564 32
1565 22
1566 17
1567 25
1568 21
1569 8
1570 21
1571 18
1572 21
1573 25
1574 30
1575 18
1576 17
1577 19
1578 23
1579 16
1580 17
1581 17
1582 22
1583 25
1584 20
1585 25
1586 22
1587 19
1588 17
1589 17
1590 19
1591 14
1592 22
1593 17
1594 21
1595 29
1596 22
1597 27
1598 17
1599 20
1600 17
1601 22
1602 21
1603 21
1604 17
1605 18
1606 17
1607 18
1608 22
1609 18
1610 18
1611 22
1612 26
1613 21
1614 18
1615 29
1616 21
1617 21
1618 27
1619 23
1620 19
1621 32
1622 18
1623 19
1624 19
1625 18
1626 19
1627 19
1628 16
1629 19
1630 18
1631 22
1632 19
1633 15
1634 22
1635 19
1636 34
1637 22
1638 20
1639 14
1640 17
1641 14
1642 22
1643 17
1644 23
1645 21
1646 17
1647 16
1648 19
1649 25
1650 16
1651 16
1652 22
1653 25
1654 14
1655 19
1656 17
1657 20
1658 19
1659 18
1660 21
1661 16
1662 21
1663 21
1664 12
1665 20
1666 18
1667 13
1668 22
1669 23
1670 13
1671 20
1672 24
1673 18
1674 18
1675 18
1676 24
1677 17
1678 21
1679 22
1680 12
1681 22
1682 18
1683 27
1684 23
1685 23
1686 17
1687 26
1688 28
1689 24
1690 25
1691 17
1692 20
1693 23
1694 17
1695 19
1696 13
1697 20
1698 20
1699 15
1700 21
1701 22
1702 21
1703 30
1704 24
1705 23
1706 27
1707 26
1708 21
1709 18
1710 20
1711 28
1712 22
1713 19
1714 16
1715 18
1716 22
1717 31
1718 19
1719 17
1720 17
1721 14
1722 25
1723 18
1724 22
1725 21
1726 20
1727 16
1728 23
1729 20
1730 18
1731 24
1732 20
1733 36
1734 43
1735 38
1736 44
1737 45
1738 38
1739 32
1740 28
1741 42
1742 61
1743 74
1744 85
1745 61
1746 49
1747 46
1748 55
1749 69
1750 101
1751 101
1752 93
1753 97
1754 108
1755 105
1756 151
1757 143
1758 121
1759 135
1760 104
1761 105
1762 81
1763 73
1764 57
1765 65
1766 61
1767 74
1768 55
1769 50
1770 48
1771 28
1772 32
1773 21
1774 21
1775 27
1776 27
1777 30
1778 22
1779 17
1780 19
1781 19
1782 21
1783 15
1784 17
1785 20
1786 32
1787 14
1788 20
1789 16
1790 16
1791 14
1792 20
1793 30
1794 22
1795 21
1796 15
1797 20
1798 27
1799 13
1800 17
1801 19
1802 15
1803 21
1804 14
1805 16
1806 24
1807 20
1808 18
1809 17
1810 19
1811 18
1812 12
1813 21
1814 17
1815 22
1816 14
1817 18
1818 17
1819 25
1820 20
1821 17
1822 16
1823 20
1824 32
1825 16
1826 17
1827 21
1828 18
1829 20
1830 12
1831 17
1832 20
1833 23
1834 17
1835 15
1836 13
1837 14
1838 20
1839 21
1840 25
1841 16
1842 12
1843 7
1844 23
1845 24
1846 22
1847 14
1848 21
1849 13
1850 17
1851 24
1852 12
1853 14
1854 15
1855 20
1856 16
1857 14
1858 15
1859 9
1860 18
1861 16
1862 19
1863 18
1864 23
1865 16
1866 18
1867 16
1868 22
1869 20
1870 17
1871 22
1872 15
1873 21
1874 23
1875 20
1876 21
1877 25
1878 29
1879 20
1880 17
1881 17
1882 12
1883 18
1884 22
1885 17
1886 20
1887 19
1888 20
1889 14
1890 22
1891 7
1892 14
1893 18
1894 16
1895 16
1896 15
1897 22
1898 20
1899 23
1900 17
1901 21
1902 17
1903 23
1904 14
1905 21
1906 16
1907 18
1908 18
1909 16
1910 17
1911 17
1912 17
1913 19
1914 22
1915 11
1916 14
1917 19
1918 20
1919 25
1920 12
1921 25
1922 19
1923 18
1924 14
1925 20
1926 28
1927 26
1928 20
1929 20
1930 17
1931 19
1932 24
1933 9
1934 30
1935 15
1936 18
1937 14
1938 29
1939 26
1940 16
1941 20
1942 20
1943 16
1944 17
1945 17
1946 17
1947 21
1948 15
1949 16
1950 19
1951 21
1952 25
1953 14
1954 15
1955 18
1956 21
1957 19
1958 19
1959 15
1960 18
1961 18
1962 16
1963 21
1964 28
1965 27
1966 17
1967 21
1968 26
1969 11
1970 25
1971 21
1972 22
1973 23
1974 25
1975 26
1976 27
1977 30
1978 29
1979 37
1980 30
1981 40
1982 44
1983 43
1984 40
1985 44
1986 51
1987 62
1988 81
1989 80
1990 90
1991 94
1992 96
1993 103
1994 108
1995 114
1996 147
1997 177
1998 231
1999 216
2000 247
2001 276
2002 306
2003 385
2004 340
2005 322
2006 344
2007 323
2008 362
2009 402
2010 394
2011 358
2012 361
2013 392
2014 331
2015 271
2016 256
2017 222
2018 300
2019 242
2020 218
2021 151
2022 159
2023 155
2024 120
2025 88
2026 79
2027 70
2028 52
2029 52
2030 54
2031 38
2032 20
2033 22
2034 25
2035 21
2036 29
2037 22
2038 19
2039 15
2040 19
2041 18
2042 20
2043 13
2044 21
2045 15
2046 22
2047 16
2048 15
2049 21
2050 15
2051 11
2052 12
2053 16
2054 18
2055 17
2056 18
2057 25
2058 12
2059 28
2060 22
2061 17
2062 23
2063 20
2064 15
2065 15
2066 17
2067 16
2068 20
2069 18
2070 23
2071 12
2072 12
2073 19
2074 14
2075 14
2076 18
2077 24
2078 21
2079 14
2080 18
2081 23
2082 9
2083 17
2084 15
2085 14
2086 15
2087 10
2088 11
2089 11
2090 19
2091 9
2092 20
2093 15
2094 16
2095 14
2096 12
2097 19
2098 18
2099 12
2100 9
2101 18
2102 15
2103 16
2104 12
2105 19
2106 12
2107 13
2108 21
2109 17
2110 19
2111 10
2112 19
2113 13
2114 15
2115 29
2116 18
2117 14
2118 20
2119 23
2120 20
2121 16
2122 22
2123 17
2124 15
2125 10
2126 14
2127 20
2128 21
2129 18
2130 12
2131 23
2132 21
2133 19
2134 21
2135 19
2136 10
2137 27
2138 17
2139 17
2140 16
2141 16
2142 17
2143 20
2144 15
2145 15
2146 20
2147 12
2148 18
2149 9
2150 9
2151 16
2152 12
2153 13
2154 14
2155 17
2156 14
2157 18
2158 16
2159 23
2160 26
2161 15
2162 13
2163 18
2164 17
2165 14
2166 16
2167 17
2168 12
2169 15
2170 22
2171 15
2172 22
2173 17
2174 14
2175 15
2176 16
2177 13
2178 14
2179 14
2180 21
2181 21
2182 21
2183 21
2184 21
2185 19
2186 18
2187 36
2188 31
2189 29
2190 34
2191 22
2192 27
2193 29
2194 45
2195 48
2196 62
2197 42
2198 66
2199 57
2200 70
2201 69
2202 68
2203 65
2204 71
2205 100
2206 90
2207 97
2208 102
2209 116
2210 122
2211 107
2212 113
2213 104
2214 93
2215 67
2216 67
2217 72
2218 64
2219 63
2220 54
2221 35
2222 40
2223 46
2224 42
2225 26
2226 27
2227 25
2228 31
2229 23
2230 27
2231 21
2232 14
2233 21
2234 18
2235 16
2236 10
2237 18
2238 17
2239 17
2240 9
2241 18
2242 15
2243 12
2244 16
2245 18
2246 21
2247 12
2248 22
2249 15
2250 16
2251 21
2252 19
2253 14
2254 14
2255 16
2256 14
2257 16
2258 16
2259 13
2260 10
2261 15
2262 13
2263 12
2264 13
2265 13
2266 14
2267 11
2268 13
2269 12
2270 13
2271 15
2272 18
2273 9
2274 17
2275 13
2276 10
2277 14
2278 10
2279 19
2280 12
2281 12
2282 13
2283 12
2284 16
2285 8
2286 16
2287 13
2288 20
2289 12
2290 18
2291 17
2292 12
2293 21
2294 15
2295 13
2296 15
2297 9
2298 15
2299 13
2300 16
2301 13
2302 15
2303 17
2304 19
2305 12
2306 13
2307 5
2308 10
2309 23
2310 10
2311 17
2312 14
2313 15
2314 18
2315 13
2316 12
2317 10
2318 12
2319 18
2320 13
2321 11
2322 8
2323 7
2324 11
2325 10
2326 11
2327 10
2328 16
2329 11
2330 6
2331 8
2332 13
2333 15
2334 15
2335 10
2336 12
2337 18
2338 14
2339 14
2340 17
2341 16
2342 10
2343 10
2344 12
2345 12
2346 8
2347 15
2348 11
2349 14
2350 17
2351 19
2352 16
2353 14
2354 14
2355 11
2356 15
2357 20
2358 11
2359 16
2360 16
2361 13
2362 15
2363 10
2364 5
2365 18
2366 15
2367 11
2368 13
2369 12
2370 12
2371 11
2372 10
2373 16
2374 12
2375 17
2376 14
2377 17
2378 16
2379 19
2380 9
2381 10
2382 8
2383 19
2384 15
2385 14
2386 9
2387 18
2388 12
2389 11
2390 8
2391 10
2392 11
2393 9
2394 17
2395 14
2396 18
2397 12
2398 19
2399 18
2400 13
2401 16
2402 9
2403 15
2404 16
2405 8
2406 6
2407 10
2408 10
2409 16
2410 14
2411 11
2412 10
2413 9
2414 10
2415 14
2416 19
2417 11
2418 13
2419 12
2420 13
2421 13
2422 9
2423 10
2424 8
2425 15
2426 9
2427 10
2428 13
2429 14
2430 14
2431 20
2432 12
2433 13
2434 15
2435 13
2436 16
2437 12
2438 12
2439 12
2440 13
2441 18
2442 16
2443 7
2444 15
2445 11
2446 6
2447 8
2448 16
2449 8
2450 7
2451 10
2452 11
2453 9
2454 10
2455 14
2456 8
2457 14
2458 12
2459 17
2460 17
2461 15
2462 13
2463 12
2464 17
2465 16
2466 17
2467 21
2468 10
2469 16
2470 19
2471 29
2472 21
2473 30
2474 21
2475 24
2476 32
2477 27
2478 33
2479 39
2480 45
2481 31
2482 33
2483 36
2484 42
2485 39
2486 44
2487 35
2488 47
2489 63
2490 73
2491 75
2492 64
2493 88
2494 94
2495 99
2496 82
2497 71
2498 55
2499 63
2500 64
2501 62
2502 43
2503 39
2504 56
2505 56
2506 43
2507 44
2508 65
2509 48
2510 39
2511 32
2512 25
2513 35
2514 23
2515 22
2516 25
2517 17
2518 24
2519 29
2520 17
2521 21
2522 12
2523 11
2524 12
2525 11
2526 11
2527 14
2528 11
2529 14
2530 10
2531 17
2532 14
2533 13
2534 14
2535 10
2536 15
2537 9
2538 15
2539 8
2540 8
2541 14
2542 14
2543 20
2544 13
2545 12
2546 6
2547 12
2548 7
2549 12
2550 9
2551 12
2552 6
2553 10
2554 8
2555 16
2556 12
2557 10
2558 10
2559 16
