0 40
1 33
2 26
3 28
4 28
5 28
6 23
7 20
8 31
9 34
10 23
11 24
12 31
13 23
14 23
15 27
16 29
17 19
18 21
19 26
20 31
21 25
22 21
23 24
24 37
25 26
26 31
27 36
28 28
29 31
30 26
31 23
32 28
33 26
34 42
35 25
36 24
37 18
38 23
39 26
40 33
41 34
42 23
43 31
44 22
45 22
46 39
47 16
48 26
49 32
50 32
51 26
52 24
53 27
54 34
55 32
56 37
57 23
58 25
59 25
60 34
61 31
62 21
63 26
64 25
65 30
66 26
67 28
68 31
69 34
70 28
71 22
72 26
73 25
74 19
75 28
76 22
77 28
78 24
79 33
80 29
81 31
82 22
83 26
84 32
85 24
86 23
87 30
88 20
89 25
90 27
91 36
92 27
93 26
94 38
95 38
96 32
97 30
98 29
99 25
100 27
101 29
102 20
103 27
104 40
105 17
106 35
107 31
108 32
109 33
110 36
111 33
112 24
113 29
114 22
115 29
116 26
117 26
118 28
119 32
120 24
121 35
122 28
123 28
124 31
125 36
126 31
127 37
128 26
129 23
130 32
131 25
132 27
133 43
134 27
135 29
136 26
137 34
138 18
139 29
140 46
141 38
142 33
143 25
144 26
145 37
146 29
147 33
148 20
149 31
150 26
151 24
152 33
153 35
154 26
155 31
156 33
157 29
158 26
159 24
160 32
161 27
162 30
163 26
164 22
165 28
166 28
167 30
168 25
169 26
170 22
171 24
172 30
173 31
174 34
175 30
176 32
177 25
178 25
179 26
180 32
181 27
182 23
183 30
184 29
185 31
186 23
187 32
188 41
189 43
190 28
191 32
192 33
193 27
194 28
195 33
196 20
197 26
198 38
199 26
200 30
201 32
202 27
203 25
204 37
205 22
206 18
207 28
208 37
209 34
210 35
211 34
212 42
213 25
214 30
215 32
216 24
217 35
218 25
219 41
220 24
221 27
222 31
223 27
224 22
225 26
226 23
227 31
228 24
229 20
230 29
231 25
232 20
233 28
234 38
235 28
236 30
237 26
238 26
239 41
240 33
241 21
242 24
243 38
244 32
245 29
246 33
247 37
248 25
249 26
250 20
251 27
252 22
253 32
254 33
255 24
256 30
257 32
258 34
259 42
260 22
261 22
262 30
263 33
264 33
265 18
266 28
267 34
268 35
269 20
270 29
271 30
272 35
273 34
274 35
275 38
276 25
277 24
278 39
279 44
280 26
281 37
282 32
283 25
284 31
285 38
286 24
287 24
288 36
289 28
290 30
291 30
292 32
293 20
294 30
295 31
296 35
297 28
298 35
299 45
300 21
301 38
302 20
303 27
304 30
305 32
306 29
307 39
308 24
309 34
310 25
311 32
312 35
313 32
314 32
315 27
316 44
317 21
318 42
319 32
320 27
321 37
322 29
323 30
324 30
325 31
326 24
327 37
328 36
329 34
330 39
331 34
332 30
333 30
334 39
335 27
336 44
337 24
338 29
339 33
340 26
341 24
342 29
343 32
344 35
345 36
346 33
347 34
348 33
349 40
350 25
351 28
352 30
353 23
354 33
355 31
356 35
357 34
358 41
359 36
360 27
361 21
362 34
363 27
364 34
365 45
366 33
367 31
368 30
369 36
370 29
371 29
372 33
373 35
374 28
375 25
376 39
377 29
378 41
379 28
380 23
381 27
382 44
383 27
384 24
385 34
386 36
387 26
388 31
389 33
390 33
391 28
392 26
393 27
394 35
395 32
396 43
397 27
398 34
399 26
400 35
401 31
402 35
403 36
404 39
405 35
406 33
407 40
408 36
409 36
410 30
411 42
412 26
413 36
414 23
415 33
416 19
417 37
418 25
419 38
420 30
421 36
422 39
423 50
424 38
425 30
426 38
427 35
428 34
429 30
430 35
431 31
432 37
433 42
434 30
435 32
436 23
437 25
438 39
439 37
440 29
441 30
442 34
443 30
444 35
445 28
446 39
447 26
448 38
449 29
450 32
451 26
452 36
453 30
454 37
455 38
456 28
457 31
458 48
459 30
460 40
461 33
462 41
463 40
464 27
465 38
466 33
467 26
468 32
469 44
470 47
471 39
472 36
473 31
474 34
475 28
476 25
477 36
478 25
479 33
480 35
481 36
482 37
483 38
484 36
485 42
486 28
487 23
488 28
489 30
490 22
491 25
492 33
493 27
494 39
495 25
496 30
497 37
498 41
499 28
500 34
501 35
502 35
503 44
504 26
505 29
506 27
507 41
508 33
509 33
510 26
511 36
512 41
513 28
514 38
515 30
516 30
517 32
518 28
519 24
520 31
521 40
522 37
523 31
524 39
525 34
526 38
527 33
528 27
529 34
530 36
531 29
532 39
533 43
534 36
535 22
536 31
537 41
538 38
539 28
540 33
541 33
542 33
543 41
544 28
545 29
546 34
547 36
548 44
549 36
550 32
551 42
552 35
553 44
554 43
555 45
556 23
557 37
558 40
559 34
560 30
561 43
562 45
563 33
564 43
565 35
566 29
567 46
568 34
569 36
570 39
571 29
572 45
573 41
574 38
575 40
576 25
577 28
578 28
579 27
580 29
581 45
582 40
583 30
584 39
585 32
586 32
587 28
588 44
589 47
590 41
591 37
592 30
593 21
594 44
595 41
596 35
597 42
598 46
599 38
600 32
601 39
602 47
603 53
604 43
605 43
606 40
607 35
608 54
609 69
610 64
611 73
612 89
613 85
614 97
615 85
616 81
617 69
618 76
619 93
620 91
621 82
622 96
623 91
624 85
625 103
626 102
627 75
628 90
629 84
630 73
631 60
632 51
633 46
634 34
635 34
636 46
637 35
638 33
639 30
640 33
641 52
642 44
643 45
644 42
645 27
646 34
647 25
648 38
649 37
650 41
651 30
652 39
653 36
654 38
655 37
656 38
657 30
658 28
659 37
660 50
661 29
662 53
663 37
664 32
665 36
666 31
667 29
668 33
669 41
670 30
671 29
672 36
673 33
674 46
675 49
676 34
677 39
678 36
679 30
680 31
681 42
682 30
683 32
684 36
685 37
686 35
687 33
688 29
689 31
690 29
691 35
692 31
693 37
694 27
695 32
696 28
697 45
698 45
699 39
700 30
701 33
702 37
703 31
704 48
705 33
706 41
707 29
708 42
709 39
710 49
711 47
712 36
713 40
714 30
715 26
716 33
717 37
718 29
719 42
720 27
721 43
722 38
723 31
724 34
725 26
726 35
727 33
728 23
729 26
730 28
731 33
732 46
733 32
734 40
735 40
736 39
737 35
738 31
739 34
740 25
741 36
742 39
743 44
744 25
745 31
746 35
747 36
748 34
749 39
750 27
751 28
752 34
753 32
754 36
755 32
756 36
757 27
758 24
759 29
760 35
761 38
762 26
763 34
764 30
765 27
766 35
767 33
768 23
769 27
770 34
771 35
772 44
773 29
774 34
775 39
776 43
777 26
778 35
779 36
780 32
781 33
782 36
783 38
784 29
785 26
786 30
787 31
788 38
789 35
790 37
791 34
792 33
793 43
794 31
795 30
796 33
797 30
798 37
799 34
800 36
801 45
802 34
803 31
804 36
805 31
806 41
807 36
808 40
809 32
810 43
811 31
812 33
813 32
814 35
815 33
816 38
817 39
818 33
819 30
820 32
821 30
822 41
823 33
824 27
825 33
826 29
827 29
828 26
829 28
830 40
831 31
832 41
833 35
834 36
835 30
836 30
837 25
838 45
839 26
840 39
841 34
842 32
843 38
844 34
845 34
846 31
847 34
848 36
849 28
850 37
851 44
852 32
853 30
854 31
855 30
856 39
857 32
858 38
859 46
860 35
861 33
862 23
863 39
864 36
865 33
866 33
867 29
868 33
869 30
870 35
871 30
872 27
873 35
874 31
875 31
876 27
877 32
878 33
879 33
880 35
881 39
882 36
883 36
884 48
885 35
886 23
887 31
888 25
889 35
890 35
891 34
892 28
893 30
894 33
895 42
896 33
897 30
898 43
899 34
900 21
901 37
902 18
903 32
904 22
905 34
906 20
907 30
908 44
909 29
910 36
911 32
912 30
913 25
914 28
915 35
916 31
917 34
918 31
919 34
920 34
921 35
922 38
923 36
924 28
925 31
926 32
927 24
928 29
929 26
930 27
931 23
932 32
933 31
934 33
935 31
936 30
937 34
938 39
939 28
940 24
941 36
942 34
943 34
944 33
945 43
946 30
947 39
948 25
949 29
950 38
951 31
952 45
953 30
954 38
955 30
956 39
957 36
958 34
959 41
960 29
961 31
962 37
963 32
964 35
965 30
966 24
967 28
968 32
969 36
970 36
971 36
972 35
973 47
974 37
975 30
976 38
977 25
978 35
979 36
980 34
981 25
982 34
983 33
984 33
985 25
986 37
987 32
988 38
989 27
990 31
991 19
992 37
993 32
994 29
995 32
996 37
997 32
998 33
999 46
1000 24
1001 45
1002 27
1003 32
1004 27
1005 31
1006 34
1007 25
1008 31
1009 22
1010 28
1011 28
1012 28
1013 23
1014 38
1015 19
1016 39
1017 30
1018 31
1019 28
1020 30
1021 37
1022 22
1023 35
1024 26
1025 25
1026 30
1027 28
1028 30
1029 20
1030 32
1031 23
1032 25
1033 26
1034 19
1035 31
1036 26
1037 30
1038 35
1039 29
1040 39
1041 24
1042 33
1043 30
1044 36
1045 38
1046 34
1047 26
1048 27
1049 44
1050 33
1051 37
1052 33
1053 23
1054 38
1055 24
1056 29
1057 35
1058 34
1059 31
1060 29
1061 33
1062 30
1063 31
1064 20
1065 30
1066 30
1067 28
1068 26
1069 21
1070 30
1071 34
1072 28
1073 29
1074 37
1075 26
1076 33
1077 26
1078 25
1079 36
1080 23
1081 22
1082 32
1083 43
1084 35
1085 23
1086 25
1087 30
1088 22
1089 30
1090 38
1091 20
1092 31
1093 33
1094 31
1095 34
1096 26
1097 38
1098 33
1099 35
1100 28
1101 36
1102 28
1103 37
1104 23
1105 31
1106 28
1107 27
1108 40
1109 37
1110 30
1111 44
1112 32
1113 33
1114 30
1115 37
1116 19
1117 33
1118 37
1119 41
1120 25
1121 21
1122 33
1123 29
1124 20
1125 38
1126 32
1127 31
1128 36
1129 32
1130 37
1131 39
1132 29
1133 30
1134 31
1135 25
1136 34
1137 29
1138 43
1139 53
1140 37
1141 54
1142 54
1143 54
1144 72
1145 67
1146 79
1147 113
1148 128
1149 166
1150 164
1151 207
1152 261
1153 280
1154 279
1155 329
1156 388
1157 433
1158 492
1159 490
1160 436
1161 478
1162 437
1163 416
1164 497
1165 475
1166 424
1167 343
1168 282
1169 235
1170 217
1171 111
1172 86
1173 56
1174 44
1175 51
1176 37
1177 42
1178 34
1179 33
1180 38
1181 26
1182 31
1183 24
1184 33
1185 36
1186 35
1187 37
1188 36
1189 31
1190 28
1191 21
1192 20
1193 28
1194 22
1195 27
1196 27
1197 37
1198 26
1199 23
1200 36
1201 29
1202 24
1203 33
1204 37
1205 38
1206 38
1207 25
1208 23
1209 13
1210 26
1211 28
1212 25
1213 27
1214 25
1215 30
1216 22
1217 27
1218 33
1219 26
1220 28
1221 27
1222 23
1223 35
1224 28
1225 24
1226 26
1227 34
1228 25
1229 40
1230 31
1231 33
1232 39
1233 37
1234 21
1235 21
1236 20
1237 17
1238 32
1239 23
1240 33
1241 30
1242 29
1243 40
1244 29
1245 21
1246 40
1247 28
1248 23
1249 28
1250 20
1251 21
1252 34
1253 27
1254 31
1255 31
1256 24
1257 33
1258 33
1259 36
1260 27
1261 25
1262 33
1263 27
1264 28
1265 28
1266 25
1267 28
1268 27
1269 21
1270 23
1271 16
1272 12
1273 21
1274 23
1275 21
1276 22
1277 13
1278 16
1279 7
1280 28
1281 27
1282 20
1283 22
1284 17
1285 22
1286 22
1287 19
1288 23
1289 29
1290 19
1291 20
1292 26
1293 22
1294 24
1295 27
1296 17
1297 20
1298 20
1299 22
1300 19
1301 21
1302 27
1303 21
1304 23
1305 25
1306 18
1307 14
1308 22
1309 29
1310 24
1311 19
1312 22
1313 13
1314 16
1315 13
1316 22
1317 20
1318 22
1319 26
1320 29
1321 14
1322 18
1323 20
1324 29
1325 25
1326 14
1327 13
1328 26
1329 13
1330 28
1331 29
1332 26
1333 21
1334 23
1335 18
1336 29
1337 23
1338 19
1339 20
1340 19
1341 19
1342 22
1343 18
1344 18
1345 30
1346 23
1347 24
1348 27
1349 20
1350 16
1351 27
1352 11
1353 23
1354 21
1355 28
1356 22
1357 27
1358 20
1359 13
1360 18
1361 15
1362 26
1363 25
1364 24
1365 24
1366 29
1367 29
1368 27
1369 35
1370 29
1371 30
1372 28
1373 29
1374 49
1375 50
1376 45
1377 48
1378 58
1379 42
1380 62
1381 39
1382 30
1383 41
1384 40
1385 34
1386 33
1387 16
1388 28
1389 33
1390 30
1391 24
1392 20
1393 25
1394 21
1395 31
1396 40
1397 19
1398 24
1399 26
1400 25
1401 25
1402 28
1403 24
1404 29
1405 35
1406 20
1407 18
1408 22
1409 26
1410 21
1411 13
1412 26
1413 12
1414 14
1415 20
1416 13
1417 26
1418 20
1419 23
1420 20
1421 23
1422 18
1423 16
1424 15
1425 28
1426 22
1427 26
1428 19
1429 19
1430 15
1431 23
1432 26
1433 17
1434 24
1435 19
1436 22
1437 19
1438 16
1439 17
1440 18
1441 30
1442 17
1443 27
1444 25
1445 25
1446 30
1447 24
1448 27
1449 26
1450 27
1451 32
1452 46
1453 60
1454 45
1455 59
1456 55
1457 68
1458 98
1459 127
1460 166
1461 183
1462 242
1463 275
1464 334
1465 305
1466 275
1467 259
1468 223
1469 195
1470 165
1471 141
1472 150
1473 141
1474 88
1475 81
1476 66
1477 45
1478 47
1479 41
1480 38
1481 28
1482 32
1483 22
1484 25
1485 18
1486 17
1487 25
1488 21
1489 10
1490 22
1491 34
1492 25
1493 12
1494 20
1495 18
1496 14
1497 12
1498 19
1499 25
1500 20
1501 19
1502 15
1503 24
1504 24
1505 17
1506 21
1507 21
1508 23
1509 19
1510 10
1511 31
1512 24
1513 21
1514 20
1515 21
1516 17
1517 18
1518 21
1519 15
1520 20
1521 16
1522 16
1523 21
1524 21
1525 20
1526 13
1527 17
1528 24
1529 26
1530 25
1531 21
1532 21
1533 22
1534 23
1535 30
1536 20
1537 20
1538 14
1539 22
1540 19
1541 14
1542 23
1543 34
1544 23
1545 23
1546 22
1547 26
1548 16
1549 18
1550 20
1551 11
1552 26
1553 27
1554 13
1555 23
1556 20
1557 15
1558 22
1559 19
1560 12
1561 14
1562 22
1563 13
1564 13
1565 18
1566 11
1567 25
1568 20
1569 15
1570 25
1571 18
1572 21
1573 13
1574 21
1575 16
1576 14
1577 24
1578 23
1579 28
1580 15
1581 24
1582 24
1583 18
1584 20
1585 22
1586 18
1587 19
1588 13
1589 23
1590 16
1591 16
1592 22
1593 20
1594 18
1595 17
1596 22
1597 18
1598 15
1599 21
1600 20
1601 28
1602 21
1603 15
1604 22
1605 23
1606 13
1607 18
1608 7
1609 16
1610 20
1611 15
1612 20
1613 23
1614 16
1615 20
1616 20
1617 16
1618 24
1619 19
1620 21
1621 24
1622 17
1623 16
1624 19
1625 18
1626 18
1627 19
1628 24
1629 21
1630 22
1631 17
1632 20
1633 12
1634 25
1635 21
1636 16
1637 19
1638 23
1639 17
1640 15
1641 19
1642 18
1643 12
1644 24
1645 13
1646 18
1647 25
1648 20
1649 8
1650 16
1651 27
1652 14
1653 19
1654 14
1655 17
1656 23
1657 14
1658 18
1659 19
1660 17
1661 15
1662 11
1663 19
1664 12
1665 10
1666 16
1667 16
1668 14
1669 14
1670 24
1671 17
1672 17
1673 15
1674 13
1675 14
1676 19
1677 17
1678 16
1679 24
1680 16
1681 25
1682 17
1683 24
1684 12
1685 13
1686 20
1687 17
1688 16
1689 18
1690 9
1691 23
1692 18
1693 14
1694 12
1695 29
1696 26
1697 26
1698 11
1699 18
1700 22
1701 18
1702 21
1703 22
1704 14
1705 13
1706 21
1707 18
1708 14
1709 20
1710 26
1711 17
1712 24
1713 23
1714 18
1715 14
1716 17
1717 20
1718 19
1719 11
1720 16
1721 24
1722 18
1723 16
1724 14
1725 24
1726 27
1727 13
1728 13
1729 24
1730 23
1731 18
1732 21
1733 21
1734 18
1735 18
1736 16
1737 19
1738 16
1739 17
1740 22
1741 17
1742 14
1743 13
1744 16
1745 14
1746 14
1747 14
1748 22
1749 12
1750 11
1751 16
1752 13
1753 14
1754 24
1755 19
1756 16
1757 22
1758 13
1759 14
1760 18
1761 24
1762 11
1763 21
1764 14
1765 18
1766 18
1767 11
1768 19
1769 13
1770 15
1771 14
1772 18
1773 16
1774 23
1775 23
1776 26
1777 15
1778 14
1779 14
1780 20
1781 12
1782 12
1783 17
1784 20
1785 26
1786 21
1787 17
1788 19
1789 22
1790 19
1791 12
1792 14
1793 20
1794 22
1795 17
1796 14
1797 18
1798 20
1799 14
1800 24
1801 24
1802 14
1803 10
1804 23
1805 20
1806 13
1807 13
1808 13
1809 16
1810 12
1811 17
1812 14
1813 22
1814 17
1815 10
1816 14
1817 17
1818 21
1819 15
1820 18
1821 10
1822 16
1823 15
1824 15
1825 15
1826 29
1827 9
1828 17
1829 26
1830 19
1831 16
1832 20
1833 15
1834 14
1835 16
1836 6
1837 16
1838 14
1839 17
1840 19
1841 10
1842 15
1843 22
1844 23
1845 13
1846 14
1847 13
1848 15
1849 18
1850 14
1851 21
1852 27
1853 16
1854 17
1855 17
1856 13
1857 24
1858 19
1859 17
1860 8
1861 19
1862 14
1863 19
1864 15
1865 19
1866 18
1867 20
1868 23
1869 15
1870 13
1871 18
1872 16
1873 15
1874 14
1875 18
1876 15
1877 14
1878 22
1879 15
1880 17
1881 21
1882 19
1883 20
1884 17
1885 24
1886 22
1887 22
1888 21
1889 18
1890 25
1891 22
1892 21
1893 23
1894 16
1895 21
1896 21
1897 17
1898 27
1899 18
1900 21
1901 19
1902 13
1903 17
1904 20
1905 19
1906 23
1907 12
1908 14
1909 14
1910 15
1911 15
1912 18
1913 22
1914 21
1915 15
1916 12
1917 23
1918 27
1919 19
1920 22
1921 11
1922 23
1923 23
1924 23
1925 22
1926 25
1927 20
1928 20
1929 23
1930 20
1931 36
1932 27
1933 28
1934 50
1935 33
1936 38
1937 35
1938 47
1939 34
1940 68
1941 75
1942 108
1943 143
1944 142
1945 125
1946 140
1947 130
1948 115
1949 93
1950 78
1951 106
1952 115
1953 208
1954 253
1955 171
1956 156
1957 101
1958 113
1959 91
1960 85
1961 55
1962 50
1963 42
1964 24
1965 23
1966 27
1967 24
1968 27
1969 21
1970 19
1971 29
1972 9
1973 13
1974 20
1975 17
1976 12
1977 10
1978 11
1979 21
1980 13
1981 18
1982 21
1983 17
1984 12
1985 9
1986 14
1987 18
1988 17
1989 20
1990 16
1991 18
1992 16
1993 16
1994 14
1995 18
1996 8
1997 16
1998 15
1999 10
2000 16
2001 20
2002 17
2003 16
2004 11
2005 13
2006 17
2007 13
2008 9
2009 9
2010 15
2011 10
2012 20
2013 13
2014 11
2015 15
2016 22
2017 16
2018 17
2019 16
2020 12
2021 17
2022 13
2023 17
2024 17
2025 19
2026 12
2027 14
2028 14
2029 11
2030 9
2031 10
2032 19
2033 15
2034 16
2035 14
2036 12
2037 16
2038 17
2039 13
2040 24
2041 14
2042 8
2043 15
2044 16
2045 10
2046 13
2047 11
2048 16
2049 23
2050 20
2051 17
2052 12
2053 21
2054 19
2055 17
2056 13
2057 18
2058 23
2059 13
2060 20
2061 20
2062 17
2063 11
2064 15
2065 16
2066 16
2067 13
2068 14
2069 20
2070 24
2071 26
2072 16
2073 17
2074 10
2075 14
2076 13
2077 21
2078 18
2079 16
2080 17
2081 15
2082 16
2083 16
2084 17
2085 14
2086 11
2087 13
2088 12
2089 17
2090 16
2091 11
2092 13
2093 15
2094 17
2095 16
2096 15
2097 19
2098 16
2099 11
2100 10
2101 12
2102 15
2103 10
2104 17
2105 13
2106 15
2107 14
2108 16
2109 19
2110 11
2111 17
2112 13
2113 18
2114 13
2115 15
2116 19
2117 14
2118 18
2119 20
2120 9
2121 14
2122 13
2123 17
2124 19
2125 18
2126 21
2127 22
2128 20
2129 11
2130 11
2131 16
2132 19
2133 14
2134 15
2135 9
2136 12
2137 22
2138 16
2139 11
2140 13
2141 13
2142 22
2143 14
2144 7
2145 11
2146 17
2147 10
2148 12
2149 21
2150 19
2151 19
2152 17
2153 14
2154 19
2155 14
2156 17
2157 18
2158 14
2159 12
2160 17
2161 16
2162 18
2163 14
2164 17
2165 15
2166 19
2167 21
2168 19
2169 11
2170 13
2171 22
2172 19
2173 10
2174 11
2175 14
2176 16
2177 17
2178 14
2179 17
2180 12
2181 15
2182 22
2183 27
2184 22
2185 14
2186 21
2187 23
2188 22
2189 23
2190 24
2191 24
2192 26
2193 25
2194 35
2195 38
2196 57
2197 48
2198 62
2199 71
2200 76
2201 72
2202 86
2203 103
2204 133
2205 181
2206 213
2207 273
2208 282
2209 327
2210 379
2211 365
2212 458
2213 483
2214 519
2215 592
2216 505
2217 518
2218 412
2219 395
2220 364
2221 384
2222 356
2223 307
2224 230
2225 211
2226 185
2227 167
2228 128
2229 102
2230 84
2231 97
2232 74
2233 54
2234 41
2235 33
2236 29
2237 30
2238 35
2239 27
2240 23
2241 16
2242 18
2243 13
2244 19
2245 15
2246 24
2247 21
2248 20
2249 20
2250 14
2251 8
2252 13
2253 21
2254 17
2255 16
2256 9
2257 18
2258 13
2259 15
2260 10
2261 18
2262 12
2263 19
2264 20
2265 11
2266 11
2267 9
2268 13
2269 16
2270 16
2271 18
2272 13
2273 10
2274 6
2275 16
2276 16
2277 19
2278 13
2279 15
2280 12
2281 12
2282 16
2283 15
2284 15
2285 17
2286 18
2287 19
2288 14
2289 16
2290 17
2291 11
2292 14
2293 11
2294 14
2295 16
2296 24
2297 9
2298 14
2299 8
2300 17
2301 22
2302 16
2303 18
2304 11
2305 17
2306 14
2307 13
2308 22
2309 18
2310 7
2311 13
2312 8
2313 12
2314 10
2315 12
2316 11
2317 15
2318 15
2319 8
2320 13
2321 16
2322 15
2323 15
2324 18
2325 25
2326 10
2327 19
2328 11
2329 13
2330 10
2331 19
2332 20
2333 22
2334 17
2335 18
2336 19
2337 14
2338 15
2339 16
2340 10
2341 12
2342 12
2343 19
2344 14
2345 22
2346 18
2347 17
2348 13
2349 8
2350 15
2351 17
2352 16
2353 20
2354 20
2355 9
2356 12
2357 15
2358 14
2359 16
2360 10
2361 16
2362 21
2363 12
2364 10
2365 9
2366 14
2367 13
2368 9
2369 10
2370 13
2371 15
2372 15
2373 17
2374 12
2375 8
2376 12
2377 10
2378 12
2379 15
2380 11
2381 20
2382 15
2383 21
2384 9
2385 13
2386 16
2387 11
2388 19
2389 13
2390 21
2391 8
2392 13
2393 10
2394 11
2395 10
2396 15
2397 10
2398 14
2399 13
2400 21
2401 17
2402 20
2403 18
2404 12
2405 22
2406 12
2407 25
2408 25
2409 36
2410 37
2411 24
2412 31
2413 26
2414 23
2415 42
2416 50
2417 70
2418 71
2419 78
2420 90
2421 75
2422 70
2423 64
2424 73
2425 74
2426 73
2427 100
2428 104
2429 110
2430 89
2431 80
2432 80
2433 45
2434 53
2435 42
2436 48
2437 41
2438 61
2439 50
2440 52
2441 33
2442 20
2443 29
2444 30
2445 22
2446 24
2447 18
2448 14
2449 16
2450 6
2451 20
2452 9
2453 10
2454 11
2455 7
2456 16
2457 12
2458 14
2459 15
2460 12
2461 12
2462 13
2463 11
2464 11
2465 14
2466 13
2467 10
2468 11
2469 18
2470 9
2471 13
2472 11
2473 15
2474 8
2475 11
2476 11
2477 8
2478 19
2479 13
2480 10
2481 15
2482 10
2483 18
2484 8
2485 10
2486 20
2487 14
2488 11
2489 6
2490 12
2491 13
2492 10
2493 9
2494 8
2495 10
2496 13
2497 16
2498 14
2499 15
2500 16
2501 7
2502 15
2503 13
2504 8
2505 11
2506 7
2507 11
2508 10
2509 13
2510 12
2511 15
2512 10
2513 13
2514 17
2515 11
2516 12
2517 12
2518 13
2519 8
2520 8
2521 12
2522 11
2523 6
2524 13
2525 8
2526 8
2527 11
2528 11
2529 9
2530 10
2531 16
2532 7
2533 13
2534 15
2535 13
2536 7
2537 21
2538 11
2539 9
2540 6
2541 7
2542 12
2543 12
2544 9
2545 9
2546 12
2547 6
2548 10
2549 9
2550 8
2551 13
2552 10
2553 5
2554 10
2555 9
2556 8
2557 6
2558 18
2559 16
