0 40
1 24
2 32
3 38
4 31
5 40
6 32
7 37
8 29
9 31
10 38
11 39
12 28
13 29
14 35
15 38
16 41
17 36
18 27
19 34
20 26
21 24
22 38
23 34
24 23
25 32
26 34
27 30
28 38
29 39
30 30
31 30
32 9
33 33
34 30
35 37
36 40
37 34
38 37
39 36
40 39
41 30
42 28
43 44
44 30
45 38
46 30
47 35
48 40
49 26
50 35
51 22
52 29
53 47
54 44
55 39
56 45
57 47
58 36
59 30
60 30
61 28
62 32
63 27
64 45
65 24
66 23
67 30
68 38
69 30
70 28
71 41
72 22
73 39
74 28
75 27
76 29
77 27
78 33
79 36
80 28
81 37
82 36
83 35
84 34
85 33
86 28
87 30
88 30
89 27
90 31
91 36
92 39
93 36
94 38
95 42
96 30
97 28
98 42
99 36
100 41
101 32
102 43
103 45
104 30
105 25
106 42
107 36
108 32
109 24
110 42
111 30
112 36
113 34
114 40
115 32
116 31
117 31
118 35
119 28
120 29
121 37
122 28
123 35
124 29
125 29
126 39
127 28
128 34
129 30
130 36
131 26
132 28
133 39
134 34
135 47
136 27
137 39
138 34
139 27
140 35
141 31
142 38
143 37
144 23
145 36
146 40
147 35
148 34
149 35
150 33
151 26
152 41
153 25
154 46
155 28
156 40
157 46
158 39
159 26
160 38
161 34
162 38
163 32
164 32
165 36
166 36
167 22
168 38
169 34
170 31
171 34
172 36
173 34
174 30
175 35
176 37
177 40
178 32
179 36
180 31
181 29
182 31
183 44
184 50
185 43
186 43
187 27
188 28
189 43
190 34
191 37
192 38
193 33
194 35
195 32
196 29
197 43
198 36
199 35
200 45
201 50
202 31
203 34
204 44
205 34
206 33
207 36
208 31
209 34
210 39
211 30
212 43
213 32
214 23
215 27
216 35
217 41
218 34
219 38
220 48
221 37
222 19
223 26
224 34
225 38
226 37
227 44
228 43
229 38
230 43
231 32
232 37
233 37
234 28
235 33
236 37
237 37
238 36
239 50
240 33
241 48
242 34
243 30
244 40
245 36
246 35
247 36
248 36
249 42
250 45
251 45
252 34
253 30
254 41
255 43
256 34
257 32
258 29
259 53
260 47
261 48
262 38
263 47
264 52
265 38
266 30
267 45
268 42
269 34
270 33
271 39
272 37
273 39
274 36
275 31
276 38
277 43
278 41
279 44
280 40
281 35
282 40
283 41
284 38
285 36
286 21
287 26
288 43
289 35
290 32
291 34
292 35
293 44
294 35
295 36
296 40
297 33
298 49
299 35
300 42
301 37
302 38
303 34
304 41
305 32
306 41
307 33
308 41
309 41
310 44
311 46
312 39
313 45
314 37
315 35
316 44
317 40
318 52
319 25
320 49
321 49
322 45
323 45
324 33
325 40
326 36
327 56
328 45
329 43
330 33
331 39
332 38
333 34
334 29
335 41
336 42
337 38
338 40
339 43
340 47
341 41
342 38
343 43
344 27
345 53
346 29
347 54
348 39
349 31
350 40
351 35
352 41
353 33
354 37
355 35
356 40
357 28
358 41
359 31
360 24
361 39
362 34
363 44
364 32
365 37
366 45
367 43
368 32
369 38
370 40
371 36
372 50
373 46
374 27
375 32
376 34
377 34
378 35
379 39
380 32
381 40
382 44
383 30
384 39
385 42
386 30
387 36
388 44
389 37
390 32
391 38
392 30
393 37
394 34
395 37
396 37
397 39
398 40
399 48
400 39
401 33
402 39
403 32
404 34
405 55
406 38
407 41
408 46
409 34
410 42
411 42
412 34
413 35
414 39
415 39
416 35
417 42
418 38
419 40
420 41
421 36
422 48
423 40
424 39
425 52
426 48
427 37
428 51
429 38
430 56
431 38
432 41
433 41
434 30
435 49
436 36
437 50
438 43
439 36
440 36
441 40
442 34
443 38
444 45
445 34
446 36
447 45
448 41
449 38
450 48
451 42
452 34
453 42
454 39
455 51
456 41
457 35
458 37
459 49
460 33
461 43
462 34
463 37
464 37
465 41
466 45
467 36
468 52
469 41
470 32
471 42
472 35
473 42
474 46
475 40
476 29
477 41
478 38
479 45
480 51
481 47
482 35
483 38
484 53
485 41
486 32
487 43
488 32
489 46
490 42
491 42
492 40
493 40
494 45
495 40
496 42
497 40
498 47
499 62
500 44
501 52
502 45
503 52
504 34
505 50
506 43
507 50
508 63
509 84
510 56
511 63
512 53
513 70
514 57
515 56
516 78
517 68
518 84
519 66
520 68
521 66
522 86
523 83
524 75
525 80
526 70
527 90
528 75
529 99
530 107
531 75
532 114
533 135
534 101
535 110
536 75
537 62
538 64
539 58
540 56
541 48
542 32
543 32
544 45
545 46
546 49
547 36
548 28
549 43
550 39
551 40
552 45
553 43
554 37
555 43
556 43
557 44
558 47
559 50
560 50
561 38
562 34
563 43
564 42
565 43
566 42
567 40
568 45
569 37
570 39
571 56
572 45
573 41
574 47
575 37
576 40
577 35
578 32
579 30
580 45
581 43
582 31
583 50
584 34
585 35
586 43
587 46
588 38
589 43
590 33
591 54
592 40
593 43
594 41
595 52
596 43
597 33
598 35
599 41
600 27
601 31
602 49
603 34
604 35
605 36
606 43
607 32
608 41
609 49
610 43
611 44
612 39
613 36
614 40
615 39
616 32
617 41
618 42
619 46
620 45
621 39
622 32
623 32
624 33
625 37
626 36
627 39
628 41
629 46
630 36
631 50
632 37
633 40
634 37
635 47
636 36
637 30
638 36
639 35
640 42
641 40
642 39
643 36
644 32
645 36
646 43
647 47
648 34
649 37
650 36
651 49
652 41
653 53
654 38
655 38
656 45
657 39
658 36
659 48
660 42
661 43
662 42
663 46
664 44
665 29
666 40
667 39
668 38
669 40
670 41
671 37
672 45
673 36
674 34
675 35
676 52
677 30
678 50
679 55
680 38
681 28
682 41
683 42
684 30
685 38
686 40
687 42
688 36
689 37
690 52
691 42
692 46
693 32
694 49
695 51
696 56
697 34
698 49
699 35
700 32
701 36
702 49
703 31
704 42
705 51
706 40
707 45
708 48
709 35
710 52
711 38
712 45
713 46
714 31
715 41
716 38
717 39
718 48
719 31
720 34
721 43
722 35
723 38
724 36
725 45
726 40
727 45
728 49
729 39
730 46
731 47
732 48
733 33
734 39
735 41
736 44
737 40
738 32
739 40
740 43
741 36
742 57
743 41
744 37
745 39
746 37
747 35
748 38
749 42
750 37
751 38
752 38
753 53
754 39
755 37
756 19
757 34
758 38
759 43
760 38
761 41
762 35
763 37
764 46
765 38
766 40
767 39
768 32
769 34
770 36
771 31
772 32
773 42
774 44
775 42
776 37
777 30
778 44
779 40
780 41
781 35
782 24
783 37
784 35
785 32
786 47
787 45
788 44
789 41
790 39
791 30
792 28
793 38
794 35
795 38
796 35
797 21
798 32
799 40
800 24
801 39
802 34
803 28
804 39
805 33
806 36
807 44
808 32
809 47
810 44
811 27
812 36
813 43
814 29
815 21
816 45
817 37
818 33
819 46
820 46
821 45
822 43
823 33
824 45
825 44
826 33
827 34
828 32
829 35
830 30
831 36
832 33
833 36
834 27
835 32
836 31
837 36
838 26
839 42
840 38
841 34
842 45
843 40
844 43
845 38
846 33
847 37
848 43
849 39
850 40
851 25
852 41
853 27
854 41
855 40
856 42
857 49
858 49
859 46
860 47
861 42
862 41
863 41
864 46
865 46
866 45
867 40
868 39
869 37
870 31
871 32
872 34
873 30
874 26
875 28
876 33
877 34
878 34
879 41
880 33
881 29
882 28
883 36
884 37
885 37
886 26
887 30
888 30
889 36
890 29
891 41
892 34
893 37
894 35
895 22
896 38
897 37
898 34
899 38
900 52
901 34
902 37
903 31
904 51
905 35
906 42
907 43
908 36
909 32
910 34
911 33
912 44
913 36
914 39
915 38
916 34
917 41
918 39
919 34
920 40
921 36
922 37
923 44
924 40
925 32
926 31
927 37
928 24
929 20
930 26
931 36
932 20
933 31
934 25
935 41
936 47
937 33
938 44
939 28
940 34
941 43
942 29
943 41
944 37
945 32
946 33
947 24
948 37
949 28
950 37
951 27
952 39
953 33
954 27
955 31
956 36
957 40
958 46
959 28
960 31
961 38
962 33
963 42
964 32
965 38
966 37
967 35
968 38
969 34
970 26
971 31
972 25
973 29
974 42
975 33
976 31
977 34
978 38
979 38
980 24
981 43
982 39
983 38
984 39
985 20
986 33
987 29
988 34
989 27
990 42
991 37
992 29
993 30
994 44
995 36
996 36
997 40
998 30
999 32
1000 36
1001 39
1002 36
1003 28
1004 33
1005 38
1006 42
1007 41
1008 34
1009 41
1010 45
1011 41
1012 39
1013 37
1014 51
1015 41
1016 41
1017 41
1018 48
1019 68
1020 67
1021 70
1022 92
1023 63
1024 63
1025 93
1026 72
1027 76
1028 87
1029 106
1030 103
1031 122
1032 148
1033 189
1034 230
1035 318
1036 296
1037 355
1038 366
1039 323
1040 384
1041 394
1042 426
1043 542
1044 529
1045 469
1046 455
1047 413
1048 434
1049 393
1050 302
1051 249
1052 223
1053 181
1054 130
1055 87
1056 67
1057 61
1058 53
1059 45
1060 40
1061 48
1062 44
1063 43
1064 46
1065 44
1066 35
1067 34
1068 31
1069 30
1070 44
1071 37
1072 24
1073 26
1074 33
1075 38
1076 34
1077 40
1078 35
1079 34
1080 33
1081 40
1082 43
1083 31
1084 39
1085 36
1086 36
1087 37
1088 30
1089 45
1090 33
1091 25
1092 38
1093 28
1094 35
1095 36
1096 46
1097 30
1098 32
1099 34
1100 33
1101 29
1102 26
1103 35
1104 40
1105 36
1106 30
1107 34
1108 30
1109 32
1110 35
1111 35
1112 32
1113 27
1114 43
1115 29
1116 28
1117 28
1118 45
1119 30
1120 28
1121 32
1122 48
1123 36
1124 31
1125 38
1126 37
1127 33
1128 31
1129 33
1130 36
1131 35
1132 48
1133 48
1134 33
1135 35
1136 35
1137 27
1138 35
1139 34
1140 30
1141 29
1142 30
1143 33
1144 39
1145 32
1146 29
1147 27
1148 22
1149 32
1150 41
1151 30
1152 44
1153 32
1154 27
1155 46
1156 42
1157 39
1158 33
1159 36
1160 30
1161 35
1162 37
1163 34
1164 57
1165 40
1166 48
1167 55
1168 50
1169 51
1170 68
1171 82
1172 101
1173 89
1174 61
1175 46
1176 50
1177 54
1178 75
1179 93
1180 97
1181 90
1182 55
1183 63
1184 41
1185 40
1186 53
1187 42
1188 41
1189 39
1190 32
1191 28
1192 37
1193 28
1194 39
1195 36
1196 34
1197 32
1198 37
1199 41
1200 28
1201 30
1202 37
1203 41
1204 30
1205 31
1206 45
1207 29
1208 27
1209 34
1210 24
1211 38
1212 48
1213 39
1214 35
1215 35
1216 32
1217 38
1218 37
1219 25
1220 20
1221 22
1222 27
1223 21
1224 24
1225 34
1226 30
1227 33
1228 26
1229 28
1230 35
1231 29
1232 30
1233 26
1234 31
1235 33
1236 27
1237 32
1238 30
1239 30
1240 29
1241 35
1242 25
1243 36
1244 26
1245 29
1246 32
1247 35
1248 22
1249 32
1250 28
1251 19
1252 34
1253 31
1254 23
1255 31
1256 28
1257 28
1258 30
1259 32
1260 40
1261 37
1262 36
1263 34
1264 29
1265 27
1266 31
1267 21
1268 24
1269 19
1270 36
1271 27
1272 20
1273 21
1274 24
1275 22
1276 21
1277 17
1278 20
1279 18
1280 34
1281 22
1282 31
1283 20
1284 29
1285 36
1286 21
1287 32
1288 38
1289 19
1290 14
1291 30
1292 23
1293 28
1294 28
1295 38
1296 31
1297 21
1298 22
1299 29
1300 26
1301 23
1302 27
1303 30
1304 28
1305 31
1306 39
1307 46
1308 49
1309 34
1310 52
1311 59
1312 63
1313 53
1314 63
1315 61
1316 70
1317 90
1318 92
1319 105
1320 140
1321 113
1322 94
1323 135
1324 153
1325 175
1326 164
1327 152
1328 201
1329 244
1330 242
1331 248
1332 292
1333 221
1334 176
1335 157
1336 115
1337 133
1338 89
1339 56
1340 54
1341 48
1342 40
1343 42
1344 33
1345 31
1346 24
1347 30
1348 20
1349 28
1350 19
1351 30
1352 22
1353 30
1354 39
1355 20
1356 25
1357 27
1358 25
1359 25
1360 22
1361 22
1362 19
1363 25
1364 28
1365 18
1366 21
1367 18
1368 19
1369 20
1370 17
1371 22
1372 20
1373 28
1374 25
1375 33
1376 17
1377 17
1378 22
1379 27
1380 25
1381 32
1382 29
1383 23
1384 24
1385 24
1386 20
1387 24
1388 28
1389 20
1390 24
1391 23
1392 23
1393 19
1394 24
1395 41
1396 18
1397 30
1398 22
1399 32
1400 25
1401 28
1402 17
1403 24
1404 27
1405 26
1406 21
1407 26
1408 28
1409 17
1410 18
1411 18
1412 25
1413 32
1414 27
1415 30
1416 19
1417 19
1418 27
1419 9
1420 24
1421 22
1422 23
1423 31
1424 22
1425 21
1426 19
1427 13
1428 26
1429 25
1430 25
1431 21
1432 26
1433 27
1434 15
1435 20
1436 23
1437 29
1438 23
1439 28
1440 35
1441 17
1442 17
1443 19
1444 12
1445 29
1446 21
1447 26
1448 20
1449 25
1450 27
1451 29
1452 19
1453 15
1454 29
1455 24
1456 15
1457 24
1458 23
1459 30
1460 21
1461 22
1462 29
1463 17
1464 19
1465 18
1466 16
1467 25
1468 24
1469 22
1470 20
1471 20
1472 29
1473 26
1474 18
1475 23
1476 34
1477 21
1478 26
1479 19
1480 21
1481 24
1482 30
1483 23
1484 18
1485 23
1486 21
1487 21
1488 23
1489 19
1490 23
1491 28
1492 22
1493 18
1494 22
1495 17
1496 29
1497 23
1498 21
1499 23
1500 19
1501 24
1502 25
1503 23
1504 22
1505 15
1506 26
1507 17
1508 16
1509 20
1510 24
1511 22
1512 25
1513 19
1514 20
1515 36
1516 22
1517 29
1518 18
1519 21
1520 21
1521 24
1522 21
1523 27
1524 17
1525 12
1526 20
1527 19
1528 23
1529 19
1530 13
1531 27
1532 16
1533 18
1534 18
1535 26
1536 21
1537 20
1538 19
1539 24
1540 19
1541 24
1542 19
1543 20
1544 22
1545 18
1546 13
1547 19
1548 23
1549 20
1550 17
1551 22
1552 17
1553 29
1554 24
1555 19
1556 18
1557 16
1558 15
1559 21
1560 25
1561 30
1562 15
1563 19
1564 31
1565 29
1566 24
1567 18
1568 16
1569 17
1570 18
1571 22
1572 21
1573 28
1574 19
1575 22
1576 22
1577 28
1578 24
1579 14
1580 22
1581 25
1582 20
1583 13
1584 24
1585 25
1586 22
1587 15
1588 27
1589 21
1590 25
1591 19
1592 22
1593 20
1594 13
1595 23
1596 14
1597 13
1598 15
1599 28
1600 23
1601 18
1602 19
1603 23
1604 18
1605 21
1606 21
1607 26
1608 24
1609 17
1610 14
1611 14
1612 13
1613 13
1614 18
1615 23
1616 24
1617 23
1618 13
1619 16
1620 13
1621 20
1622 14
1623 17
1624 21
1625 13
1626 22
1627 19
1628 18
1629 10
1630 17
1631 29
1632 23
1633 18
1634 12
1635 18
1636 15
1637 18
1638 15
1639 22
1640 24
1641 22
1642 20
1643 29
1644 16
1645 14
1646 16
1647 21
1648 17
1649 17
1650 18
1651 20
1652 17
1653 13
1654 14
1655 20
1656 17
1657 18
1658 18
1659 16
1660 19
1661 24
1662 19
1663 24
1664 20
1665 18
1666 14
1667 13
1668 26
1669 15
1670 17
1671 20
1672 24
1673 25
1674 24
1675 22
1676 17
1677 16
1678 20
1679 17
1680 24
1681 20
1682 17
1683 12
1684 19
1685 18
1686 24
1687 19
1688 13
1689 18
1690 28
1691 23
1692 21
1693 19
1694 15
1695 24
1696 19
1697 18
1698 20
1699 15
1700 19
1701 16
1702 7
1703 20
1704 26
1705 18
1706 17
1707 17
1708 14
1709 15
1710 23
1711 17
1712 18
1713 23
1714 23
1715 19
1716 26
1717 18
1718 25
1719 21
1720 23
1721 24
1722 19
1723 19
1724 20
1725 20
1726 22
1727 25
1728 21
1729 18
1730 28
1731 24
1732 21
1733 26
1734 20
1735 25
1736 35
1737 20
1738 16
1739 19
1740 22
1741 24
1742 17
1743 14
1744 21
1745 16
1746 14
1747 20
1748 21
1749 18
1750 18
1751 17
1752 16
1753 23
1754 21
1755 16
1756 16
1757 24
1758 25
1759 18
1760 20
1761 24
1762 20
1763 19
1764 20
1765 31
1766 31
1767 22
1768 33
1769 40
1770 51
1771 42
1772 39
1773 45
1774 43
1775 41
1776 51
1777 47
1778 62
1779 94
1780 123
1781 199
1782 184
1783 185
1784 168
1785 106
1786 127
1787 91
1788 144
1789 149
1790 113
1791 60
1792 62
1793 102
1794 87
1795 64
1796 40
1797 38
1798 43
1799 53
1800 57
1801 35
1802 26
1803 27
1804 23
1805 20
1806 24
1807 22
1808 24
1809 23
1810 19
1811 21
1812 19
1813 24
1814 19
1815 15
1816 16
1817 22
1818 11
1819 17
1820 24
1821 18
1822 16
1823 22
1824 22
1825 22
1826 16
1827 13
1828 21
1829 21
1830 19
1831 16
1832 15
1833 15
1834 28
1835 17
1836 11
1837 23
1838 17
1839 19
1840 15
1841 20
1842 21
1843 18
1844 25
1845 22
1846 20
1847 18
1848 27
1849 10
1850 23
1851 25
1852 21
1853 18
1854 23
1855 15
1856 11
1857 23
1858 18
1859 25
1860 16
1861 25
1862 24
1863 15
1864 21
1865 17
1866 20
1867 14
1868 21
1869 18
1870 16
1871 12
1872 19
1873 21
1874 17
1875 24
1876 14
1877 10
1878 16
1879 18
1880 16
1881 21
1882 20
1883 11
1884 12
1885 19
1886 18
1887 28
1888 16
1889 16
1890 19
1891 25
1892 20
1893 21
1894 25
1895 23
1896 27
1897 18
1898 14
1899 12
1900 18
1901 19
1902 22
1903 19
1904 20
1905 18
1906 16
1907 17
1908 18
1909 20
1910 10
1911 15
1912 15
1913 22
1914 15
1915 16
1916 20
1917 24
1918 19
1919 13
1920 11
1921 21
1922 19
1923 22
1924 16
1925 15
1926 17
1927 22
1928 11
1929 19
1930 16
1931 14
1932 23
1933 15
1934 32
1935 20
1936 19
1937 14
1938 19
1939 20
1940 15
1941 9
1942 14
1943 21
1944 27
1945 19
1946 26
1947 22
1948 15
1949 17
1950 15
1951 24
1952 17
1953 15
1954 20
1955 17
1956 27
1957 20
1958 22
1959 14
1960 15
1961 22
1962 24
1963 27
1964 26
1965 12
1966 12
1967 23
1968 24
1969 17
1970 18
1971 17
1972 19
1973 16
1974 20
1975 18
1976 19
1977 13
1978 17
1979 20
1980 15
1981 12
1982 10
1983 10
1984 19
1985 20
1986 12
1987 14
1988 20
1989 21
1990 22
1991 18
1992 18
1993 14
1994 20
1995 19
1996 18
1997 18
1998 14
1999 19
2000 12
2001 20
2002 20
2003 14
2004 22
2005 19
2006 26
2007 12
2008 14
2009 25
2010 25
2011 23
2012 32
2013 35
2014 32
2015 31
2016 43
2017 37
2018 43
2019 65
2020 50
2021 61
2022 70
2023 84
2024 104
2025 103
2026 127
2027 116
2028 135
2029 177
2030 189
2031 212
2032 206
2033 203
2034 201
2035 232
2036 326
2037 382
2038 427
2039 354
2040 373
2041 384
2042 335
2043 348
2044 373
2045 363
2046 350
2047 371
2048 289
2049 257
2050 268
2051 193
2052 179
2053 174
2054 159
2055 129
2056 123
2057 115
2058 101
2059 65
2060 66
2061 53
2062 36
2063 30
2064 37
2065 33
2066 29
2067 22
2068 20
2069 17
2070 19
2071 19
2072 21
2073 19
2074 14
2075 14
2076 21
2077 13
2078 17
2079 15
2080 19
2081 21
2082 19
2083 25
2084 15
2085 22
2086 13
2087 18
2088 20
2089 14
2090 13
2091 9
2092 18
2093 12
2094 18
2095 13
2096 20
2097 22
2098 14
2099 13
2100 13
2101 18
2102 7
2103 15
2104 16
2105 17
2106 10
2107 19
2108 16
2109 19
2110 15
2111 10
2112 16
2113 14
2114 13
2115 19
2116 7
2117 25
2118 8
2119 14
2120 5
2121 10
2122 12
2123 18
2124 15
2125 14
2126 14
2127 18
2128 19
2129 19
2130 14
2131 7
2132 9
2133 24
2134 10
2135 14
2136 20
2137 17
2138 22
2139 18
2140 13
2141 22
2142 18
2143 11
2144 14
2145 21
2146 18
2147 8
2148 18
2149 21
2150 21
2151 21
2152 17
2153 18
2154 17
2155 18
2156 17
2157 15
2158 20
2159 18
2160 22
2161 21
2162 18
2163 16
2164 21
2165 19
2166 19
2167 17
2168 10
2169 20
2170 11
2171 13
2172 15
2173 15
2174 13
2175 18
2176 23
2177 25
2178 16
2179 11
2180 13
2181 17
2182 7
2183 16
2184 19
2185 11
2186 18
2187 8
2188 19
2189 17
2190 12
2191 13
2192 13
2193 18
2194 12
2195 14
2196 18
2197 18
2198 16
2199 18
2200 18
2201 28
2202 14
2203 18
2204 18
2205 17
2206 13
2207 17
2208 15
2209 12
2210 20
2211 19
2212 19
2213 21
2214 16
2215 26
2216 20
2217 12
2218 20
2219 33
2220 17
2221 30
2222 27
2223 43
2224 37
2225 36
2226 30
2227 37
2228 53
2229 61
2230 67
2231 57
2232 57
2233 61
2234 63
2235 81
2236 82
2237 64
2238 74
2239 57
2240 67
2241 81
2242 89
2243 77
2244 74
2245 55
2246 70
2247 64
2248 72
2249 65
2250 66
2251 66
2252 67
2253 45
2254 29
2255 32
2256 24
2257 39
2258 40
2259 25
2260 26
2261 17
2262 21
2263 12
2264 8
2265 18
2266 19
2267 19
2268 21
2269 10
2270 11
2271 16
2272 23
2273 13
2274 15
2275 10
2276 11
2277 21
2278 21
2279 19
2280 15
2281 18
2282 14
2283 6
2284 20
2285 15
2286 20
2287 16
2288 18
2289 11
2290 17
2291 9
2292 14
2293 20
2294 18
2295 10
2296 14
2297 17
2298 9
2299 11
2300 8
2301 15
2302 14
2303 15
2304 6
2305 17
2306 15
2307 18
2308 19
2309 16
2310 11
2311 16
2312 13
2313 12
2314 17
2315 15
2316 12
2317 9
2318 12
2319 15
2320 10
2321 18
2322 11
2323 11
2324 14
2325 14
2326 15
2327 19
2328 12
2329 12
2330 16
2331 12
2332 12
2333 21
2334 10
2335 10
2336 12
2337 23
2338 12
2339 10
2340 13
2341 16
2342 13
2343 18
2344 12
2345 13
2346 17
2347 10
2348 15
2349 17
2350 10
2351 10
2352 16
2353 11
2354 10
2355 16
2356 8
2357 16
2358 13
2359 14
2360 9
2361 12
2362 16
2363 10
2364 11
2365 8
2366 18
2367 9
2368 15
2369 9
2370 13
2371 12
2372 10
2373 20
2374 14
2375 16
2376 14
2377 15
2378 10
2379 18
2380 16
2381 13
2382 12
2383 8
2384 13
2385 12
2386 15
2387 12
2388 18
2389 14
2390 22
2391 18
2392 9
2393 16
2394 16
2395 13
2396 10
2397 14
2398 16
2399 14
2400 14
2401 16
2402 14
2403 12
2404 11
2405 11
2406 13
2407 11
2408 16
2409 18
2410 14
2411 14
2412 13
2413 12
2414 16
2415 17
2416 18
2417 19
2418 13
2419 12
2420 12
2421 17
2422 12
2423 21
2424 6
2425 16
2426 13
2427 9
2428 9
2429 12
2430 10
2431 10
2432 16
2433 8
2434 6
2435 15
2436 21
2437 17
2438 12
2439 14
2440 19
2441 14
2442 10
2443 12
2444 12
2445 10
2446 8
2447 12
2448 11
2449 9
2450 18
2451 15
2452 12
2453 10
2454 13
2455 16
2456 19
2457 12
2458 9
2459 12
2460 15
2461 10
2462 12
2463 15
2464 15
2465 10
2466 18
2467 15
2468 10
2469 10
2470 14
2471 13
2472 11
2473 16
2474 16
2475 13
2476 12
2477 8
2478 8
2479 10
2480 18
2481 9
2482 7
2483 12
2484 20
2485 9
2486 11
2487 11
2488 18
2489 11
2490 8
2491 16
2492 11
2493 14
2494 11
2495 10
2496 12
2497 9
2498 12
2499 12
2500 17
2501 13
2502 11
2503 14
2504 21
2505 17
2506 18
2507 17
2508 14
2509 23
2510 27
2511 37
2512 28
2513 21
2514 28
2515 29
2516 26
2517 31
2518 31
2519 34
2520 35
2521 22
2522 36
2523 41
2524 45
2525 50
2526 32
2527 38
2528 41
2529 46
2530 70
2531 69
2532 71
2533 67
2534 67
2535 67
2536 58
2537 47
2538 35
2539 33
2540 37
2541 29
2542 44
2543 39
2544 39
2545 47
2546 37
2547 28
2548 29
2549 34
2550 29
2551 36
2552 22
2553 27
2554 13
2555 11
2556 11
2557 20
2558 20
2559 22
