0 38
1 24
2 15
3 30
4 25
5 30
6 31
7 31
8 21
9 24
10 25
11 27
12 29
13 26
14 21
15 23
16 27
17 18
18 26
19 35
20 22
21 23
22 27
23 21
24 30
25 33
26 25
27 33
28 24
29 31
30 23
31 20
32 23
33 29
34 22
35 28
36 22
37 22
38 24
39 20
40 29
41 31
42 19
43 27
44 20
45 18
46 25
47 26
48 20
49 28
50 23
51 36
52 26
53 22
54 27
55 23
56 28
57 22
58 28
59 37
60 33
61 35
62 25
63 17
64 33
65 23
66 17
67 30
68 34
69 25
70 33
71 24
72 27
73 30
74 29
75 28
76 33
77 29
78 14
79 31
80 34
81 27
82 29
83 34
84 29
85 28
86 30
87 35
88 29
89 30
90 25
91 22
92 18
93 26
94 28
95 21
96 35
97 31
98 24
99 31
100 30
101 18
102 34
103 24
104 18
105 30
106 35
107 30
108 30
109 18
110 17
111 30
112 30
113 30
114 21
115 27
116 38
117 21
118 33
119 41
120 26
121 33
122 29
123 23
124 25
125 30
126 32
127 31
128 37
129 30
130 32
131 29
132 27
133 28
134 15
135 29
136 29
137 40
138 31
139 27
140 38
141 29
142 34
143 36
144 33
145 25
146 31
147 35
148 32
149 27
150 28
151 23
152 26
153 18
154 25
155 19
156 33
157 23
158 26
159 22
160 24
161 25
162 25
163 34
164 31
165 25
166 34
167 23
168 30
169 32
170 31
171 23
172 22
173 23
174 29
175 34
176 26
177 20
178 29
179 33
180 23
181 36
182 29
183 40
184 30
185 28
186 35
187 28
188 36
189 31
190 28
191 32
192 30
193 31
194 31
195 23
196 29
197 36
198 24
199 26
200 25
201 32
202 33
203 34
204 22
205 25
206 44
207 23
208 30
209 30
210 26
211 30
212 41
213 22
214 26
215 27
216 19
217 25
218 25
219 27
220 31
221 26
222 24
223 27
224 37
225 26
226 23
227 37
228 28
229 27
230 25
231 26
232 34
233 21
234 37
235 33
236 31
237 32
238 26
239 34
240 39
241 34
242 38
243 30
244 32
245 35
246 32
247 22
248 31
249 31
250 35
251 27
252 28
253 36
254 32
255 38
256 26
257 42
258 31
259 37
260 32
261 29
262 39
263 30
264 33
265 21
266 39
267 33
268 24
269 34
270 40
271 28
272 44
273 36
274 35
275 25
276 38
277 43
278 29
279 33
280 34
281 27
282 27
283 34
284 36
285 39
286 22
287 23
288 31
289 18
290 37
291 36
292 19
293 24
294 37
295 30
296 34
297 37
298 37
299 28
300 47
301 35
302 26
303 27
304 30
305 40
306 34
307 30
308 37
309 28
310 42
311 29
312 35
313 28
314 29
315 42
316 33
317 30
318 34
319 38
320 32
321 31
322 36
323 27
324 42
325 32
326 30
327 45
328 28
329 37
330 31
331 31
332 27
333 24
334 29
335 26
336 21
337 30
338 29
339 32
340 32
341 26
342 25
343 18
344 25
345 30
346 41
347 29
348 37
349 34
350 40
351 34
352 27
353 33
354 35
355 38
356 44
357 30
358 29
359 20
360 41
361 33
362 31
363 32
364 29
365 28
366 34
367 36
368 41
369 33
370 33
371 33
372 27
373 37
374 26
375 28
376 32
377 26
378 36
379 35
380 34
381 19
382 28
383 28
384 33
385 34
386 27
387 24
388 34
389 36
390 28
391 32
392 29
393 41
394 35
395 41
396 35
397 28
398 37
399 35
400 43
401 32
402 24
403 42
404 33
405 23
406 29
407 28
408 37
409 25
410 35
411 40
412 42
413 32
414 49
415 43
416 24
417 39
418 44
419 39
420 40
421 36
422 42
423 37
424 28
425 48
426 31
427 25
428 32
429 42
430 43
431 26
432 32
433 33
434 51
435 28
436 31
437 30
438 31
439 39
440 33
441 38
442 36
443 38
444 31
445 39
446 35
447 30
448 31
449 40
450 38
451 30
452 32
453 42
454 28
455 28
456 43
457 48
458 35
459 34
460 36
461 44
462 38
463 21
464 30
465 25
466 32
467 33
468 26
469 29
470 39
471 41
472 35
473 49
474 29
475 34
476 25
477 30
478 36
479 29
480 45
481 42
482 34
483 24
484 33
485 27
486 27
487 21
488 34
489 34
490 37
491 42
492 26
493 29
494 40
495 35
496 32
497 37
498 27
499 35
500 39
501 39
502 38
503 27
504 40
505 38
506 49
507 29
508 21
509 33
510 24
511 31
512 37
513 38
514 38
515 45
516 37
517 27
518 27
519 35
520 34
521 30
522 41
523 40
524 31
525 43
526 33
527 29
528 37
529 39
530 45
531 38
532 47
533 42
534 37
535 26
536 38
537 40
538 27
539 37
540 35
541 41
542 43
543 37
544 40
545 47
546 31
547 51
548 43
549 40
550 32
551 31
552 31
553 39
554 43
555 32
556 42
557 47
558 38
559 38
560 32
561 35
562 31
563 38
564 41
565 45
566 35
567 29
568 44
569 28
570 31
571 40
572 44
573 42
574 37
575 35
576 48
577 34
578 29
579 27
580 43
581 42
582 38
583 32
584 26
585 36
586 26
587 40
588 46
589 38
590 39
591 44
592 33
593 40
594 45
595 56
596 43
597 53
598 62
599 42
600 65
601 50
602 57
603 57
604 54
605 60
606 67
607 64
608 77
609 71
610 67
611 93
612 88
613 102
614 90
615 92
616 101
617 99
618 100
619 101
620 96
621 89
622 90
623 80
624 82
625 71
626 65
627 55
628 53
629 42
630 41
631 42
632 41
633 39
634 29
635 39
636 32
637 41
638 35
639 40
640 46
641 41
642 30
643 36
644 43
645 34
646 38
647 35
648 42
649 44
650 32
651 33
652 43
653 39
654 34
655 26
656 30
657 31
658 33
659 32
660 44
661 34
662 40
663 30
664 36
665 37
666 40
667 37
668 32
669 36
670 29
671 31
672 40
673 38
674 41
675 37
676 41
677 28
678 30
679 42
680 32
681 41
682 33
683 33
684 37
685 35
686 36
687 37
688 45
689 35
690 41
691 32
692 34
693 29
694 27
695 22
696 36
697 34
698 40
699 38
700 32
701 31
702 38
703 32
704 33
705 43
706 38
707 36
708 33
709 39
710 29
711 27
712 43
713 49
714 34
715 27
716 36
717 36
718 31
719 33
720 34
721 43
722 42
723 37
724 39
725 27
726 42
727 29
728 48
729 42
730 45
731 34
732 28
733 42
734 28
735 40
736 40
737 31
738 31
739 34
740 32
741 42
742 39
743 30
744 41
745 29
746 22
747 39
748 34
749 29
750 30
751 29
752 35
753 45
754 30
755 25
756 33
757 29
758 29
759 35
760 32
761 32
762 31
763 37
764 31
765 26
766 31
767 34
768 35
769 37
770 44
771 46
772 32
773 33
774 43
775 25
776 32
777 31
778 43
779 26
780 34
781 30
782 42
783 39
784 38
785 23
786 39
787 23
788 46
789 36
790 22
791 42
792 30
793 37
794 29
795 37
796 50
797 30
798 27
799 28
800 34
801 39
802 34
803 32
804 31
805 29
806 24
807 33
808 43
809 34
810 35
811 39
812 43
813 39
814 30
815 39
816 25
817 28
818 46
819 44
820 39
821 33
822 30
823 38
824 27
825 35
826 29
827 47
828 33
829 33
830 38
831 34
832 28
833 31
834 31
835 42
836 35
837 38
838 37
839 41
840 35
841 35
842 37
843 33
844 25
845 45
846 30
847 34
848 30
849 28
850 29
851 21
852 25
853 34
854 33
855 33
856 37
857 29
858 32
859 32
860 32
861 35
862 31
863 24
864 35
865 35
866 36
867 32
868 43
869 28
870 35
871 25
872 35
873 43
874 31
875 27
876 26
877 39
878 23
879 48
880 46
881 31
882 29
883 31
884 45
885 33
886 37
887 27
888 33
889 32
890 29
891 32
892 30
893 21
894 37
895 39
896 18
897 31
898 23
899 30
900 37
901 31
902 38
903 46
904 29
905 30
906 28
907 26
908 41
909 32
910 39
911 29
912 27
913 34
914 29
915 33
916 37
917 37
918 38
919 31
920 43
921 29
922 22
923 28
924 27
925 35
926 29
927 47
928 31
929 29
930 47
931 41
932 28
933 22
934 34
935 35
936 24
937 30
938 36
939 30
940 26
941 26
942 31
943 33
944 23
945 32
946 37
947 29
948 22
949 38
950 27
951 22
952 37
953 37
954 40
955 46
956 37
957 29
958 30
959 32
960 24
961 45
962 37
963 29
964 23
965 41
966 36
967 32
968 40
969 41
970 42
971 32
972 32
973 43
974 41
975 32
976 23
977 31
978 39
979 34
980 35
981 39
982 22
983 34
984 35
985 39
986 28
987 33
988 33
989 33
990 37
991 32
992 36
993 35
994 29
995 30
996 30
997 33
998 29
999 35
1000 36
1001 35
1002 39
1003 38
1004 37
1005 40
1006 20
1007 41
1008 36
1009 27
1010 38
1011 26
1012 35
1013 26
1014 31
1015 27
1016 25
1017 34
1018 32
1019 35
1020 39
1021 25
1022 30
1023 23
1024 28
1025 38
1026 38
1027 37
1028 34
1029 27
1030 30
1031 35
1032 31
1033 36
1034 29
1035 36
1036 20
1037 27
1038 41
1039 29
1040 28
1041 31
1042 26
1043 34
1044 32
1045 38
1046 25
1047 38
1048 26
1049 32
1050 30
1051 31
1052 28
1053 32
1054 21
1055 22
1056 36
1057 35
1058 31
1059 26
1060 34
1061 26
1062 22
1063 19
1064 40
1065 25
1066 40
1067 31
1068 29
1069 27
1070 29
1071 20
1072 27
1073 34
1074 34
1075 35
1076 29
1077 41
1078 34
1079 27
1080 26
1081 25
1082 19
1083 44
1084 39
1085 34
1086 28
1087 31
1088 45
1089 43
1090 27
1091 32
1092 29
1093 41
1094 29
1095 39
1096 32
1097 29
1098 39
1099 33
1100 36
1101 31
1102 32
1103 33
1104 32
1105 33
1106 28
1107 36
1108 31
1109 32
1110 36
1111 34
1112 38
1113 31
1114 28
1115 34
1116 29
1117 32
1118 28
1119 29
1120 35
1121 26
1122 33
1123 27
1124 40
1125 28
1126 38
1127 30
1128 29
1129 18
1130 35
1131 34
1132 33
1133 51
1134 46
1135 54
1136 73
1137 69
1138 74
1139 86
1140 102
1141 109
1142 140
1143 157
1144 254
1145 318
1146 281
1147 323
1148 374
1149 331
1150 418
1151 460
1152 564
1153 612
1154 616
1155 549
1156 542
1157 483
1158 512
1159 418
1160 317
1161 263
1162 305
1163 208
1164 140
1165 107
1166 85
1167 45
1168 39
1169 43
1170 33
1171 31
1172 36
1173 34
1174 23
1175 26
1176 30
1177 28
1178 37
1179 36
1180 40
1181 39
1182 43
1183 37
1184 32
1185 44
1186 32
1187 35
1188 20
1189 31
1190 28
1191 29
1192 25
1193 29
1194 32
1195 33
1196 32
1197 36
1198 27
1199 37
1200 28
1201 26
1202 28
1203 21
1204 32
1205 37
1206 31
1207 29
1208 29
1209 31
1210 40
1211 34
1212 20
1213 35
1214 36
1215 34
1216 26
1217 37
1218 34
1219 31
1220 20
1221 29
1222 39
1223 35
1224 29
1225 29
1226 28
1227 34
1228 27
1229 29
1230 25
1231 30
1232 29
1233 33
1234 21
1235 26
1236 31
1237 32
1238 30
1239 25
1240 25
1241 17
1242 21
1243 17
1244 24
1245 25
1246 28
1247 32
1248 27
1249 25
1250 38
1251 28
1252 25
1253 28
1254 26
1255 22
1256 23
1257 35
1258 36
1259 36
1260 40
1261 32
1262 32
1263 21
1264 19
1265 26
1266 25
1267 30
1268 23
1269 17
1270 23
1271 24
1272 30
1273 25
1274 26
1275 18
1276 15
1277 19
1278 15
1279 6
1280 25
1281 32
1282 18
1283 25
1284 21
1285 15
1286 14
1287 19
1288 21
1289 25
1290 29
1291 22
1292 16
1293 23
1294 19
1295 30
1296 20
1297 25
1298 24
1299 21
1300 19
1301 29
1302 21
1303 23
1304 26
1305 17
1306 29
1307 22
1308 18
1309 14
1310 18
1311 18
1312 28
1313 15
1314 20
1315 21
1316 15
1317 21
1318 25
1319 20
1320 27
1321 25
1322 28
1323 24
1324 20
1325 21
1326 19
1327 25
1328 27
1329 18
1330 18
1331 21
1332 28
1333 16
1334 23
1335 28
1336 23
1337 29
1338 22
1339 19
1340 18
1341 22
1342 29
1343 18
1344 24
1345 16
1346 24
1347 20
1348 28
1349 28
1350 18
1351 23
1352 22
1353 21
1354 16
1355 23
1356 24
1357 33
1358 14
1359 19
1360 31
1361 33
1362 34
1363 35
1364 26
1365 30
1366 39
1367 45
1368 41
1369 40
1370 47
1371 45
1372 31
1373 34
1374 41
1375 36
1376 51
1377 51
1378 44
1379 47
1380 50
1381 22
1382 29
1383 23
1384 21
1385 24
1386 23
1387 25
1388 17
1389 21
1390 23
1391 23
1392 21
1393 17
1394 27
1395 24
1396 21
1397 30
1398 20
1399 23
1400 25
1401 17
1402 19
1403 17
1404 21
1405 22
1406 26
1407 26
1408 23
1409 27
1410 21
1411 18
1412 12
1413 14
1414 20
1415 17
1416 18
1417 15
1418 18
1419 31
1420 29
1421 22
1422 20
1423 22
1424 24
1425 24
1426 22
1427 24
1428 36
1429 21
1430 22
1431 21
1432 25
1433 22
1434 27
1435 28
1436 33
1437 27
1438 25
1439 24
1440 35
1441 30
1442 30
1443 42
1444 47
1445 56
1446 64
1447 56
1448 75
1449 62
1450 76
1451 106
1452 110
1453 144
1454 146
1455 170
1456 206
1457 193
1458 210
1459 200
1460 191
1461 205
1462 176
1463 205
1464 242
1465 173
1466 137
1467 102
1468 69
1469 51
1470 42
1471 39
1472 34
1473 32
1474 22
1475 19
1476 21
1477 30
1478 25
1479 28
1480 24
1481 22
1482 25
1483 18
1484 26
1485 23
1486 20
1487 24
1488 17
1489 20
1490 20
1491 18
1492 16
1493 19
1494 21
1495 21
1496 22
1497 12
1498 15
1499 15
1500 23
1501 17
1502 20
1503 14
1504 14
1505 21
1506 20
1507 21
1508 11
1509 27
1510 22
1511 26
1512 18
1513 15
1514 27
1515 21
1516 21
1517 17
1518 15
1519 20
1520 16
1521 20
1522 18
1523 15
1524 16
1525 12
1526 15
1527 11
1528 15
1529 16
1530 20
1531 28
1532 21
1533 25
1534 28
1535 14
1536 17
1537 25
1538 28
1539 20
1540 20
1541 22
1542 27
1543 21
1544 20
1545 18
1546 18
1547 26
1548 18
1549 24
1550 20
1551 13
1552 16
1553 18
1554 15
1555 20
1556 24
1557 18
1558 25
1559 21
1560 23
1561 15
1562 27
1563 19
1564 24
1565 24
1566 14
1567 16
1568 28
1569 16
1570 27
1571 22
1572 20
1573 12
1574 13
1575 13
1576 11
1577 12
1578 16
1579 18
1580 19
1581 16
1582 20
1583 20
1584 16
1585 18
1586 19
1587 25
1588 16
1589 22
1590 19
1591 15
1592 14
1593 18
1594 20
1595 25
1596 16
1597 17
1598 20
1599 18
1600 15
1601 22
1602 18
1603 16
1604 20
1605 21
1606 14
1607 20
1608 24
1609 22
1610 20
1611 23
1612 20
1613 28
1614 17
1615 21
1616 22
1617 18
1618 18
1619 16
1620 22
1621 21
1622 22
1623 19
1624 12
1625 21
1626 23
1627 16
1628 21
1629 13
1630 13
1631 17
1632 19
1633 24
1634 14
1635 15
1636 15
1637 22
1638 14
1639 17
1640 16
1641 18
1642 20
1643 14
1644 21
1645 20
1646 17
1647 12
1648 18
1649 18
1650 25
1651 20
1652 19
1653 16
1654 15
1655 18
1656 14
1657 15
1658 23
1659 15
1660 21
1661 26
1662 17
1663 19
1664 19
1665 26
1666 14
1667 17
1668 17
1669 16
1670 16
1671 17
1672 19
1673 14
1674 21
1675 17
1676 15
1677 18
1678 19
1679 18
1680 15
1681 23
1682 12
1683 12
1684 19
1685 22
1686 19
1687 25
1688 16
1689 14
1690 14
1691 17
1692 14
1693 20
1694 17
1695 14
1696 16
1697 23
1698 19
1699 23
1700 14
1701 17
1702 17
1703 22
1704 18
1705 18
1706 19
1707 17
1708 18
1709 15
1710 21
1711 13
1712 15
1713 24
1714 19
1715 14
1716 13
1717 16
1718 12
1719 17
1720 21
1721 12
1722 23
1723 25
1724 15
1725 20
1726 16
1727 22
1728 13
1729 17
1730 18
1731 13
1732 16
1733 16
1734 18
1735 19
1736 17
1737 19
1738 18
1739 20
1740 18
1741 18
1742 15
1743 17
1744 23
1745 20
1746 19
1747 18
1748 18
1749 16
1750 21
1751 16
1752 19
1753 14
1754 11
1755 9
1756 22
1757 13
1758 17
1759 15
1760 15
1761 16
1762 22
1763 16
1764 19
1765 22
1766 7
1767 17
1768 13
1769 24
1770 23
1771 17
1772 17
1773 16
1774 24
1775 21
1776 23
1777 16
1778 14
1779 18
1780 15
1781 16
1782 34
1783 17
1784 15
1785 14
1786 14
1787 25
1788 15
1789 11
1790 12
1791 19
1792 16
1793 16
1794 16
1795 23
1796 16
1797 20
1798 22
1799 15
1800 9
1801 20
1802 18
1803 14
1804 10
1805 14
1806 27
1807 15
1808 26
1809 19
1810 15
1811 21
1812 12
1813 17
1814 19
1815 16
1816 16
1817 23
1818 23
1819 14
1820 13
1821 24
1822 18
1823 19
1824 15
1825 22
1826 18
1827 17
1828 24
1829 12
1830 18
1831 19
1832 13
1833 11
1834 12
1835 15
1836 13
1837 17
1838 23
1839 15
1840 18
1841 9
1842 14
1843 16
1844 21
1845 17
1846 18
1847 18
1848 18
1849 13
1850 15
1851 11
1852 14
1853 19
1854 22
1855 14
1856 22
1857 18
1858 29
1859 20
1860 12
1861 14
1862 26
1863 24
1864 14
1865 12
1866 18
1867 17
1868 18
1869 22
1870 20
1871 20
1872 13
1873 10
1874 17
1875 22
1876 13
1877 19
1878 27
1879 18
1880 18
1881 16
1882 23
1883 17
1884 22
1885 23
1886 15
1887 24
1888 22
1889 16
1890 21
1891 19
1892 19
1893 20
1894 16
1895 16
1896 16
1897 19
1898 13
1899 20
1900 15
1901 18
1902 17
1903 14
1904 12
1905 12
1906 23
1907 19
1908 16
1909 17
1910 18
1911 13
1912 15
1913 17
1914 15
1915 13
1916 19
1917 16
1918 24
1919 22
1920 25
1921 25
1922 24
1923 28
1924 26
1925 27
1926 33
1927 40
1928 60
1929 59
1930 61
1931 67
1932 67
1933 71
1934 65
1935 69
1936 91
1937 91
1938 100
1939 133
1940 122
1941 111
1942 140
1943 129
1944 141
1945 167
1946 127
1947 85
1948 55
1949 57
1950 75
1951 53
1952 46
1953 36
1954 64
1955 93
1956 88
1957 34
1958 18
1959 28
1960 21
1961 18
1962 16
1963 17
1964 10
1965 16
1966 22
1967 15
1968 20
1969 17
1970 14
1971 15
1972 13
1973 17
1974 22
1975 17
1976 14
1977 12
1978 11
1979 17
1980 19
1981 12
1982 21
1983 8
1984 15
1985 12
1986 12
1987 12
1988 17
1989 16
1990 16
1991 18
1992 12
1993 13
1994 10
1995 15
1996 15
1997 22
1998 10
1999 11
2000 13
2001 11
2002 15
2003 16
2004 17
2005 16
2006 19
2007 15
2008 15
2009 16
2010 15
2011 15
2012 19
2013 12
2014 9
2015 15
2016 15
2017 13
2018 16
2019 14
2020 16
2021 10
2022 20
2023 14
2024 14
2025 20
2026 23
2027 20
2028 16
2029 13
2030 13
2031 14
2032 13
2033 14
2034 19
2035 22
2036 17
2037 19
2038 17
2039 16
2040 25
2041 13
2042 17
2043 16
2044 15
2045 25
2046 11
2047 13
2048 12
2049 7
2050 16
2051 15
2052 13
2053 13
2054 18
2055 14
2056 20
2057 20
2058 17
2059 14
2060 15
2061 20
2062 19
2063 20
2064 16
2065 13
2066 20
2067 10
2068 15
2069 14
2070 9
2071 8
2072 16
2073 14
2074 15
2075 13
2076 12
2077 11
2078 11
2079 8
2080 16
2081 18
2082 9
2083 12
2084 11
2085 14
2086 16
2087 12
2088 17
2089 16
2090 13
2091 11
2092 9
2093 15
2094 11
2095 7
2096 15
2097 15
2098 15
2099 15
2100 21
2101 21
2102 19
2103 12
2104 12
2105 9
2106 15
2107 13
2108 19
2109 10
2110 14
2111 8
2112 20
2113 22
2114 18
2115 10
2116 14
2117 19
2118 10
2119 20
2120 10
2121 22
2122 15
2123 13
2124 17
2125 20
2126 10
2127 15
2128 16
2129 18
2130 15
2131 20
2132 11
2133 10
2134 16
2135 15
2136 12
2137 10
2138 16
2139 18
2140 15
2141 13
2142 16
2143 21
2144 7
2145 16
2146 11
2147 12
2148 19
2149 12
2150 10
2151 17
2152 14
2153 22
2154 19
2155 15
2156 14
2157 9
2158 9
2159 8
2160 25
2161 17
2162 10
2163 17
2164 10
2165 22
2166 12
2167 19
2168 23
2169 13
2170 17
2171 13
2172 15
2173 17
2174 13
2175 19
2176 16
2177 24
2178 21
2179 21
2180 36
2181 24
2182 26
2183 35
2184 34
2185 40
2186 47
2187 53
2188 54
2189 69
2190 74
2191 88
2192 98
2193 122
2194 142
2195 146
2196 206
2197 245
2198 205
2199 240
2200 233
2201 241
2202 324
2203 376
2204 399
2205 443
2206 411
2207 431
2208 410
2209 420
2210 431
2211 490
2212 435
2213 378
2214 301
2215 244
2216 252
2217 224
2218 182
2219 165
2220 151
2221 91
2222 78
2223 60
2224 51
2225 44
2226 41
2227 25
2228 21
2229 24
2230 21
2231 25
2232 15
2233 15
2234 13
2235 21
2236 18
2237 9
2238 18
2239 15
2240 23
2241 14
2242 17
2243 16
2244 14
2245 18
2246 16
2247 18
2248 11
2249 14
2250 5
2251 17
2252 22
2253 11
2254 12
2255 13
2256 18
2257 11
2258 24
2259 16
2260 20
2261 20
2262 13
2263 13
2264 15
2265 16
2266 11
2267 19
2268 9
2269 13
2270 23
2271 14
2272 9
2273 10
2274 20
2275 15
2276 12
2277 15
2278 16
2279 11
2280 8
2281 13
2282 11
2283 13
2284 11
2285 16
2286 8
2287 13
2288 17
2289 12
2290 17
2291 14
2292 10
2293 16
2294 12
2295 18
2296 14
2297 12
2298 15
2299 14
2300 19
2301 9
2302 10
2303 11
2304 16
2305 15
2306 12
2307 14
2308 18
2309 20
2310 16
2311 16
2312 9
2313 25
2314 17
2315 22
2316 16
2317 18
2318 16
2319 7
2320 12
2321 17
2322 15
2323 10
2324 15
2325 13
2326 14
2327 11
2328 16
2329 15
2330 16
2331 11
2332 21
2333 9
2334 20
2335 13
2336 17
2337 10
2338 13
2339 16
2340 11
2341 13
2342 10
2343 15
2344 12
2345 19
2346 17
2347 12
2348 24
2349 21
2350 15
2351 12
2352 12
2353 11
2354 15
2355 10
2356 11
2357 18
2358 15
2359 8
2360 7
2361 11
2362 13
2363 16
2364 12
2365 17
2366 15
2367 15
2368 14
2369 14
2370 12
2371 17
2372 13
2373 8
2374 8
2375 6
2376 15
2377 17
2378 16
2379 13
2380 8
2381 13
2382 16
2383 16
2384 12
2385 20
2386 19
2387 19
2388 12
2389 16
2390 24
2391 17
2392 17
2393 22
2394 27
2395 21
2396 24
2397 18
2398 27
2399 20
2400 25
2401 37
2402 25
2403 38
2404 35
2405 40
2406 55
2407 49
2408 64
2409 53
2410 62
2411 63
2412 51
2413 86
2414 65
2415 115
2416 99
2417 91
2418 101
2419 77
2420 97
2421 90
2422 67
2423 62
2424 53
2425 55
2426 66
2427 49
2428 48
2429 42
2430 42
2431 48
2432 41
2433 33
2434 18
2435 21
2436 17
2437 21
2438 11
2439 13
2440 21
2441 11
2442 15
2443 14
2444 6
2445 15
2446 18
2447 12
2448 11
2449 15
2450 11
2451 11
2452 15
2453 8
2454 10
2455 10
2456 14
2457 8
2458 12
2459 11
2460 9
2461 10
2462 10
2463 10
2464 13
2465 7
2466 10
2467 7
2468 13
2469 16
2470 16
2471 3
2472 9
2473 14
2474 12
2475 8
2476 10
2477 12
2478 10
2479 16
2480 9
2481 9
2482 10
2483 16
2484 8
2485 20
2486 12
2487 9
2488 13
2489 11
2490 9
2491 10
2492 10
2493 12
2494 11
2495 9
2496 13
2497 6
2498 14
2499 9
2500 10
2501 10
2502 10
2503 15
2504 9
2505 13
2506 6
2507 8
2508 13
2509 12
2510 13
2511 11
2512 12
2513 8
2514 9
2515 9
2516 12
2517 12
2518 15
2519 19
2520 4
2521 14
2522 13
2523 12
2524 12
2525 13
2526 10
2527 9
2528 13
2529 14
2530 10
2531 9
2532 12
2533 10
2534 10
2535 7
2536 12
2537 11
2538 14
2539 17
2540 11
2541 15
2542 9
2543 9
2544 9
2545 14
2546 6
2547 14
2548 14
2549 12
2550 14
2551 11
2552 7
2553 11
2554 16
2555 10
2556 11
2557 14
2558 8
2559 14
