0 37
1 24
2 20
3 25
4 26
5 24
6 24
7 26
8 28
9 30
10 28
11 22
12 21
13 22
14 24
15 25
16 25
17 20
18 20
19 20
20 22
21 31
22 22
23 17
24 20
25 25
26 27
27 28
28 31
29 25
30 18
31 22
32 27
33 15
34 27
35 25
36 31
37 26
38 32
39 28
40 30
41 22
42 26
43 27
44 31
45 33
46 23
47 25
48 21
49 27
50 25
51 34
52 18
53 26
54 33
55 21
56 25
57 29
58 23
59 24
60 25
61 24
62 19
63 27
64 30
65 26
66 30
67 25
68 22
69 28
70 24
71 30
72 31
73 28
74 30
75 27
76 21
77 20
78 26
79 22
80 19
81 26
82 27
83 28
84 36
85 20
86 25
87 24
88 29
89 18
90 29
91 36
92 22
93 34
94 17
95 24
96 28
97 27
98 26
99 22
100 28
101 24
102 28
103 26
104 25
105 30
106 30
107 33
108 22
109 23
110 23
111 27
112 26
113 19
114 27
115 28
116 26
117 29
118 25
119 21
120 26
121 30
122 30
123 25
124 27
125 16
126 17
127 33
128 31
129 36
130 40
131 33
132 28
133 39
134 33
135 31
136 21
137 29
138 33
139 26
140 25
141 32
142 33
143 34
144 38
145 36
146 26
147 27
148 26
149 49
150 32
151 36
152 28
153 38
154 34
155 31
156 27
157 34
158 28
159 29
160 23
161 27
162 30
163 33
164 24
165 27
166 35
167 36
168 24
169 30
170 29
171 37
172 40
173 25
174 19
175 34
176 29
177 35
178 37
179 36
180 23
181 38
182 27
183 41
184 28
185 29
186 32
187 30
188 33
189 31
190 43
191 29
192 29
193 33
194 32
195 27
196 17
197 23
198 28
199 27
200 30
201 38
202 37
203 21
204 25
205 28
206 30
207 31
208 38
209 29
210 30
211 32
212 36
213 29
214 29
215 31
216 22
217 24
218 30
219 30
220 31
221 29
222 25
223 20
224 29
225 31
226 32
227 26
228 28
229 28
230 29
231 26
232 33
233 31
234 45
235 36
236 20
237 35
238 25
239 38
240 29
241 32
242 18
243 33
244 41
245 53
246 30
247 23
248 27
249 41
250 28
251 25
252 35
253 28
254 23
255 25
256 34
257 31
258 27
259 25
260 39
261 24
262 37
263 37
264 31
265 32
266 25
267 29
268 27
269 33
270 35
271 31
272 36
273 31
274 28
275 27
276 31
277 32
278 34
279 42
280 27
281 35
282 38
283 26
284 40
285 45
286 30
287 43
288 22
289 27
290 26
291 35
292 34
293 30
294 43
295 33
296 35
297 30
298 23
299 30
300 38
301 39
302 31
303 39
304 38
305 34
306 35
307 27
308 29
309 34
310 32
311 30
312 38
313 36
314 32
315 31
316 40
317 38
318 32
319 29
320 30
321 37
322 25
323 33
324 32
325 29
326 27
327 37
328 37
329 34
330 36
331 32
332 26
333 30
334 37
335 44
336 36
337 27
338 26
339 33
340 36
341 33
342 30
343 31
344 32
345 32
346 23
347 31
348 32
349 24
350 34
351 23
352 34
353 26
354 31
355 35
356 28
357 26
358 32
359 32
360 29
361 40
362 35
363 26
364 48
365 44
366 37
367 40
368 32
369 37
370 25
371 31
372 36
373 31
374 32
375 31
376 34
377 37
378 32
379 33
380 31
381 27
382 26
383 33
384 33
385 30
386 25
387 36
388 42
389 37
390 41
391 38
392 38
393 34
394 38
395 36
396 34
397 33
398 45
399 36
400 36
401 36
402 48
403 35
404 32
405 42
406 34
407 31
408 32
409 43
410 33
411 32
412 35
413 39
414 37
415 38
416 44
417 26
418 32
419 34
420 43
421 50
422 31
423 28
424 39
425 39
426 33
427 32
428 32
429 30
430 29
431 35
432 38
433 33
434 36
435 35
436 28
437 22
438 30
439 35
440 31
441 48
442 35
443 29
444 22
445 43
446 27
447 30
448 27
449 40
450 35
451 36
452 31
453 30
454 39
455 29
456 39
457 36
458 35
459 39
460 44
461 24
462 31
463 30
464 32
465 30
466 33
467 42
468 48
469 39
470 33
471 29
472 29
473 24
474 42
475 33
476 34
477 26
478 40
479 42
480 41
481 28
482 36
483 39
484 35
485 39
486 23
487 32
488 37
489 37
490 36
491 25
492 42
493 39
494 28
495 31
496 32
497 31
498 36
499 28
500 37
501 31
502 37
503 31
504 32
505 30
506 40
507 37
508 29
509 29
510 39
511 28
512 34
513 33
514 23
515 37
516 40
517 31
518 30
519 29
520 42
521 31
522 32
523 39
524 36
525 37
526 35
527 41
528 36
529 29
530 33
531 31
532 45
533 39
534 29
535 31
536 39
537 32
538 32
539 33
540 30
541 25
542 46
543 35
544 42
545 33
546 36
547 40
548 30
549 39
550 27
551 26
552 24
553 31
554 32
555 32
556 37
557 34
558 40
559 41
560 37
561 35
562 32
563 33
564 41
565 35
566 34
567 37
568 39
569 28
570 23
571 37
572 35
573 37
574 35
575 30
576 41
577 37
578 46
579 43
580 44
581 39
582 32
583 38
584 26
585 32
586 36
587 32
588 48
589 43
590 36
591 30
592 53
593 53
594 38
595 37
596 37
597 59
598 62
599 60
600 47
601 49
602 62
603 60
604 88
605 67
606 83
607 83
608 65
609 66
610 66
611 73
612 84
613 82
614 105
615 91
616 105
617 90
618 97
619 85
620 92
621 79
622 76
623 66
624 68
625 53
626 50
627 38
628 49
629 44
630 36
631 32
632 35
633 37
634 34
635 32
636 36
637 34
638 32
639 35
640 25
641 37
642 46
643 36
644 27
645 33
646 44
647 40
648 43
649 40
650 34
651 41
652 33
653 36
654 35
655 28
656 35
657 36
658 41
659 39
660 35
661 36
662 39
663 51
664 38
665 38
666 32
667 39
668 35
669 36
670 45
671 42
672 33
673 36
674 36
675 42
676 31
677 30
678 46
679 33
680 34
681 40
682 36
683 33
684 34
685 40
686 36
687 33
688 39
689 41
690 30
691 42
692 40
693 31
694 36
695 40
696 46
697 42
698 39
699 36
700 36
701 49
702 42
703 44
704 36
705 37
706 35
707 33
708 39
709 33
710 40
711 23
712 38
713 45
714 32
715 34
716 39
717 43
718 24
719 36
720 32
721 30
722 31
723 32
724 34
725 36
726 36
727 33
728 30
729 35
730 28
731 35
732 30
733 39
734 35
735 29
736 40
737 44
738 31
739 33
740 30
741 43
742 32
743 33
744 31
745 36
746 35
747 38
748 55
749 24
750 27
751 24
752 45
753 45
754 31
755 32
756 30
757 33
758 29
759 33
760 29
761 31
762 42
763 30
764 42
765 38
766 36
767 33
768 25
769 43
770 38
771 31
772 38
773 36
774 34
775 25
776 37
777 30
778 33
779 30
780 15
781 30
782 48
783 33
784 24
785 25
786 32
787 31
788 38
789 31
790 35
791 42
792 48
793 38
794 36
795 41
796 39
797 29
798 34
799 30
800 34
801 40
802 27
803 34
804 28
805 22
806 39
807 31
808 50
809 31
810 40
811 38
812 36
813 29
814 37
815 33
816 28
817 40
818 28
819 35
820 37
821 36
822 32
823 25
824 41
825 24
826 27
827 29
828 37
829 26
830 39
831 30
832 22
833 33
834 26
835 28
836 27
837 32
838 26
839 34
840 41
841 24
842 31
843 43
844 33
845 27
846 35
847 38
848 27
849 27
850 33
851 32
852 25
853 37
854 36
855 30
856 37
857 35
858 33
859 26
860 46
861 25
862 44
863 49
864 32
865 25
866 25
867 21
868 34
869 35
870 28
871 36
872 26
873 28
874 41
875 26
876 32
877 31
878 39
879 37
880 37
881 33
882 38
883 29
884 27
885 22
886 24
887 29
888 34
889 39
890 28
891 33
892 40
893 31
894 23
895 33
896 30
897 37
898 45
899 31
900 32
901 24
902 31
903 43
904 31
905 25
906 30
907 36
908 29
909 27
910 38
911 44
912 18
913 38
914 37
915 40
916 30
917 36
918 22
919 33
920 28
921 30
922 33
923 30
924 36
925 42
926 41
927 38
928 34
929 28
930 37
931 39
932 37
933 31
934 23
935 35
936 33
937 34
938 24
939 32
940 27
941 29
942 20
943 22
944 38
945 35
946 36
947 28
948 33
949 28
950 30
951 19
952 24
953 34
954 38
955 25
956 38
957 41
958 34
959 32
960 36
961 37
962 39
963 34
964 27
965 33
966 28
967 34
968 41
969 39
970 34
971 24
972 37
973 33
974 44
975 25
976 34
977 37
978 30
979 33
980 23
981 38
982 24
983 44
984 37
985 26
986 30
987 37
988 28
989 28
990 30
991 22
992 27
993 38
994 39
995 34
996 31
997 30
998 16
999 30
1000 40
1001 39
1002 27
1003 29
1004 44
1005 28
1006 31
1007 31
1008 35
1009 33
1010 33
1011 37
1012 36
1013 32
1014 20
1015 36
1016 35
1017 27
1018 29
1019 28
1020 31
1021 27
1022 33
1023 24
1024 35
1025 34
1026 28
1027 37
1028 44
1029 32
1030 33
1031 38
1032 25
1033 26
1034 40
1035 38
1036 28
1037 21
1038 33
1039 19
1040 28
1041 29
1042 33
1043 32
1044 34
1045 33
1046 22
1047 31
1048 34
1049 28
1050 17
1051 34
1052 31
1053 23
1054 26
1055 29
1056 25
1057 34
1058 43
1059 26
1060 39
1061 31
1062 34
1063 25
1064 26
1065 29
1066 25
1067 28
1068 28
1069 28
1070 27
1071 34
1072 29
1073 32
1074 30
1075 30
1076 39
1077 35
1078 23
1079 37
1080 23
1081 39
1082 25
1083 32
1084 24
1085 26
1086 27
1087 31
1088 24
1089 32
1090 44
1091 47
1092 32
1093 36
1094 28
1095 36
1096 24
1097 35
1098 33
1099 22
1100 30
1101 34
1102 32
1103 26
1104 25
1105 37
1106 36
1107 26
1108 20
1109 36
1110 22
1111 22
1112 31
1113 30
1114 24
1115 36
1116 41
1117 26
1118 33
1119 30
1120 41
1121 24
1122 27
1123 32
1124 30
1125 38
1126 40
1127 33
1128 37
1129 28
1130 31
1131 38
1132 37
1133 56
1134 40
1135 54
1136 68
1137 86
1138 104
1139 143
1140 141
1141 123
1142 162
1143 213
1144 306
1145 349
1146 359
1147 317
1148 399
1149 389
1150 433
1151 482
1152 588
1153 583
1154 561
1155 532
1156 556
1157 508
1158 472
1159 326
1160 287
1161 237
1162 245
1163 190
1164 144
1165 91
1166 68
1167 42
1168 36
1169 38
1170 33
1171 41
1172 42
1173 40
1174 27
1175 23
1176 36
1177 31
1178 41
1179 37
1180 24
1181 40
1182 37
1183 35
1184 22
1185 31
1186 21
1187 34
1188 25
1189 37
1190 32
1191 25
1192 37
1193 28
1194 38
1195 30
1196 35
1197 35
1198 26
1199 44
1200 34
1201 43
1202 31
1203 25
1204 29
1205 31
1206 30
1207 33
1208 36
1209 19
1210 37
1211 40
1212 26
1213 26
1214 25
1215 31
1216 38
1217 35
1218 23
1219 23
1220 33
1221 29
1222 33
1223 28
1224 26
1225 29
1226 31
1227 30
1228 35
1229 22
1230 23
1231 22
1232 34
1233 35
1234 30
1235 35
1236 26
1237 30
1238 31
1239 27
1240 43
1241 25
1242 29
1243 36
1244 33
1245 19
1246 28
1247 28
1248 27
1249 30
1250 24
1251 21
1252 30
1253 25
1254 23
1255 25
1256 33
1257 36
1258 29
1259 28
1260 35
1261 14
1262 29
1263 22
1264 23
1265 26
1266 24
1267 23
1268 26
1269 18
1270 27
1271 26
1272 20
1273 29
1274 19
1275 16
1276 26
1277 19
1278 13
1279 6
1280 25
1281 25
1282 24
1283 13
1284 19
1285 16
1286 16
1287 20
1288 22
1289 21
1290 19
1291 13
1292 24
1293 21
1294 18
1295 20
1296 22
1297 28
1298 21
1299 25
1300 22
1301 26
1302 20
1303 20
1304 21
1305 18
1306 22
1307 31
1308 22
1309 28
1310 31
1311 24
1312 29
1313 28
1314 26
1315 20
1316 27
1317 17
1318 14
1319 21
1320 24
1321 30
1322 17
1323 24
1324 19
1325 29
1326 25
1327 15
1328 14
1329 26
1330 30
1331 20
1332 17
1333 14
1334 20
1335 18
1336 21
1337 22
1338 16
1339 26
1340 19
1341 28
1342 24
1343 18
1344 25
1345 24
1346 23
1347 17
1348 22
1349 19
1350 19
1351 20
1352 28
1353 19
1354 19
1355 14
1356 23
1357 22
1358 20
1359 22
1360 28
1361 33
1362 24
1363 40
1364 34
1365 32
1366 41
1367 41
1368 37
1369 37
1370 38
1371 40
1372 49
1373 30
1374 42
1375 37
1376 44
1377 40
1378 33
1379 29
1380 47
1381 27
1382 27
1383 25
1384 21
1385 26
1386 35
1387 17
1388 21
1389 22
1390 20
1391 25
1392 32
1393 15
1394 17
1395 18
1396 27
1397 14
1398 28
1399 25
1400 21
1401 17
1402 19
1403 16
1404 15
1405 25
1406 18
1407 16
1408 16
1409 19
1410 26
1411 17
1412 29
1413 22
1414 24
1415 18
1416 26
1417 25
1418 17
1419 24
1420 19
1421 24
1422 20
1423 21
1424 20
1425 26
1426 22
1427 27
1428 24
1429 21
1430 22
1431 22
1432 17
1433 27
1434 19
1435 22
1436 21
1437 38
1438 28
1439 37
1440 42
1441 37
1442 39
1443 39
1444 51
1445 55
1446 63
1447 59
1448 74
1449 89
1450 92
1451 126
1452 156
1453 148
1454 174
1455 168
1456 231
1457 196
1458 178
1459 158
1460 170
1461 174
1462 177
1463 167
1464 176
1465 152
1466 115
1467 75
1468 52
1469 48
1470 31
1471 35
1472 25
1473 26
1474 29
1475 24
1476 28
1477 24
1478 24
1479 26
1480 26
1481 14
1482 20
1483 22
1484 25
1485 26
1486 21
1487 26
1488 18
1489 25
1490 21
1491 26
1492 16
1493 15
1494 21
1495 21
1496 21
1497 8
1498 23
1499 25
1500 23
1501 21
1502 28
1503 26
1504 20
1505 21
1506 22
1507 26
1508 23
1509 21
1510 22
1511 26
1512 25
1513 16
1514 18
1515 22
1516 18
1517 13
1518 13
1519 16
1520 26
1521 13
1522 25
1523 15
1524 22
1525 22
1526 25
1527 26
1528 18
1529 17
1530 15
1531 19
1532 21
1533 20
1534 14
1535 14
1536 13
1537 23
1538 23
1539 17
1540 28
1541 17
1542 23
1543 23
1544 19
1545 17
1546 30
1547 19
1548 19
1549 30
1550 17
1551 23
1552 13
1553 24
1554 28
1555 28
1556 27
1557 24
1558 17
1559 25
1560 29
1561 19
1562 20
1563 21
1564 14
1565 21
1566 16
1567 18
1568 16
1569 19
1570 19
1571 23
1572 21
1573 20
1574 25
1575 17
1576 27
1577 20
1578 12
1579 15
1580 19
1581 15
1582 16
1583 23
1584 14
1585 12
1586 16
1587 21
1588 16
1589 23
1590 27
1591 25
1592 23
1593 11
1594 19
1595 17
1596 23
1597 15
1598 19
1599 22
1600 25
1601 21
1602 20
1603 23
1604 22
1605 18
1606 27
1607 31
1608 17
1609 17
1610 15
1611 30
1612 26
1613 21
1614 21
1615 20
1616 19
1617 11
1618 23
1619 17
1620 24
1621 20
1622 17
1623 18
1624 18
1625 14
1626 14
1627 16
1628 13
1629 17
1630 15
1631 13
1632 14
1633 21
1634 20
1635 19
1636 19
1637 17
1638 12
1639 22
1640 8
1641 21
1642 24
1643 18
1644 14
1645 18
1646 16
1647 20
1648 12
1649 17
1650 22
1651 16
1652 23
1653 15
1654 19
1655 19
1656 20
1657 19
1658 23
1659 14
1660 16
1661 27
1662 21
1663 20
1664 21
1665 18
1666 23
1667 14
1668 26
1669 20
1670 16
1671 12
1672 14
1673 16
1674 17
1675 19
1676 13
1677 12
1678 23
1679 16
1680 23
1681 17
1682 20
1683 17
1684 9
1685 20
1686 19
1687 13
1688 13
1689 25
1690 20
1691 19
1692 19
1693 17
1694 11
1695 14
1696 21
1697 19
1698 29
1699 22
1700 20
1701 17
1702 22
1703 16
1704 17
1705 19
1706 13
1707 24
1708 15
1709 13
1710 23
1711 16
1712 15
1713 15
1714 19
1715 10
1716 21
1717 21
1718 23
1719 18
1720 20
1721 23
1722 19
1723 11
1724 22
1725 24
1726 15
1727 20
1728 15
1729 21
1730 18
1731 15
1732 17
1733 18
1734 17
1735 25
1736 19
1737 19
1738 21
1739 10
1740 17
1741 16
1742 20
1743 15
1744 13
1745 18
1746 11
1747 14
1748 20
1749 13
1750 13
1751 23
1752 17
1753 23
1754 13
1755 12
1756 19
1757 21
1758 11
1759 13
1760 15
1761 14
1762 19
1763 16
1764 15
1765 18
1766 22
1767 23
1768 16
1769 21
1770 13
1771 15
1772 19
1773 16
1774 20
1775 20
1776 20
1777 19
1778 13
1779 16
1780 22
1781 16
1782 21
1783 15
1784 11
1785 15
1786 20
1787 11
1788 19
1789 17
1790 14
1791 12
1792 22
1793 12
1794 19
1795 20
1796 12
1797 20
1798 17
1799 18
1800 19
1801 22
1802 25
1803 17
1804 14
1805 17
1806 26
1807 21
1808 15
1809 19
1810 19
1811 16
1812 12
1813 7
1814 16
1815 12
1816 22
1817 15
1818 20
1819 15
1820 15
1821 16
1822 21
1823 16
1824 20
1825 15
1826 9
1827 17
1828 20
1829 20
1830 13
1831 12
1832 18
1833 7
1834 11
1835 10
1836 12
1837 18
1838 19
1839 14
1840 21
1841 19
1842 23
1843 10
1844 10
1845 17
1846 22
1847 15
1848 12
1849 16
1850 13
1851 14
1852 23
1853 22
1854 12
1855 16
1856 14
1857 14
1858 20
1859 15
1860 22
1861 20
1862 15
1863 21
1864 23
1865 17
1866 25
1867 17
1868 7
1869 23
1870 19
1871 27
1872 18
1873 22
1874 12
1875 10
1876 17
1877 31
1878 27
1879 21
1880 23
1881 21
1882 20
1883 22
1884 22
1885 23
1886 20
1887 26
1888 18
1889 17
1890 14
1891 21
1892 18
1893 17
1894 21
1895 20
1896 17
1897 24
1898 17
1899 13
1900 13
1901 15
1902 11
1903 25
1904 19
1905 13
1906 22
1907 18
1908 15
1909 13
1910 19
1911 19
1912 13
1913 21
1914 16
1915 17
1916 28
1917 22
1918 17
1919 18
1920 28
1921 32
1922 37
1923 20
1924 20
1925 23
1926 45
1927 43
1928 48
1929 57
1930 41
1931 55
1932 61
1933 66
1934 85
1935 76
1936 101
1937 121
1938 103
1939 136
1940 143
1941 94
1942 94
1943 104
1944 115
1945 140
1946 91
1947 91
1948 63
1949 49
1950 67
1951 37
1952 30
1953 36
1954 31
1955 53
1956 43
1957 31
1958 26
1959 18
1960 22
1961 17
1962 11
1963 14
1964 19
1965 11
1966 15
1967 20
1968 18
1969 14
1970 19
1971 19
1972 16
1973 21
1974 11
1975 20
1976 23
1977 21
1978 16
1979 18
1980 11
1981 13
1982 15
1983 21
1984 18
1985 14
1986 21
1987 23
1988 6
1989 13
1990 19
1991 20
1992 16
1993 11
1994 14
1995 11
1996 19
1997 25
1998 14
1999 14
2000 20
2001 11
2002 19
2003 13
2004 18
2005 18
2006 18
2007 10
2008 16
2009 15
2010 24
2011 17
2012 13
2013 15
2014 16
2015 13
2016 8
2017 12
2018 13
2019 18
2020 17
2021 13
2022 22
2023 11
2024 14
2025 12
2026 18
2027 12
2028 17
2029 13
2030 16
2031 18
2032 17
2033 14
2034 11
2035 17
2036 20
2037 15
2038 14
2039 13
2040 15
2041 16
2042 13
2043 13
2044 13
2045 18
2046 15
2047 22
2048 17
2049 12
2050 13
2051 10
2052 17
2053 15
2054 20
2055 19
2056 15
2057 18
2058 20
2059 12
2060 14
2061 21
2062 17
2063 10
2064 15
2065 19
2066 17
2067 18
2068 14
2069 14
2070 13
2071 17
2072 17
2073 22
2074 12
2075 10
2076 13
2077 6
2078 19
2079 14
2080 16
2081 16
2082 15
2083 18
2084 11
2085 15
2086 8
2087 13
2088 18
2089 12
2090 15
2091 16
2092 15
2093 23
2094 9
2095 20
2096 24
2097 15
2098 16
2099 21
2100 22
2101 7
2102 13
2103 13
2104 13
2105 9
2106 12
2107 14
2108 18
2109 17
2110 21
2111 12
2112 9
2113 19
2114 14
2115 11
2116 9
2117 11
2118 15
2119 19
2120 10
2121 15
2122 12
2123 15
2124 11
2125 10
2126 17
2127 14
2128 16
2129 13
2130 10
2131 19
2132 17
2133 11
2134 14
2135 10
2136 7
2137 14
2138 15
2139 10
2140 18
2141 13
2142 10
2143 13
2144 7
2145 13
2146 14
2147 12
2148 16
2149 14
2150 19
2151 12
2152 16
2153 11
2154 11
2155 13
2156 18
2157 15
2158 16
2159 19
2160 20
2161 17
2162 16
2163 14
2164 13
2165 23
2166 22
2167 23
2168 13
2169 17
2170 19
2171 17
2172 21
2173 14
2174 21
2175 31
2176 19
2177 19
2178 30
2179 33
2180 29
2181 32
2182 34
2183 36
2184 47
2185 56
2186 53
2187 86
2188 80
2189 83
2190 90
2191 118
2192 104
2193 126
2194 157
2195 224
2196 274
2197 282
2198 267
2199 266
2200 269
2201 342
2202 295
2203 393
2204 401
2205 450
2206 399
2207 364
2208 413
2209 386
2210 390
2211 361
2212 354
2213 273
2214 218
2215 219
2216 206
2217 194
2218 159
2219 110
2220 100
2221 55
2222 45
2223 48
2224 41
2225 34
2226 35
2227 33
2228 25
2229 20
2230 21
2231 26
2232 19
2233 18
2234 21
2235 20
2236 12
2237 14
2238 18
2239 19
2240 17
2241 12
2242 10
2243 10
2244 15
2245 7
2246 16
2247 9
2248 14
2249 14
2250 16
2251 14
2252 10
2253 20
2254 10
2255 7
2256 14
2257 17
2258 16
2259 11
2260 16
2261 16
2262 12
2263 11
2264 15
2265 16
2266 16
2267 12
2268 12
2269 14
2270 16
2271 14
2272 12
2273 12
2274 14
2275 16
2276 11
2277 12
2278 19
2279 10
2280 20
2281 13
2282 14
2283 13
2284 10
2285 13
2286 15
2287 15
2288 19
2289 25
2290 10
2291 18
2292 18
2293 18
2294 18
2295 10
2296 16
2297 15
2298 15
2299 6
2300 15
2301 10
2302 14
2303 18
2304 13
2305 12
2306 10
2307 17
2308 14
2309 13
2310 20
2311 12
2312 16
2313 14
2314 15
2315 23
2316 17
2317 15
2318 16
2319 19
2320 15
2321 20
2322 19
2323 15
2324 17
2325 11
2326 9
2327 10
2328 13
2329 19
2330 17
2331 9
2332 13
2333 13
2334 14
2335 15
2336 14
2337 15
2338 13
2339 11
2340 16
2341 10
2342 10
2343 12
2344 15
2345 13
2346 15
2347 16
2348 17
2349 11
2350 16
2351 15
2352 9
2353 16
2354 13
2355 11
2356 8
2357 11
2358 13
2359 17
2360 8
2361 14
2362 11
2363 11
2364 10
2365 16
2366 14
2367 10
2368 15
2369 11
2370 10
2371 20
2372 16
2373 12
2374 19
2375 7
2376 13
2377 13
2378 13
2379 14
2380 11
2381 17
2382 14
2383 12
2384 16
2385 23
2386 16
2387 16
2388 12
2389 11
2390 20
2391 15
2392 19
2393 17
2394 20
2395 22
2396 33
2397 23
2398 36
2399 34
2400 33
2401 36
2402 42
2403 36
2404 37
2405 52
2406 57
2407 57
2408 69
2409 61
2410 75
2411 65
2412 65
2413 86
2414 100
2415 96
2416 88
2417 97
2418 99
2419 101
2420 100
2421 93
2422 79
2423 57
2424 52
2425 69
2426 70
2427 33
2428 38
2429 46
2430 35
2431 35
2432 26
2433 29
2434 16
2435 16
2436 17
2437 8
2438 17
2439 16
2440 17
2441 19
2442 14
2443 12
2444 11
2445 12
2446 15
2447 11
2448 14
2449 9
2450 9
2451 9
2452 13
2453 17
2454 13
2455 7
2456 11
2457 8
2458 16
2459 7
2460 8
2461 20
2462 13
2463 9
2464 9
2465 9
2466 13
2467 7
2468 10
2469 12
2470 14
2471 11
2472 14
2473 14
2474 16
2475 17
2476 14
2477 11
2478 8
2479 16
2480 9
2481 15
2482 15
2483 13
2484 8
2485 15
2486 10
2487 10
2488 13
2489 15
2490 17
2491 7
2492 8
2493 13
2494 13
2495 17
2496 11
2497 15
2498 8
2499 12
2500 15
2501 10
2502 17
2503 13
2504 6
2505 9
2506 9
2507 6
2508 15
2509 12
2510 9
2511 10
2512 9
2513 15
2514 8
2515 9
2516 26
2517 13
2518 9
2519 15
2520 8
2521 9
2522 9
2523 10
2524 11
2525 10
2526 12
2527 13
2528 16
2529 9
2530 18
2531 5
2532 5
2533 8
2534 10
2535 10
2536 15
2537 16
2538 11
2539 11
2540 10
2541 9
2542 14
2543 12
2544 7
2545 17
2546 11
2547 19
2548 12
2549 16
2550 12
2551 9
2552 11
2553 19
2554 9
2555 11
2556 6
2557 8
2558 15
2559 14
