0 32
1 17
2 27
3 27
4 25
5 24
6 25
7 29
8 40
9 25
10 17
11 19
12 24
13 20
14 23
15 23
16 23
17 17
18 25
19 14
20 27
21 25
22 21
23 23
24 17
25 23
26 26
27 23
28 31
29 30
30 42
31 19
32 16
33 21
34 25
35 25
36 30
37 23
38 26
39 24
40 26
41 37
42 32
43 29
44 20
45 25
46 25
47 25
48 22
49 25
50 35
51 24
52 26
53 21
54 31
55 23
56 26
57 26
58 23
59 24
60 27
61 26
62 32
63 26
64 30
65 21
66 31
67 35
68 29
69 25
70 29
71 29
72 21
73 25
74 27
75 22
76 29
77 27
78 23
79 28
80 26
81 27
82 39
83 21
84 27
85 16
86 27
87 24
88 25
89 19
90 22
91 24
92 21
93 20
94 28
95 20
96 35
97 24
98 27
99 18
100 22
101 32
102 28
103 35
104 26
105 27
106 29
107 26
108 19
109 23
110 28
111 15
112 39
113 24
114 31
115 35
116 28
117 23
118 12
119 23
120 26
121 25
122 20
123 31
124 38
125 26
126 26
127 22
128 23
129 23
130 15
131 29
132 23
133 16
134 23
135 43
136 29
137 28
138 31
139 41
140 31
141 33
142 13
143 19
144 36
145 28
146 17
147 24
148 27
149 28
150 35
151 34
152 35
153 25
154 37
155 20
156 22
157 27
158 28
159 25
160 29
161 27
162 24
163 41
164 23
165 28
166 25
167 26
168 35
169 31
170 29
171 19
172 25
173 26
174 33
175 22
176 32
177 33
178 40
179 33
180 34
181 29
182 26
183 26
184 30
185 34
186 24
187 29
188 36
189 31
190 28
191 19
192 30
193 33
194 30
195 26
196 23
197 23
198 27
199 21
200 31
201 31
202 29
203 34
204 21
205 16
206 36
207 26
208 24
209 30
210 27
211 24
212 27
213 32
214 28
215 25
216 30
217 28
218 29
219 20
220 29
221 20
222 27
223 28
224 31
225 35
226 39
227 26
228 26
229 31
230 25
231 29
232 27
233 34
234 38
235 28
236 27
237 23
238 30
239 33
240 25
241 40
242 25
243 32
244 35
245 30
246 28
247 25
248 22
249 28
250 20
251 25
252 29
253 26
254 27
255 31
256 30
257 39
258 27
259 37
260 38
261 31
262 30
263 32
264 31
265 39
266 38
267 37
268 24
269 32
270 28
271 33
272 34
273 19
274 28
275 23
276 22
277 26
278 18
279 19
280 31
281 29
282 31
283 21
284 31
285 21
286 30
287 23
288 24
289 30
290 28
291 31
292 31
293 32
294 21
295 25
296 32
297 31
298 26
299 34
300 30
301 32
302 32
303 32
304 29
305 30
306 31
307 25
308 27
309 28
310 41
311 23
312 33
313 24
314 35
315 21
316 35
317 34
318 43
319 26
320 32
321 25
322 32
323 30
324 32
325 30
326 33
327 25
328 24
329 26
330 28
331 29
332 18
333 28
334 32
335 23
336 26
337 31
338 32
339 20
340 26
341 39
342 28
343 25
344 25
345 25
346 37
347 32
348 26
349 27
350 21
351 19
352 19
353 25
354 36
355 37
356 28
357 32
358 28
359 40
360 28
361 29
362 33
363 33
364 25
365 25
366 31
367 26
368 35
369 40
370 30
371 27
372 35
373 36
374 30
375 29
376 26
377 26
378 32
379 23
380 25
381 26
382 26
383 25
384 27
385 30
386 29
387 32
388 30
389 33
390 21
391 27
392 35
393 31
394 25
395 30
396 32
397 25
398 24
399 21
400 27
401 30
402 41
403 31
404 30
405 34
406 27
407 18
408 27
409 25
410 29
411 35
412 30
413 39
414 27
415 35
416 35
417 33
418 29
419 49
420 35
421 32
422 34
423 39
424 28
425 29
426 31
427 27
428 27
429 37
430 37
431 34
432 30
433 29
434 33
435 37
436 34
437 29
438 32
439 35
440 32
441 26
442 29
443 23
444 21
445 37
446 40
447 36
448 31
449 29
450 43
451 29
452 39
453 30
454 45
455 28
456 43
457 36
458 30
459 37
460 25
461 30
462 36
463 33
464 31
465 30
466 20
467 33
468 31
469 38
470 28
471 25
472 38
473 38
474 27
475 24
476 40
477 26
478 29
479 30
480 29
481 30
482 34
483 30
484 25
485 34
486 28
487 28
488 32
489 30
490 28
491 40
492 26
493 23
494 29
495 35
496 24
497 34
498 29
499 37
500 38
501 22
502 23
503 34
504 30
505 47
506 35
507 25
508 32
509 22
510 44
511 30
512 29
513 49
514 35
515 43
516 35
517 38
518 35
519 27
520 30
521 31
522 36
523 36
524 30
525 28
526 33
527 38
528 36
529 36
530 36
531 26
532 34
533 37
534 24
535 38
536 37
537 38
538 40
539 38
540 32
541 44
542 29
543 33
544 32
545 36
546 29
547 25
548 30
549 44
550 17
551 31
552 41
553 32
554 32
555 32
556 39
557 27
558 39
559 36
560 37
561 46
562 33
563 36
564 29
565 28
566 35
567 35
568 39
569 34
570 44
571 39
572 26
573 24
574 44
575 38
576 33
577 24
578 32
579 31
580 40
581 40
582 42
583 42
584 27
585 33
586 29
587 32
588 44
589 23
590 32
591 36
592 32
593 34
594 37
595 31
596 43
597 22
598 39
599 43
600 30
601 41
602 30
603 37
604 26
605 31
606 23
607 40
608 26
609 27
610 40
611 36
612 39
613 30
614 33
615 32
616 32
617 44
618 30
619 29
620 40
621 25
622 27
623 53
624 35
625 45
626 38
627 45
628 47
629 60
630 57
631 47
632 52
633 46
634 55
635 49
636 50
637 51
638 72
639 60
640 98
641 104
642 100
643 82
644 82
645 82
646 84
647 80
648 94
649 98
650 75
651 96
652 88
653 83
654 78
655 76
656 82
657 60
658 59
659 55
660 44
661 48
662 41
663 43
664 33
665 28
666 32
667 22
668 32
669 45
670 22
671 38
672 43
673 39
674 33
675 35
676 29
677 40
678 34
679 28
680 33
681 41
682 31
683 35
684 40
685 28
686 30
687 33
688 33
689 28
690 39
691 41
692 29
693 34
694 31
695 33
696 33
697 31
698 29
699 36
700 38
701 27
702 41
703 37
704 28
705 41
706 34
707 29
708 30
709 27
710 35
711 39
712 32
713 26
714 39
715 27
716 23
717 35
718 33
719 26
720 27
721 27
722 29
723 30
724 28
725 40
726 41
727 34
728 31
729 38
730 27
731 21
732 32
733 25
734 37
735 33
736 47
737 33
738 24
739 32
740 35
741 25
742 37
743 29
744 23
745 40
746 34
747 44
748 28
749 26
750 34
751 36
752 38
753 28
754 27
755 26
756 33
757 32
758 30
759 29
760 27
761 29
762 27
763 28
764 38
765 29
766 34
767 28
768 27
769 32
770 37
771 34
772 29
773 38
774 37
775 35
776 26
777 31
778 29
779 31
780 34
781 40
782 33
783 34
784 44
785 33
786 38
787 35
788 37
789 30
790 28
791 26
792 40
793 33
794 35
795 28
796 42
797 34
798 28
799 32
800 39
801 27
802 29
803 35
804 38
805 27
806 29
807 27
808 28
809 31
810 27
811 34
812 37
813 37
814 33
815 41
816 37
817 24
818 37
819 39
820 45
821 35
822 22
823 30
824 24
825 31
826 30
827 23
828 28
829 35
830 40
831 42
832 30
833 36
834 28
835 32
836 35
837 27
838 21
839 26
840 33
841 29
842 51
843 25
844 25
845 33
846 38
847 27
848 32
849 27
850 27
851 25
852 34
853 35
854 36
855 34
856 23
857 31
858 33
859 23
860 36
861 36
862 38
863 24
864 23
865 19
866 41
867 34
868 37
869 32
870 36
871 33
872 26
873 32
874 26
875 27
876 40
877 23
878 32
879 34
880 29
881 30
882 26
883 28
884 32
885 23
886 27
887 28
888 40
889 22
890 28
891 39
892 30
893 29
894 31
895 39
896 40
897 28
898 37
899 31
900 31
901 36
902 34
903 44
904 33
905 40
906 29
907 34
908 36
909 23
910 39
911 26
912 33
913 33
914 36
915 27
916 33
917 26
918 24
919 27
920 28
921 38
922 25
923 36
924 30
925 38
926 43
927 29
928 34
929 20
930 34
931 29
932 31
933 33
934 23
935 29
936 45
937 45
938 35
939 26
940 30
941 35
942 36
943 29
944 34
945 26
946 40
947 36
948 34
949 36
950 36
951 18
952 24
953 19
954 26
955 38
956 36
957 31
958 30
959 24
960 26
961 18
962 24
963 28
964 30
965 27
966 28
967 32
968 36
969 33
970 23
971 29
972 32
973 31
974 27
975 33
976 32
977 42
978 26
979 32
980 19
981 36
982 31
983 38
984 26
985 29
986 29
987 32
988 28
989 39
990 37
991 25
992 21
993 34
994 38
995 41
996 39
997 34
998 35
999 32
1000 30
1001 28
1002 39
1003 31
1004 44
1005 38
1006 30
1007 28
1008 33
1009 32
1010 32
1011 44
1012 30
1013 29
1014 24
1015 18
1016 27
1017 23
1018 37
1019 27
1020 22
1021 35
1022 34
1023 35
1024 27
1025 24
1026 26
1027 26
1028 24
1029 31
1030 26
1031 34
1032 23
1033 25
1034 24
1035 23
1036 34
1037 23
1038 31
1039 34
1040 27
1041 30
1042 21
1043 27
1044 25
1045 25
1046 28
1047 24
1048 24
1049 30
1050 41
1051 22
1052 24
1053 36
1054 33
1055 34
1056 36
1057 41
1058 38
1059 29
1060 25
1061 45
1062 38
1063 38
1064 26
1065 24
1066 25
1067 27
1068 35
1069 27
1070 45
1071 38
1072 26
1073 33
1074 28
1075 26
1076 33
1077 40
1078 36
1079 27
1080 27
1081 24
1082 25
1083 25
1084 26
1085 23
1086 24
1087 34
1088 27
1089 34
1090 27
1091 26
1092 36
1093 46
1094 38
1095 18
1096 26
1097 30
1098 34
1099 22
1100 32
1101 27
1102 25
1103 29
1104 26
1105 22
1106 28
1107 26
1108 38
1109 31
1110 27
1111 27
1112 22
1113 31
1114 28
1115 31
1116 28
1117 31
1118 29
1119 41
1120 24
1121 32
1122 25
1123 32
1124 28
1125 29
1126 31
1127 34
1128 27
1129 32
1130 38
1131 29
1132 31
1133 20
1134 24
1135 28
1136 43
1137 31
1138 32
1139 30
1140 30
1141 32
1142 30
1143 32
1144 40
1145 33
1146 33
1147 29
1148 21
1149 40
1150 23
1151 34
1152 32
1153 31
1154 29
1155 27
1156 31
1157 29
1158 28
1159 31
1160 44
1161 30
1162 22
1163 29
1164 32
1165 30
1166 30
1167 29
1168 25
1169 31
1170 24
1171 37
1172 30
1173 28
1174 35
1175 35
1176 46
1177 48
1178 55
1179 38
1180 55
1181 48
1182 87
1183 86
1184 101
1185 120
1186 165
1187 277
1188 354
1189 340
1190 325
1191 379
1192 389
1193 464
1194 458
1195 431
1196 421
1197 434
1198 408
1199 425
1200 431
1201 441
1202 442
1203 347
1204 278
1205 270
1206 221
1207 181
1208 134
1209 89
1210 64
1211 31
1212 34
1213 43
1214 48
1215 36
1216 27
1217 29
1218 27
1219 28
1220 29
1221 23
1222 27
1223 35
1224 35
1225 26
1226 28
1227 22
1228 24
1229 32
1230 38
1231 23
1232 37
1233 34
1234 30
1235 34
1236 32
1237 34
1238 33
1239 26
1240 25
1241 42
1242 24
1243 33
1244 33
1245 32
1246 29
1247 33
1248 37
1249 34
1250 24
1251 24
1252 25
1253 28
1254 23
1255 29
1256 26
1257 18
1258 25
1259 25
1260 26
1261 36
1262 34
1263 29
1264 25
1265 24
1266 27
1267 22
1268 20
1269 23
1270 23
1271 14
1272 13
1273 25
1274 15
1275 13
1276 12
1277 18
1278 6
1279 2
1280 36
1281 29
1282 24
1283 25
1284 25
1285 31
1286 26
1287 23
1288 23
1289 21
1290 28
1291 19
1292 31
1293 26
1294 23
1295 27
1296 21
1297 25
1298 33
1299 27
1300 25
1301 28
1302 28
1303 16
1304 11
1305 22
1306 23
1307 16
1308 13
1309 27
1310 22
1311 17
1312 21
1313 23
1314 27
1315 18
1316 24
1317 15
1318 18
1319 23
1320 20
1321 23
1322 19
1323 25
1324 22
1325 15
1326 20
1327 29
1328 21
1329 15
1330 29
1331 14
1332 16
1333 19
1334 21
1335 24
1336 16
1337 16
1338 25
1339 28
1340 23
1341 26
1342 27
1343 30
1344 25
1345 14
1346 23
1347 18
1348 17
1349 23
1350 15
1351 24
1352 24
1353 23
1354 25
1355 23
1356 36
1357 20
1358 24
1359 16
1360 23
1361 17
1362 22
1363 24
1364 18
1365 17
1366 35
1367 29
1368 20
1369 19
1370 19
1371 16
1372 24
1373 21
1374 16
1375 19
1376 17
1377 20
1378 19
1379 20
1380 15
1381 20
1382 23
1383 23
1384 19
1385 23
1386 24
1387 23
1388 21
1389 18
1390 25
1391 17
1392 19
1393 11
1394 22
1395 20
1396 24
1397 14
1398 21
1399 19
1400 20
1401 31
1402 22
1403 21
1404 15
1405 21
1406 20
1407 28
1408 21
1409 23
1410 22
1411 20
1412 26
1413 26
1414 30
1415 43
1416 47
1417 45
1418 55
1419 50
1420 56
1421 53
1422 46
1423 43
1424 26
1425 30
1426 38
1427 35
1428 42
1429 35
1430 29
1431 26
1432 26
1433 32
1434 24
1435 11
1436 19
1437 25
1438 18
1439 30
1440 29
1441 20
1442 21
1443 22
1444 23
1445 22
1446 22
1447 18
1448 20
1449 23
1450 24
1451 22
1452 19
1453 16
1454 23
1455 18
1456 21
1457 17
1458 22
1459 29
1460 24
1461 21
1462 21
1463 17
1464 24
1465 16
1466 22
1467 19
1468 16
1469 22
1470 23
1471 13
1472 27
1473 27
1474 17
1475 21
1476 23
1477 15
1478 18
1479 24
1480 22
1481 27
1482 22
1483 17
1484 27
1485 22
1486 17
1487 28
1488 18
1489 24
1490 19
1491 25
1492 34
1493 23
1494 29
1495 38
1496 31
1497 43
1498 53
1499 50
1500 67
1501 59
1502 72
1503 74
1504 124
1505 129
1506 163
1507 205
1508 316
1509 410
1510 303
1511 205
1512 165
1513 182
1514 152
1515 168
1516 176
1517 162
1518 152
1519 117
1520 87
1521 59
1522 29
1523 36
1524 38
1525 20
1526 20
1527 24
1528 21
1529 22
1530 24
1531 19
1532 25
1533 20
1534 31
1535 19
1536 18
1537 19
1538 19
1539 18
1540 24
1541 31
1542 17
1543 26
1544 20
1545 19
1546 25
1547 26
1548 21
1549 14
1550 25
1551 21
1552 28
1553 16
1554 22
1555 21
1556 30
1557 14
1558 21
1559 19
1560 24
1561 27
1562 22
1563 22
1564 17
1565 16
1566 14
1567 19
1568 15
1569 17
1570 9
1571 20
1572 22
1573 17
1574 20
1575 13
1576 19
1577 21
1578 17
1579 22
1580 25
1581 22
1582 22
1583 20
1584 18
1585 17
1586 23
1587 27
1588 13
1589 15
1590 11
1591 15
1592 22
1593 14
1594 15
1595 22
1596 18
1597 26
1598 23
1599 29
1600 19
1601 21
1602 16
1603 16
1604 20
1605 20
1606 22
1607 23
1608 11
1609 15
1610 23
1611 20
1612 24
1613 18
1614 15
1615 12
1616 20
1617 24
1618 15
1619 19
1620 14
1621 7
1622 16
1623 14
1624 19
1625 16
1626 13
1627 16
1628 16
1629 17
1630 19
1631 21
1632 13
1633 22
1634 11
1635 26
1636 14
1637 25
1638 15
1639 18
1640 8
1641 25
1642 16
1643 18
1644 13
1645 19
1646 26
1647 17
1648 24
1649 15
1650 23
1651 23
1652 20
1653 21
1654 19
1655 20
1656 23
1657 20
1658 14
1659 14
1660 17
1661 20
1662 26
1663 15
1664 23
1665 18
1666 23
1667 11
1668 21
1669 19
1670 20
1671 14
1672 21
1673 14
1674 20
1675 17
1676 15
1677 10
1678 19
1679 17
1680 22
1681 16
1682 19
1683 13
1684 20
1685 19
1686 18
1687 25
1688 12
1689 16
1690 22
1691 22
1692 23
1693 23
1694 21
1695 19
1696 15
1697 22
1698 13
1699 10
1700 15
1701 16
1702 23
1703 13
1704 27
1705 20
1706 17
1707 22
1708 23
1709 16
1710 20
1711 21
1712 19
1713 17
1714 20
1715 16
1716 14
1717 22
1718 16
1719 15
1720 19
1721 16
1722 16
1723 16
1724 17
1725 22
1726 13
1727 22
1728 14
1729 20
1730 9
1731 19
1732 14
1733 13
1734 15
1735 19
1736 25
1737 17
1738 15
1739 10
1740 16
1741 13
1742 12
1743 25
1744 16
1745 16
1746 16
1747 19
1748 22
1749 19
1750 14
1751 16
1752 24
1753 23
1754 21
1755 21
1756 21
1757 20
1758 16
1759 13
1760 18
1761 24
1762 11
1763 14
1764 19
1765 15
1766 24
1767 15
1768 16
1769 19
1770 17
1771 17
1772 20
1773 15
1774 20
1775 17
1776 13
1777 16
1778 16
1779 15
1780 15
1781 11
1782 17
1783 24
1784 19
1785 15
1786 17
1787 16
1788 21
1789 12
1790 15
1791 18
1792 19
1793 13
1794 16
1795 19
1796 12
1797 25
1798 18
1799 13
1800 16
1801 15
1802 16
1803 15
1804 16
1805 13
1806 18
1807 14
1808 15
1809 14
1810 14
1811 14
1812 15
1813 17
1814 15
1815 21
1816 22
1817 21
1818 17
1819 12
1820 23
1821 14
1822 13
1823 16
1824 26
1825 18
1826 20
1827 18
1828 11
1829 19
1830 22
1831 21
1832 12
1833 11
1834 19
1835 19
1836 19
1837 18
1838 16
1839 13
1840 12
1841 17
1842 23
1843 20
1844 13
1845 19
1846 18
1847 17
1848 18
1849 13
1850 12
1851 14
1852 13
1853 13
1854 19
1855 13
1856 13
1857 19
1858 21
1859 10
1860 18
1861 19
1862 19
1863 19
1864 12
1865 16
1866 14
1867 19
1868 19
1869 23
1870 10
1871 22
1872 12
1873 17
1874 11
1875 20
1876 13
1877 14
1878 14
1879 16
1880 10
1881 21
1882 14
1883 18
1884 21
1885 18
1886 18
1887 13
1888 11
1889 15
1890 17
1891 19
1892 17
1893 15
1894 18
1895 10
1896 15
1897 10
1898 12
1899 13
1900 13
1901 19
1902 17
1903 11
1904 18
1905 14
1906 14
1907 13
1908 13
1909 17
1910 17
1911 25
1912 19
1913 17
1914 11
1915 18
1916 13
1917 9
1918 13
1919 12
1920 18
1921 19
1922 20
1923 17
1924 18
1925 23
1926 24
1927 20
1928 23
1929 15
1930 30
1931 25
1932 27
1933 17
1934 23
1935 26
1936 25
1937 14
1938 22
1939 23
1940 18
1941 17
1942 24
1943 14
1944 24
1945 19
1946 15
1947 21
1948 23
1949 19
1950 14
1951 15
1952 14
1953 12
1954 19
1955 11
1956 21
1957 24
1958 24
1959 12
1960 20
1961 23
1962 20
1963 16
1964 23
1965 15
1966 10
1967 14
1968 26
1969 14
1970 23
1971 21
1972 19
1973 14
1974 23
1975 26
1976 11
1977 13
1978 18
1979 15
1980 21
1981 15
1982 25
1983 18
1984 27
1985 28
1986 38
1987 41
1988 50
1989 50
1990 63
1991 75
1992 65
1993 82
1994 85
1995 99
1996 185
1997 199
1998 235
1999 121
2000 128
2001 99
2002 134
2003 141
2004 139
2005 80
2006 60
2007 51
2008 48
2009 36
2010 36
2011 24
2012 25
2013 23
2014 14
2015 22
2016 20
2017 15
2018 14
2019 16
2020 15
2021 11
2022 15
2023 21
2024 16
2025 14
2026 21
2027 15
2028 13
2029 11
2030 10
2031 15
2032 17
2033 14
2034 18
2035 18
2036 18
2037 14
2038 22
2039 15
2040 13
2041 9
2042 16
2043 13
2044 17
2045 18
2046 13
2047 18
2048 16
2049 13
2050 15
2051 10
2052 13
2053 8
2054 14
2055 18
2056 12
2057 11
2058 16
2059 13
2060 11
2061 11
2062 18
2063 12
2064 10
2065 11
2066 14
2067 9
2068 8
2069 12
2070 16
2071 13
2072 15
2073 9
2074 16
2075 16
2076 14
2077 13
2078 14
2079 11
2080 14
2081 20
2082 8
2083 8
2084 12
2085 12
2086 11
2087 14
2088 10
2089 14
2090 18
2091 11
2092 16
2093 15
2094 15
2095 15
2096 12
2097 17
2098 10
2099 13
2100 12
2101 13
2102 8
2103 9
2104 10
2105 14
2106 10
2107 16
2108 12
2109 16
2110 15
2111 11
2112 15
2113 13
2114 11
2115 11
2116 9
2117 15
2118 11
2119 8
2120 14
2121 12
2122 7
2123 14
2124 9
2125 13
2126 11
2127 14
2128 19
2129 13
2130 18
2131 19
2132 5
2133 18
2134 15
2135 12
2136 10
2137 18
2138 19
2139 13
2140 14
2141 18
2142 16
2143 14
2144 16
2145 23
2146 14
2147 8
2148 14
2149 8
2150 22
2151 18
2152 8
2153 12
2154 13
2155 16
2156 16
2157 18
2158 14
2159 12
2160 12
2161 15
2162 14
2163 12
2164 13
2165 13
2166 19
2167 10
2168 13
2169 9
2170 15
2171 17
2172 11
2173 13
2174 15
2175 18
2176 19
2177 15
2178 15
2179 13
2180 16
2181 17
2182 14
2183 17
2184 16
2185 14
2186 21
2187 23
2188 12
2189 14
2190 13
2191 15
2192 22
2193 16
2194 17
2195 9
2196 12
2197 7
2198 18
2199 12
2200 21
2201 20
2202 8
2203 12
2204 12
2205 20
2206 15
2207 19
2208 17
2209 12
2210 18
2211 17
2212 13
2213 7
2214 10
2215 17
2216 12
2217 17
2218 10
2219 15
2220 14
2221 14
2222 17
2223 15
2224 14
2225 15
2226 19
2227 12
2228 14
2229 16
2230 10
2231 18
2232 13
2233 17
2234 12
2235 14
2236 14
2237 22
2238 11
2239 18
2240 19
2241 15
2242 27
2243 19
2244 30
2245 15
2246 26
2247 41
2248 37
2249 38
2250 53
2251 57
2252 55
2253 79
2254 88
2255 131
2256 146
2257 197
2258 235
2259 230
2260 244
2261 243
2262 245
2263 290
2264 365
2265 500
2266 489
2267 482
2268 488
2269 458
2270 454
2271 436
2272 521
2273 506
2274 453
2275 434
2276 339
2277 350
2278 289
2279 291
2280 280
2281 222
2282 196
2283 149
2284 92
2285 53
2286 50
2287 47
2288 50
2289 26
2290 22
2291 18
2292 22
2293 16
2294 26
2295 17
2296 21
2297 18
2298 16
2299 18
2300 22
2301 17
2302 23
2303 17
2304 16
2305 15
2306 14
2307 13
2308 17
2309 20
2310 15
2311 17
2312 11
2313 21
2314 12
2315 14
2316 19
2317 14
2318 15
2319 15
2320 16
2321 8
2322 15
2323 8
2324 15
2325 14
2326 15
2327 12
2328 19
2329 20
2330 10
2331 15
2332 16
2333 8
2334 25
2335 12
2336 10
2337 9
2338 19
2339 22
2340 22
2341 14
2342 11
2343 13
2344 16
2345 15
2346 14
2347 11
2348 6
2349 10
2350 9
2351 15
2352 17
2353 19
2354 11
2355 17
2356 16
2357 12
2358 15
2359 16
2360 11
2361 16
2362 10
2363 13
2364 17
2365 14
2366 10
2367 14
2368 9
2369 9
2370 13
2371 16
2372 24
2373 17
2374 14
2375 13
2376 15
2377 11
2378 13
2379 16
2380 14
2381 13
2382 12
2383 12
2384 22
2385 21
2386 13
2387 16
2388 12
2389 9
2390 22
2391 14
2392 13
2393 13
2394 16
2395 14
2396 11
2397 19
2398 13
2399 15
2400 16
2401 20
2402 17
2403 19
2404 14
2405 9
2406 12
2407 17
2408 12
2409 7
2410 17
2411 12
2412 12
2413 14
2414 10
2415 10
2416 13
2417 8
2418 14
2419 13
2420 16
2421 11
2422 11
2423 8
2424 9
2425 12
2426 13
2427 19
2428 15
2429 15
2430 13
2431 19
2432 13
2433 10
2434 7
2435 13
2436 15
2437 12
2438 15
2439 13
2440 19
2441 7
2442 10
2443 6
2444 16
2445 10
2446 12
2447 16
2448 14
2449 12
2450 13
2451 10
2452 14
2453 14
2454 12
2455 21
2456 12
2457 8
2458 11
2459 17
2460 14
2461 11
2462 12
2463 19
2464 25
2465 21
2466 21
2467 25
2468 27
2469 25
2470 22
2471 27
2472 29
2473 34
2474 59
2475 58
2476 55
2477 71
2478 74
2479 66
2480 67
2481 64
2482 67
2483 72
2484 76
2485 88
2486 75
2487 86
2488 72
2489 60
2490 64
2491 77
2492 57
2493 56
2494 50
2495 46
2496 42
2497 42
2498 45
2499 20
2500 25
2501 36
2502 19
2503 16
2504 17
2505 9
2506 13
2507 21
2508 12
2509 14
2510 21
2511 7
2512 15
2513 15
2514 18
2515 14
2516 13
2517 11
2518 18
2519 14
2520 10
2521 11
2522 12
2523 11
2524 16
2525 10
2526 15
2527 12
2528 14
2529 11
2530 11
2531 14
2532 13
2533 8
2534 11
2535 19
2536 7
2537 17
2538 10
2539 7
2540 9
2541 11
2542 11
2543 14
2544 10
2545 15
2546 11
2547 11
2548 13
2549 9
2550 9
2551 13
2552 11
2553 12
2554 12
2555 13
2556 15
2557 12
2558 6
2559 7
