0 35
1 24
2 15
3 20
4 21
5 27
6 39
7 32
8 38
9 24
10 30
11 31
12 28
13 35
14 44
15 27
16 25
17 34
18 37
19 32
20 23
21 30
22 30
23 22
24 34
25 26
26 22
27 22
28 19
29 30
30 30
31 36
32 30
33 27
34 23
35 33
36 33
37 27
38 40
39 27
40 27
41 26
42 34
43 32
44 24
45 32
46 28
47 32
48 37
49 25
50 28
51 28
52 30
53 24
54 30
55 22
56 29
57 35
58 22
59 22
60 25
61 37
62 32
63 22
64 25
65 21
66 32
67 31
68 32
69 27
70 26
71 32
72 25
73 31
74 37
75 30
76 34
77 28
78 28
79 32
80 31
81 25
82 29
83 34
84 40
85 35
86 35
87 27
88 31
89 24
90 30
91 25
92 32
93 29
94 33
95 32
96 19
97 40
98 32
99 28
100 37
101 43
102 22
103 30
104 40
105 30
106 28
107 29
108 27
109 30
110 28
111 35
112 34
113 38
114 32
115 30
116 32
117 23
118 16
119 29
120 33
121 19
122 27
123 28
124 37
125 37
126 26
127 31
128 45
129 29
130 33
131 35
132 40
133 43
134 32
135 37
136 25
137 41
138 30
139 29
140 33
141 31
142 38
143 37
144 33
145 33
146 37
147 29
148 39
149 38
150 38
151 43
152 17
153 23
154 37
155 22
156 35
157 38
158 32
159 26
160 25
161 31
162 37
163 28
164 38
165 26
166 25
167 41
168 28
169 33
170 34
171 32
172 33
173 35
174 37
175 35
176 41
177 32
178 33
179 32
180 40
181 33
182 36
183 31
184 36
185 32
186 23
187 33
188 34
189 32
190 30
191 32
192 34
193 35
194 36
195 35
196 19
197 39
198 31
199 26
200 39
201 24
202 28
203 26
204 37
205 27
206 28
207 32
208 32
209 26
210 20
211 23
212 37
213 33
214 32
215 44
216 29
217 21
218 32
219 31
220 38
221 27
222 30
223 33
224 27
225 35
226 30
227 25
228 31
229 35
230 35
231 28
232 44
233 31
234 31
235 25
236 25
237 36
238 32
239 38
240 43
241 30
242 37
243 32
244 34
245 35
246 31
247 39
248 34
249 30
250 34
251 31
252 32
253 46
254 34
255 39
256 26
257 42
258 42
259 35
260 37
261 35
262 36
263 40
264 33
265 28
266 33
267 32
268 25
269 33
270 29
271 30
272 34
273 39
274 39
275 34
276 33
277 32
278 45
279 40
280 44
281 30
282 38
283 40
284 44
285 40
286 39
287 29
288 35
289 43
290 42
291 32
292 29
293 43
294 35
295 39
296 38
297 35
298 41
299 31
300 38
301 37
302 48
303 31
304 24
305 35
306 27
307 36
308 32
309 28
310 29
311 33
312 42
313 25
314 29
315 44
316 47
317 42
318 50
319 26
320 37
321 34
322 38
323 35
324 30
325 30
326 37
327 31
328 41
329 38
330 38
331 33
332 26
333 31
334 39
335 34
336 32
337 40
338 26
339 37
340 37
341 32
342 41
343 36
344 36
345 36
346 43
347 41
348 44
349 36
350 34
351 33
352 46
353 34
354 30
355 25
356 27
357 26
358 27
359 31
360 41
361 43
362 41
363 37
364 44
365 41
366 23
367 34
368 38
369 27
370 43
371 41
372 34
373 49
374 35
375 31
376 46
377 46
378 33
379 37
380 39
381 33
382 26
383 31
384 36
385 29
386 35
387 45
388 36
389 36
390 39
391 44
392 31
393 43
394 44
395 42
396 39
397 36
398 42
399 43
400 45
401 46
402 31
403 56
404 29
405 43
406 40
407 30
408 27
409 36
410 34
411 31
412 33
413 43
414 36
415 35
416 38
417 35
418 46
419 43
420 30
421 35
422 28
423 39
424 28
425 50
426 33
427 37
428 28
429 26
430 33
431 26
432 43
433 44
434 35
435 36
436 37
437 26
438 43
439 45
440 35
441 40
442 31
443 37
444 39
445 34
446 24
447 29
448 34
449 37
450 33
451 24
452 42
453 31
454 29
455 34
456 38
457 41
458 54
459 43
460 34
461 29
462 50
463 37
464 38
465 43
466 40
467 46
468 36
469 43
470 36
471 38
472 43
473 46
474 34
475 35
476 38
477 28
478 38
479 40
480 33
481 44
482 32
483 36
484 41
485 34
486 37
487 28
488 43
489 45
490 37
491 27
492 28
493 42
494 42
495 36
496 37
497 40
498 41
499 33
500 27
501 36
502 28
503 41
504 38
505 40
506 37
507 52
508 30
509 38
510 45
511 39
512 34
513 35
514 54
515 40
516 30
517 49
518 38
519 30
520 34
521 31
522 45
523 44
524 34
525 23
526 42
527 44
528 31
529 38
530 46
531 35
532 49
533 38
534 44
535 51
536 60
537 34
538 44
539 48
540 46
541 48
542 58
543 53
544 38
545 42
546 53
547 55
548 46
549 64
550 74
551 61
552 63
553 85
554 83
555 95
556 75
557 94
558 88
559 81
560 64
561 73
562 66
563 80
564 79
565 89
566 88
567 81
568 81
569 62
570 78
571 77
572 73
573 49
574 37
575 43
576 35
577 30
578 34
579 29
580 35
581 42
582 45
583 35
584 33
585 35
586 28
587 32
588 49
589 40
590 45
591 41
592 41
593 29
594 40
595 32
596 40
597 42
598 26
599 31
600 42
601 40
602 43
603 36
604 38
605 33
606 42
607 41
608 36
609 30
610 33
611 47
612 28
613 33
614 49
615 40
616 34
617 40
618 38
619 32
620 38
621 38
622 33
623 40
624 42
625 49
626 39
627 37
628 39
629 39
630 42
631 31
632 38
633 42
634 44
635 40
636 30
637 41
638 32
639 33
640 38
641 43
642 39
643 22
644 29
645 48
646 48
647 36
648 42
649 44
650 34
651 36
652 39
653 40
654 32
655 30
656 38
657 35
658 48
659 43
660 44
661 19
662 42
663 32
664 35
665 34
666 45
667 38
668 34
669 42
670 31
671 32
672 42
673 59
674 42
675 39
676 31
677 29
678 32
679 30
680 37
681 31
682 39
683 47
684 31
685 36
686 45
687 54
688 56
689 41
690 40
691 31
692 35
693 48
694 41
695 49
696 40
697 32
698 42
699 33
700 33
701 37
702 36
703 31
704 34
705 37
706 38
707 35
708 38
709 52
710 54
711 47
712 30
713 33
714 44
715 42
716 32
717 37
718 42
719 44
720 29
721 38
722 35
723 34
724 34
725 38
726 32
727 45
728 38
729 38
730 38
731 42
732 49
733 36
734 25
735 32
736 43
737 36
738 39
739 34
740 42
741 19
742 37
743 46
744 35
745 43
746 37
747 38
748 33
749 35
750 43
751 43
752 27
753 33
754 29
755 43
756 40
757 39
758 36
759 37
760 24
761 23
762 37
763 35
764 34
765 36
766 43
767 35
768 29
769 31
770 38
771 39
772 44
773 35
774 34
775 29
776 35
777 26
778 30
779 33
780 31
781 33
782 31
783 52
784 41
785 42
786 41
787 32
788 40
789 40
790 48
791 37
792 32
793 35
794 41
795 30
796 39
797 37
798 36
799 31
800 36
801 40
802 36
803 36
804 28
805 28
806 31
807 38
808 38
809 40
810 36
811 37
812 35
813 37
814 44
815 46
816 36
817 43
818 35
819 31
820 38
821 32
822 45
823 34
824 27
825 29
826 36
827 40
828 40
829 27
830 36
831 32
832 33
833 35
834 34
835 36
836 30
837 30
838 51
839 26
840 33
841 33
842 31
843 30
844 33
845 30
846 34
847 49
848 38
849 45
850 26
851 30
852 25
853 31
854 35
855 32
856 43
857 33
858 45
859 37
860 30
861 30
862 39
863 24
864 37
865 31
866 36
867 26
868 43
869 38
870 37
871 30
872 22
873 32
874 41
875 34
876 32
877 41
878 41
879 37
880 34
881 36
882 39
883 46
884 49
885 42
886 35
887 38
888 21
889 39
890 44
891 36
892 41
893 33
894 25
895 38
896 34
897 41
898 35
899 37
900 46
901 34
902 29
903 45
904 43
905 32
906 27
907 43
908 46
909 36
910 23
911 47
912 27
913 41
914 29
915 41
916 25
917 37
918 31
919 31
920 36
921 46
922 40
923 30
924 30
925 33
926 25
927 27
928 32
929 38
930 37
931 23
932 26
933 32
934 31
935 38
936 42
937 31
938 34
939 28
940 39
941 28
942 27
943 29
944 32
945 35
946 35
947 44
948 28
949 37
950 26
951 31
952 29
953 34
954 34
955 47
956 39
957 32
958 27
959 26
960 40
961 40
962 33
963 32
964 38
965 23
966 27
967 35
968 38
969 46
970 36
971 30
972 38
973 25
974 37
975 36
976 37
977 33
978 40
979 29
980 40
981 35
982 40
983 30
984 36
985 22
986 46
987 30
988 40
989 31
990 35
991 36
992 36
993 31
994 32
995 29
996 36
997 37
998 31
999 29
1000 35
1001 27
1002 34
1003 43
1004 21
1005 34
1006 29
1007 29
1008 25
1009 33
1010 25
1011 33
1012 30
1013 42
1014 41
1015 37
1016 36
1017 36
1018 25
1019 36
1020 40
1021 37
1022 35
1023 31
1024 38
1025 39
1026 38
1027 35
1028 32
1029 32
1030 38
1031 27
1032 50
1033 36
1034 43
1035 39
1036 36
1037 36
1038 33
1039 44
1040 38
1041 34
1042 38
1043 31
1044 39
1045 38
1046 28
1047 26
1048 30
1049 25
1050 40
1051 44
1052 33
1053 32
1054 35
1055 36
1056 43
1057 35
1058 30
1059 45
1060 45
1061 41
1062 44
1063 52
1064 46
1065 73
1066 70
1067 82
1068 94
1069 102
1070 103
1071 137
1072 160
1073 225
1074 323
1075 284
1076 299
1077 261
1078 256
1079 291
1080 321
1081 366
1082 423
1083 485
1084 507
1085 447
1086 463
1087 543
1088 617
1089 562
1090 373
1091 327
1092 243
1093 206
1094 165
1095 120
1096 63
1097 44
1098 59
1099 55
1100 30
1101 28
1102 44
1103 32
1104 33
1105 48
1106 47
1107 41
1108 37
1109 37
1110 35
1111 40
1112 40
1113 29
1114 42
1115 27
1116 44
1117 37
1118 34
1119 28
1120 36
1121 35
1122 34
1123 22
1124 31
1125 35
1126 31
1127 22
1128 30
1129 37
1130 34
1131 28
1132 28
1133 40
1134 27
1135 30
1136 31
1137 32
1138 29
1139 34
1140 33
1141 21
1142 37
1143 24
1144 30
1145 41
1146 24
1147 26
1148 30
1149 33
1150 34
1151 38
1152 45
1153 36
1154 27
1155 25
1156 25
1157 21
1158 31
1159 28
1160 37
1161 25
1162 33
1163 37
1164 42
1165 29
1166 27
1167 27
1168 26
1169 30
1170 29
1171 39
1172 19
1173 29
1174 27
1175 30
1176 21
1177 23
1178 31
1179 39
1180 37
1181 31
1182 30
1183 20
1184 33
1185 22
1186 38
1187 30
1188 16
1189 25
1190 29
1191 22
1192 24
1193 37
1194 27
1195 21
1196 30
1197 31
1198 32
1199 32
1200 35
1201 30
1202 37
1203 33
1204 27
1205 24
1206 31
1207 40
1208 33
1209 37
1210 32
1211 21
1212 46
1213 46
1214 48
1215 44
1216 63
1217 87
1218 117
1219 106
1220 92
1221 88
1222 89
1223 106
1224 75
1225 50
1226 71
1227 53
1228 52
1229 37
1230 48
1231 42
1232 29
1233 26
1234 28
1235 37
1236 36
1237 37
1238 33
1239 26
1240 31
1241 36
1242 33
1243 27
1244 28
1245 36
1246 33
1247 39
1248 36
1249 35
1250 35
1251 36
1252 34
1253 28
1254 27
1255 35
1256 20
1257 31
1258 26
1259 32
1260 26
1261 23
1262 22
1263 31
1264 31
1265 22
1266 11
1267 25
1268 19
1269 17
1270 21
1271 16
1272 22
1273 17
1274 23
1275 22
1276 16
1277 19
1278 15
1279 17
1280 32
1281 37
1282 32
1283 30
1284 27
1285 29
1286 35
1287 34
1288 54
1289 42
1290 48
1291 42
1292 41
1293 58
1294 61
1295 43
1296 59
1297 45
1298 40
1299 41
1300 38
1301 30
1302 30
1303 25
1304 34
1305 29
1306 21
1307 24
1308 27
1309 26
1310 31
1311 21
1312 26
1313 41
1314 24
1315 30
1316 28
1317 26
1318 25
1319 18
1320 18
1321 23
1322 18
1323 20
1324 23
1325 20
1326 20
1327 22
1328 25
1329 22
1330 26
1331 21
1332 28
1333 28
1334 26
1335 33
1336 25
1337 26
1338 19
1339 22
1340 22
1341 28
1342 29
1343 19
1344 26
1345 34
1346 21
1347 23
1348 20
1349 25
1350 26
1351 19
1352 27
1353 27
1354 29
1355 26
1356 34
1357 29
1358 39
1359 25
1360 38
1361 48
1362 40
1363 42
1364 73
1365 89
1366 102
1367 109
1368 117
1369 128
1370 191
1371 283
1372 254
1373 301
1374 276
1375 223
1376 263
1377 340
1378 341
1379 254
1380 285
1381 286
1382 225
1383 170
1384 145
1385 147
1386 135
1387 113
1388 88
1389 51
1390 34
1391 36
1392 34
1393 24
1394 19
1395 26
1396 45
1397 30
1398 24
1399 30
1400 21
1401 21
1402 21
1403 21
1404 29
1405 19
1406 24
1407 19
1408 14
1409 26
1410 30
1411 25
1412 23
1413 21
1414 16
1415 33
1416 24
1417 26
1418 30
1419 27
1420 30
1421 31
1422 20
1423 20
1424 23
1425 22
1426 28
1427 24
1428 28
1429 23
1430 18
1431 24
1432 26
1433 23
1434 27
1435 21
1436 20
1437 25
1438 19
1439 18
1440 30
1441 17
1442 21
1443 27
1444 25
1445 20
1446 30
1447 18
1448 24
1449 26
1450 24
1451 18
1452 28
1453 18
1454 18
1455 16
1456 21
1457 24
1458 24
1459 25
1460 25
1461 21
1462 19
1463 18
1464 15
1465 25
1466 14
1467 21
1468 24
1469 21
1470 29
1471 24
1472 23
1473 13
1474 21
1475 16
1476 26
1477 18
1478 16
1479 26
1480 21
1481 27
1482 25
1483 26
1484 20
1485 20
1486 22
1487 23
1488 16
1489 15
1490 24
1491 19
1492 21
1493 26
1494 30
1495 20
1496 20
1497 18
1498 16
1499 20
1500 20
1501 28
1502 28
1503 18
1504 27
1505 24
1506 20
1507 27
1508 20
1509 22
1510 22
1511 25
1512 17
1513 29
1514 21
1515 21
1516 24
1517 18
1518 21
1519 31
1520 16
1521 23
1522 29
1523 19
1524 24
1525 19
1526 24
1527 18
1528 20
1529 17
1530 26
1531 24
1532 21
1533 21
1534 20
1535 28
1536 18
1537 22
1538 14
1539 15
1540 20
1541 21
1542 18
1543 19
1544 22
1545 18
1546 21
1547 19
1548 28
1549 22
1550 17
1551 20
1552 25
1553 25
1554 21
1555 22
1556 24
1557 21
1558 20
1559 19
1560 28
1561 28
1562 28
1563 28
1564 22
1565 23
1566 22
1567 22
1568 19
1569 19
1570 22
1571 27
1572 19
1573 28
1574 21
1575 18
1576 26
1577 23
1578 25
1579 22
1580 25
1581 17
1582 19
1583 30
1584 21
1585 12
1586 20
1587 18
1588 21
1589 21
1590 16
1591 20
1592 15
1593 11
1594 14
1595 21
1596 20
1597 28
1598 18
1599 27
1600 12
1601 23
1602 19
1603 15
1604 11
1605 16
1606 16
1607 19
1608 16
1609 19
1610 18
1611 8
1612 24
1613 20
1614 17
1615 13
1616 21
1617 21
1618 22
1619 12
1620 20
1621 32
1622 27
1623 19
1624 21
1625 16
1626 29
1627 22
1628 25
1629 21
1630 26
1631 16
1632 14
1633 28
1634 18
1635 14
1636 20
1637 22
1638 22
1639 19
1640 12
1641 20
1642 18
1643 25
1644 13
1645 20
1646 21
1647 17
1648 27
1649 19
1650 15
1651 19
1652 15
1653 17
1654 27
1655 22
1656 13
1657 22
1658 18
1659 15
1660 15
1661 19
1662 20
1663 21
1664 17
1665 27
1666 22
1667 19
1668 18
1669 12
1670 20
1671 19
1672 12
1673 15
1674 26
1675 19
1676 15
1677 12
1678 26
1679 15
1680 18
1681 21
1682 21
1683 23
1684 26
1685 18
1686 18
1687 16
1688 12
1689 21
1690 19
1691 25
1692 18
1693 14
1694 17
1695 14
1696 20
1697 18
1698 17
1699 18
1700 31
1701 22
1702 23
1703 27
1704 13
1705 16
1706 22
1707 17
1708 19
1709 20
1710 17
1711 16
1712 18
1713 26
1714 16
1715 16
1716 20
1717 27
1718 22
1719 18
1720 12
1721 16
1722 19
1723 25
1724 20
1725 27
1726 16
1727 22
1728 20
1729 23
1730 20
1731 13
1732 11
1733 15
1734 22
1735 20
1736 21
1737 20
1738 30
1739 18
1740 16
1741 22
1742 20
1743 14
1744 17
1745 22
1746 14
1747 27
1748 12
1749 23
1750 24
1751 20
1752 20
1753 18
1754 25
1755 19
1756 10
1757 17
1758 9
1759 24
1760 24
1761 13
1762 17
1763 14
1764 18
1765 25
1766 12
1767 15
1768 14
1769 25
1770 17
1771 16
1772 15
1773 21
1774 27
1775 16
1776 18
1777 15
1778 24
1779 22
1780 25
1781 25
1782 19
1783 20
1784 23
1785 25
1786 28
1787 20
1788 22
1789 22
1790 22
1791 16
1792 14
1793 18
1794 19
1795 20
1796 12
1797 16
1798 25
1799 21
1800 23
1801 14
1802 16
1803 21
1804 21
1805 24
1806 20
1807 16
1808 25
1809 15
1810 19
1811 16
1812 18
1813 19
1814 26
1815 20
1816 14
1817 25
1818 17
1819 26
1820 22
1821 22
1822 18
1823 24
1824 17
1825 26
1826 30
1827 32
1828 32
1829 36
1830 33
1831 32
1832 37
1833 50
1834 70
1835 80
1836 74
1837 91
1838 92
1839 70
1840 63
1841 78
1842 127
1843 208
1844 194
1845 118
1846 94
1847 86
1848 95
1849 51
1850 57
1851 58
1852 46
1853 36
1854 61
1855 75
1856 76
1857 57
1858 42
1859 23
1860 25
1861 25
1862 18
1863 22
1864 22
1865 19
1866 18
1867 16
1868 17
1869 18
1870 29
1871 19
1872 22
1873 21
1874 18
1875 19
1876 22
1877 19
1878 18
1879 16
1880 20
1881 16
1882 18
1883 23
1884 17
1885 11
1886 24
1887 20
1888 12
1889 11
1890 20
1891 14
1892 19
1893 11
1894 16
1895 16
1896 16
1897 12
1898 21
1899 21
1900 12
1901 21
1902 8
1903 14
1904 13
1905 22
1906 19
1907 19
1908 14
1909 23
1910 17
1911 18
1912 18
1913 12
1914 10
1915 10
1916 20
1917 16
1918 16
1919 18
1920 13
1921 17
1922 7
1923 15
1924 22
1925 19
1926 25
1927 17
1928 19
1929 13
1930 22
1931 14
1932 15
1933 18
1934 20
1935 19
1936 23
1937 11
1938 24
1939 14
1940 21
1941 21
1942 21
1943 19
1944 20
1945 23
1946 18
1947 12
1948 15
1949 25
1950 18
1951 17
1952 21
1953 17
1954 18
1955 14
1956 24
1957 24
1958 17
1959 10
1960 20
1961 18
1962 18
1963 8
1964 19
1965 19
1966 25
1967 15
1968 12
1969 6
1970 15
1971 13
1972 16
1973 19
1974 21
1975 11
1976 17
1977 16
1978 16
1979 12
1980 15
1981 14
1982 13
1983 21
1984 16
1985 15
1986 15
1987 11
1988 17
1989 21
1990 16
1991 19
1992 22
1993 14
1994 20
1995 17
1996 20
1997 11
1998 17
1999 17
2000 19
2001 11
2002 20
2003 12
2004 14
2005 17
2006 17
2007 17
2008 14
2009 21
2010 22
2011 12
2012 13
2013 10
2014 15
2015 19
2016 18
2017 21
2018 20
2019 19
2020 11
2021 18
2022 16
2023 10
2024 16
2025 14
2026 15
2027 20
2028 16
2029 13
2030 12
2031 19
2032 14
2033 8
2034 24
2035 18
2036 15
2037 10
2038 11
2039 27
2040 20
2041 22
2042 19
2043 13
2044 16
2045 18
2046 11
2047 15
2048 14
2049 18
2050 16
2051 16
2052 13
2053 17
2054 15
2055 23
2056 16
2057 14
2058 18
2059 18
2060 9
2061 18
2062 19
2063 24
2064 11
2065 22
2066 20
2067 19
2068 20
2069 16
2070 23
2071 26
2072 25
2073 24
2074 26
2075 39
2076 36
2077 37
2078 35
2079 37
2080 57
2081 50
2082 50
2083 72
2084 78
2085 91
2086 95
2087 118
2088 110
2089 138
2090 157
2091 132
2092 174
2093 189
2094 225
2095 239
2096 270
2097 286
2098 298
2099 258
2100 259
2101 323
2102 329
2103 400
2104 435
2105 372
2106 389
2107 309
2108 325
2109 300
2110 294
2111 250
2112 209
2113 141
2114 148
2115 129
2116 102
2117 111
2118 97
2119 62
2120 50
2121 45
2122 43
2123 31
2124 32
2125 32
2126 36
2127 21
2128 21
2129 22
2130 18
2131 20
2132 19
2133 11
2134 15
2135 12
2136 10
2137 14
2138 21
2139 17
2140 16
2141 14
2142 19
2143 16
2144 19
2145 15
2146 14
2147 10
2148 13
2149 11
2150 22
2151 13
2152 11
2153 18
2154 9
2155 14
2156 17
2157 12
2158 18
2159 18
2160 19
2161 15
2162 19
2163 12
2164 15
2165 17
2166 20
2167 22
2168 12
2169 14
2170 14
2171 21
2172 13
2173 16
2174 16
2175 14
2176 18
2177 13
2178 13
2179 14
2180 9
2181 13
2182 18
2183 13
2184 21
2185 15
2186 15
2187 16
2188 8
2189 12
2190 18
2191 13
2192 13
2193 10
2194 15
2195 14
2196 17
2197 11
2198 19
2199 18
2200 13
2201 18
2202 15
2203 16
2204 17
2205 26
2206 17
2207 17
2208 11
2209 16
2210 9
2211 21
2212 15
2213 21
2214 21
2215 15
2216 13
2217 20
2218 14
2219 14
2220 18
2221 15
2222 18
2223 19
2224 25
2225 24
2226 19
2227 13
2228 18
2229 15
2230 19
2231 11
2232 17
2233 19
2234 20
2235 21
2236 10
2237 20
2238 17
2239 14
2240 12
2241 13
2242 12
2243 9
2244 22
2245 17
2246 22
2247 19
2248 12
2249 20
2250 11
2251 23
2252 15
2253 18
2254 11
2255 17
2256 20
2257 11
2258 16
2259 12
2260 20
2261 24
2262 14
2263 21
2264 13
2265 18
2266 10
2267 24
2268 15
2269 10
2270 13
2271 17
2272 18
2273 14
2274 15
2275 15
2276 12
2277 11
2278 13
2279 11
2280 14
2281 15
2282 28
2283 19
2284 16
2285 23
2286 26
2287 23
2288 34
2289 34
2290 26
2291 42
2292 35
2293 43
2294 47
2295 50
2296 64
2297 65
2298 77
2299 86
2300 66
2301 67
2302 47
2303 58
2304 70
2305 92
2306 90
2307 89
2308 75
2309 75
2310 48
2311 55
2312 76
2313 84
2314 78
2315 58
2316 43
2317 49
2318 36
2319 51
2320 26
2321 21
2322 23
2323 18
2324 18
2325 30
2326 16
2327 22
2328 20
2329 19
2330 12
2331 19
2332 19
2333 19
2334 10
2335 14
2336 18
2337 13
2338 12
2339 14
2340 9
2341 16
2342 13
2343 14
2344 14
2345 15
2346 16
2347 14
2348 15
2349 12
2350 10
2351 13
2352 15
2353 15
2354 16
2355 17
2356 13
2357 8
2358 16
2359 12
2360 14
2361 13
2362 16
2363 8
2364 11
2365 9
2366 20
2367 14
2368 12
2369 11
2370 14
2371 12
2372 12
2373 12
2374 10
2375 10
2376 12
2377 14
2378 10
2379 20
2380 6
2381 7
2382 12
2383 9
2384 17
2385 10
2386 10
2387 9
2388 9
2389 6
2390 11
2391 20
2392 16
2393 14
2394 12
2395 8
2396 13
2397 13
2398 16
2399 12
2400 9
2401 11
2402 17
2403 17
2404 5
2405 9
2406 17
2407 9
2408 17
2409 19
2410 11
2411 8
2412 11
2413 16
2414 14
2415 17
2416 12
2417 10
2418 10
2419 12
2420 13
2421 5
2422 12
2423 15
2424 14
2425 14
2426 7
2427 13
2428 16
2429 4
2430 11
2431 10
2432 10
2433 11
2434 14
2435 12
2436 10
2437 11
2438 8
2439 14
2440 9
2441 14
2442 12
2443 10
2444 12
2445 9
2446 14
2447 8
2448 9
2449 12
2450 9
2451 7
2452 10
2453 16
2454 8
2455 9
2456 9
2457 8
2458 9
2459 13
2460 9
2461 17
2462 8
2463 8
2464 6
2465 10
2466 13
2467 14
2468 13
2469 10
2470 10
2471 9
2472 10
2473 10
2474 10
2475 17
2476 15
2477 13
2478 9
2479 5
2480 17
2481 10
2482 12
2483 11
2484 7
2485 10
2486 14
2487 12
2488 8
2489 6
2490 8
2491 18
2492 12
2493 7
2494 14
2495 12
2496 13
2497 9
2498 12
2499 11
2500 10
2501 11
2502 9
2503 15
2504 11
2505 15
2506 10
2507 11
2508 13
2509 13
2510 14
2511 14
2512 9
2513 8
2514 11
2515 11
2516 10
2517 11
2518 11
2519 11
2520 18
2521 13
2522 14
2523 6
2524 9
2525 8
2526 11
2527 15
2528 8
2529 7
2530 11
2531 16
2532 6
2533 11
2534 10
2535 15
2536 11
2537 13
2538 20
2539 8
2540 9
2541 15
2542 5
2543 7
2544 12
2545 11
2546 10
2547 7
2548 21
2549 11
2550 11
2551 14
2552 14
2553 10
2554 10
2555 16
2556 12
2557 15
2558 18
2559 18
