0 26
1 24
2 27
3 26
4 18
5 21
6 33
7 30
8 15
9 25
10 26
11 22
12 27
13 33
14 24
15 13
16 24
17 29
18 20
19 29
20 20
21 15
22 23
23 28
24 30
25 30
26 22
27 30
28 29
29 28
30 28
31 27
32 25
33 26
34 30
35 25
36 21
37 16
38 22
39 33
40 25
41 25
42 33
43 31
44 28
45 20
46 27
47 25
48 29
49 31
50 20
51 27
52 29
53 23
54 26
55 25
56 22
57 26
58 25
59 24
60 30
61 29
62 34
63 26
64 19
65 19
66 27
67 35
68 25
69 20
70 44
71 32
72 27
73 19
74 29
75 25
76 30
77 27
78 23
79 31
80 29
81 33
82 16
83 21
84 31
85 23
86 22
87 23
88 17
89 20
90 28
91 25
92 21
93 23
94 19
95 18
96 20
97 21
98 26
99 32
100 21
101 27
102 20
103 18
104 27
105 26
106 30
107 24
108 34
109 36
110 32
111 30
112 25
113 29
114 21
115 30
116 31
117 19
118 26
119 25
120 30
121 31
122 24
123 23
124 32
125 33
126 27
127 25
128 31
129 23
130 33
131 34
132 24
133 29
134 29
135 23
136 32
137 23
138 27
139 35
140 29
141 27
142 26
143 31
144 16
145 32
146 29
147 38
148 23
149 35
150 24
151 26
152 24
153 16
154 29
155 25
156 29
157 31
158 29
159 42
160 32
161 27
162 31
163 32
164 29
165 23
166 23
167 16
168 34
169 23
170 26
171 34
172 36
173 24
174 28
175 28
176 19
177 34
178 24
179 25
180 25
181 44
182 28
183 30
184 37
185 27
186 30
187 28
188 33
189 32
190 27
191 26
192 25
193 29
194 34
195 21
196 27
197 32
198 26
199 27
200 22
201 24
202 29
203 31
204 24
205 27
206 28
207 31
208 23
209 27
210 33
211 35
212 27
213 33
214 28
215 35
216 26
217 24
218 22
219 26
220 27
221 39
222 28
223 21
224 20
225 33
226 21
227 23
228 20
229 33
230 27
231 23
232 33
233 32
234 28
235 31
236 32
237 36
238 16
239 22
240 16
241 33
242 25
243 20
244 27
245 28
246 31
247 23
248 20
249 25
250 36
251 22
252 34
253 33
254 32
255 24
256 27
257 26
258 32
259 21
260 32
261 40
262 26
263 28
264 29
265 30
266 27
267 14
268 35
269 35
270 34
271 28
272 41
273 36
274 32
275 32
276 35
277 28
278 28
279 29
280 31
281 35
282 38
283 39
284 26
285 18
286 31
287 28
288 30
289 31
290 25
291 34
292 32
293 25
294 32
295 31
296 36
297 26
298 29
299 25
300 36
301 42
302 30
303 32
304 43
305 34
306 35
307 35
308 37
309 29
310 21
311 33
312 37
313 24
314 33
315 25
316 38
317 27
318 28
319 32
320 33
321 34
322 34
323 39
324 28
325 29
326 34
327 18
328 36
329 30
330 28
331 26
332 24
333 29
334 31
335 34
336 31
337 30
338 35
339 28
340 31
341 31
342 33
343 27
344 29
345 41
346 31
347 18
348 29
349 35
350 25
351 26
352 22
353 30
354 39
355 26
356 30
357 42
358 40
359 29
360 35
361 36
362 35
363 25
364 37
365 27
366 43
367 26
368 28
369 25
370 29
371 29
372 28
373 36
374 31
375 21
376 29
377 41
378 32
379 27
380 26
381 26
382 31
383 31
384 31
385 36
386 31
387 30
388 37
389 41
390 23
391 28
392 22
393 36
394 39
395 27
396 32
397 29
398 21
399 32
400 38
401 35
402 31
403 27
404 39
405 41
406 30
407 25
408 36
409 36
410 34
411 29
412 43
413 36
414 28
415 35
416 28
417 38
418 35
419 33
420 29
421 43
422 32
423 35
424 31
425 30
426 30
427 27
428 33
429 46
430 37
431 38
432 33
433 49
434 36
435 38
436 29
437 23
438 42
439 28
440 27
441 27
442 32
443 39
444 30
445 38
446 43
447 31
448 38
449 35
450 25
451 31
452 25
453 35
454 25
455 31
456 28
457 33
458 33
459 31
460 29
461 30
462 32
463 34
464 39
465 36
466 35
467 30
468 44
469 29
470 35
471 30
472 31
473 32
474 37
475 30
476 29
477 27
478 28
479 33
480 31
481 32
482 34
483 40
484 30
485 30
486 44
487 31
488 39
489 34
490 34
491 37
492 35
493 38
494 39
495 38
496 36
497 30
498 42
499 34
500 32
501 35
502 21
503 23
504 32
505 26
506 33
507 30
508 37
509 28
510 35
511 27
512 34
513 35
514 37
515 39
516 31
517 29
518 27
519 22
520 35
521 39
522 31
523 34
524 32
525 32
526 36
527 37
528 40
529 38
530 34
531 26
532 30
533 37
534 52
535 32
536 34
537 27
538 35
539 35
540 40
541 24
542 35
543 28
544 35
545 38
546 40
547 24
548 36
549 32
550 36
551 37
552 24
553 37
554 32
555 39
556 15
557 49
558 30
559 36
560 41
561 26
562 32
563 33
564 33
565 30
566 29
567 36
568 37
569 30
570 42
571 35
572 37
573 39
574 36
575 37
576 28
577 30
578 35
579 33
580 48
581 29
582 30
583 34
584 39
585 43
586 38
587 33
588 46
589 37
590 31
591 40
592 37
593 36
594 33
595 40
596 40
597 42
598 23
599 41
600 32
601 38
602 44
603 34
604 31
605 41
606 32
607 48
608 33
609 32
610 27
611 35
612 34
613 28
614 39
615 33
616 35
617 44
618 32
619 37
620 47
621 54
622 45
623 59
624 57
625 69
626 53
627 59
628 68
629 62
630 67
631 68
632 71
633 88
634 77
635 85
636 89
637 105
638 93
639 111
640 97
641 98
642 106
643 117
644 130
645 116
646 116
647 115
648 117
649 123
650 108
651 85
652 68
653 64
654 42
655 41
656 41
657 37
658 29
659 38
660 39
661 35
662 24
663 27
664 19
665 33
666 45
667 42
668 28
669 38
670 41
671 38
672 46
673 47
674 48
675 40
676 34
677 36
678 36
679 29
680 45
681 48
682 31
683 45
684 33
685 35
686 34
687 34
688 34
689 37
690 44
691 34
692 29
693 37
694 33
695 35
696 34
697 32
698 27
699 36
700 39
701 39
702 32
703 37
704 33
705 25
706 36
707 31
708 36
709 29
710 35
711 28
712 38
713 29
714 54
715 35
716 31
717 36
718 31
719 40
720 34
721 35
722 39
723 35
724 30
725 30
726 24
727 30
728 34
729 33
730 25
731 28
732 26
733 43
734 22
735 28
736 33
737 35
738 38
739 41
740 35
741 41
742 31
743 24
744 32
745 33
746 47
747 36
748 35
749 29
750 37
751 35
752 24
753 21
754 37
755 30
756 33
757 41
758 27
759 32
760 19
761 29
762 40
763 37
764 31
765 37
766 32
767 36
768 38
769 24
770 36
771 21
772 28
773 25
774 26
775 29
776 38
777 30
778 37
779 44
780 26
781 31
782 36
783 32
784 33
785 23
786 39
787 30
788 39
789 30
790 24
791 32
792 37
793 38
794 37
795 44
796 39
797 31
798 30
799 27
800 33
801 30
802 35
803 28
804 33
805 50
806 26
807 29
808 27
809 30
810 27
811 40
812 35
813 34
814 38
815 34
816 40
817 30
818 36
819 34
820 35
821 32
822 30
823 33
824 29
825 28
826 32
827 34
828 29
829 24
830 43
831 37
832 25
833 35
834 35
835 31
836 21
837 33
838 32
839 32
840 27
841 32
842 31
843 32
844 25
845 39
846 34
847 35
848 36
849 38
850 29
851 42
852 40
853 46
854 29
855 32
856 35
857 35
858 35
859 27
860 36
861 33
862 28
863 45
864 42
865 31
866 34
867 36
868 33
869 38
870 42
871 37
872 36
873 37
874 32
875 23
876 34
877 33
878 24
879 36
880 41
881 35
882 35
883 20
884 32
885 22
886 26
887 32
888 40
889 36
890 33
891 39
892 35
893 29
894 31
895 25
896 19
897 28
898 20
899 29
900 30
901 29
902 18
903 33
904 35
905 21
906 33
907 34
908 32
909 31
910 36
911 39
912 28
913 33
914 18
915 25
916 24
917 34
918 31
919 40
920 29
921 37
922 26
923 29
924 35
925 36
926 32
927 24
928 31
929 31
930 31
931 36
932 31
933 37
934 39
935 18
936 29
937 30
938 27
939 32
940 28
941 33
942 44
943 27
944 32
945 22
946 36
947 34
948 35
949 22
950 37
951 33
952 32
953 33
954 26
955 39
956 22
957 22
958 23
959 28
960 29
961 26
962 31
963 22
964 31
965 37
966 35
967 43
968 31
969 33
970 34
971 26
972 36
973 32
974 30
975 32
976 36
977 29
978 24
979 27
980 36
981 30
982 33
983 31
984 34
985 32
986 30
987 37
988 30
989 31
990 45
991 39
992 31
993 32
994 36
995 34
996 40
997 26
998 40
999 37
1000 27
1001 31
1002 30
1003 32
1004 44
1005 31
1006 32
1007 27
1008 24
1009 38
1010 27
1011 31
1012 22
1013 28
1014 29
1015 25
1016 23
1017 29
1018 26
1019 27
1020 34
1021 26
1022 20
1023 26
1024 31
1025 36
1026 29
1027 31
1028 38
1029 29
1030 31
1031 29
1032 17
1033 28
1034 35
1035 34
1036 27
1037 36
1038 31
1039 36
1040 26
1041 38
1042 29
1043 31
1044 44
1045 33
1046 21
1047 26
1048 22
1049 35
1050 32
1051 30
1052 31
1053 37
1054 23
1055 32
1056 27
1057 33
1058 22
1059 22
1060 26
1061 26
1062 24
1063 29
1064 30
1065 31
1066 32
1067 31
1068 37
1069 33
1070 41
1071 28
1072 25
1073 28
1074 35
1075 36
1076 28
1077 35
1078 18
1079 34
1080 31
1081 46
1082 27
1083 21
1084 27
1085 23
1086 26
1087 28
1088 35
1089 25
1090 20
1091 31
1092 32
1093 43
1094 26
1095 19
1096 34
1097 30
1098 23
1099 26
1100 37
1101 34
1102 32
1103 29
1104 23
1105 26
1106 33
1107 31
1108 26
1109 27
1110 25
1111 31
1112 36
1113 26
1114 30
1115 47
1116 31
1117 38
1118 35
1119 37
1120 35
1121 34
1122 38
1123 28
1124 34
1125 24
1126 23
1127 32
1128 27
1129 28
1130 32
1131 31
1132 37
1133 36
1134 42
1135 26
1136 31
1137 28
1138 35
1139 41
1140 21
1141 34
1142 22
1143 34
1144 31
1145 32
1146 23
1147 38
1148 37
1149 39
1150 28
1151 29
1152 38
1153 38
1154 32
1155 40
1156 22
1157 27
1158 19
1159 28
1160 32
1161 33
1162 28
1163 25
1164 30
1165 33
1166 35
1167 42
1168 41
1169 47
1170 45
1171 40
1172 51
1173 46
1174 53
1175 74
1176 85
1177 98
1178 120
1179 155
1180 191
1181 191
1182 196
1183 207
1184 247
1185 261
1186 341
1187 394
1188 498
1189 519
1190 529
1191 558
1192 523
1193 429
1194 408
1195 345
1196 310
1197 270
1198 225
1199 167
1200 153
1201 94
1202 79
1203 46
1204 33
1205 42
1206 40
1207 35
1208 35
1209 19
1210 24
1211 31
1212 29
1213 20
1214 34
1215 27
1216 30
1217 28
1218 33
1219 30
1220 30
1221 32
1222 22
1223 25
1224 26
1225 28
1226 28
1227 23
1228 26
1229 20
1230 42
1231 27
1232 31
1233 29
1234 24
1235 28
1236 33
1237 34
1238 29
1239 26
1240 35
1241 34
1242 26
1243 24
1244 21
1245 32
1246 20
1247 29
1248 34
1249 24
1250 30
1251 32
1252 21
1253 24
1254 25
1255 34
1256 39
1257 21
1258 21
1259 31
1260 21
1261 21
1262 25
1263 23
1264 27
1265 20
1266 34
1267 25
1268 23
1269 17
1270 20
1271 13
1272 18
1273 14
1274 16
1275 15
1276 20
1277 16
1278 6
1279 3
1280 31
1281 20
1282 24
1283 29
1284 23
1285 20
1286 32
1287 24
1288 23
1289 26
1290 33
1291 23
1292 30
1293 19
1294 28
1295 23
1296 12
1297 17
1298 18
1299 20
1300 24
1301 21
1302 29
1303 23
1304 29
1305 26
1306 21
1307 15
1308 23
1309 14
1310 17
1311 20
1312 26
1313 25
1314 20
1315 22
1316 20
1317 20
1318 27
1319 22
1320 24
1321 15
1322 21
1323 24
1324 22
1325 25
1326 20
1327 21
1328 14
1329 21
1330 23
1331 22
1332 23
1333 26
1334 34
1335 18
1336 29
1337 20
1338 18
1339 24
1340 19
1341 31
1342 21
1343 24
1344 20
1345 18
1346 24
1347 21
1348 14
1349 19
1350 17
1351 21
1352 14
1353 28
1354 15
1355 13
1356 10
1357 23
1358 19
1359 25
1360 18
1361 21
1362 17
1363 24
1364 35
1365 21
1366 14
1367 18
1368 18
1369 12
1370 18
1371 20
1372 24
1373 12
1374 18
1375 17
1376 24
1377 16
1378 24
1379 19
1380 16
1381 18
1382 18
1383 11
1384 15
1385 22
1386 29
1387 20
1388 14
1389 19
1390 18
1391 20
1392 13
1393 24
1394 21
1395 18
1396 15
1397 27
1398 20
1399 17
1400 28
1401 28
1402 28
1403 27
1404 31
1405 33
1406 25
1407 47
1408 36
1409 31
1410 21
1411 42
1412 38
1413 42
1414 50
1415 59
1416 45
1417 37
1418 38
1419 34
1420 29
1421 25
1422 25
1423 19
1424 22
1425 21
1426 25
1427 20
1428 23
1429 23
1430 22
1431 22
1432 22
1433 19
1434 17
1435 20
1436 28
1437 19
1438 21
1439 21
1440 18
1441 16
1442 17
1443 22
1444 22
1445 24
1446 20
1447 25
1448 27
1449 20
1450 10
1451 25
1452 20
1453 11
1454 21
1455 17
1456 9
1457 19
1458 11
1459 25
1460 21
1461 17
1462 24
1463 21
1464 22
1465 21
1466 20
1467 23
1468 29
1469 25
1470 19
1471 20
1472 20
1473 13
1474 16
1475 18
1476 23
1477 25
1478 23
1479 31
1480 23
1481 17
1482 22
1483 22
1484 31
1485 20
1486 36
1487 39
1488 62
1489 50
1490 80
1491 102
1492 89
1493 125
1494 121
1495 116
1496 160
1497 142
1498 143
1499 157
1500 204
1501 188
1502 157
1503 180
1504 182
1505 169
1506 154
1507 107
1508 90
1509 73
1510 67
1511 33
1512 38
1513 36
1514 19
1515 29
1516 27
1517 24
1518 29
1519 21
1520 20
1521 28
1522 24
1523 27
1524 15
1525 17
1526 15
1527 17
1528 19
1529 27
1530 19
1531 23
1532 19
1533 18
1534 19
1535 28
1536 23
1537 14
1538 24
1539 20
1540 19
1541 18
1542 13
1543 19
1544 22
1545 16
1546 19
1547 28
1548 23
1549 25
1550 22
1551 20
1552 18
1553 18
1554 17
1555 21
1556 18
1557 15
1558 19
1559 19
1560 16
1561 11
1562 12
1563 18
1564 22
1565 14
1566 22
1567 18
1568 15
1569 19
1570 19
1571 15
1572 13
1573 23
1574 18
1575 11
1576 23
1577 22
1578 15
1579 23
1580 19
1581 13
1582 18
1583 17
1584 18
1585 24
1586 11
1587 19
1588 16
1589 13
1590 17
1591 16
1592 14
1593 11
1594 16
1595 14
1596 11
1597 32
1598 13
1599 18
1600 18
1601 24
1602 15
1603 16
1604 17
1605 12
1606 18
1607 15
1608 17
1609 11
1610 15
1611 14
1612 23
1613 21
1614 11
1615 19
1616 13
1617 17
1618 20
1619 20
1620 17
1621 22
1622 17
1623 18
1624 15
1625 18
1626 13
1627 24
1628 20
1629 28
1630 16
1631 21
1632 14
1633 21
1634 19
1635 19
1636 14
1637 14
1638 21
1639 24
1640 28
1641 19
1642 14
1643 17
1644 15
1645 17
1646 21
1647 15
1648 24
1649 23
1650 19
1651 11
1652 22
1653 27
1654 30
1655 20
1656 21
1657 25
1658 18
1659 22
1660 18
1661 20
1662 18
1663 20
1664 17
1665 13
1666 6
1667 16
1668 19
1669 24
1670 19
1671 17
1672 10
1673 14
1674 22
1675 14
1676 13
1677 22
1678 14
1679 23
1680 21
1681 12
1682 25
1683 19
1684 19
1685 20
1686 12
1687 24
1688 21
1689 10
1690 18
1691 20
1692 27
1693 18
1694 29
1695 27
1696 18
1697 20
1698 16
1699 22
1700 19
1701 16
1702 19
1703 19
1704 19
1705 14
1706 16
1707 25
1708 15
1709 18
1710 28
1711 18
1712 17
1713 21
1714 20
1715 15
1716 18
1717 23
1718 20
1719 24
1720 20
1721 16
1722 18
1723 17
1724 15
1725 10
1726 20
1727 18
1728 13
1729 16
1730 27
1731 14
1732 16
1733 18
1734 12
1735 12
1736 18
1737 17
1738 12
1739 14
1740 17
1741 25
1742 15
1743 16
1744 17
1745 16
1746 17
1747 23
1748 17
1749 16
1750 16
1751 18
1752 21
1753 25
1754 20
1755 21
1756 15
1757 17
1758 12
1759 17
1760 15
1761 13
1762 13
1763 16
1764 17
1765 15
1766 21
1767 21
1768 15
1769 13
1770 20
1771 22
1772 18
1773 18
1774 16
1775 18
1776 16
1777 19
1778 14
1779 20
1780 15
1781 10
1782 19
1783 12
1784 8
1785 13
1786 16
1787 15
1788 11
1789 18
1790 24
1791 12
1792 12
1793 18
1794 17
1795 16
1796 17
1797 23
1798 15
1799 18
1800 24
1801 15
1802 17
1803 14
1804 19
1805 18
1806 24
1807 14
1808 12
1809 26
1810 18
1811 21
1812 15
1813 15
1814 13
1815 20
1816 20
1817 21
1818 18
1819 17
1820 8
1821 17
1822 15
1823 9
1824 12
1825 22
1826 18
1827 11
1828 13
1829 16
1830 17
1831 16
1832 13
1833 15
1834 21
1835 11
1836 13
1837 12
1838 8
1839 12
1840 26
1841 19
1842 19
1843 19
1844 15
1845 16
1846 20
1847 12
1848 16
1849 24
1850 11
1851 13
1852 19
1853 18
1854 14
1855 23
1856 13
1857 14
1858 22
1859 19
1860 12
1861 15
1862 12
1863 14
1864 16
1865 24
1866 18
1867 16
1868 12
1869 15
1870 18
1871 20
1872 16
1873 18
1874 15
1875 7
1876 20
1877 13
1878 19
1879 13
1880 17
1881 16
1882 17
1883 16
1884 19
1885 15
1886 16
1887 13
1888 18
1889 14
1890 17
1891 12
1892 15
1893 21
1894 20
1895 15
1896 17
1897 25
1898 15
1899 10
1900 18
1901 6
1902 11
1903 17
1904 18
1905 16
1906 15
1907 18
1908 10
1909 21
1910 23
1911 15
1912 14
1913 17
1914 18
1915 14
1916 12
1917 13
1918 17
1919 10
1920 18
1921 19
1922 23
1923 20
1924 20
1925 13
1926 30
1927 15
1928 22
1929 26
1930 17
1931 13
1932 17
1933 21
1934 16
1935 23
1936 19
1937 19
1938 21
1939 20
1940 20
1941 27
1942 27
1943 12
1944 19
1945 18
1946 15
1947 22
1948 20
1949 14
1950 19
1951 17
1952 22
1953 17
1954 23
1955 26
1956 14
1957 22
1958 19
1959 21
1960 9
1961 8
1962 25
1963 18
1964 13
1965 21
1966 24
1967 19
1968 23
1969 21
1970 22
1971 32
1972 27
1973 31
1974 39
1975 32
1976 31
1977 38
1978 52
1979 41
1980 67
1981 45
1982 61
1983 68
1984 103
1985 178
1986 170
1987 151
1988 125
1989 143
1990 124
1991 83
1992 95
1993 74
1994 64
1995 55
1996 60
1997 77
1998 65
1999 54
2000 66
2001 36
2002 29
2003 20
2004 33
2005 22
2006 12
2007 15
2008 16
2009 14
2010 23
2011 18
2012 18
2013 20
2014 9
2015 13
2016 12
2017 12
2018 15
2019 13
2020 18
2021 13
2022 13
2023 20
2024 20
2025 12
2026 18
2027 20
2028 18
2029 16
2030 14
2031 17
2032 23
2033 13
2034 8
2035 17
2036 10
2037 7
2038 9
2039 13
2040 17
2041 14
2042 14
2043 8
2044 9
2045 10
2046 16
2047 15
2048 13
2049 10
2050 12
2051 14
2052 26
2053 17
2054 12
2055 14
2056 7
2057 12
2058 12
2059 15
2060 16
2061 11
2062 8
2063 13
2064 19
2065 16
2066 8
2067 12
2068 14
2069 15
2070 15
2071 11
2072 10
2073 15
2074 20
2075 9
2076 15
2077 9
2078 11
2079 18
2080 9
2081 16
2082 9
2083 10
2084 9
2085 11
2086 13
2087 9
2088 26
2089 8
2090 12
2091 18
2092 20
2093 15
2094 10
2095 14
2096 10
2097 9
2098 14
2099 15
2100 10
2101 18
2102 7
2103 15
2104 13
2105 12
2106 19
2107 18
2108 17
2109 12
2110 17
2111 8
2112 19
2113 15
2114 14
2115 6
2116 9
2117 11
2118 15
2119 12
2120 15
2121 15
2122 6
2123 10
2124 19
2125 17
2126 10
2127 11
2128 18
2129 17
2130 12
2131 14
2132 10
2133 10
2134 15
2135 10
2136 11
2137 12
2138 13
2139 10
2140 11
2141 11
2142 10
2143 15
2144 11
2145 20
2146 12
2147 11
2148 11
2149 11
2150 19
2151 16
2152 9
2153 17
2154 14
2155 17
2156 14
2157 15
2158 14
2159 16
2160 20
2161 15
2162 12
2163 16
2164 14
2165 20
2166 14
2167 15
2168 19
2169 16
2170 14
2171 22
2172 13
2173 20
2174 22
2175 12
2176 16
2177 8
2178 10
2179 21
2180 10
2181 17
2182 12
2183 20
2184 8
2185 11
2186 14
2187 17
2188 13
2189 10
2190 24
2191 12
2192 15
2193 15
2194 12
2195 14
2196 17
2197 19
2198 14
2199 13
2200 14
2201 10
2202 21
2203 11
2204 15
2205 16
2206 21
2207 16
2208 15
2209 20
2210 20
2211 18
2212 13
2213 16
2214 14
2215 14
2216 7
2217 17
2218 18
2219 19
2220 20
2221 18
2222 13
2223 14
2224 17
2225 12
2226 8
2227 11
2228 13
2229 18
2230 24
2231 24
2232 17
2233 22
2234 16
2235 18
2236 22
2237 27
2238 25
2239 40
2240 55
2241 76
2242 83
2243 94
2244 121
2245 133
2246 164
2247 194
2248 207
2249 213
2250 328
2251 355
2252 348
2253 405
2254 482
2255 554
2256 554
2257 644
2258 753
2259 671
2260 541
2261 536
2262 473
2263 497
2264 387
2265 292
2266 226
2267 201
2268 205
2269 173
2270 173
2271 179
2272 135
2273 90
2274 81
2275 68
2276 47
2277 51
2278 30
2279 30
2280 26
2281 23
2282 24
2283 25
2284 15
2285 19
2286 18
2287 21
2288 20
2289 10
2290 9
2291 17
2292 14
2293 14
2294 15
2295 13
2296 11
2297 14
2298 16
2299 14
2300 18
2301 15
2302 13
2303 9
2304 14
2305 12
2306 11
2307 17
2308 20
2309 14
2310 12
2311 11
2312 17
2313 18
2314 15
2315 15
2316 10
2317 14
2318 16
2319 22
2320 10
2321 11
2322 14
2323 11
2324 14
2325 5
2326 11
2327 9
2328 12
2329 15
2330 17
2331 17
2332 10
2333 16
2334 11
2335 11
2336 20
2337 11
2338 15
2339 13
2340 10
2341 16
2342 9
2343 17
2344 18
2345 10
2346 19
2347 15
2348 8
2349 10
2350 12
2351 16
2352 24
2353 14
2354 12
2355 13
2356 20
2357 23
2358 17
2359 18
2360 18
2361 9
2362 10
2363 12
2364 21
2365 16
2366 20
2367 10
2368 13
2369 17
2370 7
2371 12
2372 13
2373 9
2374 15
2375 14
2376 14
2377 10
2378 9
2379 19
2380 18
2381 18
2382 17
2383 10
2384 12
2385 11
2386 13
2387 16
2388 14
2389 16
2390 13
2391 15
2392 11
2393 15
2394 18
2395 12
2396 14
2397 15
2398 14
2399 17
2400 12
2401 11
2402 10
2403 7
2404 7
2405 10
2406 15
2407 10
2408 12
2409 13
2410 10
2411 6
2412 8
2413 16
2414 11
2415 10
2416 19
2417 15
2418 12
2419 8
2420 17
2421 9
2422 12
2423 8
2424 13
2425 12
2426 10
2427 10
2428 12
2429 11
2430 14
2431 12
2432 17
2433 11
2434 9
2435 10
2436 16
2437 15
2438 10
2439 12
2440 19
2441 17
2442 8
2443 10
2444 16
2445 23
2446 18
2447 13
2448 20
2449 12
2450 26
2451 12
2452 11
2453 14
2454 31
2455 28
2456 14
2457 24
2458 22
2459 33
2460 36
2461 38
2462 46
2463 43
2464 65
2465 47
2466 68
2467 60
2468 72
2469 88
2470 73
2471 92
2472 67
2473 77
2474 78
2475 70
2476 78
2477 80
2478 70
2479 58
2480 51
2481 44
2482 41
2483 52
2484 40
2485 33
2486 31
2487 34
2488 33
2489 27
2490 15
2491 22
2492 15
2493 11
2494 20
2495 22
2496 12
2497 7
2498 18
2499 12
2500 11
2501 15
2502 14
2503 6
2504 6
2505 7
2506 11
2507 12
2508 13
2509 15
2510 15
2511 7
2512 15
2513 10
2514 11
2515 8
2516 9
2517 16
2518 13
2519 19
2520 8
2521 15
2522 4
2523 6
2524 15
2525 9
2526 12
2527 16
2528 12
2529 11
2530 18
2531 12
2532 10
2533 20
2534 4
2535 16
2536 13
2537 13
2538 12
2539 12
2540 17
2541 9
2542 11
2543 12
2544 15
2545 19
2546 7
2547 18
2548 11
2549 9
2550 12
2551 11
2552 8
2553 14
2554 16
2555 8
2556 11
2557 9
2558 11
2559 11
