0 26
1 19
2 28
3 34
4 28
5 37
6 36
7 27
8 17
9 29
10 23
11 31
12 33
13 24
14 36
15 19
16 24
17 25
18 26
19 24
20 39
21 24
22 34
23 22
24 21
25 29
26 29
27 24
28 30
29 26
30 21
31 24
32 25
33 27
34 37
35 26
36 21
37 27
38 34
39 24
40 23
41 12
42 17
43 21
44 20
45 32
46 25
47 26
48 29
49 37
50 28
51 38
52 27
53 40
54 34
55 24
56 27
57 23
58 28
59 34
60 21
61 37
62 25
63 24
64 24
65 27
66 34
67 22
68 30
69 28
70 30
71 24
72 27
73 22
74 32
75 20
76 32
77 28
78 27
79 27
80 41
81 35
82 24
83 26
84 33
85 29
86 20
87 32
88 24
89 27
90 30
91 19
92 23
93 26
94 34
95 29
96 24
97 30
98 28
99 35
100 34
101 27
102 22
103 21
104 31
105 27
106 24
107 28
108 18
109 46
110 27
111 22
112 27
113 26
114 30
115 27
116 32
117 27
118 22
119 23
120 31
121 26
122 19
123 31
124 30
125 28
126 26
127 25
128 25
129 32
130 38
131 25
132 28
133 35
134 35
135 27
136 27
137 26
138 26
139 35
140 29
141 25
142 26
143 35
144 38
145 30
146 27
147 35
148 31
149 28
150 30
151 37
152 35
153 23
154 26
155 40
156 45
157 35
158 34
159 32
160 22
161 31
162 41
163 32
164 37
165 24
166 33
167 35
168 32
169 24
170 29
171 35
172 30
173 25
174 30
175 34
176 24
177 28
178 41
179 29
180 23
181 27
182 15
183 40
184 23
185 25
186 38
187 34
188 24
189 41
190 37
191 34
192 25
193 35
194 33
195 30
196 35
197 41
198 23
199 24
200 33
201 28
202 38
203 21
204 28
205 29
206 31
207 35
208 21
209 28
210 32
211 34
212 23
213 22
214 38
215 42
216 21
217 27
218 25
219 22
220 31
221 24
222 21
223 29
224 32
225 29
226 31
227 40
228 33
229 31
230 17
231 35
232 33
233 33
234 33
235 32
236 26
237 19
238 25
239 37
240 39
241 31
242 43
243 29
244 27
245 35
246 28
247 38
248 23
249 34
250 29
251 34
252 28
253 18
254 29
255 23
256 33
257 30
258 31
259 32
260 31
261 35
262 28
263 31
264 28
265 33
266 45
267 33
268 31
269 30
270 43
271 28
272 20
273 32
274 31
275 33
276 36
277 29
278 18
279 28
280 26
281 30
282 32
283 27
284 41
285 22
286 24
287 29
288 39
289 36
290 33
291 29
292 31
293 38
294 33
295 39
296 31
297 37
298 28
299 40
300 35
301 28
302 39
303 32
304 37
305 30
306 35
307 40
308 38
309 35
310 27
311 42
312 44
313 26
314 34
315 37
316 33
317 40
318 33
319 38
320 27
321 36
322 29
323 40
324 38
325 26
326 32
327 27
328 26
329 26
330 34
331 31
332 31
333 34
334 32
335 30
336 40
337 36
338 32
339 31
340 26
341 32
342 32
343 31
344 33
345 28
346 32
347 34
348 30
349 42
350 28
351 30
352 34
353 31
354 33
355 40
356 29
357 34
358 29
359 32
360 25
361 25
362 28
363 33
364 30
365 24
366 32
367 32
368 38
369 39
370 27
371 29
372 37
373 37
374 47
375 37
376 39
377 36
378 31
379 42
380 34
381 24
382 28
383 32
384 40
385 27
386 34
387 42
388 30
389 37
390 35
391 34
392 39
393 37
394 35
395 46
396 30
397 29
398 27
399 30
400 31
401 30
402 34
403 28
404 29
405 27
406 38
407 26
408 30
409 39
410 40
411 36
412 44
413 44
414 32
415 34
416 31
417 33
418 36
419 34
420 31
421 29
422 32
423 42
424 34
425 34
426 36
427 41
428 38
429 38
430 25
431 27
432 20
433 33
434 30
435 29
436 34
437 38
438 23
439 34
440 38
441 35
442 27
443 32
444 31
445 39
446 35
447 27
448 34
449 37
450 44
451 32
452 41
453 37
454 46
455 34
456 20
457 21
458 33
459 42
460 32
461 44
462 31
463 27
464 41
465 36
466 27
467 34
468 29
469 35
470 25
471 37
472 26
473 42
474 36
475 44
476 44
477 36
478 44
479 38
480 28
481 37
482 41
483 35
484 41
485 36
486 29
487 33
488 30
489 33
490 34
491 37
492 26
493 39
494 35
495 32
496 36
497 36
498 33
499 31
500 41
501 38
502 36
503 30
504 45
505 37
506 31
507 34
508 30
509 37
510 29
511 31
512 32
513 29
514 41
515 37
516 36
517 42
518 37
519 27
520 44
521 31
522 35
523 32
524 40
525 33
526 44
527 42
528 30
529 40
530 36
531 33
532 26
533 39
534 21
535 33
536 33
537 42
538 38
539 42
540 40
541 38
542 31
543 38
544 35
545 30
546 36
547 42
548 33
549 41
550 40
551 35
552 32
553 36
554 52
555 22
556 34
557 27
558 35
559 29
560 41
561 26
562 25
563 45
564 36
565 25
566 43
567 39
568 36
569 42
570 33
571 37
572 37
573 31
574 44
575 26
576 23
577 30
578 38
579 42
580 48
581 45
582 39
583 28
584 32
585 56
586 50
587 69
588 58
589 53
590 65
591 56
592 79
593 45
594 49
595 49
596 44
597 54
598 74
599 60
600 84
601 69
602 80
603 79
604 105
605 118
606 125
607 132
608 97
609 125
610 109
611 136
612 134
613 104
614 79
615 71
616 63
617 63
618 47
619 45
620 31
621 37
622 38
623 34
624 27
625 38
626 34
627 28
628 40
629 38
630 34
631 25
632 35
633 41
634 35
635 26
636 28
637 41
638 34
639 38
640 35
641 37
642 38
643 33
644 36
645 32
646 32
647 41
648 28
649 38
650 29
651 29
652 24
653 34
654 36
655 35
656 26
657 39
658 38
659 33
660 45
661 33
662 31
663 37
664 37
665 36
666 43
667 44
668 39
669 37
670 41
671 48
672 30
673 31
674 43
675 48
676 51
677 32
678 41
679 43
680 38
681 38
682 35
683 35
684 36
685 34
686 36
687 39
688 37
689 28
690 42
691 34
692 41
693 40
694 35
695 31
696 47
697 30
698 39
699 42
700 46
701 37
702 26
703 23
704 33
705 33
706 31
707 37
708 34
709 32
710 46
711 24
712 29
713 47
714 41
715 32
716 24
717 26
718 26
719 25
720 41
721 42
722 35
723 32
724 38
725 29
726 37
727 47
728 42
729 43
730 36
731 44
732 41
733 36
734 45
735 28
736 30
737 38
738 35
739 36
740 31
741 33
742 30
743 36
744 33
745 30
746 32
747 39
748 44
749 36
750 35
751 37
752 30
753 30
754 30
755 37
756 39
757 37
758 29
759 22
760 35
761 41
762 25
763 34
764 34
765 29
766 35
767 30
768 31
769 38
770 30
771 49
772 31
773 32
774 24
775 37
776 43
777 28
778 28
779 55
780 33
781 22
782 29
783 31
784 51
785 42
786 24
787 47
788 25
789 31
790 24
791 22
792 33
793 33
794 36
795 33
796 37
797 30
798 35
799 44
800 28
801 37
802 35
803 33
804 34
805 27
806 34
807 30
808 39
809 37
810 42
811 30
812 34
813 30
814 19
815 33
816 31
817 38
818 41
819 44
820 30
821 35
822 29
823 30
824 39
825 32
826 33
827 40
828 33
829 28
830 30
831 35
832 40
833 35
834 37
835 34
836 27
837 35
838 31
839 28
840 32
841 33
842 38
843 43
844 30
845 31
846 32
847 38
848 30
849 29
850 43
851 31
852 35
853 28
854 39
855 37
856 25
857 28
858 27
859 37
860 37
861 34
862 38
863 33
864 33
865 46
866 35
867 26
868 33
869 29
870 24
871 19
872 36
873 33
874 37
875 37
876 24
877 25
878 30
879 34
880 26
881 28
882 36
883 34
884 32
885 45
886 35
887 37
888 31
889 22
890 30
891 40
892 35
893 28
894 27
895 24
896 32
897 24
898 30
899 30
900 26
901 27
902 25
903 38
904 34
905 26
906 40
907 27
908 33
909 30
910 30
911 31
912 28
913 26
914 33
915 31
916 34
917 30
918 33
919 29
920 35
921 40
922 27
923 41
924 30
925 31
926 32
927 38
928 37
929 33
930 44
931 31
932 32
933 35
934 39
935 30
936 26
937 35
938 40
939 36
940 39
941 31
942 36
943 34
944 35
945 40
946 34
947 27
948 47
949 32
950 58
951 39
952 23
953 23
954 31
955 39
956 24
957 32
958 36
959 45
960 56
961 36
962 29
963 35
964 34
965 26
966 35
967 30
968 35
969 37
970 30
971 35
972 24
973 34
974 30
975 29
976 29
977 25
978 28
979 36
980 27
981 36
982 30
983 29
984 38
985 37
986 31
987 31
988 29
989 38
990 28
991 29
992 26
993 23
994 33
995 43
996 32
997 28
998 39
999 24
1000 33
1001 31
1002 32
1003 23
1004 29
1005 27
1006 20
1007 37
1008 40
1009 28
1010 36
1011 37
1012 32
1013 29
1014 41
1015 22
1016 31
1017 31
1018 33
1019 28
1020 26
1021 29
1022 25
1023 36
1024 29
1025 37
1026 33
1027 40
1028 44
1029 35
1030 37
1031 39
1032 26
1033 32
1034 33
1035 40
1036 34
1037 37
1038 31
1039 23
1040 23
1041 29
1042 36
1043 29
1044 25
1045 26
1046 30
1047 23
1048 28
1049 39
1050 29
1051 34
1052 31
1053 38
1054 27
1055 37
1056 38
1057 42
1058 37
1059 35
1060 32
1061 32
1062 26
1063 17
1064 21
1065 31
1066 23
1067 32
1068 23
1069 32
1070 35
1071 36
1072 33
1073 35
1074 32
1075 27
1076 36
1077 41
1078 39
1079 39
1080 37
1081 33
1082 28
1083 28
1084 35
1085 40
1086 28
1087 46
1088 36
1089 38
1090 25
1091 26
1092 25
1093 31
1094 37
1095 37
1096 28
1097 35
1098 36
1099 31
1100 34
1101 23
1102 31
1103 35
1104 40
1105 26
1106 26
1107 29
1108 40
1109 29
1110 27
1111 21
1112 36
1113 36
1114 21
1115 31
1116 30
1117 34
1118 22
1119 33
1120 37
1121 36
1122 31
1123 38
1124 34
1125 57
1126 47
1127 68
1128 74
1129 86
1130 113
1131 132
1132 172
1133 222
1134 276
1135 286
1136 252
1137 352
1138 375
1139 581
1140 527
1141 439
1142 498
1143 575
1144 543
1145 574
1146 554
1147 516
1148 523
1149 472
1150 354
1151 350
1152 307
1153 269
1154 296
1155 238
1156 154
1157 83
1158 49
1159 39
1160 43
1161 30
1162 36
1163 35
1164 42
1165 38
1166 30
1167 25
1168 42
1169 31
1170 37
1171 43
1172 38
1173 43
1174 33
1175 34
1176 39
1177 26
1178 23
1179 35
1180 27
1181 30
1182 28
1183 26
1184 30
1185 29
1186 29
1187 32
1188 38
1189 32
1190 51
1191 46
1192 36
1193 33
1194 32
1195 25
1196 27
1197 32
1198 32
1199 31
1200 32
1201 28
1202 33
1203 37
1204 27
1205 44
1206 22
1207 26
1208 25
1209 25
1210 31
1211 39
1212 27
1213 15
1214 25
1215 23
1216 31
1217 33
1218 26
1219 30
1220 30
1221 23
1222 33
1223 27
1224 36
1225 41
1226 28
1227 19
1228 24
1229 27
1230 23
1231 27
1232 30
1233 31
1234 29
1235 36
1236 30
1237 24
1238 32
1239 42
1240 24
1241 25
1242 23
1243 32
1244 23
1245 25
1246 21
1247 25
1248 26
1249 34
1250 22
1251 20
1252 27
1253 31
1254 14
1255 29
1256 18
1257 33
1258 29
1259 33
1260 26
1261 32
1262 26
1263 27
1264 21
1265 27
1266 26
1267 20
1268 25
1269 26
1270 32
1271 37
1272 41
1273 29
1274 32
1275 41
1276 41
1277 39
1278 43
1279 14
1280 27
1281 33
1282 28
1283 24
1284 20
1285 25
1286 26
1287 14
1288 25
1289 19
1290 26
1291 18
1292 30
1293 26
1294 22
1295 17
1296 23
1297 17
1298 24
1299 22
1300 20
1301 17
1302 16
1303 23
1304 22
1305 22
1306 26
1307 20
1308 21
1309 26
1310 30
1311 28
1312 19
1313 22
1314 31
1315 20
1316 29
1317 26
1318 27
1319 20
1320 17
1321 20
1322 25
1323 26
1324 24
1325 24
1326 20
1327 17
1328 22
1329 18
1330 20
1331 25
1332 28
1333 22
1334 22
1335 23
1336 19
1337 21
1338 27
1339 24
1340 28
1341 15
1342 17
1343 26
1344 26
1345 19
1346 27
1347 18
1348 17
1349 20
1350 29
1351 39
1352 26
1353 34
1354 36
1355 31
1356 39
1357 37
1358 51
1359 39
1360 42
1361 49
1362 40
1363 42
1364 35
1365 35
1366 31
1367 42
1368 32
1369 22
1370 32
1371 33
1372 21
1373 18
1374 13
1375 22
1376 31
1377 16
1378 15
1379 27
1380 20
1381 22
1382 20
1383 28
1384 20
1385 22
1386 23
1387 25
1388 30
1389 19
1390 28
1391 24
1392 33
1393 22
1394 19
1395 30
1396 16
1397 18
1398 19
1399 28
1400 20
1401 25
1402 26
1403 17
1404 25
1405 21
1406 27
1407 26
1408 28
1409 27
1410 25
1411 24
1412 24
1413 23
1414 14
1415 26
1416 24
1417 14
1418 27
1419 19
1420 16
1421 31
1422 24
1423 20
1424 22
1425 19
1426 25
1427 22
1428 26
1429 29
1430 26
1431 23
1432 40
1433 29
1434 38
1435 37
1436 58
1437 53
1438 69
1439 95
1440 114
1441 146
1442 169
1443 214
1444 187
1445 193
1446 233
1447 229
1448 233
1449 244
1450 249
1451 193
1452 155
1453 165
1454 159
1455 116
1456 117
1457 105
1458 70
1459 43
1460 50
1461 40
1462 23
1463 21
1464 27
1465 15
1466 19
1467 15
1468 19
1469 23
1470 29
1471 18
1472 21
1473 17
1474 20
1475 17
1476 27
1477 20
1478 17
1479 17
1480 18
1481 21
1482 27
1483 23
1484 15
1485 20
1486 26
1487 20
1488 15
1489 23
1490 20
1491 21
1492 13
1493 17
1494 20
1495 20
1496 13
1497 25
1498 19
1499 25
1500 21
1501 22
1502 25
1503 15
1504 28
1505 23
1506 27
1507 26
1508 17
1509 16
1510 22
1511 20
1512 11
1513 25
1514 19
1515 17
1516 17
1517 19
1518 12
1519 11
1520 11
1521 17
1522 20
1523 19
1524 23
1525 11
1526 14
1527 18
1528 22
1529 21
1530 21
1531 14
1532 25
1533 25
1534 18
1535 15
1536 16
1537 26
1538 29
1539 25
1540 23
1541 15
1542 19
1543 19
1544 16
1545 14
1546 17
1547 16
1548 18
1549 16
1550 26
1551 19
1552 26
1553 18
1554 19
1555 15
1556 17
1557 19
1558 23
1559 20
1560 16
1561 16
1562 18
1563 18
1564 13
1565 10
1566 13
1567 19
1568 16
1569 23
1570 21
1571 15
1572 11
1573 25
1574 30
1575 19
1576 9
1577 18
1578 29
1579 17
1580 10
1581 16
1582 22
1583 14
1584 21
1585 24
1586 19
1587 17
1588 24
1589 15
1590 21
1591 11
1592 25
1593 18
1594 19
1595 20
1596 28
1597 27
1598 15
1599 8
1600 20
1601 19
1602 14
1603 16
1604 12
1605 20
1606 17
1607 22
1608 18
1609 17
1610 27
1611 19
1612 18
1613 22
1614 14
1615 26
1616 20
1617 16
1618 20
1619 12
1620 10
1621 17
1622 18
1623 26
1624 18
1625 18
1626 25
1627 17
1628 16
1629 12
1630 16
1631 30
1632 25
1633 15
1634 23
1635 22
1636 23
1637 19
1638 16
1639 22
1640 14
1641 18
1642 13
1643 21
1644 16
1645 16
1646 13
1647 17
1648 14
1649 25
1650 13
1651 15
1652 13
1653 18
1654 19
1655 18
1656 12
1657 19
1658 25
1659 16
1660 18
1661 21
1662 27
1663 17
1664 23
1665 18
1666 18
1667 12
1668 13
1669 18
1670 13
1671 16
1672 20
1673 23
1674 22
1675 18
1676 16
1677 18
1678 18
1679 22
1680 19
1681 15
1682 22
1683 22
1684 13
1685 24
1686 19
1687 18
1688 19
1689 17
1690 11
1691 18
1692 21
1693 21
1694 27
1695 22
1696 12
1697 17
1698 16
1699 21
1700 13
1701 13
1702 19
1703 11
1704 20
1705 15
1706 10
1707 21
1708 21
1709 17
1710 19
1711 20
1712 9
1713 21
1714 23
1715 9
1716 11
1717 13
1718 13
1719 19
1720 16
1721 19
1722 21
1723 17
1724 19
1725 23
1726 18
1727 16
1728 11
1729 17
1730 13
1731 21
1732 17
1733 11
1734 16
1735 17
1736 14
1737 24
1738 17
1739 11
1740 12
1741 20
1742 13
1743 19
1744 23
1745 23
1746 12
1747 15
1748 16
1749 14
1750 18
1751 14
1752 18
1753 24
1754 23
1755 18
1756 13
1757 16
1758 13
1759 13
1760 16
1761 18
1762 25
1763 18
1764 18
1765 15
1766 20
1767 21
1768 11
1769 16
1770 15
1771 17
1772 10
1773 12
1774 17
1775 18
1776 19
1777 16
1778 17
1779 19
1780 29
1781 19
1782 19
1783 20
1784 13
1785 27
1786 17
1787 12
1788 12
1789 17
1790 13
1791 10
1792 19
1793 16
1794 16
1795 19
1796 13
1797 21
1798 19
1799 22
1800 9
1801 14
1802 28
1803 25
1804 13
1805 14
1806 12
1807 9
1808 12
1809 19
1810 16
1811 27
1812 16
1813 25
1814 18
1815 19
1816 19
1817 15
1818 21
1819 16
1820 18
1821 21
1822 13
1823 24
1824 16
1825 19
1826 15
1827 21
1828 27
1829 14
1830 14
1831 17
1832 22
1833 16
1834 21
1835 23
1836 14
1837 18
1838 20
1839 13
1840 19
1841 13
1842 16
1843 17
1844 16
1845 18
1846 14
1847 13
1848 18
1849 12
1850 19
1851 24
1852 22
1853 15
1854 22
1855 14
1856 20
1857 16
1858 11
1859 11
1860 12
1861 16
1862 13
1863 20
1864 24
1865 13
1866 17
1867 17
1868 19
1869 19
1870 24
1871 17
1872 19
1873 25
1874 20
1875 22
1876 18
1877 17
1878 13
1879 17
1880 17
1881 18
1882 14
1883 15
1884 24
1885 21
1886 15
1887 12
1888 20
1889 23
1890 13
1891 13
1892 11
1893 22
1894 19
1895 19
1896 17
1897 14
1898 19
1899 12
1900 16
1901 25
1902 15
1903 15
1904 16
1905 19
1906 30
1907 25
1908 33
1909 20
1910 25
1911 23
1912 32
1913 39
1914 42
1915 60
1916 56
1917 78
1918 72
1919 75
1920 109
1921 137
1922 140
1923 110
1924 137
1925 199
1926 186
1927 82
1928 83
1929 99
1930 75
1931 68
1932 77
1933 61
1934 50
1935 46
1936 41
1937 41
1938 45
1939 33
1940 34
1941 47
1942 32
1943 26
1944 31
1945 23
1946 17
1947 26
1948 23
1949 17
1950 15
1951 19
1952 14
1953 13
1954 18
1955 17
1956 26
1957 18
1958 25
1959 16
1960 21
1961 19
1962 16
1963 21
1964 20
1965 15
1966 17
1967 19
1968 26
1969 15
1970 16
1971 19
1972 20
1973 12
1974 12
1975 19
1976 20
1977 17
1978 13
1979 16
1980 13
1981 9
1982 10
1983 23
1984 20
1985 14
1986 20
1987 18
1988 15
1989 11
1990 17
1991 17
1992 18
1993 21
1994 13
1995 16
1996 13
1997 18
1998 14
1999 13
2000 22
2001 16
2002 17
2003 6
2004 17
2005 16
2006 13
2007 15
2008 17
2009 22
2010 15
2011 15
2012 15
2013 19
2014 17
2015 11
2016 18
2017 14
2018 8
2019 16
2020 13
2021 16
2022 17
2023 16
2024 11
2025 11
2026 17
2027 18
2028 18
2029 17
2030 11
2031 12
2032 18
2033 16
2034 15
2035 18
2036 15
2037 13
2038 21
2039 23
2040 17
2041 16
2042 11
2043 14
2044 26
2045 19
2046 17
2047 16
2048 14
2049 14
2050 16
2051 11
2052 16
2053 18
2054 11
2055 10
2056 17
2057 17
2058 9
2059 15
2060 13
2061 18
2062 9
2063 12
2064 14
2065 10
2066 19
2067 9
2068 10
2069 20
2070 14
2071 19
2072 14
2073 12
2074 15
2075 17
2076 20
2077 15
2078 17
2079 17
2080 25
2081 20
2082 12
2083 10
2084 19
2085 15
2086 15
2087 23
2088 9
2089 17
2090 10
2091 18
2092 13
2093 17
2094 13
2095 16
2096 18
2097 18
2098 13
2099 14
2100 16
2101 9
2102 13
2103 16
2104 12
2105 15
2106 23
2107 14
2108 14
2109 11
2110 11
2111 13
2112 17
2113 14
2114 21
2115 11
2116 23
2117 11
2118 18
2119 8
2120 20
2121 9
2122 14
2123 19
2124 13
2125 21
2126 24
2127 10
2128 12
2129 18
2130 11
2131 9
2132 14
2133 18
2134 18
2135 14
2136 23
2137 13
2138 16
2139 18
2140 11
2141 14
2142 14
2143 10
2144 14
2145 16
2146 23
2147 15
2148 20
2149 15
2150 14
2151 19
2152 15
2153 10
2154 18
2155 14
2156 18
2157 13
2158 20
2159 18
2160 16
2161 17
2162 28
2163 23
2164 12
2165 24
2166 31
2167 29
2168 38
2169 38
2170 38
2171 44
2172 75
2173 59
2174 68
2175 76
2176 80
2177 115
2178 115
2179 130
2180 196
2181 222
2182 297
2183 313
2184 292
2185 299
2186 376
2187 498
2188 568
2189 599
2190 700
2191 660
2192 478
2193 387
2194 377
2195 348
2196 378
2197 363
2198 357
2199 278
2200 211
2201 208
2202 143
2203 147
2204 145
2205 122
2206 101
2207 106
2208 91
2209 68
2210 44
2211 39
2212 36
2213 39
2214 28
2215 30
2216 27
2217 21
2218 21
2219 18
2220 19
2221 27
2222 21
2223 18
2224 19
2225 27
2226 18
2227 13
2228 16
2229 11
2230 20
2231 14
2232 19
2233 11
2234 11
2235 8
2236 14
2237 15
2238 15
2239 16
2240 16
2241 20
2242 15
2243 16
2244 15
2245 14
2246 17
2247 13
2248 15
2249 16
2250 14
2251 18
2252 11
2253 12
2254 15
2255 14
2256 15
2257 21
2258 11
2259 11
2260 26
2261 18
2262 10
2263 12
2264 10
2265 10
2266 22
2267 23
2268 13
2269 15
2270 11
2271 21
2272 10
2273 16
2274 12
2275 7
2276 8
2277 9
2278 15
2279 15
2280 15
2281 15
2282 14
2283 7
2284 14
2285 17
2286 18
2287 12
2288 13
2289 17
2290 17
2291 12
2292 14
2293 12
2294 16
2295 14
2296 19
2297 17
2298 15
2299 9
2300 19
2301 10
2302 11
2303 11
2304 20
2305 15
2306 13
2307 16
2308 22
2309 13
2310 14
2311 13
2312 13
2313 14
2314 19
2315 16
2316 14
2317 20
2318 13
2319 12
2320 7
2321 19
2322 22
2323 15
2324 20
2325 13
2326 18
2327 9
2328 15
2329 15
2330 12
2331 9
2332 21
2333 14
2334 11
2335 16
2336 10
2337 10
2338 9
2339 10
2340 21
2341 16
2342 16
2343 7
2344 14
2345 15
2346 20
2347 13
2348 13
2349 15
2350 9
2351 21
2352 19
2353 11
2354 15
2355 12
2356 12
2357 13
2358 17
2359 19
2360 14
2361 12
2362 16
2363 13
2364 10
2365 16
2366 17
2367 19
2368 10
2369 20
2370 13
2371 14
2372 17
2373 14
2374 19
2375 17
2376 11
2377 13
2378 22
2379 19
2380 19
2381 17
2382 26
2383 24
2384 22
2385 31
2386 25
2387 32
2388 30
2389 36
2390 48
2391 50
2392 64
2393 64
2394 70
2395 80
2396 89
2397 89
2398 90
2399 98
2400 90
2401 87
2402 82
2403 86
2404 69
2405 80
2406 72
2407 72
2408 56
2409 65
2410 57
2411 41
2412 51
2413 45
2414 42
2415 36
2416 34
2417 33
2418 30
2419 31
2420 22
2421 21
2422 16
2423 19
2424 18
2425 10
2426 16
2427 8
2428 10
2429 17
2430 17
2431 13
2432 17
2433 11
2434 8
2435 17
2436 16
2437 10
2438 8
2439 14
2440 10
2441 15
2442 13
2443 15
2444 21
2445 8
2446 6
2447 17
2448 16
2449 13
2450 12
2451 18
2452 22
2453 14
2454 15
2455 16
2456 11
2457 13
2458 13
2459 16
2460 6
2461 10
2462 13
2463 10
2464 12
2465 10
2466 7
2467 11
2468 4
2469 10
2470 16
2471 18
2472 8
2473 9
2474 12
2475 11
2476 16
2477 9
2478 11
2479 15
2480 10
2481 15
2482 13
2483 12
2484 17
2485 13
2486 16
2487 13
2488 16
2489 11
2490 7
2491 10
2492 10
2493 10
2494 14
2495 16
2496 13
2497 10
2498 10
2499 9
2500 10
2501 10
2502 16
2503 6
2504 14
2505 15
2506 8
2507 12
2508 14
2509 15
2510 15
2511 13
2512 10
2513 15
2514 6
2515 13
2516 13
2517 7
2518 12
2519 12
2520 9
2521 9
2522 17
2523 15
2524 14
2525 12
2526 15
2527 12
2528 8
2529 7
2530 10
2531 11
2532 15
2533 11
2534 11
2535 9
2536 8
2537 13
2538 7
2539 10
2540 8
2541 13
2542 15
2543 14
2544 9
2545 12
2546 18
2547 12
2548 14
2549 8
2550 11
2551 12
2552 8
2553 16
2554 12
2555 11
2556 10
2557 10
2558 12
2559 16
