0 35
1 22
2 13
3 23
4 21
5 25
6 36
7 28
8 32
9 30
10 22
11 22
12 29
13 22
14 26
15 17
16 23
17 25
18 24
19 17
20 16
21 24
22 36
23 30
24 17
25 36
26 22
27 22
28 31
29 30
30 23
31 32
32 32
33 33
34 20
35 32
36 35
37 29
38 19
39 19
40 26
41 31
42 31
43 29
44 25
45 25
46 22
47 22
48 32
49 23
50 23
51 30
52 28
53 21
54 24
55 35
56 21
57 26
58 23
59 30
60 25
61 29
62 30
63 35
64 19
65 25
66 24
67 26
68 19
69 19
70 22
71 28
72 20
73 28
74 17
75 22
76 29
77 35
78 26
79 34
80 31
81 25
82 29
83 24
84 18
85 24
86 36
87 21
88 32
89 29
90 25
91 21
92 29
93 26
94 28
95 18
96 29
97 23
98 29
99 33
100 33
101 19
102 20
103 24
104 22
105 21
106 31
107 28
108 24
109 25
110 36
111 22
112 34
113 23
114 26
115 24
116 30
117 26
118 22
119 33
120 28
121 33
122 26
123 22
124 25
125 25
126 34
127 26
128 27
129 29
130 23
131 27
132 36
133 20
134 31
135 29
136 28
137 26
138 29
139 14
140 38
141 29
142 27
143 22
144 22
145 27
146 25
147 30
148 28
149 30
150 30
151 30
152 33
153 17
154 32
155 41
156 33
157 30
158 36
159 34
160 26
161 24
162 37
163 28
164 24
165 37
166 25
167 24
168 25
169 31
170 29
171 27
172 28
173 26
174 23
175 24
176 26
177 20
178 24
179 26
180 33
181 32
182 20
183 28
184 34
185 22
186 29
187 27
188 25
189 23
190 30
191 30
192 22
193 26
194 18
195 30
196 25
197 23
198 23
199 38
200 34
201 30
202 29
203 17
204 23
205 31
206 30
207 31
208 33
209 29
210 22
211 21
212 22
213 27
214 40
215 29
216 34
217 26
218 27
219 32
220 27
221 29
222 27
223 34
224 30
225 29
226 34
227 29
228 29
229 32
230 26
231 34
232 33
233 20
234 27
235 27
236 31
237 33
238 17
239 30
240 25
241 30
242 26
243 24
244 33
245 23
246 31
247 30
248 36
249 26
250 28
251 30
252 37
253 34
254 24
255 26
256 29
257 33
258 31
259 27
260 29
261 29
262 22
263 26
264 21
265 32
266 34
267 22
268 30
269 38
270 25
271 38
272 39
273 33
274 30
275 19
276 31
277 25
278 33
279 37
280 28
281 34
282 23
283 29
284 24
285 25
286 27
287 38
288 23
289 23
290 32
291 27
292 17
293 29
294 21
295 20
296 32
297 48
298 27
299 37
300 34
301 29
302 31
303 23
304 32
305 36
306 32
307 31
308 32
309 31
310 31
311 23
312 22
313 35
314 34
315 20
316 22
317 29
318 38
319 35
320 31
321 22
322 33
323 36
324 34
325 27
326 26
327 33
328 40
329 35
330 24
331 24
332 27
333 33
334 23
335 28
336 25
337 25
338 39
339 27
340 32
341 33
342 36
343 29
344 39
345 29
346 23
347 28
348 22
349 32
350 25
351 23
352 28
353 30
354 38
355 36
356 29
357 26
358 24
359 28
360 24
361 32
362 36
363 22
364 28
365 31
366 35
367 32
368 35
369 35
370 22
371 29
372 27
373 35
374 44
375 33
376 43
377 34
378 33
379 38
380 35
381 32
382 30
383 40
384 35
385 31
386 31
387 34
388 37
389 47
390 47
391 36
392 46
393 32
394 40
395 18
396 25
397 45
398 30
399 34
400 30
401 36
402 30
403 33
404 36
405 32
406 27
407 29
408 25
409 42
410 34
411 22
412 25
413 34
414 29
415 29
416 26
417 29
418 29
419 34
420 26
421 34
422 20
423 28
424 30
425 26
426 43
427 33
428 40
429 36
430 24
431 25
432 33
433 31
434 37
435 25
436 33
437 34
438 45
439 36
440 27
441 34
442 32
443 22
444 35
445 30
446 29
447 25
448 18
449 40
450 42
451 23
452 34
453 34
454 39
455 31
456 29
457 27
458 31
459 35
460 35
461 34
462 32
463 33
464 36
465 32
466 30
467 40
468 27
469 32
470 32
471 29
472 28
473 24
474 29
475 32
476 33
477 33
478 39
479 35
480 42
481 29
482 24
483 35
484 33
485 36
486 29
487 27
488 33
489 26
490 29
491 32
492 33
493 34
494 32
495 40
496 34
497 35
498 34
499 40
500 34
501 39
502 31
503 32
504 29
505 31
506 34
507 31
508 32
509 44
510 36
511 33
512 31
513 32
514 37
515 30
516 29
517 25
518 24
519 28
520 24
521 36
522 42
523 26
524 49
525 40
526 32
527 34
528 37
529 34
530 28
531 30
532 34
533 33
534 23
535 33
536 30
537 38
538 38
539 29
540 32
541 28
542 38
543 32
544 30
545 25
546 33
547 28
548 30
549 42
550 41
551 33
552 43
553 27
554 45
555 53
556 35
557 40
558 46
559 34
560 25
561 35
562 37
563 32
564 33
565 28
566 30
567 38
568 39
569 28
570 32
571 18
572 36
573 40
574 43
575 47
576 26
577 33
578 34
579 31
580 30
581 32
582 50
583 26
584 32
585 46
586 23
587 34
588 35
589 29
590 33
591 34
592 35
593 28
594 51
595 31
596 28
597 31
598 33
599 34
600 35
601 36
602 28
603 33
604 38
605 30
606 34
607 32
608 35
609 38
610 40
611 38
612 32
613 25
614 30
615 42
616 30
617 44
618 24
619 46
620 50
621 41
622 46
623 58
624 61
625 60
626 67
627 59
628 53
629 61
630 69
631 60
632 79
633 86
634 98
635 89
636 116
637 109
638 104
639 95
640 111
641 124
642 95
643 112
644 103
645 110
646 119
647 115
648 120
649 102
650 72
651 77
652 54
653 63
654 38
655 46
656 35
657 40
658 45
659 31
660 36
661 32
662 36
663 43
664 44
665 36
666 43
667 37
668 35
669 43
670 32
671 33
672 34
673 31
674 32
675 47
676 26
677 38
678 25
679 35
680 40
681 33
682 38
683 42
684 41
685 35
686 41
687 47
688 31
689 39
690 39
691 38
692 35
693 31
694 40
695 37
696 33
697 38
698 27
699 22
700 42
701 45
702 38
703 34
704 30
705 33
706 42
707 33
708 35
709 28
710 40
711 30
712 42
713 39
714 29
715 48
716 39
717 39
718 35
719 42
720 36
721 25
722 39
723 39
724 26
725 32
726 40
727 39
728 44
729 42
730 26
731 44
732 26
733 32
734 41
735 31
736 26
737 40
738 25
739 37
740 33
741 24
742 32
743 33
744 27
745 32
746 24
747 34
748 33
749 35
750 33
751 37
752 33
753 29
754 26
755 31
756 25
757 32
758 29
759 40
760 35
761 26
762 33
763 27
764 36
765 29
766 26
767 22
768 26
769 25
770 38
771 33
772 38
773 33
774 37
775 28
776 40
777 36
778 34
779 38
780 41
781 38
782 38
783 34
784 31
785 28
786 32
787 29
788 42
789 44
790 38
791 41
792 32
793 47
794 30
795 28
796 22
797 30
798 36
799 40
800 35
801 38
802 40
803 30
804 24
805 26
806 19
807 40
808 38
809 35
810 32
811 23
812 34
813 36
814 25
815 26
816 40
817 30
818 26
819 35
820 30
821 34
822 41
823 31
824 28
825 36
826 41
827 28
828 27
829 36
830 39
831 26
832 23
833 33
834 27
835 28
836 42
837 32
838 39
839 32
840 33
841 37
842 32
843 35
844 14
845 34
846 29
847 38
848 31
849 27
850 35
851 30
852 27
853 37
854 34
855 28
856 30
857 32
858 37
859 31
860 27
861 26
862 39
863 33
864 38
865 21
866 36
867 33
868 32
869 39
870 27
871 30
872 41
873 41
874 35
875 25
876 34
877 34
878 29
879 33
880 35
881 29
882 24
883 23
884 26
885 32
886 33
887 26
888 26
889 35
890 23
891 40
892 28
893 34
894 29
895 26
896 30
897 29
898 30
899 41
900 25
901 33
902 18
903 29
904 36
905 25
906 29
907 37
908 25
909 22
910 35
911 32
912 34
913 35
914 28
915 40
916 31
917 33
918 34
919 33
920 27
921 30
922 33
923 32
924 30
925 32
926 34
927 27
928 27
929 28
930 30
931 33
932 31
933 30
934 30
935 29
936 24
937 37
938 21
939 34
940 38
941 29
942 22
943 28
944 30
945 30
946 30
947 36
948 33
949 37
950 32
951 23
952 30
953 42
954 36
955 35
956 25
957 30
958 32
959 30
960 35
961 31
962 31
963 27
964 32
965 32
966 40
967 35
968 20
969 36
970 28
971 28
972 29
973 25
974 33
975 21
976 30
977 33
978 35
979 23
980 29
981 30
982 31
983 37
984 29
985 27
986 22
987 24
988 33
989 27
990 29
991 30
992 26
993 29
994 44
995 29
996 36
997 30
998 30
999 28
1000 33
1001 37
1002 33
1003 24
1004 24
1005 30
1006 37
1007 29
1008 30
1009 32
1010 32
1011 41
1012 33
1013 37
1014 34
1015 30
1016 29
1017 35
1018 33
1019 48
1020 37
1021 27
1022 39
1023 27
1024 33
1025 30
1026 27
1027 35
1028 34
1029 25
1030 26
1031 41
1032 32
1033 34
1034 33
1035 41
1036 30
1037 27
1038 24
1039 23
1040 28
1041 34
1042 36
1043 29
1044 32
1045 30
1046 28
1047 27
1048 36
1049 30
1050 35
1051 29
1052 37
1053 32
1054 31
1055 22
1056 19
1057 30
1058 36
1059 28
1060 22
1061 36
1062 29
1063 37
1064 25
1065 24
1066 30
1067 32
1068 30
1069 39
1070 32
1071 33
1072 33
1073 33
1074 21
1075 29
1076 29
1077 29
1078 24
1079 29
1080 29
1081 28
1082 25
1083 26
1084 30
1085 29
1086 33
1087 39
1088 25
1089 28
1090 28
1091 25
1092 27
1093 20
1094 32
1095 25
1096 18
1097 28
1098 33
1099 39
1100 27
1101 32
1102 23
1103 26
1104 26
1105 31
1106 30
1107 34
1108 23
1109 23
1110 33
1111 31
1112 30
1113 20
1114 34
1115 38
1116 26
1117 28
1118 39
1119 26
1120 33
1121 36
1122 35
1123 31
1124 33
1125 39
1126 32
1127 22
1128 30
1129 27
1130 32
1131 34
1132 31
1133 27
1134 27
1135 35
1136 24
1137 27
1138 30
1139 30
1140 31
1141 33
1142 23
1143 29
1144 28
1145 31
1146 32
1147 27
1148 32
1149 28
1150 26
1151 42
1152 28
1153 37
1154 35
1155 39
1156 31
1157 40
1158 47
1159 28
1160 26
1161 43
1162 34
1163 37
1164 27
1165 40
1166 47
1167 45
1168 38
1169 41
1170 43
1171 44
1172 56
1173 62
1174 78
1175 85
1176 90
1177 124
1178 129
1179 177
1180 184
1181 180
1182 208
1183 234
1184 238
1185 305
1186 325
1187 391
1188 476
1189 507
1190 503
1191 531
1192 478
1193 423
1194 316
1195 296
1196 246
1197 175
1198 185
1199 151
1200 99
1201 79
1202 66
1203 57
1204 35
1205 45
1206 32
1207 45
1208 34
1209 26
1210 24
1211 29
1212 20
1213 41
1214 33
1215 27
1216 33
1217 24
1218 30
1219 30
1220 19
1221 22
1222 48
1223 32
1224 28
1225 28
1226 38
1227 37
1228 26
1229 33
1230 33
1231 22
1232 34
1233 28
1234 29
1235 28
1236 30
1237 11
1238 19
1239 27
1240 30
1241 22
1242 33
1243 31
1244 25
1245 31
1246 29
1247 27
1248 27
1249 34
1250 29
1251 35
1252 29
1253 24
1254 25
1255 33
1256 33
1257 25
1258 27
1259 25
1260 20
1261 26
1262 23
1263 20
1264 24
1265 23
1266 24
1267 17
1268 21
1269 24
1270 20
1271 20
1272 12
1273 20
1274 18
1275 18
1276 22
1277 14
1278 12
1279 4
1280 22
1281 34
1282 24
1283 26
1284 19
1285 26
1286 22
1287 28
1288 27
1289 19
1290 24
1291 17
1292 19
1293 25
1294 26
1295 26
1296 20
1297 20
1298 12
1299 21
1300 20
1301 25
1302 23
1303 17
1304 20
1305 24
1306 11
1307 21
1308 27
1309 28
1310 18
1311 20
1312 25
1313 27
1314 20
1315 25
1316 28
1317 28
1318 27
1319 20
1320 30
1321 22
1322 13
1323 17
1324 21
1325 20
1326 15
1327 22
1328 19
1329 27
1330 19
1331 26
1332 21
1333 26
1334 18
1335 14
1336 26
1337 18
1338 27
1339 20
1340 16
1341 24
1342 21
1343 26
1344 26
1345 17
1346 25
1347 23
1348 19
1349 21
1350 28
1351 23
1352 17
1353 19
1354 26
1355 20
1356 17
1357 17
1358 25
1359 13
1360 27
1361 30
1362 20
1363 18
1364 21
1365 24
1366 34
1367 25
1368 18
1369 23
1370 23
1371 16
1372 23
1373 16
1374 16
1375 16
1376 20
1377 21
1378 18
1379 24
1380 22
1381 19
1382 24
1383 19
1384 23
1385 21
1386 24
1387 20
1388 25
1389 21
1390 21
1391 30
1392 17
1393 19
1394 19
1395 16
1396 18
1397 24
1398 25
1399 24
1400 21
1401 20
1402 15
1403 31
1404 40
1405 27
1406 36
1407 40
1408 29
1409 26
1410 32
1411 37
1412 43
1413 40
1414 39
1415 44
1416 40
1417 32
1418 29
1419 24
1420 30
1421 17
1422 36
1423 16
1424 26
1425 23
1426 17
1427 23
1428 21
1429 21
1430 33
1431 14
1432 21
1433 20
1434 21
1435 23
1436 22
1437 16
1438 25
1439 33
1440 25
1441 17
1442 20
1443 15
1444 23
1445 18
1446 16
1447 16
1448 15
1449 23
1450 25
1451 24
1452 20
1453 29
1454 21
1455 14
1456 16
1457 21
1458 13
1459 26
1460 34
1461 14
1462 20
1463 22
1464 25
1465 25
1466 22
1467 21
1468 22
1469 18
1470 28
1471 15
1472 25
1473 28
1474 13
1475 27
1476 28
1477 27
1478 24
1479 24
1480 28
1481 23
1482 25
1483 30
1484 32
1485 41
1486 43
1487 66
1488 69
1489 67
1490 93
1491 95
1492 131
1493 121
1494 125
1495 134
1496 159
1497 155
1498 173
1499 197
1500 174
1501 160
1502 170
1503 164
1504 150
1505 150
1506 126
1507 94
1508 74
1509 70
1510 40
1511 43
1512 33
1513 33
1514 21
1515 16
1516 22
1517 26
1518 28
1519 26
1520 23
1521 19
1522 17
1523 26
1524 23
1525 27
1526 17
1527 18
1528 15
1529 23
1530 24
1531 18
1532 16
1533 19
1534 23
1535 30
1536 23
1537 19
1538 22
1539 19
1540 21
1541 19
1542 19
1543 23
1544 21
1545 19
1546 26
1547 21
1548 16
1549 25
1550 15
1551 15
1552 22
1553 26
1554 21
1555 18
1556 23
1557 16
1558 22
1559 22
1560 16
1561 17
1562 20
1563 28
1564 16
1565 24
1566 23
1567 13
1568 23
1569 25
1570 19
1571 28
1572 20
1573 18
1574 24
1575 15
1576 19
1577 24
1578 22
1579 11
1580 26
1581 16
1582 17
1583 19
1584 15
1585 15
1586 19
1587 16
1588 19
1589 18
1590 13
1591 17
1592 25
1593 14
1594 20
1595 21
1596 22
1597 16
1598 18
1599 20
1600 25
1601 22
1602 21
1603 23
1604 17
1605 21
1606 23
1607 16
1608 29
1609 16
1610 23
1611 19
1612 20
1613 27
1614 18
1615 23
1616 20
1617 17
1618 16
1619 20
1620 18
1621 20
1622 21
1623 17
1624 16
1625 13
1626 14
1627 20
1628 21
1629 20
1630 30
1631 18
1632 12
1633 33
1634 19
1635 23
1636 21
1637 18
1638 16
1639 22
1640 17
1641 17
1642 18
1643 18
1644 13
1645 22
1646 15
1647 30
1648 19
1649 18
1650 19
1651 20
1652 26
1653 13
1654 19
1655 20
1656 18
1657 19
1658 18
1659 18
1660 30
1661 19
1662 15
1663 16
1664 16
1665 22
1666 17
1667 13
1668 19
1669 15
1670 15
1671 20
1672 24
1673 16
1674 13
1675 20
1676 16
1677 11
1678 19
1679 21
1680 11
1681 21
1682 19
1683 22
1684 21
1685 18
1686 19
1687 16
1688 14
1689 20
1690 22
1691 14
1692 19
1693 28
1694 14
1695 25
1696 19
1697 19
1698 16
1699 16
1700 17
1701 17
1702 15
1703 14
1704 18
1705 23
1706 18
1707 22
1708 14
1709 16
1710 21
1711 26
1712 14
1713 24
1714 18
1715 10
1716 12
1717 16
1718 16
1719 27
1720 12
1721 12
1722 14
1723 13
1724 15
1725 10
1726 16
1727 13
1728 11
1729 13
1730 19
1731 18
1732 21
1733 19
1734 21
1735 19
1736 19
1737 18
1738 15
1739 13
1740 20
1741 16
1742 19
1743 17
1744 14
1745 19
1746 8
1747 12
1748 18
1749 13
1750 17
1751 12
1752 18
1753 14
1754 14
1755 16
1756 15
1757 17
1758 11
1759 13
1760 17
1761 17
1762 14
1763 17
1764 17
1765 15
1766 13
1767 16
1768 18
1769 12
1770 18
1771 14
1772 18
1773 18
1774 27
1775 18
1776 13
1777 23
1778 12
1779 25
1780 25
1781 17
1782 11
1783 24
1784 12
1785 7
1786 14
1787 15
1788 14
1789 31
1790 24
1791 23
1792 27
1793 18
1794 14
1795 13
1796 21
1797 16
1798 25
1799 20
1800 15
1801 17
1802 18
1803 21
1804 24
1805 20
1806 18
1807 17
1808 13
1809 14
1810 22
1811 17
1812 22
1813 20
1814 15
1815 16
1816 11
1817 14
1818 17
1819 19
1820 16
1821 13
1822 9
1823 16
1824 14
1825 13
1826 17
1827 25
1828 14
1829 17
1830 9
1831 14
1832 18
1833 10
1834 19
1835 21
1836 15
1837 13
1838 8
1839 25
1840 21
1841 11
1842 11
1843 26
1844 19
1845 17
1846 9
1847 17
1848 19
1849 17
1850 9
1851 18
1852 16
1853 13
1854 15
1855 15
1856 20
1857 22
1858 23
1859 10
1860 12
1861 16
1862 17
1863 11
1864 12
1865 17
1866 21
1867 15
1868 13
1869 19
1870 19
1871 13
1872 17
1873 23
1874 11
1875 16
1876 22
1877 13
1878 20
1879 15
1880 17
1881 21
1882 18
1883 21
1884 15
1885 16
1886 13
1887 15
1888 11
1889 8
1890 16
1891 20
1892 21
1893 18
1894 25
1895 19
1896 23
1897 16
1898 11
1899 19
1900 18
1901 19
1902 18
1903 16
1904 15
1905 17
1906 20
1907 6
1908 15
1909 19
1910 16
1911 14
1912 15
1913 21
1914 21
1915 14
1916 21
1917 16
1918 15
1919 15
1920 22
1921 17
1922 23
1923 16
1924 15
1925 29
1926 21
1927 23
1928 18
1929 20
1930 21
1931 19
1932 23
1933 28
1934 15
1935 15
1936 20
1937 23
1938 18
1939 17
1940 19
1941 17
1942 16
1943 22
1944 22
1945 21
1946 16
1947 12
1948 20
1949 19
1950 13
1951 16
1952 16
1953 17
1954 24
1955 10
1956 12
1957 16
1958 20
1959 16
1960 20
1961 17
1962 18
1963 17
1964 15
1965 17
1966 22
1967 22
1968 21
1969 32
1970 29
1971 17
1972 28
1973 35
1974 30
1975 35
1976 39
1977 50
1978 44
1979 50
1980 83
1981 62
1982 68
1983 88
1984 121
1985 169
1986 186
1987 170
1988 141
1989 97
1990 113
1991 75
1992 70
1993 53
1994 58
1995 46
1996 51
1997 52
1998 52
1999 53
2000 42
2001 34
2002 23
2003 24
2004 11
2005 16
2006 18
2007 16
2008 13
2009 15
2010 23
2011 19
2012 15
2013 19
2014 24
2015 10
2016 13
2017 21
2018 18
2019 24
2020 15
2021 10
2022 17
2023 13
2024 13
2025 15
2026 12
2027 7
2028 16
2029 14
2030 8
2031 16
2032 24
2033 12
2034 17
2035 17
2036 20
2037 15
2038 25
2039 11
2040 13
2041 16
2042 13
2043 20
2044 7
2045 17
2046 17
2047 19
2048 14
2049 14
2050 19
2051 13
2052 13
2053 21
2054 17
2055 12
2056 15
2057 11
2058 12
2059 7
2060 17
2061 17
2062 15
2063 16
2064 10
2065 20
2066 18
2067 18
2068 7
2069 11
2070 19
2071 14
2072 13
2073 19
2074 7
2075 12
2076 20
2077 12
2078 14
2079 14
2080 14
2081 12
2082 15
2083 13
2084 15
2085 10
2086 9
2087 13
2088 16
2089 14
2090 15
2091 13
2092 17
2093 12
2094 15
2095 13
2096 15
2097 10
2098 9
2099 13
2100 17
2101 16
2102 18
2103 16
2104 13
2105 13
2106 15
2107 17
2108 15
2109 14
2110 8
2111 17
2112 5
2113 15
2114 8
2115 13
2116 7
2117 10
2118 17
2119 21
2120 11
2121 13
2122 14
2123 14
2124 11
2125 17
2126 11
2127 17
2128 17
2129 11
2130 14
2131 17
2132 22
2133 13
2134 12
2135 13
2136 8
2137 8
2138 10
2139 14
2140 9
2141 19
2142 9
2143 10
2144 8
2145 9
2146 9
2147 12
2148 17
2149 24
2150 11
2151 17
2152 14
2153 16
2154 15
2155 11
2156 13
2157 19
2158 15
2159 17
2160 20
2161 9
2162 15
2163 17
2164 18
2165 19
2166 11
2167 9
2168 14
2169 11
2170 20
2171 9
2172 13
2173 11
2174 13
2175 7
2176 16
2177 16
2178 12
2179 10
2180 14
2181 11
2182 13
2183 10
2184 12
2185 12
2186 12
2187 10
2188 14
2189 14
2190 20
2191 16
2192 13
2193 11
2194 17
2195 8
2196 12
2197 20
2198 19
2199 26
2200 18
2201 23
2202 15
2203 18
2204 15
2205 9
2206 14
2207 22
2208 12
2209 21
2210 17
2211 19
2212 14
2213 4
2214 20
2215 16
2216 21
2217 19
2218 24
2219 14
2220 18
2221 19
2222 21
2223 18
2224 20
2225 17
2226 15
2227 19
2228 11
2229 18
2230 19
2231 27
2232 27
2233 18
2234 31
2235 38
2236 39
2237 45
2238 49
2239 46
2240 63
2241 94
2242 102
2243 131
2244 130
2245 163
2246 216
2247 245
2248 275
2249 300
2250 404
2251 410
2252 433
2253 435
2254 537
2255 568
2256 535
2257 604
2258 750
2259 615
2260 503
2261 457
2262 407
2263 394
2264 285
2265 195
2266 181
2267 170
2268 167
2269 150
2270 150
2271 130
2272 85
2273 88
2274 74
2275 43
2276 29
2277 18
2278 22
2279 29
2280 27
2281 23
2282 23
2283 19
2284 16
2285 15
2286 22
2287 18
2288 24
2289 18
2290 18
2291 9
2292 14
2293 13
2294 5
2295 19
2296 16
2297 20
2298 17
2299 10
2300 6
2301 9
2302 14
2303 10
2304 15
2305 22
2306 20
2307 8
2308 12
2309 10
2310 13
2311 11
2312 23
2313 19
2314 11
2315 13
2316 23
2317 14
2318 18
2319 9
2320 15
2321 11
2322 8
2323 15
2324 14
2325 15
2326 11
2327 19
2328 15
2329 8
2330 10
2331 14
2332 10
2333 7
2334 17
2335 23
2336 15
2337 11
2338 21
2339 11
2340 8
2341 11
2342 9
2343 14
2344 14
2345 19
2346 22
2347 14
2348 16
2349 9
2350 12
2351 8
2352 15
2353 24
2354 11
2355 10
2356 7
2357 11
2358 15
2359 17
2360 12
2361 19
2362 18
2363 17
2364 8
2365 13
2366 13
2367 11
2368 14
2369 15
2370 13
2371 13
2372 10
2373 11
2374 8
2375 21
2376 13
2377 18
2378 18
2379 17
2380 15
2381 21
2382 16
2383 19
2384 10
2385 15
2386 17
2387 17
2388 7
2389 7
2390 16
2391 15
2392 13
2393 10
2394 14
2395 12
2396 10
2397 7
2398 16
2399 15
2400 10
2401 9
2402 19
2403 10
2404 13
2405 13
2406 16
2407 9
2408 10
2409 11
2410 8
2411 6
2412 16
2413 15
2414 10
2415 15
2416 18
2417 15
2418 19
2419 15
2420 7
2421 12
2422 16
2423 9
2424 10
2425 18
2426 16
2427 10
2428 23
2429 13
2430 13
2431 13
2432 11
2433 15
2434 12
2435 11
2436 12
2437 16
2438 11
2439 17
2440 16
2441 12
2442 16
2443 14
2444 22
2445 15
2446 17
2447 17
2448 9
2449 12
2450 20
2451 20
2452 21
2453 23
2454 28
2455 33
2456 24
2457 40
2458 33
2459 35
2460 51
2461 54
2462 56
2463 65
2464 78
2465 56
2466 67
2467 79
2468 73
2469 85
2470 75
2471 89
2472 73
2473 71
2474 65
2475 78
2476 79
2477 78
2478 73
2479 69
2480 44
2481 43
2482 43
2483 31
2484 39
2485 30
2486 38
2487 31
2488 23
2489 25
2490 9
2491 18
2492 17
2493 10
2494 15
2495 14
2496 18
2497 10
2498 6
2499 7
2500 10
2501 12
2502 10
2503 10
2504 8
2505 8
2506 11
2507 10
2508 13
2509 7
2510 13
2511 9
2512 8
2513 21
2514 17
2515 15
2516 13
2517 7
2518 13
2519 9
2520 12
2521 12
2522 14
2523 10
2524 10
2525 13
2526 17
2527 16
2528 16
2529 11
2530 13
2531 13
2532 8
2533 11
2534 7
2535 10
2536 13
2537 14
2538 9
2539 22
2540 13
2541 12
2542 8
2543 12
2544 13
2545 11
2546 11
2547 8
2548 7
2549 7
2550 9
2551 10
2552 11
2553 11
2554 9
2555 11
2556 12
2557 13
2558 13
2559 18
