0 36
1 27
2 28
3 23
4 29
5 35
6 27
7 33
8 26
9 28
10 30
11 31
12 30
13 40
14 30
15 30
16 23
17 32
18 29
19 24
20 33
21 30
22 32
23 28
24 34
25 31
26 30
27 19
28 31
29 23
30 21
31 28
32 23
33 20
34 29
35 26
36 24
37 28
38 29
39 36
40 24
41 27
42 23
43 23
44 28
45 28
46 27
47 21
48 27
49 30
50 23
51 29
52 37
53 26
54 31
55 32
56 25
57 26
58 37
59 26
60 33
61 32
62 35
63 40
64 24
65 25
66 32
67 27
68 26
69 27
70 41
71 24
72 27
73 30
74 29
75 22
76 34
77 23
78 27
79 26
80 27
81 20
82 32
83 23
84 36
85 26
86 23
87 21
88 20
89 22
90 29
91 16
92 29
93 27
94 26
95 33
96 26
97 25
98 36
99 22
100 33
101 39
102 24
103 33
104 19
105 22
106 25
107 33
108 42
109 27
110 38
111 25
112 24
113 31
114 26
115 35
116 27
117 26
118 27
119 28
120 32
121 18
122 26
123 26
124 28
125 33
126 33
127 34
128 21
129 26
130 38
131 36
132 35
133 22
134 27
135 39
136 29
137 33
138 34
139 39
140 38
141 37
142 31
143 33
144 31
145 34
146 24
147 33
148 43
149 37
150 35
151 28
152 25
153 31
154 28
155 30
156 29
157 43
158 39
159 36
160 20
161 32
162 33
163 30
164 37
165 36
166 36
167 34
168 33
169 30
170 22
171 34
172 25
173 27
174 35
175 31
176 24
177 25
178 19
179 20
180 28
181 37
182 29
183 33
184 28
185 25
186 28
187 34
188 39
189 37
190 26
191 26
192 39
193 24
194 30
195 34
196 24
197 35
198 29
199 30
200 29
201 26
202 33
203 32
204 32
205 27
206 37
207 31
208 27
209 26
210 30
211 32
212 25
213 35
214 36
215 25
216 25
217 32
218 26
219 28
220 31
221 34
222 33
223 26
224 29
225 45
226 30
227 36
228 23
229 30
230 26
231 33
232 18
233 33
234 39
235 45
236 24
237 39
238 39
239 24
240 24
241 35
242 40
243 26
244 30
245 23
246 26
247 29
248 27
249 30
250 25
251 33
252 37
253 32
254 25
255 35
256 32
257 33
258 31
259 32
260 37
261 40
262 23
263 35
264 25
265 31
266 34
267 28
268 33
269 29
270 29
271 33
272 34
273 37
274 41
275 35
276 35
277 31
278 28
279 32
280 29
281 38
282 26
283 37
284 25
285 36
286 22
287 30
288 27
289 39
290 37
291 27
292 37
293 30
294 26
295 29
296 40
297 34
298 33
299 34
300 33
301 28
302 30
303 39
304 31
305 29
306 35
307 32
308 30
309 30
310 41
311 38
312 43
313 25
314 44
315 32
316 44
317 44
318 47
319 35
320 31
321 35
322 37
323 39
324 29
325 32
326 43
327 36
328 35
329 22
330 28
331 24
332 34
333 29
334 44
335 33
336 28
337 35
338 27
339 37
340 35
341 28
342 29
343 38
344 35
345 24
346 34
347 30
348 32
349 32
350 36
351 35
352 29
353 41
354 33
355 28
356 32
357 34
358 26
359 32
360 31
361 31
362 34
363 19
364 30
365 34
366 38
367 32
368 30
369 27
370 38
371 29
372 36
373 39
374 35
375 38
376 43
377 24
378 26
379 33
380 24
381 41
382 34
383 37
384 25
385 37
386 34
387 41
388 31
389 47
390 36
391 27
392 36
393 30
394 36
395 28
396 32
397 43
398 35
399 35
400 33
401 32
402 35
403 34
404 30
405 26
406 33
407 48
408 32
409 44
410 36
411 32
412 39
413 43
414 30
415 38
416 38
417 30
418 36
419 31
420 23
421 32
422 32
423 38
424 51
425 25
426 33
427 39
428 34
429 28
430 37
431 39
432 36
433 34
434 37
435 39
436 34
437 34
438 37
439 23
440 32
441 32
442 41
443 27
444 41
445 35
446 38
447 35
448 39
449 33
450 38
451 41
452 32
453 44
454 36
455 33
456 31
457 30
458 35
459 37
460 41
461 33
462 53
463 42
464 38
465 38
466 41
467 29
468 32
469 27
470 32
471 41
472 40
473 45
474 27
475 34
476 33
477 32
478 36
479 48
480 25
481 39
482 26
483 28
484 28
485 45
486 31
487 30
488 44
489 39
490 37
491 40
492 32
493 24
494 37
495 41
496 22
497 41
498 33
499 30
500 40
501 37
502 39
503 39
504 41
505 30
506 37
507 31
508 25
509 41
510 33
511 29
512 45
513 49
514 28
515 45
516 25
517 31
518 39
519 34
520 32
521 32
522 29
523 32
524 36
525 28
526 51
527 31
528 34
529 39
530 37
531 39
532 39
533 41
534 31
535 31
536 35
537 37
538 30
539 47
540 27
541 36
542 35
543 46
544 33
545 53
546 43
547 38
548 33
549 36
550 39
551 33
552 33
553 34
554 32
555 39
556 42
557 31
558 40
559 40
560 50
561 47
562 35
563 33
564 43
565 44
566 35
567 44
568 29
569 42
570 40
571 41
572 39
573 38
574 48
575 43
576 41
577 45
578 45
579 70
580 61
581 68
582 85
583 77
584 77
585 87
586 58
587 82
588 111
589 74
590 92
591 108
592 120
593 112
594 118
595 122
596 127
597 123
598 94
599 103
600 139
601 139
602 191
603 157
604 147
605 121
606 79
607 68
608 44
609 39
610 41
611 25
612 33
613 44
614 43
615 28
616 41
617 38
618 35
619 36
620 33
621 42
622 38
623 35
624 42
625 29
626 48
627 31
628 55
629 42
630 46
631 40
632 42
633 27
634 27
635 26
636 36
637 41
638 33
639 40
640 33
641 34
642 35
643 36
644 39
645 32
646 43
647 48
648 49
649 41
650 31
651 44
652 46
653 44
654 43
655 41
656 44
657 33
658 34
659 40
660 29
661 40
662 41
663 41
664 42
665 38
666 41
667 38
668 28
669 31
670 30
671 26
672 40
673 43
674 33
675 39
676 35
677 40
678 35
679 35
680 29
681 46
682 32
683 37
684 50
685 41
686 32
687 24
688 38
689 40
690 30
691 41
692 43
693 30
694 32
695 33
696 44
697 49
698 33
699 27
700 42
701 43
702 31
703 40
704 53
705 27
706 39
707 41
708 37
709 36
710 34
711 32
712 28
713 37
714 45
715 40
716 32
717 41
718 38
719 42
720 43
721 39
722 40
723 39
724 43
725 32
726 30
727 31
728 30
729 27
730 39
731 38
732 42
733 31
734 39
735 44
736 32
737 31
738 43
739 37
740 42
741 43
742 34
743 41
744 32
745 26
746 38
747 41
748 29
749 42
750 33
751 27
752 31
753 38
754 28
755 45
756 37
757 24
758 47
759 33
760 34
761 29
762 36
763 37
764 48
765 37
766 29
767 28
768 41
769 27
770 32
771 27
772 35
773 28
774 37
775 38
776 43
777 38
778 44
779 33
780 29
781 27
782 23
783 34
784 37
785 33
786 32
787 26
788 28
789 32
790 29
791 34
792 29
793 46
794 40
795 35
796 35
797 36
798 20
799 34
800 38
801 41
802 28
803 28
804 30
805 36
806 26
807 34
808 38
809 42
810 28
811 41
812 35
813 41
814 43
815 28
816 36
817 37
818 38
819 34
820 27
821 23
822 30
823 35
824 33
825 44
826 45
827 46
828 48
829 29
830 43
831 39
832 28
833 35
834 37
835 49
836 32
837 36
838 37
839 23
840 49
841 32
842 42
843 40
844 24
845 39
846 32
847 29
848 29
849 37
850 33
851 44
852 28
853 33
854 28
855 36
856 29
857 45
858 35
859 30
860 26
861 38
862 38
863 35
864 41
865 27
866 31
867 31
868 27
869 24
870 28
871 37
872 44
873 39
874 46
875 32
876 20
877 27
878 37
879 34
880 28
881 31
882 27
883 43
884 37
885 35
886 35
887 32
888 29
889 37
890 32
891 25
892 39
893 42
894 34
895 30
896 40
897 31
898 37
899 31
900 36
901 40
902 37
903 37
904 35
905 26
906 35
907 34
908 33
909 39
910 35
911 43
912 30
913 30
914 24
915 35
916 30
917 43
918 31
919 50
920 19
921 28
922 42
923 39
924 30
925 38
926 34
927 35
928 39
929 26
930 25
931 28
932 28
933 29
934 31
935 41
936 44
937 37
938 36
939 26
940 39
941 32
942 39
943 22
944 39
945 47
946 33
947 35
948 36
949 35
950 33
951 31
952 42
953 33
954 40
955 32
956 30
957 22
958 24
959 34
960 34
961 32
962 33
963 33
964 25
965 38
966 22
967 32
968 32
969 42
970 33
971 30
972 40
973 29
974 31
975 30
976 26
977 30
978 31
979 35
980 32
981 35
982 34
983 39
984 33
985 28
986 21
987 44
988 26
989 38
990 26
991 26
992 30
993 27
994 28
995 37
996 33
997 30
998 27
999 23
1000 34
1001 41
1002 34
1003 29
1004 30
1005 30
1006 32
1007 36
1008 32
1009 26
1010 29
1011 28
1012 36
1013 29
1014 21
1015 27
1016 29
1017 21
1018 29
1019 39
1020 28
1021 37
1022 29
1023 27
1024 35
1025 29
1026 30
1027 36
1028 32
1029 25
1030 31
1031 32
1032 29
1033 29
1034 24
1035 32
1036 24
1037 39
1038 39
1039 23
1040 24
1041 34
1042 34
1043 37
1044 35
1045 37
1046 33
1047 31
1048 25
1049 33
1050 27
1051 31
1052 24
1053 31
1054 30
1055 27
1056 34
1057 32
1058 46
1059 30
1060 26
1061 28
1062 35
1063 32
1064 36
1065 39
1066 29
1067 27
1068 29
1069 31
1070 45
1071 36
1072 39
1073 35
1074 35
1075 40
1076 26
1077 43
1078 41
1079 38
1080 25
1081 41
1082 34
1083 30
1084 31
1085 37
1086 45
1087 37
1088 30
1089 34
1090 31
1091 24
1092 30
1093 36
1094 41
1095 30
1096 24
1097 23
1098 38
1099 24
1100 33
1101 36
1102 30
1103 33
1104 41
1105 37
1106 42
1107 39
1108 48
1109 35
1110 46
1111 63
1112 50
1113 84
1114 84
1115 91
1116 105
1117 113
1118 142
1119 164
1120 175
1121 232
1122 309
1123 316
1124 387
1125 443
1126 476
1127 399
1128 463
1129 491
1130 467
1131 451
1132 469
1133 416
1134 392
1135 332
1136 242
1137 279
1138 252
1139 237
1140 188
1141 103
1142 82
1143 49
1144 47
1145 51
1146 42
1147 41
1148 21
1149 33
1150 27
1151 29
1152 25
1153 34
1154 35
1155 47
1156 42
1157 37
1158 33
1159 25
1160 37
1161 45
1162 39
1163 30
1164 36
1165 40
1166 34
1167 44
1168 30
1169 40
1170 20
1171 38
1172 34
1173 34
1174 30
1175 29
1176 31
1177 40
1178 28
1179 32
1180 25
1181 32
1182 34
1183 21
1184 30
1185 30
1186 29
1187 29
1188 32
1189 36
1190 36
1191 32
1192 31
1193 20
1194 33
1195 36
1196 40
1197 32
1198 26
1199 39
1200 23
1201 32
1202 30
1203 36
1204 28
1205 33
1206 31
1207 29
1208 31
1209 34
1210 31
1211 38
1212 25
1213 25
1214 28
1215 24
1216 27
1217 33
1218 30
1219 36
1220 31
1221 31
1222 33
1223 32
1224 30
1225 35
1226 28
1227 29
1228 29
1229 31
1230 36
1231 29
1232 40
1233 27
1234 29
1235 25
1236 24
1237 23
1238 29
1239 20
1240 31
1241 23
1242 19
1243 31
1244 41
1245 34
1246 31
1247 26
1248 28
1249 29
1250 49
1251 46
1252 41
1253 28
1254 30
1255 32
1256 29
1257 32
1258 31
1259 34
1260 62
1261 45
1262 46
1263 46
1264 39
1265 51
1266 61
1267 65
1268 61
1269 69
1270 61
1271 63
1272 71
1273 77
1274 98
1275 74
1276 32
1277 26
1278 19
1279 12
1280 29
1281 33
1282 30
1283 19
1284 22
1285 26
1286 33
1287 22
1288 21
1289 21
1290 23
1291 24
1292 26
1293 21
1294 21
1295 19
1296 34
1297 27
1298 23
1299 31
1300 15
1301 25
1302 17
1303 21
1304 29
1305 32
1306 21
1307 19
1308 17
1309 22
1310 15
1311 22
1312 30
1313 21
1314 23
1315 31
1316 20
1317 26
1318 27
1319 30
1320 23
1321 23
1322 23
1323 20
1324 30
1325 28
1326 30
1327 18
1328 29
1329 27
1330 28
1331 22
1332 24
1333 36
1334 22
1335 34
1336 45
1337 34
1338 41
1339 57
1340 43
1341 54
1342 51
1343 43
1344 62
1345 63
1346 54
1347 56
1348 47
1349 50
1350 45
1351 35
1352 36
1353 42
1354 27
1355 26
1356 26
1357 30
1358 17
1359 22
1360 26
1361 19
1362 26
1363 23
1364 18
1365 24
1366 19
1367 24
1368 21
1369 29
1370 23
1371 27
1372 18
1373 21
1374 21
1375 18
1376 17
1377 20
1378 26
1379 14
1380 26
1381 16
1382 25
1383 22
1384 22
1385 21
1386 26
1387 22
1388 22
1389 22
1390 21
1391 20
1392 18
1393 24
1394 15
1395 16
1396 22
1397 21
1398 24
1399 23
1400 24
1401 27
1402 25
1403 17
1404 32
1405 33
1406 20
1407 26
1408 22
1409 24
1410 38
1411 29
1412 27
1413 25
1414 38
1415 46
1416 46
1417 56
1418 79
1419 117
1420 94
1421 103
1422 99
1423 103
1424 140
1425 154
1426 164
1427 196
1428 205
1429 252
1430 264
1431 228
1432 202
1433 198
1434 173
1435 151
1436 189
1437 172
1438 128
1439 115
1440 75
1441 63
1442 38
1443 40
1444 26
1445 31
1446 24
1447 12
1448 29
1449 31
1450 34
1451 24
1452 23
1453 17
1454 23
1455 20
1456 13
1457 22
1458 20
1459 26
1460 23
1461 23
1462 27
1463 18
1464 26
1465 24
1466 19
1467 14
1468 11
1469 28
1470 26
1471 22
1472 28
1473 19
1474 16
1475 18
1476 30
1477 27
1478 30
1479 14
1480 21
1481 20
1482 20
1483 27
1484 28
1485 18
1486 20
1487 29
1488 22
1489 27
1490 24
1491 15
1492 17
1493 16
1494 23
1495 16
1496 30
1497 23
1498 14
1499 22
1500 23
1501 20
1502 24
1503 19
1504 17
1505 19
1506 27
1507 26
1508 23
1509 21
1510 23
1511 21
1512 23
1513 26
1514 18
1515 18
1516 20
1517 16
1518 26
1519 14
1520 22
1521 26
1522 30
1523 29
1524 16
1525 23
1526 17
1527 20
1528 15
1529 29
1530 22
1531 30
1532 25
1533 22
1534 30
1535 17
1536 29
1537 16
1538 22
1539 21
1540 22
1541 17
1542 20
1543 19
1544 16
1545 18
1546 22
1547 28
1548 21
1549 26
1550 21
1551 18
1552 16
1553 22
1554 18
1555 19
1556 15
1557 22
1558 15
1559 27
1560 22
1561 15
1562 25
1563 19
1564 21
1565 21
1566 16
1567 23
1568 26
1569 23
1570 23
1571 24
1572 23
1573 14
1574 19
1575 19
1576 21
1577 29
1578 25
1579 20
1580 23
1581 18
1582 15
1583 25
1584 21
1585 27
1586 13
1587 21
1588 19
1589 25
1590 25
1591 20
1592 31
1593 19
1594 29
1595 19
1596 15
1597 19
1598 20
1599 19
1600 26
1601 25
1602 20
1603 16
1604 21
1605 20
1606 18
1607 26
1608 17
1609 22
1610 20
1611 25
1612 19
1613 18
1614 14
1615 24
1616 19
1617 30
1618 26
1619 20
1620 23
1621 20
1622 17
1623 19
1624 19
1625 19
1626 19
1627 20
1628 23
1629 21
1630 20
1631 10
1632 20
1633 22
1634 32
1635 20
1636 21
1637 22
1638 19
1639 15
1640 18
1641 21
1642 16
1643 18
1644 12
1645 17
1646 20
1647 16
1648 14
1649 21
1650 13
1651 11
1652 23
1653 25
1654 18
1655 11
1656 27
1657 13
1658 14
1659 12
1660 18
1661 20
1662 20
1663 17
1664 17
1665 19
1666 12
1667 18
1668 9
1669 21
1670 14
1671 17
1672 17
1673 20
1674 13
1675 18
1676 11
1677 14
1678 14
1679 17
1680 8
1681 26
1682 27
1683 18
1684 15
1685 24
1686 17
1687 19
1688 26
1689 11
1690 11
1691 16
1692 23
1693 26
1694 21
1695 15
1696 15
1697 17
1698 12
1699 24
1700 12
1701 22
1702 23
1703 27
1704 16
1705 16
1706 23
1707 18
1708 20
1709 19
1710 21
1711 14
1712 16
1713 14
1714 24
1715 17
1716 25
1717 17
1718 15
1719 25
1720 17
1721 19
1722 17
1723 19
1724 17
1725 23
1726 20
1727 23
1728 16
1729 17
1730 17
1731 20
1732 21
1733 18
1734 19
1735 16
1736 16
1737 17
1738 19
1739 14
1740 13
1741 20
1742 22
1743 21
1744 15
1745 23
1746 19
1747 24
1748 16
1749 22
1750 18
1751 11
1752 21
1753 17
1754 16
1755 16
1756 18
1757 22
1758 18
1759 12
1760 24
1761 19
1762 16
1763 19
1764 12
1765 16
1766 17
1767 16
1768 25
1769 13
1770 22
1771 19
1772 17
1773 15
1774 18
1775 7
1776 18
1777 15
1778 19
1779 18
1780 16
1781 18
1782 17
1783 20
1784 22
1785 19
1786 21
1787 16
1788 12
1789 17
1790 20
1791 22
1792 14
1793 22
1794 12
1795 8
1796 15
1797 16
1798 14
1799 16
1800 17
1801 19
1802 16
1803 16
1804 9
1805 20
1806 20
1807 15
1808 20
1809 15
1810 25
1811 17
1812 18
1813 18
1814 19
1815 14
1816 19
1817 11
1818 18
1819 18
1820 16
1821 19
1822 19
1823 19
1824 18
1825 14
1826 12
1827 19
1828 14
1829 23
1830 9
1831 17
1832 12
1833 13
1834 16
1835 14
1836 21
1837 18
1838 17
1839 15
1840 16
1841 16
1842 18
1843 22
1844 27
1845 18
1846 20
1847 22
1848 19
1849 23
1850 22
1851 23
1852 17
1853 24
1854 16
1855 26
1856 33
1857 15
1858 15
1859 15
1860 18
1861 18
1862 17
1863 15
1864 14
1865 23
1866 18
1867 21
1868 19
1869 18
1870 11
1871 9
1872 16
1873 12
1874 18
1875 15
1876 17
1877 16
1878 17
1879 18
1880 27
1881 13
1882 15
1883 22
1884 18
1885 17
1886 22
1887 24
1888 26
1889 21
1890 30
1891 33
1892 37
1893 36
1894 43
1895 57
1896 65
1897 77
1898 74
1899 102
1900 116
1901 148
1902 177
1903 168
1904 174
1905 135
1906 123
1907 116
1908 103
1909 107
1910 109
1911 113
1912 86
1913 64
1914 48
1915 67
1916 56
1917 48
1918 26
1919 32
1920 37
1921 25
1922 41
1923 29
1924 22
1925 21
1926 25
1927 13
1928 17
1929 20
1930 21
1931 21
1932 25
1933 16
1934 20
1935 23
1936 17
1937 19
1938 18
1939 15
1940 16
1941 15
1942 13
1943 21
1944 11
1945 14
1946 10
1947 12
1948 15
1949 11
1950 20
1951 17
1952 11
1953 15
1954 20
1955 22
1956 22
1957 14
1958 23
1959 14
1960 16
1961 16
1962 29
1963 15
1964 15
1965 20
1966 20
1967 17
1968 24
1969 15
1970 17
1971 13
1972 13
1973 15
1974 27
1975 17
1976 17
1977 21
1978 12
1979 15
1980 17
1981 16
1982 15
1983 7
1984 13
1985 12
1986 21
1987 13
1988 22
1989 12
1990 13
1991 13
1992 15
1993 16
1994 14
1995 19
1996 17
1997 19
1998 9
1999 17
2000 13
2001 15
2002 22
2003 14
2004 12
2005 15
2006 26
2007 19
2008 17
2009 17
2010 24
2011 14
2012 12
2013 15
2014 21
2015 13
2016 23
2017 15
2018 21
2019 19
2020 13
2021 22
2022 14
2023 13
2024 15
2025 16
2026 16
2027 19
2028 16
2029 6
2030 14
2031 23
2032 13
2033 18
2034 11
2035 14
2036 15
2037 20
2038 18
2039 16
2040 12
2041 17
2042 17
2043 11
2044 20
2045 23
2046 13
2047 19
2048 9
2049 12
2050 15
2051 13
2052 23
2053 9
2054 17
2055 13
2056 16
2057 13
2058 7
2059 17
2060 18
2061 12
2062 20
2063 11
2064 19
2065 16
2066 17
2067 19
2068 18
2069 20
2070 18
2071 18
2072 15
2073 13
2074 10
2075 13
2076 14
2077 11
2078 15
2079 16
2080 13
2081 10
2082 19
2083 17
2084 13
2085 22
2086 26
2087 9
2088 18
2089 13
2090 14
2091 17
2092 10
2093 15
2094 18
2095 24
2096 10
2097 18
2098 18
2099 14
2100 20
2101 15
2102 21
2103 14
2104 9
2105 8
2106 21
2107 10
2108 16
2109 22
2110 12
2111 12
2112 14
2113 16
2114 24
2115 18
2116 16
2117 16
2118 17
2119 13
2120 11
2121 16
2122 14
2123 13
2124 18
2125 23
2126 10
2127 14
2128 12
2129 19
2130 18
2131 19
2132 12
2133 11
2134 20
2135 19
2136 12
2137 20
2138 24
2139 17
2140 24
2141 22
2142 21
2143 30
2144 25
2145 30
2146 24
2147 33
2148 47
2149 46
2150 66
2151 63
2152 71
2153 99
2154 116
2155 144
2156 157
2157 170
2158 174
2159 212
2160 248
2161 306
2162 333
2163 408
2164 397
2165 361
2166 380
2167 365
2168 430
2169 462
2170 393
2171 405
2172 345
2173 299
2174 304
2175 313
2176 346
2177 442
2178 382
2179 311
2180 209
2181 163
2182 113
2183 95
2184 100
2185 93
2186 70
2187 43
2188 43
2189 47
2190 33
2191 42
2192 32
2193 34
2194 19
2195 16
2196 16
2197 24
2198 24
2199 10
2200 22
2201 18
2202 17
2203 15
2204 13
2205 13
2206 19
2207 15
2208 12
2209 19
2210 21
2211 11
2212 19
2213 16
2214 12
2215 11
2216 15
2217 19
2218 16
2219 16
2220 19
2221 16
2222 19
2223 13
2224 12
2225 16
2226 16
2227 17
2228 11
2229 22
2230 15
2231 12
2232 18
2233 15
2234 12
2235 13
2236 18
2237 11
2238 17
2239 13
2240 11
2241 18
2242 15
2243 15
2244 15
2245 17
2246 13
2247 8
2248 9
2249 22
2250 14
2251 14
2252 14
2253 12
2254 5
2255 11
2256 17
2257 17
2258 12
2259 21
2260 20
2261 9
2262 9
2263 17
2264 12
2265 13
2266 12
2267 15
2268 7
2269 13
2270 12
2271 20
2272 15
2273 10
2274 21
2275 13
2276 19
2277 13
2278 9
2279 14
2280 10
2281 14
2282 16
2283 17
2284 20
2285 14
2286 15
2287 12
2288 20
2289 14
2290 15
2291 10
2292 19
2293 13
2294 18
2295 27
2296 12
2297 13
2298 15
2299 14
2300 14
2301 16
2302 11
2303 17
2304 18
2305 18
2306 14
2307 7
2308 9
2309 12
2310 11
2311 16
2312 9
2313 6
2314 10
2315 19
2316 7
2317 14
2318 10
2319 19
2320 16
2321 7
2322 14
2323 12
2324 13
2325 10
2326 16
2327 12
2328 15
2329 19
2330 7
2331 14
2332 19
2333 11
2334 9
2335 16
2336 15
2337 8
2338 16
2339 7
2340 16
2341 17
2342 13
2343 16
2344 15
2345 21
2346 27
2347 14
2348 14
2349 16
2350 14
2351 18
2352 18
2353 16
2354 18
2355 18
2356 24
2357 10
2358 20
2359 23
2360 18
2361 24
2362 29
2363 21
2364 37
2365 33
2366 51
2367 37
2368 56
2369 52
2370 52
2371 57
2372 63
2373 65
2374 63
2375 49
2376 62
2377 56
2378 74
2379 83
2380 87
2381 90
2382 70
2383 86
2384 92
2385 106
2386 82
2387 76
2388 71
2389 62
2390 44
2391 34
2392 40
2393 46
2394 32
2395 26
2396 25
2397 17
2398 19
2399 15
2400 12
2401 11
2402 17
2403 15
2404 13
2405 9
2406 9
2407 17
2408 12
2409 12
2410 13
2411 8
2412 10
2413 19
2414 13
2415 9
2416 16
2417 15
2418 14
2419 15
2420 13
2421 10
2422 15
2423 22
2424 13
2425 8
2426 7
2427 12
2428 14
2429 10
2430 13
2431 16
2432 14
2433 16
2434 19
2435 13
2436 13
2437 19
2438 13
2439 11
2440 13
2441 16
2442 15
2443 9
2444 10
2445 6
2446 15
2447 14
2448 9
2449 16
2450 19
2451 13
2452 15
2453 13
2454 12
2455 15
2456 13
2457 11
2458 9
2459 12
2460 22
2461 8
2462 17
2463 11
2464 12
2465 5
2466 10
2467 7
2468 7
2469 7
2470 15
2471 14
2472 15
2473 9
2474 12
2475 14
2476 15
2477 7
2478 15
2479 13
2480 8
2481 13
2482 17
2483 15
2484 6
2485 8
2486 12
2487 15
2488 19
2489 18
2490 9
2491 13
2492 22
2493 14
2494 10
2495 11
2496 11
2497 15
2498 9
2499 14
2500 17
2501 10
2502 12
2503 12
2504 10
2505 18
2506 10
2507 17
2508 14
2509 13
2510 8
2511 8
2512 10
2513 12
2514 16
2515 13
2516 17
2517 14
2518 8
2519 9
2520 10
2521 9
2522 8
2523 12
2524 6
2525 15
2526 19
2527 11
2528 11
2529 12
2530 10
2531 5
2532 17
2533 9
2534 11
2535 13
2536 13
2537 8
2538 12
2539 11
2540 15
2541 12
2542 9
2543 11
2544 9
2545 17
2546 12
2547 18
2548 21
2549 10
2550 12
2551 14
2552 17
2553 17
2554 12
2555 14
2556 7
2557 8
2558 14
2559 14
