0 34
1 28
2 23
3 27
4 37
5 27
6 37
7 36
8 31
9 23
10 23
11 28
12 22
13 33
14 27
15 26
16 30
17 41
18 38
19 29
20 27
21 27
22 23
23 34
24 28
25 35
26 36
27 28
28 24
29 30
30 33
31 23
32 36
33 18
34 30
35 27
36 23
37 38
38 29
39 21
40 25
41 20
42 24
43 26
44 22
45 27
46 25
47 25
48 30
49 25
50 31
51 26
52 23
53 34
54 35
55 30
56 23
57 26
58 32
59 34
60 25
61 39
62 32
63 29
64 33
65 33
66 31
67 32
68 35
69 34
70 33
71 30
72 28
73 32
74 31
75 35
76 37
77 33
78 26
79 31
80 34
81 25
82 26
83 29
84 21
85 28
86 22
87 26
88 23
89 26
90 23
91 36
92 38
93 27
94 36
95 32
96 39
97 36
98 33
99 39
100 44
101 43
102 29
103 35
104 32
105 27
106 33
107 22
108 33
109 31
110 28
111 29
112 31
113 42
114 24
115 27
116 27
117 35
118 29
119 36
120 32
121 39
122 43
123 19
124 30
125 41
126 32
127 25
128 33
129 33
130 41
131 27
132 56
133 30
134 35
135 38
136 36
137 33
138 34
139 30
140 43
141 28
142 35
143 26
144 26
145 25
146 38
147 38
148 31
149 27
150 33
151 29
152 44
153 32
154 39
155 32
156 19
157 27
158 37
159 30
160 42
161 30
162 31
163 34
164 38
165 25
166 34
167 32
168 41
169 28
170 31
171 38
172 25
173 28
174 31
175 39
176 31
177 35
178 28
179 25
180 42
181 37
182 29
183 38
184 33
185 25
186 28
187 39
188 34
189 32
190 45
191 31
192 27
193 26
194 25
195 33
196 35
197 48
198 35
199 38
200 27
201 43
202 33
203 35
204 31
205 32
206 31
207 34
208 32
209 32
210 41
211 33
212 28
213 38
214 32
215 33
216 36
217 29
218 34
219 36
220 33
221 35
222 42
223 43
224 36
225 34
226 27
227 39
228 29
229 36
230 42
231 32
232 32
233 31
234 29
235 36
236 28
237 36
238 25
239 25
240 38
241 48
242 34
243 37
244 42
245 34
246 29
247 26
248 34
249 27
250 38
251 32
252 36
253 32
254 32
255 25
256 35
257 39
258 39
259 33
260 25
261 38
262 24
263 37
264 30
265 35
266 25
267 38
268 38
269 19
270 34
271 34
272 35
273 28
274 39
275 31
276 36
277 36
278 41
279 25
280 42
281 36
282 31
283 32
284 38
285 35
286 39
287 40
288 36
289 44
290 42
291 37
292 27
293 38
294 35
295 32
296 35
297 36
298 38
299 24
300 28
301 34
302 35
303 37
304 29
305 27
306 37
307 30
308 34
309 43
310 35
311 38
312 46
313 30
314 31
315 45
316 33
317 49
318 32
319 44
320 30
321 33
322 33
323 48
324 42
325 51
326 28
327 32
328 38
329 32
330 37
331 35
332 38
333 37
334 29
335 46
336 45
337 35
338 37
339 37
340 38
341 41
342 32
343 32
344 34
345 36
346 44
347 54
348 27
349 37
350 42
351 28
352 36
353 37
354 41
355 46
356 48
357 34
358 43
359 32
360 34
361 27
362 41
363 32
364 46
365 40
366 38
367 35
368 51
369 35
370 38
371 35
372 32
373 33
374 36
375 38
376 30
377 37
378 34
379 38
380 34
381 37
382 41
383 23
384 29
385 30
386 27
387 24
388 33
389 31
390 39
391 39
392 35
393 42
394 43
395 37
396 45
397 34
398 36
399 41
400 39
401 45
402 42
403 33
404 35
405 29
406 44
407 36
408 31
409 38
410 31
411 31
412 26
413 46
414 31
415 34
416 38
417 44
418 38
419 34
420 32
421 34
422 40
423 27
424 43
425 20
426 35
427 44
428 35
429 34
430 51
431 30
432 34
433 41
434 38
435 41
436 36
437 40
438 37
439 33
440 46
441 50
442 33
443 37
444 38
445 37
446 42
447 45
448 34
449 47
450 30
451 44
452 36
453 29
454 39
455 48
456 39
457 48
458 36
459 47
460 33
461 35
462 39
463 31
464 29
465 40
466 42
467 45
468 41
469 40
470 28
471 35
472 40
473 43
474 37
475 40
476 26
477 32
478 37
479 33
480 40
481 44
482 33
483 37
484 30
485 39
486 35
487 44
488 37
489 44
490 39
491 49
492 44
493 42
494 44
495 40
496 29
497 25
498 38
499 53
500 27
501 31
502 40
503 37
504 32
505 42
506 34
507 37
508 42
509 42
510 40
511 34
512 35
513 42
514 34
515 44
516 34
517 42
518 37
519 27
520 49
521 39
522 34
523 35
524 46
525 43
526 51
527 38
528 38
529 43
530 36
531 50
532 55
533 46
534 50
535 39
536 47
537 47
538 63
539 68
540 75
541 49
542 61
543 66
544 66
545 82
546 64
547 96
548 95
549 117
550 97
551 95
552 103
553 73
554 82
555 79
556 111
557 78
558 112
559 103
560 93
561 74
562 59
563 50
564 51
565 55
566 38
567 32
568 45
569 41
570 46
571 49
572 38
573 46
574 53
575 43
576 36
577 27
578 48
579 52
580 37
581 44
582 46
583 47
584 47
585 38
586 29
587 29
588 45
589 40
590 42
591 38
592 46
593 59
594 32
595 29
596 41
597 39
598 44
599 30
600 31
601 36
602 40
603 49
604 25
605 44
606 45
607 40
608 32
609 47
610 48
611 33
612 31
613 44
614 30
615 39
616 44
617 29
618 32
619 37
620 36
621 40
622 39
623 41
624 39
625 41
626 42
627 37
628 33
629 32
630 31
631 36
632 39
633 40
634 36
635 31
636 44
637 38
638 39
639 34
640 39
641 37
642 44
643 44
644 48
645 37
646 26
647 42
648 38
649 38
650 40
651 46
652 47
653 27
654 42
655 37
656 44
657 34
658 31
659 51
660 39
661 45
662 38
663 40
664 42
665 46
666 38
667 32
668 38
669 34
670 45
671 38
672 44
673 37
674 44
675 29
676 37
677 41
678 58
679 38
680 25
681 29
682 44
683 42
684 38
685 44
686 45
687 47
688 27
689 47
690 38
691 41
692 36
693 40
694 28
695 45
696 39
697 29
698 26
699 33
700 46
701 37
702 41
703 22
704 39
705 38
706 45
707 35
708 29
709 42
710 44
711 30
712 46
713 31
714 32
715 29
716 32
717 36
718 31
719 38
720 37
721 29
722 33
723 38
724 34
725 36
726 28
727 37
728 42
729 44
730 46
731 32
732 38
733 41
734 43
735 34
736 32
737 30
738 38
739 34
740 33
741 38
742 42
743 29
744 44
745 35
746 34
747 38
748 36
749 39
750 25
751 37
752 36
753 38
754 34
755 47
756 43
757 34
758 39
759 29
760 40
761 34
762 40
763 38
764 37
765 40
766 46
767 38
768 46
769 45
770 48
771 30
772 40
773 41
774 39
775 31
776 42
777 47
778 40
779 48
780 47
781 40
782 37
783 32
784 30
785 42
786 31
787 26
788 36
789 25
790 42
791 40
792 32
793 36
794 31
795 41
796 39
797 27
798 42
799 38
800 31
801 44
802 41
803 45
804 39
805 45
806 41
807 30
808 30
809 28
810 34
811 33
812 33
813 31
814 32
815 41
816 33
817 37
818 36
819 39
820 41
821 22
822 29
823 40
824 45
825 32
826 32
827 38
828 38
829 31
830 49
831 50
832 30
833 40
834 43
835 33
836 26
837 38
838 37
839 27
840 37
841 40
842 40
843 41
844 29
845 39
846 43
847 33
848 33
849 35
850 42
851 34
852 35
853 40
854 36
855 46
856 25
857 25
858 37
859 39
860 32
861 35
862 44
863 42
864 37
865 34
866 24
867 40
868 32
869 34
870 29
871 41
872 37
873 29
874 27
875 35
876 46
877 40
878 39
879 36
880 29
881 32
882 33
883 35
884 38
885 42
886 45
887 37
888 37
889 35
890 40
891 36
892 43
893 45
894 33
895 39
896 35
897 50
898 44
899 47
900 23
901 45
902 38
903 48
904 30
905 42
906 30
907 24
908 27
909 42
910 41
911 30
912 39
913 34
914 26
915 28
916 41
917 37
918 43
919 37
920 44
921 43
922 29
923 24
924 29
925 30
926 28
927 33
928 36
929 38
930 30
931 48
932 26
933 29
934 33
935 37
936 32
937 42
938 33
939 34
940 35
941 30
942 28
943 43
944 33
945 38
946 27
947 42
948 43
949 33
950 34
951 27
952 30
953 34
954 43
955 33
956 34
957 27
958 23
959 37
960 34
961 42
962 35
963 36
964 40
965 30
966 29
967 39
968 30
969 35
970 32
971 32
972 36
973 32
974 29
975 27
976 31
977 28
978 29
979 37
980 38
981 31
982 37
983 40
984 39
985 24
986 28
987 34
988 30
989 43
990 37
991 29
992 36
993 27
994 28
995 25
996 34
997 24
998 36
999 41
1000 24
1001 25
1002 29
1003 31
1004 34
1005 28
1006 46
1007 25
1008 31
1009 27
1010 38
1011 27
1012 27
1013 36
1014 41
1015 36
1016 40
1017 38
1018 42
1019 37
1020 34
1021 30
1022 26
1023 34
1024 47
1025 37
1026 37
1027 37
1028 44
1029 33
1030 40
1031 30
1032 36
1033 30
1034 41
1035 44
1036 32
1037 30
1038 31
1039 40
1040 22
1041 31
1042 24
1043 29
1044 46
1045 33
1046 63
1047 42
1048 34
1049 31
1050 27
1051 47
1052 45
1053 68
1054 53
1055 86
1056 65
1057 88
1058 97
1059 107
1060 122
1061 155
1062 138
1063 141
1064 136
1065 150
1066 181
1067 223
1068 287
1069 357
1070 401
1071 447
1072 435
1073 486
1074 421
1075 472
1076 511
1077 465
1078 374
1079 352
1080 280
1081 282
1082 272
1083 208
1084 108
1085 101
1086 68
1087 82
1088 53
1089 49
1090 40
1091 38
1092 27
1093 39
1094 26
1095 39
1096 22
1097 43
1098 40
1099 37
1100 34
1101 32
1102 32
1103 41
1104 41
1105 34
1106 38
1107 45
1108 52
1109 44
1110 45
1111 36
1112 22
1113 34
1114 33
1115 30
1116 24
1117 37
1118 38
1119 27
1120 29
1121 32
1122 31
1123 48
1124 32
1125 33
1126 38
1127 30
1128 32
1129 33
1130 23
1131 38
1132 29
1133 30
1134 29
1135 34
1136 30
1137 26
1138 23
1139 35
1140 40
1141 25
1142 32
1143 33
1144 38
1145 29
1146 30
1147 31
1148 34
1149 41
1150 41
1151 35
1152 20
1153 37
1154 32
1155 38
1156 27
1157 33
1158 37
1159 33
1160 22
1161 34
1162 28
1163 25
1164 42
1165 33
1166 43
1167 25
1168 29
1169 32
1170 29
1171 22
1172 39
1173 28
1174 27
1175 33
1176 31
1177 28
1178 23
1179 36
1180 36
1181 20
1182 28
1183 37
1184 35
1185 40
1186 29
1187 28
1188 29
1189 33
1190 48
1191 39
1192 27
1193 31
1194 41
1195 23
1196 36
1197 40
1198 31
1199 37
1200 36
1201 37
1202 53
1203 61
1204 83
1205 62
1206 56
1207 60
1208 60
1209 79
1210 86
1211 77
1212 93
1213 76
1214 64
1215 52
1216 86
1217 147
1218 134
1219 61
1220 58
1221 49
1222 35
1223 33
1224 21
1225 31
1226 38
1227 31
1228 23
1229 38
1230 36
1231 38
1232 33
1233 39
1234 40
1235 39
1236 25
1237 33
1238 37
1239 33
1240 24
1241 24
1242 19
1243 28
1244 35
1245 26
1246 24
1247 32
1248 22
1249 30
1250 38
1251 46
1252 36
1253 35
1254 30
1255 33
1256 22
1257 38
1258 29
1259 19
1260 32
1261 33
1262 25
1263 33
1264 33
1265 34
1266 29
1267 23
1268 20
1269 28
1270 27
1271 16
1272 29
1273 21
1274 26
1275 26
1276 21
1277 14
1278 17
1279 17
1280 49
1281 58
1282 53
1283 49
1284 39
1285 44
1286 35
1287 52
1288 38
1289 26
1290 29
1291 27
1292 29
1293 21
1294 16
1295 29
1296 34
1297 18
1298 28
1299 25
1300 14
1301 22
1302 25
1303 22
1304 25
1305 24
1306 26
1307 26
1308 25
1309 24
1310 24
1311 20
1312 31
1313 28
1314 23
1315 30
1316 31
1317 24
1318 34
1319 21
1320 28
1321 26
1322 28
1323 22
1324 26
1325 24
1326 38
1327 15
1328 20
1329 33
1330 25
1331 19
1332 22
1333 23
1334 28
1335 20
1336 21
1337 17
1338 29
1339 20
1340 32
1341 31
1342 28
1343 30
1344 31
1345 51
1346 57
1347 40
1348 43
1349 49
1350 69
1351 71
1352 72
1353 57
1354 62
1355 77
1356 79
1357 101
1358 158
1359 151
1360 172
1361 146
1362 178
1363 175
1364 191
1365 226
1366 217
1367 237
1368 272
1369 297
1370 270
1371 247
1372 219
1373 164
1374 117
1375 87
1376 92
1377 68
1378 56
1379 40
1380 42
1381 30
1382 23
1383 25
1384 27
1385 27
1386 23
1387 20
1388 17
1389 22
1390 25
1391 26
1392 33
1393 25
1394 27
1395 31
1396 21
1397 21
1398 30
1399 18
1400 28
1401 20
1402 22
1403 21
1404 17
1405 28
1406 22
1407 17
1408 28
1409 28
1410 25
1411 19
1412 17
1413 20
1414 20
1415 28
1416 20
1417 25
1418 28
1419 22
1420 33
1421 25
1422 20
1423 21
1424 28
1425 17
1426 24
1427 27
1428 27
1429 24
1430 17
1431 23
1432 15
1433 23
1434 28
1435 21
1436 21
1437 27
1438 22
1439 26
1440 20
1441 21
1442 22
1443 20
1444 18
1445 20
1446 16
1447 32
1448 24
1449 25
1450 21
1451 22
1452 20
1453 26
1454 19
1455 17
1456 19
1457 17
1458 19
1459 21
1460 16
1461 17
1462 24
1463 21
1464 20
1465 20
1466 31
1467 28
1468 31
1469 16
1470 20
1471 25
1472 32
1473 29
1474 26
1475 24
1476 21
1477 25
1478 13
1479 22
1480 23
1481 19
1482 29
1483 16
1484 39
1485 27
1486 23
1487 19
1488 23
1489 16
1490 20
1491 18
1492 21
1493 26
1494 29
1495 12
1496 29
1497 24
1498 17
1499 20
1500 24
1501 25
1502 25
1503 33
1504 24
1505 28
1506 26
1507 21
1508 22
1509 20
1510 23
1511 29
1512 26
1513 22
1514 24
1515 17
1516 17
1517 26
1518 20
1519 14
1520 19
1521 16
1522 23
1523 18
1524 21
1525 18
1526 22
1527 15
1528 14
1529 24
1530 21
1531 28
1532 29
1533 22
1534 18
1535 16
1536 17
1537 18
1538 15
1539 22
1540 22
1541 22
1542 22
1543 19
1544 21
1545 22
1546 19
1547 12
1548 23
1549 21
1550 28
1551 20
1552 8
1553 18
1554 14
1555 17
1556 29
1557 25
1558 20
1559 16
1560 22
1561 21
1562 21
1563 27
1564 13
1565 20
1566 18
1567 25
1568 16
1569 20
1570 24
1571 25
1572 18
1573 11
1574 16
1575 15
1576 26
1577 22
1578 10
1579 13
1580 15
1581 13
1582 19
1583 16
1584 15
1585 26
1586 21
1587 21
1588 25
1589 18
1590 14
1591 21
1592 18
1593 22
1594 22
1595 20
1596 19
1597 14
1598 12
1599 20
1600 28
1601 19
1602 16
1603 28
1604 18
1605 22
1606 20
1607 23
1608 18
1609 17
1610 16
1611 21
1612 11
1613 16
1614 22
1615 23
1616 20
1617 22
1618 18
1619 17
1620 14
1621 18
1622 23
1623 19
1624 19
1625 24
1626 21
1627 24
1628 33
1629 19
1630 16
1631 21
1632 18
1633 24
1634 14
1635 23
1636 25
1637 14
1638 19
1639 18
1640 20
1641 32
1642 25
1643 18
1644 16
1645 19
1646 26
1647 12
1648 17
1649 18
1650 23
1651 16
1652 15
1653 23
1654 23
1655 16
1656 14
1657 21
1658 18
1659 22
1660 18
1661 20
1662 21
1663 20
1664 16
1665 21
1666 17
1667 19
1668 19
1669 13
1670 14
1671 11
1672 28
1673 16
1674 26
1675 14
1676 18
1677 19
1678 22
1679 17
1680 24
1681 18
1682 23
1683 11
1684 18
1685 24
1686 18
1687 14
1688 18
1689 18
1690 14
1691 18
1692 19
1693 18
1694 23
1695 20
1696 22
1697 15
1698 17
1699 21
1700 19
1701 17
1702 20
1703 18
1704 21
1705 23
1706 15
1707 18
1708 23
1709 17
1710 24
1711 15
1712 12
1713 13
1714 16
1715 25
1716 17
1717 19
1718 15
1719 21
1720 19
1721 19
1722 15
1723 20
1724 23
1725 12
1726 9
1727 18
1728 16
1729 24
1730 17
1731 13
1732 12
1733 18
1734 22
1735 9
1736 18
1737 17
1738 18
1739 13
1740 17
1741 20
1742 18
1743 16
1744 14
1745 15
1746 27
1747 21
1748 18
1749 22
1750 22
1751 19
1752 17
1753 30
1754 35
1755 19
1756 28
1757 15
1758 23
1759 23
1760 23
1761 9
1762 21
1763 20
1764 20
1765 15
1766 21
1767 22
1768 22
1769 17
1770 25
1771 22
1772 22
1773 23
1774 26
1775 26
1776 24
1777 21
1778 19
1779 26
1780 24
1781 19
1782 17
1783 23
1784 16
1785 13
1786 18
1787 16
1788 22
1789 20
1790 21
1791 23
1792 21
1793 16
1794 19
1795 27
1796 20
1797 16
1798 23
1799 28
1800 25
1801 23
1802 30
1803 23
1804 17
1805 18
1806 26
1807 28
1808 37
1809 38
1810 27
1811 25
1812 33
1813 24
1814 29
1815 36
1816 38
1817 38
1818 40
1819 41
1820 39
1821 43
1822 56
1823 47
1824 46
1825 66
1826 86
1827 82
1828 81
1829 89
1830 74
1831 68
1832 68
1833 109
1834 113
1835 93
1836 73
1837 78
1838 87
1839 59
1840 38
1841 34
1842 38
1843 34
1844 33
1845 49
1846 24
1847 19
1848 16
1849 23
1850 22
1851 19
1852 13
1853 19
1854 22
1855 15
1856 19
1857 27
1858 21
1859 14
1860 22
1861 17
1862 17
1863 22
1864 21
1865 21
1866 15
1867 22
1868 20
1869 15
1870 18
1871 20
1872 15
1873 17
1874 22
1875 15
1876 22
1877 21
1878 22
1879 16
1880 12
1881 14
1882 16
1883 17
1884 14
1885 15
1886 14
1887 15
1888 15
1889 19
1890 11
1891 21
1892 19
1893 18
1894 20
1895 11
1896 19
1897 15
1898 14
1899 19
1900 19
1901 15
1902 10
1903 21
1904 16
1905 18
1906 24
1907 19
1908 18
1909 18
1910 16
1911 11
1912 20
1913 13
1914 25
1915 19
1916 17
1917 11
1918 16
1919 22
1920 18
1921 27
1922 24
1923 20
1924 23
1925 23
1926 25
1927 25
1928 10
1929 13
1930 10
1931 16
1932 23
1933 19
1934 12
1935 23
1936 17
1937 15
1938 15
1939 20
1940 17
1941 12
1942 19
1943 21
1944 14
1945 17
1946 17
1947 22
1948 16
1949 13
1950 20
1951 22
1952 17
1953 12
1954 21
1955 15
1956 23
1957 15
1958 23
1959 17
1960 28
1961 21
1962 22
1963 21
1964 18
1965 27
1966 15
1967 20
1968 19
1969 16
1970 21
1971 18
1972 16
1973 19
1974 8
1975 25
1976 19
1977 25
1978 19
1979 15
1980 31
1981 19
1982 16
1983 16
1984 21
1985 15
1986 25
1987 19
1988 17
1989 12
1990 18
1991 11
1992 15
1993 19
1994 21
1995 18
1996 20
1997 18
1998 14
1999 20
2000 31
2001 14
2002 19
2003 15
2004 21
2005 22
2006 11
2007 19
2008 23
2009 12
2010 16
2011 15
2012 20
2013 11
2014 17
2015 9
2016 13
2017 18
2018 25
2019 18
2020 17
2021 20
2022 12
2023 14
2024 24
2025 13
2026 24
2027 14
2028 17
2029 17
2030 17
2031 17
2032 16
2033 16
2034 13
2035 18
2036 10
2037 14
2038 13
2039 14
2040 19
2041 12
2042 23
2043 16
2044 15
2045 11
2046 18
2047 15
2048 18
2049 17
2050 22
2051 21
2052 16
2053 22
2054 21
2055 24
2056 22
2057 23
2058 18
2059 19
2060 29
2061 29
2062 21
2063 33
2064 33
2065 36
2066 50
2067 44
2068 36
2069 56
2070 73
2071 93
2072 93
2073 116
2074 133
2075 144
2076 129
2077 193
2078 215
2079 238
2080 329
2081 374
2082 336
2083 302
2084 341
2085 392
2086 429
2087 455
2088 464
2089 426
2090 405
2091 321
2092 271
2093 211
2094 192
2095 238
2096 217
2097 162
2098 145
2099 122
2100 86
2101 55
2102 62
2103 67
2104 62
2105 55
2106 67
2107 64
2108 33
2109 34
2110 22
2111 29
2112 31
2113 28
2114 29
2115 15
2116 20
2117 18
2118 19
2119 17
2120 23
2121 14
2122 21
2123 15
2124 22
2125 28
2126 16
2127 19
2128 18
2129 13
2130 27
2131 18
2132 10
2133 13
2134 20
2135 22
2136 12
2137 17
2138 20
2139 14
2140 12
2141 13
2142 16
2143 15
2144 20
2145 13
2146 15
2147 14
2148 17
2149 17
2150 18
2151 9
2152 17
2153 16
2154 16
2155 18
2156 15
2157 10
2158 12
2159 15
2160 19
2161 12
2162 10
2163 12
2164 21
2165 14
2166 18
2167 16
2168 13
2169 12
2170 11
2171 18
2172 19
2173 17
2174 13
2175 10
2176 16
2177 11
2178 16
2179 20
2180 12
2181 10
2182 15
2183 10
2184 9
2185 11
2186 15
2187 13
2188 12
2189 18
2190 14
2191 22
2192 16
2193 8
2194 12
2195 12
2196 11
2197 19
2198 23
2199 22
2200 20
2201 21
2202 19
2203 13
2204 13
2205 25
2206 20
2207 24
2208 21
2209 21
2210 22
2211 20
2212 21
2213 8
2214 20
2215 18
2216 21
2217 17
2218 19
2219 17
2220 9
2221 16
2222 17
2223 15
2224 18
2225 20
2226 15
2227 15
2228 15
2229 14
2230 9
2231 13
2232 22
2233 12
2234 14
2235 18
2236 18
2237 20
2238 24
2239 18
2240 14
2241 16
2242 14
2243 8
2244 12
2245 12
2246 4
2247 12
2248 7
2249 17
2250 13
2251 15
2252 19
2253 14
2254 18
2255 15
2256 11
2257 19
2258 15
2259 6
2260 20
2261 21
2262 16
2263 21
2264 13
2265 19
2266 21
2267 25
2268 15
2269 22
2270 23
2271 30
2272 20
2273 15
2274 27
2275 29
2276 29
2277 32
2278 30
2279 31
2280 50
2281 47
2282 40
2283 49
2284 58
2285 62
2286 68
2287 60
2288 90
2289 96
2290 73
2291 68
2292 90
2293 84
2294 79
2295 78
2296 75
2297 69
2298 76
2299 68
2300 80
2301 49
2302 53
2303 45
2304 45
2305 40
2306 36
2307 31
2308 18
2309 23
2310 31
2311 19
2312 16
2313 19
2314 17
2315 14
2316 21
2317 20
2318 15
2319 21
2320 15
2321 15
2322 18
2323 14
2324 15
2325 10
2326 14
2327 8
2328 20
2329 10
2330 16
2331 14
2332 19
2333 16
2334 17
2335 14
2336 12
2337 13
2338 12
2339 16
2340 13
2341 11
2342 11
2343 15
2344 15
2345 14
2346 13
2347 15
2348 12
2349 13
2350 15
2351 15
2352 8
2353 9
2354 12
2355 16
2356 14
2357 12
2358 16
2359 17
2360 14
2361 13
2362 17
2363 21
2364 19
2365 15
2366 11
2367 11
2368 16
2369 10
2370 16
2371 17
2372 15
2373 8
2374 11
2375 11
2376 14
2377 12
2378 10
2379 10
2380 12
2381 15
2382 11
2383 16
2384 17
2385 13
2386 9
2387 16
2388 11
2389 16
2390 7
2391 14
2392 15
2393 9
2394 8
2395 10
2396 15
2397 15
2398 11
2399 16
2400 15
2401 14
2402 17
2403 15
2404 16
2405 9
2406 12
2407 10
2408 10
2409 13
2410 22
2411 16
2412 10
2413 16
2414 17
2415 8
2416 16
2417 17
2418 16
2419 8
2420 10
2421 13
2422 14
2423 11
2424 11
2425 7
2426 8
2427 15
2428 13
2429 13
2430 11
2431 19
2432 10
2433 15
2434 17
2435 9
2436 16
2437 14
2438 15
2439 19
2440 13
2441 10
2442 12
2443 7
2444 17
2445 17
2446 13
2447 11
2448 12
2449 10
2450 9
2451 14
2452 20
2453 14
2454 10
2455 10
2456 11
2457 13
2458 11
2459 16
2460 10
2461 13
2462 17
2463 14
2464 12
2465 12
2466 17
2467 7
2468 15
2469 10
2470 7
2471 15
2472 13
2473 17
2474 10
2475 14
2476 16
2477 11
2478 9
2479 13
2480 18
2481 6
2482 12
2483 11
2484 7
2485 12
2486 12
2487 15
2488 7
2489 11
2490 10
2491 10
2492 14
2493 9
2494 11
2495 6
2496 7
2497 9
2498 13
2499 11
2500 17
2501 8
2502 17
2503 12
2504 12
2505 9
2506 10
2507 14
2508 7
2509 11
2510 17
2511 13
2512 13
2513 9
2514 13
2515 11
2516 12
2517 12
2518 11
2519 12
2520 6
2521 12
2522 22
2523 14
2524 11
2525 12
2526 12
2527 14
2528 12
2529 11
2530 15
2531 9
2532 10
2533 20
2534 16
2535 7
2536 10
2537 13
2538 9
2539 8
2540 9
2541 11
2542 14
2543 13
2544 13
2545 11
2546 12
2547 17
2548 9
2549 17
2550 12
2551 16
2552 19
2553 13
2554 20
2555 17
2556 18
2557 23
2558 16
2559 14
