0 46
1 28
2 35
3 25
4 35
5 26
6 30
7 31
8 31
9 42
10 40
11 49
12 51
13 23
14 36
15 40
16 38
17 28
18 36
19 33
20 41
21 30
22 43
23 33
24 52
25 45
26 38
27 41
28 28
29 39
30 33
31 37
32 38
33 35
34 49
35 36
36 30
37 58
38 38
39 33
40 45
41 34
42 37
43 36
44 37
45 35
46 22
47 37
48 35
49 47
50 23
51 38
52 36
53 29
54 37
55 36
56 37
57 39
58 29
59 40
60 36
61 37
62 37
63 40
64 52
65 39
66 40
67 42
68 36
69 47
70 58
71 36
72 40
73 31
74 34
75 44
76 37
77 40
78 30
79 35
80 36
81 48
82 39
83 35
84 35
85 27
86 43
87 39
88 32
89 28
90 40
91 37
92 37
93 24
94 42
95 36
96 32
97 44
98 39
99 50
100 30
101 26
102 29
103 39
104 41
105 40
106 37
107 37
108 32
109 31
110 35
111 36
112 50
113 23
114 34
115 44
116 36
117 37
118 39
119 38
120 32
121 43
122 28
123 37
124 27
125 37
126 38
127 36
128 45
129 31
130 43
131 44
132 41
133 49
134 31
135 36
136 37
137 43
138 34
139 37
140 37
141 43
142 44
143 33
144 39
145 35
146 32
147 47
148 28
149 29
150 47
151 39
152 37
153 49
154 44
155 31
156 37
157 38
158 41
159 43
160 48
161 39
162 33
163 54
164 41
165 44
166 42
167 43
168 41
169 36
170 33
171 42
172 36
173 34
174 29
175 29
176 38
177 40
178 30
179 38
180 34
181 42
182 39
183 33
184 28
185 40
186 40
187 41
188 48
189 33
190 43
191 50
192 49
193 46
194 44
195 25
196 36
197 35
198 29
199 40
200 34
201 49
202 43
203 32
204 41
205 43
206 40
207 36
208 36
209 38
210 30
211 42
212 34
213 47
214 42
215 40
216 31
217 33
218 36
219 32
220 35
221 41
222 37
223 52
224 26
225 35
226 43
227 32
228 29
229 51
230 57
231 45
232 47
233 54
234 51
235 52
236 34
237 37
238 39
239 58
240 39
241 43
242 50
243 36
244 43
245 41
246 49
247 41
248 40
249 41
250 37
251 26
252 43
253 35
254 30
255 47
256 48
257 37
258 45
259 43
260 37
261 46
262 46
263 46
264 47
265 43
266 37
267 42
268 43
269 46
270 43
271 52
272 38
273 47
274 38
275 35
276 46
277 47
278 46
279 35
280 41
281 29
282 44
283 33
284 40
285 33
286 35
287 39
288 45
289 50
290 47
291 52
292 29
293 45
294 40
295 38
296 33
297 46
298 46
299 37
300 51
301 37
302 31
303 43
304 38
305 46
306 30
307 37
308 48
309 55
310 42
311 38
312 45
313 42
314 47
315 33
316 45
317 52
318 45
319 38
320 41
321 33
322 45
323 33
324 36
325 49
326 32
327 31
328 34
329 49
330 38
331 26
332 35
333 32
334 44
335 35
336 40
337 45
338 27
339 36
340 38
341 28
342 49
343 42
344 38
345 42
346 44
347 42
348 42
349 32
350 35
351 32
352 38
353 34
354 35
355 46
356 30
357 34
358 37
359 41
360 38
361 48
362 29
363 52
364 48
365 39
366 50
367 49
368 39
369 31
370 36
371 40
372 41
373 43
374 55
375 40
376 48
377 53
378 34
379 45
380 56
381 38
382 41
383 47
384 35
385 61
386 37
387 34
388 37
389 41
390 35
391 53
392 39
393 50
394 37
395 44
396 33
397 39
398 40
399 45
400 37
401 28
402 42
403 34
404 35
405 49
406 47
407 41
408 35
409 46
410 48
411 53
412 57
413 49
414 47
415 44
416 49
417 47
418 38
419 43
420 44
421 42
422 50
423 49
424 34
425 43
426 41
427 46
428 42
429 48
430 44
431 40
432 38
433 47
434 39
435 49
436 46
437 43
438 54
439 35
440 38
441 33
442 30
443 43
444 32
445 37
446 43
447 35
448 29
449 49
450 35
451 43
452 46
453 39
454 41
455 52
456 41
457 51
458 42
459 37
460 37
461 40
462 45
463 39
464 54
465 44
466 41
467 49
468 49
469 39
470 50
471 53
472 56
473 72
474 51
475 50
476 66
477 59
478 41
479 54
480 54
481 67
482 68
483 54
484 52
485 48
486 52
487 61
488 64
489 98
490 100
491 95
492 89
493 93
494 88
495 100
496 80
497 107
498 133
499 104
500 132
501 118
502 125
503 97
504 110
505 97
506 88
507 101
508 82
509 45
510 72
511 55
512 45
513 42
514 38
515 42
516 51
517 52
518 51
519 57
520 64
521 43
522 42
523 43
524 48
525 51
526 39
527 49
528 40
529 46
530 43
531 35
532 47
533 48
534 45
535 50
536 31
537 46
538 44
539 41
540 54
541 42
542 49
543 44
544 46
545 50
546 47
547 45
548 34
549 45
550 58
551 30
552 43
553 31
554 45
555 49
556 53
557 35
558 43
559 44
560 39
561 36
562 46
563 44
564 42
565 44
566 37
567 51
568 51
569 37
570 45
571 43
572 39
573 58
574 46
575 56
576 41
577 35
578 47
579 52
580 45
581 38
582 42
583 43
584 44
585 42
586 46
587 45
588 45
589 44
590 45
591 50
592 54
593 53
594 40
595 41
596 38
597 44
598 39
599 51
600 32
601 49
602 46
603 47
604 45
605 43
606 41
607 44
608 42
609 33
610 45
611 41
612 45
613 56
614 43
615 46
616 35
617 54
618 32
619 44
620 41
621 43
622 48
623 40
624 53
625 37
626 35
627 47
628 47
629 42
630 41
631 44
632 38
633 43
634 33
635 42
636 46
637 34
638 41
639 34
640 50
641 51
642 38
643 46
644 52
645 52
646 52
647 48
648 45
649 36
650 46
651 35
652 35
653 51
654 45
655 40
656 43
657 37
658 31
659 51
660 42
661 48
662 43
663 41
664 33
665 35
666 49
667 40
668 49
669 50
670 54
671 39
672 32
673 37
674 41
675 49
676 41
677 31
678 53
679 46
680 28
681 53
682 33
683 37
684 38
685 35
686 41
687 48
688 23
689 38
690 44
691 39
692 43
693 48
694 49
695 48
696 50
697 41
698 41
699 43
700 46
701 46
702 38
703 36
704 41
705 31
706 47
707 52
708 44
709 41
710 47
711 39
712 51
713 38
714 28
715 41
716 50
717 39
718 46
719 30
720 33
721 47
722 34
723 38
724 41
725 45
726 32
727 46
728 38
729 37
730 37
731 41
732 53
733 39
734 36
735 53
736 43
737 35
738 37
739 41
740 34
741 43
742 43
743 32
744 46
745 47
746 48
747 36
748 31
749 41
750 38
751 31
752 48
753 43
754 28
755 32
756 42
757 47
758 52
759 35
760 43
761 32
762 46
763 43
764 42
765 30
766 32
767 33
768 43
769 37
770 41
771 40
772 36
773 42
774 55
775 37
776 60
777 40
778 40
779 55
780 35
781 39
782 40
783 46
784 28
785 38
786 42
787 41
788 32
789 44
790 51
791 37
792 30
793 44
794 36
795 39
796 40
797 35
798 37
799 38
800 35
801 35
802 29
803 42
804 50
805 46
806 53
807 53
808 47
809 39
810 45
811 34
812 38
813 37
814 42
815 38
816 53
817 41
818 44
819 38
820 45
821 44
822 52
823 40
824 31
825 40
826 36
827 54
828 40
829 39
830 35
831 44
832 34
833 49
834 39
835 37
836 40
837 42
838 42
839 28
840 31
841 36
842 47
843 35
844 39
845 36
846 38
847 32
848 40
849 37
850 34
851 37
852 42
853 33
854 43
855 41
856 37
857 40
858 23
859 32
860 26
861 40
862 47
863 35
864 41
865 41
866 42
867 50
868 38
869 27
870 38
871 37
872 31
873 28
874 37
875 24
876 46
877 27
878 43
879 36
880 23
881 43
882 42
883 38
884 29
885 27
886 35
887 38
888 32
889 33
890 43
891 33
892 52
893 33
894 35
895 35
896 35
897 39
898 43
899 40
900 31
901 25
902 29
903 30
904 29
905 38
906 41
907 39
908 31
909 39
910 37
911 34
912 38
913 30
914 31
915 34
916 38
917 40
918 34
919 38
920 39
921 42
922 34
923 40
924 29
925 34
926 42
927 42
928 36
929 37
930 41
931 35
932 28
933 36
934 41
935 32
936 35
937 34
938 37
939 40
940 44
941 33
942 45
943 36
944 36
945 32
946 38
947 31
948 34
949 32
950 50
951 46
952 34
953 45
954 31
955 28
956 33
957 47
958 34
959 40
960 43
961 45
962 44
963 35
964 36
965 33
966 37
967 39
968 36
969 33
970 34
971 39
972 40
973 34
974 52
975 41
976 34
977 36
978 33
979 45
980 48
981 52
982 55
983 61
984 70
985 61
986 74
987 97
988 92
989 83
990 85
991 104
992 93
993 135
994 128
995 165
996 221
997 224
998 194
999 210
1000 241
1001 323
1002 323
1003 292
1004 300
1005 315
1006 396
1007 481
1008 554
1009 451
1010 401
1011 428
1012 418
1013 343
1014 254
1015 187
1016 174
1017 139
1018 109
1019 74
1020 60
1021 54
1022 36
1023 42
1024 47
1025 50
1026 39
1027 41
1028 45
1029 45
1030 44
1031 43
1032 45
1033 58
1034 40
1035 29
1036 37
1037 24
1038 36
1039 35
1040 37
1041 32
1042 33
1043 43
1044 27
1045 39
1046 37
1047 33
1048 49
1049 30
1050 36
1051 39
1052 46
1053 36
1054 44
1055 35
1056 31
1057 35
1058 31
1059 31
1060 38
1061 34
1062 32
1063 37
1064 43
1065 38
1066 42
1067 34
1068 43
1069 47
1070 40
1071 33
1072 35
1073 33
1074 36
1075 46
1076 35
1077 34
1078 39
1079 37
1080 46
1081 22
1082 33
1083 35
1084 30
1085 36
1086 38
1087 33
1088 31
1089 33
1090 43
1091 38
1092 25
1093 36
1094 29
1095 40
1096 36
1097 39
1098 34
1099 32
1100 26
1101 33
1102 18
1103 39
1104 23
1105 35
1106 37
1107 32
1108 27
1109 38
1110 37
1111 31
1112 49
1113 28
1114 40
1115 34
1116 39
1117 35
1118 32
1119 31
1120 40
1121 48
1122 45
1123 38
1124 37
1125 45
1126 41
1127 48
1128 47
1129 50
1130 55
1131 40
1132 48
1133 60
1134 68
1135 61
1136 53
1137 81
1138 74
1139 65
1140 63
1141 73
1142 55
1143 50
1144 51
1145 52
1146 46
1147 51
1148 51
1149 36
1150 32
1151 34
1152 34
1153 39
1154 40
1155 28
1156 27
1157 34
1158 35
1159 33
1160 43
1161 38
1162 26
1163 35
1164 35
1165 32
1166 30
1167 25
1168 24
1169 39
1170 37
1171 36
1172 35
1173 30
1174 38
1175 24
1176 27
1177 37
1178 29
1179 25
1180 41
1181 54
1182 37
1183 31
1184 19
1185 29
1186 41
1187 27
1188 37
1189 33
1190 37
1191 36
1192 39
1193 37
1194 34
1195 39
1196 42
1197 34
1198 32
1199 31
1200 44
1201 36
1202 41
1203 33
1204 41
1205 27
1206 19
1207 39
1208 38
1209 34
1210 28
1211 31
1212 48
1213 38
1214 35
1215 36
1216 33
1217 28
1218 34
1219 31
1220 29
1221 39
1222 36
1223 31
1224 37
1225 31
1226 34
1227 34
1228 21
1229 33
1230 41
1231 36
1232 32
1233 33
1234 29
1235 24
1236 34
1237 32
1238 30
1239 36
1240 28
1241 29
1242 32
1243 35
1244 32
1245 38
1246 24
1247 31
1248 32
1249 29
1250 37
1251 25
1252 23
1253 42
1254 22
1255 31
1256 33
1257 23
1258 34
1259 24
1260 34
1261 35
1262 22
1263 25
1264 25
1265 31
1266 27
1267 20
1268 15
1269 32
1270 28
1271 24
1272 22
1273 18
1274 26
1275 17
1276 16
1277 21
1278 17
1279 26
1280 174
1281 224
1282 209
1283 206
1284 196
1285 197
1286 188
1287 184
1288 189
1289 152
1290 146
1291 171
1292 208
1293 116
1294 107
1295 74
1296 77
1297 64
1298 50
1299 44
1300 30
1301 26
1302 33
1303 25
1304 19
1305 30
1306 31
1307 27
1308 30
1309 28
1310 28
1311 26
1312 31
1313 26
1314 25
1315 17
1316 22
1317 29
1318 24
1319 33
1320 23
1321 32
1322 23
1323 23
1324 31
1325 20
1326 27
1327 25
1328 25
1329 30
1330 30
1331 31
1332 23
1333 17
1334 25
1335 25
1336 23
1337 21
1338 25
1339 24
1340 27
1341 22
1342 36
1343 17
1344 25
1345 24
1346 24
1347 28
1348 31
1349 23
1350 17
1351 16
1352 28
1353 26
1354 20
1355 23
1356 25
1357 31
1358 20
1359 27
1360 30
1361 27
1362 22
1363 27
1364 30
1365 25
1366 24
1367 22
1368 22
1369 25
1370 26
1371 24
1372 29
1373 24
1374 22
1375 24
1376 26
1377 22
1378 19
1379 25
1380 21
1381 19
1382 24
1383 25
1384 36
1385 23
1386 22
1387 24
1388 16
1389 16
1390 21
1391 24
1392 25
1393 22
1394 27
1395 21
1396 16
1397 30
1398 29
1399 24
1400 33
1401 18
1402 19
1403 25
1404 23
1405 27
1406 27
1407 21
1408 24
1409 27
1410 24
1411 22
1412 25
1413 9
1414 24
1415 23
1416 23
1417 22
1418 22
1419 23
1420 30
1421 20
1422 21
1423 19
1424 24
1425 26
1426 26
1427 20
1428 20
1429 22
1430 21
1431 14
1432 29
1433 23
1434 15
1435 17
1436 26
1437 25
1438 29
1439 31
1440 24
1441 28
1442 18
1443 20
1444 19
1445 21
1446 15
1447 22
1448 25
1449 23
1450 21
1451 22
1452 23
1453 18
1454 22
1455 19
1456 22
1457 19
1458 16
1459 25
1460 25
1461 19
1462 22
1463 20
1464 20
1465 25
1466 20
1467 17
1468 34
1469 24
1470 16
1471 25
1472 18
1473 18
1474 31
1475 14
1476 18
1477 20
1478 20
1479 19
1480 19
1481 24
1482 26
1483 21
1484 15
1485 27
1486 22
1487 28
1488 22
1489 23
1490 28
1491 21
1492 17
1493 26
1494 14
1495 31
1496 26
1497 20
1498 22
1499 20
1500 25
1501 16
1502 24
1503 17
1504 18
1505 17
1506 24
1507 20
1508 27
1509 30
1510 17
1511 20
1512 17
1513 17
1514 21
1515 22
1516 26
1517 24
1518 23
1519 25
1520 14
1521 25
1522 24
1523 28
1524 16
1525 25
1526 19
1527 14
1528 25
1529 20
1530 18
1531 27
1532 21
1533 23
1534 26
1535 28
1536 19
1537 22
1538 14
1539 22
1540 15
1541 19
1542 30
1543 17
1544 17
1545 24
1546 21
1547 21
1548 24
1549 20
1550 16
1551 29
1552 16
1553 17
1554 23
1555 24
1556 24
1557 21
1558 16
1559 18
1560 28
1561 28
1562 21
1563 24
1564 23
1565 21
1566 21
1567 23
1568 17
1569 13
1570 19
1571 20
1572 20
1573 22
1574 15
1575 16
1576 23
1577 23
1578 25
1579 22
1580 23
1581 18
1582 19
1583 26
1584 19
1585 18
1586 26
1587 27
1588 24
1589 17
1590 29
1591 19
1592 22
1593 22
1594 25
1595 20
1596 20
1597 19
1598 17
1599 15
1600 25
1601 27
1602 13
1603 25
1604 28
1605 14
1606 25
1607 19
1608 22
1609 22
1610 21
1611 19
1612 19
1613 20
1614 12
1615 15
1616 17
1617 14
1618 18
1619 18
1620 27
1621 18
1622 10
1623 24
1624 23
1625 14
1626 20
1627 20
1628 12
1629 16
1630 16
1631 23
1632 19
1633 24
1634 25
1635 19
1636 11
1637 22
1638 21
1639 19
1640 23
1641 25
1642 18
1643 17
1644 17
1645 23
1646 24
1647 20
1648 19
1649 10
1650 21
1651 25
1652 25
1653 22
1654 22
1655 19
1656 19
1657 21
1658 23
1659 16
1660 19
1661 24
1662 17
1663 17
1664 21
1665 19
1666 12
1667 20
1668 21
1669 18
1670 17
1671 14
1672 18
1673 21
1674 22
1675 20
1676 26
1677 27
1678 16
1679 22
1680 18
1681 26
1682 23
1683 18
1684 17
1685 18
1686 18
1687 18
1688 22
1689 18
1690 21
1691 21
1692 27
1693 28
1694 25
1695 23
1696 12
1697 20
1698 18
1699 23
1700 21
1701 14
1702 20
1703 22
1704 16
1705 19
1706 28
1707 25
1708 20
1709 24
1710 23
1711 27
1712 32
1713 30
1714 19
1715 36
1716 36
1717 31
1718 41
1719 35
1720 37
1721 50
1722 38
1723 52
1724 47
1725 39
1726 64
1727 67
1728 83
1729 80
1730 98
1731 98
1732 88
1733 123
1734 130
1735 136
1736 127
1737 135
1738 145
1739 97
1740 89
1741 90
1742 106
1743 140
1744 187
1745 126
1746 78
1747 53
1748 61
1749 55
1750 55
1751 45
1752 24
1753 25
1754 17
1755 24
1756 27
1757 23
1758 25
1759 20
1760 19
1761 25
1762 19
1763 20
1764 27
1765 21
1766 19
1767 17
1768 25
1769 24
1770 20
1771 20
1772 24
1773 17
1774 19
1775 22
1776 19
1777 21
1778 27
1779 14
1780 19
1781 15
1782 30
1783 25
1784 11
1785 15
1786 33
1787 9
1788 16
1789 15
1790 16
1791 16
1792 15
1793 15
1794 23
1795 14
1796 16
1797 19
1798 17
1799 16
1800 20
1801 12
1802 19
1803 21
1804 12
1805 24
1806 25
1807 23
1808 14
1809 14
1810 15
1811 17
1812 22
1813 12
1814 18
1815 14
1816 18
1817 13
1818 17
1819 25
1820 13
1821 20
1822 19
1823 22
1824 19
1825 16
1826 28
1827 20
1828 23
1829 16
1830 19
1831 14
1832 15
1833 18
1834 23
1835 19
1836 22
1837 23
1838 21
1839 23
1840 20
1841 15
1842 24
1843 15
1844 19
1845 19
1846 17
1847 14
1848 20
1849 16
1850 9
1851 20
1852 11
1853 13
1854 12
1855 22
1856 19
1857 14
1858 12
1859 16
1860 20
1861 16
1862 11
1863 13
1864 31
1865 17
1866 18
1867 13
1868 23
1869 11
1870 12
1871 12
1872 19
1873 16
1874 20
1875 21
1876 20
1877 22
1878 26
1879 17
1880 15
1881 17
1882 19
1883 17
1884 21
1885 17
1886 23
1887 20
1888 13
1889 16
1890 16
1891 22
1892 20
1893 16
1894 21
1895 18
1896 19
1897 21
1898 16
1899 19
1900 24
1901 23
1902 13
1903 11
1904 9
1905 25
1906 22
1907 21
1908 21
1909 19
1910 14
1911 20
1912 20
1913 16
1914 14
1915 17
1916 21
1917 13
1918 23
1919 23
1920 21
1921 33
1922 23
1923 30
1924 30
1925 19
1926 24
1927 23
1928 16
1929 22
1930 22
1931 24
1932 20
1933 21
1934 19
1935 18
1936 14
1937 18
1938 21
1939 18
1940 15
1941 26
1942 13
1943 22
1944 27
1945 17
1946 19
1947 23
1948 22
1949 31
1950 15
1951 21
1952 32
1953 22
1954 25
1955 23
1956 35
1957 35
1958 30
1959 26
1960 41
1961 50
1962 51
1963 42
1964 32
1965 65
1966 74
1967 72
1968 82
1969 117
1970 142
1971 121
1972 135
1973 209
1974 215
1975 249
1976 218
1977 244
1978 263
1979 270
1980 269
1981 269
1982 305
1983 329
1984 317
1985 369
1986 382
1987 416
1988 454
1989 406
1990 374
1991 303
1992 259
1993 234
1994 276
1995 255
1996 250
1997 192
1998 176
1999 151
2000 147
2001 120
2002 120
2003 95
2004 87
2005 82
2006 64
2007 51
2008 33
2009 40
2010 44
2011 39
2012 28
2013 30
2014 17
2015 24
2016 15
2017 18
2018 18
2019 26
2020 14
2021 24
2022 23
2023 21
2024 19
2025 20
2026 22
2027 30
2028 24
2029 17
2030 27
2031 25
2032 15
2033 22
2034 19
2035 23
2036 16
2037 18
2038 14
2039 23
2040 23
2041 19
2042 18
2043 19
2044 16
2045 16
2046 23
2047 17
2048 18
2049 16
2050 23
2051 11
2052 21
2053 20
2054 15
2055 19
2056 14
2057 23
2058 22
2059 10
2060 24
2061 23
2062 21
2063 20
2064 24
2065 14
2066 18
2067 18
2068 13
2069 21
2070 23
2071 11
2072 19
2073 23
2074 14
2075 8
2076 15
2077 16
2078 13
2079 21
2080 11
2081 14
2082 15
2083 19
2084 14
2085 24
2086 25
2087 22
2088 17
2089 17
2090 17
2091 18
2092 15
2093 17
2094 15
2095 21
2096 17
2097 25
2098 22
2099 13
2100 15
2101 17
2102 15
2103 22
2104 19
2105 14
2106 17
2107 19
2108 17
2109 21
2110 22
2111 23
2112 21
2113 20
2114 21
2115 16
2116 21
2117 21
2118 14
2119 16
2120 15
2121 20
2122 20
2123 14
2124 11
2125 20
2126 16
2127 22
2128 20
2129 17
2130 11
2131 17
2132 17
2133 20
2134 18
2135 12
2136 20
2137 9
2138 12
2139 13
2140 22
2141 28
2142 15
2143 18
2144 19
2145 12
2146 23
2147 14
2148 13
2149 12
2150 23
2151 20
2152 18
2153 10
2154 20
2155 8
2156 20
2157 18
2158 26
2159 18
2160 25
2161 17
2162 23
2163 26
2164 27
2165 23
2166 28
2167 26
2168 22
2169 29
2170 33
2171 45
2172 38
2173 41
2174 40
2175 49
2176 56
2177 57
2178 53
2179 54
2180 66
2181 97
2182 90
2183 87
2184 65
2185 87
2186 88
2187 114
2188 100
2189 94
2190 89
2191 81
2192 41
2193 70
2194 71
2195 59
2196 56
2197 46
2198 32
2199 29
2200 33
2201 37
2202 47
2203 25
2204 44
2205 28
2206 25
2207 21
2208 20
2209 29
2210 15
2211 22
2212 15
2213 21
2214 18
2215 14
2216 16
2217 11
2218 15
2219 13
2220 11
2221 13
2222 18
2223 14
2224 17
2225 16
2226 21
2227 18
2228 16
2229 15
2230 14
2231 17
2232 21
2233 15
2234 14
2235 21
2236 18
2237 20
2238 11
2239 9
2240 14
2241 17
2242 17
2243 13
2244 15
2245 17
2246 8
2247 12
2248 22
2249 15
2250 11
2251 17
2252 15
2253 16
2254 14
2255 14
2256 17
2257 9
2258 14
2259 18
2260 12
2261 16
2262 11
2263 15
2264 8
2265 12
2266 10
2267 18
2268 15
2269 16
2270 17
2271 12
2272 14
2273 10
2274 16
2275 15
2276 15
2277 20
2278 17
2279 12
2280 16
2281 14
2282 18
2283 10
2284 11
2285 14
2286 14
2287 12
2288 12
2289 15
2290 10
2291 14
2292 6
2293 13
2294 14
2295 20
2296 20
2297 15
2298 12
2299 13
2300 15
2301 8
2302 12
2303 18
2304 19
2305 10
2306 14
2307 20
2308 9
2309 12
2310 13
2311 13
2312 15
2313 16
2314 19
2315 19
2316 14
2317 17
2318 18
2319 20
2320 18
2321 11
2322 13
2323 12
2324 8
2325 8
2326 20
2327 12
2328 22
2329 17
2330 14
2331 13
2332 15
2333 17
2334 12
2335 13
2336 9
2337 9
2338 11
2339 13
2340 11
2341 16
2342 14
2343 19
2344 10
2345 12
2346 15
2347 14
2348 7
2349 20
2350 11
2351 14
2352 19
2353 13
2354 16
2355 9
2356 15
2357 8
2358 11
2359 17
2360 15
2361 15
2362 14
2363 7
2364 10
2365 12
2366 8
2367 19
2368 15
2369 11
2370 14
2371 14
2372 10
2373 13
2374 12
2375 10
2376 13
2377 10
2378 17
2379 12
2380 17
2381 12
2382 15
2383 16
2384 11
2385 15
2386 11
2387 25
2388 15
2389 11
2390 18
2391 19
2392 12
2393 12
2394 13
2395 11
2396 9
2397 19
2398 15
2399 14
2400 15
2401 8
2402 11
2403 13
2404 11
2405 13
2406 11
2407 12
2408 11
2409 16
2410 10
2411 13
2412 11
2413 13
2414 13
2415 17
2416 17
2417 11
2418 13
2419 16
2420 16
2421 9
2422 17
2423 14
2424 10
2425 15
2426 16
2427 8
2428 6
2429 14
2430 9
2431 14
2432 18
2433 14
2434 15
2435 10
2436 11
2437 8
2438 15
2439 11
2440 13
2441 15
2442 16
2443 17
2444 14
2445 11
2446 28
2447 18
2448 25
2449 15
2450 17
2451 18
2452 18
2453 25
2454 28
2455 16
2456 28
2457 36
2458 66
2459 51
2460 54
2461 47
2462 38
2463 37
2464 37
2465 41
2466 40
2467 63
2468 60
2469 81
2470 80
2471 60
2472 68
2473 70
2474 85
2475 83
2476 79
2477 48
2478 52
2479 42
2480 40
2481 35
2482 33
2483 38
2484 25
2485 25
2486 31
2487 28
2488 33
2489 22
2490 26
2491 37
2492 26
2493 19
2494 17
2495 23
2496 25
2497 14
2498 19
2499 19
2500 13
2501 16
2502 14
2503 11
2504 7
2505 9
2506 11
2507 14
2508 15
2509 10
2510 18
2511 10
2512 5
2513 19
2514 13
2515 13
2516 18
2517 7
2518 17
2519 20
2520 13
2521 14
2522 10
2523 16
2524 8
2525 10
2526 12
2527 8
2528 15
2529 10
2530 12
2531 15
2532 8
2533 6
2534 16
2535 12
2536 19
2537 18
2538 21
2539 13
2540 14
2541 6
2542 11
2543 17
2544 16
2545 17
2546 16
2547 14
2548 24
2549 26
2550 39
2551 27
2552 28
2553 24
2554 32
2555 40
2556 25
2557 31
2558 39
2559 46
