0 22
1 19
2 23
3 21
4 26
5 31
6 21
7 21
8 21
9 26
10 24
11 25
12 18
13 20
14 21
15 21
16 23
17 23
18 23
19 32
20 28
21 29
22 27
23 19
24 23
25 35
26 30
27 26
28 26
29 24
30 21
31 28
32 23
33 10
34 24
35 20
36 27
37 23
38 22
39 40
40 17
41 24
42 31
43 25
44 30
45 18
46 27
47 28
48 31
49 23
50 25
51 29
52 19
53 28
54 21
55 25
56 21
57 27
58 30
59 24
60 30
61 25
62 21
63 15
64 23
65 16
66 27
67 24
68 25
69 17
70 33
71 22
72 22
73 30
74 27
75 25
76 38
77 23
78 22
79 26
80 25
81 25
82 23
83 16
84 27
85 29
86 26
87 29
88 23
89 23
90 26
91 26
92 17
93 25
94 25
95 23
96 24
97 26
98 24
99 23
100 21
101 23
102 30
103 27
104 20
105 21
106 28
107 28
108 36
109 26
110 21
111 41
112 25
113 30
114 24
115 30
116 28
117 28
118 24
119 27
120 23
121 27
122 38
123 25
124 22
125 24
126 22
127 17
128 20
129 22
130 29
131 23
132 24
133 29
134 43
135 22
136 25
137 22
138 27
139 25
140 27
141 36
142 28
143 25
144 22
145 28
146 26
147 26
148 30
149 26
150 31
151 40
152 24
153 25
154 30
155 30
156 38
157 20
158 36
159 27
160 22
161 31
162 22
163 25
164 38
165 32
166 21
167 30
168 27
169 32
170 21
171 30
172 17
173 30
174 19
175 40
176 28
177 28
178 34
179 30
180 23
181 36
182 30
183 24
184 28
185 17
186 22
187 27
188 43
189 20
190 34
191 29
192 34
193 30
194 19
195 31
196 36
197 28
198 24
199 35
200 21
201 18
202 26
203 33
204 28
205 27
206 33
207 28
208 26
209 30
210 26
211 26
212 32
213 28
214 23
215 18
216 26
217 41
218 33
219 34
220 37
221 28
222 18
223 29
224 32
225 30
226 31
227 25
228 21
229 23
230 29
231 22
232 27
233 34
234 35
235 23
236 24
237 28
238 35
239 31
240 36
241 32
242 25
243 33
244 37
245 33
246 39
247 32
248 22
249 19
250 25
251 30
252 21
253 15
254 24
255 33
256 33
257 28
258 31
259 25
260 23
261 31
262 25
263 34
264 22
265 25
266 33
267 31
268 37
269 30
270 25
271 26
272 30
273 27
274 27
275 20
276 30
277 30
278 35
279 28
280 35
281 31
282 30
283 29
284 29
285 26
286 24
287 25
288 32
289 18
290 24
291 31
292 26
293 32
294 29
295 27
296 25
297 25
298 31
299 48
300 28
301 22
302 31
303 28
304 33
305 40
306 26
307 26
308 30
309 36
310 19
311 28
312 28
313 24
314 38
315 35
316 29
317 26
318 37
319 22
320 26
321 12
322 36
323 34
324 23
325 27
326 29
327 29
328 30
329 33
330 29
331 36
332 39
333 34
334 35
335 38
336 20
337 30
338 35
339 33
340 30
341 26
342 35
343 24
344 21
345 33
346 34
347 31
348 31
349 38
350 24
351 29
352 36
353 27
354 35
355 35
356 33
357 26
358 47
359 28
360 26
361 26
362 29
363 41
364 32
365 36
366 24
367 31
368 30
369 27
370 28
371 35
372 26
373 28
374 31
375 25
376 34
377 27
378 24
379 26
380 26
381 35
382 36
383 27
384 35
385 31
386 44
387 25
388 32
389 33
390 30
391 32
392 34
393 22
394 40
395 29
396 39
397 42
398 22
399 32
400 32
401 31
402 30
403 34
404 30
405 25
406 31
407 25
408 27
409 31
410 17
411 23
412 30
413 34
414 33
415 34
416 31
417 25
418 36
419 37
420 35
421 31
422 38
423 38
424 26
425 29
426 30
427 29
428 24
429 30
430 34
431 36
432 28
433 31
434 42
435 38
436 26
437 36
438 28
439 24
440 25
441 20
442 32
443 38
444 32
445 29
446 35
447 30
448 33
449 28
450 29
451 42
452 30
453 33
454 36
455 41
456 30
457 33
458 29
459 34
460 45
461 33
462 35
463 37
464 29
465 33
466 24
467 40
468 38
469 28
470 37
471 37
472 34
473 28
474 25
475 36
476 28
477 28
478 33
479 20
480 29
481 39
482 35
483 24
484 50
485 29
486 28
487 27
488 31
489 28
490 33
491 42
492 43
493 40
494 33
495 34
496 43
497 24
498 33
499 31
500 30
501 36
502 33
503 40
504 35
505 34
506 36
507 37
508 28
509 27
510 32
511 26
512 21
513 37
514 29
515 24
516 31
517 38
518 40
519 33
520 38
521 37
522 40
523 26
524 34
525 41
526 30
527 29
528 38
529 46
530 41
531 31
532 34
533 24
534 25
535 41
536 31
537 38
538 36
539 41
540 40
541 37
542 36
543 33
544 29
545 34
546 30
547 43
548 30
549 27
550 27
551 30
552 36
553 36
554 37
555 36
556 35
557 27
558 33
559 39
560 27
561 35
562 42
563 30
564 24
565 27
566 42
567 36
568 33
569 33
570 35
571 23
572 26
573 46
574 43
575 29
576 21
577 29
578 23
579 32
580 29
581 35
582 28
583 45
584 37
585 28
586 28
587 40
588 34
589 42
590 32
591 28
592 30
593 33
594 31
595 31
596 37
597 31
598 37
599 29
600 37
601 27
602 25
603 42
604 25
605 32
606 35
607 29
608 22
609 26
610 29
611 36
612 29
613 27
614 32
615 26
616 32
617 48
618 42
619 32
620 33
621 31
622 35
623 42
624 44
625 38
626 34
627 30
628 32
629 39
630 46
631 36
632 38
633 40
634 40
635 37
636 35
637 31
638 40
639 39
640 44
641 40
642 46
643 38
644 49
645 53
646 43
647 64
648 56
649 82
650 82
651 127
652 123
653 132
654 105
655 135
656 104
657 99
658 117
659 104
660 100
661 79
662 68
663 64
664 47
665 61
666 42
667 53
668 48
669 39
670 33
671 34
672 39
673 39
674 53
675 45
676 34
677 27
678 41
679 31
680 33
681 31
682 39
683 39
684 36
685 24
686 30
687 36
688 33
689 40
690 35
691 39
692 33
693 32
694 39
695 40
696 39
697 23
698 41
699 33
700 44
701 32
702 26
703 29
704 41
705 29
706 29
707 37
708 48
709 36
710 32
711 27
712 35
713 28
714 25
715 31
716 39
717 32
718 39
719 39
720 27
721 28
722 24
723 25
724 26
725 28
726 35
727 22
728 37
729 27
730 47
731 25
732 41
733 29
734 28
735 31
736 31
737 31
738 32
739 20
740 38
741 34
742 41
743 25
744 23
745 39
746 49
747 44
748 38
749 36
750 36
751 39
752 36
753 32
754 32
755 30
756 32
757 26
758 59
759 33
760 31
761 34
762 30
763 29
764 26
765 29
766 26
767 29
768 27
769 43
770 37
771 33
772 35
773 39
774 34
775 33
776 35
777 38
778 30
779 35
780 33
781 31
782 37
783 32
784 29
785 48
786 37
787 34
788 26
789 44
790 34
791 33
792 32
793 25
794 34
795 39
796 45
797 46
798 31
799 24
800 29
801 30
802 28
803 45
804 36
805 60
806 41
807 25
808 39
809 33
810 27
811 37
812 31
813 38
814 32
815 34
816 30
817 26
818 23
819 40
820 29
821 34
822 31
823 24
824 28
825 36
826 40
827 41
828 41
829 34
830 38
831 24
832 30
833 22
834 38
835 34
836 26
837 30
838 29
839 32
840 35
841 33
842 37
843 28
844 27
845 38
846 32
847 24
848 29
849 34
850 29
851 25
852 30
853 37
854 33
855 27
856 32
857 27
858 29
859 28
860 43
861 34
862 33
863 36
864 35
865 39
866 42
867 30
868 31
869 30
870 30
871 36
872 36
873 27
874 31
875 21
876 25
877 39
878 22
879 36
880 35
881 33
882 28
883 24
884 27
885 24
886 22
887 31
888 27
889 22
890 33
891 30
892 38
893 39
894 31
895 27
896 28
897 31
898 48
899 35
900 29
901 28
902 35
903 31
904 31
905 37
906 25
907 29
908 35
909 43
910 30
911 24
912 30
913 30
914 32
915 42
916 26
917 35
918 24
919 24
920 41
921 38
922 34
923 33
924 31
925 50
926 24
927 31
928 24
929 35
930 31
931 31
932 27
933 37
934 35
935 45
936 26
937 33
938 36
939 32
940 43
941 31
942 31
943 19
944 25
945 26
946 35
947 43
948 30
949 41
950 27
951 34
952 38
953 38
954 32
955 39
956 25
957 30
958 30
959 34
960 24
961 28
962 33
963 28
964 24
965 37
966 36
967 35
968 18
969 35
970 37
971 37
972 34
973 28
974 32
975 34
976 30
977 31
978 24
979 32
980 30
981 25
982 27
983 20
984 31
985 28
986 35
987 26
988 36
989 28
990 34
991 36
992 30
993 32
994 29
995 36
996 31
997 26
998 28
999 31
1000 37
1001 32
1002 39
1003 27
1004 30
1005 30
1006 42
1007 30
1008 25
1009 28
1010 34
1011 34
1012 35
1013 38
1014 32
1015 26
1016 49
1017 33
1018 25
1019 26
1020 23
1021 31
1022 29
1023 24
1024 21
1025 31
1026 39
1027 40
1028 30
1029 27
1030 20
1031 28
1032 36
1033 33
1034 38
1035 19
1036 33
1037 19
1038 34
1039 38
1040 29
1041 23
1042 27
1043 37
1044 41
1045 33
1046 33
1047 31
1048 28
1049 32
1050 37
1051 25
1052 29
1053 23
1054 28
1055 30
1056 33
1057 28
1058 33
1059 29
1060 31
1061 23
1062 37
1063 28
1064 33
1065 27
1066 26
1067 42
1068 28
1069 27
1070 28
1071 28
1072 28
1073 38
1074 29
1075 14
1076 24
1077 29
1078 25
1079 31
1080 26
1081 31
1082 18
1083 21
1084 28
1085 23
1086 31
1087 34
1088 24
1089 30
1090 37
1091 32
1092 23
1093 27
1094 34
1095 29
1096 16
1097 23
1098 30
1099 26
1100 29
1101 18
1102 28
1103 36
1104 28
1105 16
1106 27
1107 22
1108 35
1109 28
1110 38
1111 20
1112 30
1113 29
1114 29
1115 22
1116 30
1117 31
1118 18
1119 26
1120 25
1121 15
1122 28
1123 35
1124 30
1125 30
1126 23
1127 19
1128 29
1129 32
1130 29
1131 30
1132 18
1133 35
1134 37
1135 28
1136 31
1137 32
1138 30
1139 21
1140 31
1141 19
1142 27
1143 31
1144 34
1145 24
1146 31
1147 26
1148 26
1149 31
1150 24
1151 27
1152 30
1153 32
1154 31
1155 32
1156 38
1157 26
1158 37
1159 33
1160 35
1161 26
1162 27
1163 22
1164 31
1165 26
1166 26
1167 43
1168 24
1169 19
1170 25
1171 32
1172 14
1173 29
1174 34
1175 29
1176 37
1177 47
1178 32
1179 26
1180 32
1181 31
1182 34
1183 38
1184 31
1185 32
1186 44
1187 43
1188 59
1189 71
1190 54
1191 62
1192 85
1193 120
1194 127
1195 202
1196 222
1197 254
1198 284
1199 320
1200 387
1201 399
1202 457
1203 596
1204 606
1205 726
1206 751
1207 761
1208 782
1209 551
1210 421
1211 358
1212 309
1213 231
1214 209
1215 124
1216 93
1217 56
1218 61
1219 41
1220 37
1221 31
1222 29
1223 34
1224 34
1225 27
1226 30
1227 27
1228 31
1229 31
1230 28
1231 39
1232 30
1233 37
1234 26
1235 38
1236 23
1237 33
1238 23
1239 23
1240 36
1241 21
1242 31
1243 17
1244 24
1245 37
1246 36
1247 29
1248 26
1249 25
1250 19
1251 24
1252 23
1253 18
1254 19
1255 28
1256 33
1257 23
1258 21
1259 40
1260 28
1261 20
1262 24
1263 23
1264 28
1265 30
1266 30
1267 23
1268 22
1269 17
1270 22
1271 23
1272 22
1273 21
1274 21
1275 21
1276 16
1277 10
1278 6
1279 2
1280 18
1281 32
1282 19
1283 30
1284 29
1285 27
1286 18
1287 25
1288 27
1289 23
1290 26
1291 24
1292 21
1293 28
1294 16
1295 16
1296 15
1297 19
1298 19
1299 16
1300 23
1301 26
1302 29
1303 24
1304 24
1305 22
1306 21
1307 23
1308 16
1309 20
1310 19
1311 17
1312 35
1313 27
1314 20
1315 23
1316 29
1317 28
1318 22
1319 26
1320 19
1321 38
1322 19
1323 28
1324 24
1325 20
1326 22
1327 27
1328 26
1329 24
1330 22
1331 18
1332 8
1333 24
1334 22
1335 16
1336 26
1337 30
1338 20
1339 17
1340 20
1341 23
1342 24
1343 21
1344 14
1345 23
1346 19
1347 16
1348 16
1349 20
1350 25
1351 19
1352 22
1353 25
1354 25
1355 20
1356 22
1357 20
1358 20
1359 25
1360 16
1361 22
1362 13
1363 15
1364 21
1365 25
1366 19
1367 17
1368 20
1369 16
1370 20
1371 22
1372 26
1373 22
1374 11
1375 27
1376 29
1377 22
1378 14
1379 20
1380 12
1381 26
1382 24
1383 21
1384 22
1385 15
1386 20
1387 15
1388 19
1389 22
1390 19
1391 21
1392 24
1393 20
1394 22
1395 21
1396 19
1397 26
1398 17
1399 16
1400 24
1401 24
1402 27
1403 13
1404 16
1405 29
1406 14
1407 21
1408 26
1409 20
1410 18
1411 12
1412 15
1413 26
1414 22
1415 23
1416 21
1417 27
1418 29
1419 25
1420 24
1421 25
1422 40
1423 30
1424 29
1425 28
1426 50
1427 51
1428 50
1429 47
1430 42
1431 56
1432 36
1433 50
1434 30
1435 27
1436 34
1437 23
1438 30
1439 32
1440 22
1441 22
1442 20
1443 23
1444 26
1445 22
1446 18
1447 16
1448 20
1449 15
1450 26
1451 14
1452 24
1453 22
1454 24
1455 20
1456 17
1457 22
1458 12
1459 18
1460 25
1461 16
1462 20
1463 18
1464 18
1465 26
1466 19
1467 19
1468 31
1469 22
1470 17
1471 25
1472 25
1473 17
1474 22
1475 17
1476 19
1477 22
1478 21
1479 14
1480 20
1481 22
1482 25
1483 30
1484 17
1485 22
1486 18
1487 12
1488 12
1489 25
1490 22
1491 26
1492 26
1493 20
1494 18
1495 13
1496 26
1497 19
1498 30
1499 26
1500 30
1501 18
1502 27
1503 29
1504 37
1505 45
1506 54
1507 77
1508 72
1509 95
1510 102
1511 116
1512 138
1513 152
1514 238
1515 316
1516 420
1517 403
1518 362
1519 350
1520 239
1521 182
1522 189
1523 195
1524 153
1525 133
1526 112
1527 111
1528 133
1529 80
1530 63
1531 61
1532 32
1533 30
1534 19
1535 30
1536 15
1537 28
1538 25
1539 27
1540 25
1541 19
1542 22
1543 23
1544 21
1545 19
1546 19
1547 12
1548 31
1549 16
1550 15
1551 19
1552 14
1553 11
1554 12
1555 15
1556 18
1557 14
1558 18
1559 23
1560 22
1561 19
1562 14
1563 21
1564 16
1565 18
1566 16
1567 13
1568 15
1569 26
1570 27
1571 18
1572 18
1573 19
1574 18
1575 14
1576 27
1577 20
1578 19
1579 22
1580 23
1581 14
1582 15
1583 22
1584 14
1585 19
1586 23
1587 18
1588 20
1589 18
1590 15
1591 18
1592 19
1593 18
1594 23
1595 18
1596 15
1597 11
1598 18
1599 17
1600 22
1601 14
1602 16
1603 22
1604 23
1605 16
1606 23
1607 15
1608 14
1609 11
1610 24
1611 13
1612 16
1613 20
1614 17
1615 12
1616 19
1617 10
1618 19
1619 12
1620 12
1621 18
1622 14
1623 18
1624 22
1625 16
1626 17
1627 18
1628 21
1629 16
1630 21
1631 24
1632 15
1633 20
1634 17
1635 19
1636 20
1637 20
1638 18
1639 21
1640 22
1641 19
1642 21
1643 23
1644 23
1645 18
1646 22
1647 11
1648 21
1649 21
1650 22
1651 15
1652 19
1653 14
1654 22
1655 14
1656 14
1657 18
1658 19
1659 13
1660 24
1661 16
1662 11
1663 11
1664 20
1665 19
1666 18
1667 22
1668 27
1669 23
1670 18
1671 12
1672 20
1673 18
1674 15
1675 17
1676 15
1677 17
1678 15
1679 22
1680 22
1681 19
1682 20
1683 21
1684 12
1685 20
1686 18
1687 16
1688 22
1689 17
1690 18
1691 16
1692 20
1693 18
1694 16
1695 20
1696 32
1697 17
1698 13
1699 18
1700 25
1701 16
1702 19
1703 13
1704 14
1705 16
1706 17
1707 24
1708 20
1709 16
1710 19
1711 17
1712 17
1713 21
1714 15
1715 22
1716 18
1717 28
1718 20
1719 17
1720 21
1721 14
1722 12
1723 21
1724 15
1725 16
1726 15
1727 17
1728 16
1729 15
1730 18
1731 21
1732 18
1733 16
1734 18
1735 14
1736 9
1737 17
1738 21
1739 17
1740 14
1741 19
1742 10
1743 16
1744 11
1745 13
1746 16
1747 11
1748 17
1749 23
1750 14
1751 13
1752 17
1753 24
1754 19
1755 15
1756 19
1757 21
1758 11
1759 14
1760 20
1761 16
1762 20
1763 17
1764 18
1765 16
1766 25
1767 22
1768 14
1769 15
1770 23
1771 13
1772 15
1773 20
1774 19
1775 17
1776 15
1777 15
1778 10
1779 15
1780 12
1781 15
1782 12
1783 16
1784 15
1785 22
1786 24
1787 17
1788 12
1789 18
1790 12
1791 14
1792 13
1793 11
1794 16
1795 17
1796 18
1797 16
1798 18
1799 17
1800 15
1801 19
1802 19
1803 11
1804 14
1805 13
1806 13
1807 15
1808 19
1809 15
1810 22
1811 14
1812 15
1813 13
1814 19
1815 14
1816 15
1817 21
1818 18
1819 20
1820 14
1821 15
1822 13
1823 14
1824 18
1825 17
1826 14
1827 21
1828 12
1829 18
1830 13
1831 15
1832 20
1833 16
1834 14
1835 15
1836 20
1837 19
1838 12
1839 22
1840 12
1841 8
1842 14
1843 15
1844 11
1845 24
1846 20
1847 14
1848 21
1849 19
1850 19
1851 20
1852 20
1853 17
1854 12
1855 17
1856 18
1857 14
1858 24
1859 16
1860 19
1861 23
1862 7
1863 15
1864 23
1865 18
1866 18
1867 15
1868 15
1869 14
1870 15
1871 14
1872 12
1873 15
1874 15
1875 13
1876 11
1877 13
1878 12
1879 17
1880 8
1881 13
1882 27
1883 7
1884 20
1885 17
1886 15
1887 19
1888 21
1889 18
1890 15
1891 12
1892 17
1893 16
1894 22
1895 19
1896 16
1897 10
1898 10
1899 15
1900 19
1901 13
1902 14
1903 16
1904 18
1905 14
1906 17
1907 19
1908 16
1909 27
1910 17
1911 15
1912 12
1913 15
1914 13
1915 18
1916 15
1917 18
1918 14
1919 20
1920 19
1921 17
1922 19
1923 23
1924 19
1925 13
1926 24
1927 19
1928 16
1929 12
1930 11
1931 15
1932 19
1933 26
1934 13
1935 14
1936 12
1937 23
1938 19
1939 19
1940 13
1941 19
1942 9
1943 12
1944 30
1945 27
1946 15
1947 21
1948 15
1949 16
1950 23
1951 26
1952 19
1953 10
1954 15
1955 22
1956 15
1957 22
1958 17
1959 17
1960 15
1961 18
1962 22
1963 17
1964 18
1965 27
1966 18
1967 17
1968 18
1969 13
1970 14
1971 18
1972 17
1973 14
1974 12
1975 14
1976 13
1977 20
1978 18
1979 15
1980 14
1981 9
1982 8
1983 21
1984 19
1985 15
1986 20
1987 12
1988 19
1989 19
1990 20
1991 27
1992 18
1993 18
1994 25
1995 20
1996 31
1997 41
1998 69
1999 79
2000 141
2001 223
2002 212
2003 148
2004 107
2005 82
2006 121
2007 91
2008 112
2009 104
2010 99
2011 105
2012 117
2013 122
2014 98
2015 73
2016 75
2017 59
2018 45
2019 43
2020 47
2021 29
2022 40
2023 32
2024 32
2025 22
2026 22
2027 22
2028 8
2029 13
2030 14
2031 15
2032 23
2033 12
2034 18
2035 16
2036 14
2037 12
2038 15
2039 16
2040 13
2041 13
2042 11
2043 15
2044 12
2045 15
2046 19
2047 9
2048 13
2049 16
2050 13
2051 13
2052 15
2053 9
2054 20
2055 9
2056 8
2057 15
2058 18
2059 16
2060 13
2061 12
2062 14
2063 11
2064 18
2065 15
2066 17
2067 12
2068 8
2069 13
2070 17
2071 20
2072 14
2073 11
2074 14
2075 21
2076 15
2077 16
2078 14
2079 15
2080 7
2081 11
2082 16
2083 11
2084 14
2085 8
2086 11
2087 15
2088 11
2089 12
2090 18
2091 11
2092 10
2093 11
2094 10
2095 10
2096 16
2097 11
2098 11
2099 9
2100 12
2101 8
2102 7
2103 8
2104 13
2105 11
2106 11
2107 11
2108 11
2109 7
2110 11
2111 6
2112 21
2113 15
2114 7
2115 13
2116 13
2117 21
2118 17
2119 14
2120 16
2121 10
2122 17
2123 17
2124 12
2125 11
2126 8
2127 20
2128 11
2129 12
2130 13
2131 9
2132 13
2133 12
2134 11
2135 12
2136 16
2137 12
2138 15
2139 15
2140 12
2141 13
2142 15
2143 8
2144 12
2145 14
2146 21
2147 13
2148 11
2149 11
2150 15
2151 14
2152 17
2153 11
2154 7
2155 18
2156 16
2157 9
2158 18
2159 20
2160 16
2161 15
2162 17
2163 12
2164 15
2165 13
2166 12
2167 18
2168 15
2169 13
2170 13
2171 9
2172 10
2173 13
2174 16
2175 11
2176 14
2177 16
2178 18
2179 13
2180 16
2181 11
2182 18
2183 21
2184 14
2185 16
2186 12
2187 12
2188 21
2189 15
2190 16
2191 17
2192 10
2193 17
2194 18
2195 19
2196 19
2197 18
2198 12
2199 11
2200 11
2201 8
2202 15
2203 9
2204 12
2205 12
2206 12
2207 16
2208 10
2209 18
2210 13
2211 9
2212 20
2213 11
2214 7
2215 10
2216 11
2217 11
2218 12
2219 11
2220 17
2221 10
2222 20
2223 12
2224 13
2225 18
2226 14
2227 14
2228 14
2229 20
2230 14
2231 7
2232 13
2233 16
2234 14
2235 21
2236 13
2237 11
2238 10
2239 16
2240 15
2241 18
2242 17
2243 17
2244 15
2245 16
2246 16
2247 11
2248 20
2249 17
2250 15
2251 28
2252 24
2253 21
2254 23
2255 15
2256 14
2257 29
2258 34
2259 30
2260 28
2261 55
2262 49
2263 52
2264 48
2265 62
2266 83
2267 116
2268 171
2269 249
2270 305
2271 294
2272 347
2273 350
2274 414
2275 520
2276 651
2277 755
2278 666
2279 587
2280 609
2281 491
2282 497
2283 450
2284 391
2285 347
2286 324
2287 240
2288 281
2289 254
2290 194
2291 196
2292 163
2293 107
2294 89
2295 85
2296 61
2297 52
2298 44
2299 42
2300 33
2301 25
2302 21
2303 13
2304 18
2305 24
2306 21
2307 26
2308 19
2309 20
2310 17
2311 12
2312 20
2313 15
2314 19
2315 15
2316 21
2317 16
2318 16
2319 20
2320 11
2321 14
2322 18
2323 20
2324 17
2325 17
2326 19
2327 18
2328 14
2329 15
2330 14
2331 13
2332 17
2333 12
2334 17
2335 13
2336 11
2337 15
2338 11
2339 17
2340 13
2341 12
2342 16
2343 10
2344 10
2345 10
2346 14
2347 9
2348 13
2349 10
2350 23
2351 9
2352 12
2353 11
2354 19
2355 13
2356 14
2357 14
2358 12
2359 15
2360 15
2361 14
2362 13
2363 15
2364 17
2365 16
2366 17
2367 15
2368 22
2369 12
2370 8
2371 11
2372 11
2373 16
2374 14
2375 16
2376 22
2377 15
2378 13
2379 12
2380 14
2381 15
2382 17
2383 12
2384 21
2385 16
2386 15
2387 14
2388 15
2389 17
2390 15
2391 20
2392 18
2393 11
2394 15
2395 13
2396 10
2397 11
2398 10
2399 18
2400 12
2401 19
2402 9
2403 11
2404 19
2405 20
2406 13
2407 14
2408 6
2409 11
2410 13
2411 11
2412 20
2413 13
2414 12
2415 8
2416 15
2417 11
2418 13
2419 12
2420 10
2421 12
2422 13
2423 11
2424 13
2425 13
2426 10
2427 14
2428 6
2429 8
2430 19
2431 15
2432 12
2433 13
2434 12
2435 8
2436 12
2437 12
2438 18
2439 8
2440 11
2441 20
2442 10
2443 13
2444 14
2445 10
2446 11
2447 6
2448 5
2449 10
2450 7
2451 14
2452 7
2453 16
2454 15
2455 20
2456 17
2457 12
2458 17
2459 21
2460 8
2461 12
2462 9
2463 14
2464 20
2465 6
2466 12
2467 15
2468 8
2469 10
2470 14
2471 20
2472 8
2473 18
2474 17
2475 16
2476 19
2477 13
2478 16
2479 18
2480 17
2481 28
2482 31
2483 29
2484 31
2485 49
2486 45
2487 48
2488 50
2489 56
2490 60
2491 80
2492 74
2493 80
2494 83
2495 94
2496 113
2497 113
2498 91
2499 90
2500 84
2501 66
2502 71
2503 62
2504 53
2505 46
2506 51
2507 38
2508 37
2509 33
2510 25
2511 25
2512 24
2513 22
2514 24
2515 14
2516 18
2517 12
2518 12
2519 19
2520 21
2521 19
2522 16
2523 7
2524 11
2525 16
2526 9
2527 13
2528 15
2529 14
2530 10
2531 10
2532 10
2533 7
2534 11
2535 9
2536 15
2537 13
2538 14
2539 19
2540 9
2541 11
2542 9
2543 12
2544 13
2545 8
2546 13
2547 6
2548 21
2549 11
2550 17
2551 13
2552 9
2553 12
2554 8
2555 5
2556 10
2557 13
2558 16
2559 12
