0 28
1 21
2 18
3 21
4 23
5 30
6 22
7 19
8 25
9 24
10 21
11 21
12 16
13 23
14 35
15 23
16 20
17 28
18 30
19 32
20 32
21 32
22 32
23 33
24 37
25 42
26 40
27 36
28 29
29 34
30 32
31 32
32 20
33 30
34 24
35 18
36 25
37 34
38 27
39 28
40 35
41 26
42 28
43 29
44 25
45 15
46 30
47 22
48 31
49 26
50 34
51 28
52 24
53 22
54 29
55 23
56 21
57 24
58 27
59 33
60 27
61 28
62 28
63 27
64 23
65 31
66 21
67 34
68 19
69 38
70 28
71 22
72 39
73 31
74 29
75 27
76 23
77 27
78 26
79 26
80 30
81 36
82 31
83 36
84 25
85 27
86 35
87 25
88 29
89 23
90 31
91 25
92 29
93 26
94 24
95 22
96 27
97 20
98 29
99 31
100 27
101 26
102 22
103 29
104 28
105 24
106 28
107 36
108 22
109 24
110 27
111 26
112 30
113 29
114 36
115 19
116 34
117 28
118 39
119 25
120 24
121 21
122 28
123 28
124 27
125 22
126 36
127 25
128 26
129 32
130 33
131 28
132 35
133 25
134 35
135 35
136 30
137 18
138 29
139 31
140 29
141 43
142 26
143 26
144 25
145 31
146 34
147 34
148 38
149 27
150 28
151 25
152 24
153 25
154 29
155 31
156 35
157 36
158 33
159 36
160 35
161 37
162 45
163 26
164 27
165 36
166 33
167 24
168 33
169 31
170 38
171 36
172 36
173 25
174 19
175 24
176 28
177 39
178 26
179 30
180 33
181 26
182 28
183 31
184 37
185 21
186 38
187 35
188 20
189 20
190 21
191 37
192 16
193 27
194 33
195 28
196 30
197 31
198 31
199 30
200 29
201 25
202 31
203 20
204 30
205 20
206 40
207 33
208 27
209 35
210 27
211 24
212 28
213 40
214 20
215 31
216 42
217 42
218 23
219 30
220 34
221 27
222 32
223 28
224 33
225 36
226 28
227 32
228 27
229 37
230 26
231 26
232 35
233 28
234 29
235 31
236 30
237 25
238 33
239 34
240 22
241 20
242 37
243 38
244 37
245 26
246 33
247 29
248 19
249 30
250 22
251 27
252 27
253 41
254 23
255 31
256 41
257 38
258 32
259 31
260 25
261 37
262 29
263 28
264 33
265 44
266 36
267 29
268 32
269 27
270 20
271 26
272 25
273 42
274 39
275 34
276 38
277 31
278 39
279 37
280 38
281 31
282 42
283 24
284 21
285 34
286 42
287 25
288 34
289 24
290 26
291 28
292 30
293 32
294 23
295 36
296 29
297 26
298 33
299 23
300 20
301 35
302 25
303 26
304 39
305 33
306 30
307 34
308 31
309 28
310 33
311 26
312 27
313 28
314 27
315 33
316 34
317 27
318 30
319 26
320 21
321 31
322 28
323 34
324 31
325 40
326 38
327 32
328 24
329 35
330 38
331 40
332 32
333 33
334 35
335 27
336 28
337 37
338 38
339 29
340 28
341 40
342 27
343 41
344 32
345 31
346 23
347 26
348 36
349 44
350 28
351 37
352 42
353 26
354 33
355 24
356 23
357 25
358 33
359 32
360 37
361 36
362 28
363 33
364 38
365 28
366 28
367 27
368 40
369 27
370 35
371 34
372 39
373 27
374 29
375 42
376 46
377 39
378 24
379 34
380 23
381 26
382 35
383 31
384 31
385 33
386 27
387 39
388 30
389 36
390 28
391 32
392 45
393 31
394 43
395 27
396 34
397 32
398 25
399 41
400 31
401 22
402 35
403 30
404 33
405 33
406 34
407 29
408 35
409 25
410 23
411 28
412 30
413 32
414 35
415 27
416 25
417 26
418 41
419 29
420 23
421 34
422 43
423 36
424 38
425 37
426 38
427 36
428 29
429 35
430 43
431 37
432 34
433 31
434 30
435 33
436 29
437 29
438 41
439 32
440 41
441 33
442 31
443 36
444 32
445 40
446 33
447 39
448 33
449 35
450 33
451 27
452 35
453 28
454 34
455 27
456 30
457 31
458 33
459 35
460 30
461 29
462 31
463 35
464 33
465 36
466 39
467 27
468 30
469 35
470 43
471 30
472 34
473 29
474 30
475 29
476 29
477 29
478 36
479 33
480 25
481 27
482 37
483 31
484 37
485 35
486 34
487 30
488 37
489 26
490 31
491 31
492 27
493 36
494 29
495 20
496 31
497 35
498 27
499 39
500 50
501 32
502 34
503 35
504 32
505 32
506 39
507 36
508 35
509 29
510 35
511 39
512 30
513 37
514 32
515 45
516 39
517 37
518 43
519 33
520 32
521 32
522 38
523 45
524 34
525 36
526 28
527 34
528 27
529 49
530 36
531 30
532 36
533 44
534 40
535 42
536 25
537 43
538 28
539 50
540 36
541 40
542 38
543 31
544 26
545 36
546 39
547 37
548 34
549 38
550 43
551 28
552 41
553 34
554 33
555 49
556 42
557 38
558 29
559 28
560 44
561 41
562 32
563 39
564 31
565 38
566 31
567 30
568 32
569 35
570 32
571 35
572 40
573 33
574 34
575 40
576 37
577 39
578 31
579 43
580 34
581 28
582 37
583 36
584 41
585 25
586 33
587 36
588 38
589 32
590 40
591 30
592 41
593 49
594 45
595 35
596 44
597 48
598 35
599 52
600 46
601 40
602 40
603 60
604 43
605 42
606 59
607 48
608 69
609 54
610 96
611 85
612 89
613 77
614 83
615 70
616 109
617 105
618 94
619 95
620 110
621 94
622 101
623 74
624 94
625 90
626 95
627 77
628 62
629 49
630 59
631 43
632 27
633 31
634 35
635 43
636 35
637 35
638 41
639 50
640 42
641 39
642 31
643 41
644 48
645 34
646 45
647 40
648 43
649 41
650 40
651 29
652 32
653 39
654 34
655 40
656 38
657 25
658 35
659 30
660 38
661 34
662 36
663 42
664 33
665 28
666 43
667 24
668 34
669 31
670 35
671 31
672 42
673 30
674 35
675 37
676 41
677 41
678 36
679 43
680 35
681 28
682 33
683 39
684 28
685 36
686 35
687 35
688 34
689 30
690 39
691 45
692 36
693 40
694 33
695 37
696 46
697 38
698 35
699 36
700 31
701 32
702 35
703 32
704 32
705 33
706 40
707 43
708 29
709 34
710 40
711 40
712 39
713 39
714 32
715 18
716 37
717 35
718 30
719 36
720 41
721 34
722 39
723 40
724 36
725 34
726 29
727 36
728 38
729 34
730 35
731 47
732 34
733 26
734 40
735 47
736 38
737 41
738 37
739 45
740 32
741 35
742 35
743 36
744 28
745 45
746 28
747 39
748 35
749 36
750 41
751 29
752 26
753 37
754 36
755 29
756 37
757 26
758 24
759 35
760 33
761 48
762 30
763 36
764 30
765 24
766 28
767 41
768 40
769 24
770 36
771 42
772 33
773 29
774 39
775 29
776 44
777 37
778 28
779 36
780 33
781 33
782 21
783 37
784 31
785 35
786 27
787 28
788 31
789 45
790 33
791 32
792 33
793 26
794 41
795 42
796 43
797 35
798 26
799 37
800 40
801 32
802 32
803 39
804 24
805 28
806 30
807 28
808 36
809 37
810 32
811 21
812 21
813 41
814 40
815 19
816 30
817 39
818 36
819 36
820 40
821 30
822 36
823 30
824 33
825 32
826 30
827 46
828 41
829 35
830 29
831 31
832 32
833 22
834 31
835 28
836 22
837 30
838 38
839 26
840 26
841 23
842 26
843 29
844 25
845 24
846 28
847 41
848 30
849 33
850 33
851 24
852 44
853 35
854 37
855 36
856 33
857 39
858 44
859 38
860 29
861 35
862 36
863 23
864 42
865 31
866 26
867 32
868 34
869 43
870 38
871 39
872 27
873 34
874 32
875 32
876 44
877 32
878 24
879 26
880 19
881 27
882 37
883 28
884 34
885 25
886 30
887 33
888 27
889 27
890 31
891 29
892 35
893 31
894 28
895 38
896 38
897 27
898 31
899 31
900 34
901 34
902 30
903 39
904 36
905 21
906 40
907 23
908 28
909 32
910 29
911 26
912 34
913 40
914 39
915 30
916 27
917 31
918 39
919 33
920 34
921 29
922 29
923 40
924 31
925 25
926 20
927 38
928 32
929 23
930 26
931 36
932 35
933 24
934 23
935 35
936 42
937 42
938 23
939 25
940 36
941 34
942 25
943 26
944 37
945 30
946 28
947 24
948 31
949 32
950 37
951 27
952 36
953 25
954 33
955 31
956 32
957 28
958 39
959 40
960 26
961 33
962 23
963 26
964 33
965 30
966 43
967 32
968 40
969 39
970 32
971 32
972 37
973 29
974 34
975 32
976 28
977 27
978 28
979 37
980 31
981 35
982 25
983 33
984 33
985 24
986 21
987 30
988 32
989 35
990 30
991 34
992 27
993 33
994 39
995 24
996 31
997 21
998 35
999 30
1000 41
1001 23
1002 37
1003 23
1004 37
1005 33
1006 39
1007 31
1008 28
1009 25
1010 44
1011 35
1012 28
1013 22
1014 19
1015 20
1016 45
1017 32
1018 30
1019 36
1020 36
1021 27
1022 23
1023 36
1024 24
1025 37
1026 23
1027 36
1028 28
1029 32
1030 38
1031 33
1032 31
1033 31
1034 38
1035 30
1036 28
1037 33
1038 50
1039 29
1040 46
1041 32
1042 32
1043 29
1044 37
1045 38
1046 33
1047 25
1048 37
1049 31
1050 30
1051 30
1052 28
1053 43
1054 31
1055 30
1056 38
1057 27
1058 27
1059 29
1060 34
1061 33
1062 35
1063 29
1064 34
1065 37
1066 35
1067 26
1068 32
1069 39
1070 47
1071 51
1072 30
1073 30
1074 27
1075 30
1076 33
1077 37
1078 31
1079 21
1080 26
1081 31
1082 32
1083 32
1084 27
1085 42
1086 38
1087 36
1088 36
1089 32
1090 30
1091 22
1092 26
1093 32
1094 36
1095 32
1096 27
1097 27
1098 38
1099 26
1100 30
1101 43
1102 38
1103 34
1104 29
1105 26
1106 30
1107 36
1108 28
1109 22
1110 27
1111 26
1112 37
1113 29
1114 34
1115 41
1116 34
1117 27
1118 35
1119 29
1120 31
1121 36
1122 42
1123 38
1124 35
1125 29
1126 45
1127 27
1128 30
1129 25
1130 34
1131 26
1132 48
1133 38
1134 37
1135 38
1136 31
1137 42
1138 44
1139 55
1140 69
1141 53
1142 68
1143 96
1144 85
1145 109
1146 123
1147 139
1148 212
1149 187
1150 334
1151 313
1152 327
1153 379
1154 371
1155 453
1156 554
1157 570
1158 539
1159 514
1160 484
1161 434
1162 498
1163 413
1164 357
1165 304
1166 264
1167 251
1168 187
1169 159
1170 101
1171 59
1172 36
1173 36
1174 26
1175 37
1176 37
1177 46
1178 20
1179 27
1180 33
1181 26
1182 32
1183 32
1184 26
1185 41
1186 32
1187 42
1188 34
1189 34
1190 28
1191 26
1192 28
1193 38
1194 23
1195 35
1196 30
1197 29
1198 19
1199 43
1200 36
1201 25
1202 28
1203 33
1204 30
1205 38
1206 29
1207 33
1208 23
1209 40
1210 32
1211 26
1212 35
1213 30
1214 41
1215 23
1216 36
1217 30
1218 29
1219 37
1220 18
1221 21
1222 29
1223 32
1224 30
1225 33
1226 32
1227 23
1228 25
1229 30
1230 26
1231 30
1232 31
1233 29
1234 40
1235 24
1236 26
1237 26
1238 26
1239 22
1240 35
1241 31
1242 26
1243 27
1244 22
1245 31
1246 27
1247 31
1248 32
1249 26
1250 30
1251 30
1252 24
1253 38
1254 26
1255 30
1256 19
1257 19
1258 24
1259 32
1260 33
1261 31
1262 25
1263 26
1264 28
1265 21
1266 26
1267 30
1268 23
1269 31
1270 16
1271 15
1272 24
1273 29
1274 20
1275 19
1276 17
1277 16
1278 21
1279 5
1280 31
1281 23
1282 22
1283 14
1284 27
1285 24
1286 20
1287 25
1288 26
1289 19
1290 24
1291 24
1292 22
1293 18
1294 14
1295 21
1296 15
1297 20
1298 27
1299 20
1300 22
1301 26
1302 24
1303 25
1304 29
1305 18
1306 14
1307 25
1308 17
1309 34
1310 27
1311 22
1312 18
1313 24
1314 30
1315 23
1316 21
1317 25
1318 13
1319 23
1320 29
1321 22
1322 25
1323 21
1324 21
1325 24
1326 26
1327 26
1328 20
1329 20
1330 21
1331 22
1332 30
1333 17
1334 24
1335 26
1336 24
1337 31
1338 17
1339 21
1340 22
1341 26
1342 14
1343 26
1344 24
1345 26
1346 18
1347 16
1348 31
1349 25
1350 19
1351 22
1352 20
1353 23
1354 27
1355 28
1356 23
1357 22
1358 20
1359 27
1360 31
1361 36
1362 25
1363 30
1364 26
1365 31
1366 17
1367 28
1368 31
1369 35
1370 30
1371 40
1372 44
1373 34
1374 50
1375 43
1376 52
1377 44
1378 48
1379 53
1380 30
1381 35
1382 43
1383 38
1384 25
1385 28
1386 26
1387 22
1388 25
1389 23
1390 27
1391 22
1392 18
1393 25
1394 30
1395 22
1396 20
1397 21
1398 17
1399 18
1400 16
1401 26
1402 23
1403 19
1404 22
1405 15
1406 16
1407 18
1408 27
1409 27
1410 29
1411 22
1412 18
1413 25
1414 28
1415 19
1416 30
1417 23
1418 24
1419 26
1420 27
1421 19
1422 31
1423 21
1424 24
1425 16
1426 8
1427 22
1428 22
1429 25
1430 13
1431 27
1432 30
1433 26
1434 18
1435 27
1436 22
1437 19
1438 29
1439 31
1440 21
1441 23
1442 20
1443 19
1444 22
1445 31
1446 41
1447 27
1448 25
1449 39
1450 39
1451 42
1452 47
1453 60
1454 80
1455 84
1456 81
1457 110
1458 147
1459 202
1460 206
1461 227
1462 268
1463 282
1464 331
1465 307
1466 298
1467 252
1468 195
1469 133
1470 131
1471 82
1472 79
1473 76
1474 62
1475 42
1476 46
1477 33
1478 23
1479 34
1480 26
1481 23
1482 16
1483 24
1484 23
1485 21
1486 18
1487 21
1488 22
1489 24
1490 25
1491 27
1492 26
1493 20
1494 22
1495 21
1496 27
1497 19
1498 23
1499 20
1500 10
1501 27
1502 19
1503 26
1504 20
1505 25
1506 25
1507 18
1508 22
1509 22
1510 27
1511 25
1512 19
1513 17
1514 19
1515 21
1516 24
1517 23
1518 18
1519 27
1520 23
1521 19
1522 11
1523 24
1524 27
1525 11
1526 20
1527 24
1528 21
1529 23
1530 22
1531 17
1532 28
1533 17
1534 17
1535 31
1536 16
1537 26
1538 23
1539 15
1540 16
1541 16
1542 19
1543 23
1544 27
1545 13
1546 26
1547 20
1548 12
1549 20
1550 10
1551 21
1552 16
1553 25
1554 20
1555 14
1556 23
1557 20
1558 16
1559 24
1560 22
1561 20
1562 29
1563 27
1564 15
1565 20
1566 18
1567 9
1568 20
1569 16
1570 24
1571 20
1572 19
1573 17
1574 17
1575 23
1576 20
1577 16
1578 21
1579 17
1580 25
1581 18
1582 28
1583 22
1584 18
1585 17
1586 15
1587 20
1588 10
1589 15
1590 21
1591 20
1592 18
1593 17
1594 23
1595 28
1596 20
1597 23
1598 19
1599 19
1600 15
1601 22
1602 21
1603 27
1604 15
1605 19
1606 18
1607 15
1608 22
1609 12
1610 17
1611 22
1612 28
1613 25
1614 19
1615 20
1616 24
1617 16
1618 15
1619 18
1620 22
1621 17
1622 14
1623 14
1624 17
1625 18
1626 23
1627 21
1628 18
1629 23
1630 21
1631 21
1632 15
1633 26
1634 14
1635 20
1636 16
1637 15
1638 16
1639 20
1640 22
1641 22
1642 20
1643 18
1644 14
1645 17
1646 27
1647 16
1648 22
1649 18
1650 10
1651 18
1652 14
1653 21
1654 18
1655 10
1656 19
1657 20
1658 15
1659 16
1660 14
1661 18
1662 23
1663 20
1664 22
1665 21
1666 14
1667 11
1668 21
1669 23
1670 13
1671 25
1672 28
1673 10
1674 22
1675 8
1676 21
1677 22
1678 22
1679 14
1680 17
1681 15
1682 12
1683 10
1684 16
1685 18
1686 23
1687 13
1688 12
1689 22
1690 23
1691 24
1692 16
1693 20
1694 24
1695 17
1696 20
1697 19
1698 20
1699 16
1700 15
1701 16
1702 18
1703 21
1704 22
1705 21
1706 16
1707 17
1708 22
1709 13
1710 20
1711 12
1712 26
1713 20
1714 20
1715 16
1716 19
1717 16
1718 20
1719 14
1720 22
1721 12
1722 15
1723 19
1724 18
1725 16
1726 16
1727 21
1728 11
1729 15
1730 27
1731 18
1732 15
1733 22
1734 16
1735 16
1736 18
1737 13
1738 19
1739 22
1740 18
1741 14
1742 20
1743 22
1744 16
1745 21
1746 17
1747 10
1748 15
1749 17
1750 12
1751 18
1752 20
1753 27
1754 22
1755 18
1756 21
1757 19
1758 13
1759 14
1760 14
1761 17
1762 22
1763 17
1764 19
1765 26
1766 20
1767 15
1768 14
1769 16
1770 20
1771 16
1772 17
1773 18
1774 17
1775 15
1776 17
1777 13
1778 11
1779 21
1780 20
1781 14
1782 17
1783 18
1784 19
1785 13
1786 13
1787 13
1788 12
1789 16
1790 13
1791 14
1792 10
1793 11
1794 9
1795 16
1796 16
1797 17
1798 21
1799 27
1800 15
1801 9
1802 16
1803 18
1804 24
1805 15
1806 17
1807 9
1808 20
1809 20
1810 19
1811 13
1812 13
1813 19
1814 13
1815 8
1816 22
1817 13
1818 19
1819 25
1820 22
1821 12
1822 16
1823 11
1824 19
1825 20
1826 16
1827 17
1828 12
1829 13
1830 19
1831 10
1832 21
1833 21
1834 26
1835 25
1836 9
1837 16
1838 25
1839 15
1840 20
1841 15
1842 10
1843 16
1844 19
1845 21
1846 14
1847 16
1848 20
1849 18
1850 28
1851 24
1852 7
1853 14
1854 23
1855 22
1856 28
1857 13
1858 17
1859 25
1860 19
1861 21
1862 19
1863 14
1864 17
1865 16
1866 21
1867 15
1868 15
1869 15
1870 17
1871 14
1872 18
1873 17
1874 17
1875 13
1876 18
1877 16
1878 14
1879 12
1880 22
1881 21
1882 20
1883 14
1884 20
1885 18
1886 16
1887 24
1888 19
1889 21
1890 25
1891 27
1892 17
1893 12
1894 16
1895 16
1896 21
1897 16
1898 17
1899 14
1900 9
1901 22
1902 10
1903 25
1904 18
1905 19
1906 10
1907 11
1908 20
1909 22
1910 18
1911 22
1912 16
1913 14
1914 21
1915 16
1916 11
1917 18
1918 11
1919 21
1920 12
1921 25
1922 20
1923 17
1924 16
1925 22
1926 29
1927 21
1928 17
1929 24
1930 37
1931 43
1932 45
1933 43
1934 41
1935 39
1936 50
1937 45
1938 54
1939 45
1940 87
1941 109
1942 123
1943 126
1944 126
1945 138
1946 168
1947 137
1948 97
1949 74
1950 74
1951 83
1952 100
1953 158
1954 158
1955 161
1956 192
1957 123
1958 65
1959 52
1960 45
1961 21
1962 20
1963 27
1964 20
1965 19
1966 26
1967 23
1968 21
1969 17
1970 15
1971 21
1972 19
1973 17
1974 25
1975 15
1976 13
1977 22
1978 18
1979 14
1980 19
1981 16
1982 22
1983 19
1984 16
1985 16
1986 22
1987 15
1988 19
1989 16
1990 12
1991 23
1992 17
1993 15
1994 19
1995 22
1996 11
1997 15
1998 15
1999 16
2000 16
2001 4
2002 16
2003 13
2004 18
2005 9
2006 13
2007 19
2008 12
2009 11
2010 17
2011 11
2012 12
2013 20
2014 16
2015 5
2016 15
2017 9
2018 10
2019 13
2020 11
2021 13
2022 10
2023 15
2024 18
2025 7
2026 14
2027 9
2028 18
2029 13
2030 23
2031 11
2032 10
2033 15
2034 15
2035 19
2036 9
2037 14
2038 17
2039 13
2040 11
2041 18
2042 11
2043 17
2044 12
2045 13
2046 20
2047 20
2048 13
2049 10
2050 14
2051 11
2052 13
2053 11
2054 14
2055 7
2056 12
2057 15
2058 19
2059 12
2060 16
2061 13
2062 9
2063 20
2064 10
2065 14
2066 12
2067 11
2068 18
2069 13
2070 16
2071 10
2072 11
2073 14
2074 12
2075 16
2076 9
2077 10
2078 16
2079 13
2080 17
2081 8
2082 11
2083 13
2084 13
2085 15
2086 9
2087 11
2088 14
2089 7
2090 8
2091 16
2092 18
2093 15
2094 11
2095 18
2096 18
2097 15
2098 13
2099 19
2100 12
2101 18
2102 12
2103 12
2104 16
2105 18
2106 15
2107 18
2108 13
2109 12
2110 12
2111 11
2112 14
2113 16
2114 13
2115 19
2116 12
2117 12
2118 16
2119 14
2120 15
2121 13
2122 18
2123 15
2124 16
2125 14
2126 17
2127 14
2128 12
2129 13
2130 19
2131 12
2132 10
2133 12
2134 10
2135 12
2136 16
2137 12
2138 12
2139 10
2140 12
2141 14
2142 15
2143 16
2144 15
2145 13
2146 15
2147 20
2148 13
2149 17
2150 10
2151 8
2152 16
2153 14
2154 14
2155 10
2156 21
2157 15
2158 13
2159 16
2160 18
2161 16
2162 13
2163 15
2164 13
2165 13
2166 16
2167 17
2168 19
2169 18
2170 19
2171 13
2172 21
2173 18
2174 18
2175 12
2176 17
2177 18
2178 15
2179 19
2180 23
2181 11
2182 13
2183 19
2184 25
2185 21
2186 23
2187 20
2188 23
2189 25
2190 24
2191 31
2192 40
2193 42
2194 62
2195 61
2196 67
2197 95
2198 105
2199 130
2200 114
2201 122
2202 119
2203 164
2204 197
2205 273
2206 324
2207 331
2208 352
2209 336
2210 390
2211 417
2212 519
2213 629
2214 639
2215 591
2216 467
2217 436
2218 376
2219 323
2220 295
2221 271
2222 282
2223 196
2224 180
2225 130
2226 102
2227 95
2228 62
2229 46
2230 45
2231 51
2232 28
2233 24
2234 29
2235 16
2236 17
2237 20
2238 15
2239 22
2240 17
2241 19
2242 17
2243 15
2244 24
2245 15
2246 12
2247 17
2248 20
2249 15
2250 22
2251 19
2252 14
2253 17
2254 18
2255 15
2256 7
2257 13
2258 14
2259 19
2260 12
2261 15
2262 18
2263 9
2264 8
2265 14
2266 12
2267 9
2268 12
2269 14
2270 17
2271 12
2272 10
2273 7
2274 12
2275 21
2276 9
2277 14
2278 15
2279 18
2280 14
2281 11
2282 22
2283 15
2284 23
2285 14
2286 15
2287 11
2288 16
2289 13
2290 12
2291 10
2292 15
2293 11
2294 18
2295 8
2296 17
2297 13
2298 14
2299 13
2300 10
2301 15
2302 10
2303 13
2304 13
2305 16
2306 10
2307 14
2308 15
2309 7
2310 14
2311 20
2312 17
2313 9
2314 19
2315 25
2316 16
2317 12
2318 8
2319 14
2320 10
2321 10
2322 23
2323 13
2324 10
2325 14
2326 22
2327 17
2328 10
2329 15
2330 17
2331 15
2332 12
2333 7
2334 16
2335 18
2336 13
2337 20
2338 23
2339 23
2340 15
2341 18
2342 14
2343 21
2344 13
2345 13
2346 11
2347 12
2348 17
2349 10
2350 21
2351 15
2352 16
2353 12
2354 16
2355 10
2356 10
2357 12
2358 17
2359 6
2360 8
2361 17
2362 13
2363 13
2364 13
2365 16
2366 7
2367 8
2368 11
2369 14
2370 10
2371 15
2372 13
2373 8
2374 15
2375 12
2376 13
2377 14
2378 15
2379 11
2380 16
2381 15
2382 11
2383 14
2384 12
2385 12
2386 10
2387 10
2388 14
2389 18
2390 12
2391 13
2392 13
2393 14
2394 20
2395 16
2396 12
2397 16
2398 17
2399 24
2400 16
2401 17
2402 16
2403 12
2404 24
2405 22
2406 23
2407 27
2408 22
2409 39
2410 41
2411 42
2412 40
2413 42
2414 47
2415 51
2416 77
2417 83
2418 112
2419 111
2420 91
2421 82
2422 84
2423 60
2424 79
2425 94
2426 74
2427 104
2428 93
2429 81
2430 70
2431 65
2432 43
2433 44
2434 37
2435 46
2436 38
2437 37
2438 36
2439 23
2440 24
2441 21
2442 11
2443 14
2444 13
2445 15
2446 17
2447 12
2448 15
2449 12
2450 8
2451 15
2452 13
2453 18
2454 13
2455 18
2456 16
2457 16
2458 8
2459 17
2460 13
2461 10
2462 12
2463 14
2464 8
2465 12
2466 14
2467 8
2468 9
2469 20
2470 15
2471 10
2472 8
2473 8
2474 11
2475 12
2476 17
2477 9
2478 15
2479 11
2480 15
2481 14
2482 10
2483 14
2484 9
2485 11
2486 7
2487 10
2488 10
2489 8
2490 8
2491 13
2492 11
2493 8
2494 5
2495 11
2496 10
2497 13
2498 14
2499 13
2500 17
2501 17
2502 11
2503 8
2504 22
2505 16
2506 13
2507 13
2508 12
2509 17
2510 9
2511 13
2512 8
2513 12
2514 17
2515 13
2516 13
2517 13
2518 12
2519 7
2520 12
2521 19
2522 9
2523 12
2524 9
2525 9
2526 12
2527 15
2528 10
2529 8
2530 14
2531 4
2532 14
2533 13
2534 12
2535 18
2536 17
2537 9
2538 7
2539 17
2540 10
2541 11
2542 7
2543 12
2544 11
2545 11
2546 13
2547 10
2548 8
2549 7
2550 5
2551 9
2552 15
2553 5
2554 12
2555 17
2556 14
2557 14
2558 17
2559 14
