0 41
1 32
2 26
3 19
4 30
5 30
6 34
7 39
8 24
9 27
10 33
11 19
12 25
13 27
14 32
15 24
16 32
17 31
18 30
19 30
20 39
21 36
22 27
23 31
24 20
25 31
26 33
27 29
28 31
29 37
30 19
31 24
32 28
33 27
34 29
35 36
36 22
37 35
38 26
39 28
40 32
41 26
42 25
43 28
44 23
45 30
46 28
47 35
48 36
49 25
50 25
51 31
52 32
53 21
54 27
55 29
56 27
57 30
58 29
59 35
60 21
61 32
62 21
63 42
64 28
65 33
66 30
67 15
68 38
69 33
70 40
71 29
72 36
73 32
74 24
75 28
76 16
77 34
78 35
79 29
80 25
81 28
82 34
83 17
84 30
85 34
86 38
87 30
88 31
89 26
90 26
91 27
92 26
93 24
94 22
95 28
96 34
97 25
98 23
99 24
100 25
101 29
102 23
103 27
104 26
105 27
106 32
107 24
108 25
109 33
110 22
111 39
112 17
113 21
114 28
115 31
116 37
117 33
118 23
119 22
120 27
121 31
122 23
123 31
124 31
125 42
126 28
127 33
128 37
129 34
130 29
131 24
132 25
133 31
134 24
135 34
136 31
137 36
138 34
139 27
140 30
141 33
142 31
143 34
144 39
145 35
146 36
147 34
148 32
149 31
150 28
151 25
152 42
153 29
154 35
155 20
156 28
157 32
158 37
159 42
160 28
161 28
162 28
163 30
164 28
165 26
166 27
167 37
168 24
169 33
170 33
171 37
172 35
173 27
174 32
175 33
176 23
177 26
178 34
179 45
180 36
181 37
182 43
183 25
184 24
185 35
186 28
187 26
188 30
189 23
190 30
191 34
192 36
193 42
194 32
195 42
196 29
197 28
198 23
199 32
200 31
201 29
202 32
203 28
204 38
205 23
206 35
207 39
208 30
209 33
210 42
211 29
212 24
213 36
214 30
215 28
216 27
217 26
218 23
219 39
220 37
221 36
222 34
223 28
224 42
225 36
226 31
227 32
228 27
229 24
230 27
231 21
232 30
233 40
234 24
235 34
236 27
237 40
238 27
239 33
240 32
241 27
242 40
243 29
244 31
245 29
246 32
247 23
248 38
249 35
250 26
251 27
252 34
253 24
254 24
255 27
256 30
257 23
258 32
259 28
260 38
261 42
262 39
263 30
264 28
265 33
266 45
267 42
268 37
269 31
270 37
271 47
272 36
273 27
274 21
275 33
276 28
277 34
278 33
279 31
280 35
281 33
282 31
283 28
284 40
285 33
286 32
287 44
288 32
289 31
290 32
291 34
292 29
293 32
294 32
295 26
296 30
297 34
298 32
299 34
300 28
301 32
302 37
303 28
304 34
305 31
306 35
307 30
308 32
309 32
310 42
311 26
312 41
313 29
314 33
315 55
316 40
317 42
318 33
319 28
320 37
321 25
322 19
323 31
324 33
325 27
326 46
327 24
328 38
329 36
330 31
331 38
332 32
333 37
334 38
335 43
336 31
337 40
338 27
339 22
340 36
341 39
342 36
343 29
344 38
345 36
346 41
347 36
348 39
349 30
350 36
351 33
352 35
353 41
354 41
355 31
356 29
357 35
358 33
359 31
360 32
361 25
362 32
363 31
364 47
365 29
366 27
367 39
368 45
369 31
370 29
371 34
372 35
373 45
374 32
375 31
376 34
377 22
378 44
379 33
380 32
381 34
382 54
383 38
384 33
385 34
386 30
387 39
388 30
389 31
390 39
391 40
392 35
393 48
394 41
395 24
396 35
397 44
398 41
399 30
400 36
401 38
402 40
403 37
404 32
405 35
406 27
407 46
408 29
409 31
410 26
411 29
412 43
413 43
414 26
415 32
416 34
417 34
418 37
419 28
420 32
421 46
422 31
423 37
424 32
425 39
426 31
427 39
428 45
429 45
430 29
431 38
432 37
433 41
434 38
435 29
436 32
437 32
438 29
439 33
440 27
441 37
442 29
443 34
444 34
445 32
446 37
447 28
448 32
449 39
450 41
451 32
452 23
453 30
454 25
455 36
456 27
457 36
458 39
459 30
460 54
461 36
462 32
463 40
464 36
465 44
466 38
467 23
468 32
469 30
470 28
471 36
472 37
473 35
474 40
475 27
476 34
477 40
478 24
479 39
480 45
481 33
482 36
483 30
484 34
485 43
486 36
487 41
488 24
489 45
490 38
491 38
492 33
493 35
494 37
495 38
496 36
497 37
498 33
499 44
500 32
501 31
502 49
503 38
504 33
505 34
506 25
507 55
508 36
509 48
510 45
511 36
512 42
513 33
514 35
515 41
516 41
517 44
518 35
519 32
520 31
521 37
522 39
523 26
524 36
525 32
526 37
527 36
528 34
529 33
530 40
531 46
532 45
533 39
534 31
535 40
536 38
537 41
538 28
539 40
540 35
541 38
542 40
543 48
544 46
545 45
546 43
547 41
548 39
549 31
550 34
551 37
552 24
553 41
554 37
555 41
556 50
557 51
558 54
559 50
560 64
561 75
562 53
563 58
564 59
565 52
566 57
567 69
568 58
569 48
570 52
571 64
572 64
573 52
574 74
575 79
576 69
577 75
578 79
579 102
580 78
581 88
582 66
583 67
584 74
585 95
586 83
587 98
588 80
589 77
590 50
591 55
592 59
593 37
594 37
595 39
596 37
597 44
598 41
599 29
600 37
601 36
602 43
603 28
604 34
605 39
606 30
607 40
608 43
609 39
610 37
611 42
612 34
613 37
614 35
615 31
616 37
617 34
618 37
619 43
620 37
621 36
622 33
623 39
624 40
625 35
626 36
627 34
628 35
629 39
630 35
631 31
632 38
633 32
634 42
635 33
636 47
637 32
638 29
639 25
640 41
641 40
642 44
643 34
644 27
645 35
646 35
647 34
648 35
649 37
650 35
651 41
652 38
653 42
654 30
655 36
656 38
657 36
658 39
659 52
660 41
661 28
662 38
663 38
664 36
665 39
666 36
667 38
668 28
669 38
670 30
671 38
672 43
673 39
674 43
675 51
676 47
677 46
678 39
679 36
680 47
681 50
682 33
683 33
684 31
685 43
686 37
687 32
688 40
689 33
690 48
691 46
692 28
693 25
694 30
695 39
696 39
697 38
698 31
699 24
700 37
701 31
702 33
703 29
704 39
705 32
706 32
707 37
708 37
709 33
710 34
711 27
712 39
713 38
714 27
715 35
716 35
717 31
718 45
719 44
720 34
721 35
722 31
723 34
724 44
725 38
726 41
727 45
728 27
729 32
730 37
731 42
732 25
733 42
734 36
735 32
736 39
737 29
738 30
739 27
740 35
741 42
742 29
743 33
744 31
745 32
746 32
747 50
748 40
749 35
750 30
751 43
752 23
753 36
754 35
755 43
756 37
757 29
758 44
759 31
760 41
761 46
762 21
763 31
764 36
765 29
766 31
767 39
768 34
769 28
770 40
771 34
772 43
773 50
774 42
775 45
776 36
777 31
778 42
779 39
780 36
781 38
782 40
783 44
784 51
785 34
786 27
787 36
788 26
789 33
790 33
791 45
792 34
793 41
794 39
795 39
796 32
797 26
798 35
799 43
800 31
801 26
802 28
803 41
804 29
805 39
806 38
807 34
808 36
809 34
810 33
811 57
812 33
813 36
814 28
815 31
816 33
817 27
818 42
819 45
820 39
821 33
822 38
823 32
824 36
825 49
826 42
827 38
828 36
829 54
830 40
831 37
832 35
833 46
834 40
835 43
836 33
837 38
838 30
839 20
840 29
841 36
842 29
843 31
844 30
845 36
846 40
847 26
848 36
849 41
850 38
851 35
852 27
853 34
854 34
855 33
856 40
857 39
858 31
859 36
860 39
861 33
862 40
863 39
864 41
865 24
866 41
867 35
868 44
869 31
870 27
871 44
872 38
873 35
874 39
875 38
876 32
877 38
878 34
879 30
880 35
881 23
882 20
883 35
884 22
885 25
886 32
887 33
888 44
889 33
890 26
891 38
892 30
893 37
894 34
895 36
896 36
897 39
898 36
899 26
900 37
901 42
902 40
903 41
904 31
905 30
906 31
907 35
908 28
909 34
910 30
911 32
912 42
913 35
914 24
915 41
916 33
917 54
918 38
919 38
920 40
921 36
922 35
923 40
924 44
925 40
926 27
927 35
928 31
929 38
930 46
931 35
932 32
933 33
934 28
935 40
936 35
937 32
938 36
939 21
940 22
941 26
942 34
943 41
944 26
945 34
946 33
947 39
948 41
949 33
950 41
951 27
952 24
953 40
954 40
955 40
956 29
957 35
958 21
959 27
960 31
961 30
962 41
963 36
964 27
965 34
966 38
967 25
968 29
969 34
970 24
971 32
972 20
973 37
974 37
975 19
976 28
977 27
978 34
979 29
980 30
981 25
982 39
983 27
984 41
985 29
986 22
987 26
988 43
989 29
990 28
991 32
992 33
993 33
994 27
995 32
996 33
997 28
998 27
999 35
1000 29
1001 32
1002 30
1003 24
1004 25
1005 39
1006 47
1007 31
1008 38
1009 28
1010 32
1011 28
1012 33
1013 29
1014 25
1015 30
1016 25
1017 32
1018 40
1019 28
1020 33
1021 31
1022 29
1023 25
1024 44
1025 35
1026 33
1027 31
1028 48
1029 36
1030 41
1031 31
1032 32
1033 31
1034 35
1035 33
1036 32
1037 28
1038 39
1039 31
1040 28
1041 34
1042 44
1043 50
1044 31
1045 29
1046 22
1047 34
1048 29
1049 25
1050 30
1051 29
1052 30
1053 44
1054 33
1055 22
1056 30
1057 32
1058 38
1059 27
1060 38
1061 28
1062 26
1063 35
1064 27
1065 36
1066 22
1067 29
1068 34
1069 29
1070 40
1071 31
1072 31
1073 35
1074 28
1075 30
1076 27
1077 37
1078 33
1079 30
1080 37
1081 32
1082 37
1083 37
1084 46
1085 35
1086 39
1087 34
1088 32
1089 57
1090 84
1091 79
1092 79
1093 68
1094 66
1095 82
1096 93
1097 110
1098 148
1099 222
1100 247
1101 231
1102 223
1103 239
1104 271
1105 269
1106 302
1107 353
1108 428
1109 434
1110 519
1111 531
1112 494
1113 448
1114 503
1115 427
1116 345
1117 270
1118 268
1119 211
1120 180
1121 117
1122 70
1123 62
1124 41
1125 28
1126 44
1127 53
1128 30
1129 28
1130 44
1131 36
1132 32
1133 23
1134 35
1135 31
1136 25
1137 32
1138 26
1139 37
1140 31
1141 36
1142 39
1143 27
1144 39
1145 42
1146 43
1147 26
1148 36
1149 25
1150 25
1151 37
1152 35
1153 29
1154 29
1155 30
1156 29
1157 32
1158 26
1159 22
1160 22
1161 32
1162 32
1163 26
1164 29
1165 33
1166 23
1167 33
1168 25
1169 24
1170 37
1171 36
1172 24
1173 29
1174 23
1175 33
1176 24
1177 42
1178 40
1179 26
1180 30
1181 40
1182 34
1183 39
1184 34
1185 37
1186 38
1187 30
1188 37
1189 25
1190 35
1191 33
1192 28
1193 31
1194 35
1195 35
1196 35
1197 33
1198 49
1199 42
1200 31
1201 28
1202 24
1203 26
1204 26
1205 40
1206 32
1207 24
1208 38
1209 32
1210 28
1211 29
1212 32
1213 38
1214 35
1215 27
1216 28
1217 30
1218 41
1219 35
1220 28
1221 36
1222 22
1223 36
1224 42
1225 28
1226 38
1227 39
1228 38
1229 30
1230 33
1231 33
1232 33
1233 32
1234 33
1235 28
1236 35
1237 37
1238 42
1239 56
1240 43
1241 37
1242 51
1243 65
1244 65
1245 64
1246 70
1247 62
1248 79
1249 82
1250 78
1251 68
1252 47
1253 62
1254 48
1255 44
1256 41
1257 32
1258 44
1259 33
1260 26
1261 23
1262 30
1263 36
1264 23
1265 21
1266 32
1267 19
1268 34
1269 26
1270 19
1271 29
1272 24
1273 24
1274 19
1275 14
1276 16
1277 15
1278 14
1279 9
1280 29
1281 36
1282 24
1283 23
1284 23
1285 21
1286 23
1287 27
1288 24
1289 32
1290 24
1291 23
1292 22
1293 26
1294 19
1295 26
1296 25
1297 18
1298 13
1299 18
1300 19
1301 22
1302 25
1303 17
1304 22
1305 24
1306 32
1307 30
1308 30
1309 22
1310 28
1311 32
1312 21
1313 33
1314 43
1315 51
1316 53
1317 40
1318 48
1319 44
1320 40
1321 39
1322 51
1323 46
1324 33
1325 34
1326 33
1327 29
1328 39
1329 36
1330 30
1331 16
1332 27
1333 27
1334 28
1335 22
1336 30
1337 35
1338 25
1339 27
1340 21
1341 32
1342 23
1343 17
1344 20
1345 28
1346 23
1347 27
1348 25
1349 19
1350 22
1351 16
1352 23
1353 22
1354 16
1355 27
1356 22
1357 20
1358 21
1359 15
1360 22
1361 26
1362 26
1363 20
1364 16
1365 24
1366 21
1367 28
1368 21
1369 22
1370 26
1371 17
1372 16
1373 20
1374 31
1375 22
1376 20
1377 26
1378 23
1379 17
1380 24
1381 25
1382 17
1383 27
1384 22
1385 24
1386 36
1387 20
1388 22
1389 41
1390 39
1391 32
1392 44
1393 62
1394 52
1395 74
1396 93
1397 102
1398 124
1399 134
1400 132
1401 190
1402 189
1403 223
1404 225
1405 252
1406 267
1407 226
1408 190
1409 132
1410 163
1411 124
1412 156
1413 212
1414 176
1415 140
1416 94
1417 74
1418 67
1419 47
1420 38
1421 32
1422 27
1423 28
1424 22
1425 25
1426 23
1427 20
1428 21
1429 28
1430 15
1431 30
1432 20
1433 30
1434 21
1435 30
1436 23
1437 27
1438 22
1439 24
1440 19
1441 18
1442 29
1443 24
1444 23
1445 17
1446 28
1447 22
1448 22
1449 23
1450 23
1451 22
1452 19
1453 23
1454 18
1455 27
1456 25
1457 25
1458 29
1459 20
1460 24
1461 32
1462 28
1463 19
1464 20
1465 24
1466 24
1467 21
1468 16
1469 28
1470 17
1471 18
1472 21
1473 18
1474 21
1475 19
1476 12
1477 17
1478 19
1479 15
1480 24
1481 13
1482 28
1483 17
1484 15
1485 26
1486 14
1487 15
1488 22
1489 22
1490 20
1491 21
1492 24
1493 18
1494 18
1495 19
1496 13
1497 25
1498 17
1499 21
1500 21
1501 25
1502 11
1503 17
1504 24
1505 22
1506 20
1507 15
1508 28
1509 16
1510 26
1511 24
1512 19
1513 26
1514 16
1515 21
1516 23
1517 29
1518 35
1519 13
1520 14
1521 21
1522 25
1523 17
1524 12
1525 16
1526 19
1527 20
1528 24
1529 21
1530 18
1531 20
1532 24
1533 14
1534 9
1535 16
1536 23
1537 15
1538 20
1539 26
1540 27
1541 22
1542 15
1543 16
1544 20
1545 24
1546 18
1547 21
1548 21
1549 26
1550 20
1551 34
1552 14
1553 19
1554 21
1555 24
1556 28
1557 24
1558 19
1559 19
1560 21
1561 25
1562 23
1563 18
1564 21
1565 29
1566 26
1567 21
1568 26
1569 16
1570 17
1571 24
1572 26
1573 21
1574 22
1575 23
1576 18
1577 16
1578 16
1579 21
1580 14
1581 13
1582 21
1583 18
1584 17
1585 15
1586 14
1587 19
1588 17
1589 17
1590 21
1591 16
1592 20
1593 22
1594 20
1595 25
1596 20
1597 19
1598 17
1599 21
1600 20
1601 13
1602 18
1603 22
1604 16
1605 23
1606 19
1607 24
1608 11
1609 17
1610 22
1611 19
1612 16
1613 21
1614 12
1615 16
1616 17
1617 16
1618 18
1619 27
1620 26
1621 20
1622 23
1623 19
1624 16
1625 17
1626 19
1627 25
1628 12
1629 25
1630 16
1631 24
1632 24
1633 20
1634 26
1635 17
1636 11
1637 17
1638 20
1639 14
1640 18
1641 20
1642 27
1643 23
1644 19
1645 18
1646 22
1647 27
1648 23
1649 15
1650 12
1651 13
1652 14
1653 18
1654 20
1655 16
1656 28
1657 15
1658 22
1659 23
1660 13
1661 18
1662 15
1663 20
1664 23
1665 24
1666 16
1667 18
1668 22
1669 19
1670 20
1671 18
1672 20
1673 21
1674 16
1675 21
1676 15
1677 15
1678 19
1679 27
1680 21
1681 18
1682 21
1683 16
1684 20
1685 16
1686 24
1687 20
1688 12
1689 22
1690 12
1691 19
1692 20
1693 14
1694 15
1695 22
1696 18
1697 13
1698 12
1699 22
1700 16
1701 13
1702 18
1703 24
1704 23
1705 23
1706 17
1707 10
1708 19
1709 19
1710 16
1711 23
1712 17
1713 25
1714 16
1715 24
1716 26
1717 13
1718 22
1719 17
1720 14
1721 15
1722 20
1723 25
1724 16
1725 19
1726 29
1727 22
1728 22
1729 18
1730 28
1731 12
1732 16
1733 16
1734 14
1735 24
1736 21
1737 14
1738 14
1739 12
1740 16
1741 20
1742 22
1743 26
1744 12
1745 17
1746 20
1747 21
1748 23
1749 16
1750 14
1751 17
1752 20
1753 16
1754 12
1755 12
1756 17
1757 22
1758 15
1759 22
1760 21
1761 16
1762 23
1763 24
1764 19
1765 26
1766 14
1767 16
1768 12
1769 21
1770 16
1771 17
1772 18
1773 20
1774 17
1775 20
1776 24
1777 20
1778 19
1779 15
1780 16
1781 26
1782 19
1783 13
1784 14
1785 20
1786 22
1787 19
1788 18
1789 20
1790 24
1791 21
1792 15
1793 17
1794 15
1795 14
1796 15
1797 17
1798 20
1799 11
1800 21
1801 14
1802 19
1803 17
1804 20
1805 17
1806 26
1807 21
1808 26
1809 18
1810 25
1811 24
1812 19
1813 19
1814 16
1815 18
1816 24
1817 20
1818 25
1819 21
1820 20
1821 22
1822 23
1823 14
1824 19
1825 27
1826 19
1827 24
1828 17
1829 12
1830 22
1831 15
1832 20
1833 17
1834 24
1835 16
1836 16
1837 18
1838 12
1839 17
1840 18
1841 16
1842 17
1843 17
1844 29
1845 20
1846 13
1847 13
1848 16
1849 22
1850 22
1851 16
1852 16
1853 12
1854 18
1855 32
1856 17
1857 27
1858 21
1859 24
1860 29
1861 35
1862 45
1863 21
1864 41
1865 23
1866 38
1867 40
1868 60
1869 71
1870 70
1871 77
1872 73
1873 74
1874 68
1875 82
1876 91
1877 97
1878 155
1879 246
1880 251
1881 227
1882 203
1883 114
1884 105
1885 92
1886 83
1887 98
1888 85
1889 75
1890 74
1891 39
1892 32
1893 46
1894 28
1895 21
1896 22
1897 20
1898 27
1899 18
1900 17
1901 22
1902 22
1903 17
1904 20
1905 16
1906 20
1907 16
1908 14
1909 18
1910 18
1911 21
1912 21
1913 18
1914 25
1915 14
1916 27
1917 15
1918 10
1919 11
1920 19
1921 17
1922 26
1923 8
1924 20
1925 14
1926 19
1927 18
1928 20
1929 19
1930 16
1931 14
1932 17
1933 13
1934 19
1935 12
1936 19
1937 15
1938 17
1939 18
1940 12
1941 21
1942 12
1943 16
1944 16
1945 17
1946 18
1947 21
1948 13
1949 17
1950 20
1951 25
1952 26
1953 10
1954 10
1955 12
1956 14
1957 16
1958 14
1959 19
1960 16
1961 13
1962 23
1963 18
1964 16
1965 12
1966 12
1967 21
1968 18
1969 23
1970 9
1971 17
1972 14
1973 19
1974 13
1975 7
1976 17
1977 16
1978 19
1979 15
1980 18
1981 13
1982 17
1983 18
1984 18
1985 12
1986 15
1987 13
1988 11
1989 11
1990 20
1991 12
1992 16
1993 20
1994 18
1995 9
1996 25
1997 19
1998 20
1999 24
2000 26
2001 11
2002 21
2003 14
2004 13
2005 19
2006 17
2007 17
2008 20
2009 16
2010 13
2011 19
2012 19
2013 17
2014 24
2015 12
2016 11
2017 15
2018 15
2019 16
2020 15
2021 11
2022 18
2023 10
2024 14
2025 19
2026 18
2027 15
2028 11
2029 13
2030 16
2031 17
2032 18
2033 26
2034 18
2035 18
2036 13
2037 17
2038 19
2039 13
2040 15
2041 20
2042 16
2043 15
2044 11
2045 12
2046 17
2047 18
2048 10
2049 13
2050 12
2051 14
2052 17
2053 16
2054 13
2055 11
2056 9
2057 17
2058 11
2059 14
2060 16
2061 18
2062 14
2063 17
2064 15
2065 11
2066 15
2067 22
2068 12
2069 16
2070 16
2071 18
2072 15
2073 18
2074 12
2075 21
2076 17
2077 9
2078 16
2079 20
2080 18
2081 12
2082 9
2083 21
2084 21
2085 12
2086 13
2087 12
2088 9
2089 10
2090 13
2091 21
2092 8
2093 18
2094 12
2095 19
2096 19
2097 17
2098 13
2099 13
2100 19
2101 20
2102 20
2103 15
2104 19
2105 20
2106 18
2107 13
2108 24
2109 22
2110 17
2111 22
2112 26
2113 22
2114 32
2115 21
2116 37
2117 44
2118 44
2119 51
2120 48
2121 50
2122 54
2123 68
2124 72
2125 68
2126 94
2127 127
2128 132
2129 145
2130 117
2131 148
2132 196
2133 261
2134 309
2135 378
2136 378
2137 394
2138 436
2139 378
2140 405
2141 468
2142 480
2143 442
2144 462
2145 430
2146 344
2147 242
2148 309
2149 234
2150 221
2151 172
2152 163
2153 125
2154 113
2155 106
2156 88
2157 76
2158 60
2159 55
2160 47
2161 39
2162 27
2163 22
2164 35
2165 24
2166 25
2167 25
2168 24
2169 19
2170 20
2171 13
2172 21
2173 10
2174 13
2175 11
2176 26
2177 15
2178 25
2179 9
2180 18
2181 15
2182 17
2183 17
2184 14
2185 12
2186 12
2187 11
2188 18
2189 18
2190 16
2191 13
2192 13
2193 15
2194 16
2195 12
2196 14
2197 10
2198 19
2199 14
2200 17
2201 14
2202 8
2203 18
2204 16
2205 16
2206 8
2207 11
2208 10
2209 13
2210 17
2211 13
2212 12
2213 17
2214 16
2215 10
2216 21
2217 13
2218 19
2219 16
2220 11
2221 13
2222 7
2223 11
2224 19
2225 16
2226 14
2227 8
2228 17
2229 19
2230 22
2231 13
2232 10
2233 21
2234 17
2235 18
2236 16
2237 10
2238 13
2239 15
2240 11
2241 9
2242 9
2243 15
2244 21
2245 18
2246 15
2247 13
2248 15
2249 26
2250 14
2251 18
2252 10
2253 13
2254 26
2255 14
2256 10
2257 20
2258 19
2259 25
2260 17
2261 16
2262 22
2263 17
2264 11
2265 19
2266 16
2267 9
2268 22
2269 8
2270 20
2271 20
2272 18
2273 22
2274 17
2275 15
2276 15
2277 11
2278 11
2279 14
2280 14
2281 14
2282 11
2283 11
2284 16
2285 9
2286 18
2287 19
2288 16
2289 16
2290 24
2291 9
2292 5
2293 16
2294 10
2295 14
2296 19
2297 10
2298 24
2299 17
2300 13
2301 9
2302 17
2303 12
2304 18
2305 18
2306 14
2307 11
2308 11
2309 11
2310 13
2311 16
2312 16
2313 11
2314 14
2315 16
2316 17
2317 18
2318 16
2319 21
2320 16
2321 18
2322 14
2323 12
2324 22
2325 22
2326 20
2327 22
2328 33
2329 32
2330 25
2331 35
2332 29
2333 51
2334 41
2335 48
2336 32
2337 35
2338 47
2339 57
2340 47
2341 58
2342 68
2343 52
2344 61
2345 65
2346 88
2347 97
2348 104
2349 113
2350 79
2351 83
2352 85
2353 87
2354 71
2355 62
2356 66
2357 88
2358 71
2359 48
2360 27
2361 38
2362 57
2363 48
2364 54
2365 25
2366 31
2367 24
2368 15
2369 11
2370 17
2371 20
2372 11
2373 14
2374 19
2375 13
2376 21
2377 14
2378 14
2379 8
2380 13
2381 12
2382 10
2383 10
2384 15
2385 8
2386 18
2387 16
2388 10
2389 14
2390 13
2391 14
2392 15
2393 12
2394 7
2395 6
2396 14
2397 20
2398 12
2399 17
2400 7
2401 7
2402 11
2403 12
2404 14
2405 16
2406 17
2407 10
2408 15
2409 12
2410 11
2411 11
2412 12
2413 12
2414 6
2415 12
2416 12
2417 9
2418 13
2419 12
2420 15
2421 9
2422 10
2423 15
2424 14
2425 12
2426 9
2427 16
2428 17
2429 12
2430 15
2431 13
2432 10
2433 10
2434 8
2435 11
2436 12
2437 13
2438 13
2439 9
2440 12
2441 17
2442 16
2443 15
2444 15
2445 15
2446 11
2447 14
2448 11
2449 11
2450 15
2451 14
2452 11
2453 8
2454 15
2455 10
2456 12
2457 6
2458 7
2459 9
2460 8
2461 14
2462 9
2463 8
2464 5
2465 10
2466 13
2467 11
2468 16
2469 11
2470 12
2471 15
2472 10
2473 11
2474 10
2475 10
2476 14
2477 11
2478 15
2479 11
2480 10
2481 8
2482 18
2483 18
2484 7
2485 5
2486 11
2487 8
2488 17
2489 8
2490 11
2491 12
2492 12
2493 22
2494 12
2495 8
2496 13
2497 14
2498 12
2499 6
2500 12
2501 10
2502 13
2503 13
2504 5
2505 9
2506 9
2507 18
2508 10
2509 13
2510 16
2511 11
2512 11
2513 10
2514 16
2515 8
2516 14
2517 8
2518 6
2519 12
2520 11
2521 12
2522 6
2523 7
2524 10
2525 7
2526 6
2527 13
2528 9
2529 15
2530 11
2531 8
2532 9
2533 11
2534 17
2535 13
2536 8
2537 9
2538 12
2539 8
2540 12
2541 7
2542 12
2543 12
2544 6
2545 7
2546 11
2547 9
2548 16
2549 14
2550 13
2551 14
2552 15
2553 9
2554 17
2555 10
2556 12
2557 13
2558 11
2559 11
