0 32
1 30
2 27
3 28
4 37
5 23
6 27
7 26
8 27
9 27
10 24
11 33
12 24
13 29
14 32
15 22
16 30
17 25
18 31
19 26
20 34
21 30
22 27
23 34
24 20
25 41
26 34
27 36
28 33
29 35
30 32
31 33
32 24
33 30
34 35
35 18
36 28
37 26
38 25
39 29
40 27
41 31
42 29
43 29
44 30
45 23
46 25
47 38
48 30
49 37
50 31
51 29
52 30
53 32
54 24
55 27
56 27
57 29
58 45
59 21
60 21
61 27
62 28
63 28
64 27
65 27
66 28
67 27
68 33
69 23
70 27
71 38
72 32
73 39
74 29
75 31
76 22
77 29
78 38
79 34
80 29
81 25
82 41
83 35
84 27
85 24
86 34
87 31
88 44
89 32
90 27
91 41
92 36
93 35
94 24
95 19
96 29
97 33
98 47
99 22
100 22
101 30
102 30
103 27
104 31
105 36
106 40
107 28
108 22
109 24
110 21
111 22
112 40
113 33
114 22
115 28
116 23
117 38
118 30
119 28
120 28
121 31
122 27
123 25
124 24
125 34
126 37
127 39
128 26
129 38
130 35
131 29
132 32
133 33
134 36
135 28
136 28
137 41
138 27
139 33
140 18
141 26
142 23
143 31
144 30
145 34
146 31
147 26
148 30
149 34
150 24
151 22
152 30
153 30
154 46
155 42
156 45
157 34
158 30
159 30
160 27
161 41
162 39
163 44
164 32
165 35
166 36
167 45
168 42
169 29
170 35
171 28
172 24
173 28
174 43
175 51
176 33
177 26
178 30
179 32
180 27
181 28
182 29
183 22
184 31
185 41
186 33
187 28
188 33
189 33
190 40
191 30
192 31
193 24
194 35
195 42
196 25
197 32
198 39
199 30
200 44
201 41
202 31
203 38
204 31
205 28
206 37
207 34
208 29
209 35
210 38
211 31
212 16
213 32
214 27
215 25
216 34
217 40
218 23
219 30
220 37
221 21
222 33
223 39
224 28
225 34
226 29
227 36
228 38
229 24
230 35
231 33
232 32
233 34
234 26
235 38
236 33
237 42
238 29
239 45
240 43
241 39
242 28
243 26
244 39
245 41
246 30
247 36
248 27
249 28
250 31
251 31
252 31
253 26
254 32
255 26
256 33
257 27
258 28
259 23
260 31
261 30
262 38
263 48
264 47
265 34
266 41
267 33
268 35
269 25
270 44
271 29
272 32
273 27
274 34
275 26
276 39
277 32
278 39
279 33
280 27
281 28
282 40
283 34
284 34
285 46
286 30
287 26
288 33
289 32
290 33
291 31
292 31
293 37
294 47
295 34
296 28
297 31
298 43
299 41
300 28
301 36
302 32
303 36
304 39
305 32
306 30
307 36
308 28
309 28
310 19
311 38
312 39
313 42
314 35
315 40
316 41
317 39
318 34
319 41
320 30
321 27
322 38
323 27
324 35
325 36
326 33
327 35
328 37
329 49
330 38
331 31
332 33
333 27
334 40
335 36
336 33
337 42
338 36
339 40
340 34
341 28
342 34
343 27
344 19
345 39
346 36
347 36
348 34
349 38
350 31
351 32
352 31
353 31
354 36
355 39
356 30
357 32
358 41
359 36
360 29
361 30
362 38
363 44
364 28
365 33
366 28
367 33
368 24
369 30
370 36
371 25
372 35
373 37
374 42
375 34
376 29
377 36
378 23
379 40
380 36
381 28
382 36
383 41
384 40
385 30
386 37
387 35
388 42
389 20
390 46
391 43
392 34
393 50
394 30
395 46
396 31
397 30
398 30
399 45
400 37
401 37
402 35
403 42
404 41
405 40
406 41
407 39
408 38
409 34
410 40
411 55
412 32
413 39
414 42
415 38
416 21
417 28
418 46
419 44
420 33
421 31
422 44
423 39
424 35
425 37
426 31
427 28
428 36
429 45
430 39
431 35
432 30
433 36
434 34
435 42
436 40
437 26
438 41
439 29
440 35
441 36
442 25
443 38
444 34
445 35
446 35
447 44
448 29
449 32
450 32
451 25
452 33
453 31
454 39
455 41
456 40
457 41
458 38
459 34
460 49
461 36
462 47
463 36
464 42
465 39
466 30
467 30
468 39
469 25
470 38
471 36
472 34
473 33
474 24
475 41
476 36
477 41
478 34
479 43
480 40
481 50
482 38
483 46
484 33
485 28
486 40
487 47
488 37
489 33
490 31
491 35
492 34
493 37
494 28
495 33
496 46
497 43
498 42
499 40
500 37
501 34
502 38
503 49
504 44
505 49
506 37
507 34
508 37
509 49
510 54
511 33
512 33
513 46
514 31
515 41
516 41
517 37
518 37
519 32
520 30
521 40
522 37
523 31
524 36
525 35
526 41
527 28
528 47
529 41
530 48
531 31
532 32
533 38
534 49
535 33
536 34
537 32
538 42
539 51
540 47
541 49
542 37
543 41
544 45
545 63
546 61
547 58
548 37
549 55
550 41
551 53
552 52
553 50
554 44
555 53
556 84
557 63
558 68
559 78
560 77
561 67
562 70
563 86
564 81
565 101
566 86
567 88
568 121
569 93
570 75
571 96
572 88
573 73
574 67
575 74
576 48
577 63
578 40
579 37
580 35
581 43
582 35
583 43
584 30
585 25
586 36
587 32
588 31
589 28
590 27
591 47
592 45
593 37
594 39
595 37
596 35
597 40
598 34
599 50
600 43
601 39
602 31
603 33
604 37
605 36
606 40
607 34
608 32
609 33
610 43
611 38
612 54
613 36
614 30
615 26
616 45
617 33
618 36
619 31
620 43
621 37
622 55
623 33
624 34
625 39
626 35
627 38
628 35
629 36
630 41
631 40
632 44
633 46
634 38
635 31
636 24
637 40
638 25
639 44
640 37
641 36
642 39
643 36
644 42
645 45
646 41
647 45
648 40
649 39
650 30
651 37
652 30
653 43
654 54
655 47
656 48
657 37
658 47
659 32
660 50
661 35
662 32
663 45
664 44
665 39
666 35
667 51
668 54
669 39
670 27
671 22
672 32
673 37
674 36
675 45
676 45
677 49
678 38
679 35
680 57
681 37
682 33
683 30
684 26
685 30
686 32
687 34
688 40
689 36
690 43
691 36
692 31
693 44
694 45
695 44
696 36
697 44
698 42
699 40
700 39
701 33
702 36
703 32
704 52
705 44
706 37
707 37
708 44
709 43
710 39
711 35
712 38
713 36
714 37
715 36
716 36
717 36
718 25
719 32
720 41
721 38
722 43
723 42
724 40
725 34
726 28
727 41
728 34
729 39
730 27
731 30
732 35
733 28
734 25
735 30
736 42
737 36
738 32
739 37
740 48
741 38
742 37
743 40
744 36
745 37
746 52
747 32
748 35
749 48
750 42
751 58
752 32
753 42
754 33
755 39
756 37
757 41
758 27
759 32
760 41
761 41
762 48
763 44
764 42
765 33
766 41
767 33
768 41
769 30
770 44
771 38
772 38
773 30
774 39
775 37
776 38
777 39
778 38
779 51
780 35
781 33
782 50
783 39
784 45
785 44
786 37
787 28
788 44
789 37
790 27
791 39
792 50
793 28
794 43
795 42
796 42
797 30
798 28
799 36
800 38
801 45
802 45
803 41
804 41
805 37
806 41
807 33
808 31
809 37
810 39
811 46
812 40
813 39
814 38
815 41
816 22
817 27
818 31
819 44
820 28
821 31
822 43
823 30
824 38
825 40
826 37
827 28
828 32
829 43
830 47
831 36
832 39
833 20
834 34
835 38
836 39
837 33
838 38
839 41
840 28
841 36
842 28
843 40
844 29
845 41
846 42
847 31
848 43
849 29
850 32
851 30
852 38
853 27
854 35
855 26
856 30
857 40
858 44
859 31
860 33
861 21
862 31
863 55
864 34
865 32
866 38
867 40
868 32
869 26
870 38
871 33
872 39
873 36
874 43
875 32
876 26
877 31
878 34
879 31
880 20
881 34
882 32
883 37
884 28
885 25
886 47
887 33
888 39
889 37
890 44
891 33
892 42
893 30
894 39
895 32
896 42
897 43
898 44
899 29
900 23
901 34
902 43
903 38
904 45
905 41
906 34
907 30
908 35
909 36
910 34
911 41
912 31
913 28
914 28
915 39
916 29
917 37
918 26
919 33
920 26
921 36
922 26
923 43
924 33
925 42
926 32
927 32
928 24
929 33
930 30
931 34
932 39
933 29
934 34
935 34
936 44
937 36
938 36
939 40
940 32
941 36
942 41
943 50
944 30
945 32
946 33
947 51
948 39
949 25
950 33
951 41
952 38
953 38
954 39
955 19
956 29
957 30
958 39
959 41
960 29
961 33
962 31
963 31
964 32
965 32
966 38
967 34
968 34
969 34
970 40
971 27
972 39
973 32
974 19
975 27
976 33
977 33
978 32
979 33
980 24
981 24
982 30
983 34
984 35
985 21
986 28
987 29
988 30
989 42
990 34
991 28
992 27
993 29
994 33
995 24
996 42
997 33
998 36
999 44
1000 39
1001 30
1002 31
1003 30
1004 33
1005 33
1006 38
1007 32
1008 32
1009 25
1010 35
1011 47
1012 31
1013 35
1014 27
1015 28
1016 32
1017 30
1018 36
1019 28
1020 32
1021 42
1022 31
1023 27
1024 39
1025 33
1026 35
1027 26
1028 55
1029 33
1030 35
1031 35
1032 39
1033 28
1034 29
1035 32
1036 23
1037 32
1038 41
1039 28
1040 39
1041 35
1042 36
1043 46
1044 27
1045 44
1046 29
1047 27
1048 35
1049 36
1050 31
1051 29
1052 34
1053 45
1054 23
1055 37
1056 33
1057 41
1058 35
1059 35
1060 33
1061 43
1062 37
1063 43
1064 22
1065 35
1066 41
1067 39
1068 40
1069 35
1070 47
1071 54
1072 56
1073 71
1074 109
1075 95
1076 125
1077 160
1078 150
1079 165
1080 181
1081 175
1082 182
1083 282
1084 256
1085 292
1086 376
1087 364
1088 491
1089 490
1090 420
1091 427
1092 407
1093 413
1094 436
1095 463
1096 413
1097 321
1098 285
1099 220
1100 218
1101 173
1102 111
1103 87
1104 68
1105 46
1106 36
1107 32
1108 30
1109 28
1110 40
1111 48
1112 22
1113 39
1114 29
1115 33
1116 27
1117 27
1118 46
1119 31
1120 29
1121 35
1122 37
1123 29
1124 24
1125 28
1126 24
1127 33
1128 31
1129 29
1130 22
1131 36
1132 32
1133 32
1134 26
1135 35
1136 31
1137 41
1138 39
1139 57
1140 29
1141 39
1142 29
1143 34
1144 23
1145 35
1146 43
1147 36
1148 24
1149 25
1150 33
1151 25
1152 32
1153 37
1154 43
1155 28
1156 31
1157 40
1158 28
1159 38
1160 35
1161 35
1162 35
1163 29
1164 40
1165 33
1166 29
1167 32
1168 34
1169 34
1170 30
1171 16
1172 25
1173 38
1174 26
1175 28
1176 35
1177 34
1178 21
1179 27
1180 37
1181 26
1182 36
1183 24
1184 43
1185 33
1186 29
1187 19
1188 28
1189 25
1190 27
1191 26
1192 17
1193 18
1194 27
1195 37
1196 37
1197 31
1198 36
1199 26
1200 26
1201 33
1202 39
1203 42
1204 42
1205 29
1206 38
1207 32
1208 30
1209 38
1210 26
1211 37
1212 36
1213 37
1214 33
1215 43
1216 34
1217 41
1218 41
1219 42
1220 37
1221 54
1222 71
1223 103
1224 91
1225 85
1226 66
1227 76
1228 63
1229 55
1230 65
1231 97
1232 83
1233 70
1234 93
1235 93
1236 52
1237 40
1238 51
1239 56
1240 40
1241 35
1242 31
1243 31
1244 32
1245 34
1246 36
1247 21
1248 29
1249 26
1250 28
1251 22
1252 26
1253 34
1254 33
1255 33
1256 27
1257 21
1258 37
1259 33
1260 23
1261 26
1262 34
1263 27
1264 28
1265 29
1266 19
1267 22
1268 25
1269 30
1270 30
1271 31
1272 29
1273 24
1274 19
1275 18
1276 19
1277 26
1278 21
1279 11
1280 24
1281 28
1282 26
1283 27
1284 20
1285 24
1286 37
1287 23
1288 27
1289 33
1290 29
1291 31
1292 32
1293 43
1294 29
1295 31
1296 42
1297 49
1298 43
1299 31
1300 46
1301 37
1302 48
1303 43
1304 30
1305 32
1306 51
1307 37
1308 47
1309 30
1310 31
1311 24
1312 23
1313 30
1314 29
1315 24
1316 33
1317 22
1318 29
1319 16
1320 18
1321 27
1322 28
1323 23
1324 24
1325 22
1326 24
1327 20
1328 25
1329 25
1330 26
1331 18
1332 28
1333 23
1334 26
1335 24
1336 32
1337 22
1338 27
1339 24
1340 29
1341 24
1342 26
1343 28
1344 20
1345 23
1346 28
1347 20
1348 31
1349 29
1350 10
1351 16
1352 20
1353 34
1354 22
1355 25
1356 22
1357 19
1358 23
1359 28
1360 23
1361 23
1362 29
1363 35
1364 22
1365 42
1366 37
1367 39
1368 46
1369 48
1370 33
1371 59
1372 65
1373 68
1374 83
1375 98
1376 104
1377 137
1378 131
1379 170
1380 174
1381 164
1382 212
1383 272
1384 273
1385 278
1386 324
1387 320
1388 384
1389 264
1390 217
1391 159
1392 151
1393 125
1394 116
1395 90
1396 83
1397 39
1398 48
1399 58
1400 38
1401 37
1402 25
1403 28
1404 15
1405 21
1406 18
1407 24
1408 34
1409 27
1410 25
1411 19
1412 20
1413 18
1414 24
1415 19
1416 25
1417 19
1418 23
1419 23
1420 31
1421 30
1422 21
1423 28
1424 24
1425 24
1426 22
1427 18
1428 23
1429 20
1430 21
1431 22
1432 25
1433 24
1434 30
1435 25
1436 30
1437 20
1438 27
1439 30
1440 24
1441 28
1442 22
1443 20
1444 30
1445 15
1446 21
1447 25
1448 25
1449 22
1450 26
1451 23
1452 21
1453 26
1454 18
1455 20
1456 28
1457 22
1458 15
1459 20
1460 17
1461 17
1462 29
1463 19
1464 19
1465 16
1466 26
1467 18
1468 19
1469 19
1470 22
1471 26
1472 21
1473 22
1474 25
1475 23
1476 22
1477 28
1478 17
1479 20
1480 20
1481 17
1482 27
1483 24
1484 30
1485 16
1486 18
1487 17
1488 18
1489 18
1490 28
1491 24
1492 28
1493 24
1494 19
1495 22
1496 21
1497 14
1498 17
1499 21
1500 22
1501 30
1502 25
1503 21
1504 19
1505 22
1506 24
1507 28
1508 10
1509 22
1510 22
1511 25
1512 14
1513 20
1514 21
1515 16
1516 25
1517 24
1518 28
1519 32
1520 20
1521 28
1522 22
1523 19
1524 27
1525 18
1526 29
1527 28
1528 15
1529 29
1530 30
1531 19
1532 31
1533 26
1534 13
1535 25
1536 17
1537 23
1538 24
1539 17
1540 19
1541 20
1542 21
1543 19
1544 17
1545 14
1546 23
1547 33
1548 23
1549 27
1550 11
1551 18
1552 16
1553 16
1554 25
1555 19
1556 21
1557 20
1558 19
1559 18
1560 17
1561 21
1562 19
1563 23
1564 14
1565 23
1566 22
1567 11
1568 16
1569 18
1570 23
1571 27
1572 18
1573 23
1574 25
1575 15
1576 15
1577 16
1578 15
1579 20
1580 20
1581 21
1582 26
1583 10
1584 18
1585 23
1586 17
1587 18
1588 15
1589 15
1590 19
1591 18
1592 21
1593 20
1594 21
1595 31
1596 23
1597 25
1598 21
1599 23
1600 11
1601 21
1602 14
1603 16
1604 13
1605 16
1606 20
1607 20
1608 16
1609 22
1610 16
1611 12
1612 14
1613 14
1614 16
1615 33
1616 19
1617 25
1618 22
1619 15
1620 17
1621 17
1622 23
1623 18
1624 21
1625 25
1626 24
1627 25
1628 25
1629 15
1630 14
1631 15
1632 23
1633 16
1634 23
1635 15
1636 18
1637 22
1638 22
1639 21
1640 17
1641 11
1642 16
1643 18
1644 23
1645 22
1646 22
1647 16
1648 18
1649 27
1650 14
1651 20
1652 21
1653 26
1654 22
1655 22
1656 26
1657 21
1658 23
1659 17
1660 19
1661 13
1662 20
1663 22
1664 22
1665 20
1666 21
1667 19
1668 22
1669 23
1670 18
1671 11
1672 17
1673 17
1674 18
1675 28
1676 22
1677 17
1678 20
1679 19
1680 22
1681 16
1682 26
1683 22
1684 21
1685 22
1686 18
1687 16
1688 18
1689 18
1690 24
1691 13
1692 17
1693 21
1694 19
1695 22
1696 13
1697 18
1698 20
1699 23
1700 18
1701 19
1702 21
1703 14
1704 13
1705 17
1706 24
1707 18
1708 12
1709 15
1710 21
1711 27
1712 23
1713 12
1714 16
1715 26
1716 16
1717 20
1718 15
1719 19
1720 22
1721 20
1722 21
1723 14
1724 14
1725 13
1726 20
1727 25
1728 21
1729 25
1730 18
1731 11
1732 21
1733 16
1734 16
1735 15
1736 18
1737 19
1738 16
1739 19
1740 23
1741 17
1742 26
1743 14
1744 13
1745 23
1746 14
1747 13
1748 17
1749 23
1750 23
1751 19
1752 25
1753 19
1754 24
1755 19
1756 19
1757 19
1758 16
1759 18
1760 21
1761 28
1762 26
1763 12
1764 19
1765 17
1766 20
1767 21
1768 18
1769 23
1770 22
1771 15
1772 23
1773 15
1774 21
1775 17
1776 19
1777 24
1778 18
1779 19
1780 18
1781 19
1782 24
1783 18
1784 23
1785 29
1786 24
1787 19
1788 24
1789 21
1790 20
1791 22
1792 23
1793 16
1794 22
1795 25
1796 23
1797 18
1798 12
1799 23
1800 17
1801 21
1802 28
1803 22
1804 24
1805 20
1806 23
1807 20
1808 24
1809 19
1810 23
1811 19
1812 19
1813 17
1814 18
1815 20
1816 23
1817 19
1818 26
1819 18
1820 18
1821 13
1822 20
1823 17
1824 13
1825 23
1826 17
1827 18
1828 25
1829 21
1830 26
1831 19
1832 19
1833 27
1834 18
1835 26
1836 22
1837 21
1838 30
1839 41
1840 65
1841 40
1842 50
1843 33
1844 38
1845 46
1846 75
1847 66
1848 69
1849 57
1850 79
1851 58
1852 38
1853 81
1854 165
1855 132
1856 104
1857 89
1858 90
1859 80
1860 90
1861 76
1862 41
1863 45
1864 34
1865 38
1866 48
1867 39
1868 52
1869 36
1870 28
1871 15
1872 15
1873 10
1874 17
1875 13
1876 16
1877 23
1878 23
1879 23
1880 20
1881 24
1882 12
1883 14
1884 23
1885 11
1886 15
1887 13
1888 20
1889 21
1890 18
1891 18
1892 17
1893 16
1894 10
1895 14
1896 19
1897 17
1898 11
1899 18
1900 14
1901 10
1902 27
1903 14
1904 26
1905 15
1906 25
1907 17
1908 18
1909 14
1910 15
1911 14
1912 20
1913 19
1914 17
1915 21
1916 20
1917 17
1918 13
1919 20
1920 10
1921 15
1922 15
1923 10
1924 27
1925 12
1926 22
1927 12
1928 18
1929 15
1930 12
1931 18
1932 11
1933 15
1934 15
1935 11
1936 24
1937 8
1938 22
1939 16
1940 18
1941 20
1942 20
1943 22
1944 18
1945 20
1946 9
1947 27
1948 22
1949 15
1950 18
1951 11
1952 16
1953 12
1954 19
1955 14
1956 23
1957 17
1958 17
1959 17
1960 17
1961 17
1962 22
1963 15
1964 17
1965 19
1966 15
1967 13
1968 20
1969 24
1970 9
1971 13
1972 24
1973 10
1974 19
1975 14
1976 18
1977 10
1978 11
1979 22
1980 18
1981 17
1982 21
1983 13
1984 11
1985 17
1986 14
1987 17
1988 17
1989 17
1990 12
1991 23
1992 15
1993 15
1994 16
1995 21
1996 20
1997 17
1998 8
1999 17
2000 19
2001 20
2002 20
2003 16
2004 16
2005 23
2006 19
2007 12
2008 22
2009 23
2010 12
2011 29
2012 19
2013 19
2014 19
2015 10
2016 13
2017 10
2018 13
2019 27
2020 16
2021 19
2022 16
2023 16
2024 17
2025 16
2026 16
2027 22
2028 10
2029 15
2030 16
2031 21
2032 17
2033 19
2034 16
2035 16
2036 13
2037 12
2038 29
2039 15
2040 12
2041 20
2042 15
2043 16
2044 18
2045 22
2046 13
2047 19
2048 15
2049 20
2050 17
2051 19
2052 16
2053 15
2054 21
2055 22
2056 21
2057 15
2058 20
2059 15
2060 15
2061 20
2062 22
2063 13
2064 19
2065 12
2066 21
2067 18
2068 24
2069 16
2070 25
2071 25
2072 18
2073 15
2074 19
2075 21
2076 20
2077 17
2078 18
2079 15
2080 24
2081 22
2082 20
2083 19
2084 22
2085 29
2086 27
2087 37
2088 28
2089 28
2090 35
2091 23
2092 54
2093 59
2094 64
2095 78
2096 106
2097 109
2098 114
2099 104
2100 158
2101 156
2102 171
2103 234
2104 227
2105 267
2106 306
2107 304
2108 321
2109 313
2110 349
2111 387
2112 407
2113 347
2114 363
2115 285
2116 315
2117 340
2118 434
2119 358
2120 323
2121 261
2122 258
2123 229
2124 173
2125 127
2126 107
2127 109
2128 116
2129 95
2130 80
2131 73
2132 53
2133 37
2134 33
2135 22
2136 29
2137 24
2138 13
2139 16
2140 18
2141 18
2142 18
2143 16
2144 12
2145 10
2146 20
2147 18
2148 21
2149 13
2150 18
2151 18
2152 11
2153 12
2154 20
2155 14
2156 15
2157 14
2158 13
2159 21
2160 13
2161 15
2162 18
2163 24
2164 15
2165 11
2166 15
2167 16
2168 7
2169 8
2170 16
2171 18
2172 14
2173 17
2174 10
2175 13
2176 12
2177 21
2178 16
2179 14
2180 16
2181 10
2182 11
2183 17
2184 17
2185 18
2186 10
2187 18
2188 13
2189 11
2190 15
2191 10
2192 12
2193 10
2194 16
2195 12
2196 5
2197 17
2198 17
2199 18
2200 15
2201 23
2202 18
2203 14
2204 15
2205 12
2206 13
2207 19
2208 13
2209 13
2210 16
2211 14
2212 19
2213 17
2214 11
2215 17
2216 22
2217 18
2218 11
2219 16
2220 20
2221 20
2222 27
2223 12
2224 15
2225 12
2226 11
2227 20
2228 14
2229 12
2230 12
2231 17
2232 17
2233 16
2234 22
2235 28
2236 11
2237 24
2238 22
2239 17
2240 12
2241 20
2242 18
2243 18
2244 14
2245 22
2246 14
2247 14
2248 19
2249 11
2250 11
2251 11
2252 19
2253 12
2254 20
2255 13
2256 11
2257 15
2258 11
2259 12
2260 9
2261 18
2262 12
2263 14
2264 16
2265 14
2266 12
2267 14
2268 12
2269 17
2270 12
2271 15
2272 9
2273 9
2274 12
2275 13
2276 20
2277 20
2278 14
2279 16
2280 16
2281 15
2282 11
2283 16
2284 12
2285 14
2286 16
2287 10
2288 15
2289 14
2290 22
2291 25
2292 22
2293 23
2294 16
2295 10
2296 16
2297 16
2298 19
2299 31
2300 26
2301 31
2302 33
2303 19
2304 28
2305 30
2306 28
2307 40
2308 36
2309 42
2310 59
2311 63
2312 66
2313 53
2314 74
2315 76
2316 60
2317 65
2318 54
2319 57
2320 61
2321 71
2322 42
2323 70
2324 65
2325 62
2326 69
2327 56
2328 71
2329 47
2330 39
2331 37
2332 34
2333 38
2334 45
2335 30
2336 21
2337 26
2338 23
2339 13
2340 21
2341 13
2342 20
2343 22
2344 14
2345 14
2346 18
2347 22
2348 13
2349 18
2350 16
2351 17
2352 16
2353 13
2354 16
2355 11
2356 15
2357 7
2358 18
2359 14
2360 10
2361 13
2362 10
2363 22
2364 14
2365 13
2366 21
2367 16
2368 14
2369 17
2370 10
2371 16
2372 14
2373 12
2374 17
2375 10
2376 13
2377 14
2378 21
2379 10
2380 12
2381 12
2382 9
2383 12
2384 13
2385 14
2386 13
2387 10
2388 10
2389 10
2390 16
2391 12
2392 14
2393 14
2394 11
2395 17
2396 14
2397 14
2398 17
2399 6
2400 12
2401 9
2402 12
2403 16
2404 12
2405 11
2406 13
2407 11
2408 15
2409 16
2410 11
2411 15
2412 15
2413 18
2414 10
2415 14
2416 10
2417 12
2418 15
2419 11
2420 11
2421 10
2422 12
2423 15
2424 11
2425 11
2426 12
2427 14
2428 12
2429 15
2430 17
2431 14
2432 12
2433 13
2434 12
2435 15
2436 10
2437 15
2438 15
2439 8
2440 14
2441 15
2442 16
2443 11
2444 10
2445 12
2446 13
2447 13
2448 11
2449 18
2450 13
2451 8
2452 12
2453 7
2454 18
2455 21
2456 19
2457 14
2458 13
2459 10
2460 11
2461 12
2462 12
2463 18
2464 12
2465 8
2466 11
2467 13
2468 14
2469 11
2470 9
2471 14
2472 11
2473 11
2474 12
2475 13
2476 15
2477 17
2478 11
2479 19
2480 16
2481 14
2482 10
2483 10
2484 10
2485 16
2486 9
2487 13
2488 7
2489 7
2490 16
2491 11
2492 14
2493 7
2494 14
2495 10
2496 8
2497 14
2498 11
2499 9
2500 16
2501 10
2502 12
2503 13
2504 15
2505 16
2506 12
2507 9
2508 6
2509 13
2510 19
2511 10
2512 14
2513 12
2514 14
2515 9
2516 9
2517 11
2518 11
2519 6
2520 19
2521 13
2522 12
2523 8
2524 8
2525 13
2526 9
2527 7
2528 12
2529 10
2530 15
2531 7
2532 12
2533 9
2534 11
2535 9
2536 15
2537 8
2538 15
2539 10
2540 9
2541 13
2542 10
2543 12
2544 11
2545 12
2546 15
2547 12
2548 17
2549 11
2550 12
2551 10
2552 15
2553 13
2554 10
2555 13
2556 14
2557 10
2558 10
2559 13
