0 36
1 24
2 24
3 38
4 25
5 30
6 27
7 28
8 33
9 31
10 20
11 29
12 30
13 30
14 32
15 26
16 37
17 28
18 23
19 26
20 39
21 25
22 22
23 33
24 26
25 29
26 31
27 32
28 28
29 23
30 29
31 31
32 26
33 26
34 28
35 28
36 27
37 24
38 29
39 21
40 33
41 22
42 31
43 29
44 25
45 30
46 22
47 16
48 18
49 30
50 32
51 28
52 21
53 43
54 17
55 29
56 27
57 23
58 20
59 36
60 32
61 33
62 26
63 34
64 24
65 34
66 31
67 23
68 24
69 31
70 33
71 22
72 23
73 39
74 39
75 23
76 22
77 45
78 29
79 25
80 31
81 23
82 30
83 30
84 35
85 28
86 36
87 29
88 24
89 25
90 32
91 31
92 33
93 32
94 33
95 20
96 26
97 19
98 17
99 33
100 28
101 33
102 30
103 24
104 28
105 31
106 21
107 32
108 35
109 31
110 37
111 35
112 28
113 30
114 33
115 39
116 23
117 25
118 27
119 24
120 23
121 23
122 24
123 26
124 29
125 32
126 34
127 26
128 26
129 28
130 25
131 27
132 19
133 27
134 21
135 29
136 25
137 18
138 31
139 26
140 25
141 32
142 32
143 24
144 17
145 32
146 31
147 30
148 27
149 22
150 25
151 34
152 31
153 31
154 33
155 37
156 33
157 28
158 27
159 24
160 37
161 31
162 45
163 22
164 22
165 31
166 27
167 22
168 32
169 25
170 35
171 20
172 36
173 31
174 20
175 25
176 27
177 41
178 29
179 28
180 26
181 31
182 19
183 26
184 44
185 24
186 32
187 32
188 29
189 33
190 28
191 24
192 37
193 13
194 24
195 31
196 29
197 36
198 25
199 25
200 27
201 36
202 26
203 26
204 37
205 37
206 37
207 35
208 30
209 32
210 26
211 48
212 34
213 27
214 32
215 22
216 28
217 20
218 29
219 32
220 40
221 33
222 24
223 26
224 27
225 20
226 28
227 32
228 25
229 27
230 35
231 30
232 35
233 30
234 41
235 30
236 28
237 28
238 34
239 30
240 37
241 22
242 41
243 32
244 30
245 35
246 31
247 36
248 37
249 37
250 25
251 31
252 30
253 30
254 27
255 34
256 33
257 31
258 33
259 41
260 27
261 35
262 36
263 34
264 26
265 33
266 34
267 30
268 31
269 33
270 31
271 34
272 29
273 41
274 38
275 38
276 30
277 32
278 32
279 29
280 23
281 35
282 32
283 35
284 30
285 34
286 26
287 40
288 40
289 33
290 42
291 22
292 12
293 26
294 35
295 25
296 31
297 30
298 33
299 31
300 30
301 23
302 30
303 32
304 34
305 26
306 27
307 31
308 27
309 29
310 32
311 35
312 43
313 36
314 30
315 49
316 26
317 28
318 37
319 32
320 40
321 29
322 37
323 32
324 26
325 48
326 26
327 26
328 39
329 40
330 28
331 27
332 38
333 31
334 32
335 33
336 32
337 30
338 32
339 23
340 32
341 25
342 25
343 23
344 22
345 23
346 34
347 36
348 33
349 31
350 39
351 28
352 37
353 21
354 29
355 25
356 40
357 34
358 37
359 32
360 27
361 30
362 31
363 31
364 31
365 35
366 37
367 30
368 30
369 40
370 32
371 33
372 35
373 27
374 34
375 29
376 41
377 26
378 36
379 42
380 30
381 35
382 31
383 24
384 36
385 31
386 32
387 29
388 33
389 40
390 33
391 25
392 32
393 28
394 41
395 48
396 31
397 33
398 34
399 23
400 44
401 42
402 44
403 40
404 31
405 41
406 39
407 21
408 40
409 30
410 38
411 25
412 34
413 24
414 28
415 29
416 36
417 41
418 45
419 22
420 25
421 36
422 31
423 36
424 35
425 31
426 33
427 39
428 25
429 36
430 33
431 35
432 34
433 34
434 36
435 40
436 32
437 34
438 28
439 25
440 38
441 42
442 38
443 48
444 26
445 31
446 41
447 32
448 32
449 40
450 27
451 43
452 30
453 37
454 38
455 27
456 41
457 29
458 38
459 41
460 37
461 39
462 45
463 29
464 32
465 33
466 39
467 27
468 41
469 44
470 41
471 33
472 47
473 35
474 29
475 25
476 28
477 31
478 24
479 43
480 29
481 29
482 33
483 39
484 49
485 31
486 33
487 28
488 29
489 37
490 36
491 31
492 33
493 39
494 26
495 27
496 31
497 29
498 26
499 25
500 35
501 29
502 39
503 28
504 29
505 33
506 39
507 34
508 36
509 34
510 39
511 29
512 40
513 43
514 35
515 41
516 28
517 28
518 29
519 42
520 40
521 48
522 35
523 50
524 32
525 28
526 42
527 34
528 32
529 38
530 41
531 35
532 36
533 33
534 45
535 30
536 35
537 26
538 21
539 28
540 41
541 41
542 32
543 33
544 39
545 36
546 38
547 45
548 26
549 40
550 28
551 33
552 53
553 40
554 30
555 34
556 30
557 37
558 37
559 41
560 27
561 30
562 40
563 33
564 42
565 40
566 30
567 44
568 34
569 30
570 32
571 36
572 28
573 37
574 34
575 31
576 41
577 27
578 40
579 41
580 38
581 39
582 36
583 44
584 42
585 35
586 49
587 51
588 57
589 43
590 39
591 46
592 49
593 49
594 51
595 49
596 55
597 47
598 46
599 72
600 55
601 57
602 76
603 65
604 84
605 67
606 80
607 97
608 104
609 97
610 109
611 126
612 134
613 123
614 122
615 115
616 86
617 91
618 87
619 70
620 68
621 66
622 53
623 66
624 35
625 38
626 36
627 31
628 27
629 38
630 36
631 44
632 28
633 39
634 30
635 32
636 47
637 36
638 28
639 24
640 43
641 34
642 29
643 27
644 48
645 34
646 36
647 35
648 47
649 28
650 43
651 41
652 32
653 32
654 42
655 37
656 50
657 33
658 31
659 45
660 37
661 37
662 38
663 36
664 49
665 32
666 34
667 35
668 40
669 34
670 34
671 32
672 32
673 33
674 47
675 34
676 46
677 35
678 24
679 26
680 38
681 33
682 37
683 40
684 40
685 37
686 35
687 33
688 34
689 37
690 45
691 30
692 41
693 34
694 32
695 30
696 39
697 37
698 32
699 38
700 40
701 34
702 44
703 40
704 37
705 27
706 29
707 33
708 36
709 39
710 33
711 31
712 45
713 32
714 38
715 34
716 36
717 39
718 29
719 24
720 25
721 36
722 44
723 40
724 39
725 33
726 38
727 44
728 32
729 27
730 29
731 38
732 32
733 37
734 22
735 34
736 38
737 32
738 33
739 29
740 26
741 35
742 32
743 38
744 23
745 29
746 34
747 35
748 33
749 30
750 44
751 37
752 32
753 37
754 33
755 40
756 38
757 33
758 41
759 33
760 35
761 29
762 26
763 31
764 31
765 21
766 40
767 39
768 36
769 37
770 43
771 40
772 29
773 30
774 29
775 43
776 22
777 32
778 32
779 31
780 39
781 32
782 33
783 32
784 25
785 28
786 29
787 39
788 31
789 23
790 40
791 42
792 40
793 42
794 45
795 37
796 39
797 39
798 44
799 38
800 34
801 35
802 33
803 28
804 29
805 37
806 39
807 34
808 44
809 28
810 24
811 39
812 37
813 44
814 41
815 35
816 36
817 37
818 34
819 38
820 38
821 43
822 41
823 37
824 18
825 24
826 37
827 22
828 36
829 37
830 47
831 39
832 39
833 32
834 33
835 31
836 21
837 32
838 30
839 42
840 26
841 38
842 25
843 32
844 24
845 37
846 37
847 34
848 34
849 33
850 21
851 43
852 27
853 43
854 39
855 33
856 38
857 22
858 37
859 45
860 33
861 32
862 35
863 27
864 33
865 45
866 37
867 26
868 29
869 41
870 33
871 25
872 40
873 28
874 38
875 32
876 28
877 28
878 29
879 33
880 26
881 32
882 42
883 30
884 41
885 33
886 36
887 42
888 41
889 37
890 41
891 36
892 30
893 29
894 29
895 23
896 25
897 27
898 30
899 35
900 41
901 38
902 37
903 40
904 29
905 36
906 36
907 30
908 35
909 28
910 37
911 40
912 30
913 29
914 29
915 34
916 29
917 39
918 39
919 37
920 28
921 31
922 32
923 33
924 39
925 33
926 40
927 29
928 32
929 39
930 41
931 35
932 39
933 37
934 27
935 31
936 44
937 29
938 36
939 32
940 38
941 32
942 26
943 30
944 30
945 43
946 26
947 25
948 33
949 36
950 30
951 34
952 29
953 25
954 36
955 33
956 33
957 30
958 30
959 33
960 29
961 48
962 29
963 35
964 31
965 31
966 35
967 31
968 40
969 26
970 37
971 23
972 35
973 37
974 27
975 35
976 36
977 22
978 27
979 27
980 31
981 29
982 34
983 29
984 29
985 34
986 24
987 30
988 30
989 41
990 31
991 30
992 29
993 23
994 29
995 26
996 33
997 27
998 34
999 32
1000 30
1001 32
1002 26
1003 32
1004 40
1005 25
1006 34
1007 32
1008 39
1009 36
1010 25
1011 39
1012 25
1013 26
1014 32
1015 27
1016 22
1017 33
1018 35
1019 35
1020 37
1021 43
1022 45
1023 28
1024 31
1025 30
1026 38
1027 41
1028 40
1029 26
1030 40
1031 36
1032 23
1033 38
1034 37
1035 31
1036 25
1037 35
1038 33
1039 28
1040 37
1041 22
1042 31
1043 27
1044 32
1045 31
1046 24
1047 37
1048 38
1049 42
1050 27
1051 34
1052 28
1053 30
1054 24
1055 25
1056 36
1057 32
1058 30
1059 33
1060 26
1061 16
1062 26
1063 30
1064 28
1065 21
1066 32
1067 32
1068 31
1069 38
1070 35
1071 33
1072 33
1073 25
1074 30
1075 21
1076 32
1077 34
1078 35
1079 30
1080 21
1081 27
1082 38
1083 27
1084 36
1085 29
1086 29
1087 37
1088 33
1089 28
1090 29
1091 35
1092 36
1093 37
1094 34
1095 27
1096 42
1097 26
1098 38
1099 34
1100 33
1101 27
1102 35
1103 23
1104 31
1105 44
1106 30
1107 44
1108 39
1109 39
1110 30
1111 19
1112 21
1113 27
1114 22
1115 21
1116 41
1117 31
1118 33
1119 31
1120 25
1121 31
1122 35
1123 34
1124 39
1125 40
1126 36
1127 58
1128 41
1129 38
1130 52
1131 40
1132 75
1133 61
1134 77
1135 99
1136 139
1137 209
1138 224
1139 235
1140 219
1141 237
1142 280
1143 319
1144 290
1145 371
1146 411
1147 533
1148 560
1149 531
1150 431
1151 450
1152 538
1153 601
1154 734
1155 582
1156 380
1157 281
1158 195
1159 173
1160 145
1161 95
1162 92
1163 58
1164 50
1165 44
1166 53
1167 29
1168 20
1169 30
1170 36
1171 33
1172 28
1173 34
1174 35
1175 39
1176 31
1177 32
1178 34
1179 36
1180 22
1181 42
1182 31
1183 31
1184 32
1185 28
1186 30
1187 35
1188 28
1189 36
1190 33
1191 40
1192 24
1193 35
1194 30
1195 30
1196 37
1197 26
1198 31
1199 41
1200 37
1201 28
1202 34
1203 34
1204 30
1205 34
1206 27
1207 21
1208 29
1209 31
1210 33
1211 32
1212 36
1213 29
1214 35
1215 36
1216 34
1217 28
1218 34
1219 25
1220 19
1221 28
1222 29
1223 43
1224 34
1225 25
1226 26
1227 34
1228 29
1229 21
1230 29
1231 26
1232 23
1233 29
1234 22
1235 25
1236 30
1237 32
1238 32
1239 37
1240 36
1241 30
1242 15
1243 28
1244 32
1245 26
1246 31
1247 25
1248 38
1249 22
1250 24
1251 30
1252 30
1253 32
1254 30
1255 34
1256 32
1257 32
1258 24
1259 22
1260 28
1261 28
1262 25
1263 26
1264 23
1265 22
1266 25
1267 27
1268 30
1269 24
1270 13
1271 32
1272 27
1273 32
1274 25
1275 24
1276 20
1277 18
1278 25
1279 6
1280 24
1281 26
1282 17
1283 27
1284 24
1285 18
1286 24
1287 38
1288 30
1289 19
1290 26
1291 22
1292 19
1293 19
1294 23
1295 21
1296 24
1297 20
1298 19
1299 28
1300 21
1301 16
1302 25
1303 27
1304 28
1305 27
1306 24
1307 17
1308 29
1309 14
1310 23
1311 23
1312 17
1313 22
1314 33
1315 27
1316 24
1317 15
1318 28
1319 17
1320 16
1321 23
1322 23
1323 26
1324 22
1325 21
1326 19
1327 31
1328 18
1329 18
1330 19
1331 13
1332 21
1333 25
1334 23
1335 19
1336 24
1337 25
1338 20
1339 22
1340 14
1341 17
1342 16
1343 31
1344 18
1345 23
1346 23
1347 15
1348 20
1349 28
1350 20
1351 31
1352 16
1353 24
1354 27
1355 25
1356 24
1357 18
1358 18
1359 27
1360 30
1361 40
1362 38
1363 34
1364 49
1365 38
1366 36
1367 42
1368 45
1369 42
1370 49
1371 47
1372 36
1373 25
1374 29
1375 26
1376 22
1377 27
1378 22
1379 19
1380 23
1381 26
1382 17
1383 22
1384 29
1385 21
1386 24
1387 25
1388 29
1389 19
1390 25
1391 27
1392 28
1393 19
1394 22
1395 21
1396 22
1397 28
1398 25
1399 19
1400 23
1401 16
1402 21
1403 21
1404 11
1405 29
1406 24
1407 21
1408 26
1409 21
1410 28
1411 30
1412 24
1413 26
1414 24
1415 26
1416 30
1417 14
1418 35
1419 30
1420 20
1421 26
1422 15
1423 24
1424 22
1425 17
1426 22
1427 20
1428 19
1429 26
1430 31
1431 27
1432 27
1433 22
1434 18
1435 28
1436 34
1437 44
1438 34
1439 41
1440 51
1441 49
1442 57
1443 60
1444 75
1445 93
1446 85
1447 107
1448 115
1449 157
1450 181
1451 192
1452 214
1453 212
1454 215
1455 238
1456 250
1457 207
1458 161
1459 155
1460 136
1461 131
1462 87
1463 83
1464 82
1465 46
1466 55
1467 47
1468 32
1469 35
1470 23
1471 30
1472 27
1473 26
1474 26
1475 17
1476 19
1477 28
1478 18
1479 17
1480 22
1481 17
1482 32
1483 29
1484 18
1485 13
1486 22
1487 20
1488 18
1489 24
1490 18
1491 20
1492 22
1493 19
1494 19
1495 21
1496 30
1497 20
1498 20
1499 25
1500 27
1501 13
1502 29
1503 18
1504 7
1505 19
1506 21
1507 19
1508 18
1509 19
1510 17
1511 20
1512 36
1513 15
1514 26
1515 24
1516 10
1517 29
1518 14
1519 21
1520 29
1521 15
1522 13
1523 22
1524 20
1525 18
1526 15
1527 18
1528 15
1529 25
1530 16
1531 17
1532 14
1533 22
1534 18
1535 10
1536 21
1537 24
1538 21
1539 24
1540 19
1541 26
1542 22
1543 25
1544 18
1545 20
1546 18
1547 18
1548 20
1549 17
1550 24
1551 29
1552 18
1553 16
1554 19
1555 23
1556 13
1557 27
1558 17
1559 17
1560 25
1561 19
1562 14
1563 22
1564 16
1565 28
1566 22
1567 21
1568 18
1569 23
1570 14
1571 16
1572 21
1573 20
1574 25
1575 20
1576 18
1577 18
1578 21
1579 23
1580 15
1581 10
1582 22
1583 16
1584 31
1585 23
1586 18
1587 24
1588 12
1589 23
1590 19
1591 23
1592 16
1593 19
1594 17
1595 24
1596 17
1597 24
1598 20
1599 27
1600 21
1601 14
1602 21
1603 24
1604 15
1605 13
1606 17
1607 19
1608 18
1609 17
1610 24
1611 20
1612 16
1613 14
1614 15
1615 20
1616 18
1617 20
1618 17
1619 16
1620 27
1621 10
1622 17
1623 16
1624 18
1625 16
1626 18
1627 20
1628 14
1629 12
1630 14
1631 16
1632 24
1633 21
1634 16
1635 19
1636 12
1637 18
1638 25
1639 18
1640 20
1641 13
1642 22
1643 18
1644 18
1645 24
1646 15
1647 17
1648 16
1649 22
1650 18
1651 12
1652 24
1653 22
1654 29
1655 17
1656 20
1657 16
1658 20
1659 18
1660 14
1661 20
1662 14
1663 11
1664 17
1665 17
1666 18
1667 19
1668 22
1669 19
1670 18
1671 15
1672 19
1673 14
1674 23
1675 20
1676 27
1677 14
1678 16
1679 20
1680 21
1681 10
1682 18
1683 18
1684 23
1685 17
1686 19
1687 30
1688 18
1689 22
1690 15
1691 26
1692 18
1693 28
1694 18
1695 15
1696 19
1697 13
1698 25
1699 22
1700 16
1701 14
1702 20
1703 20
1704 16
1705 16
1706 14
1707 25
1708 18
1709 27
1710 19
1711 16
1712 19
1713 18
1714 19
1715 17
1716 9
1717 23
1718 22
1719 15
1720 19
1721 16
1722 14
1723 17
1724 12
1725 12
1726 23
1727 14
1728 27
1729 14
1730 16
1731 13
1732 13
1733 11
1734 17
1735 18
1736 21
1737 19
1738 19
1739 23
1740 17
1741 18
1742 20
1743 16
1744 16
1745 20
1746 22
1747 19
1748 23
1749 17
1750 18
1751 20
1752 24
1753 24
1754 13
1755 14
1756 14
1757 17
1758 15
1759 15
1760 20
1761 13
1762 20
1763 24
1764 15
1765 13
1766 17
1767 18
1768 15
1769 12
1770 16
1771 15
1772 12
1773 18
1774 19
1775 9
1776 24
1777 13
1778 17
1779 17
1780 15
1781 13
1782 16
1783 12
1784 17
1785 24
1786 21
1787 19
1788 10
1789 12
1790 20
1791 14
1792 9
1793 11
1794 18
1795 20
1796 8
1797 17
1798 13
1799 23
1800 13
1801 20
1802 15
1803 22
1804 17
1805 11
1806 17
1807 14
1808 16
1809 22
1810 13
1811 17
1812 24
1813 11
1814 16
1815 20
1816 24
1817 14
1818 13
1819 14
1820 18
1821 12
1822 15
1823 20
1824 20
1825 15
1826 23
1827 16
1828 18
1829 15
1830 17
1831 22
1832 18
1833 15
1834 13
1835 16
1836 7
1837 14
1838 16
1839 15
1840 15
1841 14
1842 20
1843 14
1844 17
1845 14
1846 11
1847 18
1848 20
1849 16
1850 11
1851 27
1852 23
1853 19
1854 21
1855 11
1856 15
1857 15
1858 15
1859 15
1860 18
1861 14
1862 14
1863 21
1864 19
1865 21
1866 24
1867 10
1868 20
1869 17
1870 17
1871 21
1872 14
1873 20
1874 16
1875 15
1876 27
1877 21
1878 26
1879 32
1880 23
1881 23
1882 22
1883 22
1884 24
1885 15
1886 19
1887 23
1888 24
1889 22
1890 15
1891 20
1892 23
1893 19
1894 14
1895 18
1896 16
1897 24
1898 24
1899 13
1900 11
1901 15
1902 21
1903 14
1904 13
1905 15
1906 23
1907 19
1908 17
1909 17
1910 19
1911 22
1912 17
1913 17
1914 16
1915 13
1916 19
1917 22
1918 38
1919 41
1920 37
1921 41
1922 57
1923 51
1924 61
1925 50
1926 56
1927 57
1928 73
1929 65
1930 65
1931 58
1932 98
1933 96
1934 88
1935 96
1936 114
1937 99
1938 98
1939 63
1940 74
1941 87
1942 85
1943 63
1944 69
1945 58
1946 52
1947 40
1948 35
1949 26
1950 26
1951 23
1952 35
1953 25
1954 21
1955 16
1956 18
1957 16
1958 18
1959 13
1960 12
1961 17
1962 14
1963 15
1964 18
1965 16
1966 21
1967 21
1968 18
1969 18
1970 16
1971 20
1972 13
1973 14
1974 19
1975 20
1976 20
1977 13
1978 12
1979 17
1980 11
1981 10
1982 21
1983 12
1984 10
1985 12
1986 12
1987 20
1988 17
1989 10
1990 13
1991 18
1992 18
1993 16
1994 13
1995 17
1996 11
1997 19
1998 15
1999 15
2000 6
2001 16
2002 15
2003 14
2004 21
2005 16
2006 17
2007 21
2008 20
2009 11
2010 15
2011 15
2012 11
2013 16
2014 11
2015 17
2016 23
2017 15
2018 9
2019 20
2020 14
2021 18
2022 15
2023 15
2024 14
2025 19
2026 14
2027 11
2028 21
2029 15
2030 12
2031 12
2032 18
2033 18
2034 13
2035 18
2036 15
2037 12
2038 13
2039 10
2040 20
2041 14
2042 18
2043 20
2044 20
2045 20
2046 10
2047 11
2048 11
2049 16
2050 13
2051 11
2052 9
2053 16
2054 15
2055 25
2056 13
2057 11
2058 20
2059 11
2060 6
2061 20
2062 18
2063 23
2064 18
2065 16
2066 14
2067 18
2068 15
2069 11
2070 9
2071 8
2072 15
2073 16
2074 20
2075 15
2076 12
2077 12
2078 21
2079 14
2080 11
2081 13
2082 13
2083 15
2084 11
2085 15
2086 15
2087 12
2088 12
2089 17
2090 17
2091 13
2092 15
2093 18
2094 20
2095 16
2096 16
2097 15
2098 16
2099 17
2100 9
2101 15
2102 10
2103 17
2104 18
2105 11
2106 13
2107 12
2108 16
2109 13
2110 15
2111 15
2112 16
2113 17
2114 14
2115 13
2116 14
2117 17
2118 12
2119 15
2120 18
2121 14
2122 10
2123 11
2124 10
2125 10
2126 12
2127 14
2128 20
2129 10
2130 10
2131 16
2132 14
2133 11
2134 20
2135 13
2136 17
2137 8
2138 9
2139 9
2140 15
2141 14
2142 17
2143 18
2144 13
2145 15
2146 13
2147 10
2148 9
2149 8
2150 16
2151 12
2152 18
2153 10
2154 18
2155 8
2156 13
2157 15
2158 13
2159 16
2160 21
2161 17
2162 19
2163 17
2164 20
2165 18
2166 18
2167 10
2168 22
2169 24
2170 28
2171 24
2172 28
2173 24
2174 18
2175 28
2176 16
2177 38
2178 30
2179 48
2180 56
2181 53
2182 58
2183 47
2184 85
2185 121
2186 152
2187 172
2188 203
2189 214
2190 237
2191 282
2192 225
2193 232
2194 272
2195 312
2196 361
2197 302
2198 349
2199 379
2200 403
2201 381
2202 322
2203 325
2204 290
2205 291
2206 300
2207 296
2208 289
2209 282
2210 259
2211 184
2212 167
2213 127
2214 114
2215 128
2216 94
2217 96
2218 58
2219 45
2220 37
2221 28
2222 30
2223 24
2224 24
2225 18
2226 14
2227 21
2228 18
2229 15
2230 17
2231 16
2232 21
2233 15
2234 20
2235 13
2236 12
2237 13
2238 17
2239 15
2240 17
2241 11
2242 21
2243 13
2244 14
2245 6
2246 9
2247 14
2248 12
2249 12
2250 14
2251 9
2252 12
2253 14
2254 12
2255 21
2256 15
2257 11
2258 12
2259 12
2260 10
2261 20
2262 22
2263 17
2264 7
2265 4
2266 11
2267 17
2268 9
2269 18
2270 13
2271 10
2272 15
2273 12
2274 14
2275 10
2276 12
2277 12
2278 20
2279 14
2280 17
2281 10
2282 10
2283 9
2284 20
2285 18
2286 11
2287 11
2288 17
2289 9
2290 10
2291 14
2292 14
2293 14
2294 15
2295 17
2296 14
2297 11
2298 9
2299 20
2300 11
2301 12
2302 10
2303 13
2304 16
2305 10
2306 9
2307 14
2308 14
2309 17
2310 14
2311 16
2312 16
2313 11
2314 18
2315 22
2316 22
2317 17
2318 19
2319 19
2320 17
2321 15
2322 18
2323 14
2324 20
2325 18
2326 18
2327 21
2328 14
2329 15
2330 15
2331 21
2332 17
2333 23
2334 11
2335 11
2336 12
2337 15
2338 14
2339 10
2340 15
2341 13
2342 13
2343 14
2344 13
2345 20
2346 13
2347 9
2348 9
2349 13
2350 13
2351 18
2352 9
2353 9
2354 15
2355 12
2356 14
2357 17
2358 15
2359 14
2360 20
2361 14
2362 16
2363 10
2364 16
2365 13
2366 14
2367 25
2368 10
2369 12
2370 18
2371 17
2372 20
2373 23
2374 11
2375 8
2376 12
2377 13
2378 5
2379 12
2380 20
2381 13
2382 19
2383 22
2384 24
2385 9
2386 22
2387 23
2388 15
2389 19
2390 17
2391 22
2392 28
2393 23
2394 32
2395 37
2396 32
2397 37
2398 43
2399 55
2400 49
2401 49
2402 66
2403 69
2404 68
2405 73
2406 73
2407 83
2408 79
2409 101
2410 82
2411 92
2412 106
2413 126
2414 86
2415 79
2416 76
2417 63
2418 64
2419 80
2420 67
2421 56
2422 62
2423 44
2424 40
2425 31
2426 31
2427 22
2428 20
2429 22
2430 17
2431 16
2432 13
2433 30
2434 16
2435 13
2436 16
2437 14
2438 10
2439 15
2440 11
2441 10
2442 13
2443 12
2444 11
2445 14
2446 19
2447 7
2448 10
2449 8
2450 10
2451 8
2452 10
2453 10
2454 8
2455 6
2456 11
2457 17
2458 13
2459 17
2460 14
2461 12
2462 16
2463 11
2464 11
2465 16
2466 14
2467 11
2468 10
2469 13
2470 8
2471 12
2472 13
2473 17
2474 16
2475 9
2476 15
2477 12
2478 8
2479 22
2480 13
2481 19
2482 15
2483 14
2484 11
2485 8
2486 9
2487 13
2488 9
2489 10
2490 9
2491 6
2492 7
2493 14
2494 7
2495 8
2496 12
2497 13
2498 14
2499 7
2500 11
2501 20
2502 9
2503 12
2504 9
2505 7
2506 9
2507 17
2508 8
2509 13
2510 6
2511 11
2512 13
2513 10
2514 11
2515 13
2516 12
2517 9
2518 17
2519 8
2520 19
2521 8
2522 13
2523 9
2524 11
2525 16
2526 12
2527 11
2528 12
2529 9
2530 10
2531 6
2532 11
2533 13
2534 11
2535 17
2536 9
2537 11
2538 11
2539 16
2540 8
2541 6
2542 17
2543 11
2544 2
2545 8
2546 11
2547 14
2548 7
2549 10
2550 10
2551 9
2552 15
2553 10
2554 10
2555 10
2556 11
2557 6
2558 13
2559 9
