0 24
1 26
2 27
3 22
4 25
5 26
6 33
7 17
8 29
9 33
10 25
11 32
12 28
13 34
14 19
15 29
16 24
17 29
18 32
19 25
20 27
21 22
22 21
23 26
24 25
25 26
26 26
27 29
28 26
29 34
30 18
31 23
32 29
33 23
34 24
35 26
36 27
37 24
38 23
39 31
40 27
41 31
42 33
43 32
44 19
45 46
46 23
47 28
48 29
49 21
50 24
51 23
52 30
53 26
54 33
55 18
56 14
57 22
58 23
59 30
60 34
61 18
62 22
63 21
64 26
65 27
66 33
67 17
68 28
69 27
70 28
71 21
72 33
73 29
74 25
75 26
76 27
77 25
78 14
79 24
80 24
81 21
82 19
83 24
84 26
85 28
86 29
87 30
88 25
89 28
90 31
91 22
92 31
93 26
94 26
95 18
96 15
97 30
98 25
99 28
100 29
101 36
102 32
103 22
104 31
105 16
106 23
107 37
108 25
109 29
110 21
111 33
112 20
113 30
114 24
115 27
116 25
117 28
118 32
119 35
120 32
121 29
122 36
123 24
124 29
125 27
126 34
127 17
128 27
129 31
130 25
131 31
132 17
133 27
134 32
135 25
136 26
137 29
138 29
139 33
140 22
141 25
142 24
143 25
144 28
145 27
146 26
147 30
148 29
149 24
150 34
151 32
152 21
153 30
154 31
155 26
156 23
157 26
158 27
159 25
160 32
161 32
162 26
163 26
164 29
165 28
166 22
167 32
168 18
169 26
170 38
171 27
172 13
173 19
174 25
175 34
176 27
177 18
178 32
179 15
180 22
181 29
182 22
183 25
184 20
185 33
186 24
187 27
188 20
189 20
190 22
191 36
192 31
193 36
194 20
195 27
196 27
197 34
198 29
199 21
200 22
201 29
202 28
203 31
204 27
205 27
206 28
207 32
208 36
209 25
210 17
211 26
212 24
213 31
214 34
215 30
216 22
217 30
218 24
219 30
220 29
221 25
222 36
223 23
224 26
225 29
226 19
227 31
228 26
229 26
230 32
231 30
232 35
233 19
234 27
235 31
236 36
237 30
238 36
239 24
240 35
241 31
242 32
243 34
244 36
245 22
246 22
247 36
248 22
249 26
250 26
251 29
252 14
253 29
254 30
255 22
256 26
257 25
258 32
259 29
260 23
261 24
262 26
263 30
264 29
265 34
266 29
267 28
268 24
269 24
270 25
271 21
272 28
273 27
274 30
275 40
276 30
277 35
278 33
279 29
280 28
281 30
282 35
283 26
284 32
285 22
286 28
287 27
288 30
289 27
290 21
291 30
292 21
293 27
294 27
295 31
296 27
297 17
298 24
299 30
300 28
301 26
302 38
303 49
304 19
305 36
306 30
307 25
308 32
309 29
310 37
311 25
312 26
313 36
314 35
315 27
316 34
317 36
318 25
319 26
320 33
321 33
322 34
323 33
324 43
325 39
326 25
327 32
328 40
329 39
330 36
331 22
332 21
333 31
334 34
335 33
336 23
337 37
338 33
339 30
340 36
341 30
342 28
343 29
344 36
345 23
346 23
347 25
348 41
349 32
350 32
351 33
352 32
353 40
354 25
355 25
356 31
357 25
358 27
359 32
360 23
361 27
362 30
363 28
364 27
365 32
366 35
367 27
368 31
369 31
370 25
371 27
372 31
373 33
374 28
375 34
376 23
377 29
378 26
379 24
380 29
381 33
382 30
383 36
384 29
385 28
386 27
387 24
388 25
389 25
390 27
391 18
392 28
393 33
394 26
395 29
396 48
397 30
398 37
399 32
400 21
401 37
402 41
403 29
404 30
405 33
406 31
407 36
408 31
409 34
410 34
411 35
412 36
413 31
414 23
415 38
416 22
417 19
418 34
419 27
420 23
421 37
422 36
423 34
424 38
425 26
426 45
427 31
428 39
429 25
430 31
431 37
432 31
433 33
434 33
435 33
436 30
437 28
438 28
439 38
440 29
441 30
442 21
443 27
444 24
445 31
446 33
447 31
448 41
449 32
450 26
451 27
452 24
453 25
454 38
455 31
456 25
457 25
458 32
459 34
460 26
461 25
462 37
463 28
464 30
465 24
466 25
467 19
468 27
469 39
470 38
471 37
472 33
473 33
474 23
475 22
476 35
477 39
478 39
479 30
480 33
481 32
482 28
483 40
484 32
485 39
486 29
487 27
488 29
489 31
490 20
491 32
492 18
493 30
494 26
495 28
496 26
497 29
498 26
499 40
500 38
501 32
502 45
503 32
504 33
505 38
506 35
507 37
508 24
509 35
510 29
511 36
512 44
513 38
514 34
515 32
516 24
517 17
518 32
519 34
520 33
521 40
522 27
523 37
524 29
525 31
526 39
527 32
528 25
529 36
530 34
531 32
532 51
533 40
534 30
535 38
536 30
537 32
538 33
539 32
540 41
541 42
542 45
543 29
544 27
545 29
546 33
547 20
548 43
549 22
550 34
551 29
552 46
553 31
554 25
555 28
556 24
557 40
558 37
559 25
560 28
561 40
562 44
563 35
564 32
565 39
566 31
567 36
568 45
569 35
570 42
571 27
572 40
573 26
574 37
575 26
576 39
577 45
578 36
579 40
580 27
581 30
582 30
583 34
584 41
585 35
586 26
587 32
588 33
589 25
590 32
591 34
592 34
593 42
594 44
595 30
596 36
597 28
598 34
599 35
600 33
601 30
602 42
603 31
604 37
605 25
606 40
607 37
608 32
609 29
610 29
611 32
612 29
613 34
614 33
615 36
616 36
617 39
618 46
619 33
620 27
621 38
622 46
623 36
624 36
625 40
626 27
627 28
628 33
629 34
630 39
631 30
632 32
633 34
634 48
635 42
636 30
637 41
638 42
639 41
640 46
641 38
642 46
643 47
644 54
645 59
646 50
647 50
648 60
649 68
650 72
651 96
652 135
653 124
654 115
655 104
656 104
657 103
658 106
659 78
660 98
661 101
662 59
663 64
664 54
665 59
666 46
667 49
668 61
669 56
670 37
671 49
672 34
673 30
674 37
675 34
676 35
677 33
678 32
679 23
680 35
681 35
682 33
683 33
684 21
685 35
686 35
687 36
688 36
689 41
690 33
691 47
692 47
693 30
694 37
695 44
696 27
697 38
698 41
699 37
700 25
701 47
702 26
703 27
704 31
705 41
706 27
707 39
708 39
709 28
710 25
711 37
712 37
713 25
714 35
715 40
716 40
717 25
718 26
719 35
720 33
721 36
722 30
723 29
724 43
725 26
726 40
727 36
728 41
729 27
730 33
731 30
732 22
733 31
734 36
735 31
736 43
737 34
738 37
739 24
740 45
741 30
742 35
743 30
744 34
745 33
746 34
747 30
748 30
749 27
750 40
751 24
752 41
753 38
754 30
755 34
756 41
757 40
758 30
759 20
760 39
761 33
762 24
763 41
764 27
765 36
766 33
767 33
768 40
769 32
770 26
771 44
772 35
773 52
774 33
775 31
776 35
777 25
778 37
779 20
780 35
781 33
782 36
783 35
784 30
785 32
786 37
787 32
788 31
789 32
790 30
791 27
792 34
793 33
794 31
795 32
796 36
797 38
798 34
799 35
800 26
801 18
802 29
803 26
804 34
805 31
806 36
807 29
808 34
809 32
810 33
811 33
812 31
813 32
814 28
815 36
816 43
817 33
818 25
819 27
820 29
821 34
822 37
823 34
824 43
825 41
826 28
827 27
828 52
829 32
830 29
831 25
832 21
833 38
834 19
835 28
836 35
837 31
838 38
839 30
840 35
841 20
842 35
843 39
844 29
845 32
846 39
847 34
848 27
849 44
850 30
851 32
852 30
853 27
854 34
855 34
856 23
857 33
858 33
859 33
860 18
861 36
862 26
863 21
864 32
865 23
866 30
867 30
868 25
869 32
870 20
871 26
872 30
873 32
874 31
875 26
876 35
877 21
878 31
879 34
880 35
881 32
882 38
883 27
884 26
885 31
886 30
887 23
888 38
889 45
890 26
891 42
892 24
893 31
894 31
895 24
896 23
897 35
898 39
899 40
900 24
901 31
902 21
903 28
904 31
905 39
906 42
907 28
908 35
909 42
910 34
911 31
912 36
913 38
914 34
915 28
916 35
917 25
918 24
919 33
920 29
921 23
922 33
923 27
924 28
925 26
926 40
927 32
928 17
929 30
930 25
931 20
932 34
933 34
934 25
935 38
936 42
937 44
938 31
939 32
940 25
941 34
942 29
943 25
944 31
945 32
946 37
947 22
948 29
949 26
950 22
951 19
952 32
953 41
954 27
955 32
956 20
957 34
958 31
959 27
960 27
961 31
962 31
963 35
964 26
965 22
966 29
967 26
968 30
969 25
970 32
971 38
972 33
973 22
974 25
975 27
976 28
977 28
978 32
979 32
980 28
981 25
982 27
983 34
984 24
985 33
986 34
987 31
988 29
989 33
990 40
991 31
992 24
993 37
994 27
995 24
996 39
997 31
998 29
999 37
1000 38
1001 24
1002 28
1003 40
1004 31
1005 31
1006 28
1007 37
1008 24
1009 38
1010 41
1011 33
1012 27
1013 24
1014 33
1015 39
1016 38
1017 29
1018 31
1019 30
1020 40
1021 32
1022 30
1023 35
1024 29
1025 22
1026 23
1027 28
1028 31
1029 33
1030 33
1031 34
1032 35
1033 24
1034 28
1035 24
1036 30
1037 37
1038 38
1039 28
1040 39
1041 35
1042 35
1043 30
1044 38
1045 31
1046 39
1047 28
1048 41
1049 36
1050 25
1051 37
1052 27
1053 28
1054 26
1055 31
1056 25
1057 35
1058 32
1059 33
1060 22
1061 22
1062 38
1063 28
1064 31
1065 35
1066 29
1067 43
1068 30
1069 23
1070 38
1071 43
1072 23
1073 32
1074 30
1075 26
1076 31
1077 35
1078 36
1079 26
1080 25
1081 24
1082 35
1083 31
1084 38
1085 36
1086 27
1087 26
1088 30
1089 31
1090 33
1091 27
1092 24
1093 30
1094 31
1095 36
1096 35
1097 25
1098 18
1099 22
1100 21
1101 24
1102 32
1103 16
1104 30
1105 34
1106 24
1107 29
1108 19
1109 37
1110 31
1111 24
1112 27
1113 34
1114 29
1115 28
1116 27
1117 17
1118 24
1119 23
1120 38
1121 24
1122 29
1123 28
1124 30
1125 39
1126 35
1127 39
1128 31
1129 30
1130 24
1131 26
1132 32
1133 29
1134 31
1135 29
1136 31
1137 35
1138 39
1139 38
1140 37
1141 22
1142 34
1143 35
1144 37
1145 32
1146 26
1147 38
1148 36
1149 36
1150 21
1151 33
1152 33
1153 40
1154 41
1155 20
1156 35
1157 32
1158 26
1159 26
1160 34
1161 25
1162 26
1163 33
1164 36
1165 28
1166 37
1167 26
1168 37
1169 34
1170 31
1171 27
1172 23
1173 28
1174 33
1175 34
1176 17
1177 31
1178 26
1179 30
1180 32
1181 39
1182 37
1183 26
1184 35
1185 41
1186 21
1187 38
1188 61
1189 47
1190 60
1191 59
1192 52
1193 81
1194 100
1195 137
1196 153
1197 205
1198 234
1199 291
1200 307
1201 360
1202 432
1203 583
1204 635
1205 646
1206 719
1207 740
1208 776
1209 638
1210 534
1211 413
1212 408
1213 286
1214 224
1215 179
1216 137
1217 76
1218 52
1219 46
1220 43
1221 43
1222 54
1223 39
1224 27
1225 25
1226 30
1227 38
1228 25
1229 28
1230 25
1231 31
1232 40
1233 37
1234 30
1235 27
1236 32
1237 32
1238 18
1239 26
1240 34
1241 24
1242 23
1243 28
1244 30
1245 25
1246 27
1247 28
1248 34
1249 34
1250 16
1251 30
1252 25
1253 19
1254 24
1255 21
1256 29
1257 20
1258 32
1259 27
1260 23
1261 19
1262 25
1263 23
1264 28
1265 17
1266 27
1267 22
1268 19
1269 27
1270 27
1271 22
1272 12
1273 24
1274 14
1275 16
1276 15
1277 21
1278 4
1279 2
1280 29
1281 27
1282 19
1283 23
1284 27
1285 28
1286 25
1287 22
1288 17
1289 17
1290 27
1291 24
1292 24
1293 29
1294 28
1295 21
1296 27
1297 19
1298 19
1299 19
1300 21
1301 13
1302 25
1303 13
1304 26
1305 16
1306 17
1307 20
1308 20
1309 22
1310 20
1311 19
1312 26
1313 20
1314 22
1315 21
1316 23
1317 21
1318 27
1319 21
1320 27
1321 18
1322 15
1323 21
1324 15
1325 22
1326 15
1327 22
1328 20
1329 25
1330 13
1331 24
1332 19
1333 26
1334 16
1335 16
1336 25
1337 21
1338 16
1339 24
1340 16
1341 20
1342 23
1343 18
1344 27
1345 27
1346 15
1347 18
1348 13
1349 21
1350 22
1351 26
1352 18
1353 21
1354 13
1355 19
1356 20
1357 17
1358 20
1359 19
1360 20
1361 19
1362 17
1363 16
1364 18
1365 19
1366 26
1367 21
1368 20
1369 17
1370 16
1371 18
1372 24
1373 19
1374 23
1375 16
1376 17
1377 26
1378 12
1379 25
1380 22
1381 10
1382 18
1383 19
1384 22
1385 20
1386 26
1387 20
1388 19
1389 25
1390 25
1391 23
1392 23
1393 23
1394 15
1395 19
1396 20
1397 21
1398 33
1399 17
1400 19
1401 21
1402 15
1403 21
1404 20
1405 20
1406 19
1407 25
1408 27
1409 29
1410 24
1411 29
1412 28
1413 28
1414 20
1415 25
1416 24
1417 26
1418 22
1419 29
1420 22
1421 24
1422 26
1423 19
1424 38
1425 29
1426 29
1427 44
1428 42
1429 46
1430 42
1431 43
1432 48
1433 44
1434 33
1435 39
1436 37
1437 28
1438 21
1439 30
1440 21
1441 26
1442 27
1443 25
1444 16
1445 17
1446 20
1447 15
1448 19
1449 22
1450 31
1451 16
1452 25
1453 17
1454 19
1455 14
1456 22
1457 15
1458 21
1459 22
1460 24
1461 27
1462 17
1463 10
1464 19
1465 25
1466 23
1467 16
1468 29
1469 20
1470 24
1471 20
1472 16
1473 17
1474 18
1475 22
1476 31
1477 24
1478 21
1479 15
1480 25
1481 20
1482 16
1483 17
1484 21
1485 20
1486 22
1487 23
1488 24
1489 23
1490 19
1491 22
1492 21
1493 23
1494 24
1495 25
1496 15
1497 20
1498 30
1499 25
1500 27
1501 20
1502 30
1503 32
1504 31
1505 42
1506 34
1507 59
1508 62
1509 84
1510 104
1511 126
1512 126
1513 127
1514 199
1515 244
1516 350
1517 357
1518 343
1519 310
1520 239
1521 164
1522 183
1523 221
1524 191
1525 146
1526 132
1527 151
1528 135
1529 118
1530 101
1531 62
1532 36
1533 24
1534 20
1535 28
1536 26
1537 19
1538 17
1539 24
1540 22
1541 22
1542 20
1543 16
1544 20
1545 28
1546 18
1547 18
1548 12
1549 16
1550 21
1551 28
1552 18
1553 23
1554 29
1555 14
1556 15
1557 17
1558 20
1559 19
1560 19
1561 20
1562 16
1563 25
1564 21
1565 14
1566 16
1567 11
1568 17
1569 11
1570 23
1571 18
1572 22
1573 23
1574 24
1575 23
1576 21
1577 13
1578 13
1579 15
1580 18
1581 17
1582 14
1583 22
1584 22
1585 19
1586 24
1587 25
1588 6
1589 17
1590 24
1591 16
1592 23
1593 22
1594 16
1595 13
1596 25
1597 16
1598 15
1599 17
1600 23
1601 17
1602 14
1603 18
1604 18
1605 19
1606 20
1607 19
1608 11
1609 18
1610 12
1611 13
1612 22
1613 8
1614 12
1615 22
1616 24
1617 20
1618 18
1619 16
1620 15
1621 22
1622 23
1623 19
1624 24
1625 21
1626 17
1627 24
1628 13
1629 17
1630 20
1631 12
1632 25
1633 15
1634 19
1635 15
1636 18
1637 22
1638 23
1639 22
1640 26
1641 24
1642 14
1643 19
1644 17
1645 13
1646 22
1647 23
1648 21
1649 18
1650 25
1651 11
1652 15
1653 18
1654 25
1655 23
1656 18
1657 18
1658 19
1659 21
1660 23
1661 20
1662 15
1663 11
1664 13
1665 25
1666 22
1667 20
1668 17
1669 13
1670 18
1671 20
1672 11
1673 23
1674 18
1675 16
1676 6
1677 22
1678 17
1679 22
1680 12
1681 14
1682 14
1683 19
1684 19
1685 12
1686 9
1687 22
1688 20
1689 11
1690 14
1691 23
1692 14
1693 19
1694 13
1695 21
1696 26
1697 23
1698 16
1699 18
1700 14
1701 18
1702 15
1703 14
1704 20
1705 16
1706 12
1707 14
1708 16
1709 17
1710 22
1711 14
1712 15
1713 11
1714 19
1715 25
1716 17
1717 16
1718 20
1719 19
1720 21
1721 16
1722 18
1723 22
1724 15
1725 20
1726 12
1727 14
1728 7
1729 18
1730 19
1731 14
1732 14
1733 8
1734 21
1735 22
1736 20
1737 21
1738 23
1739 13
1740 28
1741 14
1742 14
1743 16
1744 14
1745 19
1746 23
1747 13
1748 17
1749 16
1750 18
1751 16
1752 16
1753 25
1754 19
1755 12
1756 18
1757 21
1758 22
1759 20
1760 12
1761 15
1762 17
1763 12
1764 14
1765 19
1766 25
1767 17
1768 22
1769 18
1770 27
1771 18
1772 21
1773 16
1774 22
1775 20
1776 7
1777 15
1778 13
1779 11
1780 21
1781 23
1782 22
1783 22
1784 19
1785 12
1786 14
1787 17
1788 25
1789 11
1790 12
1791 11
1792 14
1793 12
1794 21
1795 11
1796 21
1797 17
1798 23
1799 12
1800 22
1801 18
1802 14
1803 17
1804 16
1805 17
1806 12
1807 21
1808 15
1809 20
1810 17
1811 22
1812 18
1813 14
1814 15
1815 17
1816 16
1817 22
1818 16
1819 9
1820 18
1821 19
1822 13
1823 13
1824 10
1825 12
1826 13
1827 13
1828 16
1829 15
1830 23
1831 19
1832 15
1833 22
1834 18
1835 12
1836 18
1837 18
1838 16
1839 17
1840 14
1841 18
1842 13
1843 15
1844 13
1845 13
1846 13
1847 12
1848 12
1849 14
1850 17
1851 19
1852 22
1853 18
1854 8
1855 14
1856 15
1857 16
1858 18
1859 16
1860 16
1861 11
1862 13
1863 15
1864 11
1865 11
1866 14
1867 16
1868 26
1869 12
1870 17
1871 17
1872 10
1873 11
1874 12
1875 15
1876 20
1877 7
1878 16
1879 9
1880 14
1881 12
1882 14
1883 10
1884 13
1885 15
1886 18
1887 17
1888 20
1889 15
1890 16
1891 17
1892 21
1893 16
1894 17
1895 16
1896 14
1897 20
1898 18
1899 13
1900 22
1901 21
1902 18
1903 18
1904 17
1905 16
1906 14
1907 18
1908 14
1909 16
1910 15
1911 20
1912 14
1913 20
1914 21
1915 18
1916 14
1917 16
1918 15
1919 18
1920 17
1921 16
1922 17
1923 17
1924 14
1925 24
1926 32
1927 16
1928 23
1929 19
1930 15
1931 8
1932 22
1933 19
1934 18
1935 13
1936 20
1937 8
1938 17
1939 17
1940 14
1941 16
1942 12
1943 18
1944 20
1945 21
1946 13
1947 16
1948 21
1949 21
1950 15
1951 19
1952 19
1953 19
1954 23
1955 22
1956 29
1957 18
1958 20
1959 9
1960 15
1961 16
1962 14
1963 11
1964 21
1965 21
1966 15
1967 18
1968 22
1969 12
1970 17
1971 15
1972 16
1973 18
1974 21
1975 11
1976 14
1977 21
1978 18
1979 13
1980 13
1981 11
1982 24
1983 15
1984 15
1985 23
1986 18
1987 13
1988 16
1989 15
1990 19
1991 15
1992 16
1993 23
1994 17
1995 21
1996 33
1997 39
1998 52
1999 62
2000 77
2001 142
2002 172
2003 129
2004 84
2005 86
2006 93
2007 123
2008 95
2009 100
2010 143
2011 96
2012 141
2013 139
2014 121
2015 76
2016 74
2017 79
2018 75
2019 71
2020 39
2021 48
2022 47
2023 48
2024 26
2025 21
2026 18
2027 19
2028 16
2029 14
2030 19
2031 13
2032 14
2033 10
2034 12
2035 14
2036 9
2037 12
2038 18
2039 16
2040 17
2041 20
2042 15
2043 19
2044 13
2045 10
2046 13
2047 11
2048 18
2049 17
2050 12
2051 11
2052 14
2053 16
2054 11
2055 11
2056 14
2057 12
2058 14
2059 14
2060 14
2061 13
2062 22
2063 12
2064 16
2065 20
2066 13
2067 14
2068 15
2069 10
2070 16
2071 15
2072 11
2073 16
2074 10
2075 14
2076 13
2077 9
2078 11
2079 16
2080 10
2081 9
2082 15
2083 13
2084 12
2085 5
2086 13
2087 12
2088 13
2089 17
2090 13
2091 17
2092 8
2093 17
2094 18
2095 16
2096 20
2097 25
2098 15
2099 14
2100 21
2101 14
2102 18
2103 10
2104 11
2105 10
2106 13
2107 19
2108 17
2109 18
2110 16
2111 17
2112 15
2113 9
2114 6
2115 18
2116 8
2117 12
2118 16
2119 17
2120 18
2121 15
2122 11
2123 10
2124 12
2125 18
2126 20
2127 11
2128 19
2129 8
2130 20
2131 8
2132 14
2133 16
2134 11
2135 14
2136 16
2137 12
2138 16
2139 15
2140 11
2141 19
2142 14
2143 16
2144 11
2145 12
2146 15
2147 10
2148 8
2149 9
2150 11
2151 8
2152 11
2153 11
2154 17
2155 12
2156 14
2157 13
2158 11
2159 12
2160 17
2161 9
2162 18
2163 15
2164 11
2165 11
2166 14
2167 11
2168 13
2169 12
2170 13
2171 13
2172 12
2173 22
2174 15
2175 12
2176 12
2177 15
2178 11
2179 10
2180 18
2181 14
2182 16
2183 19
2184 8
2185 18
2186 17
2187 15
2188 14
2189 16
2190 16
2191 19
2192 9
2193 21
2194 13
2195 15
2196 10
2197 11
2198 9
2199 10
2200 18
2201 11
2202 15
2203 8
2204 12
2205 18
2206 16
2207 16
2208 22
2209 17
2210 11
2211 19
2212 19
2213 20
2214 12
2215 15
2216 13
2217 14
2218 13
2219 11
2220 13
2221 8
2222 10
2223 9
2224 19
2225 12
2226 15
2227 10
2228 16
2229 5
2230 16
2231 9
2232 19
2233 21
2234 13
2235 16
2236 16
2237 16
2238 14
2239 13
2240 19
2241 20
2242 24
2243 20
2244 12
2245 17
2246 13
2247 19
2248 12
2249 12
2250 24
2251 14
2252 22
2253 20
2254 27
2255 17
2256 27
2257 26
2258 23
2259 27
2260 24
2261 30
2262 39
2263 38
2264 49
2265 46
2266 73
2267 99
2268 124
2269 184
2270 264
2271 291
2272 337
2273 309
2274 333
2275 370
2276 573
2277 693
2278 645
2279 648
2280 649
2281 536
2282 517
2283 409
2284 416
2285 431
2286 379
2287 283
2288 269
2289 303
2290 261
2291 241
2292 198
2293 167
2294 118
2295 118
2296 104
2297 86
2298 75
2299 44
2300 42
2301 33
2302 20
2303 28
2304 18
2305 19
2306 35
2307 21
2308 21
2309 14
2310 14
2311 14
2312 15
2313 15
2314 14
2315 10
2316 13
2317 19
2318 14
2319 15
2320 18
2321 11
2322 15
2323 22
2324 13
2325 12
2326 20
2327 14
2328 13
2329 13
2330 15
2331 8
2332 12
2333 18
2334 21
2335 12
2336 12
2337 19
2338 17
2339 14
2340 13
2341 18
2342 19
2343 17
2344 10
2345 16
2346 19
2347 11
2348 15
2349 14
2350 13
2351 12
2352 16
2353 17
2354 10
2355 19
2356 13
2357 19
2358 17
2359 13
2360 9
2361 5
2362 15
2363 15
2364 21
2365 10
2366 11
2367 13
2368 10
2369 13
2370 13
2371 15
2372 6
2373 14
2374 8
2375 12
2376 11
2377 14
2378 12
2379 15
2380 13
2381 16
2382 8
2383 18
2384 22
2385 18
2386 10
2387 12
2388 19
2389 12
2390 9
2391 17
2392 14
2393 10
2394 18
2395 13
2396 12
2397 5
2398 7
2399 17
2400 19
2401 26
2402 12
2403 14
2404 13
2405 18
2406 16
2407 17
2408 21
2409 13
2410 14
2411 21
2412 28
2413 13
2414 12
2415 17
2416 10
2417 10
2418 10
2419 9
2420 14
2421 11
2422 16
2423 15
2424 11
2425 10
2426 12
2427 14
2428 13
2429 13
2430 7
2431 8
2432 9
2433 14
2434 18
2435 8
2436 7
2437 7
2438 12
2439 16
2440 14
2441 16
2442 17
2443 12
2444 14
2445 14
2446 14
2447 11
2448 8
2449 17
2450 15
2451 9
2452 10
2453 13
2454 6
2455 7
2456 10
2457 15
2458 11
2459 15
2460 16
2461 17
2462 24
2463 15
2464 16
2465 10
2466 14
2467 15
2468 20
2469 19
2470 13
2471 13
2472 20
2473 12
2474 18
2475 13
2476 15
2477 17
2478 21
2479 26
2480 28
2481 22
2482 33
2483 36
2484 37
2485 33
2486 46
2487 42
2488 40
2489 47
2490 61
2491 63
2492 70
2493 79
2494 83
2495 83
2496 76
2497 101
2498 110
2499 99
2500 87
2501 70
2502 53
2503 66
2504 60
2505 63
2506 39
2507 52
2508 37
2509 34
2510 42
2511 37
2512 23
2513 29
2514 24
2515 23
2516 12
2517 16
2518 12
2519 15
2520 13
2521 15
2522 14
2523 8
2524 11
2525 9
2526 16
2527 18
2528 12
2529 13
2530 10
2531 12
2532 10
2533 5
2534 13
2535 8
2536 10
2537 9
2538 10
2539 10
2540 8
2541 7
2542 10
2543 11
2544 22
2545 18
2546 12
2547 7
2548 12
2549 11
2550 14
2551 10
2552 10
2553 13
2554 11
2555 7
2556 19
2557 7
2558 11
2559 14
