0 42
1 37
2 27
3 32
4 37
5 30
6 32
7 51
8 41
9 38
10 28
11 28
12 33
13 37
14 36
15 45
16 38
17 27
18 32
19 44
20 29
21 25
22 44
23 36
24 28
25 25
26 35
27 36
28 34
29 33
30 42
31 34
32 34
33 35
34 29
35 39
36 36
37 33
38 42
39 36
40 31
41 37
42 32
43 49
44 45
45 32
46 36
47 36
48 45
49 38
50 38
51 39
52 35
53 32
54 21
55 36
56 36
57 42
58 35
59 36
60 44
61 35
62 37
63 40
64 41
65 39
66 29
67 28
68 39
69 31
70 38
71 26
72 28
73 42
74 44
75 40
76 38
77 30
78 31
79 29
80 41
81 45
82 35
83 44
84 47
85 34
86 27
87 29
88 30
89 30
90 27
91 40
92 32
93 46
94 25
95 40
96 40
97 37
98 46
99 30
100 35
101 41
102 34
103 43
104 40
105 35
106 35
107 37
108 29
109 39
110 38
111 37
112 35
113 38
114 43
115 30
116 43
117 30
118 46
119 51
120 42
121 30
122 37
123 34
124 33
125 43
126 30
127 43
128 45
129 34
130 44
131 40
132 43
133 47
134 37
135 28
136 36
137 23
138 44
139 35
140 35
141 42
142 32
143 40
144 40
145 48
146 45
147 32
148 38
149 37
150 39
151 41
152 41
153 34
154 44
155 29
156 29
157 35
158 37
159 38
160 45
161 39
162 24
163 37
164 49
165 39
166 38
167 46
168 44
169 45
170 42
171 32
172 33
173 37
174 40
175 42
176 40
177 39
178 39
179 33
180 27
181 44
182 44
183 41
184 45
185 44
186 29
187 37
188 33
189 34
190 41
191 38
192 31
193 34
194 44
195 38
196 43
197 43
198 40
199 32
200 46
201 47
202 33
203 44
204 30
205 50
206 36
207 48
208 52
209 35
210 42
211 33
212 25
213 30
214 37
215 44
216 40
217 32
218 36
219 44
220 40
221 44
222 39
223 55
224 45
225 43
226 38
227 46
228 39
229 32
230 32
231 48
232 38
233 34
234 48
235 40
236 37
237 42
238 36
239 24
240 43
241 38
242 36
243 38
244 41
245 46
246 39
247 34
248 38
249 31
250 48
251 35
252 36
253 28
254 40
255 39
256 37
257 46
258 43
259 35
260 44
261 46
262 43
263 35
264 33
265 42
266 46
267 45
268 47
269 43
270 41
271 42
272 46
273 42
274 35
275 51
276 40
277 43
278 45
279 51
280 35
281 42
282 46
283 45
284 31
285 35
286 35
287 44
288 48
289 53
290 41
291 39
292 47
293 44
294 56
295 39
296 30
297 34
298 47
299 33
300 37
301 38
302 42
303 49
304 49
305 40
306 42
307 37
308 44
309 35
310 47
311 30
312 40
313 44
314 46
315 42
316 31
317 43
318 42
319 32
320 38
321 59
322 37
323 44
324 48
325 44
326 37
327 37
328 42
329 47
330 45
331 31
332 44
333 41
334 34
335 38
336 45
337 41
338 40
339 37
340 49
341 47
342 40
343 48
344 41
345 50
346 34
347 49
348 43
349 32
350 44
351 49
352 38
353 42
354 43
355 40
356 38
357 42
358 49
359 42
360 41
361 35
362 40
363 39
364 35
365 40
366 45
367 31
368 49
369 39
370 43
371 49
372 35
373 40
374 33
375 33
376 61
377 44
378 46
379 60
380 39
381 40
382 48
383 45
384 32
385 40
386 38
387 37
388 50
389 33
390 39
391 50
392 50
393 37
394 42
395 36
396 38
397 33
398 42
399 45
400 38
401 39
402 44
403 44
404 40
405 33
406 43
407 66
408 57
409 46
410 53
411 43
412 48
413 32
414 43
415 43
416 47
417 41
418 57
419 51
420 43
421 52
422 36
423 54
424 50
425 54
426 44
427 47
428 48
429 53
430 34
431 60
432 40
433 49
434 31
435 37
436 34
437 55
438 37
439 47
440 59
441 39
442 42
443 42
444 50
445 35
446 35
447 45
448 43
449 38
450 45
451 31
452 34
453 45
454 40
455 45
456 39
457 47
458 40
459 34
460 32
461 42
462 31
463 33
464 42
465 40
466 47
467 35
468 32
469 43
470 48
471 48
472 49
473 40
474 41
475 47
476 50
477 55
478 54
479 56
480 55
481 46
482 42
483 70
484 58
485 56
486 64
487 43
488 64
489 86
490 77
491 76
492 75
493 80
494 97
495 93
496 84
497 86
498 79
499 103
500 116
501 106
502 123
503 127
504 114
505 141
506 124
507 106
508 85
509 78
510 106
511 98
512 92
513 76
514 57
515 76
516 52
517 54
518 44
519 53
520 48
521 53
522 39
523 33
524 46
525 47
526 39
527 61
528 39
529 39
530 39
531 47
532 36
533 48
534 48
535 49
536 37
537 41
538 49
539 45
540 53
541 42
542 36
543 42
544 49
545 44
546 45
547 48
548 41
549 37
550 40
551 42
552 57
553 40
554 37
555 46
556 43
557 40
558 55
559 57
560 32
561 47
562 47
563 48
564 35
565 31
566 41
567 33
568 37
569 35
570 38
571 41
572 36
573 42
574 40
575 36
576 33
577 28
578 52
579 27
580 49
581 38
582 40
583 32
584 50
585 46
586 47
587 45
588 48
589 43
590 28
591 36
592 41
593 36
594 52
595 39
596 31
597 31
598 39
599 35
600 32
601 40
602 43
603 45
604 41
605 41
606 42
607 31
608 37
609 36
610 47
611 35
612 38
613 45
614 45
615 39
616 42
617 49
618 42
619 39
620 50
621 45
622 45
623 56
624 43
625 36
626 42
627 38
628 41
629 36
630 42
631 43
632 38
633 56
634 43
635 41
636 37
637 54
638 41
639 44
640 30
641 40
642 38
643 46
644 39
645 34
646 43
647 42
648 35
649 34
650 46
651 37
652 36
653 38
654 52
655 43
656 48
657 30
658 33
659 39
660 43
661 46
662 48
663 38
664 41
665 45
666 38
667 38
668 48
669 33
670 52
671 41
672 53
673 34
674 51
675 39
676 45
677 58
678 57
679 35
680 37
681 42
682 45
683 42
684 38
685 35
686 41
687 47
688 40
689 37
690 39
691 39
692 46
693 43
694 33
695 42
696 53
697 43
698 34
699 38
700 39
701 32
702 55
703 38
704 44
705 38
706 45
707 32
708 43
709 46
710 52
711 48
712 41
713 37
714 33
715 35
716 42
717 30
718 39
719 55
720 48
721 43
722 46
723 32
724 43
725 33
726 39
727 49
728 49
729 40
730 41
731 40
732 40
733 39
734 39
735 38
736 42
737 45
738 24
739 50
740 40
741 31
742 38
743 52
744 45
745 48
746 44
747 45
748 39
749 49
750 45
751 34
752 30
753 29
754 33
755 50
756 36
757 30
758 32
759 40
760 31
761 40
762 51
763 39
764 41
765 37
766 21
767 35
768 35
769 39
770 51
771 36
772 46
773 37
774 36
775 39
776 42
777 32
778 49
779 39
780 36
781 34
782 41
783 37
784 34
785 48
786 41
787 52
788 34
789 50
790 44
791 30
792 49
793 54
794 36
795 39
796 30
797 39
798 42
799 41
800 41
801 32
802 42
803 39
804 41
805 45
806 43
807 43
808 46
809 31
810 36
811 43
812 31
813 31
814 48
815 31
816 39
817 37
818 37
819 48
820 46
821 51
822 49
823 40
824 40
825 34
826 40
827 45
828 38
829 40
830 46
831 37
832 51
833 40
834 41
835 39
836 42
837 42
838 44
839 28
840 34
841 32
842 40
843 39
844 38
845 39
846 30
847 25
848 42
849 46
850 38
851 35
852 31
853 32
854 39
855 34
856 41
857 39
858 21
859 33
860 35
861 43
862 39
863 34
864 23
865 44
866 39
867 44
868 37
869 29
870 38
871 30
872 43
873 36
874 46
875 41
876 33
877 55
878 35
879 40
880 37
881 45
882 39
883 33
884 26
885 50
886 29
887 32
888 29
889 26
890 36
891 33
892 39
893 33
894 39
895 32
896 35
897 38
898 34
899 34
900 34
901 50
902 40
903 45
904 40
905 41
906 40
907 41
908 47
909 44
910 41
911 43
912 41
913 36
914 33
915 26
916 38
917 35
918 40
919 33
920 28
921 35
922 28
923 43
924 43
925 36
926 35
927 52
928 41
929 44
930 37
931 42
932 36
933 38
934 47
935 35
936 40
937 46
938 42
939 40
940 36
941 44
942 34
943 27
944 42
945 39
946 42
947 47
948 41
949 33
950 43
951 42
952 42
953 49
954 45
955 30
956 39
957 36
958 39
959 31
960 28
961 35
962 44
963 45
964 36
965 30
966 36
967 31
968 22
969 42
970 35
971 40
972 38
973 38
974 36
975 31
976 36
977 30
978 31
979 37
980 26
981 35
982 40
983 53
984 30
985 59
986 50
987 50
988 62
989 71
990 65
991 50
992 64
993 62
994 83
995 97
996 122
997 97
998 126
999 150
1000 149
1001 179
1002 212
1003 255
1004 287
1005 379
1006 384
1007 383
1008 390
1009 379
1010 455
1011 504
1012 534
1013 621
1014 623
1015 475
1016 504
1017 501
1018 370
1019 295
1020 221
1021 179
1022 98
1023 106
1024 67
1025 63
1026 43
1027 37
1028 31
1029 31
1030 39
1031 47
1032 29
1033 20
1034 35
1035 46
1036 33
1037 44
1038 41
1039 33
1040 41
1041 34
1042 39
1043 33
1044 37
1045 36
1046 26
1047 39
1048 30
1049 35
1050 37
1051 47
1052 40
1053 41
1054 37
1055 37
1056 31
1057 41
1058 43
1059 41
1060 42
1061 45
1062 36
1063 37
1064 32
1065 29
1066 31
1067 42
1068 30
1069 27
1070 38
1071 27
1072 33
1073 36
1074 35
1075 30
1076 45
1077 37
1078 34
1079 44
1080 44
1081 44
1082 34
1083 29
1084 33
1085 36
1086 46
1087 33
1088 28
1089 35
1090 33
1091 36
1092 35
1093 28
1094 31
1095 42
1096 39
1097 35
1098 38
1099 32
1100 22
1101 47
1102 26
1103 32
1104 36
1105 36
1106 37
1107 24
1108 29
1109 34
1110 23
1111 32
1112 45
1113 31
1114 32
1115 25
1116 36
1117 41
1118 35
1119 40
1120 28
1121 47
1122 30
1123 34
1124 35
1125 27
1126 44
1127 31
1128 38
1129 37
1130 40
1131 44
1132 38
1133 39
1134 44
1135 34
1136 58
1137 67
1138 63
1139 34
1140 60
1141 62
1142 68
1143 65
1144 53
1145 35
1146 59
1147 44
1148 66
1149 52
1150 61
1151 53
1152 41
1153 42
1154 31
1155 40
1156 34
1157 31
1158 38
1159 29
1160 42
1161 44
1162 34
1163 35
1164 33
1165 28
1166 30
1167 38
1168 31
1169 30
1170 33
1171 24
1172 32
1173 40
1174 33
1175 43
1176 25
1177 38
1178 29
1179 29
1180 36
1181 35
1182 42
1183 40
1184 30
1185 30
1186 36
1187 40
1188 34
1189 45
1190 45
1191 24
1192 29
1193 41
1194 40
1195 35
1196 33
1197 44
1198 30
1199 32
1200 34
1201 37
1202 33
1203 32
1204 31
1205 40
1206 39
1207 32
1208 35
1209 35
1210 29
1211 31
1212 34
1213 33
1214 32
1215 20
1216 30
1217 37
1218 25
1219 29
1220 30
1221 23
1222 25
1223 27
1224 37
1225 25
1226 37
1227 37
1228 31
1229 37
1230 33
1231 33
1232 21
1233 39
1234 30
1235 40
1236 37
1237 47
1238 36
1239 19
1240 30
1241 42
1242 25
1243 32
1244 42
1245 36
1246 27
1247 31
1248 22
1249 26
1250 22
1251 41
1252 29
1253 32
1254 42
1255 24
1256 23
1257 24
1258 30
1259 28
1260 35
1261 42
1262 28
1263 28
1264 25
1265 29
1266 25
1267 21
1268 23
1269 22
1270 21
1271 24
1272 29
1273 24
1274 21
1275 13
1276 21
1277 13
1278 20
1279 28
1280 85
1281 80
1282 92
1283 128
1284 132
1285 136
1286 155
1287 220
1288 228
1289 221
1290 256
1291 259
1292 221
1293 237
1294 282
1295 295
1296 247
1297 232
1298 162
1299 98
1300 76
1301 55
1302 74
1303 51
1304 44
1305 50
1306 42
1307 37
1308 22
1309 25
1310 21
1311 31
1312 19
1313 29
1314 26
1315 38
1316 29
1317 24
1318 35
1319 19
1320 17
1321 22
1322 23
1323 25
1324 20
1325 27
1326 19
1327 26
1328 34
1329 28
1330 24
1331 23
1332 22
1333 19
1334 15
1335 18
1336 21
1337 25
1338 25
1339 28
1340 19
1341 22
1342 29
1343 18
1344 19
1345 19
1346 23
1347 29
1348 24
1349 40
1350 26
1351 26
1352 28
1353 24
1354 31
1355 21
1356 21
1357 19
1358 20
1359 34
1360 24
1361 28
1362 34
1363 22
1364 19
1365 20
1366 31
1367 29
1368 22
1369 20
1370 30
1371 29
1372 28
1373 22
1374 24
1375 20
1376 26
1377 36
1378 25
1379 18
1380 26
1381 16
1382 29
1383 25
1384 20
1385 19
1386 27
1387 22
1388 22
1389 20
1390 17
1391 20
1392 26
1393 16
1394 20
1395 18
1396 32
1397 21
1398 22
1399 16
1400 33
1401 22
1402 26
1403 24
1404 23
1405 22
1406 20
1407 16
1408 21
1409 39
1410 22
1411 14
1412 27
1413 19
1414 32
1415 24
1416 26
1417 30
1418 28
1419 23
1420 19
1421 20
1422 24
1423 24
1424 30
1425 21
1426 15
1427 37
1428 27
1429 25
1430 23
1431 17
1432 21
1433 24
1434 23
1435 28
1436 32
1437 20
1438 27
1439 17
1440 28
1441 28
1442 23
1443 30
1444 20
1445 26
1446 27
1447 17
1448 23
1449 23
1450 24
1451 23
1452 29
1453 22
1454 22
1455 32
1456 27
1457 23
1458 22
1459 23
1460 18
1461 32
1462 21
1463 25
1464 18
1465 23
1466 18
1467 24
1468 28
1469 16
1470 25
1471 27
1472 27
1473 28
1474 27
1475 24
1476 21
1477 28
1478 18
1479 21
1480 24
1481 17
1482 28
1483 17
1484 22
1485 20
1486 28
1487 23
1488 19
1489 21
1490 20
1491 18
1492 30
1493 24
1494 20
1495 22
1496 14
1497 24
1498 25
1499 21
1500 19
1501 28
1502 16
1503 26
1504 22
1505 27
1506 18
1507 23
1508 23
1509 15
1510 22
1511 21
1512 18
1513 27
1514 27
1515 23
1516 25
1517 28
1518 18
1519 21
1520 20
1521 15
1522 20
1523 25
1524 18
1525 20
1526 26
1527 18
1528 15
1529 25
1530 24
1531 23
1532 20
1533 18
1534 26
1535 19
1536 32
1537 19
1538 19
1539 16
1540 19
1541 19
1542 24
1543 11
1544 12
1545 18
1546 25
1547 21
1548 24
1549 20
1550 22
1551 14
1552 28
1553 24
1554 25
1555 19
1556 32
1557 15
1558 22
1559 17
1560 21
1561 20
1562 22
1563 21
1564 11
1565 15
1566 22
1567 22
1568 21
1569 16
1570 21
1571 21
1572 14
1573 18
1574 19
1575 21
1576 21
1577 18
1578 21
1579 25
1580 19
1581 21
1582 27
1583 17
1584 16
1585 19
1586 9
1587 20
1588 22
1589 19
1590 25
1591 23
1592 23
1593 13
1594 17
1595 27
1596 27
1597 18
1598 23
1599 21
1600 26
1601 26
1602 17
1603 17
1604 23
1605 18
1606 19
1607 28
1608 18
1609 16
1610 18
1611 24
1612 24
1613 11
1614 27
1615 24
1616 28
1617 25
1618 16
1619 14
1620 17
1621 21
1622 22
1623 21
1624 31
1625 17
1626 18
1627 27
1628 14
1629 21
1630 15
1631 15
1632 24
1633 16
1634 14
1635 19
1636 19
1637 19
1638 16
1639 22
1640 22
1641 18
1642 23
1643 16
1644 15
1645 13
1646 13
1647 17
1648 21
1649 18
1650 14
1651 22
1652 17
1653 27
1654 18
1655 25
1656 20
1657 16
1658 17
1659 23
1660 23
1661 19
1662 18
1663 21
1664 27
1665 21
1666 23
1667 19
1668 16
1669 24
1670 17
1671 15
1672 23
1673 17
1674 20
1675 15
1676 18
1677 26
1678 20
1679 17
1680 19
1681 20
1682 16
1683 21
1684 28
1685 30
1686 18
1687 23
1688 26
1689 25
1690 32
1691 23
1692 15
1693 30
1694 26
1695 27
1696 27
1697 25
1698 20
1699 30
1700 27
1701 21
1702 29
1703 25
1704 20
1705 23
1706 20
1707 33
1708 17
1709 15
1710 19
1711 20
1712 23
1713 18
1714 28
1715 29
1716 20
1717 22
1718 22
1719 18
1720 16
1721 19
1722 28
1723 30
1724 26
1725 39
1726 30
1727 42
1728 35
1729 33
1730 56
1731 60
1732 53
1733 62
1734 62
1735 109
1736 127
1737 85
1738 94
1739 111
1740 99
1741 252
1742 426
1743 285
1744 144
1745 114
1746 100
1747 100
1748 114
1749 70
1750 72
1751 81
1752 82
1753 71
1754 54
1755 45
1756 47
1757 45
1758 58
1759 51
1760 42
1761 28
1762 26
1763 16
1764 16
1765 19
1766 29
1767 14
1768 31
1769 19
1770 21
1771 18
1772 14
1773 21
1774 26
1775 21
1776 23
1777 18
1778 21
1779 24
1780 29
1781 23
1782 20
1783 28
1784 16
1785 11
1786 21
1787 19
1788 9
1789 18
1790 26
1791 18
1792 15
1793 20
1794 17
1795 13
1796 19
1797 19
1798 17
1799 15
1800 23
1801 20
1802 14
1803 17
1804 14
1805 24
1806 11
1807 18
1808 21
1809 17
1810 19
1811 14
1812 19
1813 21
1814 18
1815 20
1816 25
1817 12
1818 17
1819 24
1820 14
1821 20
1822 15
1823 11
1824 22
1825 14
1826 12
1827 16
1828 17
1829 18
1830 13
1831 12
1832 17
1833 17
1834 29
1835 25
1836 23
1837 20
1838 11
1839 22
1840 17
1841 22
1842 15
1843 19
1844 16
1845 21
1846 20
1847 22
1848 16
1849 21
1850 26
1851 14
1852 13
1853 13
1854 8
1855 22
1856 25
1857 21
1858 18
1859 18
1860 31
1861 25
1862 16
1863 23
1864 17
1865 17
1866 12
1867 15
1868 14
1869 14
1870 26
1871 12
1872 20
1873 20
1874 11
1875 25
1876 16
1877 11
1878 18
1879 17
1880 17
1881 15
1882 14
1883 27
1884 20
1885 19
1886 26
1887 19
1888 20
1889 23
1890 19
1891 16
1892 20
1893 24
1894 21
1895 22
1896 25
1897 9
1898 12
1899 20
1900 15
1901 24
1902 22
1903 25
1904 13
1905 22
1906 21
1907 17
1908 21
1909 17
1910 22
1911 19
1912 22
1913 17
1914 17
1915 19
1916 18
1917 18
1918 15
1919 21
1920 19
1921 23
1922 19
1923 27
1924 18
1925 20
1926 27
1927 15
1928 20
1929 28
1930 25
1931 18
1932 11
1933 14
1934 20
1935 20
1936 25
1937 13
1938 23
1939 18
1940 18
1941 26
1942 22
1943 15
1944 25
1945 20
1946 18
1947 19
1948 13
1949 17
1950 24
1951 15
1952 24
1953 22
1954 23
1955 20
1956 22
1957 21
1958 17
1959 11
1960 28
1961 31
1962 27
1963 20
1964 20
1965 30
1966 40
1967 39
1968 40
1969 51
1970 68
1971 84
1972 82
1973 55
1974 77
1975 92
1976 101
1977 108
1978 111
1979 138
1980 119
1981 115
1982 184
1983 179
1984 188
1985 215
1986 222
1987 242
1988 256
1989 349
1990 399
1991 353
1992 337
1993 336
1994 306
1995 332
1996 434
1997 397
1998 448
1999 368
2000 329
2001 275
2002 286
2003 259
2004 230
2005 247
2006 179
2007 179
2008 185
2009 87
2010 70
2011 75
2012 56
2013 35
2014 50
2015 38
2016 37
2017 34
2018 33
2019 32
2020 24
2021 29
2022 18
2023 22
2024 21
2025 17
2026 14
2027 20
2028 28
2029 12
2030 18
2031 20
2032 19
2033 16
2034 15
2035 20
2036 21
2037 19
2038 18
2039 16
2040 13
2041 25
2042 16
2043 14
2044 19
2045 15
2046 17
2047 20
2048 16
2049 24
2050 20
2051 16
2052 12
2053 16
2054 15
2055 10
2056 16
2057 12
2058 19
2059 18
2060 14
2061 17
2062 18
2063 13
2064 14
2065 17
2066 14
2067 15
2068 18
2069 21
2070 16
2071 18
2072 16
2073 12
2074 28
2075 21
2076 9
2077 14
2078 15
2079 14
2080 15
2081 12
2082 14
2083 21
2084 10
2085 19
2086 15
2087 24
2088 18
2089 13
2090 17
2091 18
2092 11
2093 15
2094 16
2095 19
2096 16
2097 12
2098 10
2099 14
2100 17
2101 13
2102 16
2103 18
2104 14
2105 21
2106 12
2107 15
2108 18
2109 18
2110 15
2111 21
2112 13
2113 19
2114 16
2115 14
2116 21
2117 20
2118 21
2119 18
2120 14
2121 19
2122 12
2123 15
2124 19
2125 10
2126 13
2127 25
2128 19
2129 19
2130 22
2131 13
2132 18
2133 17
2134 16
2135 16
2136 8
2137 10
2138 17
2139 19
2140 16
2141 8
2142 13
2143 8
2144 16
2145 12
2146 18
2147 15
2148 18
2149 10
2150 12
2151 17
2152 18
2153 16
2154 14
2155 6
2156 17
2157 15
2158 19
2159 15
2160 15
2161 21
2162 22
2163 15
2164 17
2165 23
2166 17
2167 21
2168 17
2169 20
2170 19
2171 19
2172 21
2173 26
2174 19
2175 28
2176 29
2177 22
2178 30
2179 39
2180 58
2181 59
2182 71
2183 68
2184 84
2185 71
2186 68
2187 72
2188 89
2189 97
2190 98
2191 89
2192 72
2193 75
2194 68
2195 102
2196 101
2197 98
2198 114
2199 83
2200 71
2201 68
2202 59
2203 59
2204 41
2205 42
2206 42
2207 42
2208 37
2209 29
2210 37
2211 41
2212 18
2213 24
2214 28
2215 31
2216 30
2217 18
2218 25
2219 11
2220 19
2221 19
2222 18
2223 15
2224 17
2225 21
2226 11
2227 14
2228 11
2229 17
2230 8
2231 13
2232 14
2233 10
2234 22
2235 21
2236 10
2237 13
2238 17
2239 15
2240 12
2241 14
2242 13
2243 14
2244 15
2245 6
2246 13
2247 15
2248 15
2249 19
2250 22
2251 17
2252 21
2253 11
2254 16
2255 19
2256 9
2257 8
2258 11
2259 12
2260 8
2261 12
2262 22
2263 15
2264 8
2265 18
2266 13
2267 8
2268 17
2269 16
2270 16
2271 14
2272 19
2273 13
2274 10
2275 19
2276 18
2277 18
2278 14
2279 12
2280 18
2281 22
2282 15
2283 23
2284 8
2285 8
2286 15
2287 17
2288 22
2289 10
2290 16
2291 12
2292 17
2293 16
2294 13
2295 14
2296 13
2297 12
2298 12
2299 14
2300 12
2301 21
2302 15
2303 15
2304 10
2305 16
2306 11
2307 6
2308 16
2309 16
2310 9
2311 10
2312 19
2313 15
2314 17
2315 19
2316 12
2317 15
2318 13
2319 15
2320 16
2321 11
2322 12
2323 18
2324 15
2325 12
2326 16
2327 17
2328 12
2329 10
2330 12
2331 14
2332 10
2333 17
2334 21
2335 12
2336 12
2337 11
2338 14
2339 22
2340 18
2341 19
2342 13
2343 14
2344 14
2345 11
2346 17
2347 10
2348 13
2349 11
2350 14
2351 17
2352 14
2353 15
2354 18
2355 15
2356 11
2357 15
2358 15
2359 7
2360 12
2361 15
2362 14
2363 17
2364 8
2365 15
2366 14
2367 17
2368 19
2369 13
2370 16
2371 12
2372 16
2373 16
2374 19
2375 14
2376 12
2377 9
2378 10
2379 13
2380 16
2381 14
2382 19
2383 9
2384 10
2385 15
2386 10
2387 20
2388 13
2389 13
2390 17
2391 13
2392 12
2393 11
2394 15
2395 14
2396 7
2397 12
2398 20
2399 15
2400 11
2401 18
2402 18
2403 15
2404 11
2405 17
2406 10
2407 23
2408 20
2409 13
2410 18
2411 10
2412 10
2413 9
2414 16
2415 12
2416 16
2417 11
2418 17
2419 10
2420 11
2421 16
2422 13
2423 12
2424 9
2425 16
2426 12
2427 12
2428 12
2429 13
2430 12
2431 13
2432 24
2433 13
2434 8
2435 16
2436 10
2437 10
2438 15
2439 11
2440 19
2441 12
2442 13
2443 19
2444 10
2445 13
2446 15
2447 15
2448 9
2449 8
2450 15
2451 18
2452 18
2453 20
2454 18
2455 18
2456 21
2457 19
2458 27
2459 26
2460 21
2461 34
2462 33
2463 19
2464 15
2465 42
2466 38
2467 30
2468 24
2469 35
2470 45
2471 56
2472 42
2473 65
2474 63
2475 69
2476 79
2477 61
2478 49
2479 46
2480 54
2481 57
2482 35
2483 43
2484 45
2485 37
2486 54
2487 52
2488 54
2489 50
2490 50
2491 34
2492 47
2493 33
2494 37
2495 35
2496 35
2497 33
2498 49
2499 19
2500 11
2501 22
2502 23
2503 14
2504 9
2505 16
2506 16
2507 13
2508 10
2509 17
2510 13
2511 17
2512 15
2513 14
2514 16
2515 10
2516 15
2517 16
2518 16
2519 12
2520 12
2521 12
2522 13
2523 10
2524 9
2525 19
2526 8
2527 12
2528 14
2529 14
2530 22
2531 15
2532 9
2533 9
2534 15
2535 14
2536 17
2537 8
2538 15
2539 13
2540 10
2541 12
2542 10
2543 16
2544 14
2545 15
2546 12
2547 19
2548 14
2549 13
2550 18
2551 15
2552 27
2553 16
2554 22
2555 25
2556 17
2557 21
2558 29
2559 26
