0 29
1 15
2 27
3 17
4 36
5 37
6 18
7 26
8 31
9 22
10 22
11 31
12 22
13 35
14 24
15 32
16 34
17 35
18 36
19 39
20 33
21 32
22 38
23 31
24 25
25 24
26 29
27 31
28 36
29 30
30 29
31 30
32 25
33 30
34 25
35 36
36 25
37 20
38 27
39 39
40 25
41 31
42 25
43 17
44 30
45 32
46 27
47 26
48 29
49 33
50 32
51 34
52 27
53 36
54 30
55 19
56 34
57 32
58 22
59 33
60 31
61 34
62 15
63 37
64 24
65 31
66 36
67 32
68 21
69 25
70 20
71 34
72 32
73 30
74 36
75 27
76 21
77 22
78 21
79 22
80 24
81 26
82 19
83 24
84 30
85 36
86 34
87 23
88 31
89 30
90 25
91 40
92 27
93 22
94 23
95 29
96 26
97 38
98 28
99 27
100 29
101 28
102 32
103 26
104 21
105 29
106 27
107 25
108 30
109 30
110 25
111 33
112 36
113 44
114 35
115 30
116 28
117 27
118 24
119 26
120 44
121 36
122 26
123 21
124 31
125 30
126 42
127 28
128 23
129 30
130 29
131 25
132 28
133 27
134 29
135 32
136 31
137 32
138 27
139 35
140 39
141 27
142 24
143 27
144 25
145 21
146 16
147 33
148 34
149 20
150 26
151 31
152 21
153 38
154 32
155 40
156 28
157 34
158 25
159 29
160 29
161 40
162 35
163 26
164 32
165 27
166 16
167 22
168 30
169 33
170 41
171 21
172 33
173 29
174 21
175 29
176 28
177 34
178 26
179 35
180 26
181 25
182 30
183 38
184 30
185 38
186 23
187 25
188 27
189 27
190 36
191 33
192 24
193 20
194 32
195 28
196 30
197 39
198 28
199 34
200 38
201 38
202 33
203 32
204 41
205 43
206 23
207 23
208 26
209 32
210 33
211 33
212 22
213 35
214 29
215 35
216 33
217 26
218 26
219 36
220 32
221 27
222 29
223 25
224 35
225 27
226 27
227 24
228 33
229 31
230 26
231 16
232 29
233 27
234 49
235 30
236 42
237 35
238 46
239 28
240 28
241 38
242 19
243 28
244 26
245 24
246 36
247 44
248 28
249 33
250 23
251 27
252 20
253 32
254 30
255 34
256 35
257 38
258 35
259 19
260 27
261 37
262 39
263 26
264 24
265 41
266 33
267 34
268 31
269 30
270 36
271 30
272 29
273 34
274 48
275 31
276 28
277 21
278 30
279 27
280 22
281 20
282 30
283 30
284 38
285 29
286 39
287 38
288 32
289 24
290 37
291 40
292 28
293 38
294 33
295 37
296 42
297 40
298 34
299 34
300 31
301 26
302 29
303 28
304 27
305 45
306 27
307 29
308 29
309 30
310 34
311 35
312 41
313 42
314 47
315 37
316 27
317 38
318 28
319 34
320 31
321 30
322 42
323 36
324 39
325 26
326 26
327 27
328 41
329 38
330 36
331 32
332 34
333 31
334 39
335 34
336 33
337 40
338 41
339 43
340 33
341 29
342 32
343 27
344 32
345 29
346 29
347 33
348 30
349 34
350 37
351 30
352 29
353 29
354 33
355 28
356 30
357 39
358 32
359 32
360 29
361 26
362 36
363 31
364 41
365 26
366 33
367 23
368 30
369 31
370 33
371 52
372 33
373 31
374 41
375 30
376 25
377 41
378 34
379 32
380 42
381 42
382 23
383 24
384 40
385 29
386 37
387 42
388 40
389 36
390 34
391 36
392 43
393 38
394 39
395 27
396 37
397 32
398 43
399 39
400 38
401 29
402 19
403 34
404 27
405 37
406 40
407 51
408 30
409 38
410 34
411 29
412 23
413 28
414 34
415 32
416 30
417 47
418 33
419 33
420 36
421 38
422 34
423 35
424 36
425 40
426 38
427 41
428 36
429 28
430 40
431 49
432 47
433 42
434 36
435 38
436 30
437 41
438 35
439 34
440 41
441 43
442 29
443 29
444 41
445 27
446 32
447 31
448 32
449 40
450 35
451 41
452 25
453 35
454 42
455 46
456 44
457 30
458 36
459 30
460 41
461 29
462 28
463 38
464 31
465 21
466 34
467 26
468 45
469 32
470 36
471 37
472 35
473 41
474 39
475 41
476 24
477 25
478 29
479 30
480 13
481 45
482 39
483 27
484 33
485 44
486 33
487 42
488 37
489 40
490 40
491 47
492 20
493 41
494 38
495 25
496 41
497 35
498 35
499 58
500 33
501 31
502 32
503 57
504 44
505 33
506 31
507 25
508 32
509 39
510 32
511 36
512 47
513 37
514 39
515 59
516 47
517 39
518 46
519 33
520 36
521 28
522 41
523 47
524 38
525 41
526 42
527 38
528 50
529 38
530 40
531 41
532 37
533 27
534 43
535 58
536 46
537 33
538 35
539 40
540 27
541 44
542 31
543 33
544 42
545 39
546 31
547 39
548 33
549 29
550 34
551 47
552 37
553 42
554 54
555 28
556 36
557 34
558 47
559 46
560 39
561 35
562 32
563 40
564 44
565 45
566 45
567 54
568 34
569 40
570 38
571 51
572 30
573 47
574 44
575 53
576 51
577 34
578 63
579 48
580 57
581 58
582 64
583 65
584 69
585 65
586 62
587 70
588 75
589 82
590 70
591 81
592 103
593 99
594 118
595 129
596 118
597 123
598 101
599 114
600 88
601 107
602 137
603 128
604 136
605 133
606 89
607 81
608 69
609 47
610 36
611 36
612 30
613 26
614 35
615 46
616 53
617 41
618 41
619 35
620 29
621 38
622 33
623 22
624 42
625 44
626 31
627 34
628 38
629 35
630 40
631 23
632 32
633 36
634 32
635 39
636 36
637 41
638 40
639 38
640 42
641 29
642 47
643 46
644 46
645 35
646 43
647 40
648 49
649 37
650 36
651 38
652 36
653 39
654 38
655 32
656 31
657 38
658 36
659 43
660 37
661 38
662 46
663 45
664 34
665 45
666 45
667 33
668 32
669 31
670 35
671 52
672 33
673 41
674 42
675 32
676 46
677 39
678 38
679 26
680 37
681 39
682 36
683 40
684 28
685 24
686 31
687 39
688 31
689 38
690 42
691 38
692 28
693 46
694 38
695 36
696 28
697 31
698 35
699 38
700 36
701 29
702 31
703 49
704 32
705 37
706 34
707 52
708 34
709 39
710 34
711 44
712 46
713 40
714 41
715 35
716 34
717 35
718 30
719 34
720 41
721 38
722 33
723 41
724 35
725 29
726 38
727 30
728 27
729 30
730 28
731 39
732 38
733 35
734 28
735 34
736 38
737 28
738 32
739 43
740 33
741 56
742 44
743 29
744 28
745 41
746 40
747 30
748 40
749 30
750 46
751 30
752 25
753 37
754 42
755 36
756 36
757 27
758 34
759 25
760 34
761 36
762 27
763 36
764 30
765 35
766 34
767 41
768 35
769 34
770 46
771 31
772 39
773 30
774 34
775 28
776 48
777 34
778 44
779 35
780 32
781 33
782 35
783 22
784 31
785 37
786 44
787 45
788 30
789 37
790 50
791 39
792 32
793 32
794 38
795 41
796 22
797 36
798 46
799 25
800 41
801 38
802 38
803 38
804 35
805 33
806 35
807 36
808 35
809 29
810 29
811 26
812 26
813 42
814 34
815 31
816 27
817 46
818 38
819 34
820 30
821 40
822 33
823 24
824 36
825 30
826 39
827 45
828 38
829 38
830 34
831 33
832 23
833 41
834 26
835 37
836 38
837 47
838 27
839 35
840 30
841 42
842 30
843 36
844 25
845 34
846 32
847 24
848 32
849 33
850 27
851 34
852 25
853 34
854 47
855 33
856 40
857 40
858 30
859 30
860 41
861 32
862 31
863 29
864 33
865 25
866 35
867 38
868 46
869 34
870 37
871 28
872 40
873 33
874 39
875 25
876 24
877 26
878 38
879 31
880 32
881 32
882 35
883 32
884 30
885 30
886 34
887 35
888 32
889 30
890 34
891 38
892 47
893 31
894 31
895 29
896 32
897 29
898 29
899 39
900 33
901 32
902 32
903 29
904 38
905 40
906 36
907 37
908 40
909 25
910 32
911 38
912 40
913 48
914 21
915 33
916 37
917 37
918 33
919 39
920 26
921 37
922 35
923 28
924 33
925 31
926 33
927 32
928 35
929 36
930 27
931 41
932 37
933 38
934 39
935 40
936 26
937 43
938 24
939 33
940 30
941 28
942 36
943 35
944 59
945 30
946 35
947 32
948 32
949 41
950 34
951 26
952 31
953 28
954 26
955 28
956 23
957 24
958 29
959 28
960 30
961 34
962 48
963 35
964 41
965 32
966 45
967 36
968 20
969 32
970 24
971 29
972 23
973 34
974 31
975 31
976 39
977 29
978 28
979 32
980 39
981 33
982 30
983 30
984 26
985 31
986 34
987 37
988 32
989 23
990 26
991 42
992 33
993 20
994 29
995 27
996 25
997 43
998 43
999 31
1000 26
1001 22
1002 31
1003 22
1004 40
1005 29
1006 29
1007 35
1008 38
1009 35
1010 36
1011 31
1012 23
1013 27
1014 34
1015 33
1016 34
1017 31
1018 31
1019 39
1020 40
1021 34
1022 28
1023 36
1024 31
1025 22
1026 43
1027 38
1028 37
1029 31
1030 48
1031 23
1032 33
1033 39
1034 31
1035 43
1036 38
1037 30
1038 26
1039 29
1040 36
1041 29
1042 33
1043 25
1044 25
1045 27
1046 42
1047 23
1048 30
1049 25
1050 25
1051 17
1052 32
1053 38
1054 29
1055 33
1056 25
1057 30
1058 31
1059 27
1060 36
1061 23
1062 29
1063 38
1064 29
1065 27
1066 35
1067 34
1068 24
1069 26
1070 33
1071 39
1072 37
1073 30
1074 34
1075 41
1076 39
1077 30
1078 34
1079 37
1080 34
1081 37
1082 44
1083 25
1084 35
1085 36
1086 29
1087 32
1088 39
1089 24
1090 32
1091 37
1092 24
1093 43
1094 27
1095 25
1096 40
1097 36
1098 38
1099 34
1100 38
1101 29
1102 29
1103 41
1104 36
1105 27
1106 29
1107 39
1108 38
1109 39
1110 32
1111 60
1112 63
1113 51
1114 57
1115 57
1116 72
1117 84
1118 98
1119 123
1120 137
1121 122
1122 197
1123 202
1124 252
1125 292
1126 369
1127 369
1128 405
1129 420
1130 454
1131 446
1132 464
1133 491
1134 487
1135 529
1136 456
1137 420
1138 397
1139 421
1140 323
1141 246
1142 199
1143 103
1144 57
1145 55
1146 43
1147 49
1148 36
1149 31
1150 36
1151 33
1152 37
1153 39
1154 26
1155 38
1156 39
1157 34
1158 34
1159 42
1160 32
1161 20
1162 29
1163 22
1164 28
1165 26
1166 29
1167 30
1168 25
1169 29
1170 26
1171 32
1172 33
1173 30
1174 29
1175 20
1176 30
1177 29
1178 37
1179 28
1180 33
1181 31
1182 30
1183 35
1184 20
1185 25
1186 35
1187 25
1188 32
1189 24
1190 24
1191 29
1192 30
1193 32
1194 17
1195 24
1196 29
1197 32
1198 37
1199 37
1200 36
1201 37
1202 26
1203 34
1204 21
1205 33
1206 35
1207 25
1208 32
1209 22
1210 32
1211 28
1212 29
1213 37
1214 30
1215 28
1216 28
1217 28
1218 32
1219 30
1220 26
1221 38
1222 32
1223 24
1224 26
1225 33
1226 31
1227 31
1228 28
1229 32
1230 20
1231 21
1232 20
1233 32
1234 31
1235 36
1236 24
1237 33
1238 42
1239 30
1240 33
1241 33
1242 29
1243 26
1244 32
1245 34
1246 27
1247 33
1248 32
1249 26
1250 20
1251 27
1252 31
1253 32
1254 19
1255 39
1256 36
1257 30
1258 35
1259 39
1260 39
1261 35
1262 42
1263 17
1264 38
1265 44
1266 55
1267 48
1268 61
1269 62
1270 42
1271 56
1272 76
1273 101
1274 102
1275 86
1276 52
1277 36
1278 35
1279 15
1280 23
1281 26
1282 24
1283 25
1284 29
1285 27
1286 27
1287 31
1288 26
1289 29
1290 19
1291 21
1292 20
1293 23
1294 31
1295 20
1296 20
1297 16
1298 30
1299 21
1300 21
1301 32
1302 18
1303 28
1304 21
1305 22
1306 19
1307 19
1308 21
1309 20
1310 27
1311 30
1312 24
1313 29
1314 32
1315 31
1316 18
1317 23
1318 16
1319 27
1320 28
1321 16
1322 20
1323 21
1324 18
1325 28
1326 21
1327 31
1328 24
1329 27
1330 23
1331 25
1332 23
1333 31
1334 34
1335 32
1336 23
1337 32
1338 26
1339 25
1340 37
1341 34
1342 40
1343 47
1344 44
1345 49
1346 61
1347 55
1348 72
1349 50
1350 30
1351 43
1352 27
1353 24
1354 37
1355 23
1356 24
1357 27
1358 26
1359 23
1360 19
1361 22
1362 27
1363 24
1364 23
1365 18
1366 22
1367 30
1368 24
1369 28
1370 16
1371 17
1372 19
1373 23
1374 23
1375 24
1376 29
1377 24
1378 20
1379 22
1380 40
1381 18
1382 26
1383 19
1384 20
1385 22
1386 23
1387 24
1388 18
1389 11
1390 21
1391 22
1392 22
1393 17
1394 19
1395 20
1396 18
1397 24
1398 26
1399 19
1400 26
1401 18
1402 23
1403 26
1404 13
1405 30
1406 26
1407 20
1408 23
1409 20
1410 22
1411 26
1412 37
1413 32
1414 33
1415 38
1416 52
1417 49
1418 57
1419 53
1420 84
1421 88
1422 78
1423 81
1424 79
1425 93
1426 149
1427 175
1428 181
1429 172
1430 192
1431 200
1432 206
1433 235
1434 294
1435 234
1436 205
1437 247
1438 191
1439 200
1440 161
1441 141
1442 98
1443 80
1444 57
1445 27
1446 30
1447 21
1448 30
1449 24
1450 30
1451 19
1452 17
1453 15
1454 27
1455 14
1456 13
1457 29
1458 19
1459 29
1460 12
1461 19
1462 12
1463 21
1464 24
1465 20
1466 18
1467 16
1468 30
1469 31
1470 31
1471 24
1472 23
1473 24
1474 17
1475 24
1476 21
1477 19
1478 23
1479 20
1480 23
1481 21
1482 25
1483 20
1484 26
1485 15
1486 29
1487 17
1488 22
1489 18
1490 25
1491 14
1492 15
1493 20
1494 21
1495 21
1496 22
1497 14
1498 19
1499 13
1500 19
1501 19
1502 16
1503 22
1504 23
1505 21
1506 21
1507 34
1508 24
1509 23
1510 16
1511 28
1512 26
1513 26
1514 20
1515 19
1516 15
1517 22
1518 16
1519 19
1520 27
1521 22
1522 23
1523 22
1524 13
1525 23
1526 21
1527 21
1528 24
1529 10
1530 23
1531 17
1532 22
1533 20
1534 19
1535 16
1536 17
1537 18
1538 22
1539 28
1540 19
1541 14
1542 22
1543 17
1544 17
1545 19
1546 24
1547 15
1548 17
1549 19
1550 14
1551 16
1552 12
1553 18
1554 24
1555 20
1556 19
1557 17
1558 22
1559 21
1560 25
1561 17
1562 21
1563 20
1564 17
1565 21
1566 26
1567 28
1568 20
1569 15
1570 24
1571 33
1572 25
1573 13
1574 23
1575 14
1576 24
1577 18
1578 18
1579 25
1580 19
1581 24
1582 17
1583 25
1584 19
1585 16
1586 25
1587 20
1588 18
1589 20
1590 22
1591 13
1592 21
1593 15
1594 20
1595 20
1596 18
1597 25
1598 26
1599 25
1600 27
1601 21
1602 22
1603 12
1604 19
1605 23
1606 13
1607 21
1608 16
1609 21
1610 23
1611 22
1612 15
1613 21
1614 17
1615 18
1616 17
1617 27
1618 18
1619 12
1620 19
1621 15
1622 21
1623 24
1624 12
1625 21
1626 23
1627 22
1628 27
1629 21
1630 18
1631 16
1632 23
1633 22
1634 21
1635 15
1636 16
1637 18
1638 28
1639 14
1640 12
1641 15
1642 18
1643 25
1644 22
1645 17
1646 15
1647 19
1648 17
1649 13
1650 13
1651 13
1652 18
1653 14
1654 17
1655 22
1656 17
1657 23
1658 15
1659 16
1660 30
1661 15
1662 19
1663 19
1664 17
1665 13
1666 19
1667 11
1668 23
1669 13
1670 19
1671 22
1672 11
1673 17
1674 20
1675 20
1676 9
1677 17
1678 16
1679 15
1680 20
1681 17
1682 20
1683 14
1684 18
1685 12
1686 23
1687 20
1688 14
1689 16
1690 17
1691 24
1692 18
1693 26
1694 18
1695 21
1696 19
1697 21
1698 13
1699 10
1700 19
1701 14
1702 14
1703 21
1704 22
1705 21
1706 22
1707 13
1708 7
1709 22
1710 18
1711 27
1712 19
1713 25
1714 19
1715 18
1716 19
1717 16
1718 22
1719 26
1720 14
1721 11
1722 19
1723 17
1724 17
1725 13
1726 21
1727 22
1728 12
1729 18
1730 22
1731 10
1732 19
1733 29
1734 15
1735 21
1736 19
1737 14
1738 17
1739 17
1740 17
1741 21
1742 18
1743 16
1744 15
1745 18
1746 15
1747 16
1748 14
1749 7
1750 18
1751 11
1752 16
1753 16
1754 25
1755 17
1756 17
1757 18
1758 20
1759 13
1760 23
1761 9
1762 20
1763 12
1764 15
1765 15
1766 21
1767 16
1768 18
1769 6
1770 14
1771 17
1772 22
1773 24
1774 10
1775 17
1776 21
1777 23
1778 13
1779 18
1780 17
1781 11
1782 13
1783 8
1784 16
1785 18
1786 19
1787 19
1788 25
1789 16
1790 17
1791 20
1792 19
1793 15
1794 13
1795 15
1796 17
1797 15
1798 30
1799 13
1800 15
1801 10
1802 18
1803 13
1804 21
1805 21
1806 17
1807 19
1808 21
1809 15
1810 14
1811 14
1812 20
1813 18
1814 11
1815 21
1816 15
1817 17
1818 19
1819 16
1820 11
1821 15
1822 16
1823 17
1824 21
1825 14
1826 22
1827 16
1828 14
1829 18
1830 23
1831 21
1832 17
1833 17
1834 26
1835 15
1836 18
1837 14
1838 12
1839 19
1840 16
1841 26
1842 16
1843 15
1844 18
1845 24
1846 19
1847 15
1848 20
1849 24
1850 20
1851 16
1852 23
1853 18
1854 22
1855 29
1856 21
1857 21
1858 19
1859 20
1860 15
1861 16
1862 17
1863 16
1864 18
1865 26
1866 15
1867 7
1868 21
1869 10
1870 18
1871 18
1872 9
1873 14
1874 21
1875 16
1876 20
1877 16
1878 23
1879 15
1880 22
1881 10
1882 24
1883 19
1884 24
1885 22
1886 16
1887 15
1888 20
1889 23
1890 21
1891 22
1892 27
1893 20
1894 39
1895 38
1896 37
1897 47
1898 45
1899 53
1900 93
1901 119
1902 133
1903 107
1904 140
1905 130
1906 121
1907 109
1908 129
1909 127
1910 103
1911 132
1912 100
1913 92
1914 92
1915 93
1916 131
1917 85
1918 74
1919 42
1920 37
1921 41
1922 56
1923 27
1924 32
1925 22
1926 31
1927 22
1928 17
1929 13
1930 24
1931 27
1932 13
1933 19
1934 25
1935 15
1936 13
1937 11
1938 31
1939 18
1940 16
1941 8
1942 20
1943 15
1944 22
1945 21
1946 16
1947 17
1948 25
1949 18
1950 23
1951 13
1952 15
1953 15
1954 17
1955 11
1956 22
1957 18
1958 18
1959 13
1960 11
1961 14
1962 12
1963 7
1964 10
1965 17
1966 22
1967 11
1968 15
1969 13
1970 16
1971 15
1972 10
1973 8
1974 19
1975 17
1976 11
1977 15
1978 16
1979 18
1980 14
1981 17
1982 21
1983 7
1984 14
1985 12
1986 11
1987 12
1988 9
1989 18
1990 11
1991 16
1992 18
1993 27
1994 11
1995 15
1996 23
1997 7
1998 22
1999 12
2000 9
2001 11
2002 15
2003 14
2004 13
2005 16
2006 13
2007 12
2008 16
2009 19
2010 11
2011 16
2012 15
2013 12
2014 14
2015 16
2016 12
2017 16
2018 14
2019 12
2020 19
2021 9
2022 20
2023 19
2024 14
2025 17
2026 21
2027 16
2028 17
2029 10
2030 10
2031 14
2032 13
2033 16
2034 16
2035 16
2036 11
2037 9
2038 17
2039 18
2040 19
2041 7
2042 23
2043 11
2044 12
2045 19
2046 11
2047 20
2048 16
2049 10
2050 14
2051 21
2052 13
2053 16
2054 16
2055 12
2056 18
2057 22
2058 14
2059 18
2060 13
2061 15
2062 20
2063 11
2064 11
2065 19
2066 17
2067 25
2068 12
2069 20
2070 18
2071 15
2072 18
2073 17
2074 15
2075 9
2076 15
2077 14
2078 11
2079 10
2080 14
2081 16
2082 20
2083 17
2084 19
2085 17
2086 19
2087 20
2088 10
2089 21
2090 15
2091 20
2092 20
2093 13
2094 15
2095 15
2096 25
2097 18
2098 10
2099 11
2100 15
2101 10
2102 21
2103 22
2104 15
2105 13
2106 18
2107 12
2108 24
2109 16
2110 29
2111 16
2112 13
2113 19
2114 18
2115 6
2116 15
2117 11
2118 16
2119 22
2120 7
2121 12
2122 16
2123 19
2124 21
2125 19
2126 14
2127 13
2128 16
2129 16
2130 19
2131 16
2132 20
2133 23
2134 21
2135 16
2136 20
2137 24
2138 17
2139 22
2140 19
2141 21
2142 26
2143 30
2144 28
2145 15
2146 23
2147 27
2148 43
2149 37
2150 33
2151 47
2152 49
2153 54
2154 73
2155 94
2156 100
2157 132
2158 130
2159 101
2160 127
2161 162
2162 158
2163 245
2164 267
2165 285
2166 302
2167 262
2168 308
2169 350
2170 464
2171 497
2172 519
2173 467
2174 403
2175 366
2176 362
2177 480
2178 512
2179 519
2180 421
2181 324
2182 244
2183 189
2184 179
2185 124
2186 148
2187 118
2188 111
2189 93
2190 71
2191 59
2192 46
2193 38
2194 29
2195 35
2196 30
2197 27
2198 20
2199 10
2200 16
2201 21
2202 18
2203 19
2204 11
2205 25
2206 14
2207 22
2208 16
2209 17
2210 23
2211 22
2212 12
2213 19
2214 27
2215 9
2216 15
2217 17
2218 17
2219 21
2220 17
2221 19
2222 16
2223 17
2224 15
2225 18
2226 18
2227 8
2228 13
2229 21
2230 14
2231 12
2232 14
2233 13
2234 18
2235 12
2236 13
2237 19
2238 22
2239 14
2240 17
2241 11
2242 13
2243 14
2244 9
2245 13
2246 16
2247 14
2248 20
2249 18
2250 12
2251 10
2252 23
2253 14
2254 12
2255 13
2256 16
2257 18
2258 8
2259 14
2260 18
2261 12
2262 13
2263 12
2264 14
2265 13
2266 14
2267 14
2268 20
2269 16
2270 14
2271 14
2272 13
2273 11
2274 14
2275 16
2276 8
2277 24
2278 18
2279 17
2280 19
2281 15
2282 20
2283 15
2284 19
2285 12
2286 17
2287 18
2288 23
2289 13
2290 15
2291 14
2292 5
2293 24
2294 30
2295 13
2296 15
2297 17
2298 11
2299 15
2300 20
2301 11
2302 15
2303 7
2304 16
2305 17
2306 8
2307 17
2308 16
2309 9
2310 13
2311 19
2312 8
2313 20
2314 15
2315 11
2316 6
2317 12
2318 14
2319 12
2320 9
2321 11
2322 5
2323 11
2324 13
2325 17
2326 10
2327 6
2328 12
2329 14
2330 11
2331 7
2332 13
2333 11
2334 13
2335 14
2336 27
2337 16
2338 17
2339 17
2340 11
2341 15
2342 19
2343 13
2344 14
2345 15
2346 19
2347 17
2348 15
2349 10
2350 14
2351 15
2352 19
2353 19
2354 11
2355 11
2356 21
2357 16
2358 24
2359 18
2360 22
2361 17
2362 18
2363 31
2364 23
2365 30
2366 29
2367 35
2368 44
2369 27
2370 37
2371 33
2372 66
2373 50
2374 58
2375 73
2376 60
2377 71
2378 78
2379 78
2380 83
2381 80
2382 78
2383 84
2384 92
2385 130
2386 108
2387 113
2388 89
2389 62
2390 51
2391 54
2392 73
2393 61
2394 65
2395 43
2396 40
2397 40
2398 28
2399 22
2400 18
2401 29
2402 23
2403 23
2404 16
2405 16
2406 20
2407 20
2408 15
2409 13
2410 19
2411 10
2412 16
2413 9
2414 7
2415 12
2416 13
2417 16
2418 17
2419 11
2420 8
2421 14
2422 14
2423 10
2424 9
2425 12
2426 9
2427 12
2428 14
2429 13
2430 15
2431 10
2432 18
2433 12
2434 9
2435 13
2436 8
2437 13
2438 11
2439 7
2440 17
2441 10
2442 11
2443 15
2444 6
2445 14
2446 11
2447 8
2448 16
2449 20
2450 10
2451 13
2452 10
2453 10
2454 11
2455 10
2456 13
2457 15
2458 10
2459 7
2460 10
2461 15
2462 7
2463 8
2464 12
2465 10
2466 13
2467 15
2468 17
2469 8
2470 7
2471 20
2472 14
2473 10
2474 15
2475 6
2476 15
2477 9
2478 13
2479 12
2480 8
2481 9
2482 5
2483 11
2484 9
2485 9
2486 15
2487 15
2488 12
2489 11
2490 11
2491 14
2492 11
2493 14
2494 12
2495 13
2496 8
2497 13
2498 10
2499 12
2500 10
2501 17
2502 16
2503 15
2504 13
2505 11
2506 6
2507 7
2508 12
2509 8
2510 13
2511 7
2512 9
2513 15
2514 12
2515 13
2516 18
2517 11
2518 10
2519 16
2520 12
2521 12
2522 8
2523 7
2524 3
2525 9
2526 13
2527 11
2528 16
2529 10
2530 12
2531 6
2532 17
2533 9
2534 11
2535 11
2536 15
2537 7
2538 7
2539 14
2540 12
2541 15
2542 6
2543 10
2544 11
2545 10
2546 6
2547 10
2548 11
2549 16
2550 7
2551 14
2552 16
2553 13
2554 11
2555 11
2556 13
2557 13
2558 10
2559 14
