0 43
1 36
2 36
3 39
4 32
5 35
6 34
7 29
8 38
9 25
10 33
11 40
12 34
13 32
14 35
15 29
16 34
17 47
18 39
19 27
20 38
21 41
22 29
23 35
24 36
25 35
26 39
27 50
28 41
29 35
30 27
31 30
32 36
33 32
34 38
35 39
36 37
37 33
38 36
39 34
40 38
41 32
42 32
43 37
44 40
45 27
46 38
47 42
48 32
49 27
50 36
51 41
52 38
53 34
54 36
55 42
56 39
57 29
58 33
59 34
60 27
61 40
62 38
63 29
64 32
65 30
66 35
67 41
68 41
69 28
70 41
71 35
72 33
73 36
74 31
75 34
76 38
77 40
78 36
79 33
80 32
81 48
82 36
83 40
84 38
85 32
86 35
87 32
88 52
89 42
90 37
91 50
92 41
93 39
94 33
95 31
96 37
97 32
98 39
99 53
100 41
101 53
102 42
103 49
104 37
105 41
106 31
107 44
108 39
109 39
110 43
111 47
112 49
113 35
114 37
115 40
116 29
117 38
118 39
119 41
120 39
121 40
122 53
123 37
124 33
125 46
126 38
127 40
128 28
129 34
130 40
131 40
132 38
133 30
134 47
135 49
136 57
137 34
138 38
139 39
140 37
141 56
142 45
143 37
144 35
145 33
146 42
147 34
148 50
149 43
150 40
151 42
152 46
153 44
154 41
155 41
156 43
157 51
158 40
159 38
160 53
161 48
162 37
163 31
164 33
165 36
166 40
167 44
168 43
169 38
170 26
171 37
172 28
173 28
174 30
175 30
176 40
177 45
178 47
179 29
180 52
181 38
182 31
183 43
184 44
185 41
186 45
187 57
188 47
189 39
190 37
191 44
192 43
193 41
194 36
195 38
196 38
197 39
198 39
199 42
200 34
201 47
202 39
203 39
204 39
205 35
206 50
207 50
208 51
209 45
210 39
211 40
212 36
213 39
214 30
215 34
216 41
217 47
218 36
219 48
220 42
221 34
222 34
223 34
224 46
225 42
226 30
227 37
228 43
229 39
230 45
231 39
232 29
233 25
234 40
235 53
236 31
237 49
238 43
239 31
240 46
241 44
242 41
243 39
244 30
245 47
246 35
247 36
248 36
249 42
250 44
251 39
252 43
253 42
254 37
255 45
256 43
257 46
258 28
259 34
260 41
261 37
262 48
263 36
264 38
265 38
266 45
267 33
268 41
269 40
270 44
271 39
272 43
273 45
274 57
275 41
276 32
277 38
278 39
279 50
280 41
281 36
282 34
283 46
284 45
285 39
286 37
287 39
288 37
289 30
290 43
291 47
292 40
293 46
294 43
295 38
296 33
297 32
298 31
299 48
300 36
301 39
302 33
303 40
304 42
305 48
306 46
307 30
308 41
309 41
310 46
311 41
312 42
313 39
314 50
315 46
316 45
317 44
318 45
319 44
320 35
321 41
322 43
323 34
324 33
325 46
326 43
327 49
328 39
329 44
330 43
331 42
332 38
333 32
334 39
335 53
336 35
337 43
338 43
339 41
340 32
341 39
342 41
343 44
344 36
345 36
346 41
347 52
348 46
349 49
350 42
351 39
352 40
353 41
354 38
355 44
356 37
357 46
358 37
359 41
360 39
361 50
362 39
363 38
364 38
365 47
366 49
367 28
368 35
369 41
370 35
371 40
372 36
373 44
374 42
375 45
376 53
377 40
378 39
379 40
380 40
381 39
382 28
383 41
384 52
385 36
386 45
387 41
388 61
389 59
390 36
391 51
392 33
393 42
394 53
395 45
396 27
397 40
398 37
399 38
400 48
401 39
402 53
403 41
404 46
405 41
406 44
407 34
408 42
409 44
410 43
411 38
412 44
413 44
414 33
415 41
416 43
417 46
418 45
419 49
420 33
421 45
422 48
423 34
424 51
425 45
426 38
427 46
428 41
429 34
430 34
431 43
432 34
433 36
434 43
435 54
436 44
437 35
438 30
439 38
440 45
441 43
442 39
443 39
444 40
445 41
446 47
447 33
448 35
449 35
450 45
451 42
452 49
453 31
454 44
455 40
456 58
457 43
458 50
459 69
460 56
461 44
462 27
463 35
464 42
465 51
466 46
467 48
468 43
469 49
470 54
471 57
472 54
473 43
474 45
475 50
476 57
477 64
478 64
479 62
480 67
481 70
482 65
483 58
484 66
485 67
486 72
487 78
488 102
489 98
490 82
491 84
492 113
493 104
494 100
495 87
496 90
497 122
498 119
499 111
500 100
501 108
502 113
503 108
504 76
505 87
506 74
507 72
508 69
509 66
510 78
511 54
512 32
513 41
514 39
515 62
516 55
517 50
518 48
519 51
520 58
521 54
522 47
523 26
524 58
525 39
526 35
527 40
528 52
529 38
530 34
531 43
532 41
533 54
534 47
535 32
536 49
537 35
538 40
539 50
540 42
541 48
542 51
543 49
544 46
545 62
546 48
547 39
548 48
549 56
550 46
551 43
552 49
553 51
554 37
555 41
556 35
557 44
558 26
559 34
560 33
561 41
562 53
563 50
564 50
565 41
566 42
567 38
568 34
569 28
570 48
571 41
572 37
573 45
574 43
575 51
576 40
577 52
578 35
579 44
580 56
581 40
582 44
583 42
584 44
585 40
586 41
587 35
588 50
589 36
590 38
591 38
592 37
593 40
594 47
595 51
596 40
597 39
598 34
599 51
600 40
601 26
602 32
603 44
604 35
605 45
606 34
607 44
608 57
609 45
610 44
611 43
612 35
613 49
614 35
615 47
616 40
617 48
618 49
619 44
620 33
621 59
622 50
623 52
624 40
625 46
626 43
627 40
628 37
629 40
630 58
631 36
632 47
633 36
634 40
635 46
636 45
637 55
638 38
639 41
640 49
641 50
642 42
643 25
644 52
645 47
646 38
647 38
648 46
649 39
650 53
651 34
652 49
653 35
654 32
655 46
656 44
657 39
658 32
659 43
660 50
661 44
662 28
663 36
664 43
665 38
666 37
667 35
668 41
669 39
670 47
671 29
672 40
673 48
674 34
675 55
676 43
677 45
678 32
679 47
680 42
681 39
682 45
683 45
684 41
685 36
686 38
687 41
688 31
689 49
690 46
691 38
692 28
693 35
694 44
695 49
696 46
697 42
698 40
699 42
700 33
701 44
702 38
703 51
704 53
705 50
706 50
707 42
708 53
709 43
710 46
711 51
712 54
713 61
714 62
715 40
716 35
717 36
718 49
719 41
720 30
721 43
722 39
723 47
724 35
725 52
726 47
727 48
728 45
729 44
730 33
731 30
732 55
733 32
734 37
735 25
736 39
737 49
738 42
739 48
740 28
741 35
742 27
743 38
744 35
745 38
746 47
747 43
748 45
749 30
750 30
751 38
752 36
753 37
754 45
755 38
756 34
757 50
758 38
759 24
760 42
761 50
762 40
763 43
764 25
765 40
766 37
767 37
768 33
769 43
770 41
771 38
772 46
773 32
774 37
775 45
776 39
777 53
778 46
779 37
780 46
781 37
782 28
783 49
784 39
785 37
786 49
787 39
788 37
789 40
790 35
791 31
792 43
793 52
794 48
795 44
796 48
797 38
798 39
799 38
800 37
801 41
802 42
803 43
804 43
805 43
806 41
807 42
808 32
809 44
810 37
811 33
812 33
813 27
814 34
815 50
816 48
817 42
818 42
819 36
820 40
821 43
822 58
823 39
824 40
825 51
826 41
827 58
828 38
829 25
830 37
831 33
832 41
833 46
834 60
835 35
836 49
837 45
838 41
839 35
840 34
841 45
842 40
843 36
844 36
845 45
846 47
847 54
848 43
849 53
850 31
851 47
852 37
853 30
854 42
855 37
856 38
857 29
858 39
859 37
860 37
861 43
862 38
863 23
864 42
865 30
866 43
867 26
868 35
869 41
870 27
871 43
872 42
873 28
874 41
875 52
876 33
877 37
878 45
879 41
880 43
881 33
882 33
883 48
884 40
885 32
886 17
887 36
888 36
889 33
890 40
891 41
892 34
893 38
894 36
895 34
896 52
897 32
898 31
899 25
900 47
901 45
902 30
903 31
904 34
905 37
906 33
907 44
908 47
909 42
910 33
911 43
912 45
913 42
914 33
915 35
916 25
917 40
918 45
919 40
920 34
921 40
922 52
923 44
924 34
925 36
926 45
927 31
928 29
929 38
930 49
931 37
932 34
933 35
934 50
935 33
936 41
937 32
938 32
939 45
940 51
941 37
942 50
943 41
944 35
945 36
946 49
947 50
948 37
949 32
950 42
951 36
952 30
953 36
954 40
955 37
956 33
957 29
958 38
959 54
960 35
961 39
962 41
963 46
964 33
965 31
966 40
967 39
968 40
969 48
970 36
971 27
972 44
973 43
974 44
975 38
976 41
977 46
978 58
979 44
980 51
981 67
982 66
983 72
984 78
985 70
986 72
987 103
988 100
989 105
990 91
991 119
992 119
993 139
994 144
995 186
996 210
997 198
998 213
999 256
1000 320
1001 318
1002 329
1003 294
1004 298
1005 345
1006 410
1007 526
1008 523
1009 390
1010 435
1011 367
1012 306
1013 281
1014 230
1015 162
1016 123
1017 91
1018 64
1019 59
1020 44
1021 38
1022 39
1023 41
1024 41
1025 43
1026 39
1027 41
1028 29
1029 49
1030 62
1031 36
1032 42
1033 39
1034 39
1035 47
1036 39
1037 35
1038 41
1039 40
1040 31
1041 36
1042 30
1043 37
1044 28
1045 44
1046 43
1047 34
1048 24
1049 46
1050 34
1051 37
1052 38
1053 36
1054 37
1055 39
1056 35
1057 47
1058 38
1059 25
1060 36
1061 41
1062 35
1063 30
1064 32
1065 38
1066 22
1067 39
1068 34
1069 39
1070 40
1071 36
1072 37
1073 30
1074 41
1075 42
1076 35
1077 35
1078 33
1079 46
1080 29
1081 45
1082 28
1083 39
1084 39
1085 55
1086 35
1087 39
1088 38
1089 35
1090 30
1091 33
1092 32
1093 35
1094 42
1095 37
1096 50
1097 34
1098 37
1099 29
1100 32
1101 40
1102 28
1103 29
1104 28
1105 30
1106 37
1107 35
1108 39
1109 39
1110 40
1111 28
1112 31
1113 34
1114 35
1115 28
1116 44
1117 41
1118 33
1119 44
1120 28
1121 29
1122 38
1123 57
1124 47
1125 39
1126 53
1127 44
1128 48
1129 44
1130 44
1131 54
1132 52
1133 69
1134 60
1135 54
1136 62
1137 80
1138 76
1139 64
1140 45
1141 53
1142 67
1143 46
1144 51
1145 44
1146 40
1147 27
1148 41
1149 41
1150 37
1151 34
1152 31
1153 33
1154 38
1155 33
1156 45
1157 49
1158 33
1159 44
1160 25
1161 39
1162 35
1163 33
1164 44
1165 38
1166 31
1167 40
1168 37
1169 44
1170 32
1171 38
1172 34
1173 27
1174 34
1175 33
1176 26
1177 30
1178 25
1179 34
1180 42
1181 42
1182 37
1183 34
1184 24
1185 28
1186 29
1187 29
1188 29
1189 36
1190 33
1191 37
1192 37
1193 39
1194 36
1195 33
1196 25
1197 36
1198 45
1199 40
1200 34
1201 35
1202 24
1203 40
1204 34
1205 25
1206 27
1207 29
1208 42
1209 32
1210 33
1211 46
1212 20
1213 30
1214 33
1215 28
1216 21
1217 25
1218 27
1219 31
1220 39
1221 28
1222 27
1223 41
1224 37
1225 23
1226 41
1227 38
1228 47
1229 33
1230 42
1231 26
1232 28
1233 36
1234 23
1235 36
1236 37
1237 28
1238 39
1239 35
1240 26
1241 44
1242 28
1243 33
1244 34
1245 28
1246 30
1247 34
1248 30
1249 36
1250 34
1251 44
1252 27
1253 32
1254 25
1255 34
1256 36
1257 19
1258 39
1259 28
1260 29
1261 30
1262 34
1263 33
1264 17
1265 23
1266 35
1267 21
1268 24
1269 24
1270 27
1271 29
1272 19
1273 31
1274 27
1275 21
1276 18
1277 16
1278 19
1279 37
1280 181
1281 213
1282 232
1283 219
1284 227
1285 214
1286 187
1287 209
1288 180
1289 156
1290 155
1291 156
1292 146
1293 108
1294 78
1295 66
1296 71
1297 60
1298 43
1299 40
1300 28
1301 29
1302 34
1303 30
1304 34
1305 28
1306 29
1307 25
1308 30
1309 34
1310 29
1311 26
1312 27
1313 33
1314 27
1315 26
1316 23
1317 33
1318 26
1319 25
1320 23
1321 13
1322 27
1323 23
1324 31
1325 25
1326 26
1327 21
1328 29
1329 31
1330 28
1331 19
1332 35
1333 29
1334 25
1335 34
1336 36
1337 21
1338 23
1339 27
1340 31
1341 33
1342 26
1343 19
1344 15
1345 25
1346 21
1347 21
1348 22
1349 28
1350 20
1351 20
1352 16
1353 35
1354 28
1355 27
1356 29
1357 24
1358 20
1359 20
1360 18
1361 23
1362 34
1363 19
1364 21
1365 26
1366 23
1367 31
1368 25
1369 18
1370 20
1371 31
1372 26
1373 24
1374 25
1375 23
1376 22
1377 17
1378 30
1379 21
1380 23
1381 16
1382 19
1383 18
1384 19
1385 31
1386 25
1387 16
1388 28
1389 22
1390 17
1391 29
1392 20
1393 25
1394 26
1395 21
1396 27
1397 22
1398 23
1399 20
1400 19
1401 31
1402 22
1403 27
1404 25
1405 19
1406 30
1407 28
1408 22
1409 13
1410 22
1411 31
1412 28
1413 26
1414 24
1415 28
1416 21
1417 28
1418 19
1419 27
1420 29
1421 34
1422 23
1423 30
1424 27
1425 26
1426 28
1427 23
1428 17
1429 18
1430 26
1431 31
1432 15
1433 22
1434 30
1435 27
1436 19
1437 37
1438 24
1439 27
1440 25
1441 14
1442 20
1443 19
1444 28
1445 26
1446 24
1447 20
1448 18
1449 27
1450 21
1451 19
1452 21
1453 27
1454 27
1455 19
1456 26
1457 26
1458 24
1459 34
1460 26
1461 20
1462 17
1463 33
1464 23
1465 26
1466 25
1467 25
1468 28
1469 29
1470 20
1471 24
1472 34
1473 24
1474 22
1475 25
1476 16
1477 19
1478 24
1479 21
1480 24
1481 29
1482 28
1483 17
1484 15
1485 21
1486 14
1487 23
1488 28
1489 29
1490 21
1491 23
1492 16
1493 23
1494 24
1495 22
1496 25
1497 24
1498 13
1499 18
1500 19
1501 28
1502 26
1503 18
1504 21
1505 19
1506 28
1507 24
1508 21
1509 27
1510 29
1511 21
1512 18
1513 27
1514 18
1515 23
1516 16
1517 22
1518 23
1519 23
1520 21
1521 17
1522 27
1523 25
1524 28
1525 11
1526 14
1527 21
1528 25
1529 16
1530 18
1531 22
1532 18
1533 24
1534 17
1535 16
1536 25
1537 26
1538 26
1539 27
1540 26
1541 21
1542 27
1543 24
1544 28
1545 17
1546 13
1547 14
1548 19
1549 24
1550 17
1551 20
1552 28
1553 19
1554 19
1555 26
1556 25
1557 21
1558 18
1559 20
1560 22
1561 20
1562 19
1563 21
1564 16
1565 33
1566 14
1567 19
1568 25
1569 19
1570 22
1571 22
1572 25
1573 28
1574 27
1575 15
1576 18
1577 18
1578 18
1579 22
1580 15
1581 29
1582 25
1583 17
1584 23
1585 24
1586 30
1587 20
1588 25
1589 24
1590 21
1591 17
1592 23
1593 17
1594 20
1595 23
1596 16
1597 21
1598 18
1599 18
1600 10
1601 28
1602 25
1603 12
1604 21
1605 16
1606 25
1607 19
1608 18
1609 19
1610 32
1611 19
1612 26
1613 28
1614 21
1615 18
1616 16
1617 21
1618 17
1619 13
1620 20
1621 23
1622 17
1623 19
1624 17
1625 16
1626 19
1627 23
1628 21
1629 12
1630 25
1631 23
1632 21
1633 21
1634 15
1635 15
1636 27
1637 21
1638 16
1639 18
1640 18
1641 22
1642 20
1643 20
1644 18
1645 20
1646 23
1647 25
1648 21
1649 20
1650 28
1651 18
1652 19
1653 17
1654 20
1655 20
1656 23
1657 16
1658 18
1659 23
1660 18
1661 24
1662 15
1663 12
1664 20
1665 14
1666 18
1667 19
1668 22
1669 19
1670 23
1671 24
1672 28
1673 13
1674 22
1675 26
1676 25
1677 23
1678 15
1679 20
1680 22
1681 22
1682 23
1683 15
1684 33
1685 20
1686 19
1687 22
1688 19
1689 21
1690 25
1691 22
1692 18
1693 27
1694 26
1695 22
1696 19
1697 26
1698 22
1699 17
1700 19
1701 19
1702 21
1703 13
1704 20
1705 17
1706 20
1707 24
1708 14
1709 28
1710 22
1711 21
1712 27
1713 23
1714 42
1715 33
1716 48
1717 38
1718 44
1719 51
1720 38
1721 43
1722 41
1723 54
1724 62
1725 52
1726 68
1727 72
1728 77
1729 100
1730 104
1731 95
1732 112
1733 135
1734 132
1735 144
1736 146
1737 139
1738 126
1739 113
1740 90
1741 100
1742 76
1743 153
1744 195
1745 101
1746 76
1747 64
1748 42
1749 57
1750 39
1751 27
1752 22
1753 26
1754 34
1755 24
1756 28
1757 20
1758 26
1759 26
1760 21
1761 21
1762 18
1763 16
1764 23
1765 25
1766 30
1767 17
1768 23
1769 23
1770 19
1771 21
1772 22
1773 21
1774 19
1775 21
1776 18
1777 18
1778 15
1779 23
1780 21
1781 10
1782 17
1783 14
1784 30
1785 18
1786 21
1787 15
1788 18
1789 21
1790 15
1791 18
1792 23
1793 25
1794 20
1795 18
1796 12
1797 21
1798 23
1799 28
1800 25
1801 12
1802 13
1803 17
1804 21
1805 21
1806 16
1807 26
1808 25
1809 12
1810 12
1811 12
1812 20
1813 23
1814 12
1815 22
1816 17
1817 19
1818 20
1819 23
1820 20
1821 17
1822 26
1823 20
1824 20
1825 14
1826 21
1827 14
1828 11
1829 14
1830 20
1831 21
1832 17
1833 19
1834 20
1835 16
1836 14
1837 18
1838 14
1839 18
1840 14
1841 18
1842 18
1843 21
1844 21
1845 25
1846 18
1847 17
1848 16
1849 14
1850 21
1851 20
1852 17
1853 14
1854 16
1855 16
1856 21
1857 28
1858 20
1859 16
1860 22
1861 12
1862 17
1863 13
1864 22
1865 17
1866 20
1867 16
1868 25
1869 24
1870 16
1871 15
1872 22
1873 20
1874 17
1875 13
1876 13
1877 14
1878 18
1879 17
1880 17
1881 19
1882 17
1883 18
1884 18
1885 25
1886 24
1887 12
1888 22
1889 22
1890 17
1891 21
1892 24
1893 16
1894 17
1895 13
1896 27
1897 20
1898 17
1899 10
1900 20
1901 15
1902 17
1903 23
1904 15
1905 17
1906 20
1907 15
1908 16
1909 22
1910 19
1911 17
1912 18
1913 27
1914 15
1915 16
1916 17
1917 13
1918 17
1919 23
1920 33
1921 18
1922 20
1923 18
1924 18
1925 19
1926 23
1927 14
1928 33
1929 26
1930 25
1931 20
1932 24
1933 18
1934 21
1935 26
1936 24
1937 20
1938 23
1939 15
1940 21
1941 16
1942 18
1943 27
1944 31
1945 27
1946 24
1947 26
1948 30
1949 24
1950 27
1951 19
1952 29
1953 34
1954 23
1955 33
1956 35
1957 30
1958 34
1959 36
1960 38
1961 63
1962 73
1963 54
1964 49
1965 76
1966 88
1967 94
1968 104
1969 151
1970 139
1971 143
1972 162
1973 224
1974 261
1975 301
1976 276
1977 290
1978 324
1979 314
1980 284
1981 255
1982 340
1983 321
1984 305
1985 381
1986 456
1987 458
1988 449
1989 380
1990 311
1991 291
1992 258
1993 258
1994 251
1995 242
1996 163
1997 148
1998 115
1999 119
2000 126
2001 101
2002 84
2003 73
2004 53
2005 59
2006 59
2007 39
2008 33
2009 33
2010 25
2011 27
2012 24
2013 25
2014 25
2015 26
2016 23
2017 25
2018 26
2019 29
2020 22
2021 22
2022 9
2023 20
2024 20
2025 25
2026 26
2027 17
2028 26
2029 17
2030 19
2031 17
2032 21
2033 18
2034 22
2035 18
2036 17
2037 23
2038 13
2039 15
2040 14
2041 18
2042 28
2043 17
2044 17
2045 15
2046 15
2047 20
2048 13
2049 19
2050 15
2051 9
2052 12
2053 20
2054 19
2055 21
2056 15
2057 22
2058 19
2059 17
2060 20
2061 18
2062 11
2063 18
2064 18
2065 13
2066 15
2067 12
2068 17
2069 20
2070 20
2071 13
2072 17
2073 15
2074 17
2075 24
2076 15
2077 13
2078 13
2079 24
2080 17
2081 13
2082 22
2083 12
2084 18
2085 15
2086 16
2087 19
2088 16
2089 17
2090 17
2091 14
2092 12
2093 14
2094 18
2095 25
2096 16
2097 12
2098 12
2099 14
2100 14
2101 15
2102 24
2103 24
2104 15
2105 17
2106 18
2107 19
2108 17
2109 18
2110 18
2111 24
2112 26
2113 12
2114 17
2115 11
2116 12
2117 17
2118 19
2119 15
2120 11
2121 9
2122 15
2123 15
2124 15
2125 16
2126 14
2127 20
2128 17
2129 14
2130 22
2131 18
2132 15
2133 13
2134 15
2135 18
2136 22
2137 22
2138 14
2139 15
2140 17
2141 13
2142 12
2143 19
2144 9
2145 15
2146 11
2147 17
2148 31
2149 27
2150 15
2151 20
2152 14
2153 19
2154 14
2155 16
2156 17
2157 22
2158 28
2159 25
2160 24
2161 32
2162 34
2163 23
2164 31
2165 32
2166 37
2167 40
2168 29
2169 31
2170 26
2171 36
2172 44
2173 42
2174 56
2175 79
2176 40
2177 72
2178 71
2179 63
2180 56
2181 87
2182 75
2183 95
2184 79
2185 90
2186 112
2187 113
2188 103
2189 88
2190 88
2191 64
2192 61
2193 67
2194 58
2195 44
2196 34
2197 46
2198 59
2199 31
2200 27
2201 23
2202 33
2203 28
2204 22
2205 22
2206 22
2207 21
2208 21
2209 17
2210 26
2211 16
2212 24
2213 16
2214 15
2215 18
2216 16
2217 12
2218 13
2219 19
2220 14
2221 17
2222 7
2223 14
2224 17
2225 18
2226 17
2227 17
2228 18
2229 14
2230 11
2231 18
2232 11
2233 16
2234 15
2235 15
2236 11
2237 20
2238 15
2239 18
2240 13
2241 10
2242 14
2243 11
2244 17
2245 11
2246 14
2247 13
2248 12
2249 9
2250 12
2251 16
2252 13
2253 19
2254 23
2255 16
2256 6
2257 18
2258 17
2259 9
2260 20
2261 12
2262 17
2263 12
2264 16
2265 9
2266 11
2267 13
2268 12
2269 18
2270 13
2271 17
2272 10
2273 13
2274 10
2275 15
2276 9
2277 16
2278 11
2279 18
2280 13
2281 16
2282 17
2283 17
2284 16
2285 14
2286 14
2287 11
2288 14
2289 11
2290 10
2291 12
2292 16
2293 13
2294 17
2295 21
2296 8
2297 16
2298 13
2299 11
2300 15
2301 15
2302 10
2303 13
2304 11
2305 18
2306 13
2307 16
2308 10
2309 12
2310 12
2311 11
2312 11
2313 17
2314 10
2315 14
2316 6
2317 13
2318 23
2319 8
2320 20
2321 12
2322 17
2323 11
2324 17
2325 15
2326 13
2327 12
2328 12
2329 15
2330 10
2331 12
2332 10
2333 10
2334 14
2335 13
2336 12
2337 15
2338 11
2339 11
2340 11
2341 16
2342 9
2343 17
2344 14
2345 11
2346 15
2347 19
2348 18
2349 13
2350 14
2351 10
2352 17
2353 12
2354 13
2355 12
2356 14
2357 11
2358 8
2359 17
2360 16
2361 14
2362 19
2363 11
2364 10
2365 17
2366 13
2367 15
2368 9
2369 13
2370 11
2371 18
2372 9
2373 16
2374 15
2375 17
2376 15
2377 16
2378 9
2379 13
2380 13
2381 12
2382 14
2383 13
2384 10
2385 11
2386 19
2387 12
2388 14
2389 14
2390 7
2391 7
2392 15
2393 14
2394 19
2395 11
2396 9
2397 11
2398 13
2399 20
2400 13
2401 15
2402 14
2403 14
2404 16
2405 10
2406 16
2407 8
2408 11
2409 17
2410 13
2411 12
2412 23
2413 14
2414 7
2415 12
2416 6
2417 16
2418 20
2419 20
2420 14
2421 15
2422 5
2423 10
2424 9
2425 4
2426 11
2427 11
2428 17
2429 11
2430 9
2431 10
2432 9
2433 13
2434 13
2435 14
2436 17
2437 13
2438 10
2439 11
2440 16
2441 15
2442 14
2443 14
2444 17
2445 15
2446 29
2447 19
2448 25
2449 17
2450 22
2451 28
2452 23
2453 23
2454 29
2455 31
2456 35
2457 44
2458 63
2459 66
2460 49
2461 35
2462 48
2463 45
2464 33
2465 37
2466 44
2467 66
2468 72
2469 72
2470 66
2471 69
2472 63
2473 66
2474 82
2475 70
2476 58
2477 51
2478 62
2479 31
2480 37
2481 29
2482 33
2483 36
2484 31
2485 25
2486 23
2487 18
2488 31
2489 23
2490 13
2491 22
2492 29
2493 13
2494 16
2495 23
2496 13
2497 12
2498 18
2499 20
2500 12
2501 8
2502 10
2503 9
2504 12
2505 17
2506 12
2507 11
2508 15
2509 16
2510 9
2511 13
2512 9
2513 7
2514 12
2515 12
2516 14
2517 12
2518 6
2519 11
2520 11
2521 5
2522 18
2523 12
2524 13
2525 11
2526 17
2527 9
2528 13
2529 12
2530 15
2531 14
2532 15
2533 9
2534 19
2535 10
2536 10
2537 13
2538 14
2539 18
2540 17
2541 16
2542 13
2543 18
2544 21
2545 16
2546 32
2547 27
2548 21
2549 27
2550 24
2551 28
2552 26
2553 34
2554 36
2555 35
2556 29
2557 32
2558 25
2559 46
