0 46
1 38
2 27
3 24
4 27
5 37
6 31
7 31
8 38
9 49
10 42
11 42
12 35
13 34
14 33
15 34
16 28
17 36
18 48
19 47
20 50
21 42
22 33
23 26
24 42
25 37
26 42
27 29
28 44
29 46
30 34
31 35
32 33
33 42
34 21
35 58
36 39
37 40
38 39
39 35
40 39
41 48
42 32
43 39
44 31
45 24
46 33
47 36
48 33
49 46
50 35
51 38
52 30
53 34
54 39
55 47
56 52
57 38
58 36
59 38
60 32
61 35
62 44
63 47
64 41
65 34
66 40
67 36
68 37
69 42
70 36
71 28
72 33
73 41
74 36
75 42
76 44
77 40
78 32
79 35
80 39
81 41
82 37
83 25
84 45
85 33
86 29
87 31
88 34
89 35
90 38
91 31
92 48
93 33
94 38
95 38
96 43
97 26
98 36
99 30
100 34
101 51
102 32
103 38
104 36
105 37
106 38
107 36
108 39
109 49
110 45
111 30
112 36
113 40
114 41
115 51
116 58
117 43
118 29
119 39
120 34
121 40
122 30
123 39
124 31
125 37
126 38
127 52
128 41
129 30
130 38
131 36
132 34
133 53
134 40
135 40
136 37
137 41
138 35
139 43
140 42
141 46
142 44
143 27
144 42
145 39
146 34
147 43
148 41
149 41
150 43
151 28
152 40
153 53
154 44
155 38
156 54
157 40
158 40
159 40
160 28
161 31
162 38
163 38
164 39
165 26
166 29
167 31
168 42
169 34
170 39
171 38
172 38
173 37
174 46
175 47
176 42
177 42
178 38
179 42
180 45
181 33
182 38
183 31
184 50
185 44
186 32
187 31
188 33
189 41
190 38
191 42
192 40
193 30
194 33
195 35
196 49
197 34
198 45
199 42
200 36
201 43
202 41
203 31
204 29
205 26
206 32
207 42
208 31
209 61
210 38
211 46
212 50
213 33
214 46
215 35
216 36
217 35
218 46
219 27
220 40
221 40
222 43
223 32
224 47
225 43
226 36
227 36
228 40
229 35
230 41
231 37
232 39
233 43
234 52
235 49
236 39
237 30
238 36
239 38
240 33
241 38
242 45
243 37
244 46
245 42
246 33
247 46
248 38
249 43
250 38
251 45
252 39
253 42
254 35
255 41
256 56
257 44
258 35
259 40
260 59
261 47
262 38
263 47
264 46
265 48
266 45
267 50
268 39
269 44
270 40
271 41
272 49
273 46
274 30
275 40
276 44
277 38
278 35
279 48
280 45
281 44
282 43
283 39
284 44
285 45
286 34
287 52
288 42
289 42
290 42
291 40
292 27
293 52
294 41
295 35
296 43
297 33
298 43
299 44
300 27
301 44
302 46
303 33
304 33
305 46
306 36
307 31
308 33
309 37
310 48
311 34
312 32
313 43
314 56
315 51
316 35
317 42
318 37
319 48
320 36
321 43
322 42
323 36
324 46
325 48
326 40
327 38
328 47
329 33
330 47
331 39
332 45
333 38
334 47
335 27
336 36
337 49
338 44
339 44
340 36
341 34
342 32
343 52
344 26
345 44
346 47
347 47
348 42
349 36
350 48
351 48
352 43
353 37
354 46
355 31
356 50
357 44
358 39
359 45
360 29
361 32
362 54
363 43
364 45
365 30
366 35
367 46
368 47
369 45
370 46
371 44
372 29
373 35
374 42
375 46
376 48
377 46
378 36
379 32
380 26
381 40
382 44
383 37
384 43
385 34
386 45
387 44
388 44
389 36
390 46
391 40
392 31
393 42
394 36
395 35
396 53
397 42
398 44
399 45
400 49
401 46
402 34
403 47
404 39
405 42
406 57
407 43
408 36
409 52
410 45
411 37
412 36
413 50
414 35
415 57
416 42
417 51
418 56
419 53
420 33
421 42
422 40
423 45
424 46
425 33
426 54
427 44
428 43
429 30
430 40
431 40
432 37
433 39
434 45
435 41
436 45
437 45
438 48
439 50
440 45
441 42
442 30
443 25
444 35
445 39
446 38
447 50
448 39
449 40
450 40
451 41
452 51
453 35
454 49
455 45
456 45
457 53
458 47
459 48
460 31
461 41
462 50
463 49
464 42
465 36
466 39
467 43
468 36
469 31
470 52
471 41
472 47
473 56
474 66
475 46
476 47
477 51
478 53
479 38
480 62
481 72
482 60
483 63
484 70
485 59
486 77
487 53
488 67
489 85
490 73
491 107
492 90
493 69
494 101
495 93
496 90
497 101
498 104
499 128
500 122
501 117
502 120
503 117
504 109
505 114
506 108
507 85
508 88
509 103
510 72
511 78
512 64
513 53
514 49
515 42
516 47
517 38
518 37
519 48
520 46
521 53
522 49
523 42
524 43
525 39
526 46
527 46
528 53
529 53
530 61
531 43
532 45
533 43
534 38
535 52
536 43
537 49
538 49
539 37
540 49
541 33
542 47
543 40
544 39
545 48
546 52
547 48
548 62
549 39
550 45
551 43
552 36
553 44
554 55
555 40
556 36
557 29
558 36
559 52
560 48
561 48
562 30
563 38
564 42
565 42
566 46
567 46
568 55
569 36
570 39
571 51
572 49
573 45
574 38
575 45
576 52
577 54
578 38
579 36
580 31
581 51
582 35
583 33
584 46
585 43
586 58
587 54
588 45
589 46
590 53
591 34
592 45
593 39
594 45
595 47
596 52
597 46
598 37
599 57
600 51
601 38
602 31
603 38
604 49
605 40
606 54
607 48
608 47
609 35
610 40
611 47
612 48
613 48
614 49
615 39
616 32
617 47
618 39
619 26
620 39
621 33
622 57
623 54
624 44
625 46
626 47
627 41
628 35
629 43
630 32
631 48
632 39
633 43
634 35
635 35
636 25
637 44
638 36
639 42
640 37
641 41
642 42
643 44
644 38
645 45
646 55
647 56
648 45
649 37
650 39
651 60
652 60
653 43
654 49
655 39
656 38
657 48
658 45
659 47
660 42
661 32
662 35
663 40
664 53
665 45
666 47
667 45
668 46
669 41
670 47
671 30
672 59
673 50
674 47
675 46
676 51
677 39
678 44
679 42
680 42
681 40
682 40
683 49
684 47
685 36
686 31
687 26
688 29
689 29
690 52
691 48
692 39
693 58
694 32
695 42
696 59
697 33
698 38
699 36
700 40
701 44
702 39
703 39
704 38
705 40
706 33
707 41
708 59
709 47
710 45
711 49
712 32
713 37
714 43
715 44
716 28
717 38
718 34
719 44
720 29
721 43
722 31
723 43
724 37
725 45
726 42
727 39
728 45
729 50
730 42
731 41
732 40
733 37
734 32
735 41
736 45
737 45
738 46
739 33
740 55
741 48
742 52
743 37
744 38
745 40
746 44
747 32
748 40
749 40
750 44
751 34
752 51
753 50
754 50
755 48
756 32
757 48
758 29
759 24
760 33
761 40
762 31
763 28
764 30
765 38
766 35
767 34
768 33
769 37
770 40
771 35
772 37
773 25
774 42
775 28
776 34
777 40
778 33
779 43
780 37
781 54
782 49
783 36
784 33
785 40
786 39
787 45
788 44
789 54
790 39
791 27
792 48
793 42
794 47
795 33
796 45
797 32
798 45
799 30
800 46
801 38
802 34
803 32
804 28
805 45
806 38
807 39
808 45
809 35
810 41
811 37
812 29
813 49
814 41
815 48
816 44
817 33
818 44
819 66
820 41
821 39
822 32
823 36
824 38
825 40
826 49
827 41
828 39
829 44
830 40
831 56
832 44
833 28
834 30
835 36
836 45
837 31
838 49
839 36
840 27
841 29
842 41
843 42
844 37
845 37
846 37
847 40
848 22
849 29
850 34
851 37
852 45
853 33
854 31
855 43
856 44
857 33
858 42
859 39
860 30
861 47
862 42
863 45
864 33
865 51
866 38
867 42
868 39
869 39
870 52
871 45
872 42
873 29
874 39
875 36
876 41
877 37
878 42
879 41
880 37
881 36
882 41
883 29
884 34
885 38
886 43
887 40
888 45
889 31
890 33
891 37
892 33
893 35
894 28
895 36
896 46
897 48
898 40
899 37
900 44
901 36
902 36
903 30
904 39
905 33
906 26
907 37
908 43
909 40
910 38
911 34
912 41
913 34
914 36
915 33
916 42
917 32
918 36
919 41
920 36
921 31
922 33
923 26
924 44
925 32
926 42
927 37
928 32
929 36
930 37
931 43
932 38
933 36
934 36
935 42
936 38
937 39
938 39
939 36
940 35
941 31
942 35
943 41
944 43
945 28
946 41
947 46
948 38
949 38
950 36
951 44
952 40
953 46
954 36
955 48
956 34
957 55
958 41
959 50
960 37
961 38
962 40
963 38
964 36
965 48
966 54
967 43
968 39
969 32
970 46
971 38
972 45
973 33
974 45
975 35
976 47
977 52
978 40
979 47
980 47
981 47
982 56
983 52
984 57
985 48
986 58
987 58
988 93
989 110
990 98
991 103
992 81
993 79
994 127
995 110
996 147
997 148
998 181
999 199
1000 225
1001 248
1002 250
1003 287
1004 350
1005 353
1006 359
1007 395
1008 449
1009 427
1010 471
1011 483
1012 532
1013 546
1014 376
1015 333
1016 275
1017 210
1018 208
1019 125
1020 96
1021 66
1022 51
1023 50
1024 51
1025 33
1026 33
1027 45
1028 50
1029 40
1030 43
1031 37
1032 49
1033 38
1034 36
1035 43
1036 48
1037 37
1038 39
1039 32
1040 39
1041 36
1042 35
1043 29
1044 35
1045 39
1046 40
1047 31
1048 35
1049 44
1050 36
1051 42
1052 32
1053 35
1054 31
1055 41
1056 44
1057 34
1058 31
1059 34
1060 41
1061 41
1062 34
1063 47
1064 36
1065 35
1066 25
1067 26
1068 31
1069 38
1070 35
1071 37
1072 37
1073 40
1074 31
1075 38
1076 41
1077 35
1078 31
1079 49
1080 49
1081 36
1082 28
1083 31
1084 32
1085 35
1086 25
1087 31
1088 49
1089 45
1090 41
1091 32
1092 34
1093 36
1094 26
1095 32
1096 35
1097 37
1098 29
1099 47
1100 38
1101 34
1102 32
1103 30
1104 50
1105 33
1106 37
1107 34
1108 31
1109 30
1110 46
1111 43
1112 39
1113 30
1114 42
1115 34
1116 48
1117 34
1118 28
1119 42
1120 32
1121 40
1122 35
1123 41
1124 37
1125 26
1126 40
1127 37
1128 34
1129 44
1130 37
1131 47
1132 41
1133 39
1134 47
1135 67
1136 53
1137 64
1138 66
1139 66
1140 64
1141 77
1142 58
1143 49
1144 48
1145 52
1146 55
1147 40
1148 56
1149 41
1150 39
1151 56
1152 34
1153 37
1154 35
1155 32
1156 34
1157 27
1158 36
1159 34
1160 40
1161 37
1162 33
1163 39
1164 35
1165 24
1166 24
1167 41
1168 33
1169 27
1170 24
1171 37
1172 39
1173 37
1174 27
1175 35
1176 33
1177 39
1178 33
1179 38
1180 37
1181 38
1182 39
1183 37
1184 34
1185 30
1186 34
1187 29
1188 33
1189 38
1190 34
1191 31
1192 24
1193 38
1194 44
1195 37
1196 31
1197 25
1198 39
1199 26
1200 39
1201 29
1202 27
1203 32
1204 41
1205 40
1206 34
1207 36
1208 36
1209 28
1210 29
1211 32
1212 36
1213 34
1214 25
1215 43
1216 41
1217 26
1218 27
1219 35
1220 33
1221 24
1222 35
1223 38
1224 27
1225 31
1226 42
1227 42
1228 28
1229 24
1230 25
1231 34
1232 31
1233 33
1234 23
1235 26
1236 32
1237 26
1238 43
1239 35
1240 36
1241 33
1242 25
1243 28
1244 24
1245 30
1246 18
1247 26
1248 30
1249 31
1250 36
1251 24
1252 23
1253 34
1254 22
1255 33
1256 38
1257 38
1258 24
1259 33
1260 30
1261 35
1262 37
1263 25
1264 34
1265 23
1266 30
1267 17
1268 26
1269 27
1270 25
1271 22
1272 17
1273 29
1274 22
1275 35
1276 27
1277 13
1278 14
1279 21
1280 116
1281 145
1282 155
1283 167
1284 154
1285 160
1286 200
1287 230
1288 214
1289 227
1290 189
1291 176
1292 235
1293 278
1294 204
1295 157
1296 125
1297 82
1298 72
1299 59
1300 46
1301 32
1302 35
1303 33
1304 37
1305 33
1306 24
1307 28
1308 24
1309 26
1310 38
1311 24
1312 33
1313 33
1314 30
1315 20
1316 30
1317 27
1318 27
1319 27
1320 35
1321 34
1322 24
1323 30
1324 39
1325 27
1326 22
1327 18
1328 30
1329 29
1330 33
1331 23
1332 26
1333 25
1334 21
1335 26
1336 21
1337 30
1338 36
1339 34
1340 32
1341 34
1342 27
1343 22
1344 22
1345 33
1346 19
1347 22
1348 14
1349 26
1350 20
1351 23
1352 37
1353 16
1354 18
1355 26
1356 26
1357 28
1358 14
1359 21
1360 20
1361 23
1362 31
1363 18
1364 22
1365 18
1366 25
1367 21
1368 21
1369 19
1370 33
1371 28
1372 27
1373 24
1374 22
1375 23
1376 18
1377 20
1378 24
1379 20
1380 23
1381 26
1382 36
1383 29
1384 23
1385 21
1386 24
1387 25
1388 22
1389 30
1390 20
1391 31
1392 24
1393 27
1394 20
1395 24
1396 23
1397 21
1398 19
1399 29
1400 18
1401 29
1402 16
1403 23
1404 29
1405 22
1406 19
1407 20
1408 25
1409 22
1410 23
1411 32
1412 28
1413 21
1414 24
1415 32
1416 23
1417 28
1418 27
1419 29
1420 26
1421 25
1422 32
1423 31
1424 29
1425 22
1426 28
1427 26
1428 29
1429 23
1430 28
1431 23
1432 24
1433 32
1434 18
1435 17
1436 23
1437 25
1438 24
1439 27
1440 23
1441 19
1442 19
1443 24
1444 30
1445 21
1446 24
1447 28
1448 23
1449 20
1450 31
1451 18
1452 30
1453 19
1454 30
1455 26
1456 21
1457 21
1458 19
1459 22
1460 23
1461 26
1462 21
1463 20
1464 33
1465 18
1466 20
1467 33
1468 18
1469 24
1470 26
1471 15
1472 18
1473 27
1474 22
1475 21
1476 28
1477 21
1478 19
1479 22
1480 22
1481 24
1482 22
1483 16
1484 16
1485 20
1486 35
1487 29
1488 21
1489 33
1490 34
1491 23
1492 27
1493 29
1494 25
1495 31
1496 22
1497 27
1498 30
1499 21
1500 24
1501 21
1502 23
1503 20
1504 22
1505 29
1506 23
1507 17
1508 21
1509 20
1510 22
1511 21
1512 22
1513 18
1514 19
1515 22
1516 15
1517 21
1518 19
1519 21
1520 15
1521 20
1522 17
1523 32
1524 21
1525 24
1526 29
1527 21
1528 18
1529 26
1530 17
1531 20
1532 24
1533 19
1534 24
1535 20
1536 23
1537 21
1538 30
1539 22
1540 19
1541 18
1542 19
1543 24
1544 21
1545 26
1546 15
1547 23
1548 21
1549 24
1550 17
1551 19
1552 28
1553 19
1554 27
1555 32
1556 20
1557 18
1558 21
1559 24
1560 23
1561 20
1562 19
1563 26
1564 19
1565 14
1566 24
1567 14
1568 20
1569 15
1570 11
1571 17
1572 16
1573 17
1574 16
1575 21
1576 24
1577 21
1578 20
1579 15
1580 24
1581 23
1582 20
1583 23
1584 26
1585 24
1586 25
1587 18
1588 19
1589 24
1590 17
1591 25
1592 25
1593 16
1594 25
1595 19
1596 21
1597 17
1598 25
1599 20
1600 15
1601 25
1602 28
1603 19
1604 17
1605 21
1606 20
1607 19
1608 12
1609 18
1610 23
1611 19
1612 19
1613 22
1614 12
1615 18
1616 19
1617 10
1618 13
1619 12
1620 20
1621 21
1622 20
1623 19
1624 13
1625 22
1626 22
1627 22
1628 17
1629 20
1630 18
1631 28
1632 17
1633 14
1634 16
1635 18
1636 15
1637 24
1638 15
1639 19
1640 20
1641 22
1642 22
1643 18
1644 19
1645 15
1646 25
1647 20
1648 17
1649 18
1650 24
1651 29
1652 29
1653 18
1654 23
1655 17
1656 25
1657 15
1658 21
1659 21
1660 20
1661 24
1662 17
1663 20
1664 18
1665 11
1666 18
1667 20
1668 20
1669 22
1670 21
1671 24
1672 22
1673 18
1674 32
1675 25
1676 18
1677 20
1678 19
1679 23
1680 24
1681 22
1682 22
1683 31
1684 28
1685 21
1686 26
1687 27
1688 35
1689 23
1690 24
1691 22
1692 31
1693 24
1694 28
1695 28
1696 24
1697 25
1698 24
1699 16
1700 14
1701 26
1702 20
1703 22
1704 21
1705 19
1706 28
1707 20
1708 23
1709 32
1710 33
1711 15
1712 25
1713 28
1714 28
1715 20
1716 37
1717 30
1718 29
1719 27
1720 37
1721 48
1722 28
1723 29
1724 30
1725 40
1726 38
1727 40
1728 50
1729 83
1730 82
1731 68
1732 78
1733 91
1734 129
1735 110
1736 131
1737 119
1738 135
1739 123
1740 138
1741 171
1742 169
1743 133
1744 122
1745 97
1746 78
1747 98
1748 70
1749 68
1750 56
1751 53
1752 54
1753 33
1754 33
1755 38
1756 35
1757 34
1758 42
1759 27
1760 22
1761 24
1762 21
1763 21
1764 21
1765 28
1766 19
1767 26
1768 20
1769 20
1770 22
1771 17
1772 20
1773 14
1774 25
1775 24
1776 13
1777 23
1778 23
1779 21
1780 21
1781 16
1782 21
1783 12
1784 14
1785 28
1786 27
1787 18
1788 25
1789 31
1790 25
1791 14
1792 20
1793 27
1794 19
1795 20
1796 17
1797 16
1798 20
1799 16
1800 13
1801 19
1802 15
1803 14
1804 15
1805 24
1806 19
1807 20
1808 24
1809 12
1810 19
1811 21
1812 20
1813 17
1814 17
1815 24
1816 13
1817 23
1818 18
1819 25
1820 11
1821 18
1822 20
1823 13
1824 23
1825 28
1826 19
1827 20
1828 23
1829 19
1830 26
1831 25
1832 16
1833 15
1834 29
1835 20
1836 15
1837 19
1838 21
1839 15
1840 19
1841 16
1842 22
1843 11
1844 16
1845 14
1846 21
1847 19
1848 25
1849 17
1850 14
1851 19
1852 15
1853 13
1854 11
1855 15
1856 23
1857 20
1858 29
1859 17
1860 19
1861 18
1862 15
1863 13
1864 18
1865 15
1866 17
1867 20
1868 16
1869 22
1870 14
1871 13
1872 20
1873 22
1874 16
1875 25
1876 20
1877 23
1878 16
1879 16
1880 18
1881 20
1882 14
1883 20
1884 18
1885 16
1886 24
1887 12
1888 16
1889 25
1890 11
1891 23
1892 22
1893 19
1894 26
1895 19
1896 20
1897 15
1898 18
1899 18
1900 18
1901 22
1902 17
1903 17
1904 20
1905 16
1906 13
1907 15
1908 21
1909 14
1910 21
1911 18
1912 16
1913 21
1914 21
1915 16
1916 20
1917 21
1918 19
1919 19
1920 16
1921 28
1922 14
1923 18
1924 19
1925 17
1926 30
1927 18
1928 17
1929 20
1930 19
1931 17
1932 15
1933 25
1934 23
1935 19
1936 22
1937 18
1938 22
1939 17
1940 16
1941 18
1942 19
1943 25
1944 21
1945 25
1946 23
1947 27
1948 16
1949 16
1950 17
1951 26
1952 26
1953 16
1954 20
1955 23
1956 32
1957 22
1958 23
1959 30
1960 30
1961 30
1962 47
1963 38
1964 50
1965 42
1966 47
1967 57
1968 74
1969 77
1970 85
1971 114
1972 93
1973 122
1974 127
1975 178
1976 162
1977 146
1978 148
1979 203
1980 221
1981 193
1982 247
1983 256
1984 263
1985 284
1986 300
1987 377
1988 377
1989 448
1990 463
1991 362
1992 291
1993 281
1994 326
1995 388
1996 396
1997 333
1998 274
1999 206
2000 194
2001 158
2002 182
2003 150
2004 178
2005 125
2006 135
2007 91
2008 60
2009 45
2010 48
2011 36
2012 37
2013 39
2014 34
2015 39
2016 35
2017 17
2018 18
2019 29
2020 21
2021 24
2022 14
2023 21
2024 21
2025 23
2026 20
2027 16
2028 14
2029 15
2030 17
2031 21
2032 20
2033 16
2034 22
2035 13
2036 23
2037 21
2038 12
2039 19
2040 14
2041 20
2042 11
2043 22
2044 23
2045 18
2046 20
2047 13
2048 16
2049 18
2050 29
2051 14
2052 20
2053 25
2054 18
2055 17
2056 18
2057 17
2058 19
2059 17
2060 9
2061 28
2062 26
2063 23
2064 15
2065 20
2066 12
2067 14
2068 9
2069 17
2070 15
2071 19
2072 11
2073 15
2074 11
2075 14
2076 22
2077 12
2078 12
2079 11
2080 17
2081 17
2082 19
2083 21
2084 14
2085 19
2086 25
2087 14
2088 19
2089 21
2090 13
2091 23
2092 20
2093 18
2094 22
2095 18
2096 19
2097 19
2098 22
2099 25
2100 15
2101 15
2102 21
2103 16
2104 23
2105 17
2106 23
2107 14
2108 14
2109 15
2110 24
2111 17
2112 19
2113 17
2114 13
2115 17
2116 18
2117 25
2118 33
2119 11
2120 20
2121 11
2122 13
2123 23
2124 19
2125 14
2126 10
2127 14
2128 13
2129 13
2130 16
2131 11
2132 10
2133 18
2134 23
2135 14
2136 17
2137 12
2138 16
2139 21
2140 20
2141 21
2142 15
2143 16
2144 15
2145 15
2146 15
2147 11
2148 9
2149 10
2150 14
2151 13
2152 11
2153 10
2154 16
2155 18
2156 24
2157 16
2158 15
2159 22
2160 19
2161 23
2162 17
2163 28
2164 26
2165 16
2166 26
2167 34
2168 29
2169 25
2170 23
2171 33
2172 30
2173 29
2174 35
2175 43
2176 46
2177 48
2178 58
2179 52
2180 63
2181 78
2182 83
2183 98
2184 96
2185 67
2186 92
2187 102
2188 83
2189 88
2190 82
2191 76
2192 66
2193 92
2194 66
2195 79
2196 60
2197 66
2198 54
2199 44
2200 60
2201 59
2202 51
2203 40
2204 31
2205 40
2206 29
2207 25
2208 23
2209 25
2210 19
2211 16
2212 12
2213 23
2214 12
2215 18
2216 26
2217 10
2218 12
2219 19
2220 19
2221 19
2222 11
2223 16
2224 17
2225 11
2226 12
2227 12
2228 17
2229 12
2230 15
2231 21
2232 14
2233 17
2234 22
2235 12
2236 14
2237 15
2238 13
2239 18
2240 14
2241 12
2242 7
2243 15
2244 15
2245 12
2246 18
2247 13
2248 16
2249 18
2250 15
2251 16
2252 9
2253 11
2254 16
2255 15
2256 15
2257 14
2258 22
2259 15
2260 12
2261 10
2262 8
2263 14
2264 9
2265 16
2266 15
2267 18
2268 17
2269 9
2270 12
2271 18
2272 19
2273 18
2274 13
2275 11
2276 17
2277 15
2278 14
2279 18
2280 12
2281 16
2282 12
2283 9
2284 17
2285 13
2286 14
2287 12
2288 12
2289 11
2290 15
2291 9
2292 9
2293 15
2294 21
2295 17
2296 12
2297 12
2298 16
2299 11
2300 14
2301 13
2302 14
2303 13
2304 11
2305 9
2306 13
2307 18
2308 11
2309 9
2310 21
2311 13
2312 19
2313 12
2314 16
2315 17
2316 17
2317 12
2318 12
2319 14
2320 17
2321 8
2322 9
2323 10
2324 7
2325 19
2326 13
2327 13
2328 12
2329 19
2330 20
2331 17
2332 14
2333 17
2334 15
2335 13
2336 19
2337 16
2338 14
2339 9
2340 18
2341 16
2342 12
2343 13
2344 8
2345 13
2346 23
2347 14
2348 8
2349 15
2350 15
2351 12
2352 11
2353 10
2354 22
2355 11
2356 15
2357 11
2358 11
2359 14
2360 18
2361 18
2362 14
2363 16
2364 12
2365 17
2366 10
2367 12
2368 18
2369 11
2370 13
2371 11
2372 17
2373 15
2374 11
2375 9
2376 11
2377 9
2378 17
2379 17
2380 15
2381 9
2382 12
2383 10
2384 10
2385 12
2386 11
2387 13
2388 9
2389 11
2390 12
2391 8
2392 20
2393 18
2394 15
2395 9
2396 11
2397 10
2398 12
2399 13
2400 9
2401 13
2402 14
2403 16
2404 7
2405 18
2406 16
2407 14
2408 11
2409 16
2410 16
2411 11
2412 18
2413 13
2414 19
2415 9
2416 13
2417 10
2418 15
2419 7
2420 14
2421 15
2422 10
2423 16
2424 25
2425 16
2426 11
2427 12
2428 9
2429 12
2430 17
2431 15
2432 19
2433 15
2434 12
2435 12
2436 13
2437 6
2438 7
2439 12
2440 12
2441 10
2442 11
2443 12
2444 18
2445 11
2446 9
2447 21
2448 24
2449 17
2450 12
2451 19
2452 13
2453 27
2454 28
2455 18
2456 27
2457 20
2458 25
2459 39
2460 40
2461 47
2462 43
2463 38
2464 25
2465 41
2466 44
2467 45
2468 55
2469 51
2470 63
2471 90
2472 67
2473 58
2474 66
2475 61
2476 97
2477 60
2478 54
2479 43
2480 35
2481 32
2482 37
2483 49
2484 28
2485 40
2486 36
2487 38
2488 40
2489 43
2490 28
2491 23
2492 32
2493 31
2494 24
2495 23
2496 22
2497 21
2498 28
2499 20
2500 13
2501 17
2502 20
2503 18
2504 14
2505 13
2506 8
2507 11
2508 11
2509 17
2510 12
2511 8
2512 10
2513 14
2514 12
2515 12
2516 17
2517 11
2518 7
2519 19
2520 15
2521 20
2522 11
2523 14
2524 14
2525 19
2526 12
2527 15
2528 21
2529 12
2530 12
2531 13
2532 9
2533 8
2534 17
2535 8
2536 16
2537 13
2538 12
2539 7
2540 16
2541 20
2542 7
2543 17
2544 19
2545 22
2546 14
2547 12
2548 16
2549 19
2550 16
2551 21
2552 27
2553 27
2554 29
2555 22
2556 26
2557 22
2558 28
2559 43
