0 37
1 24
2 33
3 31
4 31
5 25
6 22
7 30
8 30
9 24
10 33
11 36
12 36
13 23
14 24
15 25
16 30
17 20
18 24
19 37
20 32
21 24
22 32
23 32
24 29
25 31
26 33
27 31
28 26
29 20
30 25
31 33
32 19
33 24
34 27
35 34
36 31
37 24
38 26
39 20
40 24
41 28
42 29
43 30
44 31
45 31
46 29
47 27
48 38
49 26
50 27
51 29
52 38
53 33
54 25
55 18
56 26
57 27
58 28
59 33
60 29
61 31
62 24
63 24
64 28
65 29
66 30
67 38
68 28
69 28
70 18
71 17
72 23
73 29
74 32
75 30
76 27
77 28
78 25
79 38
80 38
81 31
82 37
83 22
84 25
85 32
86 31
87 28
88 28
89 22
90 32
91 41
92 33
93 20
94 28
95 24
96 18
97 34
98 30
99 35
100 33
101 30
102 32
103 29
104 23
105 30
106 25
107 29
108 23
109 29
110 23
111 24
112 23
113 20
114 30
115 29
116 27
117 37
118 30
119 26
120 32
121 23
122 28
123 21
124 31
125 27
126 36
127 23
128 24
129 34
130 31
131 34
132 34
133 41
134 26
135 34
136 29
137 27
138 35
139 41
140 26
141 33
142 35
143 40
144 32
145 26
146 36
147 21
148 36
149 29
150 30
151 24
152 35
153 25
154 31
155 32
156 31
157 40
158 33
159 25
160 22
161 31
162 31
163 46
164 46
165 38
166 30
167 25
168 25
169 36
170 36
171 31
172 31
173 24
174 34
175 35
176 36
177 35
178 30
179 26
180 36
181 31
182 27
183 39
184 36
185 34
186 33
187 25
188 25
189 28
190 28
191 31
192 30
193 31
194 36
195 33
196 39
197 32
198 23
199 36
200 33
201 39
202 27
203 21
204 40
205 36
206 41
207 39
208 34
209 31
210 38
211 42
212 40
213 39
214 35
215 27
216 34
217 31
218 28
219 34
220 35
221 26
222 28
223 43
224 28
225 36
226 38
227 33
228 18
229 20
230 39
231 39
232 35
233 25
234 31
235 43
236 32
237 36
238 38
239 34
240 31
241 30
242 30
243 25
244 38
245 24
246 25
247 30
248 24
249 31
250 27
251 42
252 28
253 29
254 33
255 26
256 41
257 36
258 31
259 31
260 30
261 37
262 34
263 35
264 30
265 39
266 34
267 46
268 34
269 31
270 36
271 26
272 39
273 32
274 46
275 31
276 35
277 29
278 30
279 26
280 29
281 25
282 31
283 39
284 50
285 31
286 52
287 30
288 33
289 27
290 25
291 28
292 41
293 38
294 44
295 35
296 31
297 33
298 38
299 38
300 22
301 29
302 42
303 33
304 32
305 30
306 39
307 35
308 32
309 35
310 34
311 42
312 38
313 33
314 27
315 25
316 35
317 32
318 36
319 31
320 42
321 32
322 32
323 20
324 32
325 47
326 49
327 37
328 32
329 30
330 34
331 28
332 34
333 27
334 47
335 29
336 48
337 37
338 26
339 34
340 37
341 42
342 33
343 29
344 39
345 33
346 19
347 33
348 33
349 41
350 39
351 31
352 41
353 32
354 43
355 40
356 33
357 34
358 23
359 40
360 42
361 44
362 34
363 33
364 36
365 35
366 35
367 45
368 41
369 41
370 35
371 38
372 41
373 36
374 44
375 40
376 28
377 31
378 35
379 32
380 35
381 34
382 25
383 23
384 33
385 42
386 33
387 36
388 42
389 36
390 37
391 26
392 47
393 31
394 33
395 36
396 44
397 47
398 39
399 32
400 36
401 32
402 59
403 41
404 35
405 40
406 34
407 29
408 33
409 45
410 38
411 33
412 26
413 31
414 45
415 40
416 27
417 32
418 32
419 49
420 38
421 30
422 24
423 35
424 33
425 41
426 32
427 39
428 45
429 47
430 39
431 31
432 46
433 47
434 31
435 39
436 31
437 35
438 44
439 39
440 33
441 43
442 47
443 45
444 39
445 37
446 39
447 32
448 31
449 42
450 33
451 47
452 38
453 37
454 29
455 33
456 25
457 26
458 43
459 39
460 38
461 28
462 40
463 34
464 33
465 33
466 36
467 23
468 39
469 43
470 34
471 27
472 30
473 32
474 43
475 39
476 33
477 31
478 44
479 38
480 30
481 38
482 34
483 35
484 42
485 42
486 31
487 39
488 41
489 42
490 33
491 43
492 37
493 29
494 44
495 31
496 40
497 49
498 36
499 38
500 48
501 37
502 39
503 49
504 32
505 29
506 35
507 42
508 31
509 39
510 37
511 40
512 36
513 34
514 33
515 32
516 39
517 33
518 38
519 20
520 43
521 41
522 29
523 40
524 37
525 35
526 30
527 41
528 41
529 28
530 39
531 43
532 45
533 40
534 38
535 31
536 36
537 41
538 46
539 39
540 34
541 33
542 50
543 43
544 28
545 41
546 38
547 38
548 48
549 31
550 48
551 55
552 64
553 56
554 58
555 54
556 63
557 68
558 57
559 64
560 57
561 62
562 56
563 72
564 114
565 85
566 89
567 88
568 77
569 93
570 77
571 78
572 64
573 94
574 106
575 101
576 100
577 85
578 96
579 72
580 88
581 82
582 81
583 60
584 65
585 59
586 43
587 56
588 39
589 38
590 39
591 43
592 43
593 41
594 43
595 44
596 42
597 35
598 42
599 35
600 38
601 46
602 35
603 29
604 44
605 36
606 37
607 48
608 43
609 38
610 39
611 44
612 51
613 37
614 32
615 45
616 47
617 35
618 30
619 33
620 33
621 43
622 41
623 29
624 36
625 39
626 39
627 52
628 29
629 37
630 41
631 41
632 38
633 31
634 33
635 34
636 38
637 38
638 23
639 30
640 40
641 43
642 47
643 41
644 35
645 36
646 54
647 53
648 38
649 38
650 37
651 41
652 41
653 25
654 45
655 40
656 44
657 40
658 39
659 51
660 41
661 41
662 41
663 37
664 42
665 44
666 46
667 46
668 48
669 41
670 39
671 35
672 43
673 31
674 37
675 35
676 38
677 37
678 29
679 33
680 46
681 46
682 31
683 35
684 35
685 33
686 36
687 39
688 37
689 36
690 37
691 39
692 22
693 37
694 32
695 33
696 28
697 29
698 42
699 43
700 30
701 39
702 42
703 45
704 30
705 42
706 40
707 41
708 20
709 43
710 41
711 41
712 33
713 39
714 49
715 28
716 39
717 29
718 46
719 32
720 33
721 28
722 49
723 39
724 34
725 37
726 36
727 43
728 42
729 46
730 38
731 41
732 40
733 47
734 42
735 45
736 33
737 33
738 24
739 38
740 44
741 34
742 46
743 45
744 40
745 41
746 33
747 45
748 30
749 32
750 44
751 35
752 37
753 24
754 43
755 31
756 39
757 31
758 45
759 27
760 27
761 50
762 27
763 37
764 29
765 38
766 43
767 39
768 39
769 32
770 42
771 38
772 36
773 36
774 33
775 33
776 31
777 37
778 53
779 36
780 37
781 33
782 24
783 48
784 38
785 34
786 42
787 33
788 41
789 42
790 33
791 37
792 30
793 46
794 44
795 37
796 39
797 36
798 37
799 31
800 37
801 39
802 35
803 33
804 34
805 36
806 35
807 38
808 43
809 33
810 35
811 25
812 32
813 45
814 37
815 34
816 34
817 31
818 34
819 40
820 42
821 39
822 35
823 26
824 34
825 48
826 31
827 41
828 33
829 28
830 26
831 27
832 29
833 33
834 39
835 35
836 47
837 46
838 38
839 38
840 37
841 26
842 38
843 28
844 32
845 26
846 33
847 40
848 32
849 34
850 29
851 38
852 44
853 27
854 44
855 37
856 38
857 38
858 27
859 34
860 36
861 48
862 33
863 38
864 32
865 34
866 36
867 34
868 30
869 35
870 30
871 43
872 31
873 29
874 27
875 35
876 37
877 35
878 40
879 31
880 40
881 40
882 35
883 33
884 33
885 35
886 38
887 37
888 37
889 49
890 40
891 43
892 27
893 43
894 33
895 31
896 39
897 41
898 35
899 38
900 38
901 30
902 44
903 38
904 38
905 38
906 48
907 48
908 47
909 36
910 37
911 54
912 37
913 46
914 27
915 37
916 45
917 42
918 45
919 51
920 41
921 26
922 36
923 34
924 25
925 34
926 42
927 29
928 28
929 30
930 32
931 30
932 36
933 37
934 25
935 33
936 29
937 31
938 26
939 25
940 30
941 27
942 29
943 24
944 32
945 41
946 36
947 27
948 39
949 56
950 24
951 26
952 34
953 34
954 33
955 32
956 34
957 33
958 30
959 42
960 36
961 23
962 22
963 43
964 28
965 31
966 28
967 36
968 35
969 37
970 28
971 34
972 28
973 28
974 32
975 31
976 22
977 25
978 25
979 36
980 35
981 20
982 29
983 38
984 37
985 30
986 42
987 42
988 20
989 26
990 30
991 38
992 30
993 26
994 24
995 36
996 36
997 30
998 35
999 36
1000 23
1001 26
1002 29
1003 39
1004 30
1005 24
1006 43
1007 29
1008 39
1009 39
1010 25
1011 34
1012 39
1013 33
1014 30
1015 34
1016 37
1017 39
1018 36
1019 34
1020 22
1021 37
1022 28
1023 37
1024 31
1025 32
1026 37
1027 28
1028 30
1029 33
1030 37
1031 28
1032 33
1033 28
1034 33
1035 33
1036 33
1037 37
1038 33
1039 34
1040 36
1041 48
1042 39
1043 38
1044 46
1045 39
1046 32
1047 42
1048 32
1049 35
1050 31
1051 36
1052 37
1053 34
1054 28
1055 21
1056 29
1057 35
1058 52
1059 34
1060 33
1061 29
1062 31
1063 28
1064 41
1065 34
1066 28
1067 32
1068 28
1069 28
1070 48
1071 34
1072 29
1073 29
1074 30
1075 31
1076 29
1077 28
1078 47
1079 57
1080 54
1081 61
1082 61
1083 66
1084 69
1085 68
1086 69
1087 117
1088 114
1089 143
1090 126
1091 178
1092 197
1093 227
1094 267
1095 372
1096 386
1097 341
1098 312
1099 426
1100 399
1101 457
1102 461
1103 465
1104 416
1105 341
1106 345
1107 298
1108 275
1109 213
1110 186
1111 144
1112 113
1113 89
1114 90
1115 57
1116 47
1117 49
1118 39
1119 37
1120 41
1121 40
1122 41
1123 43
1124 24
1125 31
1126 33
1127 32
1128 32
1129 33
1130 28
1131 45
1132 44
1133 33
1134 49
1135 36
1136 33
1137 29
1138 38
1139 32
1140 34
1141 30
1142 29
1143 27
1144 35
1145 38
1146 33
1147 32
1148 29
1149 37
1150 28
1151 21
1152 31
1153 41
1154 31
1155 29
1156 34
1157 34
1158 32
1159 20
1160 25
1161 31
1162 37
1163 36
1164 34
1165 32
1166 43
1167 32
1168 31
1169 33
1170 32
1171 30
1172 26
1173 26
1174 30
1175 31
1176 17
1177 41
1178 45
1179 28
1180 20
1181 28
1182 29
1183 31
1184 31
1185 34
1186 38
1187 23
1188 25
1189 29
1190 15
1191 29
1192 25
1193 41
1194 28
1195 26
1196 35
1197 20
1198 37
1199 31
1200 33
1201 40
1202 23
1203 29
1204 33
1205 21
1206 34
1207 28
1208 27
1209 27
1210 31
1211 28
1212 33
1213 26
1214 41
1215 25
1216 30
1217 19
1218 34
1219 41
1220 36
1221 34
1222 38
1223 52
1224 47
1225 56
1226 45
1227 51
1228 39
1229 46
1230 46
1231 34
1232 52
1233 65
1234 57
1235 60
1236 58
1237 48
1238 71
1239 66
1240 83
1241 58
1242 74
1243 73
1244 59
1245 54
1246 50
1247 52
1248 44
1249 45
1250 53
1251 50
1252 32
1253 30
1254 36
1255 38
1256 38
1257 33
1258 31
1259 46
1260 29
1261 34
1262 28
1263 30
1264 24
1265 20
1266 23
1267 15
1268 26
1269 31
1270 31
1271 23
1272 21
1273 16
1274 15
1275 22
1276 20
1277 23
1278 14
1279 13
1280 27
1281 23
1282 24
1283 27
1284 31
1285 24
1286 18
1287 27
1288 31
1289 22
1290 18
1291 22
1292 19
1293 24
1294 19
1295 23
1296 28
1297 21
1298 26
1299 29
1300 24
1301 26
1302 31
1303 37
1304 26
1305 30
1306 34
1307 57
1308 55
1309 44
1310 50
1311 23
1312 39
1313 47
1314 48
1315 56
1316 37
1317 35
1318 31
1319 31
1320 35
1321 26
1322 22
1323 32
1324 22
1325 26
1326 17
1327 16
1328 26
1329 23
1330 18
1331 27
1332 27
1333 19
1334 18
1335 12
1336 24
1337 29
1338 23
1339 23
1340 28
1341 21
1342 23
1343 20
1344 27
1345 29
1346 21
1347 23
1348 27
1349 23
1350 20
1351 33
1352 18
1353 24
1354 17
1355 23
1356 29
1357 21
1358 31
1359 27
1360 20
1361 22
1362 35
1363 18
1364 30
1365 18
1366 28
1367 20
1368 29
1369 23
1370 32
1371 27
1372 27
1373 38
1374 28
1375 28
1376 25
1377 34
1378 37
1379 39
1380 42
1381 40
1382 39
1383 52
1384 60
1385 80
1386 87
1387 119
1388 148
1389 152
1390 160
1391 201
1392 214
1393 220
1394 206
1395 216
1396 183
1397 184
1398 175
1399 244
1400 278
1401 229
1402 201
1403 183
1404 125
1405 91
1406 73
1407 80
1408 62
1409 43
1410 37
1411 31
1412 34
1413 34
1414 32
1415 31
1416 27
1417 20
1418 24
1419 20
1420 26
1421 32
1422 22
1423 28
1424 26
1425 25
1426 19
1427 20
1428 22
1429 18
1430 31
1431 21
1432 24
1433 10
1434 24
1435 25
1436 27
1437 17
1438 26
1439 24
1440 29
1441 23
1442 24
1443 22
1444 14
1445 23
1446 26
1447 22
1448 23
1449 15
1450 21
1451 28
1452 24
1453 15
1454 20
1455 24
1456 14
1457 18
1458 21
1459 26
1460 19
1461 23
1462 15
1463 19
1464 20
1465 24
1466 22
1467 31
1468 18
1469 17
1470 15
1471 26
1472 28
1473 19
1474 35
1475 17
1476 27
1477 18
1478 17
1479 11
1480 22
1481 20
1482 16
1483 23
1484 16
1485 22
1486 20
1487 21
1488 12
1489 23
1490 15
1491 21
1492 24
1493 19
1494 17
1495 12
1496 23
1497 22
1498 15
1499 20
1500 26
1501 22
1502 11
1503 15
1504 19
1505 16
1506 16
1507 20
1508 27
1509 20
1510 18
1511 20
1512 21
1513 27
1514 22
1515 19
1516 24
1517 17
1518 15
1519 23
1520 22
1521 23
1522 23
1523 30
1524 15
1525 18
1526 18
1527 17
1528 23
1529 22
1530 19
1531 23
1532 24
1533 20
1534 16
1535 19
1536 24
1537 26
1538 20
1539 23
1540 18
1541 27
1542 28
1543 28
1544 17
1545 23
1546 20
1547 17
1548 17
1549 27
1550 28
1551 14
1552 25
1553 22
1554 17
1555 21
1556 19
1557 21
1558 17
1559 17
1560 19
1561 18
1562 18
1563 26
1564 15
1565 17
1566 22
1567 23
1568 20
1569 17
1570 22
1571 18
1572 24
1573 15
1574 12
1575 25
1576 14
1577 27
1578 22
1579 28
1580 15
1581 20
1582 20
1583 17
1584 16
1585 24
1586 25
1587 25
1588 20
1589 19
1590 25
1591 16
1592 21
1593 18
1594 25
1595 18
1596 17
1597 20
1598 23
1599 24
1600 29
1601 20
1602 15
1603 20
1604 22
1605 14
1606 14
1607 20
1608 16
1609 19
1610 25
1611 16
1612 14
1613 18
1614 22
1615 17
1616 19
1617 24
1618 22
1619 26
1620 14
1621 19
1622 26
1623 21
1624 19
1625 20
1626 20
1627 22
1628 18
1629 17
1630 26
1631 23
1632 14
1633 18
1634 25
1635 18
1636 26
1637 20
1638 24
1639 23
1640 28
1641 21
1642 21
1643 18
1644 20
1645 19
1646 27
1647 32
1648 22
1649 16
1650 19
1651 18
1652 12
1653 23
1654 14
1655 18
1656 11
1657 17
1658 20
1659 26
1660 13
1661 28
1662 19
1663 16
1664 15
1665 14
1666 16
1667 15
1668 14
1669 23
1670 12
1671 22
1672 18
1673 13
1674 21
1675 20
1676 24
1677 18
1678 14
1679 18
1680 21
1681 22
1682 14
1683 18
1684 22
1685 25
1686 12
1687 16
1688 24
1689 18
1690 17
1691 13
1692 23
1693 23
1694 26
1695 26
1696 19
1697 13
1698 24
1699 21
1700 25
1701 19
1702 19
1703 20
1704 14
1705 14
1706 20
1707 21
1708 8
1709 21
1710 14
1711 16
1712 17
1713 19
1714 18
1715 20
1716 20
1717 18
1718 19
1719 14
1720 19
1721 15
1722 17
1723 19
1724 18
1725 17
1726 20
1727 14
1728 17
1729 22
1730 15
1731 19
1732 16
1733 15
1734 19
1735 16
1736 18
1737 19
1738 19
1739 18
1740 17
1741 20
1742 16
1743 17
1744 15
1745 20
1746 12
1747 17
1748 16
1749 28
1750 20
1751 12
1752 17
1753 19
1754 17
1755 16
1756 19
1757 16
1758 21
1759 15
1760 24
1761 21
1762 11
1763 15
1764 21
1765 23
1766 21
1767 14
1768 23
1769 15
1770 17
1771 16
1772 8
1773 15
1774 18
1775 11
1776 20
1777 23
1778 19
1779 16
1780 19
1781 20
1782 20
1783 13
1784 23
1785 27
1786 26
1787 11
1788 19
1789 22
1790 20
1791 13
1792 13
1793 18
1794 23
1795 13
1796 16
1797 18
1798 21
1799 24
1800 17
1801 23
1802 13
1803 23
1804 17
1805 21
1806 24
1807 21
1808 27
1809 21
1810 26
1811 19
1812 14
1813 14
1814 21
1815 20
1816 16
1817 23
1818 29
1819 15
1820 11
1821 22
1822 16
1823 11
1824 21
1825 22
1826 14
1827 24
1828 27
1829 18
1830 12
1831 19
1832 22
1833 22
1834 25
1835 10
1836 22
1837 20
1838 17
1839 20
1840 21
1841 22
1842 14
1843 18
1844 22
1845 13
1846 23
1847 15
1848 24
1849 22
1850 26
1851 24
1852 27
1853 27
1854 36
1855 46
1856 34
1857 44
1858 47
1859 57
1860 62
1861 74
1862 87
1863 87
1864 83
1865 80
1866 107
1867 117
1868 97
1869 96
1870 87
1871 113
1872 117
1873 101
1874 77
1875 51
1876 56
1877 53
1878 59
1879 66
1880 90
1881 87
1882 49
1883 48
1884 31
1885 18
1886 21
1887 14
1888 20
1889 20
1890 20
1891 15
1892 14
1893 20
1894 21
1895 29
1896 21
1897 23
1898 18
1899 18
1900 7
1901 17
1902 12
1903 11
1904 16
1905 11
1906 18
1907 18
1908 14
1909 9
1910 17
1911 15
1912 23
1913 17
1914 17
1915 14
1916 22
1917 16
1918 14
1919 22
1920 21
1921 18
1922 20
1923 11
1924 20
1925 19
1926 25
1927 26
1928 16
1929 15
1930 15
1931 18
1932 14
1933 19
1934 18
1935 21
1936 19
1937 19
1938 22
1939 14
1940 16
1941 16
1942 16
1943 12
1944 22
1945 19
1946 19
1947 18
1948 19
1949 17
1950 19
1951 19
1952 21
1953 19
1954 16
1955 22
1956 10
1957 14
1958 21
1959 18
1960 18
1961 20
1962 18
1963 12
1964 16
1965 18
1966 21
1967 11
1968 21
1969 13
1970 16
1971 13
1972 14
1973 15
1974 15
1975 18
1976 13
1977 16
1978 14
1979 25
1980 19
1981 14
1982 21
1983 17
1984 14
1985 21
1986 17
1987 18
1988 15
1989 13
1990 12
1991 18
1992 15
1993 18
1994 17
1995 11
1996 15
1997 15
1998 14
1999 12
2000 15
2001 13
2002 14
2003 18
2004 13
2005 15
2006 15
2007 16
2008 15
2009 17
2010 17
2011 16
2012 25
2013 12
2014 16
2015 19
2016 8
2017 16
2018 17
2019 16
2020 16
2021 17
2022 17
2023 22
2024 23
2025 16
2026 14
2027 19
2028 16
2029 15
2030 23
2031 13
2032 17
2033 10
2034 19
2035 21
2036 10
2037 22
2038 12
2039 16
2040 19
2041 19
2042 20
2043 26
2044 15
2045 18
2046 27
2047 25
2048 13
2049 22
2050 17
2051 11
2052 17
2053 24
2054 18
2055 16
2056 22
2057 25
2058 14
2059 14
2060 11
2061 24
2062 16
2063 11
2064 17
2065 13
2066 18
2067 13
2068 19
2069 16
2070 21
2071 17
2072 8
2073 16
2074 16
2075 10
2076 21
2077 15
2078 11
2079 17
2080 17
2081 23
2082 13
2083 26
2084 25
2085 16
2086 16
2087 11
2088 12
2089 20
2090 10
2091 22
2092 16
2093 25
2094 15
2095 18
2096 24
2097 24
2098 24
2099 25
2100 25
2101 22
2102 36
2103 30
2104 27
2105 36
2106 36
2107 42
2108 55
2109 71
2110 100
2111 101
2112 97
2113 92
2114 110
2115 136
2116 168
2117 206
2118 177
2119 193
2120 230
2121 309
2122 326
2123 312
2124 353
2125 417
2126 413
2127 436
2128 396
2129 375
2130 379
2131 350
2132 322
2133 280
2134 330
2135 294
2136 283
2137 286
2138 227
2139 199
2140 188
2141 145
2142 109
2143 105
2144 93
2145 70
2146 44
2147 45
2148 31
2149 37
2150 37
2151 22
2152 24
2153 19
2154 15
2155 17
2156 16
2157 23
2158 12
2159 23
2160 13
2161 16
2162 17
2163 19
2164 13
2165 16
2166 23
2167 12
2168 21
2169 16
2170 21
2171 23
2172 10
2173 10
2174 9
2175 16
2176 17
2177 15
2178 22
2179 15
2180 14
2181 13
2182 14
2183 12
2184 11
2185 15
2186 6
2187 15
2188 14
2189 14
2190 12
2191 13
2192 12
2193 19
2194 17
2195 14
2196 16
2197 12
2198 15
2199 12
2200 18
2201 14
2202 14
2203 17
2204 10
2205 15
2206 15
2207 16
2208 10
2209 15
2210 14
2211 16
2212 14
2213 11
2214 11
2215 12
2216 14
2217 18
2218 16
2219 15
2220 22
2221 17
2222 15
2223 12
2224 18
2225 22
2226 13
2227 24
2228 18
2229 16
2230 14
2231 11
2232 10
2233 19
2234 15
2235 20
2236 11
2237 12
2238 10
2239 15
2240 17
2241 17
2242 10
2243 15
2244 16
2245 9
2246 11
2247 27
2248 18
2249 19
2250 12
2251 16
2252 19
2253 14
2254 17
2255 16
2256 18
2257 15
2258 17
2259 14
2260 13
2261 9
2262 17
2263 11
2264 9
2265 15
2266 15
2267 14
2268 6
2269 11
2270 17
2271 17
2272 13
2273 12
2274 16
2275 17
2276 16
2277 14
2278 16
2279 14
2280 12
2281 17
2282 13
2283 18
2284 23
2285 16
2286 12
2287 11
2288 18
2289 12
2290 10
2291 9
2292 11
2293 17
2294 13
2295 13
2296 16
2297 12
2298 15
2299 9
2300 18
2301 15
2302 12
2303 11
2304 18
2305 20
2306 18
2307 11
2308 14
2309 18
2310 18
2311 22
2312 17
2313 18
2314 24
2315 15
2316 17
2317 19
2318 28
2319 29
2320 27
2321 29
2322 34
2323 45
2324 45
2325 51
2326 65
2327 75
2328 74
2329 73
2330 96
2331 92
2332 98
2333 78
2334 80
2335 75
2336 87
2337 110
2338 126
2339 132
2340 109
2341 89
2342 55
2343 50
2344 55
2345 54
2346 48
2347 46
2348 42
2349 40
2350 32
2351 37
2352 30
2353 27
2354 21
2355 28
2356 15
2357 17
2358 20
2359 24
2360 18
2361 13
2362 17
2363 14
2364 16
2365 12
2366 12
2367 9
2368 9
2369 10
2370 9
2371 15
2372 10
2373 14
2374 10
2375 9
2376 9
2377 7
2378 10
2379 12
2380 14
2381 11
2382 15
2383 17
2384 11
2385 9
2386 19
2387 13
2388 9
2389 15
2390 15
2391 9
2392 9
2393 10
2394 19
2395 17
2396 15
2397 14
2398 21
2399 6
2400 18
2401 11
2402 8
2403 8
2404 15
2405 16
2406 21
2407 16
2408 12
2409 13
2410 13
2411 11
2412 20
2413 11
2414 13
2415 11
2416 12
2417 11
2418 17
2419 11
2420 12
2421 5
2422 12
2423 17
2424 18
2425 11
2426 10
2427 16
2428 11
2429 11
2430 11
2431 15
2432 12
2433 15
2434 14
2435 16
2436 10
2437 10
2438 15
2439 7
2440 7
2441 11
2442 11
2443 12
2444 10
2445 8
2446 15
2447 8
2448 14
2449 13
2450 18
2451 19
2452 10
2453 14
2454 17
2455 9
2456 10
2457 11
2458 7
2459 6
2460 13
2461 10
2462 9
2463 11
2464 15
2465 14
2466 13
2467 13
2468 10
2469 11
2470 11
2471 16
2472 9
2473 10
2474 9
2475 7
2476 10
2477 10
2478 12
2479 13
2480 18
2481 21
2482 6
2483 11
2484 11
2485 17
2486 11
2487 12
2488 15
2489 15
2490 14
2491 5
2492 9
2493 15
2494 14
2495 12
2496 10
2497 12
2498 17
2499 14
2500 11
2501 9
2502 10
2503 11
2504 11
2505 14
2506 9
2507 13
2508 13
2509 10
2510 12
2511 10
2512 12
2513 16
2514 15
2515 16
2516 10
2517 9
2518 9
2519 7
2520 11
2521 11
2522 14
2523 7
2524 12
2525 11
2526 8
2527 9
2528 11
2529 10
2530 13
2531 15
2532 6
2533 11
2534 7
2535 13
2536 11
2537 15
2538 10
2539 16
2540 9
2541 16
2542 12
2543 15
2544 10
2545 9
2546 12
2547 11
2548 11
2549 9
2550 12
2551 13
2552 8
2553 13
2554 20
2555 7
2556 18
2557 12
2558 10
2559 11
