0 36
1 25
2 19
3 24
4 29
5 25
6 23
7 21
8 28
9 25
10 27
11 29
12 28
13 30
14 31
15 26
16 24
17 23
18 23
19 36
20 33
21 22
22 34
23 47
24 35
25 23
26 30
27 28
28 22
29 27
30 24
31 32
32 25
33 24
34 38
35 29
36 40
37 25
38 31
39 25
40 25
41 30
42 28
43 32
44 37
45 18
46 32
47 32
48 24
49 23
50 33
51 30
52 13
53 35
54 33
55 22
56 25
57 40
58 24
59 33
60 27
61 28
62 26
63 21
64 22
65 24
66 31
67 41
68 25
69 30
70 27
71 36
72 31
73 33
74 36
75 31
76 24
77 29
78 27
79 35
80 24
81 24
82 23
83 32
84 29
85 26
86 20
87 21
88 33
89 42
90 36
91 46
92 37
93 27
94 26
95 34
96 32
97 36
98 27
99 25
100 28
101 28
102 28
103 33
104 27
105 18
106 19
107 33
108 43
109 38
110 28
111 36
112 46
113 38
114 36
115 28
116 31
117 36
118 31
119 24
120 34
121 27
122 30
123 21
124 31
125 33
126 26
127 36
128 20
129 31
130 29
131 45
132 35
133 36
134 33
135 29
136 41
137 33
138 40
139 38
140 27
141 31
142 30
143 41
144 29
145 35
146 24
147 42
148 35
149 36
150 30
151 35
152 35
153 39
154 37
155 33
156 29
157 35
158 29
159 29
160 32
161 25
162 30
163 26
164 27
165 26
166 28
167 39
168 41
169 30
170 30
171 31
172 27
173 35
174 21
175 32
176 28
177 40
178 29
179 34
180 35
181 35
182 31
183 27
184 34
185 32
186 32
187 31
188 31
189 32
190 21
191 28
192 27
193 29
194 29
195 32
196 25
197 24
198 28
199 28
200 25
201 27
202 34
203 25
204 28
205 38
206 29
207 43
208 22
209 23
210 28
211 42
212 45
213 29
214 29
215 35
216 35
217 24
218 37
219 24
220 18
221 32
222 33
223 29
224 36
225 35
226 44
227 37
228 32
229 25
230 32
231 31
232 30
233 24
234 40
235 36
236 31
237 22
238 34
239 30
240 36
241 30
242 43
243 29
244 36
245 25
246 43
247 37
248 34
249 35
250 33
251 22
252 34
253 27
254 38
255 34
256 33
257 32
258 29
259 30
260 34
261 43
262 28
263 40
264 43
265 21
266 28
267 31
268 34
269 30
270 40
271 28
272 34
273 34
274 42
275 27
276 29
277 34
278 49
279 30
280 37
281 40
282 35
283 28
284 41
285 32
286 32
287 26
288 27
289 42
290 37
291 30
292 28
293 27
294 40
295 37
296 29
297 26
298 39
299 29
300 30
301 35
302 50
303 44
304 39
305 34
306 38
307 44
308 33
309 30
310 31
311 27
312 42
313 36
314 39
315 41
316 42
317 40
318 40
319 38
320 28
321 31
322 41
323 36
324 40
325 34
326 34
327 32
328 37
329 33
330 32
331 44
332 35
333 36
334 37
335 34
336 33
337 31
338 23
339 29
340 37
341 31
342 29
343 34
344 26
345 41
346 35
347 31
348 34
349 41
350 39
351 33
352 40
353 26
354 41
355 36
356 32
357 34
358 32
359 41
360 31
361 31
362 27
363 33
364 37
365 31
366 26
367 33
368 37
369 39
370 40
371 40
372 27
373 37
374 29
375 38
376 39
377 35
378 25
379 27
380 24
381 40
382 22
383 33
384 24
385 36
386 38
387 36
388 35
389 33
390 28
391 39
392 40
393 42
394 38
395 40
396 25
397 34
398 36
399 25
400 34
401 43
402 29
403 35
404 36
405 47
406 31
407 41
408 30
409 36
410 35
411 42
412 33
413 26
414 34
415 45
416 32
417 40
418 40
419 38
420 29
421 28
422 22
423 44
424 32
425 37
426 22
427 41
428 46
429 39
430 32
431 41
432 38
433 42
434 36
435 36
436 38
437 26
438 25
439 28
440 45
441 31
442 25
443 31
444 25
445 35
446 31
447 57
448 29
449 40
450 45
451 39
452 25
453 23
454 37
455 45
456 32
457 52
458 39
459 39
460 33
461 45
462 36
463 41
464 39
465 39
466 25
467 34
468 39
469 32
470 36
471 35
472 34
473 29
474 43
475 28
476 36
477 41
478 30
479 41
480 42
481 45
482 40
483 36
484 45
485 40
486 44
487 22
488 41
489 47
490 47
491 32
492 42
493 37
494 48
495 32
496 37
497 32
498 24
499 33
500 36
501 31
502 46
503 36
504 32
505 31
506 33
507 25
508 32
509 42
510 30
511 31
512 37
513 34
514 26
515 41
516 32
517 50
518 45
519 47
520 45
521 45
522 44
523 34
524 37
525 36
526 36
527 53
528 38
529 30
530 37
531 44
532 53
533 49
534 35
535 46
536 37
537 35
538 36
539 33
540 43
541 45
542 39
543 44
544 35
545 35
546 37
547 39
548 33
549 48
550 31
551 46
552 39
553 40
554 39
555 31
556 44
557 44
558 32
559 48
560 48
561 54
562 52
563 41
564 50
565 44
566 41
567 70
568 62
569 61
570 63
571 54
572 44
573 59
574 73
575 71
576 67
577 72
578 83
579 111
580 92
581 84
582 73
583 94
584 86
585 90
586 81
587 83
588 120
589 96
590 88
591 57
592 83
593 87
594 68
595 32
596 33
597 47
598 37
599 34
600 43
601 36
602 32
603 27
604 49
605 51
606 36
607 31
608 39
609 31
610 41
611 42
612 50
613 34
614 32
615 45
616 32
617 39
618 33
619 32
620 36
621 37
622 33
623 46
624 26
625 43
626 29
627 31
628 35
629 34
630 46
631 34
632 38
633 41
634 48
635 37
636 40
637 41
638 43
639 41
640 46
641 35
642 33
643 39
644 40
645 40
646 38
647 33
648 39
649 39
650 35
651 37
652 46
653 47
654 33
655 29
656 30
657 41
658 29
659 47
660 40
661 31
662 33
663 48
664 40
665 35
666 26
667 32
668 27
669 33
670 37
671 39
672 36
673 37
674 36
675 38
676 33
677 32
678 31
679 42
680 44
681 41
682 42
683 42
684 50
685 38
686 39
687 41
688 43
689 32
690 49
691 39
692 35
693 50
694 36
695 35
696 41
697 36
698 45
699 36
700 44
701 39
702 49
703 37
704 41
705 42
706 39
707 49
708 54
709 26
710 41
711 41
712 37
713 33
714 54
715 35
716 37
717 36
718 45
719 30
720 31
721 49
722 37
723 39
724 32
725 41
726 40
727 42
728 30
729 35
730 26
731 26
732 21
733 28
734 37
735 39
736 39
737 32
738 30
739 32
740 29
741 34
742 35
743 32
744 32
745 33
746 37
747 49
748 37
749 37
750 41
751 34
752 36
753 35
754 36
755 26
756 36
757 30
758 40
759 29
760 38
761 48
762 34
763 34
764 35
765 33
766 34
767 37
768 37
769 40
770 24
771 34
772 26
773 26
774 39
775 37
776 43
777 41
778 47
779 34
780 39
781 40
782 37
783 47
784 29
785 39
786 42
787 38
788 35
789 32
790 29
791 37
792 24
793 32
794 28
795 34
796 40
797 32
798 41
799 37
800 39
801 41
802 42
803 33
804 36
805 48
806 32
807 39
808 45
809 38
810 38
811 32
812 51
813 23
814 32
815 30
816 29
817 41
818 39
819 33
820 44
821 32
822 30
823 27
824 37
825 34
826 40
827 26
828 35
829 31
830 23
831 43
832 38
833 34
834 33
835 30
836 37
837 35
838 30
839 33
840 40
841 39
842 27
843 38
844 49
845 25
846 33
847 38
848 38
849 31
850 35
851 35
852 34
853 40
854 30
855 50
856 32
857 38
858 24
859 38
860 37
861 27
862 28
863 37
864 30
865 39
866 39
867 38
868 28
869 33
870 33
871 28
872 44
873 35
874 28
875 35
876 42
877 33
878 37
879 51
880 40
881 41
882 25
883 32
884 46
885 32
886 40
887 29
888 26
889 33
890 33
891 36
892 33
893 22
894 35
895 30
896 25
897 41
898 34
899 28
900 30
901 27
902 26
903 36
904 37
905 27
906 44
907 37
908 29
909 50
910 45
911 44
912 31
913 32
914 34
915 25
916 41
917 32
918 26
919 41
920 29
921 31
922 31
923 40
924 25
925 35
926 20
927 27
928 34
929 27
930 30
931 41
932 36
933 30
934 28
935 37
936 43
937 27
938 33
939 30
940 25
941 33
942 44
943 37
944 40
945 33
946 35
947 35
948 23
949 29
950 28
951 34
952 36
953 38
954 30
955 29
956 33
957 39
958 35
959 23
960 39
961 39
962 33
963 31
964 42
965 34
966 26
967 40
968 33
969 31
970 30
971 30
972 38
973 29
974 35
975 44
976 36
977 22
978 34
979 31
980 28
981 41
982 33
983 38
984 29
985 35
986 28
987 25
988 33
989 35
990 31
991 35
992 35
993 44
994 32
995 38
996 30
997 29
998 34
999 38
1000 27
1001 44
1002 44
1003 31
1004 38
1005 37
1006 43
1007 41
1008 27
1009 22
1010 24
1011 28
1012 26
1013 30
1014 33
1015 34
1016 27
1017 41
1018 33
1019 35
1020 38
1021 27
1022 34
1023 21
1024 37
1025 27
1026 24
1027 29
1028 40
1029 34
1030 21
1031 34
1032 39
1033 39
1034 19
1035 34
1036 23
1037 14
1038 24
1039 35
1040 38
1041 32
1042 30
1043 41
1044 26
1045 37
1046 45
1047 39
1048 30
1049 33
1050 37
1051 50
1052 37
1053 26
1054 32
1055 31
1056 38
1057 30
1058 20
1059 47
1060 24
1061 27
1062 39
1063 30
1064 30
1065 33
1066 35
1067 43
1068 32
1069 27
1070 51
1071 38
1072 39
1073 35
1074 34
1075 23
1076 31
1077 39
1078 31
1079 27
1080 34
1081 25
1082 47
1083 37
1084 39
1085 34
1086 34
1087 26
1088 35
1089 44
1090 44
1091 73
1092 59
1093 74
1094 68
1095 71
1096 72
1097 71
1098 117
1099 137
1100 154
1101 199
1102 220
1103 248
1104 247
1105 250
1106 280
1107 263
1108 354
1109 385
1110 385
1111 406
1112 561
1113 506
1114 495
1115 555
1116 517
1117 397
1118 349
1119 343
1120 266
1121 216
1122 148
1123 101
1124 103
1125 59
1126 58
1127 33
1128 33
1129 30
1130 33
1131 27
1132 43
1133 34
1134 25
1135 43
1136 41
1137 41
1138 34
1139 36
1140 45
1141 35
1142 26
1143 40
1144 35
1145 28
1146 35
1147 37
1148 42
1149 28
1150 32
1151 33
1152 34
1153 40
1154 30
1155 30
1156 36
1157 34
1158 26
1159 22
1160 19
1161 24
1162 37
1163 30
1164 34
1165 34
1166 26
1167 40
1168 34
1169 24
1170 28
1171 32
1172 22
1173 36
1174 20
1175 33
1176 27
1177 28
1178 43
1179 32
1180 30
1181 27
1182 31
1183 36
1184 39
1185 32
1186 36
1187 31
1188 26
1189 29
1190 26
1191 29
1192 33
1193 19
1194 30
1195 31
1196 15
1197 33
1198 24
1199 39
1200 36
1201 19
1202 22
1203 23
1204 34
1205 33
1206 25
1207 23
1208 28
1209 22
1210 25
1211 38
1212 34
1213 29
1214 30
1215 25
1216 28
1217 34
1218 23
1219 30
1220 30
1221 28
1222 33
1223 36
1224 27
1225 40
1226 29
1227 32
1228 31
1229 27
1230 35
1231 29
1232 26
1233 45
1234 38
1235 28
1236 44
1237 32
1238 32
1239 56
1240 51
1241 33
1242 40
1243 53
1244 51
1245 53
1246 71
1247 47
1248 67
1249 76
1250 62
1251 64
1252 67
1253 63
1254 54
1255 59
1256 55
1257 47
1258 41
1259 35
1260 34
1261 34
1262 24
1263 28
1264 25
1265 27
1266 20
1267 18
1268 33
1269 32
1270 23
1271 20
1272 24
1273 23
1274 25
1275 18
1276 21
1277 13
1278 23
1279 13
1280 21
1281 30
1282 21
1283 29
1284 22
1285 16
1286 29
1287 30
1288 18
1289 23
1290 21
1291 24
1292 26
1293 21
1294 20
1295 28
1296 18
1297 27
1298 28
1299 8
1300 21
1301 26
1302 33
1303 24
1304 28
1305 23
1306 19
1307 22
1308 22
1309 28
1310 19
1311 35
1312 22
1313 23
1314 31
1315 28
1316 40
1317 38
1318 51
1319 35
1320 49
1321 40
1322 45
1323 35
1324 38
1325 51
1326 36
1327 32
1328 38
1329 36
1330 28
1331 25
1332 28
1333 32
1334 20
1335 20
1336 21
1337 24
1338 29
1339 19
1340 22
1341 24
1342 13
1343 24
1344 27
1345 21
1346 25
1347 22
1348 25
1349 28
1350 29
1351 25
1352 19
1353 17
1354 19
1355 26
1356 24
1357 16
1358 20
1359 24
1360 22
1361 30
1362 17
1363 24
1364 27
1365 13
1366 21
1367 17
1368 28
1369 15
1370 19
1371 19
1372 33
1373 17
1374 29
1375 31
1376 31
1377 23
1378 19
1379 17
1380 17
1381 18
1382 23
1383 22
1384 31
1385 27
1386 24
1387 33
1388 37
1389 23
1390 36
1391 26
1392 41
1393 44
1394 49
1395 37
1396 57
1397 51
1398 70
1399 76
1400 88
1401 110
1402 147
1403 192
1404 184
1405 232
1406 248
1407 206
1408 184
1409 144
1410 161
1411 191
1412 179
1413 238
1414 231
1415 189
1416 140
1417 118
1418 111
1419 67
1420 57
1421 46
1422 38
1423 26
1424 30
1425 18
1426 31
1427 29
1428 29
1429 33
1430 29
1431 30
1432 20
1433 25
1434 21
1435 21
1436 34
1437 19
1438 14
1439 23
1440 22
1441 13
1442 26
1443 22
1444 28
1445 23
1446 17
1447 20
1448 22
1449 15
1450 18
1451 28
1452 26
1453 23
1454 31
1455 21
1456 27
1457 19
1458 21
1459 19
1460 26
1461 29
1462 27
1463 24
1464 11
1465 17
1466 21
1467 17
1468 13
1469 18
1470 22
1471 34
1472 20
1473 21
1474 25
1475 32
1476 22
1477 26
1478 16
1479 15
1480 19
1481 25
1482 22
1483 28
1484 19
1485 24
1486 20
1487 29
1488 21
1489 25
1490 27
1491 15
1492 21
1493 15
1494 20
1495 13
1496 24
1497 24
1498 18
1499 24
1500 23
1501 24
1502 18
1503 21
1504 25
1505 18
1506 31
1507 23
1508 18
1509 20
1510 22
1511 21
1512 24
1513 25
1514 22
1515 15
1516 17
1517 21
1518 25
1519 12
1520 27
1521 19
1522 20
1523 28
1524 13
1525 19
1526 24
1527 23
1528 17
1529 25
1530 33
1531 29
1532 24
1533 24
1534 18
1535 16
1536 18
1537 23
1538 16
1539 24
1540 19
1541 23
1542 16
1543 20
1544 19
1545 23
1546 18
1547 22
1548 18
1549 15
1550 28
1551 22
1552 25
1553 30
1554 22
1555 12
1556 29
1557 20
1558 19
1559 13
1560 27
1561 21
1562 20
1563 21
1564 13
1565 12
1566 16
1567 26
1568 16
1569 14
1570 25
1571 22
1572 19
1573 17
1574 15
1575 16
1576 30
1577 23
1578 13
1579 16
1580 17
1581 20
1582 26
1583 25
1584 16
1585 21
1586 15
1587 14
1588 33
1589 23
1590 25
1591 22
1592 21
1593 21
1594 16
1595 20
1596 19
1597 10
1598 11
1599 15
1600 22
1601 13
1602 17
1603 22
1604 14
1605 15
1606 24
1607 22
1608 25
1609 21
1610 26
1611 17
1612 18
1613 20
1614 23
1615 17
1616 16
1617 20
1618 17
1619 16
1620 20
1621 20
1622 16
1623 23
1624 20
1625 17
1626 19
1627 21
1628 21
1629 20
1630 16
1631 16
1632 15
1633 26
1634 13
1635 19
1636 15
1637 12
1638 13
1639 20
1640 13
1641 16
1642 18
1643 21
1644 14
1645 23
1646 26
1647 22
1648 21
1649 19
1650 12
1651 9
1652 18
1653 20
1654 23
1655 20
1656 19
1657 19
1658 21
1659 15
1660 22
1661 19
1662 31
1663 24
1664 16
1665 19
1666 22
1667 19
1668 13
1669 17
1670 18
1671 17
1672 18
1673 14
1674 25
1675 18
1676 15
1677 12
1678 14
1679 18
1680 17
1681 19
1682 16
1683 21
1684 22
1685 18
1686 21
1687 18
1688 20
1689 19
1690 19
1691 21
1692 15
1693 26
1694 20
1695 19
1696 25
1697 14
1698 21
1699 17
1700 24
1701 12
1702 15
1703 19
1704 22
1705 16
1706 22
1707 19
1708 13
1709 23
1710 14
1711 23
1712 30
1713 20
1714 16
1715 23
1716 24
1717 25
1718 20
1719 19
1720 21
1721 26
1722 15
1723 18
1724 13
1725 20
1726 15
1727 9
1728 12
1729 15
1730 22
1731 16
1732 17
1733 14
1734 18
1735 12
1736 14
1737 18
1738 14
1739 21
1740 13
1741 13
1742 10
1743 18
1744 18
1745 22
1746 18
1747 15
1748 18
1749 19
1750 31
1751 18
1752 15
1753 22
1754 25
1755 16
1756 23
1757 17
1758 12
1759 12
1760 23
1761 16
1762 20
1763 14
1764 16
1765 14
1766 19
1767 11
1768 17
1769 15
1770 17
1771 17
1772 15
1773 16
1774 17
1775 13
1776 19
1777 18
1778 22
1779 15
1780 17
1781 19
1782 15
1783 21
1784 10
1785 16
1786 15
1787 27
1788 15
1789 16
1790 18
1791 16
1792 17
1793 22
1794 13
1795 11
1796 19
1797 17
1798 20
1799 19
1800 10
1801 13
1802 21
1803 21
1804 24
1805 19
1806 16
1807 22
1808 28
1809 12
1810 13
1811 15
1812 16
1813 14
1814 19
1815 21
1816 22
1817 21
1818 21
1819 20
1820 8
1821 17
1822 20
1823 24
1824 21
1825 20
1826 25
1827 23
1828 18
1829 19
1830 13
1831 13
1832 17
1833 11
1834 16
1835 14
1836 12
1837 12
1838 16
1839 20
1840 16
1841 19
1842 16
1843 16
1844 17
1845 24
1846 16
1847 23
1848 13
1849 16
1850 11
1851 18
1852 14
1853 15
1854 20
1855 14
1856 30
1857 22
1858 23
1859 21
1860 15
1861 23
1862 32
1863 21
1864 24
1865 34
1866 26
1867 33
1868 36
1869 40
1870 44
1871 46
1872 60
1873 64
1874 68
1875 67
1876 104
1877 132
1878 147
1879 167
1880 192
1881 176
1882 182
1883 134
1884 130
1885 156
1886 104
1887 79
1888 86
1889 90
1890 85
1891 60
1892 50
1893 54
1894 45
1895 49
1896 21
1897 26
1898 20
1899 25
1900 21
1901 17
1902 20
1903 27
1904 19
1905 18
1906 25
1907 18
1908 20
1909 21
1910 14
1911 19
1912 14
1913 13
1914 14
1915 14
1916 20
1917 19
1918 15
1919 16
1920 15
1921 28
1922 22
1923 21
1924 21
1925 26
1926 17
1927 26
1928 15
1929 22
1930 16
1931 14
1932 25
1933 19
1934 15
1935 15
1936 16
1937 14
1938 19
1939 20
1940 23
1941 15
1942 21
1943 18
1944 25
1945 15
1946 22
1947 21
1948 16
1949 14
1950 14
1951 17
1952 15
1953 16
1954 20
1955 15
1956 17
1957 9
1958 17
1959 20
1960 18
1961 11
1962 13
1963 18
1964 12
1965 10
1966 21
1967 16
1968 31
1969 18
1970 16
1971 21
1972 27
1973 18
1974 18
1975 14
1976 21
1977 17
1978 11
1979 11
1980 19
1981 15
1982 15
1983 12
1984 23
1985 13
1986 25
1987 21
1988 9
1989 18
1990 15
1991 7
1992 12
1993 22
1994 15
1995 10
1996 19
1997 19
1998 17
1999 17
2000 15
2001 18
2002 16
2003 14
2004 15
2005 17
2006 16
2007 11
2008 10
2009 14
2010 14
2011 21
2012 19
2013 9
2014 18
2015 6
2016 13
2017 13
2018 19
2019 16
2020 21
2021 14
2022 17
2023 12
2024 13
2025 15
2026 14
2027 13
2028 16
2029 25
2030 14
2031 18
2032 14
2033 15
2034 7
2035 18
2036 16
2037 19
2038 19
2039 13
2040 16
2041 17
2042 25
2043 19
2044 11
2045 16
2046 23
2047 15
2048 20
2049 21
2050 15
2051 12
2052 16
2053 11
2054 9
2055 16
2056 12
2057 8
2058 23
2059 18
2060 17
2061 17
2062 22
2063 19
2064 15
2065 13
2066 18
2067 14
2068 15
2069 14
2070 15
2071 17
2072 18
2073 20
2074 16
2075 18
2076 16
2077 13
2078 10
2079 15
2080 12
2081 12
2082 15
2083 16
2084 13
2085 24
2086 15
2087 17
2088 16
2089 13
2090 13
2091 11
2092 12
2093 18
2094 12
2095 13
2096 22
2097 14
2098 12
2099 9
2100 13
2101 18
2102 20
2103 15
2104 17
2105 20
2106 16
2107 21
2108 20
2109 14
2110 21
2111 9
2112 15
2113 20
2114 17
2115 18
2116 22
2117 32
2118 24
2119 34
2120 38
2121 41
2122 46
2123 61
2124 57
2125 55
2126 53
2127 80
2128 87
2129 102
2130 106
2131 100
2132 119
2133 163
2134 224
2135 251
2136 245
2137 311
2138 349
2139 391
2140 393
2141 402
2142 465
2143 451
2144 476
2145 465
2146 404
2147 339
2148 346
2149 369
2150 362
2151 318
2152 244
2153 202
2154 177
2155 167
2156 135
2157 110
2158 80
2159 69
2160 70
2161 77
2162 58
2163 54
2164 49
2165 36
2166 42
2167 24
2168 19
2169 24
2170 17
2171 15
2172 13
2173 15
2174 13
2175 23
2176 24
2177 13
2178 12
2179 13
2180 12
2181 18
2182 14
2183 13
2184 12
2185 21
2186 13
2187 22
2188 17
2189 10
2190 17
2191 20
2192 9
2193 15
2194 16
2195 18
2196 11
2197 15
2198 20
2199 17
2200 18
2201 17
2202 15
2203 11
2204 12
2205 11
2206 20
2207 16
2208 14
2209 15
2210 23
2211 14
2212 15
2213 15
2214 19
2215 27
2216 11
2217 19
2218 15
2219 11
2220 13
2221 23
2222 12
2223 18
2224 13
2225 12
2226 12
2227 19
2228 16
2229 16
2230 16
2231 20
2232 10
2233 17
2234 14
2235 18
2236 13
2237 14
2238 19
2239 16
2240 12
2241 21
2242 18
2243 11
2244 12
2245 19
2246 13
2247 13
2248 17
2249 15
2250 12
2251 13
2252 15
2253 19
2254 16
2255 15
2256 22
2257 11
2258 14
2259 18
2260 14
2261 18
2262 13
2263 8
2264 14
2265 15
2266 23
2267 20
2268 16
2269 19
2270 21
2271 13
2272 13
2273 17
2274 15
2275 24
2276 14
2277 19
2278 20
2279 19
2280 11
2281 14
2282 7
2283 10
2284 15
2285 17
2286 11
2287 8
2288 18
2289 11
2290 12
2291 21
2292 13
2293 18
2294 16
2295 16
2296 15
2297 15
2298 8
2299 15
2300 15
2301 24
2302 17
2303 16
2304 15
2305 8
2306 16
2307 15
2308 17
2309 18
2310 10
2311 12
2312 7
2313 16
2314 11
2315 10
2316 19
2317 17
2318 16
2319 15
2320 20
2321 7
2322 13
2323 17
2324 10
2325 14
2326 20
2327 24
2328 18
2329 24
2330 24
2331 17
2332 26
2333 31
2334 25
2335 37
2336 38
2337 42
2338 36
2339 33
2340 28
2341 42
2342 47
2343 52
2344 45
2345 51
2346 55
2347 89
2348 86
2349 84
2350 97
2351 103
2352 97
2353 76
2354 63
2355 66
2356 80
2357 103
2358 80
2359 86
2360 59
2361 59
2362 59
2363 63
2364 48
2365 54
2366 30
2367 20
2368 30
2369 22
2370 15
2371 17
2372 18
2373 19
2374 16
2375 15
2376 12
2377 18
2378 14
2379 11
2380 17
2381 19
2382 16
2383 9
2384 10
2385 23
2386 15
2387 12
2388 11
2389 17
2390 9
2391 13
2392 14
2393 15
2394 11
2395 10
2396 17
2397 11
2398 9
2399 18
2400 11
2401 12
2402 11
2403 6
2404 9
2405 8
2406 12
2407 11
2408 13
2409 12
2410 17
2411 10
2412 10
2413 11
2414 17
2415 10
2416 17
2417 11
2418 13
2419 14
2420 16
2421 10
2422 14
2423 10
2424 16
2425 12
2426 16
2427 18
2428 8
2429 5
2430 13
2431 17
2432 14
2433 14
2434 11
2435 9
2436 15
2437 7
2438 11
2439 13
2440 16
2441 20
2442 15
2443 15
2444 19
2445 12
2446 13
2447 14
2448 10
2449 11
2450 8
2451 15
2452 15
2453 6
2454 8
2455 15
2456 14
2457 10
2458 12
2459 15
2460 19
2461 14
2462 15
2463 7
2464 14
2465 11
2466 8
2467 13
2468 10
2469 20
2470 9
2471 13
2472 10
2473 14
2474 14
2475 14
2476 13
2477 13
2478 11
2479 9
2480 16
2481 13
2482 13
2483 8
2484 7
2485 14
2486 13
2487 10
2488 11
2489 12
2490 12
2491 10
2492 11
2493 8
2494 7
2495 18
2496 12
2497 13
2498 15
2499 13
2500 11
2501 11
2502 14
2503 13
2504 11
2505 7
2506 7
2507 9
2508 11
2509 9
2510 13
2511 13
2512 19
2513 6
2514 10
2515 11
2516 12
2517 17
2518 11
2519 19
2520 11
2521 12
2522 11
2523 17
2524 17
2525 12
2526 16
2527 15
2528 6
2529 11
2530 9
2531 9
2532 10
2533 13
2534 9
2535 7
2536 9
2537 11
2538 13
2539 7
2540 13
2541 9
2542 14
2543 12
2544 14
2545 14
2546 13
2547 11
2548 11
2549 7
2550 12
2551 10
2552 6
2553 13
2554 10
2555 7
2556 9
2557 11
2558 16
2559 20
