0 36
1 20
2 34
3 23
4 19
5 24
6 30
7 28
8 24
9 27
10 25
11 20
12 24
13 38
14 17
15 25
16 34
17 24
18 31
19 20
20 30
21 34
22 38
23 23
24 23
25 29
26 34
27 30
28 15
29 18
30 24
31 26
32 34
33 24
34 38
35 22
36 25
37 25
38 20
39 20
40 39
41 34
42 24
43 30
44 14
45 27
46 34
47 26
48 24
49 32
50 16
51 37
52 23
53 29
54 24
55 23
56 29
57 37
58 20
59 21
60 18
61 28
62 27
63 31
64 38
65 24
66 24
67 25
68 25
69 29
70 40
71 32
72 24
73 21
74 27
75 30
76 26
77 32
78 25
79 28
80 32
81 26
82 22
83 30
84 24
85 36
86 18
87 22
88 25
89 32
90 26
91 27
92 21
93 26
94 22
95 30
96 25
97 25
98 28
99 27
100 33
101 27
102 23
103 28
104 20
105 29
106 29
107 27
108 34
109 30
110 22
111 35
112 29
113 25
114 33
115 36
116 35
117 33
118 36
119 27
120 26
121 29
122 21
123 35
124 32
125 28
126 27
127 29
128 24
129 45
130 21
131 27
132 24
133 40
134 36
135 24
136 29
137 29
138 35
139 28
140 30
141 22
142 40
143 34
144 29
145 33
146 34
147 28
148 18
149 26
150 30
151 24
152 33
153 32
154 31
155 25
156 20
157 34
158 32
159 28
160 27
161 31
162 30
163 26
164 23
165 23
166 35
167 22
168 18
169 20
170 27
171 28
172 41
173 26
174 31
175 30
176 29
177 26
178 29
179 33
180 32
181 44
182 33
183 29
184 30
185 39
186 28
187 30
188 40
189 30
190 35
191 23
192 24
193 24
194 28
195 35
196 32
197 34
198 31
199 35
200 37
201 25
202 32
203 28
204 21
205 44
206 23
207 41
208 33
209 27
210 36
211 34
212 23
213 26
214 32
215 29
216 25
217 33
218 35
219 27
220 35
221 24
222 24
223 36
224 22
225 36
226 39
227 33
228 25
229 30
230 39
231 32
232 33
233 32
234 38
235 31
236 32
237 27
238 23
239 38
240 38
241 36
242 25
243 25
244 31
245 33
246 31
247 38
248 47
249 28
250 27
251 33
252 19
253 28
254 35
255 31
256 35
257 39
258 27
259 25
260 33
261 34
262 41
263 30
264 28
265 23
266 32
267 36
268 26
269 32
270 36
271 38
272 32
273 37
274 29
275 23
276 33
277 31
278 36
279 33
280 29
281 29
282 26
283 26
284 36
285 28
286 32
287 27
288 36
289 33
290 42
291 40
292 32
293 35
294 38
295 35
296 29
297 32
298 43
299 26
300 32
301 40
302 45
303 30
304 26
305 34
306 28
307 37
308 33
309 40
310 39
311 33
312 36
313 29
314 29
315 26
316 20
317 38
318 23
319 27
320 30
321 25
322 33
323 42
324 26
325 32
326 26
327 38
328 30
329 20
330 28
331 25
332 30
333 31
334 40
335 44
336 38
337 34
338 27
339 31
340 34
341 52
342 27
343 45
344 33
345 43
346 32
347 30
348 42
349 38
350 29
351 31
352 37
353 29
354 37
355 42
356 30
357 23
358 32
359 32
360 24
361 39
362 32
363 30
364 32
365 36
366 30
367 29
368 37
369 39
370 33
371 34
372 22
373 37
374 35
375 31
376 42
377 31
378 31
379 33
380 41
381 32
382 26
383 26
384 34
385 33
386 37
387 44
388 23
389 40
390 36
391 30
392 30
393 51
394 35
395 39
396 44
397 33
398 22
399 27
400 38
401 34
402 43
403 28
404 32
405 37
406 38
407 32
408 34
409 28
410 34
411 31
412 36
413 41
414 33
415 32
416 41
417 40
418 25
419 41
420 36
421 47
422 32
423 37
424 44
425 40
426 31
427 46
428 35
429 38
430 38
431 29
432 33
433 31
434 37
435 29
436 42
437 31
438 31
439 36
440 34
441 29
442 37
443 35
444 29
445 33
446 38
447 29
448 29
449 31
450 32
451 31
452 42
453 37
454 40
455 43
456 30
457 37
458 43
459 46
460 33
461 24
462 31
463 31
464 31
465 25
466 31
467 44
468 31
469 44
470 35
471 23
472 35
473 35
474 39
475 42
476 30
477 35
478 47
479 40
480 37
481 35
482 28
483 32
484 24
485 34
486 44
487 34
488 41
489 36
490 33
491 44
492 35
493 50
494 37
495 44
496 26
497 24
498 33
499 38
500 39
501 37
502 31
503 38
504 33
505 38
506 31
507 47
508 43
509 38
510 30
511 39
512 28
513 37
514 40
515 30
516 33
517 37
518 38
519 40
520 29
521 33
522 35
523 40
524 33
525 37
526 37
527 37
528 39
529 36
530 35
531 30
532 21
533 33
534 34
535 41
536 46
537 34
538 39
539 44
540 26
541 31
542 36
543 35
544 45
545 39
546 42
547 30
548 37
549 34
550 51
551 35
552 49
553 34
554 42
555 36
556 27
557 33
558 38
559 30
560 30
561 35
562 30
563 40
564 34
565 30
566 34
567 28
568 45
569 31
570 44
571 35
572 42
573 38
574 37
575 45
576 33
577 38
578 39
579 41
580 50
581 64
582 72
583 68
584 66
585 71
586 76
587 78
588 58
589 74
590 76
591 59
592 64
593 76
594 104
595 103
596 116
597 109
598 97
599 109
600 92
601 97
602 94
603 91
604 83
605 79
606 100
607 93
608 97
609 81
610 67
611 38
612 51
613 54
614 28
615 20
616 26
617 43
618 48
619 40
620 39
621 37
622 38
623 39
624 33
625 33
626 25
627 38
628 37
629 29
630 43
631 45
632 40
633 41
634 37
635 39
636 36
637 30
638 31
639 32
640 50
641 43
642 57
643 32
644 29
645 44
646 31
647 37
648 43
649 40
650 38
651 31
652 19
653 44
654 42
655 48
656 38
657 29
658 35
659 49
660 50
661 49
662 38
663 34
664 33
665 31
666 41
667 36
668 41
669 40
670 45
671 34
672 31
673 33
674 34
675 51
676 36
677 51
678 44
679 26
680 30
681 30
682 34
683 39
684 39
685 40
686 33
687 27
688 35
689 55
690 44
691 32
692 35
693 30
694 30
695 40
696 41
697 39
698 32
699 29
700 49
701 37
702 32
703 40
704 34
705 43
706 37
707 33
708 38
709 38
710 31
711 44
712 41
713 47
714 30
715 36
716 38
717 30
718 34
719 49
720 33
721 41
722 28
723 33
724 41
725 41
726 35
727 39
728 31
729 25
730 31
731 40
732 39
733 32
734 46
735 32
736 34
737 22
738 47
739 29
740 32
741 39
742 36
743 34
744 35
745 32
746 35
747 33
748 36
749 32
750 40
751 31
752 31
753 36
754 39
755 24
756 36
757 39
758 39
759 40
760 41
761 28
762 41
763 35
764 32
765 41
766 28
767 37
768 30
769 45
770 47
771 35
772 33
773 47
774 33
775 23
776 38
777 37
778 23
779 48
780 33
781 31
782 31
783 31
784 37
785 31
786 30
787 36
788 40
789 36
790 25
791 24
792 25
793 27
794 23
795 32
796 33
797 39
798 31
799 34
800 42
801 41
802 32
803 37
804 39
805 31
806 33
807 35
808 36
809 31
810 39
811 32
812 43
813 41
814 34
815 30
816 37
817 54
818 40
819 39
820 32
821 30
822 37
823 34
824 42
825 29
826 30
827 37
828 38
829 42
830 24
831 32
832 35
833 34
834 39
835 31
836 27
837 38
838 31
839 32
840 35
841 27
842 38
843 33
844 30
845 32
846 29
847 16
848 32
849 39
850 27
851 22
852 36
853 47
854 28
855 23
856 26
857 30
858 44
859 38
860 35
861 39
862 22
863 42
864 40
865 37
866 41
867 26
868 26
869 25
870 39
871 29
872 41
873 19
874 19
875 31
876 40
877 27
878 34
879 25
880 36
881 30
882 27
883 36
884 38
885 23
886 31
887 30
888 33
889 26
890 29
891 28
892 38
893 33
894 31
895 28
896 50
897 35
898 25
899 27
900 41
901 35
902 31
903 27
904 25
905 35
906 44
907 40
908 28
909 31
910 32
911 34
912 23
913 25
914 35
915 38
916 29
917 33
918 30
919 46
920 26
921 19
922 33
923 29
924 39
925 41
926 28
927 24
928 38
929 41
930 37
931 33
932 39
933 24
934 23
935 33
936 31
937 39
938 22
939 32
940 42
941 46
942 42
943 26
944 46
945 38
946 42
947 38
948 44
949 45
950 37
951 38
952 36
953 35
954 37
955 31
956 43
957 34
958 30
959 25
960 36
961 32
962 31
963 32
964 28
965 46
966 39
967 21
968 25
969 34
970 35
971 27
972 25
973 32
974 31
975 28
976 23
977 37
978 32
979 35
980 23
981 44
982 36
983 34
984 28
985 30
986 36
987 34
988 41
989 32
990 24
991 21
992 27
993 35
994 30
995 36
996 36
997 32
998 31
999 41
1000 36
1001 38
1002 33
1003 25
1004 23
1005 36
1006 44
1007 31
1008 26
1009 32
1010 30
1011 28
1012 29
1013 37
1014 33
1015 22
1016 34
1017 37
1018 26
1019 23
1020 37
1021 33
1022 23
1023 37
1024 34
1025 34
1026 30
1027 33
1028 33
1029 43
1030 31
1031 34
1032 38
1033 44
1034 21
1035 40
1036 42
1037 37
1038 35
1039 37
1040 35
1041 32
1042 30
1043 29
1044 39
1045 20
1046 26
1047 37
1048 29
1049 42
1050 25
1051 25
1052 37
1053 25
1054 29
1055 29
1056 33
1057 35
1058 33
1059 41
1060 37
1061 35
1062 38
1063 33
1064 26
1065 40
1066 38
1067 36
1068 34
1069 35
1070 30
1071 33
1072 39
1073 33
1074 32
1075 36
1076 40
1077 32
1078 37
1079 32
1080 29
1081 28
1082 32
1083 34
1084 37
1085 23
1086 40
1087 36
1088 34
1089 39
1090 28
1091 41
1092 34
1093 28
1094 30
1095 25
1096 36
1097 28
1098 29
1099 34
1100 31
1101 32
1102 39
1103 26
1104 28
1105 27
1106 33
1107 44
1108 23
1109 28
1110 26
1111 35
1112 33
1113 46
1114 30
1115 34
1116 42
1117 51
1118 56
1119 46
1120 68
1121 99
1122 97
1123 99
1124 127
1125 179
1126 218
1127 266
1128 280
1129 294
1130 330
1131 342
1132 418
1133 470
1134 510
1135 507
1136 476
1137 609
1138 672
1139 751
1140 711
1141 600
1142 527
1143 370
1144 358
1145 270
1146 187
1147 94
1148 80
1149 48
1150 39
1151 42
1152 58
1153 41
1154 55
1155 34
1156 47
1157 30
1158 29
1159 32
1160 32
1161 44
1162 29
1163 24
1164 27
1165 31
1166 43
1167 19
1168 24
1169 25
1170 31
1171 35
1172 37
1173 23
1174 42
1175 34
1176 27
1177 27
1178 37
1179 36
1180 24
1181 30
1182 38
1183 32
1184 24
1185 26
1186 29
1187 24
1188 35
1189 28
1190 39
1191 29
1192 30
1193 38
1194 32
1195 35
1196 25
1197 35
1198 31
1199 33
1200 33
1201 27
1202 24
1203 34
1204 38
1205 26
1206 17
1207 39
1208 36
1209 31
1210 22
1211 25
1212 33
1213 26
1214 30
1215 30
1216 37
1217 23
1218 33
1219 35
1220 30
1221 36
1222 32
1223 35
1224 26
1225 23
1226 27
1227 39
1228 39
1229 39
1230 31
1231 22
1232 30
1233 39
1234 30
1235 28
1236 30
1237 33
1238 27
1239 30
1240 25
1241 36
1242 34
1243 29
1244 30
1245 32
1246 24
1247 30
1248 29
1249 33
1250 26
1251 33
1252 32
1253 22
1254 35
1255 33
1256 35
1257 28
1258 29
1259 35
1260 40
1261 41
1262 36
1263 42
1264 32
1265 43
1266 33
1267 28
1268 41
1269 30
1270 37
1271 40
1272 64
1273 93
1274 117
1275 87
1276 58
1277 73
1278 65
1279 11
1280 28
1281 26
1282 23
1283 16
1284 27
1285 22
1286 24
1287 29
1288 23
1289 27
1290 20
1291 24
1292 21
1293 24
1294 14
1295 25
1296 15
1297 25
1298 25
1299 18
1300 21
1301 26
1302 20
1303 26
1304 24
1305 24
1306 26
1307 15
1308 14
1309 23
1310 33
1311 15
1312 21
1313 18
1314 25
1315 13
1316 26
1317 28
1318 27
1319 18
1320 25
1321 27
1322 30
1323 13
1324 24
1325 17
1326 18
1327 20
1328 19
1329 25
1330 27
1331 24
1332 16
1333 20
1334 27
1335 28
1336 29
1337 22
1338 38
1339 28
1340 30
1341 27
1342 26
1343 39
1344 26
1345 30
1346 29
1347 46
1348 42
1349 50
1350 50
1351 59
1352 53
1353 55
1354 38
1355 43
1356 34
1357 33
1358 28
1359 33
1360 30
1361 19
1362 23
1363 27
1364 24
1365 26
1366 20
1367 18
1368 28
1369 30
1370 26
1371 28
1372 23
1373 17
1374 24
1375 15
1376 25
1377 20
1378 22
1379 24
1380 24
1381 21
1382 21
1383 19
1384 32
1385 23
1386 29
1387 21
1388 24
1389 23
1390 18
1391 18
1392 24
1393 21
1394 23
1395 25
1396 27
1397 22
1398 18
1399 12
1400 30
1401 21
1402 24
1403 23
1404 24
1405 20
1406 32
1407 31
1408 26
1409 21
1410 21
1411 33
1412 24
1413 26
1414 15
1415 30
1416 25
1417 30
1418 31
1419 23
1420 40
1421 51
1422 56
1423 59
1424 50
1425 63
1426 69
1427 80
1428 99
1429 129
1430 144
1431 153
1432 205
1433 200
1434 192
1435 238
1436 292
1437 344
1438 294
1439 286
1440 253
1441 230
1442 218
1443 215
1444 193
1445 113
1446 103
1447 75
1448 68
1449 79
1450 43
1451 36
1452 26
1453 27
1454 26
1455 31
1456 22
1457 24
1458 25
1459 25
1460 26
1461 26
1462 25
1463 24
1464 24
1465 31
1466 25
1467 20
1468 21
1469 31
1470 23
1471 18
1472 25
1473 25
1474 17
1475 23
1476 23
1477 27
1478 19
1479 25
1480 19
1481 20
1482 25
1483 20
1484 17
1485 19
1486 30
1487 27
1488 21
1489 25
1490 20
1491 14
1492 24
1493 17
1494 26
1495 16
1496 17
1497 19
1498 24
1499 11
1500 18
1501 19
1502 19
1503 26
1504 18
1505 22
1506 22
1507 16
1508 21
1509 23
1510 18
1511 20
1512 20
1513 26
1514 17
1515 19
1516 17
1517 16
1518 24
1519 19
1520 17
1521 17
1522 17
1523 26
1524 16
1525 19
1526 18
1527 31
1528 15
1529 24
1530 17
1531 19
1532 18
1533 20
1534 20
1535 28
1536 19
1537 16
1538 23
1539 18
1540 18
1541 22
1542 17
1543 19
1544 16
1545 15
1546 19
1547 19
1548 14
1549 16
1550 16
1551 18
1552 24
1553 23
1554 29
1555 17
1556 15
1557 18
1558 13
1559 14
1560 13
1561 17
1562 27
1563 16
1564 20
1565 21
1566 20
1567 19
1568 24
1569 13
1570 14
1571 19
1572 26
1573 17
1574 25
1575 22
1576 12
1577 19
1578 10
1579 18
1580 20
1581 21
1582 19
1583 28
1584 23
1585 21
1586 19
1587 26
1588 24
1589 23
1590 15
1591 17
1592 15
1593 19
1594 23
1595 15
1596 14
1597 20
1598 31
1599 21
1600 14
1601 16
1602 18
1603 19
1604 23
1605 16
1606 21
1607 15
1608 15
1609 15
1610 19
1611 22
1612 23
1613 22
1614 12
1615 19
1616 15
1617 13
1618 28
1619 24
1620 21
1621 19
1622 21
1623 18
1624 30
1625 17
1626 20
1627 11
1628 23
1629 22
1630 15
1631 22
1632 14
1633 23
1634 20
1635 21
1636 21
1637 17
1638 18
1639 22
1640 15
1641 22
1642 21
1643 19
1644 9
1645 21
1646 25
1647 18
1648 25
1649 18
1650 19
1651 20
1652 16
1653 13
1654 16
1655 21
1656 26
1657 15
1658 15
1659 25
1660 14
1661 12
1662 19
1663 11
1664 15
1665 16
1666 13
1667 10
1668 17
1669 18
1670 14
1671 16
1672 18
1673 16
1674 17
1675 15
1676 22
1677 19
1678 16
1679 17
1680 19
1681 19
1682 16
1683 21
1684 15
1685 12
1686 18
1687 12
1688 15
1689 23
1690 20
1691 19
1692 16
1693 27
1694 17
1695 29
1696 16
1697 25
1698 14
1699 13
1700 13
1701 15
1702 19
1703 15
1704 28
1705 23
1706 11
1707 22
1708 14
1709 22
1710 15
1711 16
1712 15
1713 22
1714 14
1715 22
1716 16
1717 15
1718 15
1719 17
1720 24
1721 22
1722 22
1723 10
1724 6
1725 15
1726 22
1727 12
1728 20
1729 20
1730 16
1731 18
1732 28
1733 19
1734 23
1735 16
1736 17
1737 16
1738 18
1739 23
1740 25
1741 12
1742 9
1743 22
1744 25
1745 18
1746 16
1747 17
1748 18
1749 27
1750 13
1751 13
1752 20
1753 20
1754 16
1755 13
1756 16
1757 23
1758 16
1759 17
1760 16
1761 18
1762 18
1763 13
1764 16
1765 22
1766 16
1767 14
1768 21
1769 18
1770 14
1771 16
1772 16
1773 20
1774 9
1775 24
1776 14
1777 19
1778 14
1779 15
1780 14
1781 25
1782 13
1783 16
1784 26
1785 24
1786 21
1787 15
1788 21
1789 14
1790 12
1791 17
1792 18
1793 18
1794 15
1795 15
1796 12
1797 18
1798 19
1799 13
1800 23
1801 22
1802 13
1803 17
1804 13
1805 19
1806 15
1807 18
1808 14
1809 14
1810 25
1811 13
1812 14
1813 18
1814 20
1815 20
1816 24
1817 13
1818 19
1819 14
1820 16
1821 16
1822 18
1823 15
1824 19
1825 22
1826 18
1827 20
1828 25
1829 16
1830 16
1831 13
1832 17
1833 20
1834 14
1835 20
1836 19
1837 11
1838 18
1839 24
1840 17
1841 13
1842 23
1843 13
1844 20
1845 14
1846 16
1847 14
1848 19
1849 18
1850 18
1851 11
1852 21
1853 20
1854 23
1855 26
1856 22
1857 17
1858 13
1859 22
1860 17
1861 14
1862 17
1863 17
1864 21
1865 18
1866 15
1867 19
1868 17
1869 11
1870 17
1871 18
1872 22
1873 17
1874 17
1875 16
1876 18
1877 18
1878 20
1879 11
1880 16
1881 18
1882 14
1883 12
1884 14
1885 21
1886 19
1887 18
1888 20
1889 17
1890 13
1891 16
1892 15
1893 15
1894 24
1895 24
1896 22
1897 17
1898 29
1899 34
1900 45
1901 35
1902 34
1903 55
1904 58
1905 75
1906 79
1907 81
1908 86
1909 79
1910 115
1911 91
1912 79
1913 131
1914 102
1915 96
1916 118
1917 128
1918 141
1919 73
1920 78
1921 92
1922 99
1923 76
1924 63
1925 56
1926 55
1927 57
1928 41
1929 24
1930 24
1931 18
1932 22
1933 15
1934 20
1935 18
1936 18
1937 20
1938 26
1939 18
1940 22
1941 21
1942 15
1943 16
1944 21
1945 15
1946 7
1947 20
1948 18
1949 10
1950 14
1951 10
1952 13
1953 16
1954 19
1955 16
1956 21
1957 14
1958 17
1959 20
1960 16
1961 16
1962 13
1963 12
1964 8
1965 23
1966 17
1967 19
1968 15
1969 15
1970 13
1971 21
1972 17
1973 16
1974 15
1975 14
1976 17
1977 17
1978 15
1979 19
1980 17
1981 13
1982 18
1983 16
1984 21
1985 23
1986 18
1987 15
1988 12
1989 19
1990 19
1991 22
1992 18
1993 9
1994 12
1995 19
1996 28
1997 15
1998 17
1999 14
2000 14
2001 13
2002 16
2003 30
2004 13
2005 12
2006 13
2007 12
2008 20
2009 14
2010 15
2011 9
2012 19
2013 18
2014 18
2015 9
2016 15
2017 17
2018 19
2019 14
2020 16
2021 17
2022 11
2023 12
2024 13
2025 16
2026 23
2027 21
2028 19
2029 15
2030 12
2031 24
2032 16
2033 22
2034 13
2035 15
2036 12
2037 19
2038 18
2039 12
2040 9
2041 15
2042 18
2043 13
2044 14
2045 14
2046 21
2047 13
2048 19
2049 10
2050 20
2051 19
2052 13
2053 18
2054 16
2055 17
2056 20
2057 19
2058 16
2059 13
2060 14
2061 12
2062 22
2063 13
2064 22
2065 21
2066 15
2067 13
2068 15
2069 11
2070 17
2071 21
2072 13
2073 17
2074 19
2075 21
2076 19
2077 17
2078 12
2079 12
2080 12
2081 11
2082 12
2083 11
2084 16
2085 15
2086 18
2087 13
2088 9
2089 18
2090 13
2091 23
2092 13
2093 18
2094 24
2095 19
2096 18
2097 12
2098 12
2099 15
2100 14
2101 15
2102 9
2103 13
2104 16
2105 10
2106 9
2107 12
2108 17
2109 16
2110 13
2111 14
2112 14
2113 18
2114 12
2115 11
2116 14
2117 14
2118 19
2119 12
2120 15
2121 15
2122 15
2123 10
2124 14
2125 14
2126 19
2127 10
2128 16
2129 12
2130 13
2131 15
2132 16
2133 14
2134 10
2135 12
2136 12
2137 13
2138 15
2139 15
2140 18
2141 16
2142 19
2143 18
2144 10
2145 17
2146 21
2147 22
2148 20
2149 21
2150 24
2151 23
2152 21
2153 28
2154 25
2155 25
2156 45
2157 69
2158 68
2159 61
2160 55
2161 58
2162 82
2163 96
2164 83
2165 99
2166 124
2167 154
2168 145
2169 179
2170 237
2171 293
2172 367
2173 436
2174 595
2175 597
2176 543
2177 419
2178 341
2179 380
2180 503
2181 593
2182 529
2183 518
2184 429
2185 306
2186 258
2187 264
2188 282
2189 287
2190 276
2191 243
2192 203
2193 164
2194 89
2195 66
2196 55
2197 53
2198 37
2199 38
2200 29
2201 31
2202 27
2203 20
2204 21
2205 24
2206 18
2207 19
2208 11
2209 22
2210 25
2211 22
2212 14
2213 25
2214 15
2215 16
2216 19
2217 13
2218 10
2219 15
2220 15
2221 19
2222 5
2223 12
2224 17
2225 9
2226 16
2227 15
2228 15
2229 25
2230 19
2231 16
2232 19
2233 13
2234 11
2235 8
2236 11
2237 9
2238 20
2239 17
2240 14
2241 11
2242 20
2243 13
2244 15
2245 20
2246 9
2247 15
2248 14
2249 13
2250 21
2251 19
2252 10
2253 8
2254 9
2255 17
2256 19
2257 16
2258 15
2259 13
2260 13
2261 12
2262 14
2263 10
2264 10
2265 19
2266 16
2267 14
2268 13
2269 11
2270 17
2271 12
2272 13
2273 20
2274 10
2275 18
2276 20
2277 9
2278 19
2279 9
2280 9
2281 8
2282 10
2283 15
2284 15
2285 8
2286 13
2287 21
2288 7
2289 12
2290 14
2291 11
2292 12
2293 13
2294 20
2295 25
2296 21
2297 13
2298 21
2299 12
2300 15
2301 16
2302 19
2303 8
2304 12
2305 8
2306 13
2307 16
2308 13
2309 13
2310 14
2311 13
2312 8
2313 12
2314 16
2315 8
2316 17
2317 16
2318 16
2319 12
2320 16
2321 14
2322 13
2323 17
2324 15
2325 10
2326 16
2327 13
2328 12
2329 9
2330 15
2331 13
2332 19
2333 15
2334 14
2335 17
2336 16
2337 6
2338 16
2339 18
2340 15
2341 16
2342 11
2343 10
2344 17
2345 14
2346 16
2347 14
2348 15
2349 21
2350 12
2351 15
2352 20
2353 17
2354 14
2355 16
2356 15
2357 16
2358 19
2359 23
2360 25
2361 18
2362 20
2363 19
2364 16
2365 15
2366 13
2367 20
2368 23
2369 33
2370 29
2371 29
2372 33
2373 34
2374 37
2375 30
2376 36
2377 31
2378 37
2379 47
2380 71
2381 66
2382 71
2383 67
2384 88
2385 122
2386 127
2387 101
2388 89
2389 88
2390 80
2391 72
2392 64
2393 100
2394 114
2395 100
2396 68
2397 77
2398 69
2399 73
2400 55
2401 39
2402 35
2403 31
2404 27
2405 27
2406 17
2407 14
2408 23
2409 24
2410 20
2411 10
2412 16
2413 12
2414 11
2415 10
2416 11
2417 8
2418 13
2419 10
2420 16
2421 14
2422 12
2423 23
2424 11
2425 10
2426 19
2427 15
2428 8
2429 11
2430 13
2431 7
2432 13
2433 14
2434 15
2435 14
2436 22
2437 8
2438 7
2439 12
2440 20
2441 14
2442 10
2443 14
2444 14
2445 7
2446 15
2447 15
2448 11
2449 14
2450 16
2451 16
2452 14
2453 11
2454 16
2455 17
2456 11
2457 12
2458 14
2459 17
2460 19
2461 13
2462 25
2463 5
2464 11
2465 11
2466 13
2467 14
2468 12
2469 10
2470 10
2471 11
2472 14
2473 12
2474 13
2475 16
2476 15
2477 14
2478 5
2479 10
2480 11
2481 14
2482 9
2483 13
2484 14
2485 7
2486 14
2487 11
2488 7
2489 12
2490 13
2491 12
2492 11
2493 13
2494 18
2495 12
2496 13
2497 17
2498 17
2499 7
2500 14
2501 11
2502 11
2503 8
2504 10
2505 14
2506 7
2507 9
2508 9
2509 9
2510 8
2511 7
2512 9
2513 11
2514 8
2515 11
2516 14
2517 6
2518 6
2519 17
2520 13
2521 11
2522 13
2523 9
2524 16
2525 7
2526 19
2527 9
2528 11
2529 10
2530 14
2531 16
2532 9
2533 9
2534 12
2535 14
2536 10
2537 8
2538 10
2539 17
2540 8
2541 9
2542 9
2543 17
2544 15
2545 10
2546 14
2547 14
2548 9
2549 10
2550 5
2551 13
2552 15
2553 13
2554 16
2555 14
2556 17
2557 8
2558 13
2559 8
