0 43
1 40
2 30
3 35
4 32
5 23
6 27
7 30
8 36
9 23
10 31
11 35
12 34
13 26
14 41
15 23
16 32
17 30
18 36
19 37
20 26
21 41
22 44
23 38
24 31
25 42
26 39
27 38
28 36
29 29
30 38
31 23
32 38
33 30
34 33
35 42
36 37
37 39
38 40
39 30
40 26
41 33
42 38
43 28
44 33
45 26
46 31
47 35
48 33
49 38
50 35
51 29
52 32
53 34
54 34
55 30
56 26
57 32
58 30
59 34
60 25
61 34
62 27
63 21
64 30
65 31
66 34
67 26
68 29
69 28
70 31
71 26
72 31
73 38
74 28
75 37
76 27
77 37
78 29
79 42
80 40
81 44
82 39
83 30
84 36
85 45
86 34
87 24
88 35
89 43
90 27
91 34
92 37
93 27
94 26
95 28
96 35
97 32
98 31
99 42
100 41
101 30
102 28
103 34
104 41
105 39
106 33
107 42
108 34
109 47
110 34
111 33
112 37
113 32
114 27
115 34
116 35
117 38
118 37
119 31
120 30
121 40
122 34
123 31
124 33
125 39
126 44
127 31
128 25
129 32
130 37
131 28
132 32
133 40
134 48
135 27
136 37
137 46
138 33
139 27
140 30
141 39
142 39
143 38
144 38
145 28
146 38
147 31
148 37
149 34
150 43
151 34
152 36
153 25
154 34
155 41
156 42
157 39
158 42
159 40
160 22
161 39
162 26
163 32
164 41
165 33
166 43
167 38
168 34
169 40
170 31
171 41
172 28
173 45
174 37
175 26
176 38
177 39
178 31
179 36
180 34
181 37
182 32
183 41
184 39
185 34
186 27
187 26
188 27
189 29
190 28
191 48
192 45
193 31
194 22
195 30
196 27
197 35
198 32
199 38
200 24
201 44
202 45
203 39
204 34
205 42
206 29
207 42
208 41
209 35
210 38
211 28
212 29
213 36
214 39
215 27
216 39
217 38
218 32
219 24
220 41
221 42
222 27
223 35
224 23
225 26
226 37
227 29
228 42
229 27
230 37
231 39
232 39
233 32
234 40
235 38
236 35
237 30
238 30
239 36
240 37
241 31
242 34
243 44
244 27
245 43
246 34
247 39
248 35
249 39
250 49
251 35
252 31
253 33
254 34
255 40
256 42
257 38
258 31
259 44
260 34
261 30
262 43
263 33
264 33
265 47
266 34
267 30
268 30
269 38
270 41
271 48
272 25
273 23
274 39
275 33
276 36
277 45
278 33
279 36
280 34
281 43
282 49
283 32
284 34
285 44
286 41
287 34
288 31
289 35
290 38
291 37
292 43
293 46
294 48
295 47
296 45
297 40
298 37
299 47
300 42
301 41
302 35
303 33
304 46
305 34
306 42
307 33
308 38
309 31
310 30
311 33
312 29
313 38
314 38
315 34
316 47
317 41
318 36
319 42
320 35
321 35
322 39
323 41
324 39
325 43
326 35
327 44
328 46
329 30
330 31
331 37
332 30
333 29
334 31
335 43
336 34
337 41
338 64
339 51
340 33
341 37
342 42
343 28
344 37
345 28
346 37
347 36
348 48
349 29
350 36
351 49
352 35
353 37
354 50
355 29
356 42
357 53
358 35
359 33
360 32
361 40
362 36
363 29
364 36
365 33
366 46
367 44
368 40
369 40
370 45
371 47
372 49
373 42
374 33
375 34
376 32
377 38
378 38
379 39
380 41
381 35
382 45
383 36
384 36
385 44
386 29
387 36
388 52
389 42
390 37
391 36
392 38
393 36
394 34
395 32
396 38
397 43
398 34
399 32
400 27
401 41
402 32
403 32
404 38
405 31
406 43
407 40
408 36
409 32
410 34
411 46
412 35
413 29
414 20
415 38
416 43
417 47
418 52
419 35
420 42
421 43
422 31
423 39
424 31
425 43
426 37
427 37
428 38
429 36
430 41
431 34
432 38
433 45
434 48
435 41
436 38
437 52
438 37
439 44
440 30
441 39
442 39
443 40
444 36
445 46
446 34
447 48
448 37
449 39
450 47
451 39
452 43
453 29
454 40
455 40
456 33
457 36
458 37
459 41
460 48
461 41
462 31
463 43
464 49
465 44
466 36
467 36
468 35
469 35
470 50
471 34
472 29
473 34
474 58
475 48
476 34
477 44
478 37
479 30
480 47
481 36
482 31
483 31
484 51
485 39
486 44
487 44
488 40
489 38
490 60
491 41
492 44
493 32
494 37
495 32
496 41
497 47
498 64
499 34
500 38
501 49
502 38
503 53
504 53
505 44
506 54
507 56
508 71
509 66
510 74
511 58
512 71
513 68
514 73
515 82
516 66
517 60
518 66
519 75
520 85
521 89
522 92
523 93
524 74
525 69
526 82
527 75
528 74
529 88
530 89
531 103
532 111
533 112
534 112
535 97
536 71
537 52
538 53
539 62
540 47
541 42
542 31
543 37
544 31
545 45
546 48
547 54
548 40
549 41
550 37
551 33
552 49
553 46
554 34
555 50
556 41
557 50
558 38
559 42
560 34
561 38
562 51
563 50
564 42
565 46
566 32
567 37
568 31
569 35
570 44
571 35
572 36
573 34
574 49
575 45
576 36
577 37
578 47
579 40
580 32
581 37
582 36
583 38
584 39
585 41
586 53
587 47
588 39
589 47
590 40
591 42
592 43
593 42
594 51
595 25
596 56
597 53
598 44
599 35
600 57
601 42
602 43
603 36
604 44
605 39
606 41
607 40
608 42
609 31
610 30
611 33
612 43
613 47
614 44
615 55
616 47
617 38
618 37
619 47
620 34
621 41
622 59
623 36
624 26
625 39
626 43
627 30
628 35
629 51
630 44
631 50
632 35
633 59
634 52
635 40
636 45
637 25
638 49
639 41
640 33
641 52
642 40
643 35
644 28
645 32
646 35
647 40
648 44
649 57
650 34
651 37
652 24
653 31
654 38
655 41
656 42
657 38
658 42
659 50
660 36
661 36
662 39
663 38
664 40
665 33
666 30
667 44
668 41
669 29
670 49
671 41
672 45
673 44
674 44
675 38
676 28
677 45
678 48
679 41
680 41
681 40
682 41
683 42
684 42
685 32
686 42
687 52
688 36
689 44
690 37
691 42
692 33
693 49
694 50
695 42
696 38
697 31
698 43
699 38
700 34
701 49
702 35
703 47
704 42
705 39
706 57
707 34
708 35
709 54
710 34
711 27
712 33
713 29
714 43
715 36
716 35
717 33
718 35
719 40
720 34
721 47
722 30
723 34
724 39
725 40
726 37
727 29
728 37
729 33
730 39
731 45
732 35
733 37
734 38
735 33
736 40
737 40
738 31
739 55
740 41
741 42
742 48
743 44
744 31
745 39
746 51
747 38
748 37
749 55
750 40
751 42
752 29
753 43
754 37
755 36
756 32
757 35
758 30
759 32
760 30
761 42
762 37
763 46
764 40
765 34
766 37
767 28
768 29
769 29
770 42
771 38
772 38
773 42
774 52
775 32
776 46
777 40
778 37
779 31
780 54
781 42
782 34
783 45
784 36
785 46
786 49
787 41
788 25
789 37
790 38
791 38
792 38
793 28
794 37
795 46
796 48
797 31
798 39
799 30
800 36
801 48
802 48
803 33
804 31
805 28
806 40
807 37
808 47
809 45
810 34
811 27
812 42
813 34
814 33
815 41
816 46
817 43
818 34
819 37
820 43
821 32
822 40
823 44
824 44
825 30
826 43
827 31
828 34
829 29
830 35
831 27
832 40
833 31
834 40
835 44
836 27
837 21
838 34
839 36
840 37
841 34
842 40
843 32
844 27
845 27
846 34
847 46
848 40
849 41
850 41
851 36
852 46
853 34
854 50
855 42
856 44
857 35
858 29
859 38
860 37
861 40
862 43
863 49
864 39
865 35
866 31
867 31
868 37
869 40
870 39
871 39
872 30
873 38
874 47
875 36
876 41
877 43
878 35
879 31
880 27
881 43
882 33
883 39
884 24
885 21
886 35
887 39
888 39
889 26
890 31
891 33
892 32
893 29
894 38
895 35
896 33
897 38
898 37
899 45
900 36
901 26
902 35
903 36
904 28
905 28
906 46
907 27
908 35
909 28
910 25
911 35
912 42
913 32
914 46
915 44
916 31
917 39
918 39
919 31
920 35
921 30
922 28
923 32
924 30
925 43
926 33
927 42
928 41
929 36
930 40
931 40
932 24
933 36
934 34
935 35
936 30
937 32
938 33
939 32
940 36
941 33
942 32
943 38
944 31
945 32
946 28
947 35
948 37
949 44
950 26
951 34
952 37
953 28
954 39
955 41
956 38
957 24
958 30
959 26
960 39
961 45
962 36
963 33
964 27
965 39
966 29
967 24
968 30
969 39
970 28
971 32
972 27
973 39
974 29
975 34
976 44
977 41
978 30
979 39
980 43
981 36
982 32
983 28
984 17
985 34
986 38
987 31
988 28
989 26
990 27
991 27
992 36
993 23
994 34
995 41
996 40
997 29
998 32
999 41
1000 46
1001 35
1002 51
1003 43
1004 38
1005 33
1006 32
1007 34
1008 37
1009 32
1010 38
1011 32
1012 29
1013 37
1014 33
1015 46
1016 41
1017 34
1018 47
1019 67
1020 59
1021 76
1022 91
1023 66
1024 66
1025 102
1026 108
1027 100
1028 101
1029 98
1030 128
1031 157
1032 174
1033 184
1034 248
1035 272
1036 375
1037 423
1038 421
1039 426
1040 392
1041 422
1042 457
1043 526
1044 522
1045 442
1046 451
1047 380
1048 391
1049 306
1050 238
1051 228
1052 185
1053 156
1054 106
1055 77
1056 63
1057 53
1058 42
1059 46
1060 37
1061 42
1062 41
1063 33
1064 34
1065 33
1066 28
1067 36
1068 40
1069 29
1070 32
1071 36
1072 26
1073 35
1074 42
1075 38
1076 27
1077 42
1078 36
1079 37
1080 38
1081 35
1082 26
1083 29
1084 44
1085 21
1086 40
1087 29
1088 39
1089 32
1090 44
1091 30
1092 37
1093 27
1094 32
1095 29
1096 42
1097 39
1098 35
1099 31
1100 42
1101 32
1102 40
1103 25
1104 24
1105 30
1106 33
1107 35
1108 32
1109 27
1110 46
1111 37
1112 37
1113 35
1114 34
1115 44
1116 44
1117 24
1118 38
1119 29
1120 27
1121 42
1122 35
1123 26
1124 35
1125 26
1126 33
1127 34
1128 37
1129 31
1130 34
1131 33
1132 36
1133 30
1134 28
1135 35
1136 35
1137 35
1138 34
1139 47
1140 20
1141 29
1142 36
1143 32
1144 34
1145 32
1146 31
1147 29
1148 34
1149 33
1150 35
1151 20
1152 35
1153 33
1154 38
1155 29
1156 41
1157 39
1158 27
1159 34
1160 36
1161 34
1162 43
1163 37
1164 37
1165 43
1166 45
1167 44
1168 45
1169 61
1170 53
1171 92
1172 97
1173 78
1174 70
1175 55
1176 63
1177 66
1178 71
1179 85
1180 81
1181 66
1182 46
1183 51
1184 39
1185 38
1186 41
1187 25
1188 37
1189 28
1190 24
1191 27
1192 33
1193 33
1194 31
1195 32
1196 30
1197 43
1198 61
1199 33
1200 38
1201 25
1202 23
1203 36
1204 33
1205 34
1206 42
1207 34
1208 26
1209 27
1210 23
1211 26
1212 29
1213 26
1214 33
1215 27
1216 28
1217 30
1218 41
1219 37
1220 32
1221 30
1222 29
1223 32
1224 29
1225 38
1226 31
1227 33
1228 52
1229 33
1230 29
1231 30
1232 35
1233 29
1234 32
1235 23
1236 33
1237 29
1238 37
1239 35
1240 40
1241 41
1242 28
1243 36
1244 33
1245 32
1246 24
1247 25
1248 26
1249 15
1250 39
1251 20
1252 27
1253 33
1254 27
1255 34
1256 36
1257 31
1258 37
1259 27
1260 20
1261 31
1262 20
1263 27
1264 37
1265 24
1266 30
1267 30
1268 31
1269 19
1270 25
1271 25
1272 27
1273 16
1274 21
1275 17
1276 26
1277 16
1278 17
1279 24
1280 26
1281 41
1282 32
1283 30
1284 25
1285 31
1286 24
1287 24
1288 20
1289 24
1290 29
1291 30
1292 23
1293 33
1294 27
1295 20
1296 23
1297 21
1298 27
1299 19
1300 24
1301 30
1302 32
1303 34
1304 43
1305 28
1306 45
1307 29
1308 42
1309 40
1310 54
1311 62
1312 61
1313 61
1314 73
1315 76
1316 84
1317 101
1318 101
1319 130
1320 129
1321 122
1322 156
1323 139
1324 183
1325 169
1326 154
1327 152
1328 193
1329 222
1330 191
1331 227
1332 213
1333 166
1334 176
1335 157
1336 113
1337 97
1338 59
1339 55
1340 35
1341 44
1342 38
1343 29
1344 20
1345 27
1346 34
1347 26
1348 26
1349 24
1350 20
1351 35
1352 32
1353 23
1354 31
1355 25
1356 19
1357 27
1358 28
1359 28
1360 31
1361 28
1362 21
1363 18
1364 18
1365 21
1366 31
1367 18
1368 24
1369 29
1370 30
1371 26
1372 21
1373 21
1374 21
1375 22
1376 26
1377 17
1378 24
1379 23
1380 24
1381 36
1382 20
1383 23
1384 24
1385 20
1386 24
1387 17
1388 32
1389 22
1390 31
1391 23
1392 30
1393 36
1394 27
1395 19
1396 21
1397 27
1398 20
1399 29
1400 24
1401 26
1402 21
1403 25
1404 20
1405 26
1406 13
1407 28
1408 23
1409 29
1410 22
1411 16
1412 18
1413 21
1414 19
1415 27
1416 20
1417 27
1418 24
1419 23
1420 19
1421 12
1422 16
1423 19
1424 18
1425 18
1426 29
1427 26
1428 19
1429 24
1430 21
1431 15
1432 26
1433 23
1434 16
1435 28
1436 30
1437 22
1438 26
1439 21
1440 26
1441 17
1442 18
1443 31
1444 17
1445 32
1446 29
1447 28
1448 26
1449 24
1450 25
1451 30
1452 25
1453 14
1454 23
1455 25
1456 30
1457 16
1458 19
1459 16
1460 25
1461 17
1462 21
1463 31
1464 25
1465 27
1466 28
1467 30
1468 18
1469 22
1470 15
1471 28
1472 30
1473 25
1474 34
1475 17
1476 14
1477 15
1478 18
1479 30
1480 26
1481 13
1482 17
1483 14
1484 17
1485 20
1486 19
1487 17
1488 25
1489 25
1490 22
1491 18
1492 16
1493 26
1494 15
1495 23
1496 23
1497 25
1498 28
1499 24
1500 19
1501 31
1502 22
1503 23
1504 18
1505 18
1506 26
1507 22
1508 22
1509 24
1510 20
1511 15
1512 25
1513 18
1514 19
1515 26
1516 26
1517 32
1518 27
1519 19
1520 21
1521 17
1522 21
1523 25
1524 25
1525 24
1526 14
1527 21
1528 22
1529 18
1530 24
1531 20
1532 28
1533 23
1534 20
1535 23
1536 22
1537 28
1538 22
1539 25
1540 24
1541 22
1542 16
1543 22
1544 12
1545 18
1546 30
1547 17
1548 19
1549 20
1550 11
1551 25
1552 19
1553 21
1554 19
1555 16
1556 14
1557 18
1558 17
1559 20
1560 29
1561 22
1562 27
1563 22
1564 21
1565 24
1566 22
1567 4
1568 21
1569 18
1570 24
1571 18
1572 19
1573 21
1574 17
1575 26
1576 25
1577 26
1578 17
1579 12
1580 21
1581 18
1582 16
1583 20
1584 8
1585 17
1586 19
1587 22
1588 16
1589 23
1590 19
1591 27
1592 16
1593 24
1594 20
1595 29
1596 23
1597 11
1598 19
1599 21
1600 11
1601 23
1602 15
1603 25
1604 27
1605 17
1606 25
1607 15
1608 20
1609 21
1610 21
1611 18
1612 23
1613 18
1614 20
1615 15
1616 15
1617 18
1618 18
1619 18
1620 27
1621 16
1622 31
1623 19
1624 19
1625 20
1626 23
1627 22
1628 18
1629 21
1630 18
1631 20
1632 20
1633 20
1634 14
1635 21
1636 23
1637 23
1638 25
1639 23
1640 14
1641 19
1642 20
1643 27
1644 13
1645 28
1646 18
1647 30
1648 22
1649 22
1650 18
1651 17
1652 15
1653 24
1654 18
1655 20
1656 14
1657 23
1658 13
1659 17
1660 20
1661 28
1662 24
1663 20
1664 19
1665 13
1666 21
1667 15
1668 14
1669 25
1670 26
1671 21
1672 17
1673 16
1674 19
1675 25
1676 17
1677 18
1678 24
1679 11
1680 17
1681 14
1682 21
1683 16
1684 17
1685 32
1686 21
1687 22
1688 20
1689 20
1690 20
1691 24
1692 18
1693 19
1694 26
1695 21
1696 6
1697 18
1698 14
1699 20
1700 24
1701 19
1702 11
1703 22
1704 20
1705 29
1706 13
1707 16
1708 23
1709 10
1710 12
1711 17
1712 21
1713 18
1714 20
1715 20
1716 12
1717 16
1718 22
1719 24
1720 30
1721 19
1722 23
1723 18
1724 18
1725 29
1726 16
1727 16
1728 27
1729 23
1730 23
1731 17
1732 20
1733 21
1734 26
1735 18
1736 22
1737 22
1738 15
1739 22
1740 26
1741 19
1742 21
1743 16
1744 18
1745 19
1746 20
1747 16
1748 17
1749 16
1750 11
1751 16
1752 20
1753 14
1754 20
1755 15
1756 19
1757 16
1758 15
1759 21
1760 20
1761 23
1762 19
1763 21
1764 23
1765 29
1766 32
1767 29
1768 28
1769 34
1770 46
1771 35
1772 46
1773 37
1774 43
1775 49
1776 69
1777 61
1778 78
1779 90
1780 167
1781 240
1782 223
1783 156
1784 118
1785 137
1786 118
1787 130
1788 173
1789 149
1790 91
1791 69
1792 80
1793 90
1794 75
1795 51
1796 41
1797 44
1798 38
1799 51
1800 27
1801 36
1802 23
1803 22
1804 24
1805 22
1806 23
1807 25
1808 21
1809 23
1810 20
1811 26
1812 24
1813 21
1814 26
1815 17
1816 20
1817 19
1818 17
1819 17
1820 15
1821 13
1822 24
1823 16
1824 13
1825 17
1826 15
1827 16
1828 13
1829 18
1830 17
1831 21
1832 18
1833 14
1834 19
1835 14
1836 17
1837 12
1838 24
1839 18
1840 22
1841 21
1842 17
1843 15
1844 17
1845 19
1846 19
1847 16
1848 17
1849 10
1850 15
1851 18
1852 18
1853 13
1854 17
1855 14
1856 22
1857 13
1858 19
1859 20
1860 20
1861 17
1862 14
1863 13
1864 20
1865 14
1866 21
1867 19
1868 26
1869 12
1870 17
1871 15
1872 19
1873 23
1874 15
1875 13
1876 19
1877 21
1878 27
1879 29
1880 16
1881 24
1882 16
1883 14
1884 16
1885 15
1886 14
1887 16
1888 20
1889 25
1890 16
1891 20
1892 16
1893 21
1894 21
1895 15
1896 19
1897 17
1898 18
1899 15
1900 20
1901 27
1902 17
1903 12
1904 10
1905 20
1906 18
1907 25
1908 14
1909 16
1910 16
1911 19
1912 17
1913 18
1914 19
1915 15
1916 12
1917 13
1918 15
1919 15
1920 19
1921 20
1922 16
1923 15
1924 23
1925 16
1926 25
1927 8
1928 17
1929 22
1930 31
1931 23
1932 20
1933 19
1934 22
1935 27
1936 27
1937 15
1938 24
1939 25
1940 13
1941 20
1942 16
1943 24
1944 19
1945 20
1946 18
1947 22
1948 15
1949 9
1950 18
1951 23
1952 21
1953 15
1954 16
1955 9
1956 20
1957 10
1958 13
1959 12
1960 16
1961 14
1962 27
1963 19
1964 16
1965 16
1966 17
1967 17
1968 15
1969 25
1970 13
1971 11
1972 25
1973 18
1974 18
1975 23
1976 14
1977 18
1978 20
1979 17
1980 19
1981 23
1982 18
1983 11
1984 19
1985 14
1986 19
1987 18
1988 22
1989 14
1990 31
1991 13
1992 11
1993 8
1994 21
1995 21
1996 22
1997 21
1998 15
1999 16
2000 17
2001 15
2002 16
2003 22
2004 18
2005 35
2006 22
2007 28
2008 18
2009 25
2010 34
2011 34
2012 29
2013 38
2014 29
2015 41
2016 35
2017 58
2018 72
2019 74
2020 59
2021 71
2022 91
2023 81
2024 116
2025 139
2026 105
2027 138
2028 172
2029 223
2030 232
2031 231
2032 239
2033 203
2034 221
2035 284
2036 343
2037 362
2038 419
2039 390
2040 395
2041 352
2042 328
2043 354
2044 332
2045 303
2046 334
2047 282
2048 276
2049 258
2050 226
2051 178
2052 159
2053 139
2054 116
2055 116
2056 101
2057 103
2058 83
2059 40
2060 47
2061 48
2062 42
2063 23
2064 27
2065 21
2066 27
2067 18
2068 28
2069 14
2070 24
2071 18
2072 26
2073 14
2074 14
2075 11
2076 14
2077 20
2078 13
2079 22
2080 25
2081 16
2082 24
2083 21
2084 14
2085 13
2086 12
2087 16
2088 15
2089 20
2090 16
2091 11
2092 20
2093 16
2094 19
2095 21
2096 15
2097 15
2098 13
2099 18
2100 8
2101 12
2102 19
2103 16
2104 6
2105 19
2106 20
2107 17
2108 19
2109 12
2110 16
2111 14
2112 16
2113 15
2114 16
2115 22
2116 21
2117 13
2118 19
2119 17
2120 10
2121 19
2122 16
2123 12
2124 11
2125 14
2126 17
2127 9
2128 12
2129 9
2130 14
2131 18
2132 15
2133 14
2134 15
2135 21
2136 20
2137 10
2138 12
2139 18
2140 9
2141 13
2142 18
2143 20
2144 11
2145 19
2146 21
2147 25
2148 25
2149 15
2150 17
2151 16
2152 19
2153 15
2154 17
2155 21
2156 19
2157 18
2158 20
2159 14
2160 28
2161 24
2162 17
2163 20
2164 21
2165 15
2166 16
2167 18
2168 28
2169 18
2170 13
2171 19
2172 12
2173 19
2174 13
2175 18
2176 12
2177 9
2178 17
2179 22
2180 13
2181 6
2182 18
2183 12
2184 11
2185 16
2186 6
2187 10
2188 13
2189 18
2190 13
2191 16
2192 11
2193 16
2194 18
2195 18
2196 15
2197 10
2198 15
2199 10
2200 18
2201 18
2202 18
2203 13
2204 8
2205 15
2206 14
2207 19
2208 21
2209 19
2210 16
2211 12
2212 22
2213 17
2214 13
2215 11
2216 15
2217 18
2218 32
2219 26
2220 21
2221 33
2222 38
2223 39
2224 37
2225 35
2226 38
2227 56
2228 63
2229 65
2230 72
2231 75
2232 59
2233 51
2234 76
2235 81
2236 78
2237 57
2238 80
2239 86
2240 86
2241 78
2242 85
2243 65
2244 80
2245 51
2246 72
2247 85
2248 64
2249 77
2250 67
2251 66
2252 47
2253 38
2254 30
2255 32
2256 38
2257 24
2258 28
2259 30
2260 21
2261 32
2262 19
2263 16
2264 9
2265 14
2266 16
2267 15
2268 12
2269 14
2270 13
2271 17
2272 15
2273 13
2274 15
2275 10
2276 14
2277 10
2278 15
2279 14
2280 12
2281 17
2282 16
2283 22
2284 20
2285 10
2286 11
2287 16
2288 14
2289 17
2290 17
2291 14
2292 14
2293 10
2294 17
2295 16
2296 9
2297 18
2298 11
2299 10
2300 15
2301 10
2302 9
2303 13
2304 12
2305 4
2306 17
2307 17
2308 13
2309 19
2310 16
2311 17
2312 16
2313 12
2314 13
2315 22
2316 11
2317 10
2318 11
2319 15
2320 18
2321 15
2322 9
2323 11
2324 20
2325 17
2326 13
2327 11
2328 22
2329 15
2330 10
2331 10
2332 13
2333 14
2334 7
2335 12
2336 11
2337 15
2338 13
2339 10
2340 16
2341 16
2342 16
2343 15
2344 12
2345 15
2346 13
2347 12
2348 19
2349 13
2350 15
2351 9
2352 16
2353 10
2354 11
2355 12
2356 14
2357 12
2358 11
2359 8
2360 14
2361 8
2362 9
2363 16
2364 13
2365 15
2366 12
2367 10
2368 11
2369 21
2370 16
2371 16
2372 10
2373 6
2374 8
2375 10
2376 18
2377 17
2378 11
2379 15
2380 15
2381 13
2382 12
2383 11
2384 15
2385 10
2386 11
2387 11
2388 12
2389 15
2390 14
2391 16
2392 13
2393 23
2394 10
2395 14
2396 13
2397 12
2398 13
2399 17
2400 11
2401 17
2402 15
2403 19
2404 17
2405 16
2406 11
2407 11
2408 16
2409 16
2410 16
2411 13
2412 17
2413 14
2414 9
2415 12
2416 15
2417 15
2418 15
2419 10
2420 10
2421 12
2422 12
2423 17
2424 15
2425 17
2426 16
2427 11
2428 16
2429 13
2430 13
2431 14
2432 12
2433 12
2434 13
2435 8
2436 14
2437 13
2438 22
2439 11
2440 8
2441 9
2442 9
2443 10
2444 10
2445 16
2446 13
2447 8
2448 20
2449 15
2450 15
2451 12
2452 13
2453 15
2454 10
2455 13
2456 14
2457 14
2458 21
2459 17
2460 10
2461 12
2462 14
2463 12
2464 16
2465 21
2466 15
2467 12
2468 11
2469 18
2470 13
2471 19
2472 15
2473 11
2474 14
2475 11
2476 9
2477 14
2478 19
2479 15
2480 14
2481 11
2482 10
2483 13
2484 14
2485 12
2486 16
2487 15
2488 10
2489 11
2490 9
2491 18
2492 18
2493 11
2494 12
2495 12
2496 10
2497 15
2498 10
2499 17
2500 11
2501 15
2502 13
2503 11
2504 18
2505 17
2506 21
2507 24
2508 25
2509 31
2510 34
2511 32
2512 32
2513 34
2514 22
2515 32
2516 23
2517 34
2518 37
2519 40
2520 35
2521 36
2522 36
2523 43
2524 56
2525 36
2526 41
2527 35
2528 44
2529 38
2530 56
2531 58
2532 65
2533 72
2534 79
2535 61
2536 44
2537 40
2538 38
2539 38
2540 26
2541 34
2542 32
2543 33
2544 32
2545 36
2546 34
2547 23
2548 31
2549 33
2550 26
2551 26
2552 22
2553 20
2554 16
2555 15
2556 20
2557 13
2558 18
2559 18
