0 36
1 19
2 22
3 25
4 30
5 24
6 24
7 24
8 33
9 26
10 27
11 28
12 27
13 32
14 39
15 24
16 32
17 24
18 37
19 25
20 34
21 23
22 19
23 41
24 32
25 39
26 25
27 24
28 20
29 28
30 20
31 20
32 31
33 29
34 39
35 38
36 25
37 23
38 30
39 26
40 19
41 31
42 22
43 30
44 28
45 30
46 28
47 21
48 33
49 24
50 27
51 33
52 38
53 22
54 31
55 36
56 34
57 28
58 32
59 38
60 36
61 35
62 37
63 30
64 25
65 28
66 35
67 22
68 32
69 29
70 30
71 26
72 22
73 25
74 19
75 29
76 30
77 22
78 25
79 25
80 15
81 26
82 26
83 39
84 32
85 26
86 31
87 24
88 20
89 28
90 30
91 22
92 31
93 27
94 24
95 30
96 34
97 25
98 35
99 27
100 30
101 33
102 18
103 30
104 26
105 22
106 19
107 31
108 23
109 29
110 34
111 29
112 29
113 25
114 30
115 29
116 26
117 26
118 25
119 23
120 28
121 24
122 22
123 25
124 34
125 28
126 30
127 30
128 29
129 31
130 29
131 36
132 27
133 25
134 40
135 29
136 25
137 30
138 32
139 35
140 35
141 31
142 36
143 32
144 38
145 30
146 32
147 30
148 41
149 32
150 35
151 31
152 43
153 30
154 22
155 26
156 26
157 34
158 29
159 28
160 21
161 23
162 36
163 34
164 29
165 24
166 28
167 31
168 20
169 33
170 38
171 28
172 22
173 32
174 22
175 26
176 31
177 29
178 23
179 21
180 26
181 29
182 30
183 39
184 34
185 27
186 29
187 28
188 29
189 27
190 33
191 41
192 56
193 24
194 25
195 24
196 24
197 41
198 38
199 30
200 36
201 24
202 30
203 36
204 39
205 28
206 33
207 42
208 26
209 31
210 22
211 37
212 29
213 39
214 42
215 30
216 37
217 32
218 28
219 33
220 26
221 40
222 34
223 23
224 31
225 36
226 34
227 32
228 28
229 31
230 43
231 27
232 33
233 31
234 26
235 29
236 29
237 33
238 28
239 26
240 36
241 24
242 44
243 27
244 32
245 40
246 21
247 34
248 27
249 30
250 23
251 26
252 27
253 28
254 32
255 25
256 34
257 34
258 49
259 28
260 37
261 27
262 33
263 28
264 19
265 39
266 40
267 24
268 29
269 39
270 33
271 35
272 40
273 36
274 23
275 39
276 34
277 41
278 34
279 34
280 25
281 32
282 35
283 31
284 38
285 35
286 30
287 28
288 33
289 46
290 38
291 24
292 45
293 26
294 39
295 35
296 37
297 39
298 33
299 36
300 28
301 25
302 35
303 22
304 33
305 42
306 40
307 35
308 33
309 26
310 36
311 18
312 32
313 34
314 39
315 31
316 35
317 44
318 32
319 36
320 28
321 43
322 22
323 30
324 33
325 38
326 40
327 35
328 25
329 37
330 34
331 29
332 36
333 36
334 29
335 31
336 43
337 48
338 29
339 31
340 42
341 31
342 38
343 30
344 26
345 29
346 24
347 36
348 36
349 35
350 38
351 23
352 20
353 25
354 34
355 31
356 38
357 31
358 38
359 30
360 29
361 35
362 35
363 35
364 35
365 38
366 29
367 23
368 32
369 28
370 29
371 36
372 31
373 39
374 38
375 39
376 30
377 25
378 27
379 28
380 38
381 27
382 23
383 37
384 31
385 23
386 32
387 23
388 34
389 31
390 32
391 40
392 43
393 31
394 38
395 32
396 51
397 34
398 42
399 41
400 42
401 39
402 37
403 32
404 39
405 40
406 31
407 40
408 40
409 51
410 39
411 38
412 47
413 40
414 29
415 40
416 37
417 33
418 32
419 39
420 32
421 26
422 45
423 31
424 33
425 40
426 31
427 35
428 37
429 35
430 36
431 30
432 40
433 41
434 37
435 40
436 31
437 39
438 30
439 36
440 38
441 33
442 42
443 44
444 32
445 32
446 32
447 37
448 39
449 26
450 31
451 36
452 36
453 28
454 39
455 36
456 31
457 27
458 28
459 37
460 34
461 39
462 41
463 31
464 36
465 26
466 34
467 26
468 39
469 33
470 30
471 40
472 30
473 33
474 30
475 26
476 37
477 37
478 36
479 38
480 34
481 40
482 27
483 33
484 38
485 33
486 46
487 36
488 29
489 26
490 40
491 43
492 25
493 37
494 34
495 29
496 30
497 30
498 37
499 44
500 32
501 32
502 43
503 34
504 35
505 45
506 32
507 40
508 49
509 37
510 36
511 29
512 29
513 27
514 47
515 38
516 40
517 49
518 48
519 35
520 44
521 42
522 38
523 35
524 45
525 36
526 23
527 34
528 45
529 36
530 37
531 47
532 38
533 40
534 28
535 36
536 36
537 28
538 22
539 28
540 39
541 36
542 33
543 32
544 40
545 37
546 37
547 36
548 38
549 37
550 37
551 39
552 46
553 31
554 30
555 42
556 36
557 30
558 51
559 45
560 52
561 40
562 43
563 36
564 42
565 34
566 38
567 40
568 53
569 51
570 57
571 45
572 40
573 47
574 66
575 60
576 59
577 69
578 60
579 67
580 65
581 61
582 71
583 84
584 75
585 88
586 97
587 83
588 80
589 86
590 80
591 111
592 124
593 144
594 140
595 101
596 105
597 83
598 65
599 76
600 67
601 47
602 28
603 41
604 46
605 34
606 42
607 39
608 31
609 39
610 41
611 33
612 43
613 43
614 44
615 36
616 32
617 40
618 25
619 32
620 40
621 31
622 48
623 43
624 34
625 41
626 38
627 49
628 37
629 29
630 42
631 36
632 35
633 29
634 36
635 37
636 43
637 39
638 50
639 39
640 51
641 32
642 36
643 42
644 38
645 39
646 44
647 45
648 36
649 44
650 43
651 42
652 36
653 28
654 28
655 41
656 32
657 48
658 38
659 32
660 36
661 49
662 29
663 28
664 38
665 37
666 34
667 36
668 47
669 40
670 51
671 41
672 27
673 43
674 33
675 34
676 35
677 31
678 31
679 44
680 42
681 31
682 27
683 43
684 39
685 36
686 40
687 45
688 46
689 32
690 35
691 42
692 43
693 46
694 33
695 39
696 38
697 43
698 47
699 29
700 30
701 35
702 38
703 44
704 39
705 43
706 37
707 36
708 38
709 32
710 28
711 30
712 40
713 38
714 31
715 27
716 41
717 41
718 35
719 32
720 34
721 34
722 36
723 40
724 42
725 25
726 33
727 42
728 30
729 33
730 35
731 32
732 46
733 42
734 45
735 42
736 32
737 38
738 34
739 37
740 36
741 29
742 32
743 25
744 30
745 34
746 35
747 24
748 46
749 27
750 30
751 39
752 36
753 28
754 39
755 32
756 28
757 29
758 28
759 31
760 33
761 33
762 38
763 32
764 37
765 34
766 32
767 37
768 39
769 33
770 44
771 42
772 28
773 37
774 36
775 29
776 45
777 40
778 28
779 35
780 34
781 43
782 28
783 46
784 37
785 33
786 38
787 29
788 23
789 34
790 40
791 35
792 29
793 33
794 35
795 38
796 35
797 29
798 37
799 46
800 28
801 29
802 34
803 31
804 25
805 29
806 25
807 31
808 36
809 36
810 35
811 35
812 37
813 35
814 33
815 35
816 38
817 29
818 28
819 40
820 30
821 34
822 37
823 34
824 32
825 33
826 35
827 21
828 35
829 35
830 39
831 44
832 33
833 27
834 39
835 30
836 41
837 41
838 28
839 35
840 24
841 41
842 32
843 36
844 43
845 49
846 30
847 34
848 28
849 37
850 32
851 42
852 25
853 29
854 27
855 36
856 32
857 46
858 42
859 37
860 27
861 36
862 38
863 46
864 34
865 39
866 32
867 44
868 27
869 31
870 36
871 32
872 48
873 48
874 37
875 34
876 30
877 32
878 37
879 29
880 39
881 31
882 31
883 31
884 33
885 33
886 27
887 31
888 32
889 33
890 41
891 31
892 35
893 24
894 34
895 36
896 22
897 35
898 37
899 33
900 41
901 33
902 41
903 38
904 34
905 36
906 36
907 28
908 38
909 33
910 27
911 33
912 37
913 33
914 35
915 31
916 39
917 28
918 27
919 29
920 39
921 31
922 54
923 33
924 32
925 30
926 20
927 27
928 28
929 29
930 26
931 37
932 35
933 45
934 44
935 30
936 39
937 43
938 44
939 53
940 30
941 34
942 26
943 21
944 41
945 30
946 30
947 39
948 41
949 25
950 31
951 31
952 41
953 39
954 29
955 31
956 19
957 31
958 31
959 33
960 30
961 42
962 26
963 26
964 26
965 32
966 38
967 28
968 35
969 31
970 45
971 31
972 33
973 34
974 43
975 26
976 29
977 26
978 35
979 25
980 39
981 36
982 34
983 37
984 30
985 18
986 26
987 40
988 30
989 35
990 31
991 41
992 25
993 21
994 20
995 31
996 41
997 34
998 32
999 27
1000 38
1001 24
1002 41
1003 33
1004 32
1005 29
1006 41
1007 34
1008 27
1009 43
1010 26
1011 38
1012 34
1013 35
1014 22
1015 38
1016 30
1017 34
1018 26
1019 34
1020 28
1021 37
1022 28
1023 33
1024 27
1025 39
1026 36
1027 30
1028 34
1029 38
1030 38
1031 30
1032 44
1033 25
1034 32
1035 36
1036 24
1037 36
1038 31
1039 29
1040 27
1041 34
1042 24
1043 28
1044 27
1045 36
1046 27
1047 42
1048 41
1049 35
1050 29
1051 38
1052 26
1053 34
1054 32
1055 57
1056 29
1057 28
1058 40
1059 29
1060 23
1061 45
1062 36
1063 26
1064 35
1065 35
1066 32
1067 33
1068 24
1069 34
1070 45
1071 34
1072 29
1073 35
1074 33
1075 33
1076 36
1077 35
1078 33
1079 42
1080 24
1081 35
1082 35
1083 36
1084 44
1085 38
1086 28
1087 44
1088 39
1089 38
1090 27
1091 31
1092 32
1093 40
1094 28
1095 43
1096 36
1097 44
1098 47
1099 63
1100 62
1101 74
1102 73
1103 76
1104 89
1105 97
1106 141
1107 150
1108 170
1109 204
1110 246
1111 218
1112 362
1113 428
1114 478
1115 532
1116 518
1117 444
1118 502
1119 533
1120 519
1121 522
1122 462
1123 411
1124 445
1125 361
1126 333
1127 224
1128 146
1129 102
1130 95
1131 62
1132 59
1133 38
1134 37
1135 29
1136 30
1137 34
1138 23
1139 43
1140 35
1141 39
1142 35
1143 46
1144 24
1145 28
1146 40
1147 31
1148 34
1149 32
1150 32
1151 27
1152 31
1153 44
1154 35
1155 27
1156 29
1157 35
1158 37
1159 32
1160 32
1161 36
1162 39
1163 36
1164 24
1165 28
1166 32
1167 36
1168 24
1169 32
1170 36
1171 41
1172 25
1173 30
1174 29
1175 32
1176 24
1177 34
1178 33
1179 24
1180 28
1181 32
1182 28
1183 26
1184 33
1185 36
1186 33
1187 26
1188 20
1189 20
1190 39
1191 31
1192 30
1193 21
1194 32
1195 35
1196 22
1197 31
1198 26
1199 32
1200 27
1201 27
1202 43
1203 29
1204 33
1205 33
1206 42
1207 40
1208 28
1209 23
1210 27
1211 32
1212 35
1213 30
1214 29
1215 43
1216 38
1217 25
1218 21
1219 35
1220 31
1221 25
1222 33
1223 38
1224 32
1225 34
1226 38
1227 33
1228 27
1229 30
1230 36
1231 29
1232 37
1233 24
1234 30
1235 31
1236 24
1237 32
1238 36
1239 32
1240 43
1241 29
1242 24
1243 31
1244 32
1245 44
1246 45
1247 29
1248 43
1249 43
1250 43
1251 44
1252 33
1253 39
1254 68
1255 61
1256 47
1257 52
1258 51
1259 57
1260 68
1261 57
1262 49
1263 48
1264 52
1265 54
1266 30
1267 20
1268 27
1269 30
1270 25
1271 29
1272 20
1273 27
1274 16
1275 17
1276 20
1277 13
1278 14
1279 10
1280 33
1281 32
1282 29
1283 19
1284 34
1285 18
1286 23
1287 22
1288 22
1289 27
1290 21
1291 18
1292 16
1293 20
1294 21
1295 35
1296 36
1297 25
1298 28
1299 23
1300 19
1301 23
1302 26
1303 26
1304 22
1305 32
1306 22
1307 20
1308 16
1309 21
1310 21
1311 32
1312 29
1313 26
1314 21
1315 23
1316 25
1317 16
1318 27
1319 24
1320 32
1321 21
1322 36
1323 25
1324 31
1325 33
1326 33
1327 29
1328 38
1329 40
1330 42
1331 52
1332 45
1333 38
1334 46
1335 52
1336 51
1337 21
1338 37
1339 31
1340 43
1341 33
1342 35
1343 32
1344 23
1345 14
1346 45
1347 21
1348 21
1349 27
1350 19
1351 26
1352 26
1353 23
1354 15
1355 20
1356 22
1357 19
1358 24
1359 27
1360 23
1361 29
1362 24
1363 18
1364 31
1365 19
1366 26
1367 18
1368 30
1369 34
1370 22
1371 19
1372 13
1373 17
1374 20
1375 23
1376 31
1377 33
1378 25
1379 23
1380 21
1381 24
1382 22
1383 27
1384 31
1385 21
1386 24
1387 19
1388 12
1389 25
1390 18
1391 16
1392 22
1393 42
1394 33
1395 28
1396 20
1397 26
1398 21
1399 25
1400 21
1401 49
1402 59
1403 54
1404 49
1405 74
1406 58
1407 81
1408 89
1409 83
1410 82
1411 104
1412 151
1413 135
1414 175
1415 208
1416 192
1417 253
1418 244
1419 189
1420 193
1421 205
1422 149
1423 122
1424 93
1425 89
1426 72
1427 80
1428 75
1429 75
1430 53
1431 45
1432 32
1433 39
1434 13
1435 24
1436 18
1437 25
1438 24
1439 21
1440 29
1441 22
1442 19
1443 21
1444 24
1445 19
1446 28
1447 16
1448 24
1449 18
1450 16
1451 20
1452 29
1453 16
1454 22
1455 13
1456 18
1457 27
1458 19
1459 20
1460 30
1461 26
1462 17
1463 13
1464 24
1465 19
1466 25
1467 35
1468 21
1469 29
1470 17
1471 22
1472 22
1473 26
1474 15
1475 24
1476 20
1477 25
1478 19
1479 17
1480 24
1481 21
1482 19
1483 22
1484 15
1485 15
1486 17
1487 13
1488 25
1489 24
1490 17
1491 22
1492 16
1493 20
1494 16
1495 24
1496 23
1497 20
1498 17
1499 26
1500 13
1501 18
1502 21
1503 24
1504 30
1505 25
1506 30
1507 24
1508 24
1509 24
1510 34
1511 20
1512 18
1513 22
1514 12
1515 16
1516 16
1517 14
1518 11
1519 19
1520 23
1521 18
1522 26
1523 20
1524 21
1525 20
1526 22
1527 22
1528 22
1529 19
1530 19
1531 27
1532 39
1533 17
1534 21
1535 14
1536 23
1537 22
1538 24
1539 16
1540 22
1541 23
1542 18
1543 23
1544 24
1545 20
1546 16
1547 13
1548 14
1549 14
1550 21
1551 21
1552 14
1553 19
1554 27
1555 20
1556 16
1557 16
1558 29
1559 22
1560 20
1561 15
1562 15
1563 18
1564 22
1565 23
1566 22
1567 20
1568 18
1569 17
1570 23
1571 17
1572 16
1573 19
1574 14
1575 27
1576 15
1577 11
1578 21
1579 23
1580 17
1581 16
1582 20
1583 22
1584 19
1585 14
1586 19
1587 20
1588 21
1589 19
1590 17
1591 12
1592 19
1593 11
1594 24
1595 22
1596 21
1597 17
1598 19
1599 21
1600 17
1601 21
1602 25
1603 18
1604 14
1605 18
1606 18
1607 26
1608 29
1609 16
1610 18
1611 20
1612 22
1613 29
1614 25
1615 20
1616 23
1617 23
1618 16
1619 16
1620 23
1621 30
1622 26
1623 22
1624 18
1625 18
1626 21
1627 14
1628 12
1629 14
1630 14
1631 19
1632 25
1633 16
1634 8
1635 16
1636 22
1637 22
1638 18
1639 13
1640 19
1641 22
1642 24
1643 17
1644 18
1645 22
1646 15
1647 14
1648 20
1649 12
1650 17
1651 20
1652 14
1653 26
1654 17
1655 19
1656 27
1657 19
1658 20
1659 16
1660 22
1661 16
1662 25
1663 15
1664 20
1665 23
1666 20
1667 16
1668 9
1669 13
1670 22
1671 18
1672 21
1673 27
1674 23
1675 21
1676 24
1677 15
1678 14
1679 18
1680 24
1681 21
1682 21
1683 17
1684 12
1685 16
1686 17
1687 19
1688 24
1689 20
1690 24
1691 14
1692 19
1693 9
1694 25
1695 22
1696 21
1697 13
1698 22
1699 18
1700 14
1701 13
1702 20
1703 24
1704 15
1705 11
1706 20
1707 15
1708 22
1709 13
1710 29
1711 17
1712 22
1713 19
1714 15
1715 18
1716 27
1717 18
1718 16
1719 17
1720 10
1721 17
1722 15
1723 19
1724 14
1725 15
1726 20
1727 19
1728 16
1729 16
1730 17
1731 21
1732 24
1733 13
1734 15
1735 17
1736 18
1737 17
1738 24
1739 18
1740 18
1741 20
1742 22
1743 20
1744 11
1745 20
1746 12
1747 14
1748 23
1749 24
1750 14
1751 13
1752 21
1753 14
1754 19
1755 21
1756 23
1757 25
1758 17
1759 16
1760 17
1761 21
1762 18
1763 20
1764 14
1765 22
1766 14
1767 18
1768 14
1769 17
1770 27
1771 18
1772 15
1773 19
1774 14
1775 19
1776 27
1777 15
1778 14
1779 20
1780 14
1781 16
1782 9
1783 16
1784 17
1785 14
1786 17
1787 13
1788 14
1789 17
1790 18
1791 11
1792 22
1793 16
1794 13
1795 23
1796 15
1797 17
1798 15
1799 16
1800 16
1801 17
1802 19
1803 26
1804 16
1805 19
1806 22
1807 17
1808 21
1809 16
1810 12
1811 17
1812 21
1813 23
1814 19
1815 16
1816 15
1817 17
1818 19
1819 18
1820 13
1821 13
1822 16
1823 13
1824 16
1825 13
1826 21
1827 26
1828 25
1829 18
1830 17
1831 18
1832 20
1833 22
1834 15
1835 21
1836 27
1837 17
1838 16
1839 21
1840 16
1841 18
1842 23
1843 23
1844 17
1845 24
1846 14
1847 21
1848 16
1849 22
1850 14
1851 19
1852 15
1853 16
1854 19
1855 27
1856 21
1857 21
1858 28
1859 23
1860 18
1861 12
1862 16
1863 11
1864 18
1865 17
1866 20
1867 25
1868 28
1869 19
1870 26
1871 23
1872 20
1873 27
1874 35
1875 20
1876 29
1877 45
1878 68
1879 110
1880 105
1881 79
1882 67
1883 62
1884 81
1885 83
1886 127
1887 135
1888 132
1889 114
1890 114
1891 122
1892 133
1893 100
1894 103
1895 136
1896 148
1897 127
1898 113
1899 100
1900 70
1901 42
1902 72
1903 88
1904 63
1905 46
1906 46
1907 21
1908 26
1909 21
1910 23
1911 22
1912 21
1913 20
1914 17
1915 23
1916 19
1917 16
1918 15
1919 20
1920 19
1921 30
1922 14
1923 28
1924 12
1925 22
1926 23
1927 22
1928 24
1929 11
1930 22
1931 15
1932 19
1933 14
1934 23
1935 20
1936 14
1937 17
1938 18
1939 8
1940 13
1941 14
1942 15
1943 21
1944 19
1945 17
1946 19
1947 14
1948 19
1949 18
1950 17
1951 12
1952 12
1953 13
1954 18
1955 19
1956 11
1957 21
1958 22
1959 12
1960 16
1961 11
1962 20
1963 19
1964 14
1965 16
1966 17
1967 18
1968 24
1969 16
1970 10
1971 18
1972 21
1973 13
1974 26
1975 11
1976 19
1977 17
1978 17
1979 19
1980 15
1981 13
1982 14
1983 10
1984 14
1985 11
1986 19
1987 20
1988 20
1989 20
1990 16
1991 14
1992 14
1993 19
1994 13
1995 13
1996 13
1997 16
1998 16
1999 9
2000 16
2001 11
2002 21
2003 24
2004 17
2005 22
2006 13
2007 18
2008 18
2009 18
2010 13
2011 12
2012 16
2013 17
2014 23
2015 17
2016 18
2017 15
2018 19
2019 21
2020 13
2021 21
2022 9
2023 11
2024 13
2025 14
2026 16
2027 18
2028 9
2029 26
2030 9
2031 14
2032 14
2033 16
2034 23
2035 16
2036 17
2037 13
2038 13
2039 13
2040 17
2041 18
2042 15
2043 14
2044 12
2045 20
2046 12
2047 14
2048 19
2049 12
2050 20
2051 14
2052 12
2053 18
2054 19
2055 16
2056 19
2057 20
2058 15
2059 16
2060 15
2061 16
2062 16
2063 13
2064 14
2065 13
2066 23
2067 11
2068 15
2069 15
2070 18
2071 17
2072 15
2073 10
2074 10
2075 16
2076 20
2077 17
2078 21
2079 15
2080 12
2081 17
2082 14
2083 16
2084 25
2085 22
2086 12
2087 17
2088 13
2089 21
2090 20
2091 13
2092 23
2093 14
2094 14
2095 16
2096 20
2097 22
2098 17
2099 22
2100 18
2101 16
2102 10
2103 17
2104 15
2105 23
2106 12
2107 11
2108 19
2109 14
2110 18
2111 24
2112 17
2113 18
2114 18
2115 17
2116 17
2117 17
2118 17
2119 12
2120 20
2121 13
2122 13
2123 18
2124 25
2125 25
2126 24
2127 37
2128 17
2129 29
2130 33
2131 31
2132 42
2133 38
2134 49
2135 62
2136 80
2137 67
2138 86
2139 83
2140 117
2141 154
2142 176
2143 191
2144 212
2145 233
2146 294
2147 276
2148 311
2149 391
2150 438
2151 367
2152 337
2153 288
2154 312
2155 359
2156 372
2157 445
2158 440
2159 463
2160 477
2161 353
2162 287
2163 254
2164 226
2165 210
2166 149
2167 122
2168 99
2169 60
2170 72
2171 56
2172 42
2173 46
2174 23
2175 24
2176 23
2177 24
2178 28
2179 22
2180 17
2181 21
2182 25
2183 15
2184 23
2185 13
2186 16
2187 12
2188 12
2189 19
2190 16
2191 13
2192 12
2193 14
2194 17
2195 16
2196 11
2197 11
2198 17
2199 12
2200 19
2201 22
2202 13
2203 12
2204 19
2205 11
2206 11
2207 20
2208 14
2209 11
2210 17
2211 9
2212 15
2213 17
2214 10
2215 18
2216 7
2217 14
2218 15
2219 19
2220 9
2221 21
2222 13
2223 13
2224 21
2225 22
2226 12
2227 17
2228 11
2229 14
2230 11
2231 19
2232 16
2233 10
2234 9
2235 14
2236 16
2237 13
2238 13
2239 19
2240 9
2241 11
2242 17
2243 15
2244 12
2245 12
2246 12
2247 13
2248 17
2249 15
2250 15
2251 9
2252 16
2253 17
2254 18
2255 17
2256 15
2257 13
2258 17
2259 10
2260 20
2261 15
2262 11
2263 18
2264 23
2265 19
2266 20
2267 18
2268 19
2269 8
2270 14
2271 13
2272 17
2273 16
2274 22
2275 19
2276 13
2277 29
2278 15
2279 16
2280 14
2281 14
2282 17
2283 17
2284 10
2285 16
2286 11
2287 9
2288 18
2289 13
2290 15
2291 16
2292 9
2293 13
2294 8
2295 16
2296 12
2297 11
2298 8
2299 13
2300 15
2301 12
2302 20
2303 15
2304 12
2305 15
2306 20
2307 16
2308 13
2309 12
2310 14
2311 10
2312 11
2313 8
2314 12
2315 11
2316 13
2317 11
2318 11
2319 11
2320 20
2321 21
2322 21
2323 19
2324 14
2325 11
2326 11
2327 11
2328 10
2329 15
2330 19
2331 11
2332 16
2333 15
2334 16
2335 15
2336 21
2337 18
2338 14
2339 19
2340 34
2341 31
2342 20
2343 19
2344 30
2345 15
2346 25
2347 26
2348 34
2349 41
2350 55
2351 58
2352 53
2353 71
2354 63
2355 57
2356 62
2357 73
2358 89
2359 94
2360 106
2361 102
2362 97
2363 93
2364 87
2365 76
2366 63
2367 68
2368 82
2369 93
2370 66
2371 62
2372 45
2373 44
2374 34
2375 38
2376 32
2377 24
2378 26
2379 12
2380 24
2381 21
2382 22
2383 19
2384 25
2385 11
2386 14
2387 11
2388 19
2389 18
2390 9
2391 11
2392 15
2393 18
2394 19
2395 16
2396 14
2397 16
2398 13
2399 13
2400 15
2401 18
2402 13
2403 8
2404 14
2405 9
2406 12
2407 11
2408 11
2409 15
2410 17
2411 10
2412 6
2413 11
2414 13
2415 8
2416 6
2417 16
2418 11
2419 13
2420 11
2421 7
2422 14
2423 22
2424 11
2425 13
2426 8
2427 11
2428 17
2429 12
2430 7
2431 9
2432 15
2433 15
2434 14
2435 4
2436 11
2437 12
2438 10
2439 12
2440 18
2441 9
2442 13
2443 11
2444 15
2445 12
2446 11
2447 14
2448 7
2449 12
2450 13
2451 14
2452 7
2453 10
2454 14
2455 16
2456 17
2457 10
2458 13
2459 14
2460 9
2461 16
2462 10
2463 12
2464 7
2465 11
2466 15
2467 16
2468 7
2469 13
2470 14
2471 10
2472 8
2473 18
2474 12
2475 15
2476 14
2477 12
2478 15
2479 13
2480 11
2481 9
2482 16
2483 10
2484 9
2485 10
2486 12
2487 10
2488 10
2489 13
2490 14
2491 17
2492 9
2493 14
2494 11
2495 6
2496 10
2497 16
2498 12
2499 12
2500 10
2501 13
2502 12
2503 10
2504 7
2505 18
2506 14
2507 12
2508 18
2509 11
2510 10
2511 7
2512 14
2513 8
2514 10
2515 10
2516 13
2517 17
2518 12
2519 12
2520 10
2521 14
2522 8
2523 13
2524 6
2525 9
2526 9
2527 11
2528 13
2529 11
2530 9
2531 16
2532 11
2533 9
2534 12
2535 14
2536 15
2537 12
2538 7
2539 16
2540 18
2541 12
2542 14
2543 11
2544 14
2545 14
2546 10
2547 8
2548 7
2549 9
2550 12
2551 14
2552 11
2553 11
2554 16
2555 11
2556 9
2557 18
2558 17
2559 8
