0 52
1 26
2 30
3 32
4 34
5 30
6 35
7 17
8 30
9 26
10 31
11 34
12 32
13 44
14 31
15 25
16 29
17 36
18 37
19 34
20 34
21 42
22 29
23 26
24 34
25 36
26 34
27 30
28 24
29 37
30 36
31 34
32 36
33 36
34 44
35 34
36 27
37 29
38 33
39 34
40 37
41 28
42 29
43 42
44 30
45 29
46 41
47 33
48 32
49 26
50 42
51 33
52 26
53 46
54 31
55 35
56 32
57 32
58 30
59 36
60 38
61 38
62 34
63 30
64 32
65 38
66 46
67 28
68 41
69 41
70 32
71 38
72 35
73 34
74 34
75 27
76 41
77 40
78 36
79 18
80 35
81 36
82 35
83 34
84 32
85 28
86 40
87 28
88 35
89 45
90 33
91 43
92 27
93 28
94 25
95 34
96 37
97 39
98 31
99 37
100 39
101 38
102 32
103 38
104 40
105 28
106 22
107 33
108 30
109 32
110 34
111 32
112 25
113 36
114 31
115 38
116 34
117 36
118 41
119 28
120 42
121 31
122 30
123 38
124 38
125 35
126 37
127 43
128 31
129 28
130 48
131 48
132 35
133 41
134 40
135 46
136 31
137 34
138 30
139 27
140 39
141 36
142 31
143 39
144 27
145 34
146 31
147 32
148 44
149 30
150 34
151 34
152 53
153 39
154 34
155 42
156 32
157 43
158 33
159 30
160 38
161 42
162 51
163 25
164 39
165 33
166 34
167 48
168 36
169 28
170 34
171 47
172 32
173 28
174 33
175 35
176 37
177 28
178 43
179 36
180 32
181 42
182 30
183 45
184 33
185 38
186 28
187 47
188 34
189 43
190 31
191 37
192 42
193 41
194 45
195 30
196 44
197 37
198 33
199 35
200 24
201 37
202 42
203 33
204 39
205 40
206 55
207 36
208 40
209 35
210 37
211 41
212 50
213 54
214 37
215 34
216 38
217 29
218 36
219 28
220 29
221 37
222 36
223 27
224 35
225 54
226 31
227 35
228 27
229 36
230 39
231 39
232 29
233 41
234 38
235 39
236 35
237 54
238 41
239 31
240 32
241 34
242 30
243 27
244 30
245 41
246 31
247 27
248 29
249 43
250 38
251 36
252 36
253 36
254 42
255 27
256 39
257 41
258 26
259 35
260 48
261 39
262 39
263 35
264 44
265 35
266 37
267 47
268 35
269 31
270 44
271 38
272 36
273 32
274 34
275 29
276 35
277 32
278 46
279 30
280 27
281 25
282 27
283 29
284 35
285 37
286 38
287 41
288 40
289 35
290 24
291 29
292 43
293 37
294 36
295 38
296 43
297 28
298 40
299 34
300 40
301 36
302 39
303 33
304 48
305 39
306 35
307 38
308 36
309 38
310 42
311 33
312 34
313 39
314 45
315 43
316 48
317 34
318 48
319 38
320 31
321 37
322 48
323 38
324 38
325 37
326 50
327 33
328 36
329 43
330 35
331 29
332 37
333 38
334 43
335 39
336 44
337 42
338 44
339 35
340 40
341 40
342 35
343 25
344 47
345 33
346 23
347 42
348 41
349 31
350 36
351 37
352 35
353 33
354 42
355 33
356 37
357 49
358 40
359 42
360 21
361 47
362 26
363 35
364 44
365 37
366 28
367 26
368 41
369 37
370 34
371 39
372 52
373 36
374 37
375 50
376 49
377 38
378 45
379 24
380 28
381 38
382 35
383 42
384 40
385 41
386 37
387 44
388 29
389 40
390 35
391 46
392 31
393 31
394 40
395 37
396 30
397 27
398 46
399 53
400 38
401 52
402 46
403 35
404 30
405 40
406 35
407 41
408 43
409 57
410 37
411 46
412 45
413 33
414 37
415 32
416 43
417 44
418 43
419 44
420 42
421 46
422 37
423 35
424 34
425 36
426 41
427 46
428 32
429 41
430 38
431 39
432 49
433 43
434 34
435 39
436 37
437 38
438 30
439 44
440 41
441 47
442 47
443 41
444 36
445 42
446 34
447 53
448 42
449 46
450 35
451 45
452 41
453 41
454 52
455 27
456 30
457 47
458 56
459 38
460 38
461 38
462 29
463 46
464 34
465 37
466 37
467 46
468 39
469 44
470 41
471 42
472 43
473 40
474 35
475 43
476 52
477 31
478 29
479 49
480 43
481 44
482 41
483 28
484 37
485 42
486 36
487 47
488 50
489 48
490 37
491 31
492 41
493 38
494 47
495 53
496 49
497 45
498 52
499 53
500 34
501 43
502 61
503 55
504 48
505 63
506 54
507 62
508 58
509 48
510 61
511 68
512 78
513 82
514 97
515 82
516 75
517 71
518 77
519 78
520 77
521 79
522 107
523 83
524 88
525 90
526 112
527 83
528 79
529 99
530 87
531 57
532 51
533 53
534 40
535 36
536 37
537 42
538 46
539 40
540 50
541 38
542 33
543 43
544 38
545 59
546 45
547 45
548 39
549 43
550 42
551 43
552 37
553 46
554 42
555 44
556 40
557 34
558 41
559 54
560 46
561 41
562 45
563 45
564 45
565 40
566 46
567 47
568 34
569 42
570 42
571 41
572 45
573 35
574 40
575 36
576 37
577 49
578 58
579 38
580 42
581 38
582 41
583 43
584 41
585 36
586 30
587 39
588 40
589 45
590 28
591 44
592 49
593 43
594 40
595 37
596 51
597 44
598 41
599 49
600 45
601 38
602 39
603 33
604 36
605 51
606 38
607 44
608 44
609 45
610 37
611 47
612 45
613 35
614 32
615 46
616 52
617 44
618 55
619 45
620 36
621 38
622 43
623 45
624 44
625 37
626 45
627 34
628 40
629 47
630 36
631 31
632 48
633 55
634 33
635 42
636 31
637 25
638 43
639 50
640 32
641 38
642 28
643 38
644 39
645 45
646 38
647 40
648 53
649 40
650 36
651 47
652 51
653 39
654 48
655 47
656 45
657 42
658 43
659 47
660 43
661 39
662 33
663 39
664 41
665 39
666 48
667 35
668 49
669 35
670 48
671 54
672 49
673 36
674 43
675 34
676 35
677 36
678 45
679 45
680 56
681 39
682 53
683 28
684 40
685 36
686 37
687 39
688 37
689 40
690 51
691 47
692 39
693 44
694 46
695 36
696 39
697 49
698 32
699 32
700 37
701 49
702 42
703 33
704 38
705 50
706 36
707 33
708 34
709 52
710 42
711 31
712 32
713 44
714 48
715 45
716 42
717 46
718 32
719 43
720 44
721 36
722 46
723 41
724 46
725 34
726 34
727 42
728 33
729 39
730 44
731 45
732 48
733 49
734 46
735 52
736 39
737 36
738 55
739 43
740 43
741 41
742 43
743 51
744 38
745 44
746 23
747 49
748 34
749 39
750 25
751 36
752 42
753 45
754 42
755 44
756 40
757 41
758 31
759 33
760 33
761 36
762 44
763 48
764 50
765 35
766 37
767 31
768 34
769 46
770 29
771 41
772 45
773 29
774 28
775 44
776 32
777 36
778 46
779 46
780 39
781 33
782 44
783 46
784 39
785 36
786 32
787 45
788 33
789 32
790 38
791 39
792 46
793 47
794 31
795 39
796 35
797 38
798 33
799 43
800 46
801 50
802 38
803 32
804 38
805 23
806 46
807 38
808 50
809 46
810 37
811 38
812 48
813 30
814 33
815 29
816 41
817 35
818 43
819 34
820 35
821 35
822 57
823 46
824 30
825 39
826 33
827 35
828 28
829 43
830 37
831 40
832 42
833 38
834 33
835 42
836 31
837 41
838 43
839 35
840 45
841 35
842 31
843 40
844 50
845 44
846 24
847 43
848 38
849 42
850 36
851 33
852 37
853 35
854 36
855 36
856 41
857 43
858 42
859 39
860 45
861 34
862 35
863 36
864 35
865 30
866 37
867 28
868 27
869 35
870 40
871 29
872 35
873 39
874 50
875 41
876 29
877 36
878 35
879 34
880 39
881 46
882 40
883 45
884 30
885 34
886 37
887 25
888 32
889 35
890 37
891 32
892 36
893 31
894 33
895 38
896 43
897 22
898 41
899 31
900 44
901 45
902 30
903 38
904 37
905 38
906 42
907 34
908 42
909 46
910 40
911 33
912 36
913 34
914 39
915 42
916 36
917 35
918 25
919 39
920 37
921 47
922 38
923 37
924 29
925 41
926 31
927 33
928 31
929 47
930 29
931 42
932 37
933 51
934 40
935 34
936 37
937 43
938 29
939 31
940 32
941 39
942 36
943 30
944 34
945 41
946 32
947 43
948 32
949 49
950 47
951 28
952 41
953 42
954 37
955 46
956 44
957 33
958 28
959 38
960 40
961 42
962 40
963 35
964 32
965 37
966 46
967 35
968 39
969 38
970 47
971 40
972 39
973 47
974 36
975 39
976 29
977 20
978 32
979 44
980 33
981 30
982 37
983 31
984 36
985 34
986 50
987 26
988 29
989 31
990 42
991 41
992 40
993 35
994 36
995 30
996 39
997 32
998 25
999 38
1000 37
1001 30
1002 36
1003 31
1004 40
1005 28
1006 28
1007 47
1008 33
1009 31
1010 56
1011 56
1012 47
1013 56
1014 44
1015 50
1016 84
1017 76
1018 89
1019 96
1020 92
1021 96
1022 115
1023 137
1024 98
1025 143
1026 164
1027 173
1028 241
1029 301
1030 291
1031 383
1032 477
1033 603
1034 772
1035 766
1036 599
1037 578
1038 606
1039 578
1040 466
1041 407
1042 378
1043 366
1044 284
1045 188
1046 144
1047 88
1048 89
1049 63
1050 56
1051 49
1052 37
1053 39
1054 29
1055 28
1056 36
1057 41
1058 45
1059 44
1060 30
1061 47
1062 29
1063 40
1064 33
1065 41
1066 30
1067 35
1068 38
1069 43
1070 33
1071 43
1072 40
1073 35
1074 33
1075 17
1076 40
1077 45
1078 34
1079 29
1080 40
1081 35
1082 38
1083 36
1084 43
1085 38
1086 25
1087 35
1088 37
1089 30
1090 33
1091 35
1092 33
1093 28
1094 34
1095 45
1096 45
1097 35
1098 29
1099 41
1100 29
1101 40
1102 44
1103 35
1104 33
1105 36
1106 34
1107 39
1108 27
1109 31
1110 32
1111 39
1112 28
1113 34
1114 31
1115 26
1116 27
1117 23
1118 42
1119 29
1120 32
1121 33
1122 45
1123 36
1124 35
1125 33
1126 30
1127 40
1128 34
1129 27
1130 22
1131 39
1132 40
1133 33
1134 33
1135 33
1136 34
1137 41
1138 43
1139 38
1140 31
1141 30
1142 36
1143 32
1144 22
1145 22
1146 35
1147 30
1148 40
1149 52
1150 27
1151 36
1152 42
1153 53
1154 31
1155 61
1156 48
1157 59
1158 52
1159 45
1160 41
1161 47
1162 45
1163 62
1164 60
1165 50
1166 57
1167 60
1168 62
1169 60
1170 75
1171 82
1172 117
1173 86
1174 61
1175 57
1176 48
1177 54
1178 54
1179 47
1180 59
1181 38
1182 34
1183 33
1184 32
1185 30
1186 42
1187 29
1188 48
1189 38
1190 38
1191 32
1192 43
1193 40
1194 35
1195 35
1196 25
1197 37
1198 34
1199 24
1200 39
1201 23
1202 37
1203 36
1204 31
1205 25
1206 48
1207 28
1208 35
1209 46
1210 28
1211 28
1212 35
1213 37
1214 32
1215 34
1216 39
1217 28
1218 40
1219 39
1220 56
1221 30
1222 27
1223 28
1224 25
1225 29
1226 31
1227 30
1228 31
1229 17
1230 39
1231 44
1232 24
1233 29
1234 25
1235 37
1236 37
1237 32
1238 26
1239 25
1240 38
1241 39
1242 32
1243 29
1244 23
1245 37
1246 36
1247 35
1248 31
1249 27
1250 22
1251 29
1252 23
1253 27
1254 30
1255 36
1256 26
1257 37
1258 36
1259 32
1260 25
1261 26
1262 23
1263 44
1264 25
1265 29
1266 31
1267 26
1268 24
1269 24
1270 20
1271 18
1272 25
1273 23
1274 21
1275 14
1276 16
1277 16
1278 15
1279 26
1280 28
1281 27
1282 33
1283 21
1284 17
1285 26
1286 30
1287 23
1288 23
1289 21
1290 27
1291 32
1292 30
1293 35
1294 26
1295 29
1296 26
1297 31
1298 41
1299 32
1300 34
1301 48
1302 46
1303 53
1304 62
1305 80
1306 67
1307 75
1308 94
1309 93
1310 120
1311 109
1312 116
1313 154
1314 194
1315 199
1316 194
1317 193
1318 192
1319 183
1320 226
1321 256
1322 215
1323 175
1324 179
1325 127
1326 125
1327 132
1328 97
1329 80
1330 66
1331 61
1332 70
1333 58
1334 40
1335 31
1336 35
1337 28
1338 22
1339 36
1340 22
1341 28
1342 23
1343 21
1344 25
1345 31
1346 21
1347 26
1348 28
1349 35
1350 27
1351 32
1352 32
1353 32
1354 27
1355 30
1356 25
1357 25
1358 24
1359 21
1360 27
1361 28
1362 23
1363 19
1364 29
1365 31
1366 21
1367 25
1368 26
1369 26
1370 17
1371 32
1372 23
1373 31
1374 19
1375 20
1376 24
1377 20
1378 27
1379 27
1380 25
1381 25
1382 15
1383 19
1384 25
1385 21
1386 19
1387 16
1388 23
1389 14
1390 30
1391 27
1392 25
1393 19
1394 25
1395 23
1396 19
1397 18
1398 18
1399 25
1400 22
1401 30
1402 33
1403 16
1404 25
1405 25
1406 25
1407 30
1408 24
1409 21
1410 20
1411 22
1412 28
1413 30
1414 16
1415 22
1416 25
1417 10
1418 23
1419 23
1420 24
1421 27
1422 20
1423 21
1424 18
1425 32
1426 23
1427 23
1428 19
1429 27
1430 28
1431 22
1432 19
1433 24
1434 30
1435 22
1436 19
1437 24
1438 22
1439 23
1440 41
1441 23
1442 20
1443 21
1444 22
1445 31
1446 23
1447 25
1448 29
1449 29
1450 22
1451 30
1452 17
1453 35
1454 12
1455 17
1456 29
1457 26
1458 26
1459 30
1460 15
1461 24
1462 26
1463 21
1464 23
1465 23
1466 27
1467 26
1468 23
1469 29
1470 23
1471 17
1472 24
1473 27
1474 18
1475 28
1476 30
1477 22
1478 26
1479 22
1480 21
1481 25
1482 30
1483 28
1484 21
1485 20
1486 19
1487 19
1488 19
1489 19
1490 21
1491 17
1492 18
1493 23
1494 15
1495 22
1496 21
1497 22
1498 26
1499 21
1500 18
1501 30
1502 22
1503 23
1504 30
1505 19
1506 24
1507 28
1508 25
1509 23
1510 30
1511 17
1512 18
1513 22
1514 18
1515 14
1516 21
1517 23
1518 18
1519 17
1520 23
1521 17
1522 19
1523 20
1524 15
1525 18
1526 12
1527 20
1528 16
1529 23
1530 19
1531 17
1532 22
1533 19
1534 14
1535 19
1536 22
1537 14
1538 21
1539 28
1540 16
1541 22
1542 27
1543 23
1544 17
1545 9
1546 22
1547 23
1548 15
1549 15
1550 17
1551 15
1552 21
1553 24
1554 25
1555 17
1556 23
1557 18
1558 16
1559 16
1560 25
1561 25
1562 19
1563 19
1564 9
1565 17
1566 17
1567 24
1568 25
1569 20
1570 16
1571 12
1572 15
1573 17
1574 20
1575 19
1576 11
1577 18
1578 9
1579 24
1580 21
1581 14
1582 22
1583 19
1584 17
1585 27
1586 22
1587 21
1588 19
1589 21
1590 27
1591 28
1592 27
1593 15
1594 19
1595 19
1596 26
1597 23
1598 17
1599 19
1600 23
1601 17
1602 17
1603 22
1604 15
1605 19
1606 22
1607 23
1608 15
1609 19
1610 19
1611 13
1612 20
1613 18
1614 19
1615 24
1616 13
1617 20
1618 17
1619 27
1620 20
1621 21
1622 16
1623 15
1624 16
1625 29
1626 17
1627 18
1628 29
1629 22
1630 21
1631 21
1632 16
1633 17
1634 26
1635 13
1636 16
1637 19
1638 19
1639 20
1640 16
1641 25
1642 18
1643 23
1644 21
1645 20
1646 20
1647 22
1648 14
1649 15
1650 12
1651 11
1652 27
1653 19
1654 20
1655 21
1656 15
1657 16
1658 23
1659 25
1660 18
1661 26
1662 20
1663 21
1664 34
1665 13
1666 19
1667 10
1668 21
1669 16
1670 22
1671 22
1672 27
1673 25
1674 22
1675 22
1676 17
1677 17
1678 25
1679 11
1680 19
1681 14
1682 20
1683 20
1684 15
1685 15
1686 18
1687 14
1688 18
1689 25
1690 15
1691 23
1692 22
1693 15
1694 19
1695 23
1696 23
1697 15
1698 25
1699 17
1700 28
1701 15
1702 21
1703 25
1704 15
1705 22
1706 18
1707 22
1708 19
1709 17
1710 15
1711 27
1712 20
1713 14
1714 13
1715 14
1716 22
1717 20
1718 25
1719 24
1720 21
1721 12
1722 36
1723 23
1724 29
1725 21
1726 23
1727 14
1728 26
1729 19
1730 27
1731 17
1732 21
1733 26
1734 19
1735 23
1736 12
1737 23
1738 18
1739 21
1740 18
1741 16
1742 24
1743 20
1744 26
1745 13
1746 18
1747 15
1748 12
1749 16
1750 19
1751 15
1752 21
1753 25
1754 25
1755 28
1756 17
1757 43
1758 35
1759 28
1760 25
1761 27
1762 39
1763 50
1764 55
1765 53
1766 45
1767 62
1768 64
1769 61
1770 90
1771 102
1772 116
1773 99
1774 93
1775 88
1776 128
1777 140
1778 117
1779 168
1780 142
1781 102
1782 119
1783 167
1784 138
1785 123
1786 84
1787 65
1788 46
1789 50
1790 57
1791 25
1792 21
1793 30
1794 26
1795 21
1796 28
1797 16
1798 23
1799 16
1800 22
1801 15
1802 24
1803 26
1804 18
1805 13
1806 19
1807 25
1808 17
1809 23
1810 17
1811 14
1812 16
1813 13
1814 14
1815 16
1816 23
1817 18
1818 18
1819 18
1820 17
1821 21
1822 16
1823 10
1824 19
1825 23
1826 20
1827 21
1828 21
1829 13
1830 19
1831 18
1832 19
1833 15
1834 14
1835 14
1836 13
1837 18
1838 15
1839 17
1840 11
1841 10
1842 19
1843 24
1844 25
1845 16
1846 16
1847 18
1848 23
1849 19
1850 15
1851 16
1852 16
1853 18
1854 19
1855 14
1856 19
1857 19
1858 20
1859 25
1860 16
1861 24
1862 15
1863 18
1864 16
1865 18
1866 17
1867 11
1868 18
1869 22
1870 21
1871 14
1872 15
1873 16
1874 14
1875 25
1876 25
1877 24
1878 21
1879 11
1880 15
1881 20
1882 14
1883 18
1884 13
1885 20
1886 21
1887 17
1888 18
1889 10
1890 31
1891 16
1892 16
1893 19
1894 27
1895 16
1896 11
1897 21
1898 17
1899 15
1900 19
1901 18
1902 17
1903 25
1904 10
1905 18
1906 22
1907 17
1908 20
1909 18
1910 21
1911 17
1912 16
1913 16
1914 24
1915 15
1916 18
1917 17
1918 15
1919 25
1920 26
1921 10
1922 19
1923 27
1924 15
1925 24
1926 24
1927 21
1928 20
1929 23
1930 19
1931 15
1932 26
1933 22
1934 16
1935 16
1936 11
1937 14
1938 25
1939 26
1940 18
1941 12
1942 23
1943 18
1944 27
1945 18
1946 21
1947 16
1948 21
1949 20
1950 25
1951 15
1952 20
1953 21
1954 22
1955 21
1956 19
1957 9
1958 16
1959 16
1960 20
1961 20
1962 24
1963 17
1964 13
1965 9
1966 17
1967 18
1968 19
1969 21
1970 16
1971 15
1972 22
1973 16
1974 17
1975 20
1976 16
1977 22
1978 23
1979 23
1980 15
1981 14
1982 14
1983 23
1984 13
1985 14
1986 24
1987 23
1988 17
1989 25
1990 24
1991 20
1992 13
1993 25
1994 24
1995 26
1996 20
1997 17
1998 24
1999 20
2000 27
2001 30
2002 29
2003 33
2004 36
2005 33
2006 44
2007 67
2008 65
2009 61
2010 79
2011 91
2012 65
2013 67
2014 115
2015 135
2016 149
2017 118
2018 142
2019 152
2020 165
2021 248
2022 277
2023 297
2024 312
2025 374
2026 349
2027 374
2028 356
2029 310
2030 340
2031 354
2032 327
2033 294
2034 245
2035 292
2036 295
2037 276
2038 259
2039 237
2040 222
2041 189
2042 134
2043 136
2044 122
2045 91
2046 72
2047 75
2048 58
2049 43
2050 58
2051 42
2052 34
2053 45
2054 34
2055 28
2056 28
2057 30
2058 35
2059 15
2060 24
2061 25
2062 21
2063 13
2064 19
2065 24
2066 19
2067 11
2068 22
2069 16
2070 19
2071 23
2072 10
2073 19
2074 17
2075 17
2076 19
2077 23
2078 16
2079 19
2080 19
2081 11
2082 14
2083 15
2084 20
2085 24
2086 20
2087 14
2088 17
2089 23
2090 15
2091 16
2092 17
2093 12
2094 13
2095 19
2096 13
2097 15
2098 18
2099 14
2100 15
2101 24
2102 15
2103 16
2104 10
2105 18
2106 17
2107 17
2108 21
2109 17
2110 16
2111 20
2112 20
2113 12
2114 17
2115 11
2116 21
2117 15
2118 20
2119 20
2120 10
2121 23
2122 19
2123 16
2124 12
2125 16
2126 24
2127 17
2128 13
2129 14
2130 23
2131 19
2132 13
2133 11
2134 15
2135 16
2136 22
2137 13
2138 18
2139 20
2140 15
2141 19
2142 13
2143 13
2144 27
2145 17
2146 17
2147 13
2148 20
2149 17
2150 26
2151 25
2152 19
2153 18
2154 20
2155 15
2156 22
2157 22
2158 9
2159 21
2160 24
2161 16
2162 15
2163 16
2164 16
2165 16
2166 10
2167 15
2168 19
2169 18
2170 12
2171 15
2172 15
2173 13
2174 19
2175 11
2176 12
2177 14
2178 13
2179 16
2180 19
2181 13
2182 13
2183 15
2184 17
2185 14
2186 10
2187 17
2188 13
2189 17
2190 18
2191 14
2192 14
2193 20
2194 14
2195 15
2196 13
2197 12
2198 18
2199 20
2200 15
2201 12
2202 10
2203 15
2204 18
2205 23
2206 23
2207 20
2208 28
2209 20
2210 34
2211 35
2212 36
2213 35
2214 39
2215 37
2216 58
2217 64
2218 46
2219 45
2220 61
2221 71
2222 82
2223 73
2224 66
2225 88
2226 98
2227 98
2228 72
2229 61
2230 98
2231 106
2232 100
2233 111
2234 111
2235 92
2236 96
2237 73
2238 78
2239 48
2240 46
2241 57
2242 30
2243 42
2244 47
2245 44
2246 42
2247 24
2248 27
2249 22
2250 18
2251 18
2252 19
2253 17
2254 17
2255 14
2256 16
2257 18
2258 20
2259 16
2260 8
2261 28
2262 17
2263 10
2264 11
2265 22
2266 17
2267 14
2268 13
2269 13
2270 16
2271 13
2272 10
2273 14
2274 17
2275 13
2276 13
2277 12
2278 21
2279 14
2280 10
2281 14
2282 14
2283 17
2284 10
2285 13
2286 13
2287 9
2288 9
2289 13
2290 16
2291 14
2292 16
2293 15
2294 19
2295 14
2296 9
2297 19
2298 13
2299 17
2300 17
2301 11
2302 12
2303 14
2304 15
2305 11
2306 13
2307 11
2308 9
2309 16
2310 16
2311 21
2312 10
2313 13
2314 12
2315 14
2316 10
2317 19
2318 14
2319 14
2320 18
2321 10
2322 16
2323 14
2324 17
2325 21
2326 22
2327 17
2328 10
2329 13
2330 14
2331 14
2332 14
2333 14
2334 12
2335 11
2336 14
2337 17
2338 8
2339 9
2340 17
2341 13
2342 15
2343 13
2344 17
2345 15
2346 12
2347 18
2348 10
2349 10
2350 12
2351 14
2352 18
2353 13
2354 8
2355 10
2356 15
2357 9
2358 18
2359 20
2360 11
2361 8
2362 10
2363 12
2364 9
2365 9
2366 14
2367 16
2368 8
2369 13
2370 10
2371 11
2372 10
2373 15
2374 15
2375 13
2376 7
2377 12
2378 14
2379 13
2380 13
2381 15
2382 9
2383 16
2384 12
2385 10
2386 11
2387 12
2388 13
2389 15
2390 14
2391 13
2392 20
2393 14
2394 12
2395 21
2396 9
2397 12
2398 17
2399 12
2400 22
2401 12
2402 10
2403 13
2404 7
2405 14
2406 10
2407 13
2408 16
2409 19
2410 13
2411 12
2412 14
2413 10
2414 8
2415 10
2416 13
2417 9
2418 9
2419 14
2420 13
2421 14
2422 11
2423 8
2424 10
2425 7
2426 13
2427 14
2428 11
2429 8
2430 11
2431 12
2432 16
2433 7
2434 8
2435 15
2436 4
2437 11
2438 17
2439 11
2440 20
2441 9
2442 14
2443 8
2444 14
2445 17
2446 11
2447 8
2448 11
2449 17
2450 13
2451 9
2452 8
2453 13
2454 9
2455 9
2456 16
2457 12
2458 15
2459 17
2460 12
2461 6
2462 12
2463 21
2464 12
2465 13
2466 12
2467 12
2468 13
2469 15
2470 14
2471 18
2472 11
2473 10
2474 14
2475 21
2476 12
2477 15
2478 15
2479 11
2480 12
2481 19
2482 15
2483 17
2484 13
2485 6
2486 15
2487 16
2488 13
2489 12
2490 10
2491 19
2492 11
2493 17
2494 19
2495 14
2496 17
2497 13
2498 23
2499 18
2500 31
2501 18
2502 19
2503 14
2504 22
2505 35
2506 37
2507 37
2508 41
2509 49
2510 56
2511 58
2512 58
2513 66
2514 67
2515 65
2516 61
2517 54
2518 52
2519 50
2520 45
2521 40
2522 47
2523 37
2524 35
2525 44
2526 60
2527 69
2528 43
2529 42
2530 36
2531 51
2532 41
2533 49
2534 37
2535 34
2536 34
2537 36
2538 25
2539 15
2540 21
2541 11
2542 14
2543 12
2544 18
2545 16
2546 27
2547 13
2548 20
2549 13
2550 14
2551 19
2552 15
2553 14
2554 9
2555 13
2556 14
2557 12
2558 11
2559 15
