0 43
1 38
2 29
3 40
4 33
5 28
6 27
7 32
8 33
9 31
10 41
11 41
12 38
13 41
14 27
15 35
16 35
17 25
18 41
19 39
20 37
21 41
22 41
23 51
24 33
25 39
26 32
27 42
28 32
29 27
30 26
31 32
32 45
33 41
34 41
35 43
36 42
37 37
38 32
39 50
40 29
41 47
42 37
43 42
44 45
45 44
46 37
47 40
48 40
49 30
50 46
51 35
52 41
53 35
54 38
55 30
56 34
57 44
58 32
59 43
60 32
61 47
62 34
63 34
64 34
65 40
66 49
67 34
68 35
69 48
70 35
71 22
72 36
73 45
74 42
75 44
76 38
77 30
78 38
79 43
80 46
81 27
82 45
83 46
84 43
85 42
86 21
87 42
88 39
89 50
90 41
91 34
92 42
93 41
94 46
95 49
96 45
97 43
98 45
99 39
100 25
101 41
102 32
103 37
104 37
105 52
106 42
107 40
108 32
109 44
110 34
111 45
112 49
113 41
114 34
115 33
116 40
117 45
118 35
119 34
120 37
121 42
122 48
123 46
124 51
125 43
126 41
127 39
128 36
129 44
130 50
131 47
132 42
133 41
134 31
135 44
136 58
137 47
138 48
139 45
140 30
141 43
142 47
143 32
144 39
145 37
146 37
147 42
148 46
149 45
150 33
151 50
152 43
153 36
154 42
155 51
156 43
157 50
158 33
159 43
160 41
161 32
162 36
163 38
164 54
165 44
166 42
167 53
168 26
169 43
170 39
171 31
172 37
173 32
174 31
175 26
176 45
177 35
178 43
179 38
180 38
181 45
182 35
183 50
184 32
185 45
186 36
187 35
188 47
189 30
190 46
191 42
192 37
193 55
194 27
195 44
196 47
197 31
198 48
199 39
200 30
201 43
202 49
203 43
204 43
205 52
206 54
207 44
208 38
209 35
210 43
211 40
212 45
213 43
214 33
215 38
216 25
217 48
218 54
219 39
220 35
221 36
222 34
223 43
224 51
225 41
226 48
227 37
228 30
229 41
230 50
231 33
232 48
233 45
234 37
235 34
236 39
237 31
238 51
239 48
240 43
241 39
242 45
243 43
244 29
245 37
246 38
247 44
248 33
249 51
250 42
251 47
252 49
253 38
254 45
255 52
256 34
257 39
258 38
259 49
260 52
261 48
262 46
263 41
264 45
265 50
266 39
267 35
268 41
269 33
270 44
271 42
272 37
273 38
274 43
275 45
276 47
277 42
278 34
279 40
280 40
281 33
282 45
283 41
284 38
285 32
286 39
287 41
288 54
289 50
290 40
291 31
292 39
293 48
294 47
295 59
296 35
297 50
298 38
299 42
300 39
301 46
302 36
303 35
304 40
305 47
306 37
307 46
308 40
309 49
310 45
311 45
312 54
313 38
314 42
315 39
316 44
317 49
318 36
319 34
320 44
321 38
322 40
323 33
324 40
325 31
326 34
327 38
328 35
329 40
330 43
331 55
332 45
333 45
334 38
335 48
336 33
337 36
338 37
339 46
340 44
341 30
342 48
343 39
344 39
345 45
346 32
347 51
348 48
349 42
350 39
351 31
352 42
353 40
354 52
355 43
356 48
357 43
358 44
359 34
360 45
361 40
362 42
363 38
364 37
365 44
366 52
367 38
368 44
369 42
370 34
371 36
372 40
373 37
374 47
375 42
376 36
377 53
378 40
379 46
380 45
381 37
382 45
383 44
384 36
385 39
386 44
387 50
388 40
389 42
390 55
391 38
392 53
393 43
394 42
395 45
396 45
397 47
398 48
399 47
400 27
401 36
402 48
403 49
404 33
405 55
406 41
407 47
408 36
409 47
410 33
411 44
412 33
413 46
414 37
415 42
416 34
417 56
418 49
419 51
420 40
421 46
422 44
423 31
424 37
425 34
426 37
427 46
428 37
429 44
430 47
431 40
432 38
433 57
434 49
435 33
436 44
437 47
438 44
439 39
440 50
441 50
442 39
443 43
444 27
445 43
446 45
447 36
448 42
449 33
450 36
451 39
452 43
453 47
454 54
455 46
456 44
457 50
458 42
459 53
460 52
461 54
462 50
463 43
464 55
465 51
466 63
467 58
468 42
469 56
470 54
471 56
472 55
473 70
474 74
475 76
476 94
477 65
478 75
479 67
480 62
481 97
482 85
483 83
484 130
485 147
486 143
487 125
488 101
489 97
490 104
491 88
492 88
493 109
494 106
495 122
496 98
497 108
498 104
499 114
500 102
501 93
502 84
503 68
504 58
505 63
506 46
507 31
508 34
509 41
510 44
511 31
512 42
513 46
514 44
515 48
516 39
517 41
518 49
519 41
520 52
521 34
522 47
523 42
524 37
525 47
526 40
527 51
528 50
529 46
530 38
531 47
532 36
533 41
534 53
535 50
536 39
537 41
538 33
539 39
540 46
541 41
542 47
543 43
544 39
545 52
546 27
547 57
548 38
549 39
550 49
551 40
552 62
553 39
554 47
555 42
556 60
557 42
558 45
559 33
560 41
561 45
562 54
563 56
564 42
565 45
566 49
567 48
568 57
569 57
570 46
571 37
572 37
573 31
574 51
575 36
576 52
577 57
578 53
579 23
580 44
581 41
582 41
583 50
584 38
585 42
586 38
587 50
588 38
589 38
590 38
591 43
592 36
593 44
594 40
595 34
596 46
597 44
598 51
599 34
600 47
601 49
602 44
603 46
604 44
605 50
606 52
607 49
608 43
609 55
610 49
611 33
612 46
613 47
614 52
615 40
616 46
617 43
618 40
619 40
620 48
621 37
622 46
623 34
624 40
625 43
626 57
627 56
628 44
629 53
630 42
631 33
632 47
633 37
634 49
635 37
636 47
637 40
638 46
639 59
640 60
641 51
642 44
643 30
644 46
645 42
646 35
647 27
648 41
649 60
650 51
651 52
652 42
653 44
654 44
655 45
656 46
657 37
658 34
659 45
660 55
661 37
662 47
663 38
664 37
665 45
666 38
667 40
668 40
669 31
670 42
671 40
672 42
673 41
674 44
675 39
676 38
677 44
678 44
679 49
680 52
681 37
682 46
683 54
684 38
685 36
686 37
687 38
688 61
689 55
690 44
691 34
692 36
693 53
694 38
695 38
696 38
697 41
698 39
699 34
700 38
701 55
702 49
703 37
704 43
705 38
706 55
707 47
708 47
709 36
710 41
711 39
712 33
713 45
714 41
715 30
716 34
717 43
718 54
719 52
720 53
721 46
722 42
723 44
724 40
725 40
726 48
727 38
728 46
729 50
730 40
731 40
732 55
733 37
734 42
735 42
736 44
737 44
738 38
739 35
740 50
741 49
742 50
743 42
744 33
745 38
746 35
747 35
748 37
749 38
750 41
751 44
752 41
753 46
754 34
755 38
756 30
757 40
758 47
759 41
760 50
761 38
762 37
763 45
764 51
765 38
766 44
767 46
768 51
769 47
770 43
771 40
772 35
773 42
774 44
775 32
776 46
777 35
778 31
779 38
780 36
781 42
782 55
783 51
784 39
785 30
786 44
787 32
788 54
789 53
790 48
791 38
792 37
793 48
794 51
795 41
796 48
797 36
798 39
799 45
800 38
801 39
802 40
803 43
804 37
805 39
806 49
807 39
808 38
809 37
810 43
811 63
812 40
813 46
814 39
815 44
816 28
817 39
818 44
819 42
820 45
821 33
822 29
823 47
824 55
825 43
826 42
827 46
828 39
829 38
830 38
831 37
832 28
833 31
834 34
835 49
836 32
837 42
838 34
839 49
840 39
841 31
842 32
843 47
844 35
845 30
846 43
847 45
848 46
849 38
850 47
851 44
852 34
853 31
854 28
855 53
856 53
857 44
858 39
859 37
860 44
861 37
862 39
863 38
864 41
865 41
866 49
867 42
868 38
869 47
870 43
871 47
872 41
873 38
874 25
875 36
876 33
877 38
878 36
879 37
880 36
881 48
882 32
883 32
884 42
885 45
886 39
887 30
888 35
889 35
890 42
891 38
892 42
893 40
894 45
895 37
896 47
897 31
898 42
899 30
900 45
901 34
902 35
903 36
904 46
905 40
906 34
907 31
908 36
909 31
910 37
911 32
912 41
913 25
914 38
915 37
916 42
917 42
918 40
919 41
920 32
921 37
922 41
923 28
924 37
925 33
926 34
927 41
928 37
929 39
930 37
931 28
932 40
933 29
934 33
935 36
936 37
937 33
938 39
939 26
940 32
941 33
942 29
943 36
944 36
945 44
946 40
947 48
948 39
949 38
950 42
951 48
952 41
953 48
954 40
955 31
956 45
957 34
958 43
959 40
960 43
961 36
962 37
963 35
964 28
965 40
966 44
967 39
968 29
969 50
970 34
971 43
972 44
973 56
974 54
975 55
976 69
977 62
978 80
979 97
980 88
981 107
982 92
983 123
984 98
985 95
986 138
987 160
988 184
989 210
990 225
991 215
992 273
993 263
994 265
995 327
996 354
997 342
998 335
999 390
1000 429
1001 422
1002 433
1003 433
1004 376
1005 333
1006 290
1007 227
1008 227
1009 151
1010 165
1011 137
1012 86
1013 72
1014 76
1015 34
1016 53
1017 55
1018 51
1019 29
1020 43
1021 49
1022 38
1023 41
1024 44
1025 43
1026 37
1027 46
1028 37
1029 37
1030 41
1031 39
1032 40
1033 43
1034 45
1035 40
1036 45
1037 31
1038 45
1039 51
1040 41
1041 30
1042 36
1043 44
1044 38
1045 35
1046 43
1047 39
1048 48
1049 39
1050 46
1051 24
1052 40
1053 49
1054 35
1055 39
1056 32
1057 39
1058 28
1059 34
1060 32
1061 37
1062 31
1063 43
1064 40
1065 42
1066 38
1067 35
1068 42
1069 44
1070 33
1071 40
1072 38
1073 42
1074 31
1075 42
1076 39
1077 43
1078 29
1079 36
1080 47
1081 43
1082 29
1083 36
1084 39
1085 34
1086 31
1087 44
1088 41
1089 32
1090 39
1091 37
1092 34
1093 41
1094 22
1095 32
1096 36
1097 36
1098 37
1099 40
1100 36
1101 32
1102 33
1103 33
1104 38
1105 39
1106 35
1107 40
1108 22
1109 37
1110 44
1111 35
1112 35
1113 52
1114 41
1115 30
1116 43
1117 40
1118 37
1119 37
1120 44
1121 53
1122 64
1123 50
1124 43
1125 53
1126 42
1127 63
1128 60
1129 35
1130 52
1131 54
1132 59
1133 38
1134 46
1135 50
1136 55
1137 35
1138 46
1139 33
1140 40
1141 48
1142 53
1143 45
1144 35
1145 36
1146 44
1147 39
1148 42
1149 41
1150 28
1151 31
1152 28
1153 39
1154 36
1155 32
1156 27
1157 39
1158 37
1159 45
1160 30
1161 33
1162 40
1163 35
1164 21
1165 29
1166 41
1167 35
1168 44
1169 29
1170 22
1171 36
1172 35
1173 31
1174 45
1175 36
1176 44
1177 48
1178 37
1179 32
1180 31
1181 30
1182 32
1183 31
1184 23
1185 39
1186 24
1187 34
1188 41
1189 41
1190 36
1191 40
1192 26
1193 35
1194 33
1195 37
1196 32
1197 31
1198 21
1199 29
1200 33
1201 36
1202 39
1203 34
1204 32
1205 33
1206 39
1207 22
1208 33
1209 31
1210 27
1211 39
1212 35
1213 22
1214 28
1215 32
1216 26
1217 27
1218 39
1219 27
1220 24
1221 24
1222 36
1223 31
1224 27
1225 45
1226 32
1227 39
1228 34
1229 28
1230 31
1231 31
1232 19
1233 23
1234 34
1235 37
1236 36
1237 33
1238 27
1239 32
1240 36
1241 37
1242 35
1243 42
1244 36
1245 40
1246 29
1247 34
1248 38
1249 26
1250 26
1251 33
1252 27
1253 29
1254 31
1255 34
1256 26
1257 32
1258 32
1259 33
1260 26
1261 29
1262 34
1263 23
1264 31
1265 29
1266 20
1267 27
1268 25
1269 26
1270 29
1271 36
1272 27
1273 19
1274 22
1275 30
1276 24
1277 15
1278 22
1279 43
1280 290
1281 264
1282 177
1283 170
1284 161
1285 134
1286 99
1287 90
1288 93
1289 68
1290 56
1291 36
1292 43
1293 37
1294 37
1295 33
1296 36
1297 29
1298 39
1299 27
1300 31
1301 23
1302 25
1303 21
1304 26
1305 34
1306 34
1307 22
1308 17
1309 31
1310 24
1311 27
1312 27
1313 17
1314 22
1315 18
1316 37
1317 25
1318 28
1319 22
1320 32
1321 29
1322 30
1323 22
1324 21
1325 23
1326 19
1327 20
1328 30
1329 31
1330 19
1331 21
1332 26
1333 22
1334 28
1335 24
1336 33
1337 22
1338 26
1339 27
1340 25
1341 31
1342 33
1343 27
1344 13
1345 32
1346 28
1347 23
1348 33
1349 21
1350 22
1351 19
1352 26
1353 20
1354 25
1355 31
1356 27
1357 28
1358 22
1359 22
1360 21
1361 18
1362 28
1363 30
1364 27
1365 27
1366 25
1367 25
1368 29
1369 31
1370 25
1371 20
1372 12
1373 24
1374 20
1375 22
1376 23
1377 25
1378 25
1379 28
1380 21
1381 18
1382 24
1383 24
1384 28
1385 28
1386 21
1387 30
1388 21
1389 20
1390 30
1391 31
1392 26
1393 21
1394 27
1395 20
1396 30
1397 26
1398 23
1399 24
1400 24
1401 26
1402 39
1403 20
1404 30
1405 12
1406 20
1407 21
1408 26
1409 33
1410 23
1411 35
1412 19
1413 29
1414 26
1415 27
1416 28
1417 23
1418 27
1419 23
1420 20
1421 27
1422 22
1423 27
1424 15
1425 21
1426 16
1427 24
1428 29
1429 23
1430 26
1431 21
1432 23
1433 26
1434 28
1435 26
1436 22
1437 14
1438 24
1439 19
1440 25
1441 15
1442 21
1443 24
1444 21
1445 22
1446 20
1447 26
1448 21
1449 23
1450 20
1451 29
1452 21
1453 20
1454 25
1455 20
1456 32
1457 10
1458 20
1459 24
1460 26
1461 19
1462 25
1463 31
1464 23
1465 25
1466 29
1467 24
1468 25
1469 29
1470 18
1471 26
1472 24
1473 24
1474 26
1475 24
1476 24
1477 20
1478 19
1479 21
1480 22
1481 15
1482 18
1483 19
1484 26
1485 21
1486 26
1487 29
1488 20
1489 25
1490 24
1491 26
1492 19
1493 23
1494 13
1495 21
1496 22
1497 24
1498 18
1499 16
1500 24
1501 21
1502 23
1503 28
1504 21
1505 23
1506 21
1507 24
1508 25
1509 25
1510 28
1511 22
1512 21
1513 20
1514 34
1515 20
1516 18
1517 18
1518 22
1519 20
1520 23
1521 28
1522 25
1523 25
1524 21
1525 27
1526 21
1527 20
1528 16
1529 21
1530 18
1531 20
1532 22
1533 30
1534 19
1535 28
1536 25
1537 29
1538 21
1539 16
1540 19
1541 18
1542 27
1543 20
1544 21
1545 18
1546 19
1547 24
1548 15
1549 19
1550 17
1551 19
1552 24
1553 11
1554 21
1555 22
1556 15
1557 16
1558 26
1559 20
1560 17
1561 18
1562 24
1563 26
1564 30
1565 21
1566 25
1567 26
1568 26
1569 19
1570 16
1571 11
1572 22
1573 12
1574 30
1575 26
1576 20
1577 22
1578 20
1579 21
1580 20
1581 31
1582 18
1583 17
1584 14
1585 25
1586 27
1587 22
1588 27
1589 14
1590 26
1591 24
1592 15
1593 17
1594 20
1595 19
1596 15
1597 19
1598 24
1599 21
1600 24
1601 16
1602 20
1603 13
1604 22
1605 17
1606 20
1607 17
1608 30
1609 17
1610 20
1611 30
1612 15
1613 14
1614 20
1615 16
1616 22
1617 24
1618 17
1619 12
1620 19
1621 19
1622 17
1623 28
1624 18
1625 18
1626 20
1627 23
1628 27
1629 16
1630 18
1631 20
1632 25
1633 18
1634 16
1635 22
1636 24
1637 23
1638 22
1639 24
1640 23
1641 13
1642 18
1643 21
1644 19
1645 20
1646 24
1647 21
1648 22
1649 24
1650 18
1651 21
1652 20
1653 18
1654 13
1655 18
1656 22
1657 14
1658 16
1659 27
1660 25
1661 25
1662 18
1663 23
1664 22
1665 28
1666 16
1667 32
1668 26
1669 26
1670 21
1671 28
1672 25
1673 21
1674 21
1675 20
1676 17
1677 14
1678 22
1679 24
1680 23
1681 17
1682 29
1683 15
1684 29
1685 20
1686 21
1687 17
1688 22
1689 17
1690 19
1691 21
1692 16
1693 18
1694 17
1695 28
1696 27
1697 23
1698 18
1699 22
1700 22
1701 22
1702 32
1703 26
1704 31
1705 28
1706 30
1707 35
1708 48
1709 47
1710 47
1711 33
1712 37
1713 45
1714 77
1715 84
1716 71
1717 77
1718 77
1719 83
1720 111
1721 148
1722 128
1723 101
1724 86
1725 111
1726 109
1727 93
1728 91
1729 108
1730 121
1731 107
1732 149
1733 166
1734 128
1735 97
1736 77
1737 64
1738 68
1739 46
1740 33
1741 33
1742 31
1743 44
1744 31
1745 35
1746 30
1747 30
1748 23
1749 18
1750 23
1751 22
1752 21
1753 22
1754 19
1755 27
1756 23
1757 22
1758 24
1759 12
1760 19
1761 24
1762 14
1763 22
1764 18
1765 26
1766 25
1767 16
1768 19
1769 18
1770 23
1771 20
1772 16
1773 16
1774 14
1775 17
1776 20
1777 18
1778 23
1779 15
1780 23
1781 16
1782 18
1783 17
1784 10
1785 18
1786 19
1787 29
1788 17
1789 23
1790 23
1791 21
1792 27
1793 19
1794 18
1795 13
1796 16
1797 9
1798 19
1799 13
1800 25
1801 21
1802 16
1803 20
1804 12
1805 17
1806 16
1807 18
1808 16
1809 12
1810 11
1811 31
1812 22
1813 19
1814 16
1815 18
1816 16
1817 15
1818 17
1819 21
1820 17
1821 15
1822 7
1823 18
1824 19
1825 18
1826 20
1827 16
1828 22
1829 24
1830 22
1831 14
1832 17
1833 20
1834 14
1835 19
1836 15
1837 19
1838 28
1839 21
1840 21
1841 18
1842 32
1843 26
1844 9
1845 24
1846 18
1847 13
1848 17
1849 17
1850 17
1851 14
1852 16
1853 21
1854 25
1855 21
1856 16
1857 11
1858 12
1859 27
1860 22
1861 15
1862 18
1863 11
1864 13
1865 12
1866 17
1867 14
1868 14
1869 22
1870 17
1871 18
1872 17
1873 17
1874 19
1875 21
1876 20
1877 15
1878 22
1879 20
1880 25
1881 23
1882 19
1883 16
1884 16
1885 15
1886 20
1887 17
1888 12
1889 18
1890 15
1891 20
1892 18
1893 17
1894 19
1895 9
1896 21
1897 20
1898 27
1899 15
1900 17
1901 14
1902 21
1903 14
1904 18
1905 20
1906 15
1907 21
1908 29
1909 19
1910 18
1911 16
1912 18
1913 20
1914 20
1915 25
1916 21
1917 12
1918 20
1919 18
1920 22
1921 23
1922 21
1923 20
1924 27
1925 17
1926 20
1927 17
1928 18
1929 22
1930 26
1931 19
1932 30
1933 16
1934 29
1935 18
1936 15
1937 17
1938 20
1939 24
1940 25
1941 16
1942 32
1943 24
1944 34
1945 22
1946 26
1947 30
1948 37
1949 33
1950 42
1951 43
1952 56
1953 51
1954 49
1955 79
1956 75
1957 68
1958 104
1959 106
1960 119
1961 129
1962 149
1963 152
1964 188
1965 228
1966 210
1967 235
1968 246
1969 253
1970 306
1971 413
1972 421
1973 464
1974 391
1975 391
1976 404
1977 349
1978 351
1979 375
1980 382
1981 376
1982 346
1983 348
1984 286
1985 272
1986 226
1987 220
1988 173
1989 124
1990 117
1991 142
1992 103
1993 98
1994 57
1995 55
1996 32
1997 38
1998 60
1999 45
2000 39
2001 31
2002 34
2003 15
2004 19
2005 20
2006 16
2007 17
2008 22
2009 21
2010 13
2011 19
2012 20
2013 16
2014 24
2015 23
2016 22
2017 14
2018 19
2019 18
2020 25
2021 21
2022 17
2023 8
2024 19
2025 21
2026 14
2027 17
2028 18
2029 26
2030 15
2031 18
2032 22
2033 15
2034 22
2035 16
2036 19
2037 20
2038 10
2039 17
2040 18
2041 15
2042 13
2043 11
2044 20
2045 15
2046 21
2047 21
2048 14
2049 16
2050 11
2051 21
2052 18
2053 14
2054 15
2055 20
2056 16
2057 16
2058 13
2059 18
2060 13
2061 15
2062 13
2063 19
2064 17
2065 18
2066 9
2067 11
2068 13
2069 18
2070 23
2071 14
2072 11
2073 25
2074 14
2075 23
2076 19
2077 21
2078 17
2079 19
2080 15
2081 21
2082 23
2083 21
2084 15
2085 11
2086 18
2087 20
2088 16
2089 19
2090 21
2091 18
2092 13
2093 19
2094 15
2095 19
2096 19
2097 16
2098 15
2099 14
2100 12
2101 14
2102 21
2103 21
2104 19
2105 19
2106 17
2107 16
2108 9
2109 13
2110 16
2111 18
2112 16
2113 11
2114 15
2115 20
2116 18
2117 21
2118 21
2119 20
2120 14
2121 21
2122 11
2123 10
2124 19
2125 17
2126 19
2127 18
2128 14
2129 12
2130 15
2131 9
2132 15
2133 13
2134 11
2135 11
2136 16
2137 16
2138 17
2139 15
2140 13
2141 21
2142 14
2143 15
2144 14
2145 28
2146 26
2147 20
2148 19
2149 19
2150 35
2151 21
2152 29
2153 23
2154 40
2155 21
2156 42
2157 43
2158 42
2159 43
2160 38
2161 43
2162 50
2163 47
2164 63
2165 63
2166 66
2167 58
2168 51
2169 62
2170 68
2171 79
2172 98
2173 75
2174 75
2175 61
2176 92
2177 93
2178 74
2179 72
2180 85
2181 81
2182 65
2183 65
2184 58
2185 55
2186 57
2187 52
2188 47
2189 38
2190 42
2191 48
2192 31
2193 34
2194 20
2195 27
2196 17
2197 20
2198 14
2199 17
2200 23
2201 18
2202 13
2203 22
2204 21
2205 11
2206 11
2207 14
2208 21
2209 14
2210 16
2211 15
2212 13
2213 9
2214 11
2215 17
2216 6
2217 13
2218 12
2219 20
2220 9
2221 15
2222 14
2223 13
2224 14
2225 15
2226 15
2227 22
2228 16
2229 15
2230 20
2231 15
2232 15
2233 9
2234 10
2235 20
2236 19
2237 19
2238 13
2239 13
2240 13
2241 18
2242 13
2243 8
2244 21
2245 20
2246 10
2247 12
2248 16
2249 21
2250 18
2251 13
2252 15
2253 16
2254 15
2255 13
2256 16
2257 15
2258 10
2259 9
2260 13
2261 19
2262 15
2263 9
2264 12
2265 14
2266 12
2267 12
2268 19
2269 13
2270 13
2271 13
2272 12
2273 13
2274 11
2275 10
2276 11
2277 19
2278 15
2279 14
2280 15
2281 12
2282 14
2283 17
2284 13
2285 17
2286 14
2287 15
2288 18
2289 13
2290 7
2291 17
2292 16
2293 13
2294 17
2295 21
2296 15
2297 17
2298 7
2299 6
2300 14
2301 9
2302 12
2303 14
2304 16
2305 16
2306 11
2307 22
2308 17
2309 15
2310 18
2311 13
2312 11
2313 18
2314 12
2315 13
2316 10
2317 17
2318 12
2319 15
2320 23
2321 19
2322 10
2323 6
2324 23
2325 22
2326 13
2327 11
2328 20
2329 10
2330 11
2331 12
2332 10
2333 12
2334 14
2335 16
2336 12
2337 16
2338 13
2339 14
2340 20
2341 12
2342 9
2343 18
2344 15
2345 15
2346 12
2347 17
2348 8
2349 11
2350 9
2351 13
2352 13
2353 15
2354 14
2355 15
2356 13
2357 13
2358 15
2359 9
2360 15
2361 13
2362 17
2363 16
2364 11
2365 14
2366 17
2367 12
2368 17
2369 14
2370 9
2371 12
2372 16
2373 15
2374 8
2375 9
2376 7
2377 13
2378 13
2379 10
2380 17
2381 13
2382 10
2383 15
2384 18
2385 16
2386 14
2387 16
2388 12
2389 16
2390 7
2391 14
2392 13
2393 8
2394 18
2395 13
2396 11
2397 17
2398 15
2399 9
2400 14
2401 12
2402 8
2403 19
2404 12
2405 13
2406 14
2407 15
2408 9
2409 14
2410 12
2411 7
2412 8
2413 19
2414 21
2415 14
2416 14
2417 13
2418 14
2419 14
2420 12
2421 19
2422 9
2423 8
2424 8
2425 14
2426 16
2427 14
2428 12
2429 18
2430 14
2431 17
2432 12
2433 10
2434 14
2435 13
2436 23
2437 24
2438 23
2439 17
2440 37
2441 30
2442 14
2443 19
2444 31
2445 22
2446 31
2447 39
2448 37
2449 33
2450 50
2451 42
2452 51
2453 62
2454 41
2455 46
2456 53
2457 61
2458 57
2459 66
2460 72
2461 55
2462 77
2463 79
2464 89
2465 58
2466 45
2467 39
2468 44
2469 33
2470 51
2471 31
2472 40
2473 37
2474 39
2475 26
2476 27
2477 33
2478 25
2479 24
2480 19
2481 19
2482 14
2483 12
2484 12
2485 13
2486 17
2487 12
2488 21
2489 18
2490 11
2491 8
2492 13
2493 12
2494 15
2495 15
2496 15
2497 13
2498 23
2499 17
2500 19
2501 11
2502 15
2503 9
2504 9
2505 10
2506 7
2507 16
2508 14
2509 11
2510 11
2511 11
2512 9
2513 14
2514 15
2515 14
2516 23
2517 12
2518 12
2519 11
2520 6
2521 12
2522 15
2523 5
2524 10
2525 16
2526 14
2527 22
2528 20
2529 15
2530 15
2531 17
2532 23
2533 14
2534 13
2535 14
2536 17
2537 18
2538 21
2539 29
2540 18
2541 31
2542 34
2543 31
2544 33
2545 38
2546 31
2547 36
2548 62
2549 62
2550 40
2551 51
2552 36
2553 35
2554 32
2555 53
2556 77
2557 45
2558 42
2559 43
