0 45
1 24
2 35
3 31
4 31
5 29
6 31
7 30
8 34
9 36
10 41
11 29
12 34
13 38
14 28
15 32
16 32
17 42
18 29
19 42
20 43
21 34
22 28
23 25
24 32
25 31
26 39
27 32
28 30
29 30
30 26
31 40
32 30
33 34
34 36
35 46
36 40
37 35
38 28
39 26
40 33
41 34
42 29
43 37
44 37
45 44
46 25
47 36
48 38
49 28
50 23
51 35
52 27
53 44
54 30
55 34
56 46
57 40
58 34
59 41
60 41
61 37
62 32
63 40
64 32
65 36
66 29
67 32
68 33
69 54
70 40
71 40
72 31
73 35
74 31
75 37
76 45
77 33
78 40
79 31
80 43
81 45
82 36
83 37
84 43
85 37
86 40
87 31
88 40
89 33
90 27
91 34
92 46
93 45
94 57
95 39
96 35
97 40
98 32
99 42
100 34
101 33
102 37
103 36
104 40
105 25
106 50
107 30
108 38
109 46
110 47
111 39
112 37
113 26
114 33
115 44
116 31
117 34
118 35
119 29
120 29
121 37
122 41
123 32
124 42
125 33
126 41
127 56
128 43
129 42
130 35
131 48
132 30
133 53
134 49
135 27
136 36
137 45
138 37
139 48
140 39
141 30
142 43
143 39
144 38
145 47
146 36
147 47
148 35
149 26
150 38
151 32
152 17
153 37
154 30
155 35
156 45
157 30
158 39
159 36
160 39
161 32
162 33
163 42
164 46
165 47
166 36
167 29
168 33
169 42
170 37
171 41
172 36
173 29
174 38
175 39
176 42
177 45
178 47
179 35
180 28
181 38
182 30
183 33
184 47
185 27
186 37
187 32
188 39
189 35
190 32
191 34
192 38
193 34
194 39
195 35
196 36
197 38
198 43
199 42
200 48
201 45
202 48
203 40
204 51
205 33
206 35
207 46
208 47
209 40
210 37
211 40
212 42
213 35
214 30
215 39
216 49
217 46
218 42
219 32
220 43
221 49
222 33
223 41
224 43
225 36
226 49
227 40
228 35
229 35
230 43
231 33
232 35
233 40
234 43
235 38
236 33
237 45
238 34
239 34
240 26
241 39
242 39
243 37
244 32
245 45
246 37
247 46
248 40
249 40
250 36
251 38
252 31
253 35
254 34
255 40
256 35
257 52
258 24
259 31
260 47
261 33
262 50
263 37
264 43
265 43
266 50
267 53
268 39
269 41
270 41
271 41
272 39
273 45
274 42
275 33
276 43
277 31
278 46
279 37
280 34
281 43
282 54
283 43
284 36
285 45
286 48
287 30
288 33
289 26
290 51
291 45
292 39
293 37
294 41
295 37
296 44
297 28
298 43
299 42
300 41
301 39
302 48
303 32
304 34
305 54
306 39
307 41
308 37
309 30
310 39
311 47
312 45
313 40
314 33
315 49
316 47
317 36
318 47
319 48
320 41
321 38
322 45
323 41
324 34
325 40
326 43
327 39
328 39
329 48
330 36
331 39
332 27
333 48
334 39
335 42
336 41
337 44
338 44
339 48
340 34
341 45
342 49
343 46
344 37
345 42
346 50
347 45
348 45
349 41
350 45
351 34
352 48
353 40
354 46
355 38
356 58
357 38
358 36
359 38
360 42
361 43
362 43
363 47
364 38
365 32
366 45
367 37
368 33
369 45
370 39
371 48
372 37
373 36
374 37
375 49
376 35
377 42
378 38
379 41
380 46
381 36
382 47
383 46
384 32
385 33
386 48
387 44
388 46
389 37
390 41
391 37
392 53
393 55
394 30
395 54
396 55
397 45
398 37
399 42
400 37
401 55
402 53
403 57
404 43
405 37
406 40
407 56
408 42
409 41
410 51
411 25
412 34
413 41
414 26
415 31
416 51
417 49
418 54
419 48
420 52
421 42
422 36
423 42
424 35
425 40
426 44
427 32
428 38
429 32
430 39
431 36
432 36
433 41
434 45
435 40
436 46
437 54
438 30
439 33
440 37
441 26
442 46
443 47
444 49
445 29
446 45
447 43
448 27
449 42
450 43
451 50
452 44
453 39
454 44
455 35
456 40
457 40
458 48
459 47
460 37
461 40
462 45
463 46
464 50
465 43
466 37
467 45
468 37
469 50
470 54
471 48
472 36
473 51
474 46
475 44
476 42
477 65
478 46
479 55
480 37
481 53
482 53
483 45
484 47
485 52
486 60
487 46
488 54
489 66
490 47
491 67
492 91
493 97
494 78
495 98
496 86
497 65
498 82
499 75
500 68
501 86
502 108
503 112
504 76
505 93
506 113
507 103
508 92
509 74
510 76
511 94
512 117
513 113
514 78
515 76
516 65
517 47
518 43
519 40
520 40
521 53
522 49
523 33
524 43
525 50
526 38
527 40
528 39
529 43
530 36
531 53
532 46
533 38
534 43
535 44
536 51
537 59
538 38
539 48
540 49
541 39
542 49
543 38
544 52
545 54
546 41
547 44
548 44
549 52
550 45
551 39
552 37
553 33
554 39
555 54
556 40
557 41
558 39
559 50
560 43
561 19
562 23
563 42
564 46
565 50
566 45
567 39
568 48
569 51
570 46
571 46
572 47
573 47
574 40
575 46
576 44
577 42
578 40
579 31
580 46
581 39
582 41
583 44
584 47
585 44
586 50
587 44
588 49
589 36
590 40
591 30
592 42
593 41
594 49
595 37
596 35
597 37
598 53
599 48
600 38
601 44
602 41
603 45
604 23
605 35
606 43
607 54
608 37
609 35
610 38
611 42
612 25
613 25
614 48
615 45
616 44
617 40
618 28
619 43
620 38
621 34
622 41
623 38
624 37
625 41
626 52
627 42
628 43
629 45
630 39
631 50
632 44
633 48
634 44
635 40
636 41
637 34
638 38
639 50
640 52
641 54
642 53
643 39
644 63
645 41
646 53
647 40
648 46
649 39
650 42
651 30
652 39
653 46
654 46
655 42
656 44
657 47
658 52
659 51
660 41
661 46
662 42
663 37
664 40
665 56
666 41
667 39
668 42
669 42
670 40
671 40
672 40
673 38
674 39
675 40
676 44
677 45
678 41
679 43
680 43
681 36
682 37
683 47
684 32
685 40
686 42
687 44
688 33
689 43
690 27
691 40
692 45
693 30
694 28
695 45
696 57
697 51
698 46
699 47
700 44
701 42
702 31
703 44
704 36
705 29
706 48
707 47
708 39
709 42
710 35
711 61
712 44
713 46
714 38
715 35
716 52
717 49
718 42
719 46
720 49
721 54
722 42
723 45
724 49
725 32
726 29
727 35
728 53
729 38
730 37
731 46
732 43
733 33
734 36
735 30
736 40
737 45
738 33
739 36
740 41
741 30
742 42
743 41
744 42
745 42
746 45
747 40
748 43
749 41
750 36
751 43
752 43
753 40
754 30
755 52
756 39
757 38
758 50
759 34
760 30
761 43
762 43
763 42
764 40
765 33
766 40
767 44
768 43
769 44
770 35
771 33
772 35
773 40
774 35
775 45
776 34
777 38
778 31
779 45
780 39
781 33
782 40
783 56
784 41
785 34
786 43
787 52
788 36
789 49
790 40
791 45
792 45
793 54
794 43
795 37
796 34
797 30
798 41
799 40
800 43
801 49
802 35
803 39
804 28
805 39
806 39
807 35
808 36
809 31
810 32
811 43
812 42
813 42
814 40
815 47
816 45
817 36
818 38
819 50
820 47
821 34
822 54
823 56
824 45
825 44
826 39
827 40
828 39
829 44
830 29
831 50
832 42
833 50
834 40
835 46
836 51
837 46
838 33
839 42
840 41
841 44
842 47
843 31
844 28
845 40
846 39
847 24
848 44
849 32
850 37
851 37
852 36
853 40
854 32
855 29
856 32
857 37
858 43
859 32
860 33
861 53
862 40
863 47
864 35
865 42
866 46
867 25
868 25
869 22
870 32
871 38
872 32
873 28
874 42
875 30
876 34
877 34
878 40
879 32
880 37
881 34
882 36
883 38
884 38
885 46
886 49
887 39
888 35
889 29
890 43
891 36
892 32
893 26
894 37
895 30
896 35
897 35
898 42
899 36
900 30
901 28
902 41
903 34
904 37
905 39
906 33
907 39
908 36
909 31
910 38
911 31
912 33
913 41
914 32
915 39
916 44
917 39
918 43
919 37
920 34
921 40
922 33
923 33
924 32
925 43
926 28
927 35
928 37
929 48
930 45
931 40
932 46
933 39
934 47
935 31
936 40
937 31
938 35
939 34
940 39
941 28
942 32
943 35
944 46
945 41
946 38
947 38
948 32
949 37
950 38
951 36
952 46
953 36
954 37
955 37
956 32
957 41
958 35
959 41
960 39
961 31
962 33
963 55
964 37
965 44
966 46
967 28
968 45
969 51
970 37
971 39
972 50
973 35
974 44
975 41
976 39
977 30
978 36
979 40
980 39
981 29
982 45
983 47
984 43
985 36
986 43
987 52
988 41
989 43
990 41
991 49
992 67
993 66
994 70
995 82
996 76
997 112
998 127
999 109
1000 88
1001 106
1002 113
1003 133
1004 212
1005 219
1006 325
1007 325
1008 313
1009 258
1010 400
1011 423
1012 497
1013 479
1014 590
1015 589
1016 630
1017 557
1018 615
1019 487
1020 395
1021 288
1022 217
1023 180
1024 172
1025 117
1026 122
1027 110
1028 67
1029 36
1030 47
1031 58
1032 43
1033 37
1034 29
1035 43
1036 39
1037 48
1038 30
1039 33
1040 39
1041 42
1042 40
1043 39
1044 40
1045 25
1046 37
1047 31
1048 39
1049 39
1050 40
1051 35
1052 46
1053 37
1054 36
1055 36
1056 39
1057 45
1058 36
1059 37
1060 32
1061 32
1062 42
1063 22
1064 33
1065 37
1066 33
1067 37
1068 36
1069 35
1070 30
1071 32
1072 28
1073 26
1074 26
1075 38
1076 41
1077 31
1078 39
1079 39
1080 32
1081 38
1082 33
1083 36
1084 33
1085 40
1086 37
1087 37
1088 36
1089 24
1090 34
1091 33
1092 35
1093 45
1094 38
1095 32
1096 47
1097 27
1098 30
1099 33
1100 36
1101 40
1102 28
1103 32
1104 34
1105 30
1106 36
1107 38
1108 30
1109 32
1110 21
1111 39
1112 34
1113 40
1114 38
1115 29
1116 39
1117 41
1118 38
1119 33
1120 37
1121 33
1122 26
1123 23
1124 28
1125 32
1126 42
1127 29
1128 42
1129 32
1130 28
1131 36
1132 37
1133 48
1134 33
1135 46
1136 51
1137 58
1138 54
1139 52
1140 53
1141 40
1142 52
1143 53
1144 54
1145 49
1146 64
1147 57
1148 55
1149 66
1150 52
1151 52
1152 71
1153 60
1154 56
1155 51
1156 49
1157 35
1158 39
1159 44
1160 45
1161 37
1162 46
1163 26
1164 30
1165 33
1166 42
1167 33
1168 39
1169 40
1170 28
1171 36
1172 33
1173 34
1174 36
1175 30
1176 33
1177 31
1178 28
1179 30
1180 24
1181 40
1182 36
1183 40
1184 40
1185 31
1186 33
1187 37
1188 32
1189 34
1190 27
1191 35
1192 31
1193 31
1194 32
1195 38
1196 29
1197 39
1198 42
1199 33
1200 22
1201 26
1202 25
1203 44
1204 29
1205 25
1206 38
1207 31
1208 32
1209 38
1210 39
1211 41
1212 35
1213 24
1214 18
1215 27
1216 24
1217 19
1218 27
1219 32
1220 29
1221 27
1222 27
1223 23
1224 23
1225 28
1226 35
1227 22
1228 37
1229 24
1230 35
1231 34
1232 36
1233 40
1234 25
1235 33
1236 30
1237 27
1238 34
1239 48
1240 38
1241 24
1242 29
1243 30
1244 37
1245 38
1246 34
1247 32
1248 37
1249 43
1250 27
1251 32
1252 36
1253 21
1254 27
1255 28
1256 31
1257 31
1258 24
1259 27
1260 26
1261 24
1262 27
1263 34
1264 33
1265 32
1266 32
1267 22
1268 29
1269 19
1270 25
1271 22
1272 16
1273 17
1274 25
1275 25
1276 21
1277 20
1278 14
1279 15
1280 74
1281 72
1282 65
1283 70
1284 80
1285 88
1286 113
1287 124
1288 213
1289 209
1290 220
1291 240
1292 226
1293 223
1294 228
1295 243
1296 260
1297 230
1298 205
1299 167
1300 129
1301 125
1302 85
1303 103
1304 119
1305 92
1306 72
1307 75
1308 52
1309 38
1310 29
1311 33
1312 42
1313 35
1314 32
1315 30
1316 35
1317 16
1318 27
1319 26
1320 28
1321 24
1322 20
1323 30
1324 28
1325 33
1326 22
1327 22
1328 28
1329 26
1330 20
1331 25
1332 29
1333 28
1334 18
1335 33
1336 32
1337 34
1338 20
1339 26
1340 30
1341 26
1342 28
1343 24
1344 27
1345 27
1346 14
1347 24
1348 28
1349 23
1350 23
1351 29
1352 31
1353 18
1354 28
1355 33
1356 25
1357 19
1358 25
1359 24
1360 15
1361 21
1362 22
1363 24
1364 29
1365 20
1366 29
1367 19
1368 25
1369 22
1370 28
1371 27
1372 25
1373 35
1374 22
1375 24
1376 24
1377 23
1378 21
1379 20
1380 30
1381 23
1382 18
1383 27
1384 20
1385 19
1386 20
1387 23
1388 23
1389 20
1390 26
1391 31
1392 21
1393 30
1394 23
1395 31
1396 22
1397 28
1398 23
1399 17
1400 24
1401 16
1402 22
1403 22
1404 29
1405 16
1406 20
1407 25
1408 19
1409 24
1410 18
1411 24
1412 31
1413 28
1414 15
1415 21
1416 21
1417 22
1418 30
1419 23
1420 23
1421 31
1422 17
1423 29
1424 20
1425 23
1426 25
1427 19
1428 21
1429 15
1430 39
1431 22
1432 32
1433 31
1434 23
1435 23
1436 22
1437 22
1438 19
1439 25
1440 27
1441 25
1442 23
1443 23
1444 26
1445 24
1446 18
1447 31
1448 28
1449 23
1450 14
1451 31
1452 25
1453 24
1454 23
1455 21
1456 30
1457 22
1458 19
1459 29
1460 12
1461 17
1462 28
1463 25
1464 19
1465 20
1466 19
1467 26
1468 20
1469 24
1470 21
1471 27
1472 33
1473 25
1474 23
1475 26
1476 17
1477 23
1478 19
1479 26
1480 38
1481 23
1482 31
1483 20
1484 20
1485 24
1486 21
1487 32
1488 24
1489 21
1490 23
1491 19
1492 16
1493 25
1494 23
1495 22
1496 17
1497 29
1498 19
1499 22
1500 27
1501 27
1502 28
1503 20
1504 26
1505 13
1506 21
1507 21
1508 23
1509 21
1510 30
1511 20
1512 27
1513 18
1514 24
1515 26
1516 25
1517 22
1518 21
1519 23
1520 22
1521 17
1522 19
1523 21
1524 21
1525 19
1526 20
1527 22
1528 22
1529 20
1530 25
1531 17
1532 27
1533 24
1534 24
1535 14
1536 19
1537 24
1538 23
1539 15
1540 19
1541 26
1542 23
1543 15
1544 28
1545 15
1546 19
1547 20
1548 26
1549 21
1550 28
1551 17
1552 22
1553 16
1554 33
1555 19
1556 27
1557 31
1558 20
1559 19
1560 23
1561 20
1562 17
1563 25
1564 24
1565 17
1566 18
1567 11
1568 23
1569 16
1570 18
1571 21
1572 22
1573 22
1574 17
1575 18
1576 27
1577 20
1578 20
1579 26
1580 18
1581 18
1582 21
1583 8
1584 17
1585 19
1586 32
1587 14
1588 21
1589 22
1590 16
1591 22
1592 18
1593 28
1594 26
1595 18
1596 20
1597 16
1598 15
1599 26
1600 17
1601 20
1602 23
1603 13
1604 17
1605 22
1606 21
1607 24
1608 17
1609 19
1610 22
1611 14
1612 19
1613 17
1614 16
1615 21
1616 25
1617 24
1618 18
1619 21
1620 11
1621 23
1622 26
1623 10
1624 24
1625 21
1626 23
1627 11
1628 17
1629 20
1630 25
1631 15
1632 17
1633 17
1634 12
1635 19
1636 16
1637 19
1638 20
1639 21
1640 17
1641 21
1642 22
1643 19
1644 24
1645 18
1646 13
1647 24
1648 22
1649 19
1650 19
1651 18
1652 17
1653 24
1654 21
1655 18
1656 25
1657 22
1658 22
1659 20
1660 24
1661 22
1662 19
1663 15
1664 22
1665 23
1666 19
1667 22
1668 26
1669 13
1670 15
1671 24
1672 14
1673 26
1674 21
1675 22
1676 23
1677 18
1678 21
1679 23
1680 23
1681 21
1682 20
1683 25
1684 26
1685 30
1686 18
1687 24
1688 34
1689 26
1690 28
1691 22
1692 34
1693 24
1694 23
1695 22
1696 26
1697 30
1698 13
1699 17
1700 23
1701 23
1702 16
1703 29
1704 24
1705 22
1706 22
1707 21
1708 25
1709 28
1710 20
1711 18
1712 14
1713 32
1714 17
1715 17
1716 18
1717 16
1718 24
1719 16
1720 19
1721 15
1722 23
1723 25
1724 27
1725 24
1726 16
1727 28
1728 21
1729 29
1730 26
1731 33
1732 50
1733 50
1734 40
1735 45
1736 57
1737 85
1738 100
1739 72
1740 90
1741 102
1742 270
1743 368
1744 197
1745 122
1746 123
1747 120
1748 89
1749 110
1750 100
1751 85
1752 81
1753 108
1754 112
1755 118
1756 78
1757 61
1758 83
1759 73
1760 51
1761 35
1762 31
1763 27
1764 35
1765 18
1766 22
1767 24
1768 26
1769 23
1770 17
1771 25
1772 19
1773 22
1774 19
1775 24
1776 25
1777 17
1778 17
1779 16
1780 23
1781 13
1782 18
1783 20
1784 17
1785 19
1786 26
1787 22
1788 19
1789 22
1790 13
1791 19
1792 16
1793 20
1794 25
1795 22
1796 15
1797 18
1798 23
1799 17
1800 12
1801 22
1802 12
1803 9
1804 18
1805 21
1806 25
1807 14
1808 21
1809 31
1810 26
1811 22
1812 17
1813 18
1814 16
1815 17
1816 23
1817 22
1818 14
1819 16
1820 14
1821 23
1822 21
1823 14
1824 23
1825 14
1826 15
1827 19
1828 21
1829 19
1830 23
1831 20
1832 19
1833 22
1834 25
1835 25
1836 17
1837 18
1838 21
1839 19
1840 17
1841 22
1842 16
1843 16
1844 18
1845 16
1846 24
1847 17
1848 15
1849 15
1850 14
1851 18
1852 19
1853 25
1854 14
1855 23
1856 13
1857 20
1858 19
1859 18
1860 20
1861 20
1862 17
1863 15
1864 15
1865 20
1866 26
1867 12
1868 20
1869 23
1870 18
1871 28
1872 20
1873 19
1874 18
1875 16
1876 17
1877 10
1878 14
1879 10
1880 13
1881 29
1882 22
1883 22
1884 24
1885 16
1886 13
1887 20
1888 13
1889 17
1890 26
1891 20
1892 20
1893 19
1894 25
1895 16
1896 20
1897 13
1898 25
1899 18
1900 16
1901 16
1902 20
1903 22
1904 27
1905 23
1906 13
1907 22
1908 20
1909 15
1910 15
1911 18
1912 27
1913 16
1914 17
1915 24
1916 14
1917 16
1918 23
1919 13
1920 19
1921 22
1922 16
1923 22
1924 24
1925 23
1926 24
1927 22
1928 22
1929 18
1930 26
1931 15
1932 25
1933 16
1934 16
1935 20
1936 18
1937 12
1938 19
1939 26
1940 18
1941 24
1942 25
1943 22
1944 26
1945 19
1946 27
1947 30
1948 21
1949 24
1950 23
1951 18
1952 17
1953 16
1954 19
1955 30
1956 21
1957 24
1958 20
1959 19
1960 15
1961 24
1962 26
1963 28
1964 18
1965 26
1966 25
1967 33
1968 30
1969 29
1970 31
1971 37
1972 56
1973 50
1974 70
1975 46
1976 49
1977 74
1978 75
1979 79
1980 85
1981 79
1982 84
1983 118
1984 112
1985 162
1986 173
1987 176
1988 199
1989 244
1990 283
1991 292
1992 292
1993 304
1994 269
1995 298
1996 343
1997 355
1998 406
1999 408
2000 410
2001 352
2002 396
2003 393
2004 373
2005 296
2006 238
2007 257
2008 289
2009 289
2010 179
2011 138
2012 120
2013 129
2014 106
2015 99
2016 98
2017 66
2018 71
2019 44
2020 38
2021 42
2022 28
2023 35
2024 27
2025 32
2026 24
2027 23
2028 24
2029 19
2030 18
2031 15
2032 19
2033 19
2034 17
2035 17
2036 22
2037 20
2038 19
2039 15
2040 18
2041 21
2042 27
2043 15
2044 12
2045 8
2046 14
2047 11
2048 23
2049 10
2050 19
2051 12
2052 21
2053 16
2054 23
2055 18
2056 15
2057 11
2058 18
2059 15
2060 20
2061 21
2062 25
2063 28
2064 15
2065 16
2066 14
2067 23
2068 17
2069 13
2070 10
2071 9
2072 25
2073 17
2074 17
2075 16
2076 13
2077 11
2078 16
2079 18
2080 17
2081 19
2082 29
2083 14
2084 13
2085 21
2086 14
2087 24
2088 19
2089 15
2090 19
2091 19
2092 14
2093 14
2094 21
2095 17
2096 16
2097 8
2098 22
2099 19
2100 15
2101 15
2102 20
2103 12
2104 17
2105 20
2106 26
2107 11
2108 13
2109 19
2110 16
2111 10
2112 13
2113 17
2114 25
2115 19
2116 13
2117 22
2118 26
2119 16
2120 10
2121 17
2122 21
2123 24
2124 10
2125 21
2126 14
2127 18
2128 17
2129 16
2130 17
2131 15
2132 13
2133 22
2134 15
2135 14
2136 16
2137 15
2138 18
2139 10
2140 11
2141 16
2142 12
2143 15
2144 25
2145 21
2146 18
2147 18
2148 15
2149 14
2150 20
2151 15
2152 18
2153 16
2154 13
2155 11
2156 17
2157 23
2158 18
2159 12
2160 17
2161 17
2162 7
2163 18
2164 18
2165 22
2166 17
2167 25
2168 14
2169 13
2170 20
2171 17
2172 19
2173 17
2174 18
2175 17
2176 27
2177 23
2178 25
2179 27
2180 38
2181 30
2182 53
2183 52
2184 54
2185 63
2186 60
2187 60
2188 51
2189 57
2190 83
2191 75
2192 81
2193 61
2194 74
2195 74
2196 93
2197 94
2198 103
2199 114
2200 125
2201 109
2202 93
2203 54
2204 77
2205 73
2206 73
2207 67
2208 55
2209 59
2210 57
2211 45
2212 48
2213 33
2214 38
2215 25
2216 20
2217 32
2218 28
2219 22
2220 17
2221 24
2222 23
2223 16
2224 17
2225 13
2226 18
2227 14
2228 22
2229 14
2230 14
2231 12
2232 14
2233 15
2234 19
2235 14
2236 18
2237 20
2238 15
2239 19
2240 15
2241 13
2242 10
2243 18
2244 10
2245 20
2246 15
2247 16
2248 15
2249 9
2250 12
2251 19
2252 16
2253 13
2254 25
2255 11
2256 16
2257 12
2258 15
2259 20
2260 10
2261 9
2262 17
2263 24
2264 17
2265 13
2266 9
2267 11
2268 10
2269 17
2270 11
2271 10
2272 17
2273 9
2274 13
2275 15
2276 14
2277 20
2278 14
2279 14
2280 16
2281 22
2282 19
2283 12
2284 11
2285 10
2286 12
2287 19
2288 16
2289 4
2290 11
2291 19
2292 13
2293 10
2294 11
2295 13
2296 12
2297 9
2298 9
2299 9
2300 12
2301 15
2302 10
2303 20
2304 14
2305 18
2306 7
2307 10
2308 7
2309 16
2310 13
2311 18
2312 12
2313 17
2314 10
2315 13
2316 18
2317 5
2318 16
2319 14
2320 17
2321 20
2322 10
2323 14
2324 10
2325 10
2326 13
2327 15
2328 13
2329 14
2330 9
2331 12
2332 11
2333 12
2334 20
2335 21
2336 17
2337 17
2338 13
2339 15
2340 10
2341 11
2342 17
2343 14
2344 14
2345 7
2346 24
2347 12
2348 8
2349 16
2350 12
2351 13
2352 17
2353 11
2354 15
2355 14
2356 14
2357 13
2358 11
2359 18
2360 12
2361 14
2362 12
2363 19
2364 14
2365 12
2366 18
2367 11
2368 19
2369 16
2370 13
2371 13
2372 25
2373 8
2374 24
2375 15
2376 7
2377 13
2378 18
2379 12
2380 14
2381 16
2382 13
2383 12
2384 14
2385 17
2386 8
2387 14
2388 11
2389 13
2390 13
2391 10
2392 13
2393 7
2394 25
2395 13
2396 13
2397 16
2398 14
2399 10
2400 19
2401 11
2402 9
2403 18
2404 11
2405 10
2406 16
2407 10
2408 14
2409 17
2410 11
2411 13
2412 9
2413 15
2414 13
2415 15
2416 13
2417 16
2418 14
2419 17
2420 17
2421 13
2422 18
2423 12
2424 16
2425 11
2426 9
2427 12
2428 10
2429 18
2430 15
2431 12
2432 12
2433 11
2434 9
2435 17
2436 21
2437 10
2438 10
2439 11
2440 16
2441 11
2442 12
2443 12
2444 13
2445 9
2446 13
2447 23
2448 16
2449 20
2450 9
2451 18
2452 15
2453 15
2454 19
2455 17
2456 21
2457 21
2458 25
2459 17
2460 17
2461 15
2462 19
2463 16
2464 30
2465 29
2466 22
2467 21
2468 22
2469 28
2470 36
2471 49
2472 44
2473 36
2474 38
2475 49
2476 50
2477 57
2478 54
2479 56
2480 49
2481 46
2482 42
2483 58
2484 50
2485 42
2486 59
2487 61
2488 76
2489 65
2490 60
2491 66
2492 48
2493 43
2494 42
2495 54
2496 54
2497 51
2498 48
2499 48
2500 31
2501 35
2502 24
2503 19
2504 25
2505 22
2506 18
2507 15
2508 12
2509 23
2510 23
2511 16
2512 7
2513 7
2514 14
2515 14
2516 15
2517 9
2518 12
2519 13
2520 9
2521 20
2522 12
2523 11
2524 9
2525 13
2526 16
2527 18
2528 13
2529 11
2530 20
2531 7
2532 13
2533 18
2534 9
2535 5
2536 4
2537 7
2538 9
2539 16
2540 12
2541 13
2542 14
2543 12
2544 12
2545 8
2546 16
2547 20
2548 16
2549 13
2550 16
2551 16
2552 17
2553 14
2554 17
2555 16
2556 22
2557 19
2558 26
2559 26
