0 33
1 20
2 21
3 31
4 24
5 14
6 25
7 24
8 17
9 22
10 26
11 30
12 29
13 22
14 23
15 25
16 21
17 27
18 19
19 24
20 29
21 22
22 22
23 21
24 21
25 30
26 23
27 26
28 24
29 20
30 28
31 35
32 26
33 25
34 27
35 36
36 38
37 21
38 33
39 26
40 23
41 27
42 28
43 17
44 26
45 20
46 26
47 27
48 26
49 30
50 34
51 24
52 24
53 23
54 25
55 22
56 18
57 17
58 34
59 23
60 28
61 17
62 24
63 25
64 20
65 28
66 30
67 21
68 24
69 39
70 24
71 16
72 15
73 28
74 31
75 39
76 18
77 30
78 24
79 24
80 29
81 21
82 19
83 23
84 26
85 27
86 23
87 26
88 24
89 18
90 25
91 22
92 25
93 28
94 27
95 24
96 29
97 21
98 25
99 32
100 26
101 26
102 39
103 36
104 25
105 28
106 23
107 26
108 25
109 32
110 27
111 14
112 23
113 21
114 21
115 30
116 23
117 29
118 37
119 34
120 26
121 24
122 25
123 16
124 26
125 33
126 23
127 22
128 28
129 19
130 29
131 35
132 34
133 17
134 22
135 26
136 34
137 28
138 21
139 29
140 26
141 29
142 33
143 29
144 29
145 23
146 25
147 33
148 26
149 40
150 25
151 36
152 28
153 24
154 34
155 21
156 25
157 23
158 27
159 23
160 34
161 25
162 18
163 28
164 24
165 19
166 31
167 30
168 25
169 34
170 24
171 23
172 28
173 39
174 35
175 18
176 34
177 19
178 39
179 23
180 26
181 25
182 17
183 31
184 29
185 27
186 25
187 21
188 39
189 41
190 29
191 30
192 28
193 23
194 23
195 31
196 41
197 30
198 30
199 27
200 28
201 28
202 29
203 32
204 31
205 27
206 31
207 32
208 28
209 26
210 18
211 32
212 25
213 28
214 28
215 30
216 28
217 25
218 30
219 26
220 24
221 24
222 18
223 20
224 21
225 22
226 22
227 24
228 25
229 27
230 16
231 22
232 20
233 35
234 38
235 37
236 44
237 28
238 24
239 30
240 30
241 20
242 27
243 21
244 31
245 45
246 25
247 21
248 33
249 24
250 15
251 30
252 28
253 35
254 30
255 26
256 26
257 21
258 30
259 46
260 31
261 33
262 29
263 21
264 38
265 19
266 22
267 27
268 32
269 31
270 30
271 34
272 35
273 30
274 31
275 27
276 34
277 24
278 24
279 26
280 20
281 27
282 33
283 26
284 29
285 33
286 30
287 25
288 31
289 27
290 23
291 39
292 30
293 34
294 26
295 27
296 31
297 26
298 24
299 30
300 32
301 25
302 26
303 31
304 28
305 20
306 29
307 24
308 36
309 27
310 35
311 24
312 36
313 35
314 24
315 33
316 33
317 30
318 28
319 23
320 21
321 29
322 34
323 29
324 28
325 39
326 28
327 33
328 30
329 31
330 22
331 31
332 24
333 34
334 28
335 36
336 23
337 21
338 32
339 34
340 33
341 27
342 40
343 31
344 27
345 31
346 26
347 32
348 27
349 30
350 28
351 24
352 37
353 33
354 26
355 35
356 41
357 33
358 35
359 31
360 31
361 22
362 36
363 38
364 16
365 32
366 29
367 26
368 23
369 27
370 18
371 30
372 34
373 26
374 30
375 26
376 25
377 41
378 34
379 26
380 29
381 27
382 21
383 31
384 32
385 36
386 31
387 29
388 27
389 32
390 28
391 35
392 26
393 25
394 31
395 31
396 38
397 30
398 37
399 32
400 26
401 30
402 37
403 35
404 31
405 36
406 33
407 47
408 29
409 35
410 36
411 25
412 42
413 23
414 29
415 29
416 41
417 31
418 29
419 36
420 27
421 37
422 31
423 35
424 32
425 24
426 31
427 19
428 22
429 29
430 35
431 30
432 41
433 36
434 36
435 32
436 27
437 32
438 22
439 30
440 27
441 29
442 44
443 35
444 26
445 28
446 30
447 27
448 31
449 31
450 30
451 35
452 34
453 23
454 31
455 41
456 36
457 23
458 33
459 33
460 41
461 36
462 27
463 29
464 28
465 36
466 23
467 36
468 32
469 28
470 25
471 38
472 21
473 46
474 33
475 33
476 30
477 26
478 32
479 36
480 28
481 39
482 32
483 34
484 24
485 29
486 39
487 31
488 37
489 33
490 28
491 44
492 31
493 35
494 27
495 34
496 32
497 26
498 32
499 32
500 29
501 44
502 34
503 27
504 30
505 31
506 33
507 19
508 17
509 32
510 31
511 40
512 37
513 30
514 24
515 30
516 45
517 40
518 43
519 38
520 29
521 34
522 35
523 25
524 38
525 33
526 36
527 33
528 32
529 24
530 23
531 25
532 24
533 35
534 32
535 44
536 23
537 42
538 30
539 34
540 33
541 33
542 33
543 34
544 32
545 40
546 29
547 26
548 31
549 39
550 39
551 39
552 32
553 31
554 33
555 22
556 36
557 31
558 18
559 32
560 20
561 29
562 26
563 43
564 31
565 29
566 39
567 39
568 25
569 25
570 28
571 37
572 45
573 40
574 26
575 34
576 30
577 24
578 29
579 25
580 37
581 39
582 37
583 23
584 28
585 29
586 29
587 44
588 35
589 38
590 30
591 35
592 30
593 44
594 32
595 35
596 34
597 35
598 25
599 35
600 25
601 30
602 28
603 34
604 31
605 31
606 27
607 33
608 37
609 35
610 27
611 30
612 31
613 44
614 32
615 34
616 41
617 35
618 39
619 34
620 29
621 24
622 38
623 40
624 26
625 32
626 29
627 29
628 37
629 30
630 29
631 36
632 38
633 30
634 41
635 36
636 35
637 26
638 44
639 26
640 33
641 36
642 38
643 51
644 47
645 49
646 47
647 41
648 51
649 68
650 55
651 69
652 58
653 79
654 79
655 114
656 123
657 99
658 110
659 107
660 101
661 99
662 78
663 84
664 81
665 71
666 90
667 94
668 101
669 107
670 111
671 98
672 73
673 41
674 33
675 42
676 30
677 43
678 35
679 24
680 35
681 35
682 32
683 32
684 26
685 38
686 40
687 43
688 28
689 25
690 37
691 38
692 44
693 32
694 34
695 22
696 27
697 38
698 53
699 28
700 36
701 44
702 30
703 36
704 37
705 39
706 41
707 22
708 36
709 35
710 33
711 31
712 37
713 24
714 31
715 30
716 34
717 27
718 32
719 30
720 43
721 39
722 42
723 33
724 38
725 29
726 30
727 26
728 30
729 45
730 40
731 39
732 23
733 25
734 26
735 25
736 26
737 33
738 31
739 35
740 33
741 39
742 19
743 24
744 24
745 28
746 28
747 26
748 44
749 23
750 33
751 23
752 36
753 36
754 29
755 34
756 28
757 25
758 38
759 33
760 28
761 40
762 42
763 44
764 25
765 27
766 41
767 34
768 30
769 37
770 28
771 31
772 34
773 34
774 42
775 40
776 28
777 30
778 32
779 20
780 31
781 23
782 43
783 36
784 38
785 34
786 31
787 41
788 28
789 32
790 39
791 34
792 28
793 35
794 38
795 35
796 21
797 33
798 30
799 26
800 34
801 44
802 29
803 36
804 31
805 35
806 44
807 24
808 25
809 29
810 36
811 36
812 31
813 41
814 38
815 41
816 45
817 27
818 34
819 35
820 44
821 34
822 32
823 30
824 32
825 34
826 25
827 24
828 28
829 33
830 32
831 29
832 36
833 36
834 21
835 30
836 29
837 38
838 32
839 30
840 31
841 33
842 30
843 28
844 38
845 26
846 35
847 49
848 43
849 28
850 27
851 33
852 34
853 30
854 36
855 34
856 25
857 27
858 36
859 37
860 33
861 24
862 32
863 27
864 33
865 25
866 31
867 34
868 25
869 32
870 46
871 29
872 24
873 30
874 32
875 32
876 28
877 35
878 32
879 30
880 31
881 28
882 42
883 34
884 34
885 25
886 20
887 33
888 40
889 37
890 28
891 33
892 36
893 23
894 38
895 33
896 28
897 33
898 33
899 25
900 21
901 35
902 25
903 40
904 26
905 24
906 30
907 34
908 31
909 27
910 40
911 39
912 20
913 29
914 35
915 24
916 31
917 41
918 36
919 29
920 31
921 27
922 32
923 37
924 28
925 28
926 39
927 29
928 30
929 23
930 30
931 36
932 31
933 38
934 22
935 25
936 30
937 26
938 24
939 31
940 28
941 24
942 31
943 16
944 32
945 32
946 25
947 27
948 33
949 22
950 38
951 21
952 40
953 27
954 30
955 25
956 29
957 31
958 32
959 21
960 29
961 26
962 23
963 35
964 34
965 33
966 33
967 26
968 24
969 30
970 32
971 31
972 29
973 24
974 40
975 30
976 21
977 24
978 34
979 20
980 33
981 33
982 45
983 30
984 30
985 22
986 36
987 38
988 25
989 32
990 27
991 24
992 37
993 37
994 36
995 34
996 27
997 34
998 28
999 30
1000 29
1001 26
1002 31
1003 26
1004 39
1005 30
1006 28
1007 32
1008 26
1009 27
1010 30
1011 29
1012 25
1013 29
1014 37
1015 27
1016 31
1017 32
1018 32
1019 37
1020 26
1021 20
1022 31
1023 31
1024 17
1025 32
1026 34
1027 35
1028 30
1029 31
1030 40
1031 33
1032 24
1033 36
1034 34
1035 24
1036 35
1037 26
1038 26
1039 29
1040 23
1041 26
1042 31
1043 30
1044 34
1045 38
1046 30
1047 19
1048 32
1049 35
1050 36
1051 36
1052 35
1053 24
1054 37
1055 23
1056 28
1057 15
1058 23
1059 31
1060 28
1061 35
1062 32
1063 36
1064 29
1065 33
1066 37
1067 30
1068 40
1069 33
1070 37
1071 30
1072 34
1073 26
1074 37
1075 22
1076 32
1077 34
1078 26
1079 32
1080 31
1081 29
1082 23
1083 36
1084 21
1085 27
1086 18
1087 32
1088 42
1089 28
1090 16
1091 30
1092 25
1093 31
1094 28
1095 38
1096 44
1097 37
1098 26
1099 33
1100 43
1101 34
1102 32
1103 24
1104 24
1105 31
1106 28
1107 33
1108 22
1109 25
1110 35
1111 22
1112 30
1113 25
1114 19
1115 22
1116 28
1117 31
1118 35
1119 24
1120 28
1121 26
1122 32
1123 37
1124 20
1125 28
1126 28
1127 28
1128 25
1129 33
1130 27
1131 30
1132 33
1133 22
1134 26
1135 30
1136 36
1137 18
1138 35
1139 34
1140 34
1141 34
1142 23
1143 27
1144 26
1145 23
1146 31
1147 44
1148 28
1149 29
1150 27
1151 19
1152 31
1153 31
1154 34
1155 30
1156 33
1157 27
1158 32
1159 30
1160 35
1161 36
1162 35
1163 31
1164 27
1165 38
1166 30
1167 36
1168 31
1169 31
1170 36
1171 25
1172 31
1173 29
1174 24
1175 33
1176 36
1177 20
1178 31
1179 21
1180 34
1181 23
1182 31
1183 36
1184 24
1185 26
1186 40
1187 25
1188 26
1189 31
1190 29
1191 33
1192 40
1193 47
1194 45
1195 44
1196 50
1197 80
1198 73
1199 118
1200 136
1201 163
1202 178
1203 212
1204 256
1205 317
1206 418
1207 489
1208 476
1209 531
1210 489
1211 551
1212 591
1213 544
1214 559
1215 482
1216 378
1217 325
1218 309
1219 272
1220 198
1221 151
1222 127
1223 90
1224 54
1225 35
1226 27
1227 37
1228 33
1229 36
1230 31
1231 29
1232 19
1233 26
1234 24
1235 26
1236 24
1237 26
1238 19
1239 33
1240 40
1241 31
1242 25
1243 29
1244 25
1245 39
1246 30
1247 34
1248 34
1249 32
1250 31
1251 32
1252 30
1253 27
1254 26
1255 31
1256 34
1257 33
1258 26
1259 33
1260 32
1261 23
1262 28
1263 29
1264 24
1265 33
1266 29
1267 23
1268 27
1269 19
1270 31
1271 22
1272 18
1273 8
1274 21
1275 16
1276 15
1277 10
1278 4
1279 4
1280 26
1281 26
1282 19
1283 21
1284 25
1285 25
1286 16
1287 25
1288 27
1289 30
1290 21
1291 20
1292 24
1293 22
1294 26
1295 19
1296 25
1297 17
1298 31
1299 19
1300 15
1301 25
1302 19
1303 12
1304 25
1305 29
1306 30
1307 24
1308 17
1309 20
1310 27
1311 19
1312 20
1313 21
1314 28
1315 23
1316 26
1317 15
1318 20
1319 26
1320 22
1321 15
1322 20
1323 22
1324 32
1325 25
1326 23
1327 16
1328 22
1329 25
1330 19
1331 25
1332 24
1333 17
1334 25
1335 19
1336 20
1337 24
1338 20
1339 21
1340 23
1341 18
1342 25
1343 19
1344 25
1345 24
1346 15
1347 19
1348 21
1349 24
1350 22
1351 22
1352 27
1353 23
1354 22
1355 23
1356 22
1357 24
1358 24
1359 20
1360 17
1361 24
1362 23
1363 21
1364 19
1365 23
1366 25
1367 27
1368 12
1369 21
1370 12
1371 21
1372 16
1373 16
1374 19
1375 21
1376 14
1377 23
1378 19
1379 21
1380 13
1381 18
1382 23
1383 24
1384 16
1385 22
1386 17
1387 20
1388 28
1389 15
1390 28
1391 18
1392 21
1393 28
1394 20
1395 18
1396 18
1397 14
1398 18
1399 17
1400 26
1401 25
1402 21
1403 25
1404 26
1405 16
1406 23
1407 23
1408 20
1409 17
1410 20
1411 18
1412 19
1413 20
1414 17
1415 12
1416 31
1417 11
1418 17
1419 20
1420 20
1421 33
1422 15
1423 15
1424 18
1425 26
1426 20
1427 19
1428 22
1429 33
1430 26
1431 39
1432 39
1433 48
1434 40
1435 42
1436 36
1437 40
1438 30
1439 44
1440 31
1441 41
1442 50
1443 39
1444 38
1445 23
1446 19
1447 18
1448 20
1449 23
1450 22
1451 18
1452 25
1453 14
1454 18
1455 19
1456 15
1457 20
1458 19
1459 27
1460 21
1461 22
1462 27
1463 19
1464 15
1465 18
1466 14
1467 19
1468 24
1469 20
1470 24
1471 19
1472 25
1473 26
1474 28
1475 25
1476 23
1477 27
1478 16
1479 15
1480 20
1481 23
1482 17
1483 28
1484 19
1485 18
1486 21
1487 13
1488 24
1489 20
1490 26
1491 28
1492 19
1493 14
1494 14
1495 20
1496 22
1497 17
1498 19
1499 21
1500 23
1501 19
1502 23
1503 20
1504 23
1505 35
1506 24
1507 35
1508 30
1509 31
1510 40
1511 31
1512 41
1513 50
1514 64
1515 67
1516 107
1517 118
1518 106
1519 136
1520 189
1521 180
1522 233
1523 262
1524 259
1525 265
1526 288
1527 352
1528 465
1529 485
1530 323
1531 255
1532 187
1533 102
1534 62
1535 46
1536 59
1537 46
1538 29
1539 32
1540 24
1541 26
1542 21
1543 23
1544 16
1545 22
1546 29
1547 26
1548 20
1549 26
1550 18
1551 21
1552 15
1553 20
1554 19
1555 21
1556 15
1557 22
1558 23
1559 23
1560 23
1561 23
1562 18
1563 21
1564 19
1565 24
1566 22
1567 17
1568 18
1569 17
1570 12
1571 25
1572 14
1573 15
1574 20
1575 13
1576 18
1577 22
1578 14
1579 23
1580 20
1581 17
1582 14
1583 17
1584 23
1585 17
1586 20
1587 18
1588 27
1589 26
1590 19
1591 13
1592 18
1593 18
1594 21
1595 14
1596 19
1597 25
1598 17
1599 16
1600 24
1601 32
1602 16
1603 18
1604 19
1605 18
1606 15
1607 26
1608 14
1609 28
1610 16
1611 19
1612 28
1613 25
1614 20
1615 27
1616 30
1617 15
1618 18
1619 17
1620 15
1621 18
1622 24
1623 15
1624 21
1625 20
1626 16
1627 19
1628 18
1629 16
1630 14
1631 13
1632 19
1633 12
1634 14
1635 23
1636 24
1637 12
1638 28
1639 20
1640 14
1641 25
1642 16
1643 18
1644 21
1645 22
1646 16
1647 18
1648 19
1649 13
1650 16
1651 19
1652 18
1653 20
1654 11
1655 15
1656 11
1657 21
1658 25
1659 21
1660 18
1661 19
1662 16
1663 25
1664 20
1665 13
1666 19
1667 16
1668 22
1669 22
1670 15
1671 16
1672 25
1673 12
1674 15
1675 18
1676 16
1677 22
1678 13
1679 12
1680 20
1681 19
1682 17
1683 21
1684 17
1685 14
1686 17
1687 14
1688 14
1689 18
1690 14
1691 16
1692 20
1693 17
1694 14
1695 23
1696 12
1697 15
1698 19
1699 21
1700 22
1701 13
1702 18
1703 16
1704 16
1705 20
1706 17
1707 18
1708 22
1709 20
1710 19
1711 22
1712 18
1713 10
1714 20
1715 11
1716 18
1717 16
1718 20
1719 17
1720 19
1721 18
1722 18
1723 22
1724 18
1725 9
1726 9
1727 25
1728 16
1729 16
1730 19
1731 19
1732 13
1733 16
1734 15
1735 23
1736 19
1737 18
1738 17
1739 28
1740 17
1741 20
1742 16
1743 15
1744 13
1745 18
1746 25
1747 19
1748 19
1749 15
1750 18
1751 15
1752 13
1753 23
1754 19
1755 16
1756 20
1757 10
1758 23
1759 16
1760 15
1761 17
1762 13
1763 17
1764 23
1765 17
1766 13
1767 19
1768 23
1769 16
1770 17
1771 15
1772 20
1773 23
1774 29
1775 17
1776 23
1777 19
1778 10
1779 15
1780 17
1781 14
1782 21
1783 14
1784 14
1785 13
1786 14
1787 19
1788 12
1789 16
1790 15
1791 8
1792 13
1793 18
1794 16
1795 21
1796 15
1797 15
1798 22
1799 18
1800 15
1801 15
1802 19
1803 18
1804 18
1805 19
1806 17
1807 12
1808 18
1809 15
1810 19
1811 16
1812 15
1813 23
1814 26
1815 13
1816 14
1817 10
1818 20
1819 17
1820 15
1821 12
1822 21
1823 8
1824 23
1825 24
1826 25
1827 13
1828 11
1829 21
1830 27
1831 18
1832 21
1833 15
1834 19
1835 13
1836 19
1837 21
1838 13
1839 9
1840 14
1841 7
1842 13
1843 13
1844 9
1845 15
1846 17
1847 12
1848 17
1849 14
1850 12
1851 13
1852 27
1853 15
1854 8
1855 18
1856 12
1857 13
1858 16
1859 13
1860 18
1861 21
1862 19
1863 19
1864 20
1865 20
1866 15
1867 11
1868 15
1869 11
1870 19
1871 14
1872 15
1873 16
1874 13
1875 22
1876 16
1877 16
1878 21
1879 18
1880 16
1881 11
1882 15
1883 14
1884 13
1885 11
1886 16
1887 19
1888 14
1889 17
1890 15
1891 16
1892 12
1893 13
1894 21
1895 13
1896 16
1897 20
1898 19
1899 15
1900 9
1901 11
1902 9
1903 11
1904 16
1905 12
1906 19
1907 15
1908 14
1909 19
1910 16
1911 17
1912 23
1913 22
1914 22
1915 14
1916 15
1917 14
1918 13
1919 25
1920 23
1921 17
1922 18
1923 20
1924 19
1925 20
1926 20
1927 16
1928 23
1929 19
1930 19
1931 12
1932 17
1933 22
1934 18
1935 13
1936 17
1937 18
1938 19
1939 14
1940 14
1941 14
1942 16
1943 20
1944 17
1945 16
1946 18
1947 16
1948 16
1949 18
1950 17
1951 8
1952 10
1953 17
1954 16
1955 22
1956 26
1957 17
1958 25
1959 18
1960 19
1961 16
1962 22
1963 17
1964 21
1965 20
1966 27
1967 22
1968 14
1969 15
1970 20
1971 12
1972 11
1973 18
1974 24
1975 23
1976 17
1977 18
1978 14
1979 15
1980 21
1981 16
1982 20
1983 10
1984 21
1985 17
1986 12
1987 13
1988 18
1989 14
1990 12
1991 17
1992 5
1993 22
1994 16
1995 17
1996 20
1997 18
1998 18
1999 18
2000 19
2001 24
2002 21
2003 20
2004 31
2005 37
2006 43
2007 52
2008 64
2009 74
2010 100
2011 81
2012 107
2013 117
2014 126
2015 126
2016 132
2017 99
2018 97
2019 96
2020 111
2021 83
2022 82
2023 82
2024 70
2025 52
2026 41
2027 26
2028 30
2029 26
2030 25
2031 22
2032 18
2033 16
2034 23
2035 23
2036 10
2037 7
2038 17
2039 10
2040 20
2041 20
2042 17
2043 11
2044 14
2045 17
2046 11
2047 11
2048 18
2049 14
2050 18
2051 13
2052 20
2053 14
2054 9
2055 10
2056 14
2057 24
2058 11
2059 21
2060 13
2061 20
2062 11
2063 6
2064 22
2065 16
2066 14
2067 12
2068 9
2069 16
2070 16
2071 13
2072 20
2073 12
2074 16
2075 12
2076 16
2077 10
2078 10
2079 16
2080 14
2081 18
2082 14
2083 12
2084 19
2085 15
2086 14
2087 17
2088 18
2089 12
2090 15
2091 14
2092 15
2093 14
2094 13
2095 17
2096 12
2097 20
2098 8
2099 15
2100 16
2101 11
2102 10
2103 14
2104 16
2105 11
2106 18
2107 10
2108 15
2109 16
2110 13
2111 13
2112 15
2113 11
2114 14
2115 7
2116 17
2117 18
2118 16
2119 13
2120 20
2121 9
2122 19
2123 10
2124 18
2125 15
2126 11
2127 12
2128 13
2129 17
2130 16
2131 14
2132 7
2133 17
2134 18
2135 13
2136 18
2137 10
2138 16
2139 13
2140 17
2141 12
2142 21
2143 17
2144 19
2145 9
2146 8
2147 14
2148 20
2149 11
2150 13
2151 20
2152 11
2153 16
2154 14
2155 10
2156 14
2157 13
2158 15
2159 17
2160 14
2161 15
2162 10
2163 17
2164 7
2165 13
2166 16
2167 4
2168 11
2169 16
2170 13
2171 18
2172 17
2173 10
2174 10
2175 15
2176 19
2177 13
2178 13
2179 13
2180 16
2181 15
2182 13
2183 19
2184 14
2185 11
2186 16
2187 23
2188 18
2189 21
2190 17
2191 11
2192 17
2193 21
2194 15
2195 12
2196 19
2197 15
2198 7
2199 15
2200 9
2201 14
2202 9
2203 13
2204 9
2205 16
2206 12
2207 13
2208 17
2209 9
2210 14
2211 20
2212 21
2213 17
2214 8
2215 13
2216 16
2217 17
2218 16
2219 18
2220 11
2221 18
2222 5
2223 14
2224 12
2225 15
2226 14
2227 22
2228 19
2229 11
2230 14
2231 17
2232 20
2233 15
2234 8
2235 18
2236 13
2237 20
2238 9
2239 15
2240 14
2241 15
2242 19
2243 21
2244 9
2245 18
2246 11
2247 13
2248 13
2249 16
2250 22
2251 22
2252 15
2253 19
2254 17
2255 12
2256 14
2257 16
2258 19
2259 19
2260 10
2261 17
2262 11
2263 14
2264 22
2265 21
2266 26
2267 29
2268 33
2269 35
2270 41
2271 62
2272 76
2273 68
2274 91
2275 117
2276 101
2277 130
2278 175
2279 240
2280 304
2281 256
2282 309
2283 328
2284 352
2285 385
2286 495
2287 414
2288 433
2289 426
2290 367
2291 410
2292 437
2293 347
2294 291
2295 335
2296 359
2297 314
2298 207
2299 218
2300 166
2301 139
2302 134
2303 107
2304 97
2305 65
2306 77
2307 45
2308 46
2309 33
2310 28
2311 19
2312 24
2313 33
2314 19
2315 16
2316 18
2317 14
2318 19
2319 18
2320 13
2321 15
2322 23
2323 22
2324 18
2325 18
2326 15
2327 8
2328 15
2329 16
2330 9
2331 21
2332 13
2333 9
2334 9
2335 11
2336 5
2337 18
2338 10
2339 16
2340 17
2341 11
2342 11
2343 12
2344 11
2345 12
2346 7
2347 10
2348 21
2349 9
2350 10
2351 14
2352 8
2353 11
2354 13
2355 15
2356 16
2357 13
2358 18
2359 10
2360 9
2361 14
2362 14
2363 12
2364 15
2365 21
2366 15
2367 11
2368 22
2369 9
2370 13
2371 10
2372 9
2373 6
2374 16
2375 19
2376 14
2377 9
2378 14
2379 12
2380 12
2381 10
2382 10
2383 12
2384 13
2385 12
2386 15
2387 15
2388 18
2389 16
2390 13
2391 13
2392 12
2393 10
2394 18
2395 17
2396 14
2397 12
2398 12
2399 12
2400 20
2401 8
2402 24
2403 15
2404 20
2405 9
2406 13
2407 9
2408 16
2409 8
2410 23
2411 12
2412 10
2413 20
2414 20
2415 8
2416 11
2417 15
2418 11
2419 7
2420 14
2421 14
2422 20
2423 22
2424 13
2425 14
2426 11
2427 21
2428 12
2429 12
2430 13
2431 10
2432 10
2433 14
2434 14
2435 10
2436 9
2437 13
2438 17
2439 14
2440 13
2441 12
2442 11
2443 19
2444 12
2445 14
2446 13
2447 9
2448 19
2449 10
2450 14
2451 16
2452 10
2453 12
2454 10
2455 12
2456 10
2457 10
2458 13
2459 16
2460 15
2461 11
2462 13
2463 9
2464 12
2465 11
2466 13
2467 8
2468 14
2469 10
2470 7
2471 12
2472 13
2473 19
2474 19
2475 10
2476 15
2477 10
2478 8
2479 14
2480 16
2481 20
2482 9
2483 18
2484 9
2485 19
2486 21
2487 15
2488 22
2489 20
2490 24
2491 39
2492 48
2493 41
2494 35
2495 47
2496 50
2497 55
2498 64
2499 96
2500 96
2501 87
2502 95
2503 63
2504 73
2505 71
2506 77
2507 76
2508 63
2509 62
2510 60
2511 53
2512 56
2513 57
2514 63
2515 66
2516 51
2517 54
2518 29
2519 40
2520 32
2521 29
2522 18
2523 19
2524 11
2525 13
2526 13
2527 15
2528 12
2529 17
2530 13
2531 16
2532 13
2533 24
2534 12
2535 7
2536 11
2537 14
2538 12
2539 11
2540 13
2541 12
2542 12
2543 14
2544 11
2545 10
2546 8
2547 11
2548 12
2549 9
2550 6
2551 12
2552 10
2553 10
2554 12
2555 10
2556 13
2557 9
2558 18
2559 16
