0 26
1 20
2 26
3 24
4 23
5 15
6 20
7 31
8 21
9 23
10 26
11 21
12 27
13 28
14 26
15 27
16 20
17 25
18 24
19 18
20 23
21 23
22 24
23 20
24 26
25 35
26 25
27 16
28 31
29 27
30 24
31 16
32 20
33 25
34 25
35 14
36 20
37 24
38 28
39 30
40 15
41 24
42 22
43 21
44 22
45 26
46 22
47 24
48 26
49 21
50 31
51 37
52 25
53 19
54 21
55 29
56 24
57 21
58 33
59 24
60 20
61 23
62 28
63 18
64 24
65 30
66 28
67 28
68 26
69 26
70 27
71 26
72 17
73 31
74 30
75 28
76 21
77 19
78 28
79 26
80 21
81 37
82 26
83 21
84 20
85 23
86 27
87 26
88 22
89 23
90 26
91 35
92 28
93 24
94 24
95 30
96 23
97 28
98 20
99 27
100 30
101 26
102 24
103 21
104 24
105 29
106 29
107 32
108 32
109 26
110 37
111 33
112 23
113 23
114 25
115 33
116 22
117 26
118 33
119 21
120 20
121 20
122 26
123 22
124 27
125 23
126 30
127 25
128 22
129 21
130 23
131 27
132 25
133 27
134 30
135 24
136 19
137 27
138 20
139 25
140 36
141 24
142 23
143 34
144 14
145 27
146 24
147 32
148 27
149 32
150 22
151 33
152 28
153 25
154 34
155 33
156 31
157 21
158 22
159 26
160 24
161 17
162 33
163 16
164 36
165 28
166 29
167 31
168 30
169 20
170 22
171 31
172 25
173 26
174 28
175 18
176 27
177 20
178 28
179 29
180 36
181 25
182 20
183 27
184 29
185 19
186 27
187 35
188 28
189 18
190 35
191 23
192 29
193 23
194 28
195 33
196 29
197 33
198 20
199 20
200 34
201 29
202 28
203 29
204 30
205 31
206 13
207 33
208 40
209 33
210 32
211 31
212 29
213 35
214 28
215 19
216 31
217 15
218 36
219 31
220 32
221 15
222 29
223 43
224 29
225 26
226 29
227 32
228 31
229 25
230 21
231 22
232 25
233 34
234 23
235 23
236 30
237 21
238 32
239 46
240 30
241 26
242 32
243 30
244 29
245 25
246 31
247 25
248 30
249 40
250 34
251 21
252 26
253 33
254 33
255 27
256 33
257 37
258 32
259 31
260 37
261 35
262 28
263 30
264 30
265 38
266 29
267 26
268 23
269 37
270 34
271 25
272 33
273 30
274 30
275 32
276 30
277 22
278 39
279 29
280 27
281 31
282 37
283 44
284 28
285 24
286 44
287 29
288 26
289 30
290 23
291 37
292 29
293 29
294 34
295 31
296 29
297 29
298 35
299 30
300 23
301 35
302 30
303 29
304 42
305 26
306 33
307 31
308 38
309 24
310 27
311 28
312 37
313 30
314 36
315 30
316 33
317 25
318 34
319 42
320 35
321 27
322 26
323 31
324 33
325 23
326 35
327 32
328 33
329 37
330 23
331 33
332 33
333 30
334 17
335 24
336 31
337 40
338 27
339 26
340 31
341 35
342 38
343 37
344 37
345 39
346 34
347 37
348 32
349 23
350 25
351 34
352 33
353 29
354 38
355 33
356 30
357 32
358 35
359 34
360 32
361 24
362 30
363 33
364 29
365 29
366 27
367 54
368 28
369 24
370 37
371 19
372 31
373 27
374 24
375 33
376 34
377 36
378 33
379 33
380 33
381 22
382 30
383 17
384 25
385 31
386 33
387 30
388 42
389 36
390 25
391 34
392 32
393 37
394 27
395 32
396 28
397 38
398 37
399 30
400 35
401 28
402 36
403 29
404 25
405 33
406 29
407 43
408 20
409 32
410 24
411 26
412 31
413 40
414 35
415 31
416 31
417 32
418 33
419 34
420 37
421 27
422 31
423 33
424 27
425 31
426 42
427 33
428 27
429 39
430 29
431 30
432 34
433 40
434 34
435 41
436 29
437 34
438 34
439 30
440 28
441 30
442 25
443 41
444 39
445 36
446 42
447 35
448 35
449 24
450 47
451 27
452 33
453 33
454 37
455 29
456 33
457 26
458 30
459 38
460 31
461 33
462 46
463 29
464 31
465 31
466 33
467 40
468 43
469 28
470 32
471 36
472 33
473 32
474 33
475 31
476 36
477 21
478 35
479 41
480 44
481 27
482 34
483 22
484 33
485 35
486 29
487 33
488 23
489 38
490 39
491 40
492 38
493 28
494 39
495 27
496 25
497 36
498 39
499 31
500 33
501 21
502 27
503 30
504 44
505 30
506 29
507 32
508 33
509 30
510 43
511 29
512 25
513 29
514 24
515 31
516 40
517 32
518 26
519 33
520 29
521 36
522 34
523 35
524 20
525 41
526 46
527 36
528 23
529 39
530 31
531 29
532 35
533 30
534 40
535 30
536 38
537 26
538 33
539 28
540 28
541 32
542 40
543 40
544 32
545 35
546 24
547 34
548 25
549 36
550 35
551 30
552 40
553 41
554 35
555 39
556 33
557 35
558 33
559 29
560 31
561 29
562 29
563 41
564 40
565 34
566 38
567 37
568 41
569 27
570 30
571 30
572 24
573 40
574 46
575 21
576 32
577 27
578 37
579 34
580 24
581 32
582 37
583 22
584 26
585 37
586 35
587 40
588 31
589 27
590 21
591 28
592 20
593 40
594 26
595 27
596 34
597 26
598 30
599 29
600 29
601 35
602 29
603 29
604 36
605 24
606 32
607 37
608 30
609 29
610 27
611 41
612 43
613 32
614 27
615 37
616 33
617 40
618 30
619 37
620 38
621 41
622 44
623 46
624 72
625 49
626 56
627 50
628 62
629 60
630 55
631 58
632 54
633 53
634 59
635 59
636 51
637 61
638 82
639 100
640 108
641 118
642 119
643 129
644 88
645 98
646 96
647 107
648 103
649 116
650 109
651 98
652 106
653 86
654 80
655 61
656 51
657 41
658 46
659 51
660 28
661 37
662 32
663 45
664 44
665 41
666 47
667 30
668 33
669 35
670 35
671 32
672 40
673 43
674 33
675 38
676 28
677 32
678 36
679 34
680 38
681 41
682 28
683 37
684 37
685 21
686 33
687 45
688 28
689 38
690 41
691 39
692 38
693 35
694 30
695 34
696 43
697 23
698 29
699 32
700 34
701 50
702 20
703 26
704 35
705 49
706 36
707 35
708 35
709 36
710 30
711 41
712 31
713 28
714 33
715 35
716 22
717 35
718 31
719 28
720 32
721 34
722 30
723 34
724 30
725 34
726 41
727 42
728 29
729 34
730 33
731 48
732 38
733 39
734 32
735 28
736 25
737 33
738 23
739 29
740 39
741 38
742 31
743 37
744 24
745 31
746 29
747 39
748 24
749 31
750 28
751 33
752 25
753 26
754 48
755 36
756 24
757 26
758 42
759 29
760 31
761 37
762 16
763 39
764 25
765 34
766 31
767 37
768 34
769 33
770 29
771 32
772 31
773 41
774 28
775 31
776 42
777 30
778 24
779 37
780 28
781 32
782 41
783 40
784 23
785 25
786 33
787 36
788 33
789 32
790 35
791 37
792 46
793 23
794 35
795 40
796 37
797 31
798 41
799 25
800 29
801 45
802 28
803 34
804 39
805 26
806 39
807 37
808 33
809 44
810 29
811 39
812 36
813 49
814 39
815 33
816 31
817 28
818 33
819 31
820 28
821 43
822 36
823 37
824 32
825 37
826 42
827 40
828 29
829 21
830 27
831 36
832 24
833 25
834 34
835 36
836 30
837 37
838 28
839 54
840 45
841 43
842 28
843 43
844 27
845 25
846 34
847 40
848 31
849 43
850 26
851 32
852 22
853 37
854 36
855 36
856 38
857 32
858 28
859 38
860 35
861 32
862 41
863 31
864 36
865 29
866 37
867 41
868 30
869 30
870 26
871 18
872 32
873 36
874 32
875 31
876 33
877 30
878 30
879 34
880 31
881 38
882 25
883 34
884 41
885 37
886 22
887 39
888 40
889 31
890 41
891 24
892 21
893 28
894 33
895 23
896 34
897 24
898 33
899 23
900 33
901 33
902 36
903 38
904 38
905 36
906 31
907 43
908 32
909 34
910 19
911 29
912 28
913 35
914 29
915 29
916 25
917 27
918 25
919 31
920 36
921 28
922 33
923 28
924 27
925 22
926 30
927 26
928 26
929 19
930 34
931 29
932 41
933 32
934 23
935 38
936 38
937 32
938 33
939 35
940 44
941 36
942 33
943 21
944 26
945 35
946 39
947 31
948 35
949 32
950 44
951 34
952 30
953 39
954 32
955 33
956 30
957 46
958 19
959 23
960 44
961 38
962 38
963 26
964 31
965 29
966 32
967 34
968 37
969 37
970 21
971 24
972 33
973 26
974 29
975 23
976 26
977 21
978 31
979 32
980 21
981 22
982 32
983 28
984 20
985 29
986 29
987 25
988 25
989 36
990 33
991 20
992 37
993 31
994 30
995 35
996 26
997 30
998 42
999 30
1000 28
1001 25
1002 44
1003 35
1004 31
1005 49
1006 30
1007 41
1008 24
1009 32
1010 26
1011 36
1012 31
1013 33
1014 25
1015 34
1016 21
1017 33
1018 40
1019 35
1020 33
1021 28
1022 22
1023 33
1024 31
1025 44
1026 24
1027 32
1028 32
1029 31
1030 35
1031 33
1032 30
1033 46
1034 34
1035 32
1036 29
1037 24
1038 25
1039 23
1040 35
1041 36
1042 27
1043 29
1044 37
1045 36
1046 34
1047 28
1048 39
1049 26
1050 32
1051 25
1052 35
1053 39
1054 36
1055 32
1056 35
1057 33
1058 33
1059 24
1060 37
1061 29
1062 29
1063 24
1064 25
1065 21
1066 34
1067 27
1068 21
1069 32
1070 42
1071 37
1072 30
1073 35
1074 31
1075 24
1076 35
1077 40
1078 24
1079 28
1080 25
1081 26
1082 36
1083 37
1084 28
1085 25
1086 31
1087 32
1088 33
1089 37
1090 36
1091 25
1092 27
1093 32
1094 37
1095 26
1096 26
1097 28
1098 24
1099 31
1100 34
1101 32
1102 27
1103 22
1104 30
1105 27
1106 29
1107 39
1108 36
1109 33
1110 33
1111 25
1112 32
1113 23
1114 28
1115 23
1116 24
1117 31
1118 30
1119 23
1120 27
1121 19
1122 35
1123 26
1124 21
1125 30
1126 23
1127 28
1128 28
1129 24
1130 34
1131 30
1132 32
1133 36
1134 31
1135 29
1136 46
1137 27
1138 30
1139 35
1140 25
1141 40
1142 32
1143 31
1144 46
1145 27
1146 24
1147 20
1148 28
1149 25
1150 25
1151 29
1152 33
1153 42
1154 32
1155 29
1156 37
1157 26
1158 36
1159 32
1160 38
1161 28
1162 34
1163 28
1164 32
1165 45
1166 35
1167 26
1168 30
1169 38
1170 33
1171 24
1172 26
1173 41
1174 32
1175 41
1176 40
1177 40
1178 52
1179 56
1180 81
1181 105
1182 109
1183 132
1184 149
1185 211
1186 281
1187 277
1188 313
1189 332
1190 373
1191 457
1192 509
1193 492
1194 403
1195 422
1196 429
1197 500
1198 452
1199 428
1200 418
1201 320
1202 244
1203 195
1204 189
1205 140
1206 97
1207 69
1208 56
1209 37
1210 28
1211 35
1212 30
1213 28
1214 32
1215 33
1216 27
1217 39
1218 30
1219 44
1220 27
1221 33
1222 38
1223 28
1224 39
1225 35
1226 25
1227 30
1228 33
1229 34
1230 26
1231 26
1232 28
1233 20
1234 30
1235 20
1236 36
1237 31
1238 19
1239 25
1240 29
1241 21
1242 26
1243 35
1244 30
1245 29
1246 35
1247 26
1248 27
1249 40
1250 32
1251 33
1252 28
1253 43
1254 33
1255 45
1256 25
1257 31
1258 30
1259 35
1260 34
1261 30
1262 19
1263 26
1264 22
1265 21
1266 21
1267 25
1268 25
1269 27
1270 18
1271 20
1272 17
1273 15
1274 25
1275 19
1276 15
1277 10
1278 8
1279 2
1280 29
1281 33
1282 23
1283 20
1284 25
1285 28
1286 23
1287 22
1288 18
1289 25
1290 16
1291 32
1292 25
1293 14
1294 21
1295 25
1296 23
1297 19
1298 20
1299 29
1300 21
1301 21
1302 22
1303 26
1304 19
1305 22
1306 16
1307 17
1308 18
1309 26
1310 20
1311 15
1312 21
1313 22
1314 23
1315 19
1316 23
1317 27
1318 16
1319 23
1320 19
1321 24
1322 19
1323 22
1324 27
1325 22
1326 24
1327 22
1328 19
1329 29
1330 27
1331 20
1332 31
1333 17
1334 23
1335 26
1336 19
1337 18
1338 24
1339 19
1340 17
1341 23
1342 27
1343 20
1344 22
1345 19
1346 16
1347 23
1348 23
1349 20
1350 20
1351 23
1352 16
1353 24
1354 21
1355 23
1356 20
1357 27
1358 20
1359 24
1360 29
1361 28
1362 18
1363 25
1364 28
1365 16
1366 19
1367 19
1368 18
1369 22
1370 21
1371 16
1372 13
1373 20
1374 14
1375 22
1376 23
1377 26
1378 11
1379 20
1380 13
1381 17
1382 18
1383 23
1384 20
1385 13
1386 19
1387 21
1388 23
1389 20
1390 27
1391 24
1392 18
1393 21
1394 24
1395 24
1396 30
1397 24
1398 22
1399 26
1400 19
1401 14
1402 15
1403 21
1404 24
1405 19
1406 20
1407 18
1408 26
1409 24
1410 28
1411 32
1412 35
1413 32
1414 45
1415 53
1416 48
1417 51
1418 43
1419 47
1420 42
1421 57
1422 54
1423 45
1424 29
1425 34
1426 38
1427 25
1428 35
1429 27
1430 23
1431 18
1432 27
1433 20
1434 19
1435 20
1436 24
1437 19
1438 22
1439 10
1440 20
1441 19
1442 12
1443 22
1444 22
1445 21
1446 22
1447 16
1448 18
1449 22
1450 23
1451 17
1452 22
1453 20
1454 14
1455 21
1456 16
1457 17
1458 21
1459 23
1460 24
1461 20
1462 19
1463 20
1464 22
1465 29
1466 15
1467 20
1468 15
1469 18
1470 19
1471 9
1472 22
1473 21
1474 22
1475 16
1476 19
1477 42
1478 22
1479 21
1480 24
1481 22
1482 17
1483 21
1484 23
1485 23
1486 21
1487 14
1488 18
1489 26
1490 26
1491 41
1492 28
1493 37
1494 38
1495 44
1496 68
1497 67
1498 81
1499 103
1500 92
1501 101
1502 106
1503 153
1504 170
1505 215
1506 254
1507 246
1508 277
1509 243
1510 194
1511 172
1512 144
1513 91
1514 87
1515 98
1516 94
1517 86
1518 86
1519 62
1520 44
1521 22
1522 16
1523 23
1524 26
1525 17
1526 29
1527 16
1528 22
1529 19
1530 19
1531 21
1532 18
1533 19
1534 19
1535 13
1536 13
1537 16
1538 19
1539 19
1540 27
1541 20
1542 22
1543 27
1544 20
1545 18
1546 16
1547 20
1548 19
1549 15
1550 20
1551 16
1552 16
1553 22
1554 12
1555 19
1556 19
1557 19
1558 24
1559 19
1560 23
1561 16
1562 26
1563 12
1564 21
1565 20
1566 15
1567 19
1568 21
1569 23
1570 16
1571 22
1572 25
1573 20
1574 21
1575 15
1576 21
1577 18
1578 21
1579 24
1580 16
1581 28
1582 17
1583 20
1584 18
1585 17
1586 16
1587 21
1588 26
1589 17
1590 14
1591 22
1592 18
1593 15
1594 20
1595 29
1596 19
1597 21
1598 23
1599 19
1600 13
1601 21
1602 20
1603 10
1604 18
1605 20
1606 15
1607 15
1608 18
1609 22
1610 17
1611 22
1612 17
1613 9
1614 11
1615 20
1616 18
1617 16
1618 18
1619 14
1620 22
1621 20
1622 20
1623 27
1624 32
1625 22
1626 18
1627 17
1628 18
1629 14
1630 23
1631 16
1632 14
1633 17
1634 13
1635 14
1636 18
1637 23
1638 16
1639 20
1640 15
1641 19
1642 15
1643 20
1644 15
1645 19
1646 25
1647 17
1648 15
1649 17
1650 17
1651 21
1652 24
1653 19
1654 19
1655 18
1656 20
1657 22
1658 25
1659 22
1660 19
1661 21
1662 24
1663 19
1664 14
1665 12
1666 13
1667 13
1668 27
1669 14
1670 10
1671 15
1672 21
1673 23
1674 18
1675 17
1676 15
1677 10
1678 16
1679 17
1680 29
1681 14
1682 18
1683 12
1684 16
1685 11
1686 21
1687 13
1688 18
1689 15
1690 17
1691 14
1692 19
1693 17
1694 15
1695 19
1696 19
1697 17
1698 25
1699 26
1700 16
1701 19
1702 17
1703 24
1704 14
1705 14
1706 17
1707 14
1708 18
1709 24
1710 19
1711 15
1712 17
1713 22
1714 21
1715 11
1716 19
1717 19
1718 23
1719 17
1720 17
1721 19
1722 14
1723 13
1724 15
1725 15
1726 11
1727 20
1728 11
1729 14
1730 16
1731 15
1732 21
1733 21
1734 21
1735 12
1736 14
1737 19
1738 15
1739 17
1740 14
1741 8
1742 9
1743 14
1744 30
1745 15
1746 18
1747 19
1748 19
1749 18
1750 17
1751 20
1752 19
1753 24
1754 21
1755 16
1756 18
1757 12
1758 14
1759 15
1760 22
1761 14
1762 17
1763 20
1764 14
1765 15
1766 14
1767 22
1768 17
1769 17
1770 15
1771 18
1772 16
1773 17
1774 16
1775 16
1776 23
1777 22
1778 17
1779 16
1780 11
1781 16
1782 17
1783 14
1784 17
1785 22
1786 15
1787 13
1788 21
1789 16
1790 24
1791 19
1792 21
1793 15
1794 20
1795 13
1796 10
1797 16
1798 16
1799 19
1800 20
1801 14
1802 18
1803 12
1804 16
1805 17
1806 20
1807 15
1808 15
1809 19
1810 19
1811 12
1812 15
1813 23
1814 18
1815 18
1816 16
1817 19
1818 15
1819 14
1820 20
1821 16
1822 20
1823 15
1824 17
1825 16
1826 14
1827 16
1828 24
1829 17
1830 17
1831 21
1832 13
1833 18
1834 19
1835 13
1836 19
1837 14
1838 19
1839 17
1840 16
1841 16
1842 10
1843 9
1844 14
1845 24
1846 13
1847 16
1848 21
1849 14
1850 14
1851 13
1852 12
1853 20
1854 21
1855 17
1856 13
1857 17
1858 17
1859 10
1860 12
1861 15
1862 20
1863 14
1864 14
1865 23
1866 18
1867 13
1868 20
1869 18
1870 16
1871 20
1872 18
1873 13
1874 16
1875 18
1876 15
1877 23
1878 20
1879 23
1880 15
1881 10
1882 12
1883 11
1884 14
1885 16
1886 17
1887 16
1888 20
1889 25
1890 16
1891 21
1892 13
1893 15
1894 21
1895 18
1896 19
1897 11
1898 21
1899 24
1900 12
1901 15
1902 17
1903 26
1904 18
1905 15
1906 19
1907 14
1908 16
1909 24
1910 22
1911 14
1912 11
1913 19
1914 16
1915 13
1916 13
1917 14
1918 23
1919 15
1920 13
1921 21
1922 18
1923 20
1924 15
1925 9
1926 21
1927 22
1928 14
1929 15
1930 28
1931 15
1932 22
1933 15
1934 19
1935 20
1936 14
1937 12
1938 20
1939 21
1940 22
1941 15
1942 24
1943 13
1944 33
1945 21
1946 21
1947 14
1948 24
1949 16
1950 16
1951 19
1952 24
1953 15
1954 15
1955 12
1956 17
1957 16
1958 17
1959 13
1960 15
1961 19
1962 19
1963 13
1964 10
1965 14
1966 19
1967 15
1968 22
1969 19
1970 15
1971 15
1972 14
1973 17
1974 18
1975 13
1976 19
1977 22
1978 25
1979 25
1980 32
1981 25
1982 26
1983 23
1984 39
1985 52
1986 62
1987 53
1988 68
1989 57
1990 78
1991 108
1992 91
1993 108
1994 99
1995 104
1996 139
1997 148
1998 152
1999 111
2000 117
2001 119
2002 102
2003 117
2004 70
2005 53
2006 52
2007 44
2008 31
2009 29
2010 24
2011 24
2012 24
2013 14
2014 17
2015 16
2016 14
2017 11
2018 17
2019 11
2020 10
2021 17
2022 16
2023 13
2024 18
2025 18
2026 12
2027 13
2028 16
2029 11
2030 14
2031 10
2032 12
2033 12
2034 11
2035 14
2036 14
2037 22
2038 12
2039 12
2040 17
2041 19
2042 20
2043 18
2044 9
2045 8
2046 21
2047 18
2048 17
2049 12
2050 16
2051 18
2052 10
2053 13
2054 17
2055 15
2056 14
2057 10
2058 17
2059 14
2060 14
2061 17
2062 14
2063 17
2064 14
2065 17
2066 11
2067 18
2068 12
2069 12
2070 20
2071 20
2072 15
2073 11
2074 16
2075 19
2076 13
2077 9
2078 17
2079 10
2080 19
2081 10
2082 12
2083 12
2084 10
2085 20
2086 14
2087 16
2088 20
2089 15
2090 14
2091 11
2092 12
2093 15
2094 13
2095 19
2096 13
2097 15
2098 9
2099 17
2100 8
2101 17
2102 19
2103 15
2104 11
2105 22
2106 10
2107 14
2108 17
2109 9
2110 11
2111 10
2112 15
2113 12
2114 13
2115 19
2116 16
2117 19
2118 14
2119 14
2120 19
2121 14
2122 11
2123 17
2124 10
2125 14
2126 12
2127 13
2128 9
2129 17
2130 13
2131 17
2132 7
2133 13
2134 11
2135 12
2136 12
2137 14
2138 9
2139 16
2140 16
2141 5
2142 10
2143 10
2144 11
2145 17
2146 11
2147 15
2148 19
2149 13
2150 10
2151 8
2152 12
2153 13
2154 15
2155 25
2156 15
2157 9
2158 7
2159 12
2160 17
2161 6
2162 13
2163 16
2164 20
2165 16
2166 12
2167 12
2168 12
2169 11
2170 16
2171 16
2172 12
2173 12
2174 17
2175 12
2176 16
2177 10
2178 16
2179 14
2180 9
2181 15
2182 15
2183 15
2184 17
2185 18
2186 15
2187 13
2188 15
2189 15
2190 17
2191 11
2192 14
2193 12
2194 22
2195 12
2196 16
2197 14
2198 14
2199 17
2200 7
2201 15
2202 11
2203 9
2204 25
2205 24
2206 11
2207 6
2208 12
2209 13
2210 15
2211 13
2212 10
2213 15
2214 8
2215 16
2216 9
2217 13
2218 12
2219 15
2220 15
2221 17
2222 15
2223 14
2224 15
2225 17
2226 13
2227 8
2228 13
2229 16
2230 19
2231 16
2232 15
2233 13
2234 11
2235 18
2236 18
2237 18
2238 17
2239 16
2240 16
2241 27
2242 20
2243 29
2244 38
2245 26
2246 53
2247 63
2248 67
2249 78
2250 88
2251 90
2252 93
2253 130
2254 186
2255 219
2256 346
2257 398
2258 437
2259 479
2260 366
2261 344
2262 394
2263 485
2264 599
2265 592
2266 487
2267 478
2268 420
2269 372
2270 383
2271 362
2272 422
2273 352
2274 381
2275 314
2276 268
2277 230
2278 200
2279 197
2280 125
2281 84
2282 80
2283 67
2284 39
2285 23
2286 19
2287 24
2288 34
2289 20
2290 20
2291 13
2292 20
2293 19
2294 24
2295 14
2296 20
2297 22
2298 16
2299 13
2300 15
2301 17
2302 6
2303 13
2304 20
2305 16
2306 14
2307 11
2308 9
2309 15
2310 10
2311 9
2312 13
2313 14
2314 11
2315 8
2316 17
2317 23
2318 8
2319 16
2320 8
2321 14
2322 14
2323 17
2324 16
2325 14
2326 14
2327 15
2328 16
2329 11
2330 16
2331 12
2332 17
2333 22
2334 8
2335 16
2336 16
2337 11
2338 12
2339 7
2340 20
2341 13
2342 7
2343 11
2344 15
2345 15
2346 12
2347 13
2348 15
2349 18
2350 9
2351 12
2352 11
2353 6
2354 8
2355 12
2356 11
2357 18
2358 16
2359 7
2360 16
2361 8
2362 13
2363 14
2364 12
2365 12
2366 16
2367 10
2368 7
2369 15
2370 14
2371 11
2372 10
2373 16
2374 17
2375 14
2376 14
2377 17
2378 15
2379 12
2380 11
2381 11
2382 10
2383 16
2384 17
2385 16
2386 21
2387 15
2388 20
2389 20
2390 18
2391 10
2392 11
2393 9
2394 15
2395 14
2396 12
2397 16
2398 19
2399 18
2400 16
2401 12
2402 12
2403 14
2404 16
2405 8
2406 10
2407 16
2408 10
2409 15
2410 14
2411 17
2412 14
2413 17
2414 7
2415 10
2416 17
2417 14
2418 15
2419 12
2420 13
2421 9
2422 7
2423 9
2424 11
2425 13
2426 14
2427 14
2428 11
2429 14
2430 11
2431 17
2432 8
2433 16
2434 13
2435 13
2436 12
2437 14
2438 19
2439 11
2440 11
2441 10
2442 19
2443 9
2444 13
2445 14
2446 13
2447 5
2448 19
2449 10
2450 8
2451 12
2452 22
2453 11
2454 12
2455 20
2456 10
2457 13
2458 20
2459 19
2460 15
2461 19
2462 16
2463 20
2464 19
2465 40
2466 34
2467 37
2468 33
2469 41
2470 38
2471 43
2472 46
2473 60
2474 90
2475 88
2476 104
2477 117
2478 89
2479 91
2480 70
2481 71
2482 63
2483 73
2484 53
2485 60
2486 67
2487 65
2488 57
2489 46
2490 49
2491 54
2492 39
2493 29
2494 27
2495 25
2496 21
2497 23
2498 30
2499 18
2500 23
2501 11
2502 17
2503 13
2504 9
2505 15
2506 16
2507 14
2508 20
2509 23
2510 13
2511 18
2512 12
2513 8
2514 14
2515 14
2516 10
2517 9
2518 14
2519 20
2520 6
2521 14
2522 13
2523 12
2524 10
2525 13
2526 9
2527 15
2528 15
2529 12
2530 10
2531 12
2532 14
2533 11
2534 9
2535 14
2536 21
2537 19
2538 9
2539 9
2540 10
2541 11
2542 19
2543 13
2544 11
2545 12
2546 10
2547 6
2548 6
2549 9
2550 7
2551 10
2552 10
2553 11
2554 8
2555 11
2556 15
2557 11
2558 7
2559 7
