0 37
1 22
2 30
3 24
4 32
5 34
6 35
7 44
8 39
9 37
10 34
11 40
12 35
13 41
14 23
15 34
16 37
17 44
18 36
19 21
20 32
21 33
22 41
23 31
24 36
25 36
26 33
27 31
28 27
29 31
30 32
31 31
32 39
33 33
34 45
35 29
36 31
37 32
38 32
39 29
40 33
41 45
42 39
43 33
44 27
45 46
46 31
47 36
48 26
49 36
50 35
51 41
52 32
53 33
54 28
55 43
56 31
57 35
58 35
59 36
60 41
61 29
62 28
63 41
64 20
65 36
66 32
67 30
68 35
69 40
70 32
71 29
72 35
73 34
74 35
75 31
76 33
77 45
78 39
79 26
80 35
81 38
82 24
83 43
84 48
85 32
86 29
87 41
88 29
89 39
90 32
91 37
92 27
93 35
94 21
95 30
96 25
97 32
98 35
99 30
100 34
101 33
102 29
103 36
104 37
105 37
106 35
107 47
108 35
109 29
110 36
111 42
112 36
113 23
114 39
115 33
116 46
117 37
118 35
119 38
120 32
121 36
122 37
123 43
124 40
125 42
126 42
127 38
128 49
129 33
130 29
131 32
132 32
133 38
134 49
135 39
136 40
137 28
138 40
139 37
140 40
141 39
142 31
143 31
144 35
145 34
146 34
147 27
148 36
149 34
150 35
151 39
152 31
153 42
154 29
155 43
156 38
157 47
158 33
159 28
160 28
161 45
162 41
163 27
164 23
165 33
166 42
167 36
168 35
169 28
170 42
171 39
172 25
173 33
174 34
175 41
176 26
177 40
178 32
179 32
180 29
181 33
182 47
183 54
184 38
185 39
186 29
187 36
188 43
189 34
190 38
191 32
192 33
193 43
194 30
195 44
196 28
197 34
198 35
199 37
200 38
201 26
202 32
203 34
204 43
205 33
206 31
207 40
208 39
209 35
210 41
211 22
212 33
213 36
214 32
215 44
216 31
217 43
218 41
219 33
220 34
221 46
222 34
223 38
224 46
225 29
226 28
227 35
228 32
229 46
230 43
231 39
232 45
233 34
234 30
235 33
236 42
237 34
238 39
239 42
240 45
241 34
242 44
243 44
244 34
245 31
246 40
247 39
248 27
249 38
250 36
251 40
252 45
253 34
254 35
255 33
256 44
257 38
258 45
259 38
260 32
261 38
262 37
263 41
264 30
265 32
266 35
267 45
268 45
269 43
270 42
271 31
272 39
273 40
274 44
275 33
276 44
277 40
278 45
279 44
280 33
281 36
282 44
283 41
284 39
285 27
286 32
287 37
288 33
289 38
290 42
291 48
292 31
293 36
294 37
295 32
296 35
297 27
298 42
299 36
300 38
301 43
302 42
303 38
304 35
305 37
306 50
307 40
308 41
309 40
310 43
311 34
312 40
313 34
314 46
315 46
316 47
317 31
318 32
319 48
320 47
321 34
322 44
323 40
324 35
325 40
326 47
327 28
328 35
329 41
330 31
331 37
332 30
333 27
334 29
335 44
336 28
337 35
338 50
339 31
340 43
341 42
342 43
343 42
344 40
345 36
346 34
347 38
348 44
349 47
350 41
351 35
352 36
353 38
354 51
355 42
356 47
357 52
358 46
359 43
360 36
361 40
362 31
363 29
364 42
365 37
366 33
367 37
368 38
369 40
370 41
371 34
372 39
373 53
374 44
375 37
376 41
377 38
378 55
379 42
380 40
381 32
382 49
383 35
384 56
385 39
386 35
387 38
388 32
389 50
390 47
391 46
392 32
393 47
394 41
395 39
396 26
397 39
398 37
399 37
400 42
401 46
402 31
403 34
404 44
405 35
406 30
407 44
408 39
409 46
410 33
411 35
412 40
413 45
414 37
415 34
416 36
417 37
418 28
419 34
420 40
421 47
422 38
423 37
424 35
425 45
426 45
427 46
428 46
429 47
430 44
431 45
432 36
433 43
434 42
435 40
436 41
437 31
438 39
439 40
440 37
441 35
442 52
443 50
444 44
445 34
446 46
447 35
448 36
449 46
450 40
451 44
452 46
453 37
454 36
455 39
456 35
457 39
458 37
459 46
460 35
461 47
462 36
463 39
464 39
465 36
466 32
467 46
468 38
469 38
470 38
471 28
472 39
473 40
474 47
475 42
476 36
477 37
478 51
479 50
480 40
481 40
482 38
483 34
484 39
485 47
486 43
487 44
488 47
489 36
490 37
491 37
492 37
493 42
494 42
495 32
496 39
497 34
498 52
499 56
500 55
501 46
502 39
503 49
504 61
505 54
506 67
507 52
508 52
509 46
510 70
511 60
512 71
513 63
514 67
515 76
516 72
517 90
518 73
519 76
520 98
521 91
522 100
523 83
524 84
525 79
526 99
527 98
528 95
529 80
530 78
531 66
532 88
533 53
534 58
535 54
536 39
537 43
538 38
539 39
540 38
541 44
542 40
543 37
544 45
545 39
546 50
547 43
548 35
549 29
550 45
551 51
552 38
553 33
554 51
555 57
556 35
557 37
558 47
559 41
560 42
561 49
562 33
563 39
564 37
565 50
566 38
567 41
568 36
569 34
570 33
571 31
572 29
573 46
574 41
575 48
576 38
577 49
578 40
579 39
580 39
581 34
582 43
583 39
584 37
585 30
586 37
587 45
588 38
589 35
590 46
591 43
592 42
593 49
594 43
595 53
596 45
597 40
598 51
599 41
600 40
601 45
602 40
603 43
604 35
605 36
606 38
607 30
608 41
609 47
610 41
611 32
612 44
613 23
614 44
615 46
616 41
617 40
618 35
619 46
620 41
621 39
622 36
623 42
624 33
625 56
626 40
627 35
628 51
629 46
630 38
631 37
632 27
633 28
634 42
635 31
636 38
637 42
638 48
639 41
640 49
641 44
642 36
643 30
644 48
645 39
646 50
647 44
648 48
649 48
650 54
651 45
652 44
653 31
654 48
655 35
656 47
657 25
658 33
659 47
660 45
661 40
662 34
663 52
664 39
665 51
666 46
667 36
668 45
669 36
670 37
671 35
672 36
673 42
674 43
675 45
676 37
677 46
678 48
679 50
680 30
681 43
682 42
683 42
684 40
685 50
686 45
687 41
688 48
689 33
690 31
691 34
692 43
693 46
694 41
695 51
696 52
697 36
698 41
699 45
700 42
701 26
702 55
703 45
704 28
705 24
706 37
707 45
708 50
709 41
710 43
711 36
712 38
713 40
714 41
715 32
716 40
717 48
718 29
719 35
720 34
721 32
722 46
723 37
724 45
725 38
726 40
727 50
728 43
729 46
730 41
731 30
732 35
733 41
734 53
735 42
736 45
737 39
738 39
739 40
740 43
741 42
742 52
743 44
744 33
745 57
746 40
747 40
748 45
749 41
750 42
751 37
752 32
753 36
754 42
755 30
756 32
757 41
758 44
759 35
760 38
761 44
762 36
763 48
764 41
765 38
766 36
767 24
768 30
769 40
770 40
771 33
772 34
773 37
774 33
775 42
776 39
777 32
778 33
779 49
780 43
781 43
782 43
783 53
784 39
785 50
786 35
787 38
788 48
789 41
790 43
791 39
792 39
793 34
794 35
795 34
796 30
797 29
798 34
799 37
800 44
801 33
802 33
803 55
804 38
805 48
806 35
807 36
808 45
809 49
810 48
811 31
812 34
813 38
814 43
815 34
816 43
817 41
818 41
819 38
820 41
821 29
822 38
823 42
824 44
825 38
826 33
827 50
828 41
829 26
830 40
831 43
832 39
833 40
834 28
835 41
836 40
837 45
838 37
839 36
840 38
841 40
842 38
843 31
844 35
845 41
846 44
847 47
848 43
849 42
850 32
851 42
852 38
853 39
854 50
855 47
856 39
857 37
858 37
859 39
860 48
861 40
862 33
863 45
864 41
865 37
866 38
867 39
868 38
869 35
870 29
871 43
872 25
873 33
874 49
875 24
876 28
877 32
878 47
879 35
880 41
881 39
882 28
883 43
884 30
885 45
886 34
887 34
888 29
889 46
890 32
891 25
892 28
893 41
894 45
895 37
896 38
897 35
898 38
899 31
900 41
901 31
902 54
903 46
904 36
905 44
906 35
907 45
908 50
909 32
910 42
911 34
912 38
913 36
914 28
915 37
916 30
917 27
918 38
919 33
920 39
921 36
922 38
923 29
924 36
925 36
926 35
927 37
928 39
929 44
930 31
931 40
932 31
933 29
934 41
935 35
936 36
937 44
938 40
939 34
940 37
941 48
942 35
943 25
944 35
945 37
946 40
947 26
948 30
949 47
950 29
951 35
952 28
953 40
954 40
955 35
956 37
957 27
958 33
959 32
960 27
961 31
962 29
963 26
964 33
965 48
966 34
967 44
968 35
969 32
970 24
971 38
972 40
973 26
974 30
975 29
976 46
977 36
978 28
979 42
980 24
981 33
982 31
983 33
984 44
985 29
986 29
987 32
988 36
989 47
990 38
991 39
992 43
993 39
994 30
995 27
996 28
997 38
998 37
999 26
1000 45
1001 32
1002 34
1003 29
1004 43
1005 48
1006 46
1007 50
1008 41
1009 48
1010 44
1011 44
1012 55
1013 52
1014 48
1015 38
1016 48
1017 63
1018 65
1019 57
1020 63
1021 71
1022 99
1023 111
1024 105
1025 128
1026 119
1027 148
1028 164
1029 228
1030 244
1031 267
1032 324
1033 380
1034 541
1035 679
1036 665
1037 609
1038 565
1039 580
1040 664
1041 579
1042 461
1043 431
1044 398
1045 286
1046 207
1047 164
1048 161
1049 141
1050 104
1051 63
1052 52
1053 45
1054 46
1055 29
1056 38
1057 33
1058 31
1059 40
1060 46
1061 37
1062 30
1063 29
1064 26
1065 33
1066 41
1067 28
1068 31
1069 34
1070 25
1071 42
1072 37
1073 36
1074 38
1075 28
1076 45
1077 40
1078 42
1079 39
1080 42
1081 36
1082 33
1083 27
1084 26
1085 35
1086 47
1087 26
1088 29
1089 42
1090 38
1091 32
1092 33
1093 38
1094 29
1095 41
1096 35
1097 43
1098 43
1099 24
1100 29
1101 35
1102 32
1103 30
1104 36
1105 33
1106 43
1107 39
1108 37
1109 30
1110 35
1111 44
1112 29
1113 36
1114 29
1115 34
1116 44
1117 34
1118 28
1119 35
1120 41
1121 38
1122 28
1123 29
1124 29
1125 32
1126 35
1127 43
1128 36
1129 30
1130 35
1131 27
1132 40
1133 29
1134 25
1135 30
1136 35
1137 41
1138 29
1139 22
1140 39
1141 44
1142 33
1143 29
1144 34
1145 32
1146 33
1147 30
1148 24
1149 26
1150 24
1151 36
1152 41
1153 39
1154 43
1155 42
1156 47
1157 55
1158 48
1159 39
1160 54
1161 46
1162 34
1163 45
1164 48
1165 46
1166 47
1167 44
1168 60
1169 90
1170 90
1171 79
1172 55
1173 77
1174 76
1175 69
1176 55
1177 49
1178 58
1179 55
1180 54
1181 58
1182 39
1183 37
1184 33
1185 29
1186 26
1187 32
1188 32
1189 25
1190 29
1191 37
1192 28
1193 31
1194 42
1195 34
1196 23
1197 26
1198 26
1199 39
1200 36
1201 31
1202 26
1203 25
1204 35
1205 35
1206 28
1207 22
1208 31
1209 19
1210 35
1211 26
1212 38
1213 24
1214 28
1215 24
1216 26
1217 36
1218 26
1219 41
1220 17
1221 17
1222 31
1223 40
1224 37
1225 33
1226 31
1227 27
1228 34
1229 29
1230 46
1231 31
1232 32
1233 27
1234 29
1235 37
1236 35
1237 28
1238 32
1239 45
1240 42
1241 36
1242 23
1243 24
1244 23
1245 40
1246 33
1247 28
1248 35
1249 34
1250 26
1251 29
1252 25
1253 41
1254 37
1255 33
1256 34
1257 24
1258 34
1259 23
1260 37
1261 29
1262 19
1263 30
1264 36
1265 31
1266 26
1267 25
1268 27
1269 19
1270 22
1271 23
1272 22
1273 18
1274 24
1275 22
1276 9
1277 11
1278 16
1279 21
1280 34
1281 37
1282 34
1283 32
1284 27
1285 24
1286 21
1287 22
1288 23
1289 27
1290 19
1291 15
1292 28
1293 32
1294 15
1295 26
1296 26
1297 31
1298 24
1299 26
1300 29
1301 42
1302 44
1303 45
1304 56
1305 66
1306 51
1307 57
1308 62
1309 70
1310 78
1311 120
1312 117
1313 111
1314 112
1315 123
1316 133
1317 179
1318 221
1319 216
1320 183
1321 208
1322 233
1323 223
1324 190
1325 137
1326 128
1327 149
1328 157
1329 84
1330 95
1331 92
1332 75
1333 113
1334 76
1335 44
1336 38
1337 33
1338 36
1339 26
1340 26
1341 29
1342 27
1343 28
1344 18
1345 18
1346 30
1347 35
1348 29
1349 21
1350 29
1351 26
1352 20
1353 23
1354 16
1355 25
1356 15
1357 29
1358 23
1359 24
1360 20
1361 24
1362 26
1363 20
1364 19
1365 26
1366 28
1367 23
1368 20
1369 29
1370 10
1371 24
1372 22
1373 28
1374 29
1375 23
1376 19
1377 19
1378 24
1379 21
1380 24
1381 22
1382 21
1383 24
1384 23
1385 18
1386 31
1387 22
1388 22
1389 23
1390 31
1391 19
1392 34
1393 17
1394 19
1395 25
1396 23
1397 23
1398 24
1399 20
1400 26
1401 22
1402 24
1403 34
1404 26
1405 27
1406 23
1407 18
1408 23
1409 29
1410 33
1411 18
1412 24
1413 19
1414 24
1415 20
1416 28
1417 24
1418 29
1419 25
1420 19
1421 18
1422 22
1423 22
1424 27
1425 22
1426 24
1427 19
1428 19
1429 22
1430 28
1431 20
1432 15
1433 20
1434 20
1435 19
1436 19
1437 19
1438 17
1439 25
1440 19
1441 26
1442 20
1443 27
1444 18
1445 24
1446 29
1447 22
1448 23
1449 23
1450 22
1451 21
1452 24
1453 22
1454 30
1455 30
1456 24
1457 17
1458 20
1459 26
1460 21
1461 22
1462 23
1463 20
1464 27
1465 26
1466 21
1467 23
1468 25
1469 21
1470 29
1471 15
1472 16
1473 20
1474 20
1475 24
1476 32
1477 18
1478 21
1479 24
1480 22
1481 18
1482 18
1483 14
1484 18
1485 11
1486 16
1487 27
1488 29
1489 25
1490 16
1491 21
1492 19
1493 25
1494 17
1495 21
1496 25
1497 23
1498 20
1499 15
1500 18
1501 24
1502 25
1503 18
1504 25
1505 24
1506 18
1507 18
1508 14
1509 26
1510 28
1511 29
1512 22
1513 28
1514 24
1515 24
1516 24
1517 23
1518 19
1519 25
1520 23
1521 29
1522 18
1523 24
1524 27
1525 19
1526 23
1527 21
1528 22
1529 23
1530 25
1531 22
1532 34
1533 24
1534 15
1535 21
1536 18
1537 14
1538 26
1539 28
1540 31
1541 17
1542 22
1543 17
1544 15
1545 25
1546 21
1547 16
1548 25
1549 23
1550 17
1551 16
1552 19
1553 21
1554 22
1555 16
1556 23
1557 18
1558 27
1559 24
1560 21
1561 16
1562 21
1563 21
1564 18
1565 16
1566 24
1567 23
1568 26
1569 21
1570 30
1571 19
1572 12
1573 19
1574 24
1575 30
1576 26
1577 20
1578 24
1579 25
1580 26
1581 27
1582 23
1583 15
1584 17
1585 16
1586 27
1587 25
1588 13
1589 24
1590 18
1591 18
1592 23
1593 20
1594 20
1595 15
1596 17
1597 13
1598 30
1599 20
1600 6
1601 13
1602 15
1603 22
1604 17
1605 16
1606 27
1607 22
1608 21
1609 18
1610 16
1611 18
1612 18
1613 28
1614 25
1615 13
1616 22
1617 18
1618 23
1619 14
1620 16
1621 16
1622 21
1623 12
1624 23
1625 18
1626 15
1627 14
1628 19
1629 21
1630 17
1631 17
1632 30
1633 21
1634 22
1635 22
1636 23
1637 22
1638 28
1639 18
1640 16
1641 19
1642 14
1643 18
1644 15
1645 20
1646 21
1647 20
1648 16
1649 21
1650 21
1651 20
1652 22
1653 23
1654 19
1655 22
1656 19
1657 23
1658 26
1659 14
1660 22
1661 16
1662 12
1663 24
1664 18
1665 18
1666 22
1667 18
1668 20
1669 27
1670 25
1671 19
1672 10
1673 19
1674 18
1675 12
1676 19
1677 18
1678 23
1679 15
1680 17
1681 16
1682 20
1683 23
1684 16
1685 22
1686 20
1687 17
1688 22
1689 16
1690 17
1691 19
1692 20
1693 26
1694 21
1695 24
1696 20
1697 13
1698 23
1699 17
1700 22
1701 15
1702 18
1703 13
1704 18
1705 17
1706 24
1707 25
1708 17
1709 25
1710 15
1711 16
1712 22
1713 27
1714 23
1715 25
1716 21
1717 29
1718 22
1719 24
1720 22
1721 23
1722 31
1723 18
1724 28
1725 21
1726 25
1727 19
1728 21
1729 28
1730 25
1731 24
1732 22
1733 21
1734 21
1735 23
1736 19
1737 24
1738 16
1739 26
1740 21
1741 18
1742 30
1743 19
1744 24
1745 19
1746 26
1747 22
1748 6
1749 21
1750 21
1751 18
1752 27
1753 31
1754 27
1755 21
1756 23
1757 25
1758 32
1759 24
1760 29
1761 33
1762 27
1763 27
1764 34
1765 43
1766 39
1767 30
1768 42
1769 55
1770 63
1771 56
1772 69
1773 102
1774 101
1775 85
1776 78
1777 138
1778 173
1779 201
1780 258
1781 194
1782 135
1783 132
1784 166
1785 178
1786 140
1787 108
1788 72
1789 51
1790 55
1791 39
1792 37
1793 23
1794 28
1795 24
1796 24
1797 15
1798 19
1799 23
1800 19
1801 25
1802 22
1803 17
1804 20
1805 21
1806 17
1807 23
1808 25
1809 24
1810 19
1811 18
1812 12
1813 16
1814 15
1815 18
1816 16
1817 17
1818 15
1819 29
1820 23
1821 18
1822 25
1823 11
1824 16
1825 21
1826 23
1827 21
1828 20
1829 20
1830 19
1831 20
1832 13
1833 17
1834 14
1835 12
1836 22
1837 15
1838 15
1839 16
1840 20
1841 14
1842 13
1843 13
1844 23
1845 14
1846 20
1847 12
1848 22
1849 19
1850 18
1851 22
1852 21
1853 16
1854 25
1855 17
1856 13
1857 14
1858 15
1859 17
1860 15
1861 13
1862 10
1863 19
1864 13
1865 11
1866 19
1867 27
1868 15
1869 16
1870 21
1871 17
1872 19
1873 19
1874 20
1875 18
1876 15
1877 19
1878 19
1879 16
1880 19
1881 16
1882 24
1883 30
1884 16
1885 18
1886 15
1887 17
1888 18
1889 23
1890 29
1891 17
1892 17
1893 23
1894 15
1895 15
1896 18
1897 21
1898 14
1899 18
1900 19
1901 18
1902 17
1903 28
1904 19
1905 15
1906 19
1907 16
1908 22
1909 18
1910 15
1911 13
1912 19
1913 21
1914 20
1915 17
1916 14
1917 17
1918 17
1919 19
1920 24
1921 25
1922 24
1923 18
1924 25
1925 15
1926 15
1927 17
1928 23
1929 14
1930 11
1931 16
1932 30
1933 21
1934 22
1935 16
1936 22
1937 15
1938 22
1939 19
1940 16
1941 17
1942 14
1943 17
1944 25
1945 14
1946 12
1947 26
1948 24
1949 18
1950 17
1951 20
1952 21
1953 16
1954 17
1955 13
1956 25
1957 13
1958 14
1959 16
1960 13
1961 19
1962 29
1963 25
1964 17
1965 20
1966 19
1967 22
1968 21
1969 15
1970 20
1971 17
1972 13
1973 23
1974 15
1975 21
1976 14
1977 15
1978 15
1979 19
1980 19
1981 19
1982 21
1983 17
1984 18
1985 16
1986 14
1987 7
1988 19
1989 21
1990 17
1991 18
1992 17
1993 19
1994 21
1995 18
1996 27
1997 17
1998 12
1999 17
2000 16
2001 14
2002 21
2003 26
2004 16
2005 21
2006 29
2007 39
2008 46
2009 56
2010 48
2011 39
2012 50
2013 62
2014 58
2015 80
2016 115
2017 94
2018 97
2019 109
2020 102
2021 156
2022 185
2023 203
2024 212
2025 259
2026 253
2027 255
2028 298
2029 266
2030 332
2031 325
2032 330
2033 287
2034 297
2035 361
2036 379
2037 354
2038 349
2039 285
2040 282
2041 266
2042 222
2043 206
2044 160
2045 140
2046 152
2047 101
2048 130
2049 86
2050 61
2051 56
2052 49
2053 55
2054 39
2055 45
2056 34
2057 24
2058 39
2059 24
2060 22
2061 15
2062 18
2063 14
2064 17
2065 20
2066 26
2067 25
2068 16
2069 18
2070 20
2071 12
2072 10
2073 22
2074 17
2075 15
2076 18
2077 18
2078 20
2079 12
2080 18
2081 13
2082 10
2083 22
2084 18
2085 14
2086 16
2087 10
2088 13
2089 15
2090 24
2091 20
2092 16
2093 21
2094 19
2095 15
2096 10
2097 21
2098 17
2099 19
2100 20
2101 7
2102 15
2103 12
2104 14
2105 13
2106 16
2107 13
2108 25
2109 17
2110 18
2111 14
2112 17
2113 25
2114 13
2115 13
2116 17
2117 16
2118 17
2119 8
2120 14
2121 18
2122 11
2123 15
2124 19
2125 8
2126 20
2127 18
2128 8
2129 12
2130 21
2131 15
2132 22
2133 14
2134 15
2135 13
2136 21
2137 10
2138 20
2139 13
2140 24
2141 14
2142 15
2143 13
2144 23
2145 19
2146 12
2147 20
2148 22
2149 16
2150 16
2151 22
2152 16
2153 21
2154 29
2155 14
2156 17
2157 6
2158 19
2159 17
2160 15
2161 15
2162 9
2163 21
2164 15
2165 20
2166 13
2167 20
2168 22
2169 14
2170 20
2171 19
2172 11
2173 20
2174 10
2175 18
2176 16
2177 16
2178 11
2179 14
2180 8
2181 16
2182 23
2183 11
2184 16
2185 5
2186 15
2187 11
2188 14
2189 9
2190 16
2191 14
2192 20
2193 21
2194 14
2195 16
2196 19
2197 14
2198 15
2199 23
2200 19
2201 14
2202 23
2203 17
2204 14
2205 16
2206 26
2207 17
2208 18
2209 22
2210 23
2211 20
2212 25
2213 24
2214 24
2215 25
2216 39
2217 42
2218 54
2219 35
2220 39
2221 44
2222 58
2223 66
2224 68
2225 74
2226 69
2227 114
2228 112
2229 86
2230 58
2231 86
2232 76
2233 88
2234 120
2235 116
2236 86
2237 70
2238 85
2239 78
2240 65
2241 73
2242 63
2243 60
2244 45
2245 61
2246 47
2247 37
2248 41
2249 39
2250 39
2251 26
2252 20
2253 25
2254 15
2255 18
2256 24
2257 19
2258 16
2259 17
2260 13
2261 10
2262 16
2263 16
2264 12
2265 20
2266 22
2267 19
2268 21
2269 10
2270 7
2271 13
2272 15
2273 9
2274 10
2275 18
2276 11
2277 10
2278 12
2279 14
2280 19
2281 17
2282 14
2283 11
2284 15
2285 17
2286 19
2287 16
2288 14
2289 15
2290 22
2291 17
2292 15
2293 18
2294 16
2295 11
2296 14
2297 12
2298 16
2299 11
2300 13
2301 11
2302 12
2303 10
2304 14
2305 8
2306 11
2307 18
2308 12
2309 9
2310 5
2311 14
2312 11
2313 11
2314 13
2315 9
2316 8
2317 9
2318 13
2319 10
2320 15
2321 16
2322 14
2323 12
2324 12
2325 14
2326 13
2327 8
2328 11
2329 9
2330 13
2331 10
2332 12
2333 17
2334 15
2335 19
2336 12
2337 9
2338 13
2339 12
2340 16
2341 16
2342 17
2343 14
2344 16
2345 13
2346 15
2347 15
2348 18
2349 11
2350 12
2351 12
2352 12
2353 14
2354 19
2355 14
2356 11
2357 10
2358 25
2359 13
2360 11
2361 13
2362 15
2363 10
2364 14
2365 11
2366 18
2367 14
2368 10
2369 10
2370 13
2371 16
2372 13
2373 13
2374 16
2375 10
2376 18
2377 17
2378 16
2379 6
2380 13
2381 12
2382 8
2383 8
2384 14
2385 15
2386 14
2387 16
2388 15
2389 11
2390 11
2391 16
2392 15
2393 17
2394 12
2395 7
2396 11
2397 17
2398 14
2399 8
2400 18
2401 12
2402 9
2403 14
2404 17
2405 13
2406 13
2407 10
2408 15
2409 16
2410 16
2411 11
2412 11
2413 11
2414 9
2415 12
2416 11
2417 7
2418 11
2419 9
2420 10
2421 9
2422 9
2423 12
2424 7
2425 12
2426 15
2427 9
2428 11
2429 9
2430 13
2431 14
2432 12
2433 7
2434 6
2435 10
2436 12
2437 10
2438 8
2439 9
2440 11
2441 13
2442 7
2443 16
2444 17
2445 9
2446 18
2447 10
2448 9
2449 17
2450 13
2451 16
2452 14
2453 10
2454 13
2455 13
2456 10
2457 11
2458 11
2459 17
2460 11
2461 9
2462 11
2463 15
2464 18
2465 8
2466 9
2467 13
2468 9
2469 15
2470 16
2471 12
2472 12
2473 7
2474 14
2475 11
2476 10
2477 22
2478 17
2479 8
2480 14
2481 9
2482 8
2483 12
2484 15
2485 9
2486 11
2487 10
2488 7
2489 18
2490 12
2491 21
2492 11
2493 15
2494 8
2495 14
2496 16
2497 17
2498 20
2499 12
2500 12
2501 21
2502 16
2503 18
2504 23
2505 27
2506 28
2507 34
2508 30
2509 32
2510 31
2511 48
2512 47
2513 47
2514 55
2515 62
2516 57
2517 60
2518 46
2519 44
2520 34
2521 44
2522 49
2523 58
2524 53
2525 33
2526 50
2527 60
2528 60
2529 59
2530 39
2531 70
2532 77
2533 80
2534 54
2535 33
2536 26
2537 22
2538 23
2539 22
2540 25
2541 14
2542 28
2543 19
2544 17
2545 13
2546 19
2547 13
2548 16
2549 9
2550 17
2551 13
2552 13
2553 17
2554 10
2555 12
2556 19
2557 17
2558 17
2559 11
