0 33
1 28
2 30
3 18
4 22
5 33
6 31
7 25
8 26
9 29
10 32
11 28
12 22
13 20
14 32
15 18
16 24
17 22
18 37
19 22
20 26
21 23
22 23
23 23
24 31
25 13
26 30
27 24
28 26
29 28
30 18
31 33
32 20
33 25
34 23
35 28
36 31
37 28
38 27
39 36
40 25
41 24
42 23
43 30
44 32
45 28
46 17
47 30
48 34
49 24
50 27
51 24
52 30
53 39
54 26
55 29
56 22
57 28
58 23
59 32
60 40
61 35
62 26
63 15
64 32
65 34
66 39
67 27
68 28
69 36
70 27
71 28
72 36
73 24
74 29
75 26
76 31
77 20
78 29
79 38
80 37
81 25
82 26
83 29
84 34
85 38
86 26
87 27
88 25
89 30
90 22
91 20
92 16
93 18
94 32
95 29
96 24
97 35
98 37
99 37
100 17
101 31
102 26
103 31
104 29
105 23
106 36
107 32
108 19
109 20
110 31
111 28
112 27
113 32
114 33
115 24
116 30
117 34
118 35
119 32
120 43
121 34
122 22
123 22
124 29
125 16
126 20
127 28
128 28
129 32
130 35
131 33
132 28
133 39
134 27
135 37
136 24
137 25
138 31
139 33
140 25
141 37
142 27
143 34
144 35
145 33
146 28
147 28
148 29
149 29
150 28
151 23
152 31
153 24
154 30
155 21
156 29
157 25
158 36
159 28
160 30
161 30
162 32
163 45
164 30
165 34
166 27
167 31
168 22
169 25
170 24
171 38
172 38
173 29
174 37
175 36
176 41
177 29
178 26
179 33
180 27
181 22
182 24
183 23
184 28
185 35
186 29
187 36
188 27
189 32
190 20
191 33
192 28
193 38
194 33
195 28
196 38
197 27
198 38
199 19
200 22
201 28
202 25
203 36
204 29
205 46
206 40
207 43
208 34
209 28
210 30
211 34
212 31
213 33
214 37
215 29
216 29
217 42
218 29
219 32
220 27
221 28
222 27
223 32
224 26
225 27
226 35
227 23
228 38
229 40
230 33
231 36
232 38
233 28
234 26
235 25
236 39
237 18
238 24
239 28
240 35
241 34
242 27
243 18
244 34
245 24
246 31
247 33
248 31
249 29
250 31
251 28
252 31
253 33
254 32
255 20
256 31
257 34
258 33
259 19
260 32
261 30
262 34
263 31
264 48
265 37
266 28
267 33
268 40
269 30
270 26
271 31
272 42
273 22
274 31
275 22
276 36
277 30
278 30
279 29
280 29
281 29
282 30
283 35
284 35
285 38
286 26
287 31
288 25
289 21
290 35
291 35
292 33
293 33
294 33
295 32
296 41
297 29
298 34
299 27
300 32
301 27
302 29
303 35
304 29
305 39
306 31
307 29
308 16
309 21
310 34
311 22
312 38
313 33
314 45
315 33
316 41
317 30
318 32
319 31
320 26
321 30
322 27
323 42
324 31
325 34
326 35
327 32
328 33
329 31
330 35
331 31
332 26
333 27
334 39
335 42
336 34
337 40
338 25
339 34
340 29
341 27
342 39
343 33
344 36
345 28
346 22
347 26
348 40
349 26
350 39
351 42
352 42
353 19
354 30
355 29
356 34
357 33
358 25
359 31
360 30
361 27
362 37
363 43
364 43
365 26
366 29
367 37
368 33
369 29
370 31
371 33
372 31
373 35
374 28
375 33
376 44
377 34
378 31
379 28
380 32
381 33
382 32
383 30
384 36
385 31
386 27
387 34
388 35
389 24
390 28
391 33
392 29
393 31
394 34
395 26
396 33
397 23
398 28
399 32
400 31
401 34
402 35
403 34
404 41
405 29
406 43
407 33
408 41
409 37
410 27
411 49
412 35
413 27
414 32
415 34
416 28
417 31
418 31
419 40
420 34
421 32
422 32
423 42
424 30
425 34
426 39
427 49
428 45
429 41
430 43
431 38
432 35
433 34
434 36
435 30
436 37
437 36
438 25
439 36
440 33
441 31
442 45
443 23
444 42
445 36
446 39
447 46
448 41
449 43
450 42
451 43
452 21
453 27
454 39
455 41
456 35
457 41
458 46
459 38
460 45
461 35
462 26
463 39
464 31
465 38
466 42
467 32
468 43
469 23
470 33
471 34
472 28
473 28
474 39
475 39
476 24
477 20
478 34
479 31
480 22
481 35
482 28
483 31
484 37
485 40
486 30
487 22
488 37
489 36
490 27
491 38
492 37
493 36
494 24
495 45
496 44
497 49
498 26
499 34
500 27
501 39
502 35
503 50
504 29
505 34
506 33
507 36
508 30
509 37
510 24
511 26
512 47
513 29
514 33
515 21
516 41
517 24
518 40
519 43
520 34
521 34
522 38
523 35
524 40
525 39
526 40
527 39
528 38
529 32
530 39
531 43
532 30
533 33
534 40
535 30
536 34
537 39
538 24
539 32
540 37
541 41
542 23
543 30
544 37
545 40
546 36
547 36
548 31
549 44
550 39
551 36
552 23
553 28
554 37
555 33
556 48
557 42
558 38
559 35
560 43
561 28
562 31
563 26
564 38
565 41
566 25
567 37
568 37
569 31
570 40
571 38
572 45
573 41
574 29
575 36
576 33
577 39
578 36
579 42
580 36
581 38
582 34
583 56
584 51
585 43
586 55
587 60
588 70
589 69
590 81
591 72
592 64
593 62
594 53
595 64
596 53
597 74
598 100
599 85
600 92
601 100
602 95
603 108
604 81
605 86
606 78
607 86
608 114
609 126
610 139
611 120
612 91
613 66
614 53
615 51
616 45
617 48
618 49
619 33
620 34
621 33
622 30
623 41
624 44
625 40
626 41
627 25
628 33
629 37
630 45
631 42
632 41
633 45
634 38
635 34
636 39
637 29
638 30
639 36
640 32
641 41
642 23
643 35
644 31
645 43
646 39
647 36
648 35
649 32
650 38
651 29
652 34
653 34
654 36
655 45
656 46
657 36
658 22
659 35
660 37
661 38
662 31
663 41
664 34
665 39
666 36
667 35
668 38
669 41
670 38
671 54
672 34
673 31
674 36
675 54
676 31
677 28
678 43
679 39
680 38
681 43
682 33
683 40
684 30
685 35
686 32
687 29
688 38
689 33
690 41
691 37
692 31
693 28
694 34
695 36
696 46
697 39
698 32
699 49
700 36
701 43
702 25
703 27
704 29
705 46
706 40
707 32
708 38
709 23
710 34
711 34
712 36
713 27
714 30
715 28
716 34
717 32
718 32
719 32
720 45
721 31
722 37
723 41
724 25
725 28
726 33
727 42
728 46
729 39
730 39
731 33
732 40
733 32
734 13
735 29
736 31
737 30
738 33
739 32
740 43
741 36
742 31
743 35
744 41
745 52
746 36
747 43
748 25
749 31
750 32
751 38
752 38
753 35
754 34
755 22
756 37
757 32
758 29
759 34
760 38
761 25
762 31
763 36
764 48
765 36
766 37
767 43
768 32
769 37
770 29
771 37
772 38
773 34
774 39
775 39
776 43
777 37
778 34
779 34
780 31
781 32
782 39
783 28
784 34
785 49
786 40
787 32
788 47
789 23
790 33
791 37
792 33
793 31
794 36
795 29
796 19
797 36
798 36
799 35
800 43
801 30
802 33
803 48
804 33
805 35
806 33
807 40
808 33
809 23
810 31
811 28
812 26
813 39
814 29
815 28
816 36
817 30
818 33
819 38
820 30
821 33
822 40
823 34
824 36
825 30
826 32
827 40
828 31
829 36
830 40
831 38
832 34
833 33
834 27
835 42
836 35
837 43
838 25
839 18
840 27
841 33
842 33
843 35
844 40
845 26
846 26
847 26
848 30
849 39
850 26
851 26
852 30
853 23
854 30
855 34
856 34
857 28
858 29
859 37
860 39
861 31
862 29
863 32
864 36
865 35
866 30
867 26
868 37
869 32
870 33
871 33
872 32
873 34
874 33
875 31
876 26
877 20
878 29
879 30
880 44
881 26
882 31
883 42
884 32
885 31
886 27
887 33
888 26
889 32
890 33
891 30
892 39
893 33
894 28
895 34
896 27
897 32
898 27
899 34
900 34
901 30
902 41
903 48
904 23
905 39
906 41
907 22
908 27
909 33
910 33
911 42
912 35
913 38
914 34
915 35
916 33
917 34
918 38
919 38
920 32
921 35
922 35
923 35
924 34
925 33
926 28
927 33
928 26
929 37
930 36
931 49
932 38
933 50
934 33
935 38
936 36
937 28
938 30
939 31
940 32
941 32
942 32
943 35
944 36
945 36
946 30
947 45
948 29
949 36
950 33
951 31
952 40
953 46
954 39
955 40
956 30
957 39
958 33
959 39
960 27
961 34
962 27
963 24
964 28
965 33
966 31
967 33
968 34
969 28
970 24
971 27
972 31
973 28
974 26
975 18
976 31
977 35
978 27
979 28
980 36
981 27
982 35
983 34
984 28
985 32
986 25
987 25
988 18
989 41
990 35
991 40
992 42
993 39
994 33
995 35
996 23
997 39
998 31
999 26
1000 22
1001 30
1002 40
1003 31
1004 32
1005 36
1006 29
1007 32
1008 31
1009 45
1010 25
1011 28
1012 27
1013 35
1014 33
1015 24
1016 27
1017 22
1018 22
1019 28
1020 26
1021 29
1022 31
1023 22
1024 31
1025 34
1026 33
1027 27
1028 34
1029 33
1030 30
1031 33
1032 24
1033 31
1034 27
1035 26
1036 25
1037 35
1038 32
1039 32
1040 26
1041 32
1042 32
1043 41
1044 25
1045 26
1046 37
1047 24
1048 27
1049 41
1050 45
1051 26
1052 31
1053 37
1054 36
1055 34
1056 28
1057 29
1058 36
1059 42
1060 34
1061 25
1062 38
1063 37
1064 41
1065 34
1066 25
1067 29
1068 24
1069 25
1070 46
1071 33
1072 39
1073 30
1074 25
1075 30
1076 24
1077 26
1078 25
1079 26
1080 31
1081 37
1082 23
1083 25
1084 34
1085 36
1086 30
1087 27
1088 34
1089 28
1090 27
1091 33
1092 20
1093 33
1094 32
1095 34
1096 39
1097 25
1098 26
1099 33
1100 32
1101 33
1102 32
1103 46
1104 32
1105 30
1106 31
1107 40
1108 34
1109 30
1110 21
1111 32
1112 34
1113 35
1114 24
1115 33
1116 31
1117 23
1118 35
1119 29
1120 36
1121 50
1122 41
1123 50
1124 68
1125 81
1126 96
1127 114
1128 131
1129 204
1130 220
1131 214
1132 230
1133 247
1134 253
1135 299
1136 389
1137 386
1138 437
1139 584
1140 592
1141 665
1142 745
1143 627
1144 613
1145 563
1146 533
1147 412
1148 360
1149 257
1150 188
1151 135
1152 171
1153 151
1154 103
1155 61
1156 59
1157 35
1158 34
1159 37
1160 37
1161 45
1162 31
1163 26
1164 40
1165 25
1166 31
1167 26
1168 37
1169 38
1170 32
1171 33
1172 35
1173 24
1174 28
1175 35
1176 34
1177 23
1178 40
1179 36
1180 26
1181 25
1182 24
1183 27
1184 40
1185 31
1186 29
1187 28
1188 30
1189 36
1190 22
1191 30
1192 35
1193 23
1194 34
1195 36
1196 37
1197 34
1198 37
1199 31
1200 27
1201 29
1202 28
1203 36
1204 25
1205 42
1206 29
1207 29
1208 32
1209 36
1210 37
1211 40
1212 29
1213 40
1214 29
1215 25
1216 27
1217 26
1218 32
1219 39
1220 23
1221 34
1222 25
1223 33
1224 26
1225 27
1226 34
1227 29
1228 23
1229 29
1230 30
1231 12
1232 34
1233 34
1234 30
1235 34
1236 28
1237 37
1238 24
1239 25
1240 35
1241 32
1242 26
1243 31
1244 36
1245 28
1246 24
1247 29
1248 34
1249 39
1250 32
1251 30
1252 27
1253 35
1254 37
1255 32
1256 44
1257 36
1258 25
1259 29
1260 32
1261 40
1262 30
1263 31
1264 34
1265 32
1266 31
1267 36
1268 28
1269 33
1270 30
1271 27
1272 41
1273 41
1274 44
1275 53
1276 45
1277 38
1278 48
1279 9
1280 30
1281 32
1282 19
1283 20
1284 22
1285 21
1286 33
1287 25
1288 24
1289 18
1290 23
1291 22
1292 20
1293 21
1294 14
1295 22
1296 24
1297 19
1298 22
1299 21
1300 17
1301 25
1302 24
1303 22
1304 23
1305 17
1306 24
1307 17
1308 19
1309 23
1310 24
1311 18
1312 18
1313 18
1314 21
1315 19
1316 28
1317 16
1318 16
1319 16
1320 19
1321 19
1322 35
1323 23
1324 24
1325 19
1326 30
1327 19
1328 20
1329 29
1330 19
1331 28
1332 25
1333 19
1334 22
1335 23
1336 18
1337 18
1338 24
1339 22
1340 13
1341 21
1342 19
1343 17
1344 19
1345 16
1346 28
1347 20
1348 42
1349 26
1350 26
1351 37
1352 39
1353 45
1354 36
1355 35
1356 47
1357 59
1358 52
1359 29
1360 55
1361 42
1362 35
1363 34
1364 33
1365 21
1366 29
1367 32
1368 28
1369 35
1370 30
1371 29
1372 30
1373 34
1374 20
1375 18
1376 24
1377 23
1378 27
1379 20
1380 14
1381 21
1382 26
1383 20
1384 31
1385 21
1386 24
1387 16
1388 22
1389 25
1390 19
1391 15
1392 28
1393 28
1394 29
1395 22
1396 28
1397 22
1398 24
1399 26
1400 23
1401 28
1402 15
1403 26
1404 28
1405 23
1406 26
1407 16
1408 22
1409 16
1410 20
1411 22
1412 24
1413 25
1414 16
1415 22
1416 13
1417 33
1418 29
1419 30
1420 25
1421 23
1422 32
1423 29
1424 25
1425 30
1426 23
1427 34
1428 57
1429 48
1430 50
1431 50
1432 75
1433 93
1434 75
1435 105
1436 125
1437 140
1438 135
1439 206
1440 245
1441 284
1442 303
1443 251
1444 237
1445 254
1446 212
1447 169
1448 202
1449 141
1450 173
1451 186
1452 148
1453 87
1454 60
1455 54
1456 47
1457 37
1458 33
1459 35
1460 15
1461 21
1462 22
1463 20
1464 18
1465 21
1466 19
1467 16
1468 20
1469 17
1470 25
1471 21
1472 28
1473 19
1474 18
1475 28
1476 23
1477 19
1478 16
1479 30
1480 17
1481 23
1482 18
1483 21
1484 21
1485 27
1486 19
1487 18
1488 20
1489 25
1490 23
1491 20
1492 27
1493 18
1494 24
1495 24
1496 22
1497 14
1498 17
1499 17
1500 24
1501 23
1502 23
1503 17
1504 14
1505 16
1506 25
1507 19
1508 23
1509 19
1510 22
1511 30
1512 27
1513 17
1514 24
1515 23
1516 19
1517 31
1518 23
1519 18
1520 20
1521 28
1522 22
1523 17
1524 24
1525 13
1526 27
1527 20
1528 22
1529 22
1530 16
1531 18
1532 19
1533 22
1534 18
1535 22
1536 16
1537 23
1538 16
1539 21
1540 20
1541 13
1542 26
1543 20
1544 14
1545 25
1546 15
1547 18
1548 15
1549 14
1550 17
1551 22
1552 19
1553 14
1554 17
1555 27
1556 23
1557 16
1558 15
1559 23
1560 19
1561 14
1562 21
1563 19
1564 14
1565 20
1566 17
1567 17
1568 13
1569 14
1570 16
1571 11
1572 22
1573 27
1574 30
1575 27
1576 18
1577 23
1578 14
1579 25
1580 21
1581 27
1582 14
1583 20
1584 16
1585 21
1586 18
1587 17
1588 19
1589 21
1590 11
1591 21
1592 30
1593 22
1594 27
1595 15
1596 24
1597 24
1598 20
1599 15
1600 17
1601 17
1602 24
1603 22
1604 21
1605 15
1606 23
1607 15
1608 19
1609 30
1610 13
1611 25
1612 20
1613 18
1614 17
1615 27
1616 25
1617 30
1618 21
1619 18
1620 17
1621 14
1622 19
1623 26
1624 18
1625 16
1626 13
1627 18
1628 23
1629 17
1630 16
1631 21
1632 21
1633 16
1634 14
1635 14
1636 15
1637 26
1638 17
1639 18
1640 25
1641 17
1642 26
1643 26
1644 19
1645 22
1646 18
1647 16
1648 23
1649 12
1650 20
1651 19
1652 19
1653 23
1654 21
1655 21
1656 21
1657 22
1658 18
1659 14
1660 9
1661 15
1662 16
1663 16
1664 18
1665 20
1666 13
1667 22
1668 18
1669 16
1670 15
1671 17
1672 31
1673 22
1674 15
1675 19
1676 17
1677 16
1678 21
1679 17
1680 13
1681 14
1682 21
1683 26
1684 22
1685 16
1686 13
1687 22
1688 23
1689 22
1690 16
1691 14
1692 19
1693 20
1694 12
1695 14
1696 25
1697 16
1698 20
1699 20
1700 17
1701 28
1702 22
1703 11
1704 12
1705 15
1706 16
1707 23
1708 25
1709 12
1710 17
1711 14
1712 16
1713 17
1714 19
1715 16
1716 12
1717 17
1718 14
1719 12
1720 17
1721 19
1722 21
1723 17
1724 22
1725 15
1726 19
1727 23
1728 7
1729 23
1730 27
1731 18
1732 22
1733 13
1734 18
1735 17
1736 19
1737 10
1738 15
1739 15
1740 20
1741 19
1742 12
1743 19
1744 16
1745 23
1746 21
1747 17
1748 21
1749 16
1750 14
1751 9
1752 19
1753 23
1754 10
1755 14
1756 12
1757 16
1758 16
1759 13
1760 10
1761 18
1762 18
1763 17
1764 15
1765 17
1766 14
1767 21
1768 25
1769 17
1770 20
1771 15
1772 10
1773 13
1774 28
1775 19
1776 21
1777 15
1778 14
1779 22
1780 15
1781 16
1782 19
1783 15
1784 24
1785 19
1786 21
1787 21
1788 16
1789 21
1790 21
1791 18
1792 14
1793 14
1794 18
1795 18
1796 19
1797 19
1798 20
1799 11
1800 14
1801 12
1802 17
1803 19
1804 18
1805 18
1806 19
1807 25
1808 17
1809 20
1810 15
1811 18
1812 17
1813 22
1814 21
1815 23
1816 9
1817 15
1818 25
1819 16
1820 17
1821 18
1822 17
1823 26
1824 21
1825 19
1826 16
1827 14
1828 20
1829 23
1830 19
1831 18
1832 18
1833 16
1834 17
1835 19
1836 13
1837 13
1838 16
1839 20
1840 17
1841 15
1842 12
1843 22
1844 16
1845 19
1846 26
1847 22
1848 12
1849 19
1850 14
1851 21
1852 23
1853 18
1854 17
1855 15
1856 19
1857 25
1858 23
1859 22
1860 16
1861 19
1862 11
1863 17
1864 24
1865 23
1866 18
1867 13
1868 18
1869 14
1870 14
1871 20
1872 13
1873 22
1874 16
1875 16
1876 25
1877 13
1878 24
1879 20
1880 15
1881 16
1882 13
1883 11
1884 21
1885 18
1886 11
1887 20
1888 24
1889 17
1890 13
1891 14
1892 25
1893 25
1894 15
1895 20
1896 18
1897 12
1898 17
1899 11
1900 18
1901 22
1902 21
1903 22
1904 25
1905 21
1906 34
1907 28
1908 32
1909 44
1910 33
1911 46
1912 57
1913 82
1914 101
1915 113
1916 128
1917 113
1918 103
1919 123
1920 153
1921 149
1922 125
1923 110
1924 106
1925 118
1926 93
1927 90
1928 74
1929 60
1930 56
1931 37
1932 42
1933 38
1934 42
1935 37
1936 27
1937 32
1938 23
1939 22
1940 22
1941 26
1942 25
1943 25
1944 28
1945 24
1946 23
1947 23
1948 11
1949 16
1950 15
1951 13
1952 19
1953 17
1954 14
1955 15
1956 16
1957 14
1958 10
1959 15
1960 17
1961 14
1962 17
1963 14
1964 14
1965 15
1966 17
1967 17
1968 18
1969 18
1970 16
1971 20
1972 10
1973 17
1974 24
1975 20
1976 22
1977 17
1978 11
1979 14
1980 13
1981 16
1982 17
1983 16
1984 13
1985 16
1986 17
1987 15
1988 18
1989 21
1990 19
1991 13
1992 15
1993 22
1994 11
1995 20
1996 15
1997 12
1998 14
1999 26
2000 19
2001 10
2002 16
2003 12
2004 12
2005 15
2006 16
2007 13
2008 18
2009 20
2010 14
2011 13
2012 11
2013 18
2014 14
2015 16
2016 22
2017 11
2018 14
2019 13
2020 19
2021 18
2022 10
2023 17
2024 13
2025 15
2026 16
2027 14
2028 18
2029 13
2030 25
2031 12
2032 12
2033 14
2034 13
2035 17
2036 13
2037 14
2038 12
2039 17
2040 15
2041 17
2042 12
2043 16
2044 15
2045 17
2046 16
2047 20
2048 24
2049 15
2050 20
2051 19
2052 13
2053 16
2054 11
2055 15
2056 9
2057 17
2058 17
2059 19
2060 10
2061 11
2062 15
2063 15
2064 16
2065 13
2066 11
2067 14
2068 12
2069 15
2070 11
2071 16
2072 15
2073 18
2074 16
2075 12
2076 11
2077 12
2078 13
2079 19
2080 12
2081 16
2082 15
2083 13
2084 15
2085 8
2086 13
2087 7
2088 7
2089 14
2090 19
2091 12
2092 17
2093 15
2094 17
2095 16
2096 18
2097 20
2098 13
2099 14
2100 22
2101 15
2102 17
2103 16
2104 16
2105 16
2106 26
2107 20
2108 15
2109 28
2110 13
2111 12
2112 16
2113 12
2114 16
2115 14
2116 17
2117 17
2118 20
2119 12
2120 9
2121 13
2122 16
2123 15
2124 14
2125 13
2126 12
2127 16
2128 15
2129 13
2130 13
2131 19
2132 10
2133 13
2134 18
2135 13
2136 17
2137 14
2138 9
2139 13
2140 18
2141 21
2142 11
2143 12
2144 22
2145 16
2146 14
2147 21
2148 18
2149 13
2150 20
2151 9
2152 21
2153 14
2154 28
2155 16
2156 22
2157 18
2158 20
2159 22
2160 24
2161 29
2162 29
2163 30
2164 33
2165 34
2166 65
2167 47
2168 70
2169 76
2170 77
2171 103
2172 103
2173 127
2174 160
2175 215
2176 256
2177 298
2178 335
2179 330
2180 373
2181 406
2182 431
2183 422
2184 453
2185 421
2186 476
2187 538
2188 598
2189 727
2190 688
2191 591
2192 480
2193 364
2194 353
2195 212
2196 227
2197 249
2198 193
2199 138
2200 107
2201 97
2202 90
2203 79
2204 50
2205 51
2206 42
2207 37
2208 18
2209 23
2210 28
2211 23
2212 19
2213 29
2214 24
2215 19
2216 16
2217 18
2218 13
2219 14
2220 17
2221 18
2222 14
2223 14
2224 14
2225 16
2226 7
2227 13
2228 15
2229 17
2230 13
2231 19
2232 16
2233 11
2234 13
2235 16
2236 17
2237 16
2238 15
2239 17
2240 12
2241 11
2242 10
2243 12
2244 20
2245 10
2246 9
2247 21
2248 19
2249 18
2250 15
2251 17
2252 17
2253 14
2254 10
2255 12
2256 15
2257 19
2258 12
2259 17
2260 18
2261 15
2262 13
2263 18
2264 15
2265 13
2266 14
2267 13
2268 15
2269 18
2270 20
2271 17
2272 13
2273 9
2274 15
2275 14
2276 13
2277 16
2278 16
2279 12
2280 17
2281 13
2282 10
2283 17
2284 13
2285 8
2286 16
2287 7
2288 8
2289 21
2290 11
2291 17
2292 17
2293 18
2294 11
2295 13
2296 14
2297 11
2298 10
2299 12
2300 8
2301 15
2302 10
2303 16
2304 13
2305 13
2306 20
2307 19
2308 19
2309 19
2310 21
2311 21
2312 9
2313 13
2314 12
2315 11
2316 17
2317 16
2318 10
2319 14
2320 14
2321 13
2322 17
2323 16
2324 20
2325 12
2326 11
2327 11
2328 18
2329 12
2330 16
2331 9
2332 8
2333 9
2334 12
2335 11
2336 12
2337 8
2338 13
2339 9
2340 21
2341 16
2342 21
2343 10
2344 14
2345 8
2346 16
2347 16
2348 11
2349 11
2350 12
2351 8
2352 18
2353 17
2354 20
2355 10
2356 16
2357 10
2358 12
2359 13
2360 14
2361 16
2362 17
2363 5
2364 10
2365 15
2366 15
2367 9
2368 10
2369 17
2370 20
2371 14
2372 18
2373 25
2374 18
2375 19
2376 21
2377 19
2378 20
2379 22
2380 19
2381 29
2382 31
2383 37
2384 58
2385 53
2386 53
2387 51
2388 54
2389 63
2390 65
2391 74
2392 90
2393 82
2394 79
2395 96
2396 93
2397 81
2398 110
2399 113
2400 107
2401 68
2402 48
2403 59
2404 65
2405 56
2406 61
2407 61
2408 42
2409 43
2410 40
2411 46
2412 34
2413 28
2414 19
2415 31
2416 17
2417 13
2418 22
2419 19
2420 22
2421 12
2422 12
2423 14
2424 16
2425 10
2426 12
2427 11
2428 14
2429 17
2430 13
2431 19
2432 20
2433 12
2434 11
2435 21
2436 10
2437 12
2438 15
2439 14
2440 12
2441 7
2442 10
2443 10
2444 12
2445 7
2446 19
2447 15
2448 9
2449 10
2450 13
2451 9
2452 18
2453 13
2454 13
2455 7
2456 14
2457 11
2458 14
2459 12
2460 13
2461 12
2462 11
2463 15
2464 13
2465 16
2466 6
2467 16
2468 10
2469 13
2470 8
2471 6
2472 10
2473 17
2474 14
2475 12
2476 12
2477 15
2478 11
2479 12
2480 20
2481 16
2482 20
2483 13
2484 17
2485 12
2486 10
2487 13
2488 7
2489 11
2490 10
2491 20
2492 11
2493 17
2494 17
2495 11
2496 8
2497 11
2498 12
2499 9
2500 15
2501 6
2502 12
2503 17
2504 12
2505 13
2506 12
2507 15
2508 17
2509 12
2510 13
2511 5
2512 7
2513 5
2514 9
2515 13
2516 14
2517 16
2518 11
2519 10
2520 7
2521 7
2522 11
2523 9
2524 13
2525 17
2526 12
2527 11
2528 16
2529 5
2530 4
2531 18
2532 13
2533 7
2534 5
2535 10
2536 16
2537 7
2538 6
2539 8
2540 11
2541 16
2542 10
2543 12
2544 10
2545 13
2546 10
2547 16
2548 14
2549 11
2550 3
2551 12
2552 11
2553 13
2554 10
2555 14
2556 8
2557 16
2558 9
2559 12
