0 42
1 24
2 27
3 34
4 31
5 31
6 26
7 30
8 19
9 29
10 41
11 23
12 36
13 28
14 37
15 32
16 32
17 21
18 43
19 36
20 27
21 33
22 38
23 44
24 20
25 32
26 32
27 37
28 23
29 30
30 28
31 39
32 37
33 25
34 25
35 29
36 31
37 34
38 32
39 23
40 31
41 27
42 30
43 36
44 22
45 38
46 29
47 26
48 24
49 37
50 29
51 36
52 36
53 40
54 37
55 29
56 23
57 34
58 29
59 30
60 40
61 45
62 35
63 37
64 32
65 35
66 39
67 26
68 39
69 22
70 28
71 42
72 33
73 36
74 37
75 37
76 27
77 22
78 36
79 37
80 33
81 35
82 37
83 32
84 31
85 30
86 30
87 22
88 32
89 28
90 33
91 36
92 27
93 28
94 29
95 28
96 27
97 30
98 30
99 33
100 20
101 18
102 29
103 30
104 23
105 27
106 24
107 27
108 29
109 31
110 34
111 41
112 28
113 40
114 39
115 28
116 23
117 37
118 26
119 28
120 33
121 31
122 29
123 24
124 24
125 34
126 30
127 27
128 34
129 37
130 36
131 37
132 29
133 41
134 31
135 34
136 36
137 33
138 20
139 43
140 29
141 36
142 32
143 44
144 35
145 28
146 26
147 40
148 38
149 33
150 33
151 40
152 37
153 31
154 36
155 39
156 26
157 28
158 31
159 38
160 45
161 38
162 17
163 26
164 36
165 28
166 31
167 41
168 35
169 29
170 30
171 36
172 42
173 21
174 21
175 40
176 37
177 35
178 29
179 26
180 28
181 26
182 33
183 33
184 27
185 27
186 30
187 35
188 32
189 30
190 38
191 25
192 31
193 26
194 29
195 32
196 25
197 34
198 28
199 28
200 27
201 26
202 40
203 34
204 29
205 28
206 30
207 24
208 25
209 31
210 37
211 39
212 37
213 36
214 45
215 36
216 44
217 35
218 32
219 44
220 33
221 20
222 41
223 37
224 31
225 41
226 34
227 26
228 32
229 43
230 36
231 31
232 30
233 38
234 35
235 39
236 42
237 32
238 34
239 26
240 33
241 39
242 26
243 42
244 41
245 42
246 32
247 43
248 35
249 32
250 32
251 37
252 29
253 28
254 40
255 27
256 29
257 36
258 34
259 36
260 40
261 39
262 44
263 33
264 33
265 38
266 32
267 40
268 37
269 29
270 32
271 26
272 40
273 35
274 35
275 29
276 38
277 34
278 39
279 31
280 39
281 34
282 35
283 39
284 44
285 33
286 42
287 27
288 24
289 43
290 32
291 42
292 34
293 44
294 39
295 47
296 31
297 26
298 41
299 34
300 42
301 37
302 40
303 31
304 24
305 35
306 38
307 29
308 43
309 39
310 41
311 45
312 39
313 30
314 33
315 37
316 22
317 33
318 28
319 34
320 45
321 42
322 37
323 34
324 27
325 39
326 30
327 43
328 31
329 37
330 26
331 29
332 26
333 32
334 42
335 31
336 32
337 32
338 32
339 26
340 29
341 37
342 33
343 40
344 34
345 44
346 37
347 38
348 43
349 38
350 29
351 35
352 42
353 38
354 38
355 28
356 41
357 34
358 42
359 25
360 32
361 28
362 34
363 37
364 38
365 33
366 31
367 28
368 40
369 37
370 45
371 30
372 41
373 31
374 26
375 38
376 23
377 35
378 37
379 41
380 36
381 37
382 35
383 33
384 39
385 44
386 37
387 41
388 31
389 39
390 35
391 24
392 39
393 43
394 34
395 28
396 32
397 47
398 34
399 35
400 36
401 36
402 34
403 31
404 31
405 35
406 41
407 50
408 46
409 34
410 31
411 31
412 30
413 27
414 31
415 33
416 37
417 35
418 36
419 22
420 36
421 35
422 26
423 35
424 37
425 48
426 32
427 36
428 33
429 44
430 39
431 39
432 40
433 38
434 50
435 43
436 38
437 34
438 42
439 41
440 48
441 48
442 36
443 43
444 42
445 38
446 40
447 49
448 40
449 40
450 52
451 35
452 37
453 33
454 31
455 30
456 47
457 30
458 33
459 34
460 33
461 45
462 40
463 27
464 39
465 39
466 39
467 33
468 56
469 51
470 40
471 26
472 36
473 38
474 36
475 42
476 22
477 28
478 39
479 34
480 34
481 46
482 40
483 42
484 45
485 40
486 36
487 32
488 46
489 38
490 46
491 31
492 44
493 34
494 39
495 34
496 42
497 33
498 52
499 38
500 41
501 30
502 37
503 36
504 47
505 40
506 45
507 34
508 32
509 39
510 41
511 41
512 35
513 37
514 40
515 41
516 31
517 42
518 35
519 28
520 34
521 38
522 41
523 46
524 33
525 36
526 52
527 30
528 51
529 39
530 44
531 40
532 59
533 42
534 42
535 47
536 51
537 42
538 52
539 41
540 52
541 47
542 54
543 45
544 39
545 49
546 51
547 46
548 52
549 60
550 55
551 68
552 88
553 80
554 71
555 78
556 77
557 76
558 81
559 77
560 74
561 109
562 97
563 90
564 91
565 62
566 69
567 41
568 33
569 31
570 46
571 27
572 41
573 43
574 30
575 45
576 52
577 47
578 37
579 42
580 50
581 40
582 48
583 37
584 37
585 48
586 32
587 34
588 44
589 43
590 48
591 36
592 38
593 38
594 27
595 34
596 35
597 46
598 35
599 40
600 35
601 42
602 42
603 47
604 49
605 36
606 35
607 33
608 45
609 33
610 44
611 31
612 43
613 37
614 39
615 32
616 33
617 46
618 45
619 40
620 36
621 38
622 57
623 33
624 35
625 39
626 30
627 32
628 37
629 49
630 39
631 39
632 49
633 40
634 30
635 44
636 37
637 39
638 34
639 43
640 41
641 30
642 37
643 41
644 38
645 28
646 30
647 36
648 49
649 48
650 47
651 43
652 38
653 42
654 35
655 36
656 43
657 30
658 40
659 30
660 31
661 36
662 40
663 42
664 46
665 36
666 27
667 35
668 43
669 41
670 35
671 35
672 35
673 33
674 34
675 53
676 51
677 44
678 41
679 41
680 49
681 29
682 44
683 43
684 39
685 34
686 36
687 38
688 31
689 39
690 32
691 35
692 21
693 35
694 38
695 34
696 40
697 42
698 38
699 32
700 48
701 26
702 42
703 37
704 33
705 39
706 27
707 43
708 47
709 29
710 37
711 42
712 45
713 37
714 44
715 40
716 40
717 42
718 39
719 44
720 39
721 34
722 38
723 28
724 32
725 41
726 36
727 30
728 39
729 50
730 36
731 37
732 42
733 32
734 40
735 26
736 44
737 38
738 42
739 55
740 45
741 41
742 44
743 40
744 47
745 30
746 32
747 30
748 35
749 29
750 36
751 26
752 34
753 33
754 38
755 32
756 35
757 20
758 41
759 34
760 41
761 35
762 29
763 41
764 38
765 33
766 24
767 30
768 37
769 50
770 32
771 48
772 35
773 41
774 42
775 35
776 42
777 36
778 20
779 37
780 38
781 38
782 39
783 31
784 28
785 27
786 35
787 39
788 50
789 29
790 32
791 49
792 35
793 32
794 37
795 38
796 34
797 49
798 41
799 37
800 40
801 39
802 41
803 36
804 39
805 42
806 43
807 31
808 33
809 37
810 34
811 31
812 34
813 33
814 38
815 50
816 36
817 28
818 47
819 42
820 45
821 39
822 27
823 29
824 30
825 26
826 30
827 29
828 30
829 39
830 40
831 53
832 35
833 29
834 32
835 38
836 38
837 45
838 36
839 36
840 24
841 28
842 41
843 42
844 46
845 36
846 36
847 28
848 31
849 30
850 40
851 31
852 39
853 36
854 40
855 36
856 39
857 40
858 41
859 34
860 27
861 36
862 24
863 34
864 29
865 39
866 40
867 42
868 34
869 24
870 32
871 33
872 38
873 32
874 33
875 31
876 41
877 34
878 29
879 31
880 52
881 43
882 40
883 35
884 31
885 30
886 34
887 30
888 39
889 27
890 24
891 36
892 34
893 30
894 40
895 32
896 41
897 31
898 38
899 41
900 44
901 35
902 31
903 33
904 45
905 30
906 42
907 34
908 38
909 33
910 42
911 40
912 35
913 32
914 23
915 39
916 33
917 32
918 37
919 45
920 26
921 35
922 43
923 37
924 28
925 39
926 35
927 38
928 32
929 38
930 34
931 34
932 30
933 35
934 34
935 33
936 40
937 33
938 29
939 31
940 41
941 45
942 35
943 25
944 32
945 39
946 43
947 42
948 36
949 39
950 32
951 28
952 34
953 37
954 32
955 39
956 35
957 31
958 35
959 46
960 39
961 32
962 25
963 33
964 42
965 34
966 28
967 45
968 26
969 34
970 33
971 23
972 32
973 32
974 34
975 43
976 32
977 45
978 31
979 33
980 32
981 35
982 34
983 29
984 36
985 37
986 28
987 29
988 38
989 42
990 34
991 35
992 33
993 35
994 35
995 40
996 35
997 33
998 39
999 26
1000 33
1001 37
1002 27
1003 42
1004 29
1005 25
1006 26
1007 30
1008 36
1009 38
1010 25
1011 38
1012 41
1013 41
1014 34
1015 27
1016 39
1017 39
1018 29
1019 27
1020 37
1021 37
1022 31
1023 34
1024 25
1025 32
1026 30
1027 36
1028 46
1029 28
1030 31
1031 45
1032 31
1033 38
1034 41
1035 48
1036 25
1037 45
1038 42
1039 39
1040 38
1041 40
1042 38
1043 33
1044 30
1045 37
1046 39
1047 39
1048 40
1049 31
1050 39
1051 43
1052 38
1053 35
1054 37
1055 56
1056 71
1057 82
1058 58
1059 75
1060 56
1061 66
1062 78
1063 107
1064 109
1065 101
1066 101
1067 141
1068 170
1069 205
1070 231
1071 253
1072 322
1073 364
1074 434
1075 421
1076 483
1077 490
1078 445
1079 426
1080 425
1081 494
1082 442
1083 461
1084 425
1085 337
1086 217
1087 193
1088 162
1089 208
1090 120
1091 93
1092 58
1093 51
1094 36
1095 38
1096 39
1097 42
1098 40
1099 53
1100 36
1101 35
1102 36
1103 25
1104 26
1105 37
1106 36
1107 25
1108 37
1109 24
1110 41
1111 34
1112 30
1113 31
1114 34
1115 30
1116 37
1117 46
1118 36
1119 35
1120 37
1121 36
1122 46
1123 41
1124 35
1125 29
1126 29
1127 34
1128 37
1129 29
1130 27
1131 38
1132 30
1133 29
1134 45
1135 30
1136 32
1137 42
1138 33
1139 31
1140 35
1141 33
1142 42
1143 31
1144 29
1145 36
1146 27
1147 32
1148 28
1149 32
1150 41
1151 44
1152 26
1153 34
1154 31
1155 33
1156 24
1157 31
1158 44
1159 33
1160 43
1161 42
1162 31
1163 33
1164 42
1165 32
1166 22
1167 32
1168 30
1169 36
1170 30
1171 23
1172 29
1173 33
1174 39
1175 39
1176 33
1177 28
1178 37
1179 29
1180 34
1181 39
1182 35
1183 33
1184 34
1185 36
1186 21
1187 21
1188 27
1189 34
1190 35
1191 19
1192 42
1193 23
1194 28
1195 22
1196 34
1197 35
1198 30
1199 39
1200 52
1201 28
1202 42
1203 51
1204 60
1205 47
1206 38
1207 33
1208 43
1209 48
1210 58
1211 60
1212 49
1213 66
1214 60
1215 82
1216 101
1217 131
1218 93
1219 99
1220 94
1221 62
1222 72
1223 54
1224 31
1225 34
1226 44
1227 27
1228 32
1229 24
1230 23
1231 26
1232 32
1233 19
1234 26
1235 20
1236 26
1237 24
1238 27
1239 30
1240 24
1241 31
1242 24
1243 32
1244 25
1245 26
1246 36
1247 35
1248 23
1249 32
1250 28
1251 15
1252 29
1253 34
1254 31
1255 35
1256 28
1257 33
1258 34
1259 25
1260 29
1261 30
1262 32
1263 41
1264 29
1265 30
1266 32
1267 34
1268 24
1269 33
1270 34
1271 18
1272 20
1273 16
1274 28
1275 18
1276 19
1277 16
1278 19
1279 19
1280 46
1281 59
1282 56
1283 40
1284 50
1285 30
1286 48
1287 47
1288 38
1289 37
1290 61
1291 37
1292 26
1293 32
1294 34
1295 36
1296 34
1297 21
1298 23
1299 26
1300 21
1301 26
1302 26
1303 25
1304 27
1305 21
1306 21
1307 28
1308 17
1309 26
1310 23
1311 21
1312 22
1313 25
1314 29
1315 21
1316 23
1317 16
1318 31
1319 28
1320 31
1321 30
1322 24
1323 27
1324 29
1325 27
1326 28
1327 28
1328 17
1329 23
1330 20
1331 19
1332 26
1333 25
1334 34
1335 16
1336 37
1337 32
1338 24
1339 20
1340 23
1341 28
1342 30
1343 23
1344 29
1345 32
1346 15
1347 30
1348 30
1349 43
1350 36
1351 28
1352 45
1353 54
1354 47
1355 39
1356 40
1357 49
1358 46
1359 58
1360 68
1361 91
1362 102
1363 125
1364 140
1365 146
1366 171
1367 269
1368 287
1369 396
1370 456
1371 438
1372 322
1373 264
1374 261
1375 220
1376 166
1377 149
1378 121
1379 126
1380 93
1381 71
1382 59
1383 70
1384 34
1385 35
1386 27
1387 29
1388 28
1389 30
1390 24
1391 18
1392 21
1393 26
1394 22
1395 18
1396 36
1397 29
1398 24
1399 30
1400 30
1401 24
1402 19
1403 24
1404 23
1405 27
1406 33
1407 21
1408 27
1409 22
1410 27
1411 20
1412 29
1413 24
1414 21
1415 29
1416 21
1417 19
1418 29
1419 22
1420 23
1421 29
1422 19
1423 20
1424 21
1425 21
1426 15
1427 29
1428 21
1429 15
1430 22
1431 22
1432 23
1433 25
1434 33
1435 21
1436 22
1437 22
1438 28
1439 15
1440 21
1441 23
1442 23
1443 17
1444 20
1445 30
1446 30
1447 30
1448 19
1449 16
1450 21
1451 26
1452 19
1453 19
1454 24
1455 22
1456 17
1457 22
1458 15
1459 26
1460 24
1461 19
1462 14
1463 21
1464 23
1465 22
1466 21
1467 19
1468 13
1469 16
1470 20
1471 20
1472 20
1473 15
1474 23
1475 15
1476 16
1477 23
1478 11
1479 25
1480 14
1481 15
1482 21
1483 18
1484 23
1485 23
1486 17
1487 19
1488 19
1489 25
1490 18
1491 18
1492 21
1493 24
1494 16
1495 21
1496 19
1497 17
1498 13
1499 21
1500 18
1501 24
1502 27
1503 26
1504 25
1505 21
1506 25
1507 20
1508 23
1509 23
1510 26
1511 15
1512 17
1513 27
1514 35
1515 20
1516 23
1517 15
1518 25
1519 19
1520 23
1521 17
1522 19
1523 19
1524 19
1525 16
1526 10
1527 26
1528 23
1529 19
1530 11
1531 17
1532 31
1533 26
1534 17
1535 26
1536 21
1537 18
1538 16
1539 20
1540 14
1541 17
1542 22
1543 19
1544 18
1545 22
1546 24
1547 11
1548 28
1549 32
1550 21
1551 15
1552 22
1553 19
1554 26
1555 27
1556 20
1557 16
1558 24
1559 20
1560 33
1561 24
1562 17
1563 21
1564 11
1565 25
1566 22
1567 20
1568 9
1569 17
1570 16
1571 29
1572 15
1573 33
1574 25
1575 20
1576 13
1577 33
1578 19
1579 30
1580 20
1581 14
1582 26
1583 20
1584 15
1585 24
1586 19
1587 13
1588 22
1589 13
1590 14
1591 13
1592 16
1593 13
1594 23
1595 33
1596 16
1597 23
1598 17
1599 19
1600 29
1601 29
1602 27
1603 25
1604 15
1605 15
1606 21
1607 13
1608 17
1609 22
1610 18
1611 23
1612 28
1613 21
1614 19
1615 24
1616 19
1617 22
1618 20
1619 21
1620 23
1621 14
1622 16
1623 19
1624 23
1625 22
1626 15
1627 15
1628 16
1629 22
1630 18
1631 27
1632 22
1633 25
1634 24
1635 20
1636 21
1637 16
1638 16
1639 23
1640 24
1641 18
1642 26
1643 22
1644 13
1645 21
1646 18
1647 17
1648 26
1649 19
1650 13
1651 25
1652 23
1653 24
1654 13
1655 10
1656 19
1657 22
1658 24
1659 19
1660 27
1661 15
1662 22
1663 18
1664 24
1665 19
1666 24
1667 20
1668 19
1669 17
1670 18
1671 23
1672 18
1673 24
1674 19
1675 22
1676 15
1677 17
1678 21
1679 14
1680 19
1681 15
1682 14
1683 23
1684 22
1685 19
1686 18
1687 14
1688 14
1689 22
1690 15
1691 18
1692 15
1693 12
1694 13
1695 14
1696 16
1697 15
1698 22
1699 29
1700 17
1701 16
1702 21
1703 18
1704 18
1705 13
1706 20
1707 17
1708 22
1709 13
1710 17
1711 25
1712 17
1713 19
1714 16
1715 23
1716 23
1717 14
1718 11
1719 19
1720 14
1721 19
1722 19
1723 19
1724 28
1725 18
1726 24
1727 26
1728 22
1729 28
1730 25
1731 22
1732 23
1733 18
1734 18
1735 23
1736 14
1737 14
1738 21
1739 20
1740 14
1741 20
1742 21
1743 21
1744 14
1745 12
1746 23
1747 21
1748 22
1749 20
1750 21
1751 19
1752 21
1753 22
1754 15
1755 18
1756 24
1757 17
1758 14
1759 18
1760 15
1761 9
1762 22
1763 19
1764 20
1765 29
1766 12
1767 15
1768 16
1769 18
1770 18
1771 15
1772 23
1773 20
1774 17
1775 14
1776 19
1777 22
1778 17
1779 25
1780 25
1781 24
1782 25
1783 26
1784 18
1785 16
1786 23
1787 22
1788 20
1789 16
1790 14
1791 17
1792 28
1793 23
1794 20
1795 18
1796 17
1797 20
1798 24
1799 22
1800 23
1801 19
1802 21
1803 16
1804 19
1805 20
1806 28
1807 22
1808 30
1809 22
1810 21
1811 14
1812 20
1813 26
1814 21
1815 23
1816 29
1817 18
1818 22
1819 26
1820 27
1821 28
1822 25
1823 30
1824 36
1825 47
1826 53
1827 63
1828 67
1829 79
1830 65
1831 71
1832 74
1833 100
1834 156
1835 191
1836 202
1837 131
1838 79
1839 64
1840 87
1841 77
1842 79
1843 54
1844 55
1845 85
1846 63
1847 32
1848 33
1849 32
1850 22
1851 15
1852 27
1853 21
1854 24
1855 16
1856 15
1857 26
1858 11
1859 11
1860 18
1861 22
1862 19
1863 13
1864 15
1865 17
1866 19
1867 15
1868 21
1869 15
1870 16
1871 15
1872 26
1873 12
1874 20
1875 20
1876 22
1877 22
1878 21
1879 20
1880 16
1881 19
1882 14
1883 21
1884 24
1885 22
1886 28
1887 16
1888 13
1889 16
1890 24
1891 11
1892 13
1893 14
1894 17
1895 9
1896 12
1897 16
1898 18
1899 15
1900 21
1901 14
1902 20
1903 11
1904 17
1905 17
1906 20
1907 15
1908 16
1909 17
1910 16
1911 11
1912 14
1913 18
1914 22
1915 14
1916 16
1917 17
1918 17
1919 13
1920 15
1921 10
1922 14
1923 29
1924 16
1925 20
1926 25
1927 17
1928 17
1929 15
1930 17
1931 11
1932 16
1933 15
1934 16
1935 10
1936 14
1937 14
1938 21
1939 23
1940 27
1941 22
1942 11
1943 17
1944 28
1945 19
1946 24
1947 11
1948 18
1949 14
1950 13
1951 21
1952 16
1953 16
1954 15
1955 12
1956 21
1957 22
1958 16
1959 16
1960 20
1961 17
1962 16
1963 19
1964 18
1965 10
1966 14
1967 13
1968 19
1969 17
1970 19
1971 15
1972 13
1973 19
1974 16
1975 24
1976 14
1977 16
1978 16
1979 11
1980 28
1981 16
1982 17
1983 23
1984 13
1985 16
1986 17
1987 16
1988 15
1989 19
1990 15
1991 18
1992 13
1993 16
1994 23
1995 14
1996 16
1997 11
1998 14
1999 19
2000 10
2001 11
2002 13
2003 13
2004 17
2005 14
2006 16
2007 15
2008 24
2009 21
2010 28
2011 12
2012 16
2013 13
2014 18
2015 17
2016 17
2017 13
2018 23
2019 18
2020 14
2021 18
2022 25
2023 29
2024 23
2025 15
2026 16
2027 11
2028 16
2029 24
2030 23
2031 22
2032 19
2033 14
2034 15
2035 16
2036 18
2037 11
2038 18
2039 20
2040 16
2041 18
2042 22
2043 13
2044 16
2045 13
2046 19
2047 15
2048 17
2049 18
2050 20
2051 12
2052 21
2053 16
2054 13
2055 20
2056 15
2057 19
2058 16
2059 21
2060 22
2061 19
2062 23
2063 21
2064 18
2065 28
2066 18
2067 22
2068 31
2069 32
2070 30
2071 40
2072 45
2073 50
2074 69
2075 63
2076 68
2077 81
2078 110
2079 109
2080 107
2081 117
2082 150
2083 190
2084 260
2085 327
2086 316
2087 266
2088 285
2089 258
2090 294
2091 293
2092 354
2093 385
2094 325
2095 331
2096 324
2097 273
2098 294
2099 257
2100 235
2101 201
2102 222
2103 192
2104 193
2105 178
2106 184
2107 184
2108 156
2109 108
2110 73
2111 70
2112 63
2113 57
2114 39
2115 39
2116 25
2117 20
2118 24
2119 20
2120 22
2121 14
2122 22
2123 14
2124 24
2125 17
2126 17
2127 21
2128 17
2129 15
2130 20
2131 14
2132 13
2133 17
2134 13
2135 10
2136 20
2137 19
2138 15
2139 16
2140 18
2141 13
2142 19
2143 15
2144 18
2145 16
2146 16
2147 11
2148 20
2149 18
2150 16
2151 18
2152 16
2153 16
2154 15
2155 8
2156 18
2157 10
2158 15
2159 16
2160 12
2161 11
2162 13
2163 28
2164 17
2165 12
2166 23
2167 16
2168 14
2169 14
2170 17
2171 20
2172 17
2173 13
2174 20
2175 14
2176 15
2177 19
2178 15
2179 16
2180 16
2181 16
2182 15
2183 21
2184 11
2185 13
2186 16
2187 13
2188 18
2189 12
2190 13
2191 19
2192 18
2193 13
2194 11
2195 11
2196 17
2197 22
2198 15
2199 11
2200 17
2201 16
2202 14
2203 17
2204 10
2205 15
2206 19
2207 13
2208 20
2209 15
2210 7
2211 23
2212 24
2213 23
2214 20
2215 17
2216 8
2217 17
2218 17
2219 16
2220 19
2221 15
2222 24
2223 18
2224 15
2225 14
2226 15
2227 18
2228 12
2229 18
2230 15
2231 14
2232 14
2233 15
2234 14
2235 11
2236 13
2237 12
2238 13
2239 13
2240 13
2241 11
2242 12
2243 17
2244 17
2245 16
2246 16
2247 17
2248 16
2249 14
2250 10
2251 19
2252 14
2253 9
2254 11
2255 19
2256 17
2257 10
2258 22
2259 13
2260 16
2261 15
2262 7
2263 16
2264 15
2265 13
2266 18
2267 22
2268 25
2269 15
2270 16
2271 19
2272 22
2273 17
2274 28
2275 20
2276 19
2277 20
2278 21
2279 27
2280 28
2281 28
2282 31
2283 24
2284 30
2285 32
2286 36
2287 41
2288 45
2289 41
2290 55
2291 74
2292 89
2293 72
2294 56
2295 74
2296 62
2297 69
2298 83
2299 71
2300 93
2301 85
2302 102
2303 75
2304 58
2305 45
2306 48
2307 49
2308 39
2309 48
2310 38
2311 27
2312 31
2313 43
2314 35
2315 24
2316 21
2317 25
2318 18
2319 17
2320 18
2321 19
2322 8
2323 18
2324 17
2325 14
2326 18
2327 10
2328 16
2329 10
2330 17
2331 16
2332 15
2333 13
2334 7
2335 16
2336 11
2337 11
2338 14
2339 12
2340 13
2341 12
2342 12
2343 13
2344 14
2345 12
2346 17
2347 11
2348 10
2349 14
2350 11
2351 11
2352 18
2353 8
2354 11
2355 11
2356 22
2357 13
2358 17
2359 19
2360 12
2361 11
2362 7
2363 11
2364 15
2365 14
2366 13
2367 10
2368 15
2369 10
2370 13
2371 14
2372 11
2373 22
2374 13
2375 11
2376 22
2377 11
2378 4
2379 14
2380 17
2381 12
2382 8
2383 9
2384 10
2385 13
2386 13
2387 10
2388 13
2389 15
2390 20
2391 12
2392 21
2393 12
2394 17
2395 9
2396 14
2397 17
2398 13
2399 13
2400 11
2401 9
2402 12
2403 8
2404 12
2405 9
2406 17
2407 14
2408 14
2409 16
2410 8
2411 14
2412 8
2413 13
2414 10
2415 11
2416 8
2417 7
2418 7
2419 10
2420 13
2421 8
2422 8
2423 13
2424 14
2425 11
2426 14
2427 11
2428 20
2429 8
2430 11
2431 7
2432 22
2433 15
2434 8
2435 13
2436 21
2437 8
2438 17
2439 7
2440 15
2441 13
2442 9
2443 14
2444 10
2445 11
2446 5
2447 5
2448 10
2449 10
2450 16
2451 9
2452 10
2453 17
2454 9
2455 16
2456 9
2457 14
2458 10
2459 12
2460 14
2461 15
2462 10
2463 10
2464 12
2465 14
2466 11
2467 15
2468 11
2469 18
2470 10
2471 11
2472 14
2473 18
2474 9
2475 12
2476 9
2477 16
2478 22
2479 11
2480 17
2481 7
2482 22
2483 17
2484 6
2485 9
2486 13
2487 6
2488 13
2489 9
2490 21
2491 19
2492 11
2493 14
2494 11
2495 14
2496 10
2497 13
2498 9
2499 16
2500 14
2501 15
2502 11
2503 15
2504 10
2505 15
2506 15
2507 13
2508 10
2509 18
2510 11
2511 11
2512 9
2513 13
2514 14
2515 13
2516 14
2517 14
2518 15
2519 12
2520 15
2521 21
2522 12
2523 11
2524 15
2525 14
2526 6
2527 8
2528 13
2529 11
2530 10
2531 9
2532 12
2533 10
2534 13
2535 12
2536 11
2537 11
2538 9
2539 12
2540 11
2541 9
2542 11
2543 11
2544 14
2545 12
2546 11
2547 9
2548 8
2549 15
2550 12
2551 16
2552 7
2553 11
2554 11
2555 14
2556 15
2557 15
2558 18
2559 14
