0 35
1 20
2 27
3 17
4 20
5 26
6 23
7 23
8 16
9 17
10 22
11 21
12 28
13 22
14 34
15 17
16 26
17 31
18 32
19 21
20 27
21 30
22 23
23 20
24 31
25 22
26 31
27 23
28 25
29 29
30 25
31 15
32 23
33 22
34 28
35 29
36 37
37 22
38 27
39 21
40 30
41 20
42 29
43 27
44 30
45 16
46 22
47 20
48 31
49 26
50 25
51 35
52 29
53 18
54 24
55 28
56 26
57 32
58 26
59 28
60 28
61 25
62 31
63 26
64 25
65 23
66 28
67 26
68 20
69 19
70 29
71 28
72 24
73 24
74 25
75 36
76 26
77 17
78 19
79 30
80 24
81 29
82 25
83 25
84 29
85 15
86 30
87 29
88 29
89 28
90 25
91 36
92 26
93 22
94 23
95 24
96 25
97 34
98 22
99 27
100 29
101 27
102 25
103 21
104 27
105 25
106 26
107 19
108 22
109 28
110 32
111 22
112 21
113 18
114 24
115 35
116 25
117 34
118 35
119 28
120 28
121 29
122 19
123 21
124 25
125 24
126 26
127 27
128 27
129 37
130 21
131 27
132 20
133 25
134 23
135 22
136 24
137 24
138 27
139 29
140 27
141 25
142 28
143 30
144 29
145 19
146 25
147 40
148 23
149 24
150 26
151 33
152 29
153 37
154 24
155 24
156 29
157 38
158 24
159 24
160 30
161 22
162 24
163 30
164 27
165 27
166 28
167 28
168 25
169 24
170 18
171 24
172 27
173 26
174 36
175 13
176 32
177 23
178 29
179 37
180 31
181 33
182 26
183 22
184 25
185 28
186 23
187 27
188 31
189 27
190 28
191 19
192 26
193 29
194 26
195 35
196 30
197 36
198 31
199 30
200 31
201 25
202 28
203 31
204 23
205 26
206 24
207 30
208 26
209 26
210 29
211 34
212 35
213 26
214 33
215 31
216 26
217 29
218 27
219 36
220 20
221 33
222 25
223 29
224 30
225 34
226 30
227 20
228 24
229 25
230 29
231 28
232 32
233 31
234 29
235 34
236 28
237 22
238 28
239 26
240 26
241 35
242 23
243 35
244 27
245 29
246 20
247 26
248 33
249 39
250 27
251 28
252 33
253 19
254 26
255 33
256 34
257 32
258 21
259 40
260 32
261 37
262 31
263 20
264 31
265 30
266 33
267 38
268 26
269 30
270 20
271 30
272 28
273 34
274 35
275 26
276 20
277 24
278 29
279 30
280 26
281 30
282 22
283 30
284 31
285 32
286 21
287 32
288 18
289 26
290 28
291 21
292 26
293 25
294 28
295 32
296 28
297 23
298 28
299 23
300 26
301 27
302 34
303 35
304 25
305 30
306 24
307 25
308 29
309 41
310 37
311 33
312 23
313 32
314 34
315 43
316 33
317 30
318 33
319 29
320 30
321 38
322 47
323 38
324 28
325 32
326 28
327 27
328 32
329 23
330 26
331 20
332 29
333 40
334 31
335 34
336 44
337 25
338 19
339 21
340 33
341 36
342 28
343 36
344 38
345 34
346 32
347 40
348 30
349 30
350 27
351 33
352 22
353 23
354 32
355 38
356 22
357 41
358 27
359 27
360 27
361 36
362 40
363 39
364 30
365 24
366 35
367 39
368 32
369 28
370 25
371 43
372 41
373 30
374 32
375 28
376 30
377 27
378 37
379 34
380 15
381 33
382 36
383 27
384 39
385 30
386 31
387 33
388 34
389 32
390 32
391 28
392 23
393 31
394 17
395 26
396 32
397 24
398 35
399 28
400 31
401 29
402 33
403 28
404 30
405 43
406 27
407 25
408 29
409 28
410 35
411 26
412 21
413 33
414 32
415 32
416 38
417 36
418 31
419 37
420 24
421 33
422 38
423 27
424 36
425 31
426 33
427 33
428 20
429 28
430 38
431 27
432 40
433 37
434 22
435 27
436 28
437 31
438 41
439 28
440 34
441 29
442 25
443 39
444 29
445 28
446 34
447 34
448 23
449 38
450 38
451 31
452 26
453 21
454 31
455 40
456 32
457 36
458 42
459 32
460 30
461 34
462 33
463 39
464 27
465 33
466 33
467 30
468 42
469 36
470 40
471 29
472 36
473 28
474 35
475 32
476 23
477 29
478 26
479 32
480 22
481 30
482 28
483 25
484 32
485 36
486 33
487 38
488 26
489 39
490 35
491 34
492 32
493 40
494 35
495 28
496 29
497 24
498 29
499 17
500 31
501 34
502 37
503 28
504 31
505 32
506 29
507 37
508 31
509 46
510 26
511 38
512 41
513 35
514 28
515 52
516 42
517 27
518 33
519 36
520 30
521 33
522 31
523 25
524 25
525 35
526 32
527 39
528 32
529 32
530 38
531 39
532 38
533 39
534 45
535 51
536 19
537 28
538 38
539 37
540 40
541 34
542 31
543 28
544 36
545 27
546 29
547 49
548 29
549 29
550 31
551 40
552 39
553 45
554 35
555 26
556 33
557 38
558 34
559 28
560 38
561 35
562 30
563 32
564 32
565 26
566 37
567 29
568 39
569 37
570 35
571 39
572 27
573 34
574 31
575 25
576 26
577 28
578 26
579 32
580 29
581 35
582 29
583 44
584 31
585 26
586 29
587 39
588 39
589 42
590 34
591 33
592 30
593 24
594 29
595 35
596 29
597 31
598 33
599 30
600 35
601 37
602 35
603 21
604 38
605 29
606 38
607 35
608 37
609 38
610 20
611 37
612 29
613 35
614 51
615 29
616 33
617 40
618 30
619 46
620 38
621 30
622 27
623 38
624 28
625 28
626 25
627 40
628 34
629 44
630 36
631 48
632 31
633 47
634 53
635 47
636 56
637 55
638 38
639 53
640 52
641 48
642 52
643 64
644 71
645 76
646 74
647 78
648 102
649 90
650 99
651 80
652 104
653 86
654 127
655 117
656 97
657 106
658 114
659 74
660 69
661 57
662 44
663 32
664 31
665 45
666 38
667 42
668 44
669 35
670 34
671 34
672 36
673 34
674 35
675 33
676 27
677 45
678 39
679 31
680 35
681 42
682 38
683 36
684 38
685 30
686 36
687 43
688 43
689 35
690 43
691 36
692 29
693 29
694 41
695 35
696 22
697 36
698 30
699 39
700 33
701 44
702 24
703 24
704 34
705 27
706 30
707 38
708 36
709 28
710 37
711 35
712 42
713 40
714 29
715 34
716 32
717 29
718 31
719 31
720 34
721 43
722 34
723 29
724 30
725 31
726 39
727 30
728 34
729 35
730 28
731 24
732 34
733 41
734 34
735 25
736 39
737 36
738 30
739 31
740 25
741 39
742 32
743 35
744 32
745 34
746 31
747 36
748 38
749 37
750 35
751 29
752 33
753 31
754 42
755 43
756 38
757 33
758 33
759 35
760 31
761 31
762 25
763 30
764 34
765 28
766 39
767 30
768 29
769 24
770 42
771 25
772 32
773 31
774 33
775 25
776 25
777 34
778 35
779 27
780 28
781 32
782 38
783 29
784 28
785 35
786 35
787 32
788 31
789 43
790 28
791 32
792 28
793 41
794 30
795 36
796 42
797 36
798 24
799 33
800 32
801 32
802 31
803 31
804 26
805 27
806 26
807 31
808 34
809 28
810 29
811 41
812 30
813 45
814 31
815 27
816 32
817 36
818 29
819 31
820 49
821 44
822 46
823 38
824 33
825 30
826 37
827 43
828 37
829 40
830 36
831 25
832 33
833 37
834 46
835 28
836 30
837 27
838 28
839 32
840 28
841 32
842 33
843 35
844 22
845 34
846 40
847 28
848 30
849 36
850 27
851 26
852 30
853 31
854 34
855 30
856 35
857 33
858 30
859 20
860 35
861 32
862 21
863 21
864 39
865 28
866 32
867 27
868 29
869 37
870 44
871 31
872 30
873 32
874 28
875 35
876 31
877 38
878 33
879 30
880 27
881 21
882 28
883 33
884 39
885 28
886 37
887 29
888 35
889 30
890 32
891 27
892 39
893 31
894 34
895 34
896 29
897 37
898 26
899 35
900 37
901 29
902 30
903 23
904 29
905 23
906 32
907 30
908 30
909 40
910 44
911 30
912 26
913 27
914 23
915 31
916 44
917 28
918 28
919 38
920 39
921 27
922 31
923 18
924 40
925 20
926 24
927 35
928 37
929 30
930 37
931 28
932 24
933 36
934 22
935 33
936 23
937 30
938 31
939 36
940 32
941 26
942 32
943 32
944 38
945 48
946 27
947 35
948 33
949 25
950 33
951 30
952 41
953 22
954 33
955 33
956 35
957 35
958 32
959 33
960 29
961 31
962 28
963 31
964 24
965 29
966 31
967 35
968 38
969 37
970 30
971 26
972 32
973 27
974 33
975 30
976 29
977 28
978 23
979 33
980 23
981 23
982 34
983 26
984 26
985 26
986 39
987 35
988 35
989 33
990 37
991 28
992 35
993 30
994 33
995 24
996 36
997 29
998 30
999 28
1000 41
1001 40
1002 37
1003 26
1004 32
1005 48
1006 29
1007 35
1008 37
1009 24
1010 26
1011 50
1012 36
1013 36
1014 42
1015 22
1016 35
1017 33
1018 28
1019 23
1020 29
1021 40
1022 33
1023 40
1024 21
1025 30
1026 37
1027 29
1028 33
1029 21
1030 31
1031 27
1032 38
1033 36
1034 28
1035 31
1036 32
1037 28
1038 31
1039 32
1040 33
1041 29
1042 33
1043 26
1044 35
1045 33
1046 25
1047 25
1048 28
1049 26
1050 34
1051 37
1052 27
1053 31
1054 32
1055 38
1056 32
1057 31
1058 38
1059 26
1060 31
1061 35
1062 29
1063 27
1064 35
1065 29
1066 32
1067 32
1068 30
1069 31
1070 25
1071 37
1072 36
1073 33
1074 27
1075 39
1076 27
1077 30
1078 30
1079 25
1080 30
1081 26
1082 37
1083 21
1084 27
1085 29
1086 28
1087 28
1088 30
1089 42
1090 40
1091 36
1092 31
1093 28
1094 30
1095 34
1096 30
1097 28
1098 30
1099 26
1100 33
1101 27
1102 41
1103 27
1104 25
1105 24
1106 31
1107 30
1108 25
1109 37
1110 30
1111 30
1112 30
1113 25
1114 32
1115 37
1116 17
1117 35
1118 27
1119 27
1120 23
1121 32
1122 30
1123 17
1124 35
1125 23
1126 27
1127 29
1128 33
1129 19
1130 39
1131 39
1132 25
1133 20
1134 33
1135 35
1136 21
1137 25
1138 35
1139 42
1140 43
1141 27
1142 39
1143 31
1144 32
1145 31
1146 24
1147 28
1148 34
1149 36
1150 39
1151 29
1152 30
1153 31
1154 38
1155 40
1156 23
1157 26
1158 32
1159 24
1160 30
1161 26
1162 32
1163 23
1164 32
1165 35
1166 23
1167 27
1168 35
1169 28
1170 28
1171 40
1172 25
1173 18
1174 18
1175 35
1176 31
1177 36
1178 34
1179 36
1180 28
1181 39
1182 58
1183 60
1184 49
1185 63
1186 79
1187 83
1188 121
1189 200
1190 265
1191 300
1192 273
1193 264
1194 260
1195 294
1196 340
1197 452
1198 413
1199 379
1200 450
1201 455
1202 479
1203 597
1204 668
1205 592
1206 560
1207 422
1208 393
1209 267
1210 205
1211 97
1212 102
1213 57
1214 48
1215 34
1216 30
1217 29
1218 38
1219 38
1220 22
1221 23
1222 26
1223 22
1224 25
1225 22
1226 28
1227 27
1228 27
1229 28
1230 31
1231 25
1232 25
1233 35
1234 25
1235 38
1236 22
1237 23
1238 27
1239 36
1240 31
1241 32
1242 26
1243 33
1244 23
1245 25
1246 30
1247 27
1248 21
1249 29
1250 24
1251 24
1252 37
1253 29
1254 26
1255 32
1256 25
1257 34
1258 30
1259 29
1260 29
1261 20
1262 23
1263 29
1264 28
1265 31
1266 29
1267 20
1268 11
1269 23
1270 25
1271 24
1272 14
1273 16
1274 18
1275 17
1276 15
1277 19
1278 3
1279 2
1280 14
1281 21
1282 24
1283 29
1284 26
1285 22
1286 26
1287 17
1288 26
1289 24
1290 22
1291 19
1292 18
1293 28
1294 19
1295 26
1296 26
1297 25
1298 28
1299 20
1300 13
1301 22
1302 14
1303 29
1304 20
1305 24
1306 23
1307 12
1308 28
1309 26
1310 20
1311 24
1312 24
1313 24
1314 23
1315 24
1316 21
1317 16
1318 19
1319 17
1320 24
1321 27
1322 25
1323 18
1324 24
1325 27
1326 22
1327 21
1328 22
1329 15
1330 22
1331 20
1332 16
1333 21
1334 21
1335 16
1336 23
1337 20
1338 16
1339 21
1340 14
1341 18
1342 22
1343 26
1344 18
1345 20
1346 21
1347 25
1348 25
1349 22
1350 24
1351 23
1352 17
1353 27
1354 18
1355 13
1356 32
1357 19
1358 24
1359 19
1360 26
1361 24
1362 24
1363 23
1364 16
1365 28
1366 24
1367 29
1368 27
1369 29
1370 15
1371 25
1372 19
1373 20
1374 19
1375 22
1376 22
1377 23
1378 22
1379 27
1380 19
1381 20
1382 22
1383 19
1384 24
1385 16
1386 23
1387 24
1388 21
1389 11
1390 18
1391 23
1392 24
1393 21
1394 17
1395 16
1396 19
1397 21
1398 18
1399 27
1400 23
1401 15
1402 16
1403 27
1404 29
1405 26
1406 18
1407 17
1408 22
1409 29
1410 18
1411 28
1412 19
1413 19
1414 31
1415 19
1416 26
1417 35
1418 38
1419 44
1420 57
1421 79
1422 54
1423 45
1424 42
1425 42
1426 44
1427 36
1428 56
1429 41
1430 30
1431 36
1432 34
1433 22
1434 20
1435 18
1436 22
1437 20
1438 21
1439 19
1440 30
1441 25
1442 26
1443 17
1444 26
1445 23
1446 23
1447 22
1448 22
1449 27
1450 13
1451 13
1452 19
1453 24
1454 20
1455 17
1456 26
1457 20
1458 26
1459 30
1460 22
1461 17
1462 28
1463 16
1464 17
1465 25
1466 28
1467 16
1468 27
1469 18
1470 21
1471 17
1472 19
1473 26
1474 29
1475 20
1476 24
1477 24
1478 23
1479 18
1480 22
1481 19
1482 31
1483 25
1484 28
1485 21
1486 18
1487 19
1488 23
1489 31
1490 19
1491 19
1492 16
1493 20
1494 34
1495 30
1496 28
1497 27
1498 34
1499 31
1500 43
1501 59
1502 38
1503 75
1504 65
1505 94
1506 143
1507 157
1508 194
1509 276
1510 271
1511 250
1512 234
1513 265
1514 339
1515 324
1516 297
1517 286
1518 215
1519 182
1520 168
1521 140
1522 89
1523 63
1524 55
1525 44
1526 47
1527 35
1528 35
1529 25
1530 29
1531 25
1532 21
1533 19
1534 26
1535 22
1536 15
1537 26
1538 18
1539 20
1540 25
1541 20
1542 18
1543 19
1544 22
1545 16
1546 19
1547 19
1548 15
1549 13
1550 26
1551 25
1552 22
1553 19
1554 10
1555 18
1556 24
1557 19
1558 14
1559 17
1560 19
1561 21
1562 23
1563 19
1564 20
1565 21
1566 19
1567 24
1568 11
1569 16
1570 24
1571 27
1572 24
1573 11
1574 22
1575 18
1576 23
1577 13
1578 21
1579 21
1580 17
1581 13
1582 19
1583 27
1584 20
1585 21
1586 14
1587 24
1588 24
1589 17
1590 20
1591 27
1592 23
1593 21
1594 24
1595 16
1596 27
1597 18
1598 13
1599 19
1600 15
1601 12
1602 17
1603 23
1604 25
1605 31
1606 25
1607 15
1608 23
1609 21
1610 24
1611 14
1612 15
1613 15
1614 17
1615 11
1616 20
1617 16
1618 13
1619 20
1620 13
1621 25
1622 25
1623 17
1624 27
1625 25
1626 24
1627 19
1628 17
1629 17
1630 14
1631 13
1632 18
1633 17
1634 19
1635 20
1636 22
1637 12
1638 22
1639 21
1640 12
1641 13
1642 18
1643 16
1644 19
1645 18
1646 20
1647 18
1648 14
1649 19
1650 19
1651 15
1652 21
1653 16
1654 13
1655 17
1656 22
1657 24
1658 16
1659 18
1660 17
1661 20
1662 29
1663 17
1664 18
1665 23
1666 15
1667 15
1668 22
1669 19
1670 17
1671 21
1672 20
1673 20
1674 18
1675 14
1676 16
1677 28
1678 23
1679 22
1680 9
1681 14
1682 18
1683 15
1684 16
1685 16
1686 18
1687 15
1688 26
1689 17
1690 16
1691 19
1692 18
1693 14
1694 18
1695 18
1696 23
1697 16
1698 19
1699 19
1700 17
1701 11
1702 19
1703 14
1704 17
1705 19
1706 13
1707 25
1708 20
1709 20
1710 17
1711 12
1712 12
1713 17
1714 24
1715 23
1716 13
1717 25
1718 19
1719 18
1720 20
1721 16
1722 15
1723 12
1724 22
1725 15
1726 13
1727 23
1728 19
1729 16
1730 18
1731 16
1732 14
1733 12
1734 18
1735 25
1736 17
1737 14
1738 12
1739 13
1740 13
1741 18
1742 20
1743 13
1744 18
1745 19
1746 19
1747 17
1748 23
1749 21
1750 25
1751 14
1752 16
1753 22
1754 23
1755 14
1756 22
1757 14
1758 17
1759 16
1760 23
1761 14
1762 17
1763 19
1764 19
1765 13
1766 18
1767 16
1768 23
1769 13
1770 16
1771 20
1772 8
1773 16
1774 20
1775 21
1776 18
1777 12
1778 17
1779 16
1780 18
1781 15
1782 21
1783 15
1784 21
1785 11
1786 17
1787 21
1788 17
1789 22
1790 15
1791 15
1792 14
1793 11
1794 15
1795 15
1796 26
1797 28
1798 25
1799 19
1800 7
1801 19
1802 18
1803 22
1804 10
1805 15
1806 16
1807 14
1808 13
1809 17
1810 20
1811 21
1812 18
1813 12
1814 16
1815 10
1816 22
1817 18
1818 22
1819 10
1820 16
1821 16
1822 21
1823 15
1824 29
1825 21
1826 12
1827 16
1828 18
1829 17
1830 17
1831 10
1832 14
1833 19
1834 19
1835 19
1836 12
1837 20
1838 15
1839 18
1840 11
1841 18
1842 12
1843 16
1844 15
1845 25
1846 16
1847 11
1848 9
1849 15
1850 12
1851 16
1852 16
1853 15
1854 16
1855 21
1856 16
1857 27
1858 23
1859 11
1860 16
1861 25
1862 17
1863 22
1864 15
1865 18
1866 21
1867 20
1868 19
1869 16
1870 22
1871 14
1872 25
1873 17
1874 11
1875 13
1876 8
1877 23
1878 17
1879 14
1880 13
1881 12
1882 16
1883 13
1884 11
1885 16
1886 17
1887 12
1888 11
1889 11
1890 13
1891 19
1892 21
1893 11
1894 18
1895 12
1896 19
1897 16
1898 16
1899 18
1900 22
1901 21
1902 17
1903 14
1904 12
1905 15
1906 10
1907 20
1908 14
1909 12
1910 18
1911 19
1912 17
1913 23
1914 20
1915 11
1916 14
1917 16
1918 15
1919 17
1920 17
1921 22
1922 20
1923 12
1924 20
1925 8
1926 21
1927 15
1928 16
1929 20
1930 18
1931 17
1932 25
1933 24
1934 18
1935 22
1936 14
1937 14
1938 16
1939 15
1940 22
1941 26
1942 24
1943 21
1944 22
1945 25
1946 28
1947 23
1948 24
1949 19
1950 16
1951 19
1952 16
1953 16
1954 18
1955 20
1956 23
1957 19
1958 17
1959 10
1960 10
1961 18
1962 16
1963 17
1964 14
1965 17
1966 17
1967 18
1968 19
1969 14
1970 15
1971 20
1972 20
1973 14
1974 16
1975 16
1976 17
1977 15
1978 12
1979 13
1980 18
1981 19
1982 14
1983 20
1984 15
1985 16
1986 18
1987 27
1988 19
1989 35
1990 35
1991 45
1992 46
1993 46
1994 48
1995 74
1996 105
1997 163
1998 218
1999 274
2000 234
2001 154
2002 132
2003 133
2004 131
2005 121
2006 88
2007 75
2008 62
2009 55
2010 53
2011 58
2012 71
2013 61
2014 31
2015 38
2016 25
2017 28
2018 18
2019 19
2020 14
2021 28
2022 12
2023 23
2024 20
2025 12
2026 20
2027 22
2028 8
2029 13
2030 12
2031 17
2032 12
2033 17
2034 22
2035 17
2036 15
2037 15
2038 10
2039 15
2040 15
2041 10
2042 17
2043 17
2044 18
2045 14
2046 12
2047 18
2048 14
2049 15
2050 7
2051 16
2052 12
2053 24
2054 15
2055 15
2056 16
2057 13
2058 8
2059 15
2060 10
2061 17
2062 14
2063 13
2064 11
2065 15
2066 13
2067 9
2068 10
2069 14
2070 10
2071 19
2072 18
2073 14
2074 17
2075 14
2076 16
2077 11
2078 14
2079 9
2080 15
2081 13
2082 12
2083 9
2084 16
2085 12
2086 15
2087 16
2088 7
2089 14
2090 23
2091 5
2092 12
2093 11
2094 14
2095 17
2096 14
2097 14
2098 16
2099 13
2100 10
2101 11
2102 9
2103 22
2104 15
2105 11
2106 12
2107 12
2108 18
2109 11
2110 12
2111 9
2112 16
2113 15
2114 20
2115 14
2116 16
2117 11
2118 20
2119 17
2120 17
2121 9
2122 18
2123 15
2124 13
2125 16
2126 15
2127 17
2128 20
2129 8
2130 10
2131 14
2132 15
2133 18
2134 12
2135 11
2136 15
2137 8
2138 14
2139 12
2140 18
2141 16
2142 13
2143 17
2144 15
2145 6
2146 14
2147 5
2148 13
2149 11
2150 15
2151 14
2152 14
2153 13
2154 19
2155 12
2156 13
2157 18
2158 13
2159 20
2160 21
2161 12
2162 12
2163 16
2164 15
2165 15
2166 14
2167 4
2168 7
2169 14
2170 20
2171 17
2172 12
2173 17
2174 6
2175 14
2176 8
2177 12
2178 14
2179 19
2180 11
2181 17
2182 9
2183 20
2184 11
2185 14
2186 15
2187 15
2188 9
2189 17
2190 14
2191 13
2192 20
2193 18
2194 13
2195 20
2196 13
2197 12
2198 12
2199 11
2200 11
2201 21
2202 20
2203 21
2204 22
2205 16
2206 14
2207 16
2208 25
2209 14
2210 17
2211 11
2212 19
2213 19
2214 12
2215 17
2216 12
2217 17
2218 13
2219 21
2220 16
2221 15
2222 18
2223 20
2224 9
2225 12
2226 22
2227 10
2228 8
2229 13
2230 11
2231 18
2232 14
2233 14
2234 14
2235 15
2236 7
2237 13
2238 12
2239 17
2240 9
2241 26
2242 13
2243 16
2244 17
2245 14
2246 26
2247 22
2248 26
2249 17
2250 27
2251 27
2252 30
2253 23
2254 51
2255 43
2256 58
2257 69
2258 70
2259 98
2260 119
2261 128
2262 135
2263 148
2264 200
2265 282
2266 274
2267 342
2268 391
2269 415
2270 448
2271 488
2272 546
2273 602
2274 651
2275 624
2276 523
2277 500
2278 474
2279 430
2280 383
2281 363
2282 389
2283 300
2284 214
2285 132
2286 108
2287 108
2288 154
2289 98
2290 60
2291 52
2292 34
2293 38
2294 32
2295 19
2296 27
2297 29
2298 24
2299 14
2300 20
2301 11
2302 14
2303 15
2304 18
2305 19
2306 19
2307 18
2308 15
2309 15
2310 8
2311 12
2312 20
2313 14
2314 5
2315 10
2316 15
2317 11
2318 14
2319 13
2320 9
2321 18
2322 10
2323 16
2324 11
2325 15
2326 12
2327 15
2328 23
2329 14
2330 11
2331 14
2332 20
2333 7
2334 12
2335 13
2336 14
2337 7
2338 13
2339 11
2340 15
2341 12
2342 13
2343 9
2344 11
2345 10
2346 9
2347 15
2348 21
2349 18
2350 15
2351 13
2352 9
2353 15
2354 9
2355 19
2356 15
2357 19
2358 21
2359 15
2360 8
2361 9
2362 7
2363 10
2364 13
2365 19
2366 14
2367 9
2368 17
2369 16
2370 13
2371 13
2372 12
2373 19
2374 12
2375 15
2376 23
2377 10
2378 16
2379 15
2380 11
2381 9
2382 12
2383 11
2384 13
2385 14
2386 12
2387 7
2388 14
2389 11
2390 10
2391 20
2392 16
2393 16
2394 8
2395 12
2396 21
2397 17
2398 19
2399 14
2400 26
2401 20
2402 23
2403 15
2404 16
2405 9
2406 9
2407 16
2408 15
2409 16
2410 19
2411 18
2412 11
2413 16
2414 14
2415 10
2416 6
2417 18
2418 12
2419 9
2420 6
2421 10
2422 10
2423 14
2424 10
2425 18
2426 13
2427 17
2428 16
2429 14
2430 15
2431 8
2432 14
2433 15
2434 16
2435 14
2436 11
2437 9
2438 8
2439 13
2440 15
2441 10
2442 8
2443 13
2444 14
2445 9
2446 12
2447 13
2448 7
2449 10
2450 17
2451 19
2452 11
2453 11
2454 11
2455 16
2456 7
2457 18
2458 16
2459 15
2460 10
2461 16
2462 22
2463 19
2464 11
2465 15
2466 14
2467 20
2468 16
2469 16
2470 20
2471 21
2472 22
2473 19
2474 26
2475 27
2476 42
2477 52
2478 48
2479 49
2480 51
2481 70
2482 70
2483 81
2484 82
2485 77
2486 82
2487 80
2488 75
2489 72
2490 81
2491 69
2492 84
2493 108
2494 102
2495 95
2496 83
2497 59
2498 51
2499 51
2500 44
2501 47
2502 47
2503 47
2504 31
2505 27
2506 16
2507 18
2508 16
2509 23
2510 19
2511 19
2512 9
2513 10
2514 13
2515 14
2516 14
2517 20
2518 15
2519 12
2520 9
2521 10
2522 17
2523 11
2524 8
2525 12
2526 15
2527 8
2528 9
2529 11
2530 13
2531 16
2532 15
2533 15
2534 11
2535 12
2536 18
2537 11
2538 18
2539 5
2540 10
2541 14
2542 13
2543 10
2544 11
2545 8
2546 15
2547 15
2548 6
2549 14
2550 14
2551 13
2552 17
2553 8
2554 12
2555 12
2556 9
2557 11
2558 9
2559 13
