0 46
1 26
2 25
3 19
4 31
5 24
6 28
7 36
8 31
9 36
10 42
11 31
12 32
13 37
14 24
15 27
16 22
17 37
18 39
19 25
20 23
21 36
22 44
23 33
24 27
25 27
26 29
27 31
28 37
29 24
30 27
31 30
32 36
33 32
34 37
35 35
36 33
37 24
38 39
39 27
40 30
41 29
42 34
43 29
44 27
45 28
46 30
47 26
48 39
49 30
50 31
51 21
52 29
53 28
54 38
55 29
56 29
57 37
58 32
59 39
60 31
61 45
62 27
63 30
64 31
65 41
66 24
67 38
68 39
69 28
70 31
71 27
72 35
73 30
74 31
75 41
76 34
77 36
78 34
79 37
80 31
81 34
82 40
83 35
84 47
85 37
86 43
87 39
88 22
89 39
90 33
91 27
92 35
93 29
94 25
95 23
96 39
97 38
98 47
99 31
100 38
101 33
102 39
103 33
104 40
105 30
106 23
107 32
108 39
109 19
110 46
111 32
112 30
113 26
114 33
115 38
116 33
117 31
118 27
119 28
120 40
121 33
122 29
123 36
124 34
125 26
126 37
127 44
128 35
129 30
130 29
131 25
132 40
133 33
134 31
135 43
136 25
137 31
138 42
139 30
140 37
141 44
142 26
143 31
144 39
145 29
146 32
147 39
148 32
149 28
150 31
151 38
152 36
153 30
154 31
155 38
156 30
157 42
158 31
159 48
160 28
161 38
162 31
163 32
164 22
165 27
166 28
167 36
168 34
169 36
170 51
171 38
172 40
173 40
174 38
175 37
176 39
177 31
178 26
179 38
180 38
181 31
182 40
183 36
184 33
185 48
186 41
187 27
188 39
189 46
190 29
191 31
192 35
193 27
194 36
195 33
196 35
197 26
198 36
199 31
200 45
201 37
202 25
203 35
204 34
205 40
206 36
207 31
208 28
209 31
210 33
211 42
212 19
213 22
214 26
215 28
216 29
217 39
218 32
219 29
220 23
221 41
222 24
223 37
224 21
225 46
226 37
227 35
228 34
229 30
230 31
231 41
232 30
233 45
234 38
235 37
236 39
237 31
238 42
239 42
240 28
241 26
242 40
243 29
244 43
245 42
246 37
247 36
248 44
249 34
250 46
251 33
252 42
253 45
254 36
255 36
256 36
257 42
258 37
259 35
260 29
261 39
262 30
263 30
264 34
265 39
266 45
267 37
268 29
269 35
270 48
271 34
272 32
273 36
274 41
275 29
276 29
277 41
278 32
279 29
280 29
281 34
282 45
283 34
284 31
285 29
286 45
287 52
288 48
289 50
290 40
291 32
292 29
293 43
294 41
295 29
296 34
297 34
298 49
299 40
300 35
301 31
302 35
303 28
304 45
305 28
306 37
307 28
308 34
309 40
310 33
311 32
312 44
313 48
314 26
315 35
316 34
317 34
318 35
319 38
320 47
321 39
322 48
323 40
324 44
325 30
326 38
327 47
328 39
329 49
330 26
331 35
332 38
333 40
334 30
335 42
336 35
337 44
338 41
339 41
340 40
341 35
342 44
343 31
344 38
345 51
346 49
347 36
348 29
349 38
350 38
351 27
352 36
353 43
354 47
355 47
356 38
357 47
358 40
359 42
360 34
361 32
362 34
363 36
364 38
365 32
366 40
367 37
368 39
369 28
370 42
371 42
372 46
373 40
374 37
375 36
376 30
377 30
378 32
379 25
380 30
381 31
382 31
383 47
384 43
385 40
386 27
387 40
388 34
389 47
390 45
391 43
392 42
393 46
394 39
395 31
396 30
397 34
398 33
399 43
400 36
401 39
402 46
403 42
404 38
405 38
406 37
407 32
408 49
409 38
410 27
411 40
412 48
413 43
414 37
415 45
416 43
417 32
418 39
419 38
420 34
421 38
422 34
423 36
424 34
425 34
426 41
427 34
428 25
429 38
430 38
431 40
432 35
433 34
434 50
435 38
436 42
437 55
438 33
439 41
440 34
441 42
442 32
443 38
444 51
445 32
446 33
447 48
448 34
449 47
450 48
451 39
452 29
453 37
454 43
455 34
456 44
457 39
458 39
459 32
460 47
461 30
462 35
463 40
464 39
465 42
466 28
467 46
468 40
469 29
470 39
471 36
472 39
473 53
474 41
475 37
476 37
477 41
478 36
479 43
480 36
481 36
482 42
483 51
484 38
485 39
486 37
487 36
488 36
489 39
490 32
491 53
492 35
493 48
494 40
495 35
496 34
497 37
498 35
499 33
500 30
501 31
502 35
503 31
504 39
505 39
506 47
507 42
508 26
509 42
510 44
511 48
512 53
513 54
514 46
515 47
516 43
517 46
518 45
519 47
520 43
521 64
522 48
523 57
524 55
525 62
526 68
527 67
528 86
529 107
530 87
531 88
532 75
533 78
534 68
535 83
536 91
537 84
538 105
539 108
540 91
541 88
542 110
543 122
544 165
545 177
546 144
547 122
548 103
549 66
550 74
551 50
552 43
553 40
554 39
555 49
556 34
557 46
558 45
559 49
560 33
561 35
562 43
563 23
564 42
565 38
566 44
567 34
568 36
569 37
570 50
571 40
572 28
573 45
574 37
575 27
576 55
577 37
578 43
579 34
580 41
581 37
582 47
583 33
584 37
585 35
586 41
587 34
588 33
589 45
590 43
591 28
592 41
593 35
594 38
595 40
596 41
597 37
598 30
599 42
600 40
601 44
602 48
603 43
604 43
605 36
606 35
607 39
608 43
609 30
610 24
611 31
612 32
613 35
614 45
615 45
616 37
617 28
618 47
619 46
620 28
621 39
622 35
623 41
624 34
625 38
626 44
627 42
628 51
629 21
630 34
631 50
632 37
633 31
634 48
635 34
636 44
637 32
638 36
639 36
640 39
641 41
642 33
643 46
644 41
645 41
646 40
647 33
648 45
649 46
650 40
651 36
652 31
653 37
654 43
655 32
656 37
657 37
658 38
659 43
660 43
661 38
662 35
663 40
664 34
665 40
666 30
667 39
668 41
669 40
670 38
671 32
672 45
673 54
674 45
675 38
676 33
677 45
678 36
679 42
680 40
681 45
682 29
683 40
684 43
685 35
686 30
687 26
688 47
689 37
690 33
691 42
692 40
693 35
694 41
695 44
696 37
697 41
698 33
699 35
700 39
701 36
702 34
703 59
704 41
705 40
706 39
707 43
708 37
709 25
710 41
711 39
712 29
713 43
714 53
715 33
716 29
717 29
718 35
719 41
720 27
721 49
722 44
723 44
724 38
725 26
726 43
727 37
728 32
729 41
730 39
731 33
732 34
733 50
734 41
735 25
736 36
737 33
738 46
739 31
740 40
741 31
742 26
743 38
744 40
745 44
746 37
747 49
748 39
749 34
750 35
751 36
752 50
753 43
754 42
755 47
756 40
757 51
758 42
759 25
760 44
761 32
762 38
763 25
764 33
765 35
766 31
767 44
768 50
769 53
770 43
771 34
772 33
773 35
774 40
775 42
776 42
777 45
778 45
779 41
780 34
781 32
782 36
783 37
784 35
785 39
786 49
787 34
788 40
789 36
790 37
791 35
792 45
793 30
794 44
795 34
796 33
797 37
798 23
799 36
800 41
801 35
802 36
803 32
804 35
805 34
806 36
807 31
808 34
809 33
810 40
811 33
812 30
813 42
814 35
815 41
816 44
817 30
818 41
819 46
820 38
821 38
822 38
823 38
824 53
825 29
826 39
827 35
828 55
829 39
830 34
831 34
832 37
833 39
834 34
835 37
836 39
837 37
838 41
839 28
840 45
841 26
842 36
843 32
844 29
845 46
846 48
847 41
848 34
849 31
850 42
851 49
852 40
853 28
854 31
855 41
856 41
857 33
858 38
859 39
860 36
861 25
862 26
863 39
864 42
865 31
866 38
867 42
868 33
869 33
870 48
871 30
872 37
873 37
874 31
875 40
876 47
877 31
878 42
879 33
880 41
881 36
882 41
883 37
884 33
885 45
886 28
887 35
888 30
889 36
890 45
891 39
892 23
893 35
894 44
895 46
896 33
897 33
898 39
899 38
900 46
901 26
902 26
903 36
904 27
905 38
906 44
907 53
908 43
909 30
910 40
911 39
912 44
913 45
914 33
915 45
916 33
917 36
918 34
919 47
920 49
921 34
922 35
923 36
924 25
925 43
926 36
927 30
928 44
929 24
930 37
931 34
932 39
933 34
934 39
935 37
936 30
937 33
938 24
939 19
940 31
941 25
942 32
943 32
944 30
945 48
946 33
947 47
948 37
949 37
950 29
951 39
952 36
953 37
954 40
955 41
956 28
957 40
958 37
959 33
960 30
961 30
962 41
963 30
964 40
965 32
966 44
967 38
968 42
969 37
970 26
971 27
972 45
973 48
974 36
975 27
976 30
977 24
978 27
979 33
980 27
981 33
982 37
983 46
984 38
985 41
986 41
987 33
988 24
989 43
990 37
991 34
992 45
993 34
994 30
995 29
996 40
997 23
998 34
999 41
1000 31
1001 38
1002 25
1003 35
1004 35
1005 40
1006 36
1007 29
1008 38
1009 29
1010 39
1011 36
1012 41
1013 38
1014 28
1015 26
1016 34
1017 27
1018 36
1019 38
1020 40
1021 28
1022 29
1023 34
1024 41
1025 30
1026 42
1027 29
1028 36
1029 31
1030 44
1031 42
1032 38
1033 50
1034 41
1035 51
1036 57
1037 49
1038 52
1039 74
1040 127
1041 169
1042 141
1043 168
1044 168
1045 168
1046 204
1047 228
1048 282
1049 336
1050 328
1051 346
1052 349
1053 354
1054 452
1055 484
1056 497
1057 476
1058 546
1059 558
1060 674
1061 559
1062 397
1063 369
1064 289
1065 250
1066 166
1067 135
1068 98
1069 78
1070 79
1071 46
1072 54
1073 52
1074 42
1075 38
1076 46
1077 36
1078 31
1079 47
1080 37
1081 43
1082 40
1083 36
1084 36
1085 26
1086 39
1087 33
1088 32
1089 34
1090 37
1091 34
1092 33
1093 47
1094 36
1095 40
1096 34
1097 30
1098 47
1099 23
1100 34
1101 32
1102 30
1103 39
1104 40
1105 22
1106 23
1107 23
1108 38
1109 29
1110 32
1111 26
1112 32
1113 33
1114 42
1115 23
1116 38
1117 47
1118 39
1119 41
1120 32
1121 38
1122 28
1123 40
1124 40
1125 38
1126 32
1127 33
1128 26
1129 35
1130 31
1131 33
1132 34
1133 39
1134 32
1135 34
1136 29
1137 41
1138 27
1139 33
1140 48
1141 30
1142 26
1143 36
1144 44
1145 39
1146 33
1147 26
1148 20
1149 41
1150 35
1151 25
1152 29
1153 41
1154 42
1155 36
1156 27
1157 36
1158 32
1159 28
1160 30
1161 28
1162 30
1163 44
1164 36
1165 35
1166 38
1167 40
1168 33
1169 31
1170 37
1171 40
1172 37
1173 46
1174 33
1175 36
1176 33
1177 29
1178 33
1179 32
1180 48
1181 45
1182 49
1183 62
1184 53
1185 35
1186 44
1187 53
1188 56
1189 50
1190 77
1191 74
1192 64
1193 61
1194 75
1195 46
1196 68
1197 69
1198 68
1199 63
1200 53
1201 36
1202 53
1203 39
1204 30
1205 28
1206 40
1207 28
1208 36
1209 39
1210 34
1211 34
1212 31
1213 39
1214 38
1215 41
1216 22
1217 33
1218 35
1219 32
1220 32
1221 31
1222 29
1223 26
1224 29
1225 31
1226 31
1227 27
1228 32
1229 36
1230 30
1231 33
1232 31
1233 35
1234 36
1235 28
1236 26
1237 31
1238 30
1239 28
1240 36
1241 24
1242 33
1243 45
1244 26
1245 34
1246 36
1247 30
1248 34
1249 29
1250 31
1251 26
1252 38
1253 34
1254 36
1255 31
1256 23
1257 25
1258 28
1259 30
1260 37
1261 23
1262 40
1263 24
1264 29
1265 24
1266 26
1267 21
1268 19
1269 22
1270 27
1271 18
1272 25
1273 18
1274 18
1275 19
1276 23
1277 21
1278 18
1279 24
1280 16
1281 30
1282 16
1283 30
1284 27
1285 34
1286 24
1287 31
1288 19
1289 24
1290 36
1291 26
1292 26
1293 24
1294 28
1295 30
1296 17
1297 20
1298 20
1299 27
1300 27
1301 23
1302 35
1303 23
1304 38
1305 24
1306 17
1307 19
1308 30
1309 26
1310 29
1311 22
1312 30
1313 30
1314 28
1315 21
1316 26
1317 26
1318 23
1319 25
1320 28
1321 36
1322 26
1323 27
1324 26
1325 41
1326 45
1327 46
1328 31
1329 48
1330 56
1331 52
1332 52
1333 70
1334 110
1335 170
1336 188
1337 159
1338 159
1339 191
1340 243
1341 252
1342 227
1343 164
1344 194
1345 248
1346 288
1347 307
1348 288
1349 222
1350 186
1351 159
1352 121
1353 127
1354 95
1355 68
1356 70
1357 69
1358 69
1359 35
1360 35
1361 25
1362 31
1363 26
1364 29
1365 24
1366 21
1367 18
1368 30
1369 23
1370 22
1371 19
1372 31
1373 24
1374 27
1375 31
1376 20
1377 26
1378 19
1379 21
1380 23
1381 18
1382 21
1383 23
1384 23
1385 22
1386 31
1387 20
1388 28
1389 25
1390 24
1391 13
1392 23
1393 21
1394 13
1395 15
1396 25
1397 18
1398 30
1399 23
1400 23
1401 20
1402 18
1403 20
1404 34
1405 23
1406 18
1407 29
1408 17
1409 17
1410 21
1411 31
1412 33
1413 30
1414 27
1415 23
1416 23
1417 26
1418 22
1419 23
1420 33
1421 23
1422 18
1423 19
1424 27
1425 33
1426 28
1427 18
1428 13
1429 22
1430 21
1431 22
1432 20
1433 19
1434 22
1435 16
1436 23
1437 22
1438 34
1439 26
1440 22
1441 21
1442 33
1443 22
1444 32
1445 25
1446 23
1447 34
1448 22
1449 24
1450 22
1451 33
1452 21
1453 18
1454 13
1455 19
1456 16
1457 22
1458 27
1459 15
1460 22
1461 21
1462 15
1463 21
1464 25
1465 30
1466 23
1467 16
1468 20
1469 24
1470 31
1471 25
1472 29
1473 23
1474 27
1475 27
1476 18
1477 22
1478 23
1479 25
1480 25
1481 16
1482 23
1483 23
1484 23
1485 25
1486 18
1487 25
1488 18
1489 18
1490 30
1491 16
1492 22
1493 20
1494 23
1495 16
1496 23
1497 15
1498 23
1499 18
1500 17
1501 24
1502 28
1503 26
1504 31
1505 32
1506 31
1507 20
1508 17
1509 22
1510 19
1511 27
1512 17
1513 20
1514 19
1515 20
1516 17
1517 23
1518 17
1519 26
1520 28
1521 24
1522 24
1523 25
1524 26
1525 29
1526 34
1527 18
1528 19
1529 20
1530 21
1531 29
1532 19
1533 10
1534 18
1535 15
1536 18
1537 20
1538 12
1539 26
1540 27
1541 19
1542 21
1543 20
1544 22
1545 23
1546 10
1547 22
1548 27
1549 19
1550 17
1551 24
1552 20
1553 16
1554 25
1555 21
1556 19
1557 16
1558 24
1559 16
1560 13
1561 20
1562 18
1563 15
1564 17
1565 15
1566 16
1567 21
1568 19
1569 11
1570 18
1571 27
1572 13
1573 19
1574 19
1575 17
1576 19
1577 19
1578 24
1579 18
1580 22
1581 19
1582 22
1583 21
1584 18
1585 22
1586 24
1587 20
1588 22
1589 13
1590 20
1591 20
1592 19
1593 23
1594 22
1595 21
1596 28
1597 23
1598 22
1599 19
1600 24
1601 22
1602 16
1603 28
1604 27
1605 22
1606 27
1607 15
1608 14
1609 22
1610 25
1611 14
1612 16
1613 17
1614 20
1615 23
1616 20
1617 19
1618 18
1619 20
1620 27
1621 18
1622 19
1623 14
1624 21
1625 25
1626 18
1627 21
1628 18
1629 23
1630 19
1631 25
1632 17
1633 26
1634 27
1635 14
1636 18
1637 21
1638 20
1639 20
1640 22
1641 28
1642 27
1643 16
1644 15
1645 9
1646 19
1647 17
1648 17
1649 24
1650 20
1651 19
1652 18
1653 20
1654 21
1655 22
1656 21
1657 15
1658 21
1659 16
1660 8
1661 32
1662 28
1663 14
1664 15
1665 16
1666 17
1667 20
1668 11
1669 27
1670 19
1671 18
1672 23
1673 16
1674 21
1675 9
1676 21
1677 18
1678 22
1679 18
1680 23
1681 20
1682 15
1683 16
1684 18
1685 19
1686 15
1687 17
1688 18
1689 21
1690 13
1691 16
1692 22
1693 25
1694 20
1695 18
1696 20
1697 16
1698 17
1699 15
1700 21
1701 15
1702 27
1703 22
1704 21
1705 16
1706 23
1707 18
1708 24
1709 22
1710 23
1711 17
1712 15
1713 18
1714 13
1715 22
1716 20
1717 14
1718 21
1719 17
1720 10
1721 16
1722 20
1723 14
1724 22
1725 26
1726 27
1727 23
1728 19
1729 16
1730 17
1731 19
1732 21
1733 19
1734 18
1735 19
1736 11
1737 22
1738 28
1739 21
1740 25
1741 25
1742 12
1743 26
1744 18
1745 16
1746 34
1747 28
1748 22
1749 25
1750 15
1751 27
1752 20
1753 20
1754 24
1755 21
1756 22
1757 14
1758 25
1759 25
1760 17
1761 21
1762 24
1763 11
1764 20
1765 23
1766 16
1767 16
1768 26
1769 14
1770 15
1771 13
1772 26
1773 14
1774 14
1775 13
1776 21
1777 20
1778 13
1779 17
1780 37
1781 21
1782 22
1783 30
1784 28
1785 28
1786 46
1787 35
1788 42
1789 59
1790 46
1791 55
1792 44
1793 52
1794 56
1795 32
1796 48
1797 71
1798 99
1799 109
1800 86
1801 79
1802 95
1803 112
1804 129
1805 121
1806 148
1807 173
1808 195
1809 191
1810 148
1811 131
1812 104
1813 76
1814 60
1815 74
1816 66
1817 57
1818 48
1819 48
1820 30
1821 32
1822 23
1823 23
1824 31
1825 22
1826 24
1827 19
1828 24
1829 20
1830 24
1831 20
1832 16
1833 20
1834 15
1835 16
1836 17
1837 21
1838 16
1839 17
1840 17
1841 22
1842 15
1843 15
1844 21
1845 16
1846 14
1847 21
1848 17
1849 13
1850 9
1851 17
1852 17
1853 9
1854 22
1855 30
1856 14
1857 18
1858 16
1859 26
1860 11
1861 15
1862 15
1863 18
1864 15
1865 15
1866 27
1867 18
1868 18
1869 23
1870 13
1871 13
1872 15
1873 17
1874 22
1875 23
1876 9
1877 15
1878 18
1879 19
1880 17
1881 12
1882 11
1883 19
1884 12
1885 15
1886 17
1887 20
1888 7
1889 6
1890 11
1891 16
1892 19
1893 20
1894 19
1895 14
1896 18
1897 18
1898 19
1899 19
1900 18
1901 16
1902 19
1903 18
1904 17
1905 19
1906 17
1907 14
1908 18
1909 11
1910 16
1911 9
1912 14
1913 16
1914 14
1915 17
1916 14
1917 23
1918 19
1919 25
1920 19
1921 23
1922 20
1923 11
1924 20
1925 19
1926 21
1927 19
1928 17
1929 30
1930 19
1931 16
1932 22
1933 20
1934 22
1935 14
1936 15
1937 14
1938 19
1939 15
1940 15
1941 27
1942 14
1943 16
1944 18
1945 14
1946 17
1947 19
1948 15
1949 16
1950 19
1951 18
1952 18
1953 13
1954 12
1955 9
1956 25
1957 14
1958 15
1959 23
1960 22
1961 18
1962 24
1963 16
1964 14
1965 14
1966 10
1967 20
1968 24
1969 17
1970 16
1971 16
1972 23
1973 12
1974 18
1975 20
1976 18
1977 18
1978 15
1979 22
1980 21
1981 20
1982 19
1983 22
1984 14
1985 15
1986 16
1987 15
1988 17
1989 21
1990 19
1991 14
1992 20
1993 19
1994 22
1995 16
1996 13
1997 15
1998 11
1999 9
2000 17
2001 20
2002 18
2003 13
2004 18
2005 17
2006 15
2007 21
2008 16
2009 12
2010 21
2011 15
2012 19
2013 19
2014 17
2015 17
2016 11
2017 16
2018 18
2019 21
2020 24
2021 22
2022 10
2023 20
2024 13
2025 13
2026 11
2027 26
2028 26
2029 18
2030 27
2031 17
2032 21
2033 32
2034 33
2035 36
2036 38
2037 35
2038 51
2039 29
2040 46
2041 49
2042 54
2043 57
2044 60
2045 81
2046 76
2047 78
2048 118
2049 120
2050 142
2051 158
2052 240
2053 314
2054 265
2055 286
2056 311
2057 310
2058 349
2059 304
2060 360
2061 433
2062 453
2063 461
2064 419
2065 307
2066 384
2067 298
2068 304
2069 273
2070 298
2071 251
2072 252
2073 267
2074 199
2075 183
2076 151
2077 128
2078 101
2079 79
2080 53
2081 43
2082 41
2083 28
2084 33
2085 34
2086 14
2087 22
2088 20
2089 27
2090 26
2091 22
2092 19
2093 17
2094 17
2095 22
2096 19
2097 19
2098 14
2099 23
2100 21
2101 7
2102 15
2103 21
2104 21
2105 18
2106 12
2107 14
2108 17
2109 16
2110 17
2111 19
2112 16
2113 18
2114 15
2115 14
2116 18
2117 14
2118 15
2119 21
2120 13
2121 21
2122 14
2123 17
2124 19
2125 14
2126 15
2127 16
2128 14
2129 18
2130 12
2131 10
2132 10
2133 15
2134 13
2135 10
2136 17
2137 18
2138 16
2139 13
2140 15
2141 17
2142 13
2143 17
2144 10
2145 18
2146 19
2147 10
2148 12
2149 24
2150 17
2151 20
2152 12
2153 21
2154 22
2155 9
2156 14
2157 6
2158 12
2159 18
2160 15
2161 18
2162 19
2163 18
2164 20
2165 21
2166 20
2167 17
2168 14
2169 14
2170 20
2171 15
2172 16
2173 14
2174 15
2175 21
2176 18
2177 11
2178 16
2179 21
2180 13
2181 15
2182 21
2183 21
2184 21
2185 22
2186 18
2187 18
2188 17
2189 16
2190 23
2191 13
2192 19
2193 10
2194 15
2195 13
2196 20
2197 14
2198 17
2199 17
2200 12
2201 19
2202 15
2203 11
2204 16
2205 15
2206 16
2207 12
2208 14
2209 17
2210 8
2211 17
2212 14
2213 7
2214 12
2215 22
2216 16
2217 6
2218 13
2219 17
2220 13
2221 14
2222 21
2223 19
2224 21
2225 6
2226 14
2227 11
2228 10
2229 16
2230 16
2231 14
2232 19
2233 14
2234 29
2235 20
2236 19
2237 15
2238 15
2239 13
2240 22
2241 21
2242 16
2243 22
2244 27
2245 30
2246 39
2247 24
2248 43
2249 30
2250 47
2251 34
2252 45
2253 32
2254 57
2255 51
2256 82
2257 90
2258 65
2259 63
2260 68
2261 63
2262 65
2263 82
2264 81
2265 112
2266 109
2267 121
2268 94
2269 68
2270 75
2271 97
2272 94
2273 86
2274 62
2275 52
2276 46
2277 49
2278 52
2279 25
2280 34
2281 40
2282 32
2283 24
2284 19
2285 23
2286 21
2287 21
2288 20
2289 12
2290 16
2291 16
2292 11
2293 14
2294 13
2295 23
2296 9
2297 13
2298 11
2299 22
2300 14
2301 14
2302 11
2303 11
2304 14
2305 16
2306 11
2307 13
2308 14
2309 16
2310 15
2311 17
2312 10
2313 12
2314 13
2315 11
2316 12
2317 9
2318 13
2319 19
2320 9
2321 12
2322 16
2323 13
2324 16
2325 13
2326 12
2327 10
2328 11
2329 17
2330 13
2331 18
2332 13
2333 13
2334 12
2335 14
2336 12
2337 20
2338 13
2339 14
2340 9
2341 12
2342 18
2343 13
2344 21
2345 15
2346 21
2347 16
2348 13
2349 9
2350 12
2351 12
2352 8
2353 10
2354 13
2355 13
2356 19
2357 10
2358 16
2359 14
2360 9
2361 19
2362 10
2363 7
2364 12
2365 13
2366 17
2367 15
2368 9
2369 7
2370 13
2371 17
2372 13
2373 14
2374 10
2375 7
2376 12
2377 19
2378 10
2379 14
2380 12
2381 10
2382 11
2383 12
2384 17
2385 15
2386 13
2387 17
2388 13
2389 13
2390 9
2391 15
2392 13
2393 11
2394 17
2395 12
2396 8
2397 7
2398 9
2399 12
2400 14
2401 10
2402 10
2403 12
2404 10
2405 15
2406 9
2407 15
2408 9
2409 15
2410 9
2411 11
2412 8
2413 7
2414 14
2415 11
2416 10
2417 21
2418 17
2419 8
2420 18
2421 10
2422 16
2423 10
2424 14
2425 8
2426 22
2427 12
2428 14
2429 13
2430 14
2431 8
2432 15
2433 19
2434 13
2435 10
2436 12
2437 13
2438 14
2439 11
2440 13
2441 11
2442 7
2443 12
2444 10
2445 20
2446 9
2447 9
2448 16
2449 12
2450 10
2451 11
2452 12
2453 15
2454 13
2455 16
2456 11
2457 15
2458 20
2459 12
2460 13
2461 12
2462 9
2463 12
2464 14
2465 12
2466 18
2467 10
2468 11
2469 9
2470 15
2471 7
2472 10
2473 14
2474 14
2475 16
2476 9
2477 12
2478 12
2479 9
2480 8
2481 16
2482 16
2483 8
2484 11
2485 11
2486 8
2487 11
2488 18
2489 10
2490 9
2491 18
2492 11
2493 7
2494 9
2495 16
2496 18
2497 17
2498 10
2499 6
2500 12
2501 20
2502 14
2503 11
2504 10
2505 13
2506 12
2507 13
2508 23
2509 18
2510 14
2511 10
2512 15
2513 19
2514 11
2515 12
2516 13
2517 16
2518 12
2519 11
2520 14
2521 10
2522 10
2523 18
2524 19
2525 14
2526 20
2527 16
2528 13
2529 15
2530 15
2531 24
2532 17
2533 20
2534 19
2535 25
2536 19
2537 30
2538 27
2539 24
2540 33
2541 22
2542 23
2543 33
2544 34
2545 33
2546 33
2547 52
2548 49
2549 52
2550 48
2551 53
2552 69
2553 61
2554 64
2555 56
2556 49
2557 91
2558 96
2559 93
