0 26
1 24
2 23
3 26
4 20
5 28
6 31
7 27
8 26
9 25
10 24
11 20
12 33
13 18
14 17
15 20
16 27
17 29
18 22
19 20
20 16
21 16
22 34
23 33
24 26
25 27
26 29
27 28
28 17
29 29
30 31
31 30
32 23
33 27
34 29
35 28
36 25
37 21
38 25
39 20
40 22
41 30
42 23
43 24
44 29
45 27
46 19
47 27
48 26
49 24
50 21
51 33
52 25
53 22
54 29
55 17
56 32
57 36
58 25
59 19
60 32
61 27
62 34
63 26
64 32
65 28
66 26
67 28
68 32
69 28
70 21
71 18
72 24
73 30
74 27
75 30
76 26
77 25
78 36
79 33
80 28
81 26
82 25
83 22
84 28
85 33
86 37
87 26
88 21
89 15
90 30
91 23
92 19
93 21
94 23
95 25
96 26
97 29
98 22
99 17
100 22
101 20
102 25
103 36
104 27
105 29
106 24
107 23
108 26
109 23
110 23
111 32
112 26
113 40
114 28
115 30
116 22
117 25
118 32
119 32
120 23
121 26
122 21
123 30
124 23
125 34
126 27
127 34
128 32
129 15
130 24
131 23
132 29
133 29
134 35
135 33
136 28
137 36
138 34
139 30
140 30
141 29
142 24
143 23
144 22
145 32
146 38
147 26
148 26
149 28
150 32
151 34
152 28
153 24
154 32
155 27
156 29
157 23
158 33
159 32
160 30
161 23
162 37
163 25
164 25
165 28
166 30
167 34
168 23
169 36
170 37
171 21
172 29
173 32
174 21
175 25
176 31
177 24
178 20
179 38
180 39
181 21
182 31
183 44
184 33
185 24
186 30
187 27
188 34
189 32
190 30
191 24
192 23
193 36
194 30
195 19
196 24
197 35
198 32
199 28
200 30
201 16
202 27
203 39
204 28
205 33
206 35
207 30
208 30
209 36
210 31
211 28
212 22
213 25
214 36
215 36
216 27
217 39
218 28
219 24
220 33
221 27
222 39
223 31
224 20
225 29
226 28
227 37
228 19
229 23
230 31
231 31
232 34
233 22
234 36
235 29
236 26
237 28
238 34
239 24
240 32
241 29
242 39
243 28
244 31
245 34
246 37
247 33
248 27
249 31
250 29
251 21
252 29
253 33
254 41
255 36
256 36
257 41
258 29
259 34
260 32
261 26
262 29
263 25
264 38
265 27
266 27
267 34
268 33
269 25
270 39
271 33
272 19
273 37
274 31
275 27
276 28
277 24
278 30
279 35
280 23
281 36
282 30
283 30
284 30
285 28
286 29
287 33
288 33
289 36
290 31
291 31
292 37
293 34
294 28
295 21
296 27
297 32
298 23
299 27
300 36
301 44
302 30
303 32
304 38
305 35
306 25
307 31
308 32
309 43
310 38
311 37
312 31
313 32
314 29
315 36
316 44
317 42
318 32
319 23
320 32
321 34
322 30
323 21
324 36
325 30
326 37
327 27
328 20
329 23
330 28
331 37
332 30
333 30
334 25
335 21
336 26
337 29
338 29
339 28
340 36
341 35
342 26
343 31
344 40
345 31
346 32
347 40
348 29
349 27
350 30
351 32
352 27
353 23
354 25
355 24
356 30
357 34
358 27
359 33
360 31
361 24
362 25
363 28
364 29
365 34
366 37
367 38
368 26
369 32
370 41
371 33
372 31
373 41
374 27
375 35
376 34
377 27
378 32
379 32
380 28
381 28
382 29
383 32
384 29
385 36
386 37
387 22
388 27
389 44
390 33
391 38
392 37
393 41
394 40
395 32
396 31
397 35
398 27
399 30
400 35
401 40
402 26
403 31
404 31
405 34
406 31
407 34
408 33
409 24
410 31
411 26
412 33
413 33
414 35
415 35
416 27
417 35
418 32
419 31
420 27
421 32
422 27
423 32
424 32
425 38
426 41
427 27
428 26
429 30
430 40
431 32
432 27
433 36
434 37
435 39
436 42
437 39
438 29
439 35
440 27
441 30
442 29
443 35
444 37
445 32
446 39
447 33
448 34
449 27
450 27
451 32
452 40
453 31
454 31
455 43
456 26
457 38
458 33
459 35
460 42
461 30
462 16
463 37
464 28
465 29
466 30
467 36
468 42
469 41
470 28
471 30
472 45
473 45
474 39
475 44
476 30
477 36
478 29
479 41
480 25
481 26
482 39
483 36
484 40
485 31
486 42
487 38
488 28
489 26
490 36
491 36
492 30
493 29
494 33
495 43
496 40
497 30
498 29
499 28
500 31
501 35
502 34
503 44
504 36
505 49
506 36
507 34
508 35
509 27
510 41
511 42
512 56
513 50
514 51
515 30
516 35
517 36
518 34
519 24
520 28
521 26
522 39
523 30
524 41
525 32
526 32
527 32
528 32
529 44
530 38
531 39
532 29
533 31
534 30
535 43
536 34
537 35
538 28
539 38
540 34
541 30
542 23
543 32
544 26
545 37
546 35
547 40
548 48
549 38
550 34
551 38
552 32
553 36
554 26
555 40
556 33
557 34
558 29
559 27
560 33
561 36
562 34
563 42
564 32
565 33
566 34
567 34
568 47
569 50
570 34
571 42
572 27
573 42
574 47
575 23
576 33
577 37
578 21
579 28
580 30
581 32
582 35
583 30
584 33
585 42
586 40
587 39
588 26
589 30
590 40
591 34
592 24
593 37
594 38
595 44
596 45
597 46
598 41
599 42
600 22
601 36
602 35
603 51
604 40
605 53
606 40
607 51
608 43
609 38
610 44
611 48
612 51
613 56
614 61
615 77
616 67
617 74
618 89
619 94
620 100
621 83
622 99
623 90
624 62
625 63
626 73
627 68
628 92
629 95
630 85
631 99
632 85
633 107
634 94
635 46
636 75
637 46
638 33
639 34
640 37
641 38
642 44
643 48
644 27
645 34
646 41
647 32
648 43
649 36
650 34
651 32
652 33
653 35
654 29
655 29
656 31
657 29
658 39
659 30
660 28
661 46
662 40
663 24
664 35
665 36
666 45
667 32
668 46
669 37
670 30
671 40
672 34
673 38
674 30
675 40
676 38
677 43
678 41
679 24
680 50
681 44
682 32
683 39
684 37
685 30
686 31
687 32
688 41
689 38
690 27
691 32
692 48
693 38
694 37
695 27
696 29
697 34
698 39
699 35
700 29
701 26
702 38
703 31
704 26
705 31
706 36
707 47
708 47
709 29
710 32
711 35
712 47
713 25
714 41
715 43
716 33
717 27
718 38
719 33
720 34
721 43
722 38
723 32
724 42
725 42
726 49
727 37
728 37
729 43
730 42
731 38
732 42
733 23
734 33
735 25
736 37
737 28
738 30
739 30
740 42
741 44
742 32
743 25
744 38
745 37
746 32
747 34
748 31
749 29
750 27
751 37
752 29
753 40
754 36
755 22
756 34
757 30
758 25
759 40
760 31
761 26
762 35
763 43
764 31
765 37
766 27
767 26
768 31
769 36
770 32
771 33
772 44
773 37
774 43
775 34
776 35
777 39
778 37
779 31
780 39
781 27
782 32
783 43
784 41
785 31
786 39
787 36
788 46
789 45
790 41
791 39
792 50
793 34
794 33
795 25
796 32
797 35
798 39
799 41
800 30
801 44
802 37
803 40
804 30
805 25
806 34
807 34
808 33
809 29
810 26
811 33
812 36
813 31
814 37
815 26
816 25
817 33
818 34
819 45
820 28
821 30
822 36
823 25
824 41
825 36
826 28
827 42
828 40
829 26
830 40
831 31
832 37
833 35
834 34
835 34
836 39
837 32
838 40
839 28
840 30
841 33
842 36
843 25
844 27
845 42
846 32
847 38
848 35
849 24
850 26
851 26
852 34
853 29
854 31
855 33
856 31
857 37
858 32
859 37
860 28
861 38
862 29
863 39
864 29
865 24
866 35
867 28
868 30
869 31
870 30
871 40
872 28
873 30
874 35
875 32
876 30
877 25
878 28
879 28
880 39
881 18
882 40
883 35
884 36
885 36
886 31
887 31
888 26
889 32
890 29
891 37
892 38
893 21
894 41
895 30
896 37
897 24
898 22
899 27
900 34
901 42
902 29
903 33
904 33
905 28
906 43
907 28
908 32
909 25
910 37
911 37
912 33
913 25
914 29
915 31
916 27
917 35
918 24
919 31
920 23
921 30
922 35
923 40
924 34
925 24
926 25
927 27
928 20
929 26
930 33
931 37
932 32
933 28
934 37
935 31
936 30
937 37
938 22
939 32
940 36
941 27
942 21
943 32
944 27
945 35
946 24
947 29
948 35
949 37
950 41
951 39
952 29
953 31
954 31
955 33
956 39
957 31
958 24
959 23
960 22
961 26
962 39
963 32
964 34
965 34
966 33
967 37
968 35
969 28
970 38
971 28
972 35
973 39
974 29
975 33
976 32
977 27
978 35
979 37
980 22
981 25
982 27
983 41
984 38
985 39
986 31
987 34
988 32
989 24
990 27
991 26
992 37
993 27
994 21
995 30
996 22
997 24
998 24
999 26
1000 24
1001 41
1002 27
1003 39
1004 32
1005 29
1006 37
1007 43
1008 32
1009 43
1010 36
1011 27
1012 35
1013 33
1014 28
1015 29
1016 40
1017 29
1018 32
1019 28
1020 31
1021 35
1022 34
1023 39
1024 29
1025 25
1026 33
1027 26
1028 34
1029 28
1030 32
1031 33
1032 37
1033 28
1034 30
1035 30
1036 24
1037 27
1038 36
1039 28
1040 32
1041 34
1042 33
1043 39
1044 30
1045 31
1046 35
1047 27
1048 31
1049 31
1050 35
1051 40
1052 32
1053 28
1054 24
1055 34
1056 27
1057 23
1058 30
1059 30
1060 31
1061 32
1062 31
1063 25
1064 36
1065 22
1066 39
1067 35
1068 23
1069 41
1070 32
1071 33
1072 24
1073 37
1074 31
1075 35
1076 29
1077 30
1078 28
1079 30
1080 34
1081 40
1082 37
1083 23
1084 22
1085 29
1086 41
1087 33
1088 24
1089 42
1090 30
1091 26
1092 31
1093 27
1094 28
1095 30
1096 30
1097 18
1098 26
1099 34
1100 22
1101 34
1102 30
1103 43
1104 38
1105 31
1106 34
1107 29
1108 49
1109 33
1110 26
1111 32
1112 31
1113 30
1114 40
1115 38
1116 27
1117 32
1118 31
1119 24
1120 25
1121 31
1122 22
1123 22
1124 48
1125 36
1126 29
1127 27
1128 37
1129 27
1130 26
1131 24
1132 29
1133 31
1134 34
1135 39
1136 31
1137 30
1138 32
1139 41
1140 40
1141 34
1142 44
1143 34
1144 34
1145 51
1146 47
1147 48
1148 75
1149 94
1150 86
1151 84
1152 128
1153 138
1154 155
1155 156
1156 168
1157 173
1158 228
1159 253
1160 265
1161 335
1162 409
1163 405
1164 515
1165 568
1166 614
1167 643
1168 571
1169 500
1170 409
1171 369
1172 306
1173 218
1174 163
1175 111
1176 83
1177 61
1178 56
1179 58
1180 38
1181 40
1182 25
1183 37
1184 38
1185 34
1186 35
1187 21
1188 34
1189 36
1190 28
1191 26
1192 29
1193 31
1194 29
1195 25
1196 22
1197 33
1198 26
1199 36
1200 31
1201 22
1202 25
1203 30
1204 26
1205 25
1206 26
1207 28
1208 31
1209 34
1210 37
1211 43
1212 34
1213 31
1214 25
1215 37
1216 31
1217 33
1218 35
1219 35
1220 33
1221 28
1222 35
1223 25
1224 31
1225 27
1226 29
1227 31
1228 21
1229 32
1230 26
1231 32
1232 29
1233 23
1234 30
1235 28
1236 35
1237 28
1238 29
1239 22
1240 36
1241 40
1242 27
1243 26
1244 20
1245 30
1246 37
1247 26
1248 36
1249 27
1250 29
1251 22
1252 30
1253 25
1254 21
1255 29
1256 19
1257 28
1258 31
1259 36
1260 41
1261 35
1262 25
1263 35
1264 21
1265 16
1266 26
1267 15
1268 27
1269 22
1270 23
1271 20
1272 30
1273 24
1274 18
1275 17
1276 10
1277 14
1278 11
1279 7
1280 35
1281 20
1282 29
1283 26
1284 21
1285 25
1286 18
1287 18
1288 19
1289 28
1290 27
1291 24
1292 18
1293 30
1294 30
1295 10
1296 21
1297 31
1298 26
1299 23
1300 20
1301 26
1302 18
1303 19
1304 26
1305 28
1306 21
1307 22
1308 22
1309 16
1310 25
1311 27
1312 21
1313 26
1314 19
1315 24
1316 27
1317 27
1318 19
1319 19
1320 19
1321 25
1322 22
1323 24
1324 20
1325 15
1326 22
1327 22
1328 22
1329 27
1330 26
1331 21
1332 28
1333 19
1334 27
1335 14
1336 16
1337 21
1338 20
1339 14
1340 34
1341 17
1342 17
1343 17
1344 20
1345 19
1346 25
1347 22
1348 23
1349 25
1350 18
1351 22
1352 33
1353 26
1354 21
1355 26
1356 30
1357 18
1358 20
1359 31
1360 25
1361 22
1362 17
1363 17
1364 23
1365 23
1366 21
1367 20
1368 19
1369 23
1370 23
1371 28
1372 20
1373 25
1374 30
1375 29
1376 26
1377 39
1378 43
1379 49
1380 42
1381 43
1382 55
1383 47
1384 38
1385 50
1386 51
1387 60
1388 76
1389 48
1390 46
1391 28
1392 24
1393 24
1394 31
1395 30
1396 32
1397 21
1398 15
1399 26
1400 21
1401 25
1402 32
1403 27
1404 19
1405 17
1406 15
1407 20
1408 21
1409 31
1410 18
1411 14
1412 21
1413 21
1414 16
1415 27
1416 25
1417 13
1418 31
1419 28
1420 24
1421 22
1422 20
1423 17
1424 16
1425 15
1426 25
1427 23
1428 24
1429 20
1430 21
1431 19
1432 13
1433 21
1434 26
1435 18
1436 21
1437 20
1438 22
1439 18
1440 16
1441 19
1442 24
1443 24
1444 20
1445 16
1446 20
1447 20
1448 17
1449 25
1450 29
1451 17
1452 26
1453 30
1454 24
1455 26
1456 37
1457 43
1458 58
1459 82
1460 66
1461 102
1462 103
1463 131
1464 194
1465 307
1466 290
1467 287
1468 214
1469 244
1470 234
1471 218
1472 230
1473 192
1474 166
1475 134
1476 152
1477 152
1478 158
1479 120
1480 102
1481 97
1482 69
1483 47
1484 57
1485 40
1486 29
1487 24
1488 25
1489 27
1490 19
1491 21
1492 17
1493 23
1494 28
1495 29
1496 17
1497 26
1498 28
1499 14
1500 25
1501 30
1502 19
1503 20
1504 17
1505 24
1506 22
1507 24
1508 18
1509 22
1510 20
1511 26
1512 25
1513 22
1514 22
1515 23
1516 18
1517 14
1518 27
1519 18
1520 24
1521 11
1522 16
1523 18
1524 19
1525 11
1526 14
1527 23
1528 25
1529 20
1530 25
1531 14
1532 23
1533 15
1534 18
1535 20
1536 21
1537 22
1538 21
1539 18
1540 12
1541 15
1542 19
1543 23
1544 19
1545 22
1546 13
1547 25
1548 17
1549 15
1550 21
1551 20
1552 21
1553 24
1554 23
1555 14
1556 22
1557 19
1558 16
1559 18
1560 14
1561 13
1562 18
1563 13
1564 21
1565 17
1566 14
1567 18
1568 24
1569 18
1570 15
1571 23
1572 20
1573 21
1574 24
1575 21
1576 16
1577 31
1578 18
1579 19
1580 17
1581 20
1582 18
1583 16
1584 16
1585 18
1586 17
1587 18
1588 21
1589 11
1590 11
1591 16
1592 20
1593 16
1594 22
1595 25
1596 24
1597 15
1598 22
1599 25
1600 17
1601 18
1602 14
1603 23
1604 28
1605 24
1606 22
1607 28
1608 16
1609 18
1610 25
1611 15
1612 21
1613 23
1614 13
1615 20
1616 22
1617 19
1618 16
1619 20
1620 25
1621 24
1622 19
1623 26
1624 16
1625 20
1626 20
1627 18
1628 17
1629 26
1630 24
1631 17
1632 14
1633 22
1634 14
1635 23
1636 16
1637 18
1638 12
1639 18
1640 14
1641 13
1642 17
1643 12
1644 24
1645 14
1646 20
1647 11
1648 21
1649 13
1650 12
1651 14
1652 18
1653 14
1654 25
1655 18
1656 18
1657 15
1658 19
1659 15
1660 16
1661 11
1662 17
1663 19
1664 18
1665 12
1666 20
1667 11
1668 15
1669 21
1670 18
1671 18
1672 20
1673 19
1674 17
1675 22
1676 15
1677 18
1678 22
1679 13
1680 16
1681 18
1682 15
1683 16
1684 12
1685 18
1686 15
1687 15
1688 19
1689 24
1690 15
1691 19
1692 17
1693 15
1694 15
1695 21
1696 15
1697 22
1698 27
1699 17
1700 19
1701 19
1702 14
1703 18
1704 12
1705 15
1706 26
1707 26
1708 21
1709 13
1710 24
1711 18
1712 22
1713 15
1714 22
1715 15
1716 19
1717 11
1718 23
1719 17
1720 17
1721 12
1722 13
1723 14
1724 12
1725 14
1726 13
1727 23
1728 14
1729 21
1730 21
1731 21
1732 22
1733 18
1734 17
1735 17
1736 21
1737 27
1738 19
1739 12
1740 17
1741 13
1742 13
1743 13
1744 15
1745 15
1746 18
1747 12
1748 24
1749 23
1750 26
1751 11
1752 20
1753 13
1754 18
1755 14
1756 14
1757 21
1758 16
1759 22
1760 22
1761 15
1762 18
1763 16
1764 17
1765 12
1766 13
1767 12
1768 13
1769 25
1770 20
1771 15
1772 10
1773 22
1774 18
1775 17
1776 16
1777 20
1778 14
1779 16
1780 15
1781 13
1782 13
1783 20
1784 23
1785 26
1786 23
1787 12
1788 16
1789 14
1790 21
1791 10
1792 18
1793 15
1794 19
1795 19
1796 21
1797 16
1798 24
1799 15
1800 19
1801 14
1802 12
1803 20
1804 14
1805 10
1806 14
1807 18
1808 26
1809 23
1810 16
1811 15
1812 17
1813 13
1814 16
1815 13
1816 13
1817 14
1818 20
1819 17
1820 14
1821 13
1822 9
1823 17
1824 22
1825 9
1826 17
1827 11
1828 15
1829 14
1830 13
1831 13
1832 28
1833 13
1834 11
1835 19
1836 16
1837 13
1838 16
1839 11
1840 17
1841 15
1842 15
1843 14
1844 17
1845 10
1846 14
1847 11
1848 19
1849 18
1850 12
1851 15
1852 21
1853 16
1854 9
1855 11
1856 20
1857 17
1858 16
1859 21
1860 21
1861 18
1862 20
1863 15
1864 19
1865 12
1866 25
1867 14
1868 16
1869 8
1870 20
1871 18
1872 14
1873 12
1874 22
1875 17
1876 13
1877 10
1878 21
1879 20
1880 19
1881 20
1882 21
1883 20
1884 10
1885 15
1886 15
1887 17
1888 23
1889 20
1890 22
1891 24
1892 17
1893 18
1894 23
1895 21
1896 29
1897 20
1898 17
1899 28
1900 25
1901 17
1902 14
1903 22
1904 17
1905 24
1906 24
1907 13
1908 20
1909 22
1910 16
1911 20
1912 17
1913 21
1914 16
1915 15
1916 22
1917 17
1918 9
1919 11
1920 15
1921 19
1922 9
1923 20
1924 14
1925 19
1926 13
1927 18
1928 20
1929 8
1930 9
1931 11
1932 17
1933 19
1934 16
1935 28
1936 26
1937 19
1938 28
1939 34
1940 31
1941 52
1942 51
1943 55
1944 70
1945 64
1946 70
1947 54
1948 86
1949 92
1950 118
1951 148
1952 179
1953 279
1954 406
1955 305
1956 206
1957 162
1958 134
1959 151
1960 140
1961 98
1962 95
1963 71
1964 71
1965 62
1966 53
1967 69
1968 56
1969 52
1970 39
1971 29
1972 25
1973 17
1974 17
1975 19
1976 13
1977 14
1978 16
1979 16
1980 19
1981 17
1982 20
1983 13
1984 16
1985 15
1986 14
1987 15
1988 9
1989 18
1990 11
1991 15
1992 23
1993 19
1994 12
1995 21
1996 13
1997 15
1998 11
1999 15
2000 17
2001 10
2002 21
2003 17
2004 16
2005 18
2006 15
2007 7
2008 13
2009 19
2010 19
2011 20
2012 19
2013 11
2014 15
2015 21
2016 20
2017 16
2018 16
2019 10
2020 9
2021 6
2022 25
2023 10
2024 10
2025 12
2026 14
2027 9
2028 8
2029 21
2030 9
2031 12
2032 18
2033 14
2034 13
2035 13
2036 10
2037 15
2038 19
2039 15
2040 22
2041 15
2042 14
2043 17
2044 15
2045 22
2046 14
2047 12
2048 12
2049 11
2050 7
2051 12
2052 14
2053 9
2054 22
2055 11
2056 12
2057 18
2058 16
2059 10
2060 12
2061 18
2062 30
2063 14
2064 15
2065 13
2066 18
2067 16
2068 24
2069 9
2070 14
2071 18
2072 10
2073 11
2074 15
2075 21
2076 21
2077 23
2078 14
2079 12
2080 8
2081 12
2082 13
2083 14
2084 10
2085 9
2086 9
2087 11
2088 17
2089 17
2090 13
2091 14
2092 15
2093 15
2094 14
2095 12
2096 16
2097 15
2098 16
2099 9
2100 12
2101 12
2102 24
2103 9
2104 12
2105 18
2106 12
2107 16
2108 21
2109 15
2110 12
2111 13
2112 13
2113 17
2114 12
2115 19
2116 11
2117 14
2118 15
2119 15
2120 17
2121 15
2122 15
2123 18
2124 15
2125 16
2126 14
2127 15
2128 12
2129 21
2130 14
2131 8
2132 13
2133 17
2134 20
2135 12
2136 15
2137 16
2138 14
2139 15
2140 13
2141 14
2142 18
2143 16
2144 10
2145 15
2146 8
2147 15
2148 17
2149 21
2150 16
2151 17
2152 15
2153 10
2154 13
2155 14
2156 21
2157 21
2158 22
2159 4
2160 16
2161 17
2162 10
2163 18
2164 13
2165 12
2166 18
2167 20
2168 13
2169 14
2170 17
2171 13
2172 8
2173 10
2174 12
2175 11
2176 13
2177 16
2178 27
2179 12
2180 12
2181 11
2182 12
2183 7
2184 10
2185 16
2186 18
2187 18
2188 14
2189 19
2190 13
2191 16
2192 26
2193 16
2194 14
2195 16
2196 20
2197 28
2198 26
2199 41
2200 40
2201 34
2202 31
2203 38
2204 52
2205 64
2206 63
2207 95
2208 100
2209 138
2210 182
2211 206
2212 191
2213 221
2214 209
2215 268
2216 308
2217 341
2218 362
2219 431
2220 419
2221 392
2222 457
2223 425
2224 440
2225 434
2226 397
2227 349
2228 320
2229 294
2230 256
2231 294
2232 216
2233 166
2234 125
2235 91
2236 93
2237 57
2238 73
2239 58
2240 43
2241 32
2242 28
2243 29
2244 31
2245 23
2246 18
2247 26
2248 22
2249 12
2250 13
2251 23
2252 16
2253 17
2254 16
2255 19
2256 21
2257 14
2258 26
2259 17
2260 18
2261 22
2262 18
2263 16
2264 18
2265 16
2266 16
2267 19
2268 12
2269 13
2270 21
2271 11
2272 13
2273 10
2274 15
2275 15
2276 9
2277 16
2278 15
2279 13
2280 21
2281 11
2282 14
2283 21
2284 14
2285 16
2286 15
2287 14
2288 19
2289 14
2290 18
2291 12
2292 13
2293 14
2294 18
2295 14
2296 9
2297 23
2298 10
2299 18
2300 15
2301 13
2302 9
2303 10
2304 11
2305 21
2306 16
2307 10
2308 18
2309 21
2310 14
2311 15
2312 11
2313 15
2314 14
2315 12
2316 15
2317 14
2318 12
2319 11
2320 10
2321 12
2322 14
2323 14
2324 12
2325 8
2326 10
2327 18
2328 13
2329 13
2330 14
2331 16
2332 15
2333 18
2334 16
2335 13
2336 20
2337 18
2338 12
2339 8
2340 14
2341 22
2342 15
2343 17
2344 15
2345 15
2346 20
2347 15
2348 15
2349 15
2350 14
2351 13
2352 12
2353 15
2354 17
2355 18
2356 20
2357 17
2358 15
2359 17
2360 9
2361 16
2362 14
2363 13
2364 5
2365 10
2366 15
2367 11
2368 13
2369 16
2370 12
2371 20
2372 7
2373 9
2374 10
2375 13
2376 15
2377 16
2378 17
2379 16
2380 10
2381 9
2382 10
2383 14
2384 16
2385 8
2386 11
2387 11
2388 14
2389 14
2390 16
2391 7
2392 14
2393 15
2394 12
2395 11
2396 17
2397 13
2398 11
2399 14
2400 12
2401 16
2402 13
2403 10
2404 12
2405 16
2406 12
2407 20
2408 13
2409 15
2410 13
2411 22
2412 17
2413 12
2414 27
2415 21
2416 17
2417 19
2418 50
2419 24
2420 33
2421 36
2422 52
2423 35
2424 33
2425 40
2426 55
2427 35
2428 64
2429 71
2430 83
2431 89
2432 89
2433 69
2434 67
2435 52
2436 71
2437 67
2438 62
2439 65
2440 84
2441 81
2442 83
2443 55
2444 42
2445 46
2446 42
2447 45
2448 56
2449 38
2450 31
2451 27
2452 22
2453 20
2454 20
2455 13
2456 15
2457 13
2458 22
2459 16
2460 11
2461 16
2462 14
2463 15
2464 16
2465 14
2466 8
2467 13
2468 19
2469 15
2470 14
2471 12
2472 19
2473 13
2474 15
2475 12
2476 13
2477 9
2478 8
2479 12
2480 19
2481 10
2482 7
2483 8
2484 18
2485 10
2486 11
2487 12
2488 16
2489 10
2490 12
2491 9
2492 17
2493 12
2494 5
2495 11
2496 15
2497 20
2498 10
2499 8
2500 12
2501 5
2502 10
2503 17
2504 11
2505 12
2506 11
2507 13
2508 10
2509 9
2510 13
2511 16
2512 15
2513 8
2514 11
2515 17
2516 6
2517 9
2518 13
2519 15
2520 6
2521 17
2522 15
2523 8
2524 14
2525 10
2526 16
2527 11
2528 13
2529 14
2530 13
2531 15
2532 9
2533 9
2534 10
2535 4
2536 12
2537 15
2538 11
2539 12
2540 11
2541 6
2542 12
2543 8
2544 9
2545 9
2546 12
2547 11
2548 13
2549 11
2550 10
2551 17
2552 15
2553 13
2554 9
2555 9
2556 12
2557 14
2558 14
2559 16
