0 54
1 34
2 35
3 38
4 37
5 47
6 39
7 39
8 46
9 38
10 36
11 36
12 48
13 47
14 34
15 44
16 37
17 34
18 34
19 34
20 41
21 37
22 33
23 31
24 36
25 32
26 37
27 37
28 41
29 41
30 44
31 39
32 35
33 39
34 25
35 32
36 50
37 29
38 42
39 41
40 51
41 41
42 33
43 33
44 35
45 44
46 27
47 50
48 33
49 30
50 35
51 53
52 33
53 23
54 40
55 29
56 30
57 37
58 27
59 26
60 38
61 43
62 34
63 34
64 37
65 27
66 27
67 49
68 31
69 34
70 33
71 38
72 35
73 45
74 25
75 32
76 34
77 47
78 35
79 36
80 33
81 31
82 25
83 33
84 31
85 53
86 26
87 33
88 31
89 38
90 27
91 43
92 33
93 42
94 29
95 46
96 42
97 31
98 51
99 39
100 40
101 41
102 45
103 45
104 38
105 37
106 41
107 36
108 28
109 36
110 42
111 32
112 46
113 40
114 42
115 36
116 42
117 39
118 32
119 38
120 38
121 40
122 45
123 43
124 38
125 42
126 40
127 51
128 33
129 40
130 51
131 33
132 46
133 33
134 33
135 45
136 47
137 39
138 38
139 39
140 46
141 51
142 35
143 48
144 39
145 23
146 35
147 29
148 30
149 34
150 33
151 32
152 48
153 34
154 46
155 44
156 41
157 45
158 29
159 45
160 46
161 40
162 32
163 46
164 42
165 28
166 32
167 39
168 41
169 38
170 40
171 41
172 46
173 39
174 35
175 42
176 36
177 40
178 34
179 40
180 35
181 42
182 47
183 38
184 34
185 45
186 28
187 34
188 39
189 35
190 38
191 42
192 40
193 38
194 28
195 31
196 37
197 43
198 42
199 39
200 40
201 48
202 51
203 50
204 38
205 37
206 49
207 44
208 45
209 43
210 48
211 39
212 28
213 40
214 39
215 29
216 41
217 39
218 47
219 48
220 40
221 39
222 40
223 34
224 35
225 31
226 52
227 43
228 45
229 35
230 30
231 28
232 45
233 35
234 36
235 43
236 29
237 43
238 39
239 43
240 42
241 50
242 45
243 38
244 37
245 34
246 41
247 32
248 32
249 45
250 47
251 39
252 31
253 46
254 42
255 40
256 41
257 57
258 42
259 43
260 33
261 44
262 41
263 39
264 30
265 41
266 34
267 49
268 39
269 38
270 44
271 53
272 46
273 44
274 41
275 44
276 39
277 45
278 41
279 41
280 38
281 52
282 37
283 28
284 43
285 42
286 43
287 42
288 51
289 40
290 33
291 46
292 31
293 50
294 40
295 49
296 53
297 51
298 31
299 27
300 39
301 35
302 48
303 51
304 48
305 47
306 47
307 54
308 49
309 41
310 38
311 36
312 38
313 34
314 43
315 44
316 37
317 49
318 39
319 43
320 42
321 35
322 43
323 38
324 46
325 34
326 44
327 34
328 33
329 35
330 45
331 41
332 43
333 43
334 49
335 48
336 39
337 40
338 45
339 42
340 45
341 50
342 53
343 50
344 41
345 45
346 43
347 41
348 49
349 40
350 33
351 42
352 45
353 46
354 26
355 34
356 32
357 42
358 44
359 40
360 46
361 28
362 32
363 35
364 47
365 47
366 48
367 41
368 46
369 47
370 53
371 36
372 40
373 33
374 41
375 40
376 34
377 35
378 42
379 41
380 47
381 42
382 45
383 45
384 35
385 41
386 45
387 36
388 37
389 41
390 35
391 44
392 32
393 40
394 46
395 38
396 49
397 53
398 49
399 32
400 40
401 40
402 56
403 41
404 36
405 40
406 40
407 46
408 37
409 42
410 45
411 49
412 36
413 58
414 47
415 45
416 32
417 47
418 38
419 37
420 42
421 44
422 46
423 55
424 46
425 40
426 54
427 43
428 39
429 38
430 43
431 37
432 42
433 40
434 46
435 29
436 38
437 40
438 44
439 42
440 40
441 39
442 43
443 51
444 45
445 43
446 49
447 39
448 40
449 31
450 38
451 50
452 55
453 39
454 41
455 51
456 53
457 54
458 51
459 35
460 52
461 34
462 37
463 51
464 46
465 56
466 54
467 54
468 49
469 45
470 50
471 49
472 54
473 63
474 72
475 59
476 48
477 74
478 76
479 73
480 62
481 72
482 55
483 74
484 64
485 64
486 71
487 87
488 93
489 91
490 105
491 106
492 106
493 86
494 85
495 114
496 94
497 126
498 113
499 101
500 118
501 107
502 115
503 95
504 77
505 72
506 67
507 62
508 61
509 52
510 44
511 62
512 50
513 42
514 42
515 40
516 47
517 39
518 37
519 37
520 42
521 41
522 50
523 46
524 41
525 48
526 31
527 34
528 27
529 41
530 55
531 41
532 40
533 47
534 42
535 32
536 51
537 28
538 46
539 47
540 46
541 43
542 29
543 41
544 39
545 47
546 48
547 45
548 51
549 34
550 38
551 46
552 34
553 52
554 38
555 43
556 54
557 44
558 45
559 42
560 31
561 46
562 43
563 49
564 48
565 33
566 36
567 35
568 51
569 48
570 44
571 37
572 42
573 41
574 48
575 59
576 40
577 39
578 46
579 40
580 36
581 45
582 43
583 38
584 53
585 38
586 47
587 56
588 39
589 44
590 47
591 44
592 46
593 44
594 38
595 29
596 44
597 61
598 43
599 39
600 39
601 45
602 46
603 34
604 53
605 49
606 42
607 46
608 54
609 46
610 35
611 44
612 54
613 38
614 35
615 43
616 36
617 46
618 47
619 35
620 48
621 36
622 39
623 35
624 42
625 40
626 45
627 32
628 45
629 45
630 32
631 37
632 43
633 37
634 45
635 46
636 45
637 39
638 47
639 44
640 41
641 54
642 39
643 43
644 36
645 40
646 47
647 37
648 33
649 47
650 44
651 48
652 57
653 53
654 58
655 40
656 39
657 37
658 39
659 37
660 46
661 60
662 35
663 44
664 48
665 29
666 36
667 49
668 40
669 36
670 47
671 38
672 47
673 31
674 38
675 33
676 41
677 47
678 49
679 33
680 33
681 50
682 42
683 50
684 32
685 43
686 44
687 45
688 43
689 41
690 44
691 44
692 38
693 32
694 45
695 37
696 39
697 41
698 45
699 34
700 55
701 41
702 53
703 46
704 42
705 31
706 45
707 49
708 36
709 43
710 49
711 39
712 41
713 42
714 42
715 43
716 38
717 35
718 36
719 44
720 27
721 53
722 38
723 39
724 43
725 33
726 36
727 52
728 50
729 36
730 39
731 41
732 29
733 30
734 47
735 30
736 37
737 36
738 41
739 32
740 42
741 35
742 38
743 34
744 48
745 37
746 48
747 43
748 43
749 47
750 41
751 36
752 40
753 46
754 39
755 43
756 38
757 58
758 34
759 33
760 44
761 42
762 37
763 40
764 50
765 38
766 42
767 38
768 38
769 34
770 48
771 46
772 45
773 45
774 58
775 45
776 37
777 39
778 41
779 54
780 56
781 39
782 46
783 33
784 33
785 27
786 37
787 38
788 47
789 37
790 36
791 45
792 50
793 46
794 39
795 37
796 34
797 33
798 43
799 50
800 33
801 44
802 38
803 43
804 38
805 25
806 42
807 48
808 31
809 41
810 46
811 31
812 29
813 44
814 47
815 47
816 39
817 37
818 55
819 39
820 32
821 46
822 44
823 40
824 48
825 29
826 50
827 44
828 44
829 45
830 42
831 50
832 47
833 36
834 38
835 33
836 48
837 36
838 30
839 28
840 27
841 42
842 41
843 32
844 39
845 50
846 45
847 31
848 46
849 38
850 37
851 41
852 40
853 41
854 40
855 30
856 36
857 37
858 35
859 33
860 50
861 38
862 33
863 37
864 41
865 29
866 31
867 43
868 39
869 32
870 33
871 34
872 29
873 38
874 45
875 34
876 44
877 43
878 38
879 44
880 40
881 41
882 35
883 43
884 51
885 34
886 32
887 31
888 30
889 30
890 31
891 31
892 30
893 38
894 29
895 44
896 40
897 32
898 26
899 27
900 42
901 33
902 38
903 31
904 35
905 42
906 38
907 36
908 39
909 47
910 48
911 32
912 38
913 45
914 35
915 43
916 55
917 40
918 47
919 46
920 43
921 35
922 31
923 43
924 34
925 26
926 28
927 33
928 32
929 42
930 30
931 37
932 48
933 50
934 34
935 32
936 42
937 43
938 39
939 30
940 50
941 28
942 38
943 43
944 36
945 39
946 36
947 46
948 49
949 40
950 30
951 43
952 34
953 51
954 38
955 41
956 39
957 41
958 39
959 39
960 35
961 44
962 40
963 32
964 46
965 36
966 43
967 34
968 32
969 38
970 40
971 38
972 39
973 33
974 34
975 36
976 28
977 41
978 65
979 52
980 62
981 72
982 62
983 68
984 66
985 72
986 93
987 110
988 86
989 85
990 107
991 143
992 168
993 148
994 178
995 215
996 196
997 221
998 226
999 282
1000 312
1001 340
1002 332
1003 293
1004 321
1005 422
1006 477
1007 546
1008 511
1009 353
1010 362
1011 323
1012 251
1013 235
1014 200
1015 136
1016 93
1017 71
1018 57
1019 54
1020 57
1021 38
1022 38
1023 42
1024 42
1025 45
1026 50
1027 36
1028 46
1029 37
1030 52
1031 52
1032 43
1033 33
1034 45
1035 30
1036 49
1037 31
1038 38
1039 50
1040 42
1041 47
1042 39
1043 49
1044 31
1045 43
1046 44
1047 44
1048 38
1049 29
1050 42
1051 41
1052 45
1053 32
1054 33
1055 31
1056 42
1057 37
1058 35
1059 41
1060 26
1061 42
1062 39
1063 38
1064 32
1065 37
1066 40
1067 35
1068 38
1069 40
1070 28
1071 47
1072 38
1073 33
1074 44
1075 25
1076 29
1077 35
1078 45
1079 36
1080 42
1081 36
1082 48
1083 38
1084 24
1085 29
1086 37
1087 33
1088 34
1089 34
1090 32
1091 35
1092 33
1093 36
1094 26
1095 29
1096 31
1097 34
1098 32
1099 30
1100 32
1101 36
1102 41
1103 30
1104 22
1105 38
1106 29
1107 24
1108 31
1109 17
1110 24
1111 44
1112 35
1113 38
1114 39
1115 36
1116 35
1117 34
1118 33
1119 36
1120 48
1121 55
1122 50
1123 61
1124 35
1125 42
1126 38
1127 22
1128 60
1129 48
1130 44
1131 53
1132 68
1133 65
1134 55
1135 56
1136 63
1137 77
1138 61
1139 65
1140 43
1141 57
1142 61
1143 63
1144 46
1145 48
1146 40
1147 39
1148 33
1149 29
1150 34
1151 28
1152 27
1153 40
1154 41
1155 35
1156 39
1157 24
1158 40
1159 38
1160 30
1161 39
1162 22
1163 37
1164 33
1165 40
1166 33
1167 37
1168 23
1169 30
1170 34
1171 38
1172 33
1173 35
1174 27
1175 21
1176 36
1177 31
1178 36
1179 46
1180 39
1181 20
1182 31
1183 39
1184 31
1185 38
1186 30
1187 30
1188 23
1189 32
1190 31
1191 38
1192 42
1193 33
1194 49
1195 31
1196 34
1197 35
1198 43
1199 39
1200 30
1201 25
1202 23
1203 29
1204 23
1205 36
1206 37
1207 49
1208 40
1209 37
1210 38
1211 31
1212 29
1213 36
1214 36
1215 35
1216 28
1217 34
1218 32
1219 40
1220 27
1221 32
1222 36
1223 38
1224 41
1225 36
1226 31
1227 27
1228 45
1229 32
1230 38
1231 42
1232 33
1233 39
1234 24
1235 28
1236 42
1237 36
1238 45
1239 27
1240 31
1241 29
1242 28
1243 43
1244 40
1245 25
1246 34
1247 33
1248 28
1249 40
1250 38
1251 45
1252 35
1253 30
1254 36
1255 27
1256 29
1257 30
1258 29
1259 33
1260 31
1261 29
1262 36
1263 34
1264 28
1265 27
1266 30
1267 34
1268 26
1269 35
1270 32
1271 27
1272 27
1273 22
1274 21
1275 28
1276 24
1277 21
1278 21
1279 24
1280 192
1281 251
1282 285
1283 254
1284 228
1285 213
1286 190
1287 176
1288 145
1289 156
1290 157
1291 133
1292 86
1293 78
1294 54
1295 60
1296 46
1297 45
1298 48
1299 33
1300 30
1301 35
1302 30
1303 34
1304 26
1305 45
1306 31
1307 28
1308 29
1309 26
1310 22
1311 24
1312 28
1313 35
1314 32
1315 27
1316 29
1317 26
1318 35
1319 22
1320 21
1321 24
1322 27
1323 24
1324 23
1325 22
1326 20
1327 20
1328 18
1329 28
1330 31
1331 20
1332 24
1333 28
1334 19
1335 19
1336 28
1337 32
1338 32
1339 26
1340 25
1341 19
1342 36
1343 29
1344 22
1345 34
1346 25
1347 22
1348 20
1349 25
1350 28
1351 28
1352 32
1353 23
1354 17
1355 29
1356 26
1357 27
1358 31
1359 20
1360 19
1361 24
1362 31
1363 22
1364 25
1365 24
1366 20
1367 13
1368 29
1369 27
1370 24
1371 23
1372 12
1373 24
1374 25
1375 25
1376 19
1377 32
1378 22
1379 31
1380 29
1381 26
1382 17
1383 23
1384 23
1385 19
1386 23
1387 28
1388 24
1389 26
1390 19
1391 31
1392 28
1393 20
1394 16
1395 23
1396 23
1397 25
1398 23
1399 19
1400 37
1401 25
1402 15
1403 14
1404 21
1405 20
1406 28
1407 24
1408 29
1409 32
1410 30
1411 21
1412 23
1413 32
1414 25
1415 28
1416 37
1417 22
1418 34
1419 23
1420 24
1421 25
1422 30
1423 32
1424 30
1425 28
1426 27
1427 32
1428 31
1429 31
1430 15
1431 23
1432 26
1433 20
1434 20
1435 29
1436 26
1437 23
1438 24
1439 31
1440 29
1441 23
1442 25
1443 27
1444 24
1445 21
1446 20
1447 26
1448 20
1449 29
1450 29
1451 20
1452 23
1453 27
1454 19
1455 17
1456 29
1457 23
1458 19
1459 20
1460 25
1461 19
1462 24
1463 22
1464 27
1465 22
1466 19
1467 22
1468 23
1469 34
1470 30
1471 20
1472 20
1473 22
1474 36
1475 26
1476 12
1477 36
1478 22
1479 26
1480 30
1481 21
1482 32
1483 18
1484 20
1485 24
1486 27
1487 22
1488 21
1489 18
1490 19
1491 19
1492 26
1493 23
1494 26
1495 18
1496 18
1497 21
1498 24
1499 25
1500 19
1501 29
1502 21
1503 25
1504 22
1505 16
1506 26
1507 17
1508 17
1509 23
1510 31
1511 18
1512 21
1513 25
1514 20
1515 19
1516 18
1517 21
1518 18
1519 27
1520 28
1521 16
1522 25
1523 22
1524 33
1525 21
1526 15
1527 22
1528 22
1529 23
1530 36
1531 19
1532 28
1533 25
1534 26
1535 20
1536 23
1537 23
1538 25
1539 28
1540 17
1541 23
1542 17
1543 24
1544 23
1545 19
1546 26
1547 24
1548 39
1549 31
1550 18
1551 29
1552 28
1553 16
1554 22
1555 23
1556 24
1557 25
1558 19
1559 17
1560 21
1561 25
1562 29
1563 30
1564 19
1565 11
1566 28
1567 14
1568 25
1569 29
1570 21
1571 15
1572 20
1573 22
1574 23
1575 16
1576 14
1577 12
1578 24
1579 28
1580 19
1581 19
1582 23
1583 19
1584 21
1585 19
1586 24
1587 21
1588 22
1589 27
1590 18
1591 24
1592 21
1593 15
1594 24
1595 30
1596 24
1597 17
1598 17
1599 20
1600 21
1601 22
1602 30
1603 23
1604 27
1605 28
1606 12
1607 15
1608 22
1609 32
1610 20
1611 24
1612 28
1613 21
1614 26
1615 20
1616 23
1617 26
1618 16
1619 24
1620 21
1621 18
1622 14
1623 23
1624 20
1625 16
1626 22
1627 23
1628 21
1629 18
1630 17
1631 23
1632 28
1633 21
1634 19
1635 22
1636 14
1637 22
1638 21
1639 19
1640 19
1641 19
1642 20
1643 18
1644 30
1645 21
1646 21
1647 21
1648 15
1649 21
1650 18
1651 25
1652 17
1653 19
1654 22
1655 12
1656 22
1657 13
1658 14
1659 20
1660 12
1661 21
1662 23
1663 23
1664 22
1665 19
1666 20
1667 23
1668 19
1669 26
1670 25
1671 25
1672 15
1673 19
1674 18
1675 26
1676 30
1677 17
1678 26
1679 18
1680 27
1681 21
1682 26
1683 24
1684 24
1685 30
1686 28
1687 20
1688 21
1689 24
1690 29
1691 21
1692 16
1693 28
1694 26
1695 18
1696 25
1697 21
1698 16
1699 20
1700 23
1701 17
1702 15
1703 23
1704 21
1705 27
1706 26
1707 22
1708 30
1709 16
1710 33
1711 28
1712 27
1713 30
1714 50
1715 40
1716 41
1717 44
1718 41
1719 48
1720 43
1721 53
1722 62
1723 52
1724 56
1725 76
1726 83
1727 91
1728 78
1729 91
1730 89
1731 126
1732 116
1733 148
1734 163
1735 161
1736 163
1737 146
1738 121
1739 94
1740 88
1741 74
1742 87
1743 152
1744 150
1745 87
1746 66
1747 49
1748 50
1749 43
1750 32
1751 18
1752 16
1753 29
1754 34
1755 33
1756 30
1757 26
1758 19
1759 16
1760 21
1761 15
1762 17
1763 19
1764 14
1765 19
1766 23
1767 21
1768 17
1769 22
1770 28
1771 15
1772 25
1773 23
1774 17
1775 15
1776 19
1777 20
1778 12
1779 19
1780 17
1781 21
1782 18
1783 15
1784 16
1785 26
1786 22
1787 26
1788 18
1789 18
1790 22
1791 16
1792 17
1793 14
1794 21
1795 21
1796 19
1797 15
1798 25
1799 22
1800 23
1801 16
1802 20
1803 11
1804 23
1805 21
1806 21
1807 19
1808 25
1809 12
1810 18
1811 11
1812 17
1813 20
1814 22
1815 19
1816 18
1817 15
1818 19
1819 21
1820 23
1821 20
1822 22
1823 19
1824 23
1825 21
1826 18
1827 22
1828 14
1829 18
1830 21
1831 15
1832 14
1833 20
1834 25
1835 21
1836 25
1837 18
1838 16
1839 17
1840 21
1841 17
1842 10
1843 15
1844 8
1845 24
1846 18
1847 25
1848 21
1849 17
1850 18
1851 14
1852 23
1853 19
1854 14
1855 26
1856 15
1857 24
1858 14
1859 25
1860 21
1861 23
1862 13
1863 20
1864 15
1865 22
1866 21
1867 17
1868 16
1869 17
1870 13
1871 17
1872 16
1873 30
1874 28
1875 18
1876 10
1877 20
1878 14
1879 10
1880 21
1881 21
1882 17
1883 28
1884 29
1885 21
1886 14
1887 21
1888 24
1889 24
1890 19
1891 17
1892 13
1893 21
1894 23
1895 9
1896 25
1897 24
1898 10
1899 18
1900 22
1901 18
1902 28
1903 30
1904 14
1905 14
1906 16
1907 20
1908 22
1909 19
1910 22
1911 22
1912 24
1913 24
1914 22
1915 20
1916 18
1917 22
1918 15
1919 23
1920 17
1921 30
1922 22
1923 29
1924 24
1925 29
1926 26
1927 16
1928 14
1929 20
1930 16
1931 24
1932 26
1933 23
1934 17
1935 24
1936 19
1937 32
1938 19
1939 19
1940 18
1941 20
1942 15
1943 12
1944 27
1945 25
1946 27
1947 26
1948 21
1949 14
1950 21
1951 25
1952 19
1953 31
1954 27
1955 37
1956 48
1957 39
1958 34
1959 42
1960 45
1961 62
1962 70
1963 70
1964 65
1965 101
1966 104
1967 112
1968 124
1969 151
1970 129
1971 150
1972 243
1973 243
1974 291
1975 312
1976 339
1977 358
1978 376
1979 333
1980 333
1981 352
1982 361
1983 338
1984 364
1985 403
1986 451
1987 423
1988 375
1989 308
1990 279
1991 280
1992 253
1993 241
1994 205
1995 166
1996 147
1997 124
1998 115
1999 114
2000 103
2001 71
2002 75
2003 61
2004 44
2005 42
2006 35
2007 29
2008 27
2009 30
2010 29
2011 22
2012 21
2013 20
2014 20
2015 19
2016 25
2017 22
2018 17
2019 15
2020 27
2021 27
2022 15
2023 21
2024 17
2025 15
2026 15
2027 17
2028 20
2029 17
2030 21
2031 16
2032 16
2033 15
2034 13
2035 20
2036 11
2037 7
2038 22
2039 17
2040 23
2041 16
2042 30
2043 21
2044 23
2045 20
2046 10
2047 20
2048 17
2049 24
2050 21
2051 16
2052 22
2053 21
2054 15
2055 22
2056 19
2057 15
2058 25
2059 18
2060 11
2061 17
2062 8
2063 15
2064 12
2065 15
2066 23
2067 28
2068 20
2069 13
2070 10
2071 14
2072 13
2073 21
2074 17
2075 10
2076 22
2077 12
2078 18
2079 11
2080 15
2081 18
2082 10
2083 22
2084 17
2085 18
2086 19
2087 18
2088 18
2089 21
2090 16
2091 21
2092 29
2093 13
2094 15
2095 22
2096 17
2097 16
2098 21
2099 14
2100 8
2101 15
2102 25
2103 14
2104 19
2105 15
2106 17
2107 20
2108 17
2109 21
2110 17
2111 17
2112 14
2113 14
2114 20
2115 17
2116 17
2117 19
2118 17
2119 17
2120 16
2121 14
2122 19
2123 20
2124 17
2125 16
2126 13
2127 20
2128 25
2129 11
2130 15
2131 15
2132 21
2133 10
2134 15
2135 22
2136 15
2137 18
2138 14
2139 19
2140 18
2141 13
2142 19
2143 12
2144 14
2145 18
2146 13
2147 20
2148 20
2149 16
2150 20
2151 21
2152 23
2153 20
2154 19
2155 29
2156 18
2157 23
2158 28
2159 17
2160 33
2161 27
2162 35
2163 22
2164 33
2165 29
2166 36
2167 32
2168 37
2169 40
2170 49
2171 40
2172 45
2173 48
2174 62
2175 52
2176 67
2177 62
2178 70
2179 66
2180 76
2181 93
2182 82
2183 69
2184 77
2185 79
2186 90
2187 130
2188 100
2189 80
2190 63
2191 61
2192 42
2193 64
2194 42
2195 34
2196 43
2197 34
2198 32
2199 28
2200 25
2201 35
2202 29
2203 21
2204 22
2205 24
2206 16
2207 23
2208 17
2209 20
2210 28
2211 20
2212 24
2213 18
2214 15
2215 11
2216 12
2217 17
2218 14
2219 15
2220 12
2221 13
2222 14
2223 11
2224 13
2225 12
2226 12
2227 11
2228 16
2229 12
2230 11
2231 15
2232 24
2233 18
2234 7
2235 18
2236 18
2237 19
2238 18
2239 14
2240 17
2241 22
2242 14
2243 13
2244 15
2245 11
2246 16
2247 14
2248 19
2249 18
2250 15
2251 14
2252 15
2253 14
2254 8
2255 10
2256 15
2257 11
2258 12
2259 11
2260 9
2261 14
2262 14
2263 18
2264 16
2265 19
2266 7
2267 14
2268 19
2269 11
2270 13
2271 13
2272 12
2273 17
2274 10
2275 16
2276 18
2277 13
2278 18
2279 14
2280 13
2281 12
2282 12
2283 16
2284 19
2285 15
2286 16
2287 18
2288 11
2289 13
2290 8
2291 10
2292 12
2293 14
2294 10
2295 10
2296 13
2297 10
2298 11
2299 15
2300 12
2301 12
2302 15
2303 15
2304 10
2305 21
2306 22
2307 17
2308 11
2309 16
2310 15
2311 19
2312 11
2313 11
2314 13
2315 8
2316 10
2317 17
2318 16
2319 7
2320 15
2321 16
2322 12
2323 14
2324 19
2325 11
2326 13
2327 13
2328 16
2329 18
2330 10
2331 17
2332 17
2333 12
2334 9
2335 18
2336 11
2337 11
2338 14
2339 11
2340 11
2341 16
2342 15
2343 18
2344 15
2345 16
2346 8
2347 5
2348 20
2349 15
2350 15
2351 11
2352 11
2353 10
2354 12
2355 13
2356 9
2357 14
2358 13
2359 21
2360 7
2361 19
2362 9
2363 8
2364 17
2365 15
2366 16
2367 18
2368 17
2369 10
2370 14
2371 8
2372 9
2373 11
2374 11
2375 13
2376 10
2377 16
2378 14
2379 11
2380 15
2381 13
2382 11
2383 8
2384 13
2385 13
2386 9
2387 11
2388 17
2389 18
2390 12
2391 15
2392 12
2393 13
2394 14
2395 9
2396 14
2397 11
2398 21
2399 16
2400 21
2401 13
2402 15
2403 15
2404 17
2405 13
2406 14
2407 11
2408 9
2409 13
2410 9
2411 12
2412 15
2413 11
2414 13
2415 17
2416 13
2417 15
2418 16
2419 9
2420 16
2421 8
2422 15
2423 9
2424 14
2425 11
2426 13
2427 14
2428 15
2429 19
2430 12
2431 16
2432 10
2433 15
2434 11
2435 11
2436 10
2437 15
2438 17
2439 15
2440 18
2441 20
2442 16
2443 19
2444 15
2445 19
2446 20
2447 20
2448 19
2449 20
2450 35
2451 22
2452 39
2453 22
2454 31
2455 28
2456 34
2457 52
2458 70
2459 51
2460 58
2461 52
2462 41
2463 55
2464 45
2465 57
2466 56
2467 71
2468 80
2469 66
2470 58
2471 65
2472 59
2473 63
2474 68
2475 55
2476 54
2477 40
2478 48
2479 34
2480 37
2481 32
2482 37
2483 28
2484 27
2485 21
2486 21
2487 23
2488 14
2489 19
2490 21
2491 21
2492 15
2493 14
2494 9
2495 17
2496 12
2497 15
2498 12
2499 12
2500 7
2501 15
2502 16
2503 22
2504 16
2505 12
2506 6
2507 11
2508 10
2509 13
2510 9
2511 18
2512 9
2513 12
2514 12
2515 13
2516 7
2517 11
2518 12
2519 12
2520 17
2521 12
2522 9
2523 14
2524 11
2525 9
2526 13
2527 12
2528 7
2529 12
2530 15
2531 16
2532 14
2533 11
2534 22
2535 15
2536 22
2537 13
2538 9
2539 15
2540 12
2541 16
2542 9
2543 18
2544 17
2545 20
2546 19
2547 34
2548 21
2549 50
2550 44
2551 60
2552 51
2553 42
2554 41
2555 34
2556 35
2557 26
2558 51
2559 43
