0 40
1 22
2 28
3 28
4 31
5 29
6 25
7 35
8 20
9 31
10 30
11 43
12 38
13 35
14 26
15 23
16 23
17 34
18 24
19 30
20 38
21 36
22 43
23 28
24 30
25 32
26 34
27 35
28 22
29 35
30 27
31 37
32 33
33 35
34 29
35 27
36 35
37 25
38 44
39 31
40 23
41 20
42 24
43 45
44 24
45 37
46 23
47 39
48 36
49 39
50 32
51 40
52 32
53 20
54 28
55 26
56 30
57 43
58 26
59 22
60 29
61 30
62 32
63 41
64 41
65 41
66 35
67 34
68 26
69 43
70 33
71 32
72 25
73 28
74 25
75 27
76 25
77 29
78 33
79 29
80 33
81 38
82 29
83 35
84 38
85 24
86 34
87 44
88 38
89 27
90 38
91 41
92 39
93 30
94 28
95 39
96 33
97 35
98 36
99 36
100 40
101 34
102 33
103 35
104 50
105 30
106 29
107 36
108 33
109 31
110 43
111 37
112 32
113 29
114 34
115 34
116 26
117 27
118 37
119 41
120 35
121 32
122 37
123 31
124 40
125 35
126 30
127 33
128 25
129 40
130 33
131 40
132 28
133 40
134 36
135 48
136 33
137 30
138 38
139 41
140 33
141 33
142 26
143 40
144 44
145 37
146 38
147 30
148 30
149 32
150 33
151 40
152 23
153 27
154 33
155 29
156 32
157 32
158 37
159 27
160 31
161 42
162 30
163 39
164 33
165 20
166 31
167 39
168 41
169 31
170 35
171 37
172 29
173 29
174 33
175 26
176 27
177 40
178 26
179 35
180 23
181 39
182 30
183 44
184 40
185 36
186 35
187 48
188 27
189 23
190 31
191 38
192 38
193 29
194 37
195 34
196 29
197 37
198 36
199 38
200 36
201 38
202 39
203 39
204 27
205 40
206 43
207 39
208 29
209 26
210 37
211 28
212 31
213 39
214 30
215 40
216 28
217 40
218 36
219 34
220 40
221 33
222 43
223 40
224 36
225 50
226 36
227 33
228 42
229 26
230 53
231 41
232 30
233 31
234 45
235 33
236 36
237 39
238 44
239 48
240 37
241 27
242 36
243 30
244 52
245 29
246 34
247 30
248 42
249 41
250 26
251 35
252 31
253 27
254 37
255 38
256 45
257 46
258 44
259 45
260 34
261 31
262 42
263 33
264 47
265 29
266 28
267 34
268 30
269 33
270 39
271 35
272 40
273 38
274 27
275 36
276 30
277 23
278 24
279 40
280 37
281 39
282 34
283 30
284 32
285 37
286 34
287 37
288 31
289 40
290 39
291 29
292 40
293 35
294 35
295 38
296 40
297 34
298 35
299 35
300 31
301 41
302 42
303 27
304 32
305 37
306 32
307 42
308 39
309 26
310 47
311 33
312 31
313 44
314 26
315 42
316 36
317 40
318 35
319 38
320 44
321 39
322 46
323 30
324 29
325 33
326 38
327 39
328 37
329 34
330 33
331 33
332 35
333 31
334 30
335 40
336 31
337 42
338 28
339 36
340 31
341 47
342 34
343 43
344 33
345 37
346 37
347 43
348 37
349 37
350 32
351 31
352 41
353 36
354 29
355 35
356 40
357 32
358 37
359 37
360 50
361 29
362 32
363 38
364 29
365 16
366 37
367 29
368 37
369 36
370 42
371 46
372 49
373 35
374 32
375 36
376 51
377 35
378 41
379 42
380 44
381 37
382 45
383 48
384 33
385 35
386 42
387 30
388 28
389 42
390 41
391 45
392 46
393 48
394 38
395 39
396 33
397 42
398 40
399 42
400 40
401 38
402 30
403 36
404 41
405 41
406 46
407 39
408 37
409 43
410 43
411 34
412 35
413 50
414 44
415 48
416 38
417 50
418 49
419 56
420 40
421 39
422 39
423 46
424 45
425 37
426 33
427 50
428 39
429 50
430 40
431 30
432 35
433 34
434 28
435 45
436 39
437 39
438 31
439 39
440 43
441 24
442 34
443 31
444 27
445 39
446 47
447 35
448 42
449 51
450 41
451 38
452 30
453 37
454 45
455 32
456 41
457 41
458 32
459 23
460 27
461 48
462 36
463 37
464 46
465 36
466 39
467 45
468 42
469 36
470 28
471 42
472 30
473 40
474 46
475 48
476 37
477 35
478 34
479 27
480 52
481 38
482 25
483 40
484 43
485 40
486 35
487 37
488 39
489 40
490 45
491 41
492 30
493 49
494 29
495 32
496 30
497 33
498 53
499 42
500 26
501 46
502 39
503 31
504 42
505 48
506 34
507 48
508 46
509 52
510 71
511 55
512 59
513 54
514 56
515 52
516 56
517 71
518 59
519 53
520 68
521 72
522 87
523 114
524 153
525 143
526 131
527 131
528 99
529 86
530 86
531 82
532 68
533 72
534 80
535 98
536 96
537 120
538 90
539 89
540 98
541 90
542 89
543 79
544 88
545 98
546 78
547 85
548 48
549 43
550 32
551 35
552 44
553 39
554 39
555 33
556 33
557 40
558 41
559 37
560 30
561 46
562 42
563 35
564 34
565 46
566 39
567 48
568 37
569 48
570 51
571 43
572 49
573 52
574 34
575 41
576 45
577 35
578 28
579 55
580 36
581 40
582 34
583 44
584 48
585 40
586 29
587 37
588 46
589 40
590 36
591 47
592 42
593 31
594 34
595 59
596 34
597 56
598 50
599 38
600 35
601 45
602 44
603 48
604 43
605 40
606 38
607 42
608 43
609 35
610 37
611 40
612 53
613 49
614 51
615 42
616 27
617 35
618 47
619 42
620 45
621 38
622 34
623 55
624 38
625 32
626 43
627 51
628 40
629 30
630 52
631 40
632 45
633 32
634 40
635 45
636 37
637 43
638 25
639 40
640 49
641 32
642 44
643 57
644 47
645 56
646 40
647 40
648 41
649 37
650 47
651 41
652 38
653 53
654 44
655 45
656 25
657 40
658 40
659 48
660 41
661 31
662 41
663 42
664 42
665 44
666 25
667 38
668 37
669 45
670 40
671 31
672 54
673 40
674 38
675 29
676 44
677 39
678 39
679 46
680 43
681 39
682 46
683 38
684 36
685 33
686 28
687 24
688 34
689 35
690 47
691 35
692 42
693 40
694 45
695 30
696 48
697 36
698 30
699 47
700 41
701 45
702 28
703 49
704 45
705 42
706 34
707 46
708 47
709 46
710 41
711 45
712 44
713 27
714 39
715 33
716 29
717 40
718 47
719 41
720 37
721 41
722 38
723 46
724 46
725 50
726 26
727 31
728 36
729 33
730 31
731 33
732 38
733 44
734 37
735 36
736 40
737 43
738 30
739 34
740 46
741 40
742 44
743 36
744 33
745 34
746 55
747 33
748 40
749 43
750 39
751 33
752 35
753 31
754 43
755 42
756 38
757 41
758 30
759 29
760 52
761 38
762 28
763 42
764 25
765 40
766 36
767 43
768 38
769 47
770 51
771 40
772 29
773 37
774 32
775 38
776 26
777 33
778 37
779 36
780 25
781 50
782 38
783 52
784 23
785 43
786 45
787 45
788 44
789 41
790 37
791 30
792 40
793 34
794 45
795 47
796 33
797 33
798 42
799 37
800 36
801 43
802 43
803 55
804 46
805 36
806 42
807 40
808 36
809 34
810 39
811 33
812 35
813 47
814 46
815 36
816 38
817 38
818 48
819 46
820 32
821 39
822 35
823 42
824 39
825 37
826 30
827 35
828 37
829 35
830 39
831 36
832 30
833 48
834 38
835 28
836 23
837 29
838 41
839 44
840 41
841 47
842 38
843 25
844 35
845 40
846 38
847 31
848 29
849 38
850 49
851 42
852 42
853 30
854 38
855 26
856 32
857 50
858 33
859 30
860 34
861 28
862 42
863 34
864 40
865 36
866 40
867 34
868 43
869 40
870 40
871 29
872 32
873 36
874 55
875 36
876 36
877 37
878 34
879 26
880 26
881 30
882 32
883 38
884 29
885 35
886 22
887 35
888 32
889 41
890 30
891 32
892 30
893 32
894 24
895 39
896 40
897 39
898 39
899 36
900 38
901 35
902 28
903 42
904 31
905 37
906 37
907 47
908 46
909 44
910 33
911 33
912 36
913 48
914 36
915 46
916 31
917 39
918 41
919 36
920 36
921 40
922 38
923 39
924 31
925 33
926 31
927 31
928 30
929 37
930 54
931 32
932 47
933 31
934 33
935 26
936 41
937 28
938 39
939 43
940 34
941 35
942 28
943 37
944 30
945 36
946 50
947 34
948 32
949 31
950 33
951 32
952 24
953 31
954 29
955 34
956 35
957 32
958 35
959 25
960 34
961 43
962 32
963 22
964 26
965 25
966 39
967 43
968 31
969 33
970 39
971 39
972 31
973 36
974 40
975 33
976 37
977 35
978 35
979 26
980 30
981 34
982 27
983 29
984 39
985 34
986 31
987 41
988 29
989 32
990 49
991 28
992 42
993 37
994 40
995 32
996 35
997 41
998 38
999 46
1000 36
1001 43
1002 38
1003 22
1004 40
1005 26
1006 28
1007 27
1008 43
1009 25
1010 46
1011 39
1012 42
1013 35
1014 40
1015 44
1016 38
1017 32
1018 35
1019 31
1020 26
1021 47
1022 40
1023 27
1024 51
1025 39
1026 46
1027 45
1028 58
1029 57
1030 70
1031 56
1032 56
1033 53
1034 74
1035 72
1036 102
1037 102
1038 113
1039 155
1040 177
1041 234
1042 211
1043 235
1044 203
1045 292
1046 346
1047 310
1048 326
1049 367
1050 412
1051 395
1052 460
1053 513
1054 519
1055 489
1056 504
1057 571
1058 496
1059 390
1060 250
1061 242
1062 187
1063 120
1064 72
1065 74
1066 38
1067 43
1068 42
1069 38
1070 45
1071 41
1072 30
1073 34
1074 33
1075 24
1076 43
1077 37
1078 41
1079 32
1080 42
1081 28
1082 41
1083 34
1084 42
1085 34
1086 34
1087 44
1088 38
1089 33
1090 39
1091 37
1092 38
1093 38
1094 44
1095 36
1096 34
1097 34
1098 29
1099 39
1100 38
1101 33
1102 35
1103 31
1104 36
1105 24
1106 37
1107 33
1108 28
1109 30
1110 24
1111 29
1112 31
1113 40
1114 30
1115 23
1116 35
1117 37
1118 35
1119 33
1120 30
1121 30
1122 31
1123 36
1124 34
1125 34
1126 31
1127 37
1128 31
1129 26
1130 37
1131 30
1132 34
1133 35
1134 35
1135 30
1136 37
1137 29
1138 30
1139 41
1140 32
1141 32
1142 33
1143 27
1144 30
1145 34
1146 38
1147 36
1148 27
1149 39
1150 39
1151 35
1152 45
1153 34
1154 26
1155 36
1156 26
1157 41
1158 34
1159 36
1160 29
1161 37
1162 39
1163 31
1164 28
1165 35
1166 45
1167 48
1168 66
1169 38
1170 45
1171 40
1172 53
1173 52
1174 50
1175 50
1176 52
1177 56
1178 46
1179 63
1180 53
1181 66
1182 64
1183 52
1184 42
1185 58
1186 45
1187 53
1188 63
1189 75
1190 67
1191 58
1192 63
1193 48
1194 50
1195 41
1196 54
1197 35
1198 31
1199 36
1200 37
1201 29
1202 37
1203 29
1204 29
1205 29
1206 28
1207 32
1208 34
1209 29
1210 19
1211 29
1212 32
1213 30
1214 35
1215 22
1216 29
1217 28
1218 35
1219 29
1220 29
1221 29
1222 23
1223 27
1224 32
1225 31
1226 32
1227 24
1228 24
1229 30
1230 30
1231 32
1232 35
1233 35
1234 31
1235 33
1236 36
1237 33
1238 27
1239 32
1240 19
1241 36
1242 33
1243 32
1244 34
1245 40
1246 29
1247 26
1248 39
1249 32
1250 24
1251 26
1252 34
1253 32
1254 30
1255 30
1256 25
1257 32
1258 26
1259 30
1260 20
1261 39
1262 28
1263 27
1264 36
1265 26
1266 26
1267 34
1268 31
1269 25
1270 22
1271 23
1272 24
1273 25
1274 17
1275 17
1276 23
1277 17
1278 19
1279 21
1280 35
1281 25
1282 21
1283 28
1284 29
1285 20
1286 20
1287 30
1288 22
1289 32
1290 35
1291 34
1292 24
1293 21
1294 24
1295 25
1296 21
1297 26
1298 27
1299 25
1300 24
1301 28
1302 30
1303 33
1304 24
1305 25
1306 22
1307 26
1308 26
1309 32
1310 26
1311 25
1312 35
1313 33
1314 31
1315 31
1316 21
1317 32
1318 41
1319 31
1320 40
1321 50
1322 54
1323 54
1324 45
1325 61
1326 62
1327 69
1328 85
1329 94
1330 101
1331 148
1332 178
1333 200
1334 213
1335 224
1336 227
1337 274
1338 256
1339 230
1340 238
1341 225
1342 281
1343 249
1344 181
1345 144
1346 128
1347 115
1348 125
1349 115
1350 57
1351 55
1352 48
1353 29
1354 31
1355 20
1356 23
1357 30
1358 26
1359 24
1360 27
1361 23
1362 18
1363 18
1364 21
1365 21
1366 27
1367 31
1368 18
1369 23
1370 22
1371 16
1372 28
1373 21
1374 38
1375 20
1376 26
1377 21
1378 25
1379 20
1380 18
1381 16
1382 25
1383 18
1384 15
1385 21
1386 22
1387 13
1388 22
1389 27
1390 22
1391 21
1392 27
1393 19
1394 17
1395 16
1396 24
1397 26
1398 32
1399 23
1400 21
1401 27
1402 25
1403 30
1404 19
1405 37
1406 26
1407 26
1408 27
1409 17
1410 26
1411 24
1412 16
1413 28
1414 20
1415 17
1416 23
1417 19
1418 33
1419 29
1420 26
1421 20
1422 24
1423 34
1424 18
1425 20
1426 22
1427 20
1428 19
1429 23
1430 25
1431 23
1432 24
1433 34
1434 16
1435 26
1436 16
1437 21
1438 16
1439 19
1440 19
1441 16
1442 24
1443 24
1444 25
1445 24
1446 16
1447 28
1448 24
1449 31
1450 31
1451 22
1452 26
1453 31
1454 25
1455 29
1456 29
1457 22
1458 22
1459 31
1460 28
1461 28
1462 22
1463 20
1464 24
1465 16
1466 21
1467 12
1468 21
1469 26
1470 16
1471 20
1472 23
1473 24
1474 20
1475 25
1476 25
1477 29
1478 15
1479 24
1480 20
1481 30
1482 32
1483 28
1484 33
1485 30
1486 21
1487 28
1488 20
1489 26
1490 19
1491 22
1492 18
1493 16
1494 15
1495 19
1496 19
1497 18
1498 15
1499 25
1500 17
1501 19
1502 21
1503 25
1504 24
1505 21
1506 16
1507 24
1508 18
1509 19
1510 20
1511 19
1512 23
1513 29
1514 23
1515 23
1516 30
1517 29
1518 17
1519 27
1520 31
1521 23
1522 18
1523 20
1524 10
1525 29
1526 26
1527 22
1528 18
1529 22
1530 19
1531 19
1532 16
1533 18
1534 17
1535 29
1536 31
1537 21
1538 26
1539 18
1540 23
1541 22
1542 18
1543 22
1544 20
1545 23
1546 24
1547 20
1548 17
1549 24
1550 20
1551 14
1552 22
1553 19
1554 21
1555 29
1556 26
1557 15
1558 22
1559 19
1560 27
1561 18
1562 24
1563 23
1564 14
1565 15
1566 21
1567 24
1568 15
1569 15
1570 27
1571 19
1572 32
1573 20
1574 22
1575 21
1576 21
1577 12
1578 23
1579 22
1580 23
1581 19
1582 20
1583 18
1584 18
1585 20
1586 18
1587 13
1588 22
1589 16
1590 18
1591 19
1592 33
1593 22
1594 16
1595 23
1596 19
1597 22
1598 24
1599 22
1600 15
1601 21
1602 20
1603 26
1604 17
1605 12
1606 20
1607 18
1608 23
1609 21
1610 22
1611 17
1612 16
1613 20
1614 20
1615 18
1616 19
1617 18
1618 25
1619 16
1620 23
1621 18
1622 13
1623 23
1624 21
1625 20
1626 14
1627 24
1628 22
1629 15
1630 14
1631 15
1632 23
1633 24
1634 20
1635 22
1636 24
1637 16
1638 16
1639 15
1640 22
1641 23
1642 19
1643 15
1644 17
1645 9
1646 17
1647 18
1648 21
1649 20
1650 20
1651 15
1652 12
1653 24
1654 17
1655 11
1656 16
1657 23
1658 20
1659 22
1660 15
1661 20
1662 15
1663 18
1664 23
1665 15
1666 17
1667 20
1668 21
1669 22
1670 31
1671 15
1672 13
1673 20
1674 29
1675 14
1676 21
1677 14
1678 25
1679 20
1680 18
1681 23
1682 20
1683 21
1684 26
1685 28
1686 22
1687 19
1688 21
1689 19
1690 15
1691 17
1692 20
1693 23
1694 18
1695 27
1696 22
1697 11
1698 18
1699 20
1700 24
1701 15
1702 23
1703 24
1704 26
1705 21
1706 17
1707 19
1708 24
1709 16
1710 17
1711 20
1712 21
1713 25
1714 22
1715 16
1716 23
1717 15
1718 21
1719 21
1720 20
1721 15
1722 22
1723 19
1724 23
1725 13
1726 16
1727 18
1728 17
1729 20
1730 17
1731 15
1732 22
1733 14
1734 10
1735 21
1736 23
1737 23
1738 19
1739 26
1740 20
1741 22
1742 28
1743 22
1744 15
1745 15
1746 29
1747 21
1748 26
1749 23
1750 23
1751 24
1752 23
1753 27
1754 14
1755 18
1756 20
1757 18
1758 15
1759 17
1760 20
1761 18
1762 8
1763 21
1764 19
1765 19
1766 16
1767 21
1768 15
1769 20
1770 20
1771 25
1772 21
1773 16
1774 24
1775 17
1776 27
1777 25
1778 24
1779 37
1780 31
1781 35
1782 68
1783 53
1784 47
1785 47
1786 57
1787 79
1788 101
1789 75
1790 63
1791 83
1792 79
1793 84
1794 86
1795 84
1796 68
1797 114
1798 133
1799 147
1800 134
1801 121
1802 106
1803 107
1804 143
1805 137
1806 131
1807 121
1808 102
1809 72
1810 61
1811 53
1812 45
1813 37
1814 22
1815 27
1816 21
1817 22
1818 23
1819 16
1820 27
1821 33
1822 23
1823 22
1824 20
1825 9
1826 21
1827 15
1828 17
1829 17
1830 14
1831 17
1832 13
1833 11
1834 19
1835 20
1836 22
1837 8
1838 16
1839 12
1840 25
1841 13
1842 11
1843 16
1844 14
1845 21
1846 24
1847 9
1848 22
1849 19
1850 17
1851 11
1852 23
1853 18
1854 16
1855 11
1856 16
1857 27
1858 15
1859 12
1860 17
1861 21
1862 21
1863 10
1864 16
1865 14
1866 20
1867 13
1868 20
1869 20
1870 18
1871 15
1872 26
1873 20
1874 21
1875 15
1876 21
1877 12
1878 21
1879 14
1880 21
1881 11
1882 10
1883 10
1884 16
1885 15
1886 28
1887 20
1888 19
1889 19
1890 14
1891 15
1892 18
1893 15
1894 14
1895 16
1896 16
1897 14
1898 24
1899 29
1900 23
1901 15
1902 25
1903 12
1904 15
1905 23
1906 14
1907 15
1908 14
1909 10
1910 15
1911 23
1912 17
1913 14
1914 19
1915 14
1916 17
1917 14
1918 24
1919 14
1920 22
1921 27
1922 17
1923 21
1924 24
1925 16
1926 19
1927 12
1928 22
1929 20
1930 26
1931 14
1932 16
1933 12
1934 23
1935 16
1936 16
1937 20
1938 19
1939 11
1940 18
1941 26
1942 17
1943 19
1944 25
1945 23
1946 20
1947 22
1948 17
1949 13
1950 19
1951 19
1952 17
1953 22
1954 18
1955 32
1956 17
1957 15
1958 15
1959 17
1960 15
1961 15
1962 19
1963 17
1964 10
1965 19
1966 17
1967 19
1968 19
1969 14
1970 10
1971 19
1972 19
1973 12
1974 19
1975 15
1976 18
1977 15
1978 14
1979 10
1980 19
1981 15
1982 14
1983 14
1984 21
1985 20
1986 20
1987 19
1988 12
1989 17
1990 15
1991 19
1992 18
1993 18
1994 21
1995 14
1996 16
1997 14
1998 21
1999 17
2000 22
2001 20
2002 15
2003 13
2004 22
2005 16
2006 22
2007 23
2008 14
2009 10
2010 22
2011 14
2012 17
2013 15
2014 21
2015 22
2016 25
2017 17
2018 18
2019 26
2020 27
2021 20
2022 23
2023 24
2024 22
2025 27
2026 28
2027 33
2028 32
2029 36
2030 35
2031 36
2032 41
2033 46
2034 46
2035 74
2036 85
2037 99
2038 125
2039 138
2040 116
2041 154
2042 149
2043 163
2044 186
2045 202
2046 206
2047 272
2048 224
2049 244
2050 265
2051 316
2052 383
2053 390
2054 397
2055 483
2056 488
2057 342
2058 350
2059 324
2060 324
2061 306
2062 263
2063 223
2064 251
2065 263
2066 168
2067 133
2068 123
2069 95
2070 89
2071 83
2072 87
2073 60
2074 67
2075 39
2076 29
2077 29
2078 23
2079 22
2080 29
2081 18
2082 17
2083 24
2084 27
2085 22
2086 12
2087 16
2088 17
2089 16
2090 27
2091 21
2092 11
2093 16
2094 13
2095 12
2096 17
2097 15
2098 17
2099 11
2100 15
2101 22
2102 24
2103 15
2104 15
2105 15
2106 21
2107 13
2108 11
2109 13
2110 17
2111 22
2112 16
2113 17
2114 21
2115 13
2116 18
2117 13
2118 18
2119 7
2120 14
2121 15
2122 16
2123 9
2124 20
2125 11
2126 14
2127 13
2128 10
2129 15
2130 12
2131 18
2132 15
2133 18
2134 13
2135 12
2136 18
2137 20
2138 15
2139 15
2140 17
2141 14
2142 17
2143 14
2144 12
2145 14
2146 13
2147 9
2148 20
2149 9
2150 13
2151 18
2152 18
2153 18
2154 15
2155 18
2156 18
2157 19
2158 13
2159 15
2160 21
2161 18
2162 14
2163 15
2164 17
2165 13
2166 27
2167 16
2168 17
2169 22
2170 13
2171 18
2172 15
2173 16
2174 24
2175 15
2176 12
2177 18
2178 17
2179 20
2180 17
2181 16
2182 20
2183 17
2184 20
2185 16
2186 12
2187 11
2188 15
2189 11
2190 12
2191 13
2192 15
2193 15
2194 13
2195 17
2196 11
2197 14
2198 15
2199 17
2200 25
2201 16
2202 12
2203 20
2204 12
2205 16
2206 14
2207 18
2208 10
2209 15
2210 14
2211 16
2212 13
2213 11
2214 12
2215 17
2216 10
2217 8
2218 13
2219 11
2220 21
2221 12
2222 13
2223 26
2224 11
2225 18
2226 19
2227 10
2228 27
2229 21
2230 23
2231 24
2232 18
2233 27
2234 18
2235 19
2236 23
2237 30
2238 22
2239 35
2240 40
2241 44
2242 41
2243 49
2244 46
2245 47
2246 49
2247 65
2248 70
2249 64
2250 61
2251 60
2252 69
2253 82
2254 80
2255 86
2256 101
2257 99
2258 82
2259 56
2260 63
2261 57
2262 60
2263 64
2264 66
2265 76
2266 58
2267 60
2268 46
2269 39
2270 35
2271 42
2272 48
2273 36
2274 27
2275 23
2276 34
2277 23
2278 21
2279 14
2280 16
2281 14
2282 14
2283 16
2284 18
2285 23
2286 11
2287 19
2288 18
2289 9
2290 14
2291 15
2292 20
2293 13
2294 16
2295 10
2296 16
2297 11
2298 14
2299 13
2300 9
2301 10
2302 10
2303 13
2304 14
2305 11
2306 15
2307 13
2308 14
2309 20
2310 11
2311 14
2312 13
2313 21
2314 12
2315 12
2316 16
2317 10
2318 12
2319 12
2320 13
2321 16
2322 14
2323 9
2324 15
2325 9
2326 11
2327 11
2328 15
2329 14
2330 14
2331 10
2332 15
2333 17
2334 12
2335 16
2336 21
2337 18
2338 9
2339 10
2340 10
2341 16
2342 16
2343 16
2344 11
2345 15
2346 6
2347 8
2348 12
2349 11
2350 14
2351 5
2352 20
2353 8
2354 12
2355 10
2356 12
2357 8
2358 8
2359 12
2360 12
2361 14
2362 19
2363 15
2364 10
2365 13
2366 17
2367 13
2368 15
2369 10
2370 16
2371 16
2372 14
2373 14
2374 8
2375 12
2376 12
2377 11
2378 16
2379 10
2380 10
2381 7
2382 14
2383 14
2384 12
2385 8
2386 17
2387 10
2388 10
2389 13
2390 18
2391 13
2392 12
2393 13
2394 9
2395 10
2396 19
2397 7
2398 18
2399 15
2400 14
2401 14
2402 20
2403 11
2404 16
2405 8
2406 12
2407 14
2408 14
2409 10
2410 14
2411 9
2412 12
2413 12
2414 9
2415 16
2416 9
2417 12
2418 12
2419 10
2420 12
2421 15
2422 13
2423 13
2424 14
2425 13
2426 13
2427 8
2428 7
2429 13
2430 13
2431 17
2432 10
2433 11
2434 15
2435 13
2436 15
2437 14
2438 9
2439 14
2440 15
2441 15
2442 13
2443 15
2444 17
2445 6
2446 11
2447 10
2448 10
2449 11
2450 12
2451 16
2452 19
2453 19
2454 10
2455 12
2456 11
2457 8
2458 11
2459 16
2460 12
2461 20
2462 13
2463 7
2464 7
2465 11
2466 11
2467 12
2468 12
2469 13
2470 10
2471 11
2472 13
2473 9
2474 13
2475 11
2476 13
2477 15
2478 12
2479 13
2480 10
2481 10
2482 14
2483 10
2484 9
2485 10
2486 8
2487 10
2488 8
2489 10
2490 12
2491 10
2492 10
2493 8
2494 7
2495 11
2496 14
2497 15
2498 19
2499 8
2500 14
2501 16
2502 13
2503 10
2504 13
2505 10
2506 10
2507 10
2508 14
2509 11
2510 13
2511 18
2512 12
2513 11
2514 17
2515 12
2516 12
2517 11
2518 16
2519 9
2520 15
2521 16
2522 20
2523 15
2524 16
2525 19
2526 15
2527 23
2528 20
2529 23
2530 36
2531 32
2532 28
2533 19
2534 18
2535 27
2536 36
2537 26
2538 48
2539 35
2540 37
2541 27
2542 38
2543 41
2544 59
2545 53
2546 71
2547 84
2548 85
2549 95
2550 104
2551 66
2552 68
2553 58
2554 63
2555 62
2556 59
2557 78
2558 59
2559 48
