0 36
1 26
2 22
3 28
4 35
5 19
6 35
7 28
8 25
9 30
10 20
11 25
12 32
13 27
14 33
15 21
16 26
17 30
18 31
19 20
20 18
21 20
22 34
23 24
24 31
25 31
26 20
27 24
28 33
29 26
30 32
31 29
32 26
33 32
34 32
35 30
36 31
37 26
38 22
39 27
40 30
41 37
42 38
43 39
44 29
45 37
46 37
47 25
48 38
49 32
50 20
51 35
52 23
53 45
54 28
55 36
56 22
57 35
58 25
59 30
60 31
61 26
62 35
63 29
64 36
65 23
66 32
67 28
68 38
69 34
70 25
71 26
72 34
73 36
74 29
75 29
76 24
77 37
78 40
79 25
80 36
81 37
82 25
83 29
84 29
85 33
86 18
87 25
88 28
89 36
90 24
91 32
92 29
93 32
94 32
95 24
96 26
97 34
98 35
99 36
100 36
101 29
102 20
103 39
104 32
105 30
106 39
107 33
108 28
109 39
110 29
111 38
112 32
113 41
114 36
115 27
116 25
117 32
118 44
119 39
120 33
121 37
122 33
123 37
124 32
125 32
126 16
127 30
128 27
129 34
130 35
131 35
132 29
133 36
134 24
135 26
136 32
137 37
138 29
139 30
140 39
141 22
142 37
143 30
144 31
145 26
146 43
147 35
148 36
149 23
150 35
151 35
152 40
153 25
154 35
155 33
156 33
157 35
158 45
159 31
160 28
161 34
162 36
163 34
164 35
165 28
166 31
167 30
168 37
169 32
170 32
171 35
172 38
173 28
174 44
175 33
176 21
177 27
178 23
179 46
180 28
181 38
182 35
183 38
184 32
185 31
186 41
187 35
188 22
189 35
190 40
191 28
192 30
193 35
194 30
195 38
196 21
197 41
198 32
199 37
200 41
201 23
202 35
203 42
204 36
205 23
206 40
207 37
208 26
209 26
210 32
211 29
212 41
213 42
214 24
215 39
216 33
217 36
218 35
219 31
220 34
221 36
222 32
223 28
224 29
225 36
226 36
227 39
228 30
229 32
230 33
231 32
232 36
233 29
234 28
235 31
236 41
237 28
238 36
239 30
240 35
241 32
242 28
243 27
244 35
245 31
246 26
247 33
248 34
249 39
250 41
251 29
252 32
253 25
254 36
255 32
256 32
257 34
258 34
259 33
260 42
261 30
262 38
263 30
264 30
265 38
266 40
267 36
268 41
269 46
270 46
271 33
272 30
273 21
274 38
275 28
276 26
277 34
278 40
279 35
280 38
281 37
282 39
283 29
284 29
285 39
286 44
287 40
288 33
289 34
290 37
291 34
292 41
293 31
294 35
295 30
296 35
297 31
298 45
299 42
300 29
301 33
302 33
303 30
304 33
305 37
306 29
307 31
308 29
309 34
310 22
311 37
312 24
313 37
314 32
315 42
316 41
317 34
318 52
319 27
320 27
321 28
322 45
323 40
324 35
325 38
326 39
327 34
328 35
329 29
330 35
331 38
332 29
333 32
334 39
335 37
336 25
337 26
338 33
339 36
340 33
341 34
342 36
343 31
344 43
345 31
346 29
347 36
348 35
349 48
350 28
351 43
352 41
353 38
354 36
355 29
356 37
357 33
358 33
359 33
360 38
361 39
362 43
363 47
364 38
365 31
366 37
367 38
368 32
369 41
370 36
371 30
372 30
373 42
374 33
375 35
376 38
377 30
378 44
379 29
380 32
381 37
382 28
383 45
384 29
385 30
386 34
387 41
388 36
389 43
390 48
391 26
392 36
393 47
394 40
395 60
396 43
397 29
398 27
399 38
400 38
401 39
402 31
403 48
404 38
405 32
406 49
407 46
408 45
409 33
410 24
411 34
412 33
413 47
414 45
415 36
416 38
417 30
418 29
419 32
420 47
421 37
422 43
423 36
424 38
425 43
426 53
427 21
428 49
429 50
430 22
431 43
432 38
433 31
434 40
435 33
436 28
437 42
438 35
439 32
440 41
441 41
442 44
443 38
444 41
445 39
446 35
447 26
448 26
449 55
450 40
451 32
452 26
453 39
454 37
455 43
456 34
457 28
458 50
459 48
460 42
461 38
462 40
463 36
464 44
465 32
466 22
467 37
468 36
469 44
470 28
471 37
472 40
473 45
474 25
475 41
476 38
477 39
478 37
479 45
480 49
481 27
482 32
483 34
484 33
485 42
486 39
487 33
488 29
489 36
490 33
491 47
492 43
493 38
494 38
495 38
496 45
497 36
498 39
499 26
500 35
501 31
502 51
503 38
504 33
505 45
506 28
507 40
508 40
509 53
510 28
511 43
512 43
513 45
514 37
515 37
516 37
517 39
518 39
519 30
520 54
521 42
522 36
523 41
524 36
525 53
526 35
527 43
528 52
529 41
530 42
531 40
532 53
533 40
534 37
535 42
536 59
537 52
538 44
539 36
540 55
541 52
542 56
543 68
544 35
545 59
546 58
547 54
548 59
549 55
550 54
551 55
552 69
553 86
554 74
555 93
556 80
557 64
558 73
559 77
560 87
561 83
562 99
563 98
564 100
565 82
566 79
567 55
568 59
569 33
570 44
571 37
572 34
573 46
574 46
575 46
576 35
577 33
578 26
579 36
580 42
581 24
582 43
583 42
584 42
585 57
586 57
587 37
588 41
589 31
590 41
591 39
592 39
593 23
594 40
595 41
596 33
597 43
598 58
599 32
600 32
601 28
602 48
603 29
604 51
605 32
606 32
607 51
608 36
609 33
610 49
611 43
612 31
613 43
614 39
615 39
616 36
617 38
618 36
619 37
620 34
621 42
622 42
623 47
624 35
625 44
626 36
627 37
628 36
629 35
630 34
631 31
632 41
633 36
634 37
635 31
636 31
637 36
638 35
639 55
640 49
641 36
642 37
643 35
644 31
645 28
646 29
647 35
648 42
649 42
650 48
651 42
652 41
653 43
654 30
655 38
656 56
657 28
658 33
659 39
660 49
661 47
662 47
663 37
664 47
665 44
666 40
667 42
668 34
669 48
670 58
671 19
672 43
673 34
674 29
675 36
676 37
677 36
678 47
679 29
680 26
681 46
682 34
683 31
684 34
685 41
686 35
687 29
688 34
689 39
690 30
691 43
692 44
693 38
694 41
695 37
696 40
697 33
698 34
699 22
700 42
701 37
702 35
703 33
704 22
705 40
706 32
707 34
708 34
709 40
710 45
711 34
712 45
713 33
714 31
715 41
716 40
717 28
718 35
719 37
720 45
721 41
722 37
723 47
724 35
725 40
726 50
727 39
728 32
729 36
730 43
731 28
732 33
733 36
734 38
735 29
736 38
737 29
738 35
739 33
740 33
741 30
742 39
743 44
744 38
745 44
746 49
747 35
748 39
749 32
750 40
751 31
752 41
753 32
754 34
755 33
756 35
757 29
758 44
759 40
760 36
761 42
762 30
763 29
764 31
765 31
766 41
767 45
768 49
769 42
770 34
771 45
772 33
773 42
774 32
775 34
776 31
777 41
778 34
779 39
780 43
781 31
782 32
783 28
784 35
785 38
786 47
787 30
788 42
789 40
790 44
791 42
792 45
793 23
794 28
795 35
796 30
797 32
798 30
799 45
800 34
801 41
802 36
803 36
804 39
805 47
806 33
807 30
808 37
809 33
810 46
811 37
812 50
813 37
814 49
815 46
816 31
817 29
818 41
819 53
820 29
821 30
822 46
823 39
824 33
825 40
826 36
827 32
828 26
829 32
830 47
831 44
832 41
833 44
834 46
835 37
836 37
837 28
838 41
839 38
840 27
841 33
842 46
843 48
844 37
845 37
846 39
847 37
848 32
849 45
850 21
851 31
852 33
853 35
854 31
855 32
856 39
857 35
858 45
859 40
860 33
861 24
862 36
863 31
864 48
865 30
866 33
867 43
868 37
869 40
870 38
871 34
872 24
873 36
874 32
875 40
876 38
877 38
878 49
879 35
880 29
881 32
882 34
883 33
884 25
885 35
886 24
887 42
888 45
889 29
890 38
891 39
892 32
893 35
894 41
895 37
896 39
897 34
898 21
899 38
900 34
901 33
902 37
903 42
904 25
905 33
906 22
907 38
908 38
909 27
910 38
911 31
912 32
913 37
914 37
915 38
916 27
917 35
918 35
919 39
920 37
921 39
922 31
923 33
924 37
925 45
926 32
927 33
928 34
929 35
930 31
931 33
932 38
933 38
934 25
935 26
936 26
937 26
938 39
939 35
940 26
941 28
942 21
943 42
944 25
945 34
946 42
947 35
948 37
949 32
950 39
951 31
952 44
953 24
954 29
955 24
956 39
957 38
958 34
959 33
960 36
961 36
962 36
963 31
964 39
965 34
966 39
967 41
968 37
969 44
970 37
971 40
972 28
973 36
974 26
975 40
976 25
977 28
978 29
979 37
980 27
981 36
982 36
983 23
984 30
985 33
986 33
987 32
988 30
989 35
990 27
991 41
992 31
993 32
994 34
995 33
996 33
997 26
998 32
999 27
1000 30
1001 34
1002 32
1003 33
1004 31
1005 28
1006 37
1007 33
1008 47
1009 36
1010 27
1011 31
1012 38
1013 29
1014 39
1015 34
1016 28
1017 21
1018 40
1019 34
1020 30
1021 35
1022 28
1023 48
1024 40
1025 33
1026 36
1027 39
1028 40
1029 40
1030 37
1031 38
1032 39
1033 31
1034 27
1035 43
1036 32
1037 46
1038 36
1039 34
1040 45
1041 40
1042 31
1043 29
1044 27
1045 40
1046 32
1047 44
1048 39
1049 45
1050 36
1051 43
1052 44
1053 30
1054 29
1055 51
1056 47
1057 53
1058 53
1059 75
1060 57
1061 61
1062 91
1063 88
1064 92
1065 89
1066 97
1067 133
1068 153
1069 150
1070 196
1071 271
1072 293
1073 317
1074 369
1075 404
1076 478
1077 481
1078 461
1079 403
1080 404
1081 486
1082 531
1083 480
1084 472
1085 431
1086 405
1087 264
1088 238
1089 259
1090 181
1091 125
1092 81
1093 57
1094 48
1095 29
1096 37
1097 38
1098 39
1099 49
1100 38
1101 34
1102 38
1103 36
1104 29
1105 43
1106 33
1107 41
1108 38
1109 29
1110 29
1111 42
1112 41
1113 41
1114 44
1115 54
1116 38
1117 36
1118 30
1119 29
1120 28
1121 40
1122 29
1123 41
1124 33
1125 34
1126 29
1127 31
1128 35
1129 26
1130 33
1131 25
1132 33
1133 36
1134 16
1135 37
1136 34
1137 42
1138 36
1139 31
1140 31
1141 35
1142 28
1143 29
1144 28
1145 41
1146 25
1147 37
1148 37
1149 24
1150 23
1151 27
1152 23
1153 37
1154 33
1155 34
1156 38
1157 29
1158 35
1159 29
1160 23
1161 36
1162 35
1163 27
1164 37
1165 28
1166 29
1167 25
1168 22
1169 33
1170 28
1171 18
1172 32
1173 39
1174 29
1175 41
1176 24
1177 36
1178 25
1179 30
1180 25
1181 34
1182 36
1183 43
1184 29
1185 35
1186 40
1187 36
1188 28
1189 33
1190 19
1191 41
1192 33
1193 33
1194 28
1195 29
1196 15
1197 28
1198 39
1199 40
1200 37
1201 29
1202 42
1203 49
1204 37
1205 36
1206 39
1207 38
1208 39
1209 48
1210 41
1211 45
1212 54
1213 57
1214 70
1215 61
1216 88
1217 122
1218 115
1219 88
1220 85
1221 66
1222 69
1223 34
1224 43
1225 27
1226 27
1227 37
1228 29
1229 34
1230 24
1231 33
1232 35
1233 35
1234 30
1235 28
1236 33
1237 31
1238 31
1239 43
1240 38
1241 32
1242 28
1243 22
1244 38
1245 23
1246 26
1247 32
1248 34
1249 17
1250 34
1251 30
1252 30
1253 32
1254 25
1255 23
1256 33
1257 38
1258 25
1259 31
1260 40
1261 25
1262 27
1263 23
1264 24
1265 17
1266 31
1267 31
1268 34
1269 38
1270 20
1271 23
1272 17
1273 23
1274 28
1275 26
1276 21
1277 13
1278 12
1279 23
1280 43
1281 64
1282 46
1283 41
1284 36
1285 60
1286 48
1287 34
1288 53
1289 33
1290 39
1291 45
1292 27
1293 41
1294 38
1295 33
1296 39
1297 25
1298 34
1299 29
1300 26
1301 23
1302 25
1303 18
1304 24
1305 27
1306 22
1307 30
1308 27
1309 27
1310 22
1311 25
1312 23
1313 23
1314 24
1315 28
1316 19
1317 17
1318 26
1319 24
1320 20
1321 24
1322 27
1323 28
1324 21
1325 20
1326 20
1327 20
1328 17
1329 19
1330 21
1331 16
1332 27
1333 26
1334 28
1335 15
1336 21
1337 29
1338 27
1339 17
1340 29
1341 27
1342 29
1343 23
1344 21
1345 19
1346 15
1347 24
1348 33
1349 37
1350 31
1351 36
1352 23
1353 40
1354 47
1355 40
1356 33
1357 44
1358 46
1359 58
1360 56
1361 76
1362 75
1363 93
1364 143
1365 121
1366 150
1367 216
1368 310
1369 443
1370 487
1371 463
1372 404
1373 250
1374 259
1375 274
1376 224
1377 140
1378 172
1379 148
1380 135
1381 80
1382 75
1383 93
1384 57
1385 47
1386 41
1387 38
1388 37
1389 33
1390 28
1391 32
1392 18
1393 15
1394 25
1395 19
1396 24
1397 21
1398 25
1399 20
1400 25
1401 26
1402 33
1403 24
1404 24
1405 27
1406 30
1407 25
1408 18
1409 19
1410 28
1411 21
1412 28
1413 19
1414 24
1415 27
1416 31
1417 19
1418 14
1419 23
1420 18
1421 31
1422 20
1423 27
1424 37
1425 30
1426 22
1427 26
1428 17
1429 20
1430 29
1431 21
1432 32
1433 25
1434 26
1435 28
1436 22
1437 24
1438 10
1439 17
1440 12
1441 17
1442 18
1443 36
1444 20
1445 19
1446 24
1447 29
1448 25
1449 16
1450 27
1451 28
1452 21
1453 27
1454 27
1455 28
1456 13
1457 25
1458 11
1459 25
1460 24
1461 35
1462 17
1463 12
1464 22
1465 21
1466 25
1467 20
1468 21
1469 15
1470 18
1471 21
1472 15
1473 14
1474 27
1475 24
1476 14
1477 24
1478 14
1479 26
1480 17
1481 26
1482 22
1483 14
1484 25
1485 19
1486 20
1487 17
1488 19
1489 23
1490 21
1491 17
1492 19
1493 15
1494 22
1495 31
1496 13
1497 17
1498 18
1499 23
1500 21
1501 19
1502 17
1503 21
1504 24
1505 24
1506 27
1507 23
1508 25
1509 26
1510 19
1511 25
1512 23
1513 20
1514 23
1515 22
1516 14
1517 29
1518 15
1519 24
1520 19
1521 23
1522 21
1523 20
1524 24
1525 25
1526 15
1527 21
1528 27
1529 27
1530 13
1531 25
1532 18
1533 17
1534 19
1535 23
1536 18
1537 21
1538 31
1539 20
1540 18
1541 30
1542 22
1543 22
1544 10
1545 18
1546 21
1547 13
1548 24
1549 25
1550 20
1551 19
1552 19
1553 23
1554 24
1555 19
1556 19
1557 19
1558 19
1559 18
1560 21
1561 17
1562 25
1563 24
1564 24
1565 21
1566 19
1567 21
1568 20
1569 25
1570 20
1571 27
1572 24
1573 23
1574 23
1575 19
1576 22
1577 19
1578 17
1579 19
1580 20
1581 19
1582 20
1583 16
1584 10
1585 24
1586 17
1587 13
1588 18
1589 17
1590 21
1591 16
1592 17
1593 24
1594 16
1595 22
1596 25
1597 19
1598 18
1599 23
1600 18
1601 21
1602 20
1603 19
1604 23
1605 24
1606 17
1607 24
1608 19
1609 11
1610 27
1611 18
1612 24
1613 19
1614 15
1615 12
1616 19
1617 17
1618 22
1619 15
1620 19
1621 26
1622 26
1623 24
1624 26
1625 18
1626 9
1627 12
1628 19
1629 16
1630 25
1631 14
1632 26
1633 18
1634 18
1635 22
1636 17
1637 23
1638 12
1639 18
1640 15
1641 15
1642 23
1643 18
1644 17
1645 23
1646 16
1647 15
1648 17
1649 31
1650 14
1651 13
1652 17
1653 20
1654 13
1655 19
1656 25
1657 23
1658 24
1659 16
1660 22
1661 15
1662 18
1663 11
1664 19
1665 26
1666 22
1667 15
1668 25
1669 19
1670 18
1671 14
1672 23
1673 22
1674 13
1675 24
1676 13
1677 16
1678 17
1679 16
1680 23
1681 19
1682 21
1683 13
1684 25
1685 23
1686 19
1687 18
1688 27
1689 16
1690 19
1691 17
1692 17
1693 17
1694 22
1695 24
1696 26
1697 14
1698 10
1699 22
1700 18
1701 17
1702 20
1703 15
1704 11
1705 18
1706 20
1707 18
1708 12
1709 16
1710 21
1711 13
1712 11
1713 26
1714 17
1715 18
1716 12
1717 15
1718 23
1719 22
1720 17
1721 16
1722 17
1723 19
1724 19
1725 17
1726 17
1727 19
1728 21
1729 30
1730 17
1731 24
1732 19
1733 24
1734 13
1735 12
1736 16
1737 15
1738 20
1739 18
1740 15
1741 9
1742 21
1743 11
1744 18
1745 20
1746 29
1747 26
1748 20
1749 16
1750 24
1751 20
1752 13
1753 18
1754 21
1755 20
1756 16
1757 19
1758 25
1759 16
1760 21
1761 15
1762 22
1763 18
1764 18
1765 19
1766 12
1767 19
1768 17
1769 12
1770 16
1771 18
1772 23
1773 22
1774 19
1775 26
1776 29
1777 22
1778 20
1779 23
1780 30
1781 19
1782 26
1783 17
1784 23
1785 13
1786 21
1787 13
1788 14
1789 24
1790 14
1791 26
1792 14
1793 20
1794 24
1795 19
1796 12
1797 22
1798 15
1799 17
1800 16
1801 20
1802 19
1803 19
1804 19
1805 22
1806 17
1807 20
1808 13
1809 23
1810 15
1811 18
1812 15
1813 23
1814 20
1815 31
1816 27
1817 25
1818 30
1819 23
1820 28
1821 44
1822 37
1823 29
1824 32
1825 30
1826 37
1827 38
1828 58
1829 74
1830 72
1831 70
1832 66
1833 85
1834 140
1835 172
1836 214
1837 163
1838 87
1839 88
1840 91
1841 115
1842 91
1843 77
1844 83
1845 89
1846 76
1847 68
1848 50
1849 23
1850 39
1851 29
1852 19
1853 21
1854 39
1855 32
1856 34
1857 23
1858 23
1859 25
1860 15
1861 28
1862 19
1863 13
1864 20
1865 24
1866 23
1867 17
1868 11
1869 14
1870 13
1871 19
1872 11
1873 23
1874 19
1875 17
1876 20
1877 22
1878 22
1879 19
1880 16
1881 22
1882 23
1883 23
1884 11
1885 17
1886 20
1887 11
1888 16
1889 16
1890 15
1891 19
1892 17
1893 21
1894 19
1895 12
1896 18
1897 19
1898 15
1899 13
1900 18
1901 11
1902 15
1903 21
1904 19
1905 13
1906 16
1907 17
1908 10
1909 20
1910 15
1911 21
1912 14
1913 15
1914 12
1915 14
1916 16
1917 18
1918 21
1919 14
1920 22
1921 25
1922 15
1923 25
1924 16
1925 18
1926 22
1927 22
1928 15
1929 20
1930 19
1931 18
1932 25
1933 21
1934 23
1935 16
1936 16
1937 13
1938 30
1939 25
1940 21
1941 19
1942 21
1943 21
1944 20
1945 19
1946 16
1947 20
1948 7
1949 20
1950 18
1951 11
1952 11
1953 16
1954 14
1955 27
1956 19
1957 17
1958 19
1959 13
1960 20
1961 16
1962 23
1963 10
1964 17
1965 15
1966 12
1967 16
1968 16
1969 14
1970 18
1971 14
1972 18
1973 21
1974 16
1975 23
1976 18
1977 17
1978 22
1979 22
1980 21
1981 13
1982 24
1983 17
1984 21
1985 17
1986 12
1987 17
1988 16
1989 21
1990 13
1991 16
1992 23
1993 13
1994 23
1995 12
1996 19
1997 14
1998 11
1999 23
2000 20
2001 12
2002 19
2003 18
2004 21
2005 19
2006 22
2007 20
2008 17
2009 16
2010 20
2011 15
2012 17
2013 17
2014 15
2015 9
2016 22
2017 19
2018 20
2019 22
2020 15
2021 12
2022 15
2023 15
2024 21
2025 20
2026 18
2027 19
2028 18
2029 19
2030 15
2031 15
2032 13
2033 16
2034 11
2035 11
2036 20
2037 16
2038 10
2039 23
2040 24
2041 26
2042 13
2043 14
2044 12
2045 18
2046 18
2047 26
2048 23
2049 14
2050 22
2051 13
2052 18
2053 15
2054 14
2055 15
2056 20
2057 21
2058 12
2059 18
2060 19
2061 24
2062 28
2063 16
2064 28
2065 13
2066 11
2067 32
2068 21
2069 24
2070 28
2071 34
2072 34
2073 45
2074 58
2075 66
2076 50
2077 57
2078 90
2079 79
2080 115
2081 113
2082 122
2083 160
2084 204
2085 250
2086 291
2087 228
2088 244
2089 232
2090 270
2091 306
2092 326
2093 352
2094 364
2095 324
2096 345
2097 304
2098 305
2099 262
2100 271
2101 229
2102 284
2103 255
2104 240
2105 212
2106 217
2107 209
2108 220
2109 172
2110 120
2111 71
2112 89
2113 78
2114 54
2115 34
2116 23
2117 24
2118 23
2119 22
2120 28
2121 28
2122 19
2123 20
2124 17
2125 23
2126 23
2127 14
2128 12
2129 16
2130 18
2131 22
2132 18
2133 26
2134 16
2135 14
2136 18
2137 15
2138 15
2139 11
2140 12
2141 13
2142 20
2143 18
2144 15
2145 13
2146 10
2147 23
2148 19
2149 19
2150 12
2151 11
2152 11
2153 13
2154 12
2155 17
2156 21
2157 18
2158 13
2159 9
2160 7
2161 21
2162 15
2163 21
2164 17
2165 15
2166 15
2167 12
2168 18
2169 20
2170 14
2171 13
2172 17
2173 26
2174 15
2175 12
2176 18
2177 13
2178 18
2179 21
2180 9
2181 15
2182 15
2183 8
2184 8
2185 14
2186 13
2187 9
2188 15
2189 11
2190 17
2191 13
2192 20
2193 19
2194 18
2195 21
2196 19
2197 20
2198 20
2199 14
2200 21
2201 13
2202 17
2203 14
2204 18
2205 14
2206 21
2207 16
2208 15
2209 18
2210 21
2211 16
2212 18
2213 18
2214 18
2215 17
2216 10
2217 18
2218 18
2219 16
2220 15
2221 13
2222 15
2223 17
2224 12
2225 19
2226 15
2227 20
2228 15
2229 12
2230 23
2231 15
2232 21
2233 7
2234 14
2235 16
2236 15
2237 11
2238 15
2239 15
2240 11
2241 15
2242 15
2243 15
2244 16
2245 15
2246 7
2247 25
2248 23
2249 16
2250 19
2251 14
2252 17
2253 15
2254 12
2255 11
2256 13
2257 14
2258 14
2259 15
2260 20
2261 18
2262 14
2263 14
2264 18
2265 14
2266 23
2267 18
2268 20
2269 15
2270 18
2271 14
2272 14
2273 21
2274 16
2275 15
2276 15
2277 17
2278 20
2279 17
2280 24
2281 21
2282 28
2283 32
2284 38
2285 32
2286 53
2287 38
2288 36
2289 54
2290 61
2291 69
2292 74
2293 56
2294 60
2295 81
2296 63
2297 54
2298 76
2299 77
2300 85
2301 89
2302 91
2303 70
2304 69
2305 56
2306 55
2307 44
2308 46
2309 28
2310 39
2311 48
2312 43
2313 48
2314 42
2315 34
2316 30
2317 39
2318 24
2319 21
2320 19
2321 20
2322 19
2323 21
2324 16
2325 13
2326 11
2327 22
2328 16
2329 14
2330 10
2331 16
2332 12
2333 10
2334 8
2335 19
2336 10
2337 11
2338 17
2339 14
2340 13
2341 18
2342 14
2343 16
2344 10
2345 14
2346 20
2347 20
2348 13
2349 12
2350 13
2351 15
2352 8
2353 11
2354 15
2355 11
2356 11
2357 11
2358 11
2359 15
2360 11
2361 15
2362 7
2363 9
2364 21
2365 17
2366 8
2367 14
2368 23
2369 15
2370 10
2371 13
2372 16
2373 16
2374 15
2375 10
2376 12
2377 17
2378 12
2379 15
2380 14
2381 13
2382 15
2383 10
2384 23
2385 12
2386 15
2387 14
2388 12
2389 16
2390 9
2391 7
2392 21
2393 14
2394 12
2395 15
2396 16
2397 14
2398 14
2399 13
2400 15
2401 9
2402 17
2403 20
2404 13
2405 13
2406 18
2407 16
2408 19
2409 7
2410 12
2411 8
2412 9
2413 13
2414 11
2415 8
2416 10
2417 10
2418 14
2419 13
2420 10
2421 13
2422 12
2423 9
2424 16
2425 8
2426 16
2427 12
2428 16
2429 17
2430 11
2431 15
2432 19
2433 17
2434 9
2435 13
2436 12
2437 5
2438 8
2439 7
2440 17
2441 13
2442 14
2443 22
2444 7
2445 14
2446 13
2447 11
2448 10
2449 17
2450 11
2451 10
2452 5
2453 13
2454 10
2455 12
2456 10
2457 9
2458 11
2459 11
2460 16
2461 17
2462 10
2463 9
2464 16
2465 10
2466 10
2467 8
2468 10
2469 13
2470 8
2471 13
2472 12
2473 8
2474 13
2475 10
2476 6
2477 13
2478 11
2479 11
2480 10
2481 16
2482 6
2483 10
2484 11
2485 12
2486 9
2487 11
2488 15
2489 18
2490 12
2491 10
2492 13
2493 15
2494 12
2495 11
2496 8
2497 9
2498 11
2499 7
2500 4
2501 12
2502 13
2503 11
2504 14
2505 13
2506 9
2507 13
2508 10
2509 12
2510 13
2511 15
2512 12
2513 10
2514 13
2515 11
2516 20
2517 18
2518 17
2519 10
2520 12
2521 12
2522 11
2523 13
2524 8
2525 19
2526 11
2527 8
2528 9
2529 9
2530 14
2531 13
2532 9
2533 12
2534 11
2535 10
2536 13
2537 7
2538 9
2539 15
2540 10
2541 13
2542 12
2543 8
2544 10
2545 13
2546 9
2547 13
2548 9
2549 9
2550 8
2551 14
2552 9
2553 12
2554 13
2555 7
2556 13
2557 15
2558 5
2559 14
