0 33
1 22
2 26
3 25
4 34
5 23
6 33
7 23
8 26
9 37
10 28
11 24
12 38
13 26
14 26
15 22
16 27
17 31
18 33
19 32
20 32
21 24
22 23
23 31
24 29
25 37
26 26
27 32
28 34
29 34
30 30
31 48
32 24
33 32
34 34
35 37
36 39
37 27
38 40
39 16
40 31
41 26
42 24
43 30
44 31
45 38
46 27
47 32
48 37
49 25
50 27
51 28
52 22
53 36
54 34
55 29
56 21
57 26
58 23
59 26
60 21
61 37
62 27
63 34
64 28
65 32
66 43
67 30
68 23
69 22
70 35
71 40
72 40
73 28
74 22
75 19
76 31
77 30
78 34
79 26
80 26
81 35
82 24
83 34
84 29
85 29
86 30
87 26
88 23
89 27
90 32
91 27
92 19
93 30
94 40
95 22
96 32
97 44
98 38
99 37
100 26
101 22
102 23
103 22
104 32
105 36
106 37
107 33
108 35
109 28
110 32
111 35
112 24
113 28
114 33
115 30
116 31
117 30
118 25
119 46
120 31
121 21
122 30
123 31
124 34
125 21
126 40
127 33
128 37
129 30
130 35
131 38
132 33
133 38
134 32
135 29
136 26
137 30
138 34
139 38
140 24
141 31
142 26
143 29
144 22
145 35
146 35
147 34
148 30
149 34
150 32
151 40
152 39
153 27
154 29
155 32
156 38
157 25
158 34
159 17
160 38
161 22
162 33
163 29
164 42
165 28
166 38
167 31
168 33
169 25
170 31
171 24
172 19
173 30
174 43
175 36
176 32
177 26
178 25
179 40
180 37
181 31
182 39
183 31
184 28
185 32
186 18
187 32
188 30
189 40
190 27
191 33
192 34
193 26
194 35
195 35
196 30
197 28
198 30
199 38
200 34
201 40
202 41
203 30
204 24
205 47
206 32
207 28
208 42
209 29
210 25
211 39
212 39
213 41
214 36
215 31
216 37
217 35
218 28
219 37
220 34
221 34
222 21
223 24
224 19
225 44
226 22
227 30
228 33
229 23
230 34
231 31
232 32
233 35
234 34
235 38
236 37
237 32
238 34
239 32
240 31
241 37
242 38
243 29
244 38
245 39
246 28
247 32
248 44
249 30
250 41
251 30
252 30
253 37
254 35
255 27
256 40
257 39
258 33
259 26
260 36
261 42
262 37
263 23
264 41
265 41
266 32
267 30
268 37
269 32
270 33
271 41
272 39
273 34
274 37
275 31
276 29
277 30
278 30
279 33
280 44
281 33
282 35
283 34
284 25
285 34
286 36
287 39
288 38
289 32
290 41
291 39
292 27
293 33
294 45
295 39
296 32
297 40
298 37
299 34
300 35
301 33
302 34
303 30
304 43
305 36
306 39
307 34
308 31
309 28
310 44
311 40
312 32
313 36
314 43
315 30
316 36
317 29
318 32
319 27
320 34
321 42
322 46
323 30
324 32
325 31
326 33
327 27
328 33
329 31
330 40
331 34
332 43
333 34
334 36
335 48
336 39
337 30
338 38
339 30
340 36
341 36
342 43
343 40
344 41
345 31
346 23
347 44
348 37
349 31
350 35
351 34
352 32
353 25
354 40
355 32
356 30
357 32
358 29
359 27
360 28
361 36
362 34
363 44
364 33
365 40
366 36
367 35
368 41
369 26
370 29
371 37
372 29
373 43
374 25
375 26
376 44
377 30
378 42
379 24
380 32
381 36
382 32
383 22
384 44
385 30
386 32
387 39
388 47
389 31
390 34
391 33
392 36
393 40
394 41
395 37
396 42
397 31
398 43
399 39
400 29
401 46
402 46
403 39
404 30
405 35
406 28
407 30
408 29
409 35
410 52
411 47
412 55
413 37
414 28
415 45
416 38
417 43
418 37
419 41
420 27
421 42
422 25
423 31
424 40
425 36
426 27
427 36
428 33
429 48
430 50
431 29
432 32
433 39
434 31
435 36
436 27
437 34
438 31
439 42
440 45
441 47
442 46
443 35
444 35
445 26
446 32
447 31
448 35
449 28
450 31
451 23
452 33
453 31
454 33
455 30
456 28
457 44
458 40
459 35
460 26
461 26
462 39
463 43
464 36
465 32
466 48
467 26
468 58
469 37
470 28
471 34
472 44
473 34
474 21
475 39
476 38
477 50
478 41
479 38
480 36
481 35
482 40
483 32
484 29
485 44
486 38
487 30
488 28
489 31
490 55
491 37
492 32
493 24
494 26
495 39
496 46
497 43
498 32
499 31
500 38
501 37
502 38
503 32
504 30
505 30
506 33
507 34
508 34
509 46
510 35
511 34
512 35
513 26
514 38
515 40
516 35
517 49
518 41
519 25
520 47
521 34
522 34
523 37
524 40
525 38
526 40
527 46
528 44
529 41
530 36
531 38
532 50
533 33
534 37
535 46
536 41
537 43
538 37
539 33
540 36
541 38
542 32
543 55
544 51
545 42
546 39
547 46
548 48
549 45
550 41
551 52
552 43
553 53
554 51
555 41
556 55
557 52
558 51
559 73
560 75
561 97
562 98
563 84
564 89
565 112
566 88
567 95
568 88
569 91
570 93
571 91
572 87
573 79
574 102
575 103
576 116
577 95
578 75
579 59
580 56
581 51
582 44
583 38
584 44
585 29
586 38
587 35
588 35
589 33
590 45
591 43
592 41
593 40
594 29
595 32
596 43
597 26
598 43
599 42
600 36
601 40
602 35
603 34
604 44
605 35
606 25
607 40
608 35
609 33
610 44
611 47
612 33
613 36
614 20
615 27
616 41
617 42
618 32
619 47
620 48
621 36
622 52
623 52
624 41
625 38
626 39
627 26
628 36
629 25
630 48
631 39
632 42
633 43
634 35
635 24
636 41
637 28
638 32
639 35
640 33
641 36
642 34
643 33
644 39
645 37
646 34
647 46
648 45
649 39
650 38
651 41
652 40
653 49
654 43
655 36
656 38
657 33
658 50
659 41
660 39
661 24
662 30
663 41
664 44
665 41
666 35
667 27
668 39
669 45
670 45
671 53
672 32
673 37
674 35
675 38
676 32
677 40
678 41
679 47
680 48
681 36
682 40
683 44
684 34
685 42
686 39
687 37
688 44
689 35
690 40
691 49
692 31
693 39
694 44
695 44
696 25
697 42
698 36
699 45
700 33
701 42
702 36
703 42
704 35
705 46
706 34
707 45
708 36
709 40
710 40
711 32
712 37
713 34
714 44
715 34
716 39
717 45
718 48
719 30
720 38
721 41
722 35
723 34
724 45
725 37
726 39
727 29
728 38
729 36
730 34
731 40
732 41
733 40
734 36
735 42
736 46
737 33
738 33
739 39
740 46
741 40
742 38
743 41
744 37
745 40
746 31
747 43
748 40
749 38
750 43
751 51
752 37
753 39
754 41
755 25
756 38
757 33
758 40
759 43
760 39
761 43
762 33
763 42
764 38
765 43
766 34
767 28
768 34
769 45
770 37
771 40
772 42
773 38
774 45
775 39
776 29
777 23
778 35
779 40
780 37
781 41
782 41
783 46
784 36
785 47
786 45
787 31
788 35
789 31
790 24
791 26
792 36
793 30
794 37
795 32
796 27
797 35
798 30
799 34
800 36
801 38
802 34
803 27
804 36
805 32
806 36
807 35
808 32
809 34
810 40
811 40
812 17
813 35
814 35
815 33
816 46
817 41
818 31
819 38
820 28
821 39
822 44
823 45
824 39
825 32
826 30
827 38
828 29
829 38
830 35
831 38
832 24
833 43
834 40
835 38
836 31
837 30
838 44
839 26
840 39
841 31
842 38
843 45
844 32
845 37
846 39
847 42
848 30
849 26
850 34
851 47
852 34
853 24
854 32
855 31
856 39
857 30
858 32
859 33
860 40
861 33
862 26
863 39
864 38
865 32
866 30
867 23
868 35
869 28
870 44
871 36
872 39
873 34
874 28
875 36
876 48
877 32
878 29
879 34
880 32
881 30
882 36
883 30
884 33
885 32
886 30
887 42
888 36
889 38
890 42
891 42
892 39
893 27
894 45
895 35
896 20
897 24
898 33
899 39
900 54
901 21
902 42
903 32
904 33
905 41
906 36
907 45
908 28
909 32
910 37
911 31
912 24
913 36
914 32
915 45
916 46
917 32
918 41
919 37
920 38
921 21
922 44
923 43
924 41
925 45
926 23
927 31
928 37
929 42
930 29
931 33
932 32
933 30
934 33
935 45
936 32
937 31
938 30
939 27
940 41
941 24
942 36
943 34
944 33
945 38
946 39
947 32
948 28
949 29
950 19
951 27
952 26
953 31
954 32
955 33
956 44
957 32
958 35
959 24
960 28
961 32
962 26
963 33
964 42
965 39
966 38
967 27
968 32
969 19
970 33
971 37
972 24
973 25
974 31
975 33
976 32
977 22
978 32
979 33
980 31
981 26
982 34
983 34
984 34
985 24
986 39
987 26
988 30
989 36
990 39
991 32
992 34
993 26
994 24
995 25
996 47
997 45
998 31
999 31
1000 27
1001 21
1002 24
1003 36
1004 35
1005 29
1006 32
1007 37
1008 31
1009 27
1010 28
1011 24
1012 37
1013 26
1014 44
1015 30
1016 34
1017 29
1018 42
1019 37
1020 29
1021 29
1022 32
1023 33
1024 35
1025 24
1026 27
1027 32
1028 30
1029 28
1030 50
1031 33
1032 39
1033 37
1034 34
1035 45
1036 29
1037 41
1038 28
1039 21
1040 31
1041 33
1042 26
1043 29
1044 28
1045 40
1046 27
1047 38
1048 45
1049 38
1050 37
1051 31
1052 37
1053 25
1054 32
1055 35
1056 32
1057 37
1058 32
1059 24
1060 39
1061 36
1062 38
1063 43
1064 41
1065 30
1066 30
1067 40
1068 24
1069 32
1070 36
1071 33
1072 30
1073 52
1074 35
1075 39
1076 61
1077 63
1078 49
1079 80
1080 73
1081 82
1082 87
1083 102
1084 153
1085 149
1086 167
1087 218
1088 226
1089 230
1090 262
1091 240
1092 293
1093 369
1094 357
1095 416
1096 475
1097 415
1098 455
1099 447
1100 400
1101 383
1102 384
1103 318
1104 225
1105 179
1106 180
1107 105
1108 75
1109 52
1110 53
1111 34
1112 41
1113 38
1114 28
1115 33
1116 42
1117 37
1118 27
1119 36
1120 42
1121 23
1122 35
1123 41
1124 28
1125 35
1126 25
1127 25
1128 36
1129 32
1130 21
1131 33
1132 34
1133 38
1134 24
1135 38
1136 21
1137 26
1138 28
1139 36
1140 29
1141 27
1142 33
1143 36
1144 23
1145 39
1146 30
1147 33
1148 27
1149 38
1150 36
1151 41
1152 25
1153 27
1154 34
1155 33
1156 23
1157 34
1158 44
1159 35
1160 38
1161 26
1162 31
1163 29
1164 26
1165 33
1166 38
1167 40
1168 42
1169 38
1170 22
1171 25
1172 37
1173 30
1174 30
1175 24
1176 29
1177 29
1178 32
1179 29
1180 38
1181 30
1182 30
1183 35
1184 32
1185 29
1186 37
1187 28
1188 36
1189 34
1190 30
1191 37
1192 26
1193 38
1194 40
1195 43
1196 36
1197 31
1198 29
1199 26
1200 28
1201 36
1202 35
1203 29
1204 27
1205 17
1206 29
1207 22
1208 36
1209 31
1210 31
1211 28
1212 23
1213 18
1214 23
1215 27
1216 37
1217 27
1218 30
1219 44
1220 36
1221 42
1222 58
1223 38
1224 40
1225 39
1226 35
1227 50
1228 48
1229 52
1230 52
1231 58
1232 70
1233 90
1234 112
1235 66
1236 66
1237 74
1238 74
1239 93
1240 71
1241 58
1242 54
1243 29
1244 35
1245 41
1246 22
1247 36
1248 29
1249 25
1250 39
1251 36
1252 22
1253 28
1254 27
1255 34
1256 35
1257 28
1258 28
1259 32
1260 39
1261 24
1262 28
1263 28
1264 31
1265 22
1266 19
1267 25
1268 30
1269 21
1270 27
1271 24
1272 17
1273 26
1274 23
1275 25
1276 21
1277 16
1278 15
1279 17
1280 27
1281 35
1282 18
1283 24
1284 23
1285 22
1286 34
1287 23
1288 22
1289 28
1290 21
1291 26
1292 19
1293 24
1294 36
1295 25
1296 32
1297 26
1298 40
1299 38
1300 36
1301 27
1302 40
1303 34
1304 42
1305 39
1306 40
1307 53
1308 53
1309 58
1310 43
1311 42
1312 32
1313 36
1314 26
1315 24
1316 23
1317 27
1318 33
1319 33
1320 25
1321 35
1322 17
1323 16
1324 17
1325 20
1326 21
1327 34
1328 27
1329 26
1330 23
1331 24
1332 18
1333 32
1334 30
1335 23
1336 23
1337 21
1338 15
1339 15
1340 27
1341 27
1342 24
1343 19
1344 15
1345 17
1346 35
1347 23
1348 23
1349 21
1350 19
1351 29
1352 24
1353 19
1354 27
1355 21
1356 19
1357 22
1358 32
1359 27
1360 27
1361 22
1362 28
1363 23
1364 17
1365 28
1366 21
1367 25
1368 25
1369 32
1370 28
1371 21
1372 23
1373 32
1374 47
1375 54
1376 62
1377 66
1378 67
1379 49
1380 57
1381 88
1382 104
1383 128
1384 147
1385 145
1386 214
1387 299
1388 283
1389 220
1390 314
1391 285
1392 250
1393 220
1394 207
1395 225
1396 184
1397 179
1398 183
1399 113
1400 89
1401 88
1402 81
1403 80
1404 56
1405 33
1406 35
1407 27
1408 23
1409 23
1410 27
1411 26
1412 18
1413 22
1414 28
1415 21
1416 24
1417 23
1418 20
1419 23
1420 21
1421 19
1422 18
1423 21
1424 22
1425 17
1426 23
1427 21
1428 17
1429 32
1430 21
1431 16
1432 29
1433 28
1434 30
1435 19
1436 15
1437 28
1438 21
1439 29
1440 23
1441 25
1442 27
1443 15
1444 20
1445 20
1446 25
1447 23
1448 28
1449 19
1450 22
1451 22
1452 13
1453 15
1454 18
1455 30
1456 23
1457 18
1458 18
1459 18
1460 21
1461 26
1462 18
1463 18
1464 20
1465 20
1466 26
1467 18
1468 13
1469 16
1470 22
1471 24
1472 19
1473 28
1474 25
1475 17
1476 21
1477 12
1478 19
1479 22
1480 19
1481 33
1482 23
1483 16
1484 23
1485 24
1486 18
1487 29
1488 19
1489 23
1490 25
1491 17
1492 31
1493 34
1494 23
1495 23
1496 19
1497 16
1498 15
1499 25
1500 18
1501 21
1502 17
1503 20
1504 17
1505 16
1506 20
1507 20
1508 23
1509 20
1510 24
1511 22
1512 21
1513 22
1514 13
1515 21
1516 23
1517 17
1518 24
1519 27
1520 26
1521 21
1522 19
1523 22
1524 23
1525 22
1526 16
1527 24
1528 20
1529 17
1530 27
1531 30
1532 15
1533 22
1534 18
1535 24
1536 22
1537 19
1538 19
1539 26
1540 22
1541 23
1542 23
1543 22
1544 21
1545 25
1546 20
1547 24
1548 21
1549 15
1550 17
1551 27
1552 24
1553 18
1554 17
1555 22
1556 20
1557 20
1558 11
1559 32
1560 19
1561 20
1562 31
1563 20
1564 22
1565 24
1566 20
1567 19
1568 16
1569 20
1570 25
1571 27
1572 30
1573 13
1574 19
1575 18
1576 15
1577 21
1578 32
1579 19
1580 20
1581 27
1582 18
1583 20
1584 22
1585 19
1586 23
1587 24
1588 22
1589 27
1590 23
1591 24
1592 21
1593 23
1594 18
1595 23
1596 23
1597 21
1598 13
1599 16
1600 17
1601 19
1602 18
1603 16
1604 20
1605 22
1606 22
1607 24
1608 23
1609 24
1610 18
1611 19
1612 25
1613 19
1614 22
1615 18
1616 18
1617 22
1618 18
1619 27
1620 15
1621 24
1622 20
1623 25
1624 29
1625 20
1626 23
1627 19
1628 25
1629 10
1630 19
1631 23
1632 26
1633 20
1634 20
1635 13
1636 21
1637 19
1638 15
1639 21
1640 23
1641 20
1642 22
1643 19
1644 19
1645 22
1646 22
1647 24
1648 15
1649 26
1650 17
1651 8
1652 20
1653 17
1654 16
1655 16
1656 7
1657 16
1658 15
1659 21
1660 27
1661 11
1662 25
1663 15
1664 20
1665 15
1666 20
1667 17
1668 24
1669 15
1670 20
1671 17
1672 19
1673 17
1674 21
1675 18
1676 21
1677 21
1678 17
1679 12
1680 18
1681 18
1682 14
1683 17
1684 24
1685 18
1686 16
1687 23
1688 12
1689 10
1690 19
1691 17
1692 15
1693 23
1694 20
1695 25
1696 17
1697 13
1698 10
1699 19
1700 13
1701 23
1702 20
1703 20
1704 19
1705 15
1706 21
1707 19
1708 18
1709 14
1710 19
1711 19
1712 24
1713 28
1714 23
1715 16
1716 17
1717 18
1718 14
1719 15
1720 19
1721 16
1722 20
1723 24
1724 16
1725 25
1726 21
1727 20
1728 21
1729 14
1730 18
1731 14
1732 17
1733 13
1734 16
1735 17
1736 17
1737 13
1738 28
1739 13
1740 19
1741 15
1742 15
1743 17
1744 9
1745 26
1746 21
1747 19
1748 23
1749 19
1750 12
1751 14
1752 20
1753 17
1754 22
1755 12
1756 22
1757 9
1758 21
1759 17
1760 27
1761 21
1762 18
1763 20
1764 15
1765 14
1766 18
1767 15
1768 10
1769 20
1770 23
1771 19
1772 16
1773 15
1774 19
1775 17
1776 27
1777 20
1778 14
1779 15
1780 17
1781 23
1782 18
1783 14
1784 21
1785 15
1786 20
1787 14
1788 11
1789 19
1790 18
1791 24
1792 22
1793 20
1794 22
1795 23
1796 12
1797 22
1798 30
1799 16
1800 9
1801 16
1802 20
1803 20
1804 15
1805 26
1806 25
1807 22
1808 25
1809 26
1810 18
1811 20
1812 23
1813 23
1814 29
1815 17
1816 25
1817 30
1818 23
1819 16
1820 20
1821 21
1822 18
1823 13
1824 21
1825 27
1826 13
1827 18
1828 21
1829 18
1830 24
1831 19
1832 14
1833 19
1834 20
1835 21
1836 26
1837 21
1838 33
1839 13
1840 22
1841 18
1842 20
1843 17
1844 17
1845 30
1846 24
1847 30
1848 37
1849 34
1850 47
1851 37
1852 44
1853 52
1854 72
1855 51
1856 52
1857 65
1858 72
1859 88
1860 107
1861 115
1862 102
1863 74
1864 79
1865 66
1866 88
1867 106
1868 108
1869 84
1870 81
1871 61
1872 38
1873 43
1874 41
1875 30
1876 32
1877 26
1878 38
1879 31
1880 28
1881 31
1882 22
1883 13
1884 17
1885 14
1886 21
1887 13
1888 16
1889 20
1890 21
1891 21
1892 10
1893 12
1894 16
1895 17
1896 12
1897 8
1898 21
1899 21
1900 19
1901 9
1902 17
1903 16
1904 17
1905 18
1906 23
1907 21
1908 19
1909 9
1910 12
1911 15
1912 14
1913 18
1914 22
1915 16
1916 18
1917 17
1918 26
1919 13
1920 13
1921 22
1922 13
1923 20
1924 15
1925 16
1926 24
1927 18
1928 14
1929 17
1930 13
1931 20
1932 15
1933 18
1934 17
1935 13
1936 23
1937 17
1938 19
1939 16
1940 13
1941 14
1942 17
1943 14
1944 19
1945 12
1946 17
1947 18
1948 18
1949 22
1950 19
1951 14
1952 24
1953 14
1954 15
1955 17
1956 20
1957 20
1958 22
1959 17
1960 21
1961 18
1962 14
1963 24
1964 12
1965 19
1966 14
1967 17
1968 18
1969 27
1970 16
1971 21
1972 16
1973 11
1974 19
1975 20
1976 26
1977 13
1978 20
1979 17
1980 19
1981 17
1982 8
1983 18
1984 16
1985 19
1986 15
1987 14
1988 19
1989 18
1990 14
1991 18
1992 15
1993 18
1994 20
1995 19
1996 13
1997 17
1998 13
1999 15
2000 20
2001 12
2002 14
2003 21
2004 17
2005 13
2006 25
2007 22
2008 22
2009 17
2010 24
2011 13
2012 21
2013 23
2014 17
2015 15
2016 12
2017 17
2018 12
2019 13
2020 18
2021 11
2022 16
2023 28
2024 12
2025 25
2026 15
2027 15
2028 18
2029 18
2030 18
2031 24
2032 18
2033 17
2034 15
2035 15
2036 17
2037 13
2038 13
2039 16
2040 12
2041 23
2042 17
2043 12
2044 16
2045 16
2046 25
2047 11
2048 14
2049 12
2050 20
2051 10
2052 22
2053 10
2054 13
2055 14
2056 19
2057 13
2058 21
2059 18
2060 8
2061 13
2062 18
2063 16
2064 18
2065 21
2066 25
2067 21
2068 19
2069 22
2070 14
2071 18
2072 10
2073 14
2074 23
2075 14
2076 21
2077 17
2078 17
2079 14
2080 13
2081 18
2082 20
2083 16
2084 14
2085 21
2086 22
2087 19
2088 25
2089 16
2090 15
2091 12
2092 27
2093 15
2094 38
2095 31
2096 33
2097 26
2098 30
2099 40
2100 52
2101 71
2102 82
2103 94
2104 94
2105 92
2106 109
2107 112
2108 151
2109 151
2110 162
2111 187
2112 199
2113 204
2114 240
2115 254
2116 358
2117 311
2118 422
2119 490
2120 483
2121 456
2122 407
2123 400
2124 511
2125 464
2126 387
2127 357
2128 283
2129 251
2130 216
2131 188
2132 155
2133 158
2134 155
2135 126
2136 123
2137 100
2138 66
2139 74
2140 44
2141 40
2142 41
2143 28
2144 19
2145 18
2146 23
2147 20
2148 14
2149 23
2150 20
2151 22
2152 24
2153 17
2154 15
2155 8
2156 15
2157 13
2158 19
2159 19
2160 13
2161 10
2162 19
2163 11
2164 19
2165 14
2166 14
2167 15
2168 14
2169 14
2170 15
2171 20
2172 17
2173 10
2174 14
2175 17
2176 16
2177 21
2178 15
2179 21
2180 13
2181 15
2182 17
2183 13
2184 13
2185 9
2186 18
2187 16
2188 15
2189 16
2190 8
2191 16
2192 15
2193 11
2194 13
2195 17
2196 12
2197 20
2198 16
2199 12
2200 11
2201 15
2202 12
2203 10
2204 21
2205 10
2206 13
2207 18
2208 10
2209 14
2210 21
2211 19
2212 15
2213 26
2214 14
2215 11
2216 11
2217 17
2218 14
2219 12
2220 11
2221 19
2222 19
2223 14
2224 7
2225 18
2226 13
2227 13
2228 15
2229 13
2230 9
2231 15
2232 13
2233 12
2234 22
2235 20
2236 18
2237 22
2238 19
2239 12
2240 17
2241 13
2242 22
2243 18
2244 12
2245 16
2246 15
2247 13
2248 14
2249 13
2250 13
2251 15
2252 15
2253 14
2254 13
2255 17
2256 17
2257 16
2258 16
2259 14
2260 20
2261 20
2262 19
2263 15
2264 11
2265 15
2266 9
2267 10
2268 13
2269 15
2270 16
2271 15
2272 8
2273 8
2274 13
2275 17
2276 15
2277 17
2278 11
2279 15
2280 9
2281 10
2282 13
2283 13
2284 16
2285 11
2286 15
2287 9
2288 17
2289 11
2290 11
2291 12
2292 17
2293 10
2294 14
2295 15
2296 20
2297 13
2298 13
2299 19
2300 24
2301 19
2302 20
2303 16
2304 18
2305 14
2306 21
2307 22
2308 30
2309 21
2310 24
2311 23
2312 40
2313 46
2314 33
2315 32
2316 45
2317 45
2318 53
2319 57
2320 56
2321 40
2322 47
2323 49
2324 80
2325 96
2326 98
2327 89
2328 75
2329 79
2330 64
2331 79
2332 80
2333 89
2334 104
2335 100
2336 102
2337 76
2338 71
2339 48
2340 46
2341 40
2342 34
2343 34
2344 41
2345 34
2346 30
2347 27
2348 18
2349 21
2350 23
2351 19
2352 23
2353 11
2354 18
2355 10
2356 14
2357 19
2358 19
2359 14
2360 17
2361 15
2362 15
2363 12
2364 13
2365 13
2366 17
2367 11
2368 21
2369 17
2370 14
2371 16
2372 13
2373 19
2374 16
2375 8
2376 17
2377 16
2378 17
2379 11
2380 7
2381 11
2382 15
2383 12
2384 10
2385 11
2386 14
2387 7
2388 16
2389 11
2390 13
2391 16
2392 13
2393 11
2394 11
2395 7
2396 7
2397 18
2398 16
2399 16
2400 14
2401 12
2402 18
2403 8
2404 15
2405 8
2406 12
2407 9
2408 9
2409 11
2410 10
2411 10
2412 16
2413 14
2414 4
2415 17
2416 19
2417 12
2418 16
2419 11
2420 8
2421 12
2422 17
2423 13
2424 13
2425 15
2426 19
2427 11
2428 10
2429 15
2430 13
2431 15
2432 9
2433 13
2434 18
2435 11
2436 13
2437 11
2438 13
2439 15
2440 15
2441 15
2442 7
2443 10
2444 15
2445 10
2446 11
2447 13
2448 15
2449 11
2450 17
2451 9
2452 16
2453 9
2454 11
2455 15
2456 21
2457 8
2458 8
2459 16
2460 15
2461 12
2462 15
2463 12
2464 11
2465 12
2466 21
2467 13
2468 11
2469 7
2470 10
2471 9
2472 14
2473 10
2474 14
2475 11
2476 10
2477 11
2478 16
2479 11
2480 12
2481 13
2482 10
2483 16
2484 12
2485 8
2486 8
2487 12
2488 16
2489 12
2490 9
2491 13
2492 12
2493 9
2494 10
2495 14
2496 6
2497 9
2498 17
2499 9
2500 13
2501 17
2502 10
2503 10
2504 14
2505 15
2506 9
2507 14
2508 20
2509 8
2510 17
2511 12
2512 12
2513 11
2514 8
2515 9
2516 10
2517 10
2518 7
2519 10
2520 8
2521 6
2522 14
2523 13
2524 14
2525 15
2526 11
2527 11
2528 10
2529 12
2530 13
2531 9
2532 15
2533 10
2534 10
2535 10
2536 11
2537 8
2538 12
2539 15
2540 13
2541 11
2542 11
2543 14
2544 8
2545 15
2546 6
2547 13
2548 10
2549 9
2550 5
2551 13
2552 16
2553 13
2554 12
2555 9
2556 10
2557 15
2558 14
2559 16
