0 40
1 15
2 35
3 26
4 43
5 29
6 23
7 30
8 27
9 23
10 35
11 26
12 36
13 30
14 32
15 16
16 31
17 40
18 27
19 24
20 29
21 27
22 31
23 33
24 32
25 27
26 25
27 28
28 28
29 20
30 25
31 22
32 29
33 36
34 29
35 33
36 26
37 29
38 28
39 23
40 30
41 26
42 30
43 37
44 31
45 28
46 39
47 17
48 24
49 39
50 24
51 26
52 31
53 30
54 18
55 29
56 31
57 31
58 28
59 25
60 25
61 21
62 26
63 30
64 29
65 28
66 35
67 35
68 30
69 31
70 30
71 27
72 26
73 30
74 34
75 29
76 35
77 18
78 24
79 39
80 26
81 29
82 31
83 36
84 37
85 28
86 39
87 33
88 36
89 43
90 27
91 39
92 27
93 30
94 28
95 35
96 37
97 33
98 40
99 31
100 31
101 32
102 29
103 30
104 23
105 31
106 35
107 40
108 24
109 23
110 24
111 21
112 31
113 31
114 39
115 31
116 33
117 28
118 30
119 26
120 32
121 33
122 26
123 27
124 30
125 33
126 31
127 37
128 28
129 29
130 35
131 36
132 22
133 23
134 29
135 35
136 33
137 26
138 39
139 30
140 26
141 31
142 35
143 34
144 24
145 31
146 26
147 34
148 32
149 27
150 30
151 28
152 31
153 35
154 24
155 26
156 32
157 39
158 41
159 26
160 36
161 36
162 32
163 28
164 29
165 20
166 33
167 25
168 22
169 16
170 24
171 39
172 44
173 35
174 23
175 47
176 27
177 42
178 26
179 24
180 25
181 27
182 30
183 46
184 30
185 28
186 30
187 29
188 27
189 29
190 27
191 34
192 22
193 31
194 35
195 31
196 36
197 30
198 32
199 30
200 22
201 36
202 28
203 28
204 23
205 34
206 30
207 46
208 29
209 41
210 36
211 36
212 32
213 31
214 28
215 31
216 29
217 30
218 30
219 32
220 30
221 36
222 45
223 34
224 34
225 26
226 35
227 29
228 35
229 29
230 28
231 37
232 36
233 29
234 30
235 34
236 30
237 31
238 19
239 39
240 24
241 27
242 36
243 27
244 35
245 26
246 32
247 33
248 29
249 39
250 41
251 20
252 34
253 30
254 37
255 33
256 21
257 44
258 36
259 36
260 28
261 36
262 35
263 28
264 43
265 35
266 30
267 34
268 33
269 41
270 29
271 44
272 35
273 30
274 38
275 34
276 34
277 28
278 28
279 42
280 41
281 34
282 31
283 39
284 38
285 33
286 44
287 28
288 43
289 37
290 46
291 39
292 32
293 37
294 33
295 23
296 29
297 40
298 43
299 31
300 49
301 41
302 36
303 35
304 34
305 34
306 34
307 40
308 41
309 28
310 41
311 30
312 34
313 34
314 35
315 33
316 39
317 33
318 28
319 39
320 39
321 28
322 41
323 35
324 34
325 34
326 46
327 34
328 43
329 33
330 34
331 37
332 41
333 27
334 37
335 37
336 38
337 41
338 38
339 34
340 27
341 34
342 33
343 26
344 25
345 43
346 42
347 28
348 33
349 45
350 37
351 38
352 36
353 30
354 35
355 28
356 31
357 32
358 30
359 30
360 34
361 35
362 27
363 28
364 35
365 34
366 31
367 38
368 27
369 35
370 34
371 34
372 36
373 35
374 24
375 31
376 31
377 50
378 37
379 36
380 37
381 40
382 25
383 29
384 30
385 40
386 41
387 40
388 40
389 40
390 40
391 30
392 44
393 52
394 36
395 33
396 40
397 31
398 25
399 39
400 39
401 34
402 35
403 27
404 20
405 37
406 45
407 36
408 37
409 40
410 34
411 38
412 50
413 34
414 38
415 34
416 31
417 34
418 43
419 37
420 44
421 41
422 51
423 37
424 36
425 33
426 40
427 37
428 33
429 36
430 23
431 31
432 37
433 45
434 39
435 38
436 33
437 30
438 28
439 42
440 31
441 30
442 39
443 31
444 51
445 31
446 35
447 38
448 31
449 28
450 41
451 26
452 36
453 45
454 40
455 30
456 39
457 51
458 38
459 52
460 30
461 33
462 30
463 38
464 51
465 31
466 37
467 21
468 35
469 31
470 42
471 46
472 38
473 29
474 33
475 35
476 37
477 27
478 34
479 35
480 31
481 30
482 40
483 45
484 39
485 34
486 33
487 45
488 32
489 41
490 35
491 40
492 26
493 39
494 35
495 40
496 33
497 32
498 37
499 40
500 21
501 44
502 36
503 36
504 26
505 43
506 29
507 42
508 41
509 33
510 30
511 38
512 34
513 34
514 40
515 60
516 31
517 49
518 45
519 55
520 36
521 41
522 38
523 42
524 43
525 44
526 42
527 27
528 42
529 42
530 28
531 32
532 47
533 41
534 39
535 46
536 36
537 39
538 29
539 37
540 28
541 41
542 32
543 33
544 37
545 44
546 58
547 52
548 41
549 41
550 51
551 51
552 54
553 56
554 49
555 54
556 50
557 53
558 51
559 59
560 41
561 54
562 75
563 85
564 92
565 72
566 90
567 88
568 83
569 79
570 92
571 79
572 74
573 115
574 111
575 122
576 104
577 89
578 97
579 92
580 73
581 61
582 55
583 60
584 39
585 43
586 41
587 42
588 50
589 41
590 25
591 43
592 36
593 40
594 35
595 37
596 36
597 31
598 44
599 41
600 51
601 40
602 34
603 40
604 34
605 29
606 30
607 41
608 58
609 43
610 43
611 31
612 31
613 45
614 43
615 39
616 37
617 28
618 35
619 32
620 53
621 36
622 40
623 32
624 40
625 36
626 44
627 51
628 36
629 25
630 41
631 36
632 45
633 29
634 39
635 38
636 41
637 32
638 37
639 46
640 41
641 37
642 34
643 29
644 43
645 45
646 30
647 34
648 28
649 37
650 41
651 37
652 32
653 46
654 43
655 34
656 38
657 51
658 36
659 38
660 42
661 40
662 23
663 33
664 44
665 44
666 46
667 49
668 35
669 27
670 35
671 33
672 42
673 34
674 33
675 30
676 36
677 29
678 30
679 28
680 27
681 39
682 46
683 38
684 30
685 28
686 32
687 37
688 31
689 33
690 49
691 34
692 31
693 34
694 46
695 38
696 35
697 29
698 30
699 38
700 34
701 28
702 43
703 45
704 36
705 29
706 23
707 35
708 31
709 36
710 33
711 34
712 37
713 49
714 37
715 38
716 30
717 46
718 38
719 32
720 34
721 40
722 35
723 43
724 29
725 34
726 45
727 36
728 33
729 44
730 43
731 37
732 40
733 49
734 48
735 46
736 43
737 30
738 39
739 45
740 48
741 46
742 44
743 38
744 35
745 37
746 28
747 41
748 40
749 45
750 52
751 47
752 46
753 38
754 44
755 35
756 33
757 39
758 41
759 43
760 39
761 40
762 37
763 37
764 29
765 36
766 33
767 33
768 43
769 37
770 36
771 38
772 49
773 31
774 42
775 22
776 34
777 25
778 39
779 48
780 29
781 33
782 44
783 26
784 30
785 36
786 35
787 45
788 34
789 39
790 32
791 39
792 32
793 37
794 31
795 41
796 41
797 36
798 37
799 37
800 44
801 31
802 46
803 44
804 32
805 30
806 38
807 33
808 37
809 35
810 48
811 38
812 38
813 34
814 25
815 38
816 35
817 29
818 25
819 39
820 38
821 33
822 34
823 34
824 32
825 27
826 35
827 37
828 30
829 40
830 22
831 34
832 33
833 44
834 34
835 28
836 36
837 31
838 24
839 41
840 29
841 40
842 40
843 24
844 24
845 35
846 42
847 40
848 22
849 33
850 44
851 37
852 29
853 27
854 29
855 50
856 41
857 35
858 38
859 44
860 41
861 36
862 39
863 38
864 39
865 34
866 45
867 34
868 35
869 34
870 37
871 30
872 39
873 29
874 32
875 32
876 32
877 27
878 32
879 34
880 47
881 30
882 46
883 42
884 38
885 37
886 40
887 34
888 39
889 37
890 32
891 44
892 33
893 43
894 46
895 39
896 39
897 28
898 37
899 25
900 33
901 37
902 37
903 51
904 40
905 43
906 41
907 41
908 43
909 34
910 34
911 40
912 41
913 41
914 36
915 38
916 43
917 31
918 36
919 36
920 37
921 34
922 27
923 36
924 28
925 36
926 40
927 32
928 38
929 28
930 32
931 31
932 32
933 48
934 30
935 26
936 38
937 25
938 41
939 24
940 35
941 32
942 32
943 31
944 39
945 30
946 27
947 33
948 32
949 37
950 27
951 32
952 38
953 44
954 36
955 28
956 27
957 33
958 36
959 23
960 27
961 28
962 40
963 28
964 22
965 36
966 38
967 27
968 24
969 29
970 41
971 31
972 32
973 37
974 29
975 25
976 22
977 21
978 28
979 29
980 31
981 26
982 36
983 26
984 30
985 42
986 29
987 40
988 41
989 25
990 34
991 33
992 30
993 35
994 40
995 34
996 36
997 26
998 34
999 49
1000 26
1001 28
1002 31
1003 40
1004 33
1005 29
1006 34
1007 34
1008 42
1009 37
1010 20
1011 30
1012 39
1013 32
1014 45
1015 31
1016 38
1017 29
1018 34
1019 31
1020 38
1021 19
1022 31
1023 24
1024 29
1025 26
1026 42
1027 35
1028 39
1029 36
1030 39
1031 33
1032 32
1033 38
1034 25
1035 37
1036 27
1037 32
1038 21
1039 31
1040 41
1041 32
1042 38
1043 37
1044 26
1045 36
1046 32
1047 32
1048 40
1049 29
1050 31
1051 31
1052 36
1053 37
1054 31
1055 27
1056 39
1057 35
1058 35
1059 27
1060 31
1061 22
1062 30
1063 32
1064 50
1065 45
1066 31
1067 35
1068 23
1069 39
1070 35
1071 43
1072 46
1073 34
1074 33
1075 32
1076 53
1077 32
1078 43
1079 46
1080 55
1081 53
1082 49
1083 68
1084 90
1085 103
1086 105
1087 118
1088 149
1089 128
1090 185
1091 215
1092 184
1093 273
1094 351
1095 441
1096 367
1097 394
1098 424
1099 461
1100 428
1101 403
1102 408
1103 412
1104 411
1105 260
1106 303
1107 236
1108 202
1109 131
1110 121
1111 81
1112 73
1113 88
1114 66
1115 38
1116 33
1117 38
1118 38
1119 39
1120 29
1121 33
1122 43
1123 37
1124 21
1125 25
1126 25
1127 42
1128 32
1129 38
1130 40
1131 37
1132 35
1133 25
1134 24
1135 31
1136 29
1137 31
1138 36
1139 42
1140 39
1141 32
1142 29
1143 29
1144 29
1145 34
1146 42
1147 36
1148 31
1149 31
1150 27
1151 25
1152 35
1153 19
1154 26
1155 35
1156 38
1157 35
1158 27
1159 41
1160 38
1161 27
1162 23
1163 33
1164 24
1165 43
1166 24
1167 29
1168 30
1169 30
1170 32
1171 32
1172 37
1173 35
1174 44
1175 34
1176 18
1177 27
1178 42
1179 22
1180 30
1181 36
1182 28
1183 42
1184 32
1185 38
1186 24
1187 36
1188 33
1189 30
1190 26
1191 39
1192 34
1193 24
1194 29
1195 29
1196 23
1197 20
1198 30
1199 42
1200 28
1201 30
1202 21
1203 39
1204 27
1205 27
1206 32
1207 34
1208 38
1209 34
1210 31
1211 36
1212 30
1213 33
1214 28
1215 28
1216 41
1217 43
1218 43
1219 34
1220 20
1221 50
1222 42
1223 44
1224 39
1225 38
1226 44
1227 32
1228 44
1229 50
1230 35
1231 53
1232 62
1233 70
1234 52
1235 51
1236 66
1237 67
1238 69
1239 86
1240 90
1241 86
1242 67
1243 46
1244 72
1245 55
1246 44
1247 48
1248 38
1249 31
1250 34
1251 24
1252 24
1253 38
1254 35
1255 33
1256 21
1257 38
1258 27
1259 36
1260 31
1261 33
1262 27
1263 21
1264 33
1265 20
1266 25
1267 32
1268 24
1269 24
1270 23
1271 22
1272 29
1273 24
1274 23
1275 21
1276 24
1277 16
1278 16
1279 18
1280 30
1281 23
1282 30
1283 16
1284 22
1285 26
1286 21
1287 22
1288 17
1289 20
1290 18
1291 26
1292 24
1293 17
1294 27
1295 29
1296 23
1297 28
1298 23
1299 27
1300 34
1301 29
1302 38
1303 33
1304 39
1305 32
1306 51
1307 55
1308 53
1309 40
1310 43
1311 40
1312 45
1313 42
1314 46
1315 48
1316 43
1317 31
1318 31
1319 38
1320 29
1321 24
1322 31
1323 21
1324 23
1325 29
1326 21
1327 23
1328 16
1329 27
1330 25
1331 25
1332 28
1333 28
1334 29
1335 31
1336 32
1337 22
1338 24
1339 23
1340 24
1341 22
1342 19
1343 28
1344 37
1345 25
1346 20
1347 21
1348 26
1349 28
1350 20
1351 24
1352 30
1353 23
1354 16
1355 20
1356 28
1357 30
1358 16
1359 24
1360 27
1361 26
1362 22
1363 25
1364 27
1365 25
1366 32
1367 29
1368 19
1369 25
1370 24
1371 18
1372 36
1373 30
1374 41
1375 37
1376 34
1377 35
1378 34
1379 62
1380 40
1381 36
1382 58
1383 59
1384 85
1385 82
1386 138
1387 164
1388 182
1389 201
1390 217
1391 233
1392 256
1393 225
1394 199
1395 211
1396 172
1397 175
1398 227
1399 257
1400 233
1401 193
1402 153
1403 117
1404 114
1405 109
1406 56
1407 58
1408 31
1409 43
1410 30
1411 32
1412 28
1413 24
1414 21
1415 20
1416 22
1417 28
1418 23
1419 24
1420 19
1421 19
1422 22
1423 31
1424 22
1425 25
1426 31
1427 24
1428 19
1429 14
1430 21
1431 25
1432 28
1433 32
1434 31
1435 19
1436 21
1437 28
1438 24
1439 27
1440 20
1441 23
1442 24
1443 16
1444 23
1445 21
1446 19
1447 33
1448 19
1449 22
1450 24
1451 11
1452 21
1453 29
1454 17
1455 22
1456 22
1457 15
1458 21
1459 22
1460 30
1461 30
1462 26
1463 24
1464 22
1465 24
1466 19
1467 20
1468 19
1469 27
1470 32
1471 26
1472 21
1473 23
1474 31
1475 35
1476 26
1477 17
1478 21
1479 22
1480 23
1481 19
1482 17
1483 17
1484 20
1485 28
1486 22
1487 21
1488 15
1489 17
1490 19
1491 30
1492 27
1493 29
1494 28
1495 22
1496 27
1497 26
1498 24
1499 27
1500 26
1501 31
1502 19
1503 32
1504 23
1505 21
1506 21
1507 22
1508 25
1509 26
1510 26
1511 16
1512 26
1513 19
1514 30
1515 20
1516 18
1517 21
1518 24
1519 25
1520 22
1521 16
1522 20
1523 29
1524 26
1525 17
1526 14
1527 15
1528 17
1529 21
1530 29
1531 18
1532 24
1533 18
1534 25
1535 23
1536 19
1537 27
1538 24
1539 28
1540 20
1541 33
1542 23
1543 22
1544 24
1545 28
1546 25
1547 20
1548 23
1549 19
1550 24
1551 22
1552 19
1553 16
1554 17
1555 23
1556 17
1557 20
1558 20
1559 21
1560 19
1561 22
1562 20
1563 15
1564 27
1565 18
1566 19
1567 19
1568 26
1569 20
1570 24
1571 24
1572 27
1573 25
1574 18
1575 25
1576 21
1577 20
1578 25
1579 22
1580 15
1581 16
1582 20
1583 33
1584 18
1585 28
1586 22
1587 18
1588 22
1589 15
1590 14
1591 13
1592 14
1593 17
1594 28
1595 19
1596 16
1597 19
1598 18
1599 24
1600 21
1601 24
1602 13
1603 16
1604 12
1605 19
1606 30
1607 25
1608 19
1609 20
1610 20
1611 18
1612 17
1613 18
1614 16
1615 19
1616 16
1617 13
1618 22
1619 17
1620 13
1621 18
1622 18
1623 22
1624 21
1625 17
1626 14
1627 20
1628 22
1629 17
1630 11
1631 26
1632 16
1633 10
1634 23
1635 24
1636 11
1637 20
1638 22
1639 22
1640 11
1641 21
1642 27
1643 19
1644 25
1645 18
1646 26
1647 18
1648 21
1649 20
1650 12
1651 18
1652 16
1653 15
1654 25
1655 20
1656 16
1657 15
1658 21
1659 17
1660 18
1661 27
1662 26
1663 14
1664 25
1665 20
1666 21
1667 13
1668 18
1669 20
1670 18
1671 19
1672 26
1673 17
1674 20
1675 20
1676 17
1677 16
1678 6
1679 22
1680 14
1681 16
1682 23
1683 21
1684 24
1685 29
1686 21
1687 14
1688 16
1689 21
1690 18
1691 19
1692 16
1693 17
1694 17
1695 27
1696 20
1697 23
1698 24
1699 17
1700 12
1701 17
1702 17
1703 19
1704 23
1705 25
1706 16
1707 28
1708 19
1709 17
1710 17
1711 17
1712 18
1713 13
1714 14
1715 16
1716 10
1717 17
1718 8
1719 15
1720 19
1721 28
1722 22
1723 21
1724 18
1725 14
1726 16
1727 15
1728 18
1729 15
1730 22
1731 18
1732 20
1733 27
1734 24
1735 17
1736 14
1737 15
1738 23
1739 17
1740 17
1741 19
1742 18
1743 13
1744 11
1745 17
1746 18
1747 23
1748 24
1749 15
1750 24
1751 15
1752 24
1753 14
1754 22
1755 17
1756 18
1757 22
1758 16
1759 13
1760 21
1761 14
1762 20
1763 22
1764 17
1765 22
1766 22
1767 13
1768 10
1769 16
1770 15
1771 15
1772 23
1773 19
1774 22
1775 17
1776 17
1777 13
1778 26
1779 16
1780 25
1781 19
1782 18
1783 26
1784 15
1785 24
1786 17
1787 14
1788 17
1789 18
1790 18
1791 20
1792 21
1793 22
1794 15
1795 17
1796 14
1797 22
1798 13
1799 17
1800 19
1801 24
1802 22
1803 21
1804 20
1805 18
1806 18
1807 19
1808 20
1809 20
1810 22
1811 28
1812 18
1813 15
1814 19
1815 16
1816 18
1817 13
1818 22
1819 27
1820 17
1821 20
1822 19
1823 19
1824 21
1825 14
1826 16
1827 17
1828 17
1829 15
1830 14
1831 12
1832 19
1833 17
1834 20
1835 20
1836 15
1837 20
1838 18
1839 17
1840 23
1841 25
1842 19
1843 22
1844 21
1845 20
1846 21
1847 26
1848 20
1849 27
1850 33
1851 25
1852 42
1853 34
1854 48
1855 40
1856 40
1857 51
1858 62
1859 67
1860 94
1861 95
1862 93
1863 93
1864 93
1865 94
1866 98
1867 117
1868 98
1869 83
1870 104
1871 112
1872 103
1873 73
1874 50
1875 37
1876 38
1877 37
1878 48
1879 72
1880 71
1881 53
1882 29
1883 21
1884 22
1885 19
1886 15
1887 21
1888 20
1889 19
1890 19
1891 15
1892 22
1893 15
1894 19
1895 12
1896 26
1897 22
1898 12
1899 22
1900 23
1901 10
1902 24
1903 15
1904 28
1905 27
1906 14
1907 19
1908 18
1909 21
1910 20
1911 16
1912 22
1913 15
1914 15
1915 14
1916 17
1917 10
1918 13
1919 19
1920 17
1921 24
1922 23
1923 22
1924 18
1925 22
1926 22
1927 18
1928 23
1929 24
1930 14
1931 17
1932 25
1933 18
1934 15
1935 23
1936 14
1937 19
1938 16
1939 16
1940 17
1941 13
1942 17
1943 14
1944 16
1945 14
1946 13
1947 17
1948 16
1949 15
1950 12
1951 19
1952 14
1953 16
1954 21
1955 13
1956 17
1957 16
1958 15
1959 16
1960 12
1961 11
1962 26
1963 11
1964 10
1965 17
1966 13
1967 12
1968 24
1969 14
1970 15
1971 20
1972 14
1973 13
1974 17
1975 15
1976 14
1977 24
1978 12
1979 19
1980 14
1981 17
1982 21
1983 14
1984 20
1985 13
1986 11
1987 17
1988 20
1989 16
1990 24
1991 17
1992 19
1993 22
1994 15
1995 15
1996 23
1997 21
1998 13
1999 13
2000 14
2001 12
2002 13
2003 21
2004 14
2005 5
2006 20
2007 21
2008 13
2009 14
2010 13
2011 14
2012 18
2013 22
2014 27
2015 8
2016 16
2017 19
2018 14
2019 11
2020 19
2021 19
2022 22
2023 15
2024 16
2025 21
2026 19
2027 20
2028 25
2029 21
2030 20
2031 18
2032 19
2033 21
2034 18
2035 18
2036 21
2037 17
2038 18
2039 10
2040 10
2041 21
2042 19
2043 15
2044 14
2045 17
2046 17
2047 19
2048 16
2049 10
2050 17
2051 20
2052 15
2053 18
2054 15
2055 15
2056 17
2057 12
2058 16
2059 14
2060 12
2061 17
2062 17
2063 12
2064 10
2065 15
2066 15
2067 20
2068 19
2069 19
2070 16
2071 10
2072 12
2073 17
2074 15
2075 13
2076 15
2077 15
2078 14
2079 15
2080 15
2081 14
2082 20
2083 20
2084 16
2085 16
2086 16
2087 14
2088 15
2089 15
2090 29
2091 17
2092 12
2093 14
2094 22
2095 26
2096 22
2097 25
2098 21
2099 20
2100 23
2101 31
2102 42
2103 42
2104 41
2105 54
2106 49
2107 61
2108 77
2109 108
2110 131
2111 127
2112 103
2113 107
2114 133
2115 194
2116 248
2117 249
2118 230
2119 256
2120 372
2121 387
2122 338
2123 328
2124 371
2125 439
2126 427
2127 415
2128 343
2129 367
2130 310
2131 310
2132 258
2133 224
2134 272
2135 232
2136 244
2137 202
2138 208
2139 137
2140 129
2141 88
2142 81
2143 73
2144 54
2145 50
2146 36
2147 39
2148 21
2149 27
2150 31
2151 35
2152 23
2153 9
2154 20
2155 16
2156 22
2157 14
2158 15
2159 20
2160 20
2161 14
2162 14
2163 14
2164 19
2165 12
2166 21
2167 14
2168 16
2169 15
2170 14
2171 10
2172 13
2173 17
2174 13
2175 10
2176 19
2177 15
2178 15
2179 15
2180 12
2181 18
2182 21
2183 15
2184 11
2185 19
2186 17
2187 9
2188 18
2189 22
2190 15
2191 13
2192 16
2193 14
2194 13
2195 12
2196 19
2197 12
2198 12
2199 12
2200 11
2201 18
2202 10
2203 20
2204 24
2205 18
2206 9
2207 10
2208 14
2209 16
2210 15
2211 9
2212 8
2213 12
2214 20
2215 12
2216 15
2217 17
2218 13
2219 13
2220 16
2221 15
2222 18
2223 14
2224 16
2225 21
2226 7
2227 14
2228 15
2229 23
2230 13
2231 18
2232 20
2233 13
2234 14
2235 16
2236 18
2237 14
2238 15
2239 15
2240 20
2241 14
2242 12
2243 11
2244 17
2245 18
2246 12
2247 19
2248 11
2249 9
2250 12
2251 13
2252 19
2253 18
2254 13
2255 20
2256 10
2257 11
2258 20
2259 16
2260 18
2261 12
2262 12
2263 17
2264 15
2265 14
2266 11
2267 14
2268 12
2269 13
2270 13
2271 13
2272 15
2273 14
2274 18
2275 13
2276 10
2277 11
2278 16
2279 12
2280 19
2281 13
2282 10
2283 17
2284 17
2285 14
2286 13
2287 14
2288 10
2289 10
2290 16
2291 15
2292 14
2293 12
2294 11
2295 19
2296 10
2297 18
2298 16
2299 18
2300 14
2301 14
2302 16
2303 15
2304 13
2305 15
2306 19
2307 18
2308 23
2309 20
2310 20
2311 22
2312 19
2313 23
2314 23
2315 19
2316 25
2317 24
2318 35
2319 40
2320 42
2321 35
2322 36
2323 38
2324 63
2325 44
2326 77
2327 86
2328 80
2329 83
2330 94
2331 86
2332 94
2333 60
2334 77
2335 110
2336 99
2337 106
2338 126
2339 127
2340 106
2341 71
2342 62
2343 57
2344 40
2345 44
2346 32
2347 31
2348 32
2349 28
2350 36
2351 25
2352 24
2353 11
2354 20
2355 10
2356 21
2357 20
2358 10
2359 13
2360 8
2361 11
2362 14
2363 18
2364 10
2365 11
2366 17
2367 9
2368 14
2369 18
2370 18
2371 14
2372 12
2373 13
2374 16
2375 13
2376 14
2377 10
2378 14
2379 8
2380 20
2381 8
2382 9
2383 13
2384 17
2385 10
2386 14
2387 11
2388 9
2389 11
2390 15
2391 9
2392 15
2393 10
2394 15
2395 18
2396 14
2397 14
2398 12
2399 17
2400 17
2401 9
2402 13
2403 12
2404 16
2405 13
2406 9
2407 7
2408 10
2409 26
2410 16
2411 6
2412 9
2413 21
2414 10
2415 12
2416 11
2417 12
2418 11
2419 16
2420 14
2421 10
2422 18
2423 14
2424 14
2425 13
2426 14
2427 12
2428 15
2429 12
2430 16
2431 8
2432 9
2433 17
2434 15
2435 13
2436 6
2437 14
2438 12
2439 13
2440 14
2441 17
2442 12
2443 15
2444 13
2445 12
2446 12
2447 8
2448 9
2449 21
2450 20
2451 9
2452 10
2453 7
2454 12
2455 10
2456 8
2457 10
2458 12
2459 15
2460 12
2461 10
2462 12
2463 15
2464 11
2465 13
2466 15
2467 10
2468 17
2469 12
2470 7
2471 5
2472 12
2473 12
2474 9
2475 12
2476 19
2477 12
2478 9
2479 11
2480 7
2481 4
2482 14
2483 12
2484 7
2485 11
2486 13
2487 13
2488 14
2489 6
2490 11
2491 17
2492 13
2493 14
2494 8
2495 12
2496 11
2497 17
2498 12
2499 13
2500 11
2501 12
2502 7
2503 5
2504 10
2505 11
2506 9
2507 8
2508 11
2509 16
2510 11
2511 16
2512 12
2513 12
2514 11
2515 10
2516 16
2517 14
2518 6
2519 9
2520 13
2521 9
2522 12
2523 5
2524 16
2525 8
2526 15
2527 12
2528 19
2529 19
2530 12
2531 15
2532 7
2533 8
2534 11
2535 12
2536 13
2537 13
2538 16
2539 11
2540 14
2541 11
2542 11
2543 12
2544 11
2545 10
2546 12
2547 7
2548 7
2549 9
2550 12
2551 15
2552 12
2553 16
2554 17
2555 4
2556 18
2557 11
2558 19
2559 9
