0 35
1 20
2 26
3 30
4 28
5 36
6 31
7 26
8 32
9 29
10 19
11 31
12 27
13 33
14 25
15 26
16 29
17 37
18 31
19 24
20 26
21 39
22 31
23 28
24 32
25 29
26 38
27 35
28 37
29 36
30 44
31 32
32 33
33 32
34 33
35 28
36 30
37 37
38 33
39 42
40 37
41 34
42 23
43 41
44 23
45 28
46 42
47 24
48 33
49 28
50 39
51 34
52 33
53 38
54 34
55 28
56 35
57 32
58 19
59 33
60 40
61 25
62 28
63 30
64 55
65 25
66 28
67 36
68 31
69 38
70 36
71 36
72 34
73 27
74 34
75 32
76 30
77 35
78 36
79 29
80 43
81 32
82 31
83 38
84 33
85 35
86 36
87 42
88 38
89 45
90 28
91 43
92 24
93 41
94 34
95 24
96 51
97 24
98 40
99 39
100 30
101 29
102 45
103 22
104 30
105 29
106 21
107 32
108 41
109 46
110 47
111 32
112 31
113 38
114 34
115 32
116 33
117 35
118 31
119 37
120 26
121 22
122 28
123 39
124 33
125 32
126 36
127 27
128 40
129 31
130 44
131 31
132 37
133 33
134 33
135 29
136 34
137 38
138 30
139 40
140 37
141 32
142 26
143 29
144 33
145 27
146 44
147 26
148 30
149 47
150 34
151 35
152 29
153 41
154 28
155 39
156 27
157 40
158 34
159 43
160 47
161 30
162 35
163 38
164 41
165 32
166 29
167 30
168 38
169 33
170 37
171 45
172 30
173 27
174 44
175 34
176 33
177 29
178 41
179 35
180 34
181 38
182 31
183 26
184 36
185 34
186 41
187 33
188 28
189 40
190 32
191 31
192 35
193 29
194 34
195 31
196 30
197 43
198 38
199 35
200 37
201 31
202 43
203 33
204 48
205 37
206 30
207 23
208 37
209 32
210 32
211 43
212 46
213 46
214 37
215 31
216 44
217 34
218 40
219 44
220 43
221 38
222 37
223 33
224 39
225 35
226 41
227 35
228 37
229 29
230 33
231 45
232 65
233 29
234 39
235 37
236 36
237 30
238 41
239 50
240 32
241 35
242 29
243 38
244 26
245 42
246 36
247 32
248 21
249 32
250 26
251 36
252 46
253 36
254 45
255 39
256 39
257 39
258 25
259 37
260 45
261 45
262 36
263 44
264 53
265 35
266 36
267 26
268 40
269 48
270 46
271 38
272 47
273 45
274 37
275 37
276 32
277 28
278 47
279 41
280 29
281 40
282 30
283 32
284 41
285 29
286 35
287 46
288 41
289 28
290 36
291 37
292 44
293 25
294 33
295 48
296 48
297 42
298 29
299 27
300 31
301 40
302 50
303 40
304 35
305 42
306 39
307 29
308 34
309 49
310 48
311 44
312 28
313 28
314 43
315 41
316 32
317 33
318 32
319 40
320 37
321 38
322 36
323 52
324 27
325 26
326 39
327 39
328 37
329 30
330 44
331 55
332 32
333 36
334 44
335 52
336 40
337 35
338 46
339 37
340 33
341 34
342 43
343 34
344 34
345 30
346 43
347 36
348 39
349 37
350 40
351 31
352 48
353 39
354 44
355 44
356 28
357 36
358 42
359 26
360 35
361 35
362 34
363 31
364 37
365 40
366 40
367 26
368 39
369 31
370 38
371 36
372 47
373 40
374 28
375 42
376 42
377 30
378 38
379 54
380 40
381 41
382 32
383 34
384 40
385 40
386 44
387 42
388 50
389 50
390 39
391 41
392 38
393 42
394 37
395 43
396 36
397 49
398 48
399 39
400 39
401 54
402 44
403 49
404 39
405 36
406 43
407 53
408 39
409 28
410 38
411 31
412 47
413 40
414 41
415 50
416 43
417 39
418 34
419 44
420 44
421 48
422 52
423 38
424 50
425 47
426 41
427 39
428 52
429 32
430 50
431 33
432 51
433 44
434 55
435 38
436 41
437 34
438 43
439 54
440 43
441 45
442 54
443 47
444 39
445 39
446 49
447 37
448 35
449 51
450 40
451 38
452 48
453 42
454 31
455 50
456 40
457 39
458 31
459 38
460 37
461 43
462 32
463 53
464 38
465 37
466 34
467 48
468 51
469 35
470 57
471 51
472 39
473 35
474 35
475 37
476 41
477 36
478 27
479 35
480 36
481 48
482 33
483 34
484 40
485 48
486 43
487 49
488 38
489 31
490 48
491 38
492 35
493 41
494 47
495 35
496 55
497 37
498 49
499 43
500 43
501 52
502 71
503 49
504 45
505 64
506 54
507 59
508 58
509 55
510 55
511 56
512 55
513 68
514 79
515 69
516 67
517 67
518 73
519 68
520 81
521 64
522 87
523 73
524 65
525 74
526 68
527 94
528 92
529 92
530 106
531 89
532 99
533 72
534 64
535 63
536 48
537 45
538 35
539 46
540 34
541 40
542 48
543 38
544 51
545 46
546 36
547 37
548 34
549 39
550 37
551 27
552 33
553 33
554 45
555 40
556 40
557 42
558 41
559 39
560 41
561 35
562 40
563 35
564 37
565 27
566 47
567 37
568 50
569 38
570 42
571 46
572 45
573 40
574 40
575 43
576 47
577 45
578 50
579 30
580 35
581 36
582 40
583 36
584 48
585 37
586 43
587 58
588 46
589 38
590 47
591 41
592 43
593 32
594 34
595 48
596 39
597 28
598 38
599 43
600 44
601 43
602 40
603 36
604 30
605 45
606 26
607 44
608 39
609 51
610 44
611 45
612 47
613 47
614 53
615 54
616 43
617 40
618 40
619 33
620 52
621 28
622 40
623 44
624 47
625 51
626 32
627 36
628 44
629 30
630 43
631 37
632 41
633 36
634 35
635 31
636 51
637 49
638 38
639 33
640 46
641 49
642 32
643 34
644 36
645 45
646 40
647 42
648 42
649 33
650 38
651 49
652 39
653 47
654 34
655 34
656 45
657 39
658 39
659 41
660 36
661 39
662 41
663 45
664 32
665 50
666 27
667 38
668 40
669 45
670 46
671 36
672 46
673 39
674 28
675 31
676 31
677 37
678 45
679 40
680 35
681 49
682 33
683 35
684 50
685 38
686 46
687 54
688 39
689 40
690 42
691 30
692 44
693 44
694 40
695 36
696 42
697 41
698 35
699 38
700 37
701 39
702 34
703 44
704 41
705 37
706 30
707 37
708 37
709 34
710 33
711 49
712 36
713 40
714 42
715 38
716 37
717 36
718 36
719 41
720 34
721 45
722 37
723 36
724 44
725 57
726 34
727 35
728 33
729 32
730 43
731 46
732 54
733 51
734 49
735 41
736 57
737 40
738 48
739 44
740 38
741 38
742 47
743 36
744 28
745 45
746 34
747 42
748 45
749 50
750 39
751 39
752 41
753 40
754 38
755 54
756 45
757 39
758 39
759 32
760 45
761 52
762 35
763 41
764 32
765 29
766 38
767 52
768 27
769 40
770 40
771 42
772 42
773 45
774 39
775 35
776 34
777 31
778 41
779 32
780 42
781 49
782 36
783 41
784 49
785 28
786 46
787 42
788 36
789 37
790 39
791 40
792 37
793 40
794 20
795 42
796 37
797 35
798 30
799 37
800 41
801 30
802 34
803 35
804 36
805 40
806 43
807 33
808 31
809 47
810 48
811 37
812 30
813 39
814 38
815 47
816 50
817 39
818 47
819 36
820 43
821 26
822 38
823 25
824 38
825 39
826 39
827 31
828 31
829 43
830 39
831 38
832 42
833 37
834 30
835 38
836 27
837 28
838 38
839 51
840 49
841 47
842 48
843 33
844 41
845 42
846 49
847 40
848 38
849 42
850 31
851 30
852 43
853 28
854 38
855 37
856 39
857 31
858 38
859 41
860 34
861 51
862 41
863 34
864 44
865 43
866 52
867 33
868 20
869 35
870 31
871 27
872 45
873 35
874 52
875 35
876 33
877 36
878 37
879 38
880 53
881 47
882 36
883 30
884 44
885 38
886 32
887 29
888 37
889 39
890 42
891 31
892 40
893 39
894 33
895 39
896 34
897 45
898 47
899 35
900 43
901 40
902 38
903 36
904 30
905 46
906 40
907 28
908 45
909 33
910 34
911 25
912 24
913 34
914 32
915 46
916 37
917 39
918 38
919 36
920 47
921 43
922 41
923 39
924 33
925 34
926 34
927 29
928 34
929 46
930 37
931 36
932 35
933 42
934 34
935 36
936 40
937 26
938 29
939 55
940 37
941 32
942 34
943 24
944 44
945 35
946 36
947 39
948 36
949 44
950 32
951 28
952 40
953 35
954 27
955 36
956 39
957 34
958 44
959 52
960 47
961 32
962 36
963 28
964 39
965 33
966 33
967 30
968 30
969 37
970 33
971 38
972 42
973 38
974 36
975 36
976 47
977 39
978 40
979 32
980 32
981 41
982 38
983 37
984 33
985 40
986 38
987 43
988 27
989 33
990 30
991 45
992 38
993 40
994 30
995 34
996 30
997 41
998 32
999 36
1000 31
1001 30
1002 42
1003 33
1004 35
1005 35
1006 25
1007 29
1008 37
1009 40
1010 34
1011 36
1012 44
1013 40
1014 33
1015 48
1016 47
1017 48
1018 68
1019 77
1020 65
1021 88
1022 79
1023 93
1024 107
1025 99
1026 97
1027 117
1028 138
1029 143
1030 207
1031 231
1032 279
1033 281
1034 375
1035 500
1036 602
1037 562
1038 567
1039 519
1040 537
1041 608
1042 519
1043 496
1044 532
1045 502
1046 384
1047 241
1048 198
1049 173
1050 152
1051 117
1052 102
1053 64
1054 46
1055 37
1056 43
1057 42
1058 41
1059 43
1060 44
1061 30
1062 42
1063 35
1064 39
1065 50
1066 49
1067 25
1068 33
1069 32
1070 33
1071 37
1072 40
1073 38
1074 44
1075 40
1076 27
1077 33
1078 26
1079 28
1080 31
1081 39
1082 37
1083 27
1084 36
1085 23
1086 45
1087 30
1088 30
1089 38
1090 32
1091 40
1092 30
1093 25
1094 28
1095 29
1096 35
1097 33
1098 35
1099 23
1100 32
1101 29
1102 36
1103 25
1104 27
1105 33
1106 36
1107 41
1108 29
1109 40
1110 30
1111 40
1112 37
1113 42
1114 34
1115 34
1116 44
1117 37
1118 28
1119 36
1120 36
1121 42
1122 36
1123 35
1124 21
1125 39
1126 40
1127 29
1128 26
1129 21
1130 39
1131 38
1132 25
1133 35
1134 28
1135 25
1136 31
1137 43
1138 34
1139 33
1140 33
1141 40
1142 29
1143 32
1144 38
1145 32
1146 27
1147 30
1148 37
1149 43
1150 45
1151 35
1152 35
1153 44
1154 37
1155 35
1156 40
1157 36
1158 37
1159 37
1160 44
1161 37
1162 50
1163 55
1164 56
1165 42
1166 52
1167 43
1168 54
1169 67
1170 103
1171 113
1172 79
1173 72
1174 77
1175 41
1176 67
1177 70
1178 62
1179 59
1180 61
1181 53
1182 64
1183 38
1184 33
1185 32
1186 26
1187 28
1188 34
1189 44
1190 30
1191 31
1192 30
1193 22
1194 28
1195 29
1196 27
1197 41
1198 42
1199 25
1200 35
1201 28
1202 35
1203 25
1204 37
1205 31
1206 19
1207 36
1208 28
1209 25
1210 27
1211 29
1212 40
1213 27
1214 35
1215 24
1216 27
1217 39
1218 32
1219 35
1220 35
1221 24
1222 28
1223 34
1224 32
1225 39
1226 28
1227 30
1228 28
1229 40
1230 40
1231 44
1232 33
1233 26
1234 24
1235 26
1236 35
1237 32
1238 25
1239 31
1240 24
1241 39
1242 26
1243 33
1244 22
1245 31
1246 33
1247 36
1248 22
1249 30
1250 30
1251 41
1252 31
1253 35
1254 41
1255 31
1256 23
1257 27
1258 25
1259 18
1260 27
1261 33
1262 30
1263 30
1264 21
1265 27
1266 24
1267 17
1268 22
1269 28
1270 33
1271 26
1272 34
1273 29
1274 17
1275 15
1276 15
1277 15
1278 14
1279 18
1280 32
1281 38
1282 23
1283 24
1284 28
1285 40
1286 23
1287 27
1288 26
1289 23
1290 25
1291 29
1292 32
1293 21
1294 24
1295 29
1296 34
1297 22
1298 35
1299 23
1300 35
1301 29
1302 37
1303 38
1304 38
1305 49
1306 61
1307 58
1308 58
1309 70
1310 75
1311 65
1312 89
1313 101
1314 73
1315 103
1316 113
1317 117
1318 137
1319 214
1320 152
1321 184
1322 214
1323 208
1324 224
1325 182
1326 130
1327 180
1328 196
1329 139
1330 124
1331 114
1332 106
1333 127
1334 120
1335 91
1336 55
1337 50
1338 46
1339 41
1340 36
1341 32
1342 24
1343 28
1344 26
1345 35
1346 25
1347 25
1348 24
1349 22
1350 16
1351 24
1352 27
1353 25
1354 27
1355 32
1356 31
1357 22
1358 25
1359 26
1360 28
1361 21
1362 20
1363 23
1364 30
1365 25
1366 18
1367 23
1368 21
1369 23
1370 26
1371 19
1372 22
1373 24
1374 30
1375 24
1376 18
1377 28
1378 25
1379 20
1380 14
1381 15
1382 17
1383 30
1384 22
1385 18
1386 30
1387 29
1388 28
1389 19
1390 21
1391 37
1392 23
1393 18
1394 23
1395 11
1396 24
1397 24
1398 22
1399 20
1400 22
1401 31
1402 25
1403 27
1404 24
1405 25
1406 30
1407 18
1408 20
1409 30
1410 21
1411 14
1412 19
1413 32
1414 22
1415 23
1416 14
1417 23
1418 26
1419 24
1420 30
1421 19
1422 18
1423 27
1424 19
1425 22
1426 14
1427 26
1428 27
1429 26
1430 22
1431 28
1432 27
1433 25
1434 20
1435 21
1436 20
1437 28
1438 22
1439 18
1440 25
1441 29
1442 19
1443 22
1444 24
1445 21
1446 23
1447 18
1448 21
1449 26
1450 14
1451 40
1452 20
1453 23
1454 28
1455 25
1456 22
1457 24
1458 33
1459 34
1460 28
1461 19
1462 18
1463 19
1464 28
1465 23
1466 26
1467 15
1468 30
1469 22
1470 30
1471 23
1472 21
1473 22
1474 15
1475 26
1476 22
1477 20
1478 24
1479 20
1480 25
1481 20
1482 26
1483 25
1484 21
1485 21
1486 22
1487 14
1488 25
1489 20
1490 25
1491 20
1492 23
1493 25
1494 19
1495 17
1496 18
1497 16
1498 23
1499 22
1500 29
1501 22
1502 22
1503 19
1504 16
1505 19
1506 27
1507 24
1508 27
1509 24
1510 18
1511 27
1512 26
1513 20
1514 20
1515 19
1516 16
1517 19
1518 18
1519 22
1520 23
1521 21
1522 23
1523 21
1524 22
1525 18
1526 19
1527 18
1528 22
1529 24
1530 28
1531 16
1532 10
1533 28
1534 26
1535 24
1536 19
1537 11
1538 28
1539 24
1540 19
1541 13
1542 20
1543 16
1544 22
1545 16
1546 23
1547 17
1548 19
1549 22
1550 22
1551 21
1552 20
1553 20
1554 17
1555 23
1556 24
1557 23
1558 21
1559 12
1560 15
1561 16
1562 19
1563 27
1564 21
1565 21
1566 20
1567 19
1568 20
1569 17
1570 28
1571 28
1572 22
1573 16
1574 27
1575 18
1576 25
1577 27
1578 19
1579 28
1580 16
1581 19
1582 17
1583 18
1584 18
1585 16
1586 29
1587 23
1588 23
1589 19
1590 14
1591 14
1592 22
1593 17
1594 21
1595 26
1596 18
1597 20
1598 24
1599 16
1600 19
1601 21
1602 24
1603 22
1604 19
1605 19
1606 17
1607 23
1608 27
1609 14
1610 20
1611 12
1612 17
1613 24
1614 18
1615 21
1616 21
1617 17
1618 21
1619 21
1620 20
1621 23
1622 18
1623 22
1624 17
1625 22
1626 30
1627 18
1628 30
1629 17
1630 21
1631 16
1632 21
1633 22
1634 18
1635 10
1636 18
1637 20
1638 12
1639 12
1640 15
1641 29
1642 15
1643 22
1644 21
1645 18
1646 17
1647 26
1648 20
1649 27
1650 20
1651 21
1652 22
1653 21
1654 31
1655 24
1656 17
1657 16
1658 20
1659 17
1660 18
1661 17
1662 19
1663 23
1664 16
1665 24
1666 17
1667 15
1668 22
1669 8
1670 18
1671 20
1672 12
1673 20
1674 17
1675 13
1676 17
1677 14
1678 26
1679 24
1680 16
1681 13
1682 26
1683 24
1684 21
1685 21
1686 24
1687 20
1688 15
1689 19
1690 19
1691 19
1692 13
1693 14
1694 24
1695 16
1696 24
1697 28
1698 18
1699 23
1700 19
1701 23
1702 12
1703 18
1704 23
1705 17
1706 17
1707 20
1708 26
1709 30
1710 22
1711 16
1712 9
1713 31
1714 18
1715 23
1716 19
1717 21
1718 21
1719 22
1720 21
1721 17
1722 17
1723 26
1724 20
1725 20
1726 22
1727 22
1728 20
1729 24
1730 25
1731 21
1732 17
1733 25
1734 32
1735 19
1736 20
1737 19
1738 24
1739 21
1740 22
1741 21
1742 19
1743 15
1744 17
1745 22
1746 23
1747 17
1748 17
1749 16
1750 15
1751 18
1752 16
1753 18
1754 19
1755 15
1756 20
1757 25
1758 17
1759 24
1760 19
1761 28
1762 31
1763 30
1764 32
1765 27
1766 26
1767 32
1768 47
1769 47
1770 47
1771 57
1772 60
1773 53
1774 68
1775 63
1776 74
1777 115
1778 129
1779 190
1780 296
1781 244
1782 162
1783 139
1784 115
1785 173
1786 159
1787 145
1788 126
1789 92
1790 72
1791 62
1792 51
1793 50
1794 26
1795 42
1796 24
1797 28
1798 23
1799 28
1800 26
1801 25
1802 19
1803 22
1804 22
1805 12
1806 24
1807 19
1808 14
1809 24
1810 17
1811 24
1812 21
1813 13
1814 18
1815 18
1816 16
1817 16
1818 20
1819 15
1820 12
1821 18
1822 8
1823 15
1824 24
1825 14
1826 18
1827 20
1828 16
1829 17
1830 27
1831 10
1832 16
1833 20
1834 25
1835 27
1836 16
1837 15
1838 14
1839 13
1840 15
1841 22
1842 22
1843 12
1844 20
1845 15
1846 13
1847 14
1848 15
1849 16
1850 18
1851 19
1852 18
1853 19
1854 22
1855 14
1856 17
1857 23
1858 26
1859 25
1860 17
1861 14
1862 24
1863 24
1864 15
1865 24
1866 18
1867 21
1868 14
1869 13
1870 19
1871 12
1872 14
1873 15
1874 18
1875 17
1876 16
1877 23
1878 18
1879 16
1880 15
1881 15
1882 15
1883 12
1884 17
1885 19
1886 15
1887 16
1888 13
1889 19
1890 15
1891 17
1892 20
1893 19
1894 20
1895 14
1896 21
1897 20
1898 19
1899 20
1900 12
1901 19
1902 19
1903 17
1904 15
1905 18
1906 27
1907 11
1908 15
1909 18
1910 28
1911 21
1912 17
1913 16
1914 19
1915 19
1916 14
1917 20
1918 26
1919 20
1920 18
1921 21
1922 19
1923 17
1924 16
1925 23
1926 15
1927 17
1928 21
1929 20
1930 17
1931 17
1932 21
1933 11
1934 18
1935 24
1936 20
1937 32
1938 19
1939 21
1940 13
1941 16
1942 17
1943 17
1944 20
1945 23
1946 18
1947 17
1948 22
1949 17
1950 21
1951 14
1952 14
1953 13
1954 18
1955 22
1956 21
1957 23
1958 15
1959 15
1960 15
1961 14
1962 10
1963 21
1964 14
1965 24
1966 20
1967 18
1968 26
1969 24
1970 20
1971 21
1972 15
1973 14
1974 24
1975 26
1976 14
1977 14
1978 11
1979 28
1980 15
1981 16
1982 24
1983 21
1984 13
1985 18
1986 14
1987 18
1988 15
1989 18
1990 22
1991 21
1992 25
1993 18
1994 17
1995 22
1996 8
1997 20
1998 31
1999 20
2000 25
2001 23
2002 22
2003 24
2004 27
2005 29
2006 20
2007 31
2008 32
2009 37
2010 42
2011 44
2012 34
2013 45
2014 52
2015 64
2016 75
2017 87
2018 72
2019 68
2020 97
2021 114
2022 116
2023 161
2024 149
2025 183
2026 185
2027 188
2028 247
2029 235
2030 230
2031 284
2032 237
2033 314
2034 290
2035 292
2036 323
2037 394
2038 423
2039 361
2040 353
2041 329
2042 342
2043 287
2044 246
2045 237
2046 201
2047 170
2048 171
2049 165
2050 122
2051 90
2052 70
2053 81
2054 76
2055 65
2056 61
2057 56
2058 39
2059 34
2060 36
2061 26
2062 20
2063 22
2064 25
2065 20
2066 18
2067 17
2068 18
2069 20
2070 21
2071 18
2072 15
2073 19
2074 21
2075 19
2076 23
2077 19
2078 19
2079 14
2080 26
2081 7
2082 11
2083 22
2084 20
2085 23
2086 22
2087 22
2088 11
2089 22
2090 22
2091 14
2092 18
2093 14
2094 17
2095 19
2096 20
2097 15
2098 11
2099 14
2100 10
2101 13
2102 14
2103 20
2104 16
2105 24
2106 24
2107 20
2108 18
2109 25
2110 19
2111 8
2112 18
2113 13
2114 17
2115 11
2116 17
2117 15
2118 21
2119 20
2120 12
2121 15
2122 19
2123 11
2124 17
2125 14
2126 16
2127 13
2128 14
2129 16
2130 17
2131 22
2132 7
2133 18
2134 9
2135 20
2136 23
2137 20
2138 20
2139 19
2140 16
2141 23
2142 14
2143 12
2144 14
2145 13
2146 14
2147 13
2148 17
2149 16
2150 21
2151 15
2152 18
2153 16
2154 14
2155 18
2156 20
2157 17
2158 14
2159 17
2160 15
2161 19
2162 15
2163 20
2164 17
2165 20
2166 13
2167 14
2168 20
2169 24
2170 14
2171 20
2172 16
2173 17
2174 18
2175 12
2176 19
2177 21
2178 20
2179 19
2180 11
2181 16
2182 14
2183 12
2184 22
2185 10
2186 15
2187 11
2188 11
2189 13
2190 9
2191 12
2192 18
2193 10
2194 14
2195 19
2196 23
2197 15
2198 9
2199 10
2200 19
2201 14
2202 12
2203 25
2204 13
2205 16
2206 18
2207 16
2208 21
2209 15
2210 14
2211 20
2212 19
2213 16
2214 23
2215 25
2216 21
2217 19
2218 37
2219 31
2220 41
2221 38
2222 55
2223 56
2224 50
2225 34
2226 56
2227 69
2228 91
2229 88
2230 73
2231 61
2232 85
2233 82
2234 95
2235 86
2236 86
2237 97
2238 76
2239 73
2240 52
2241 68
2242 70
2243 74
2244 66
2245 66
2246 48
2247 50
2248 47
2249 50
2250 38
2251 35
2252 39
2253 24
2254 28
2255 28
2256 30
2257 20
2258 18
2259 16
2260 20
2261 19
2262 9
2263 20
2264 14
2265 14
2266 14
2267 10
2268 13
2269 16
2270 12
2271 16
2272 11
2273 15
2274 15
2275 17
2276 15
2277 19
2278 10
2279 20
2280 10
2281 13
2282 12
2283 11
2284 17
2285 15
2286 18
2287 17
2288 14
2289 10
2290 17
2291 9
2292 17
2293 19
2294 18
2295 11
2296 22
2297 14
2298 17
2299 16
2300 20
2301 16
2302 11
2303 13
2304 8
2305 8
2306 8
2307 16
2308 8
2309 12
2310 17
2311 13
2312 14
2313 13
2314 13
2315 11
2316 12
2317 14
2318 13
2319 22
2320 18
2321 14
2322 10
2323 9
2324 18
2325 13
2326 19
2327 18
2328 15
2329 12
2330 9
2331 13
2332 13
2333 9
2334 11
2335 11
2336 8
2337 13
2338 11
2339 6
2340 13
2341 18
2342 11
2343 11
2344 11
2345 7
2346 8
2347 8
2348 6
2349 13
2350 16
2351 11
2352 8
2353 8
2354 7
2355 11
2356 12
2357 9
2358 15
2359 13
2360 8
2361 16
2362 13
2363 15
2364 9
2365 20
2366 11
2367 14
2368 15
2369 10
2370 11
2371 12
2372 11
2373 16
2374 10
2375 12
2376 9
2377 11
2378 14
2379 10
2380 12
2381 16
2382 13
2383 9
2384 10
2385 19
2386 11
2387 8
2388 8
2389 12
2390 9
2391 16
2392 19
2393 12
2394 20
2395 23
2396 13
2397 11
2398 13
2399 16
2400 11
2401 15
2402 22
2403 12
2404 16
2405 15
2406 10
2407 9
2408 16
2409 13
2410 16
2411 12
2412 12
2413 13
2414 12
2415 13
2416 11
2417 12
2418 13
2419 15
2420 11
2421 16
2422 9
2423 13
2424 16
2425 13
2426 11
2427 14
2428 6
2429 7
2430 11
2431 16
2432 11
2433 10
2434 16
2435 14
2436 9
2437 11
2438 10
2439 11
2440 11
2441 9
2442 10
2443 9
2444 20
2445 11
2446 12
2447 14
2448 11
2449 9
2450 9
2451 11
2452 8
2453 6
2454 12
2455 7
2456 16
2457 13
2458 10
2459 10
2460 17
2461 13
2462 15
2463 15
2464 8
2465 10
2466 10
2467 9
2468 17
2469 8
2470 7
2471 6
2472 14
2473 14
2474 9
2475 14
2476 14
2477 13
2478 8
2479 12
2480 10
2481 15
2482 6
2483 11
2484 13
2485 11
2486 12
2487 7
2488 14
2489 11
2490 13
2491 16
2492 21
2493 24
2494 16
2495 10
2496 14
2497 16
2498 8
2499 10
2500 13
2501 10
2502 16
2503 16
2504 20
2505 20
2506 23
2507 26
2508 27
2509 36
2510 35
2511 26
2512 29
2513 28
2514 33
2515 42
2516 46
2517 48
2518 43
2519 43
2520 36
2521 44
2522 43
2523 52
2524 37
2525 37
2526 46
2527 48
2528 54
2529 51
2530 71
2531 64
2532 77
2533 57
2534 74
2535 42
2536 36
2537 47
2538 37
2539 21
2540 24
2541 25
2542 17
2543 34
2544 26
2545 22
2546 22
2547 16
2548 19
2549 19
2550 18
2551 9
2552 17
2553 15
2554 17
2555 14
2556 19
2557 21
2558 20
2559 15
