0 43
1 31
2 24
3 33
4 27
5 26
6 31
7 33
8 35
9 26
10 32
11 47
12 38
13 51
14 41
15 37
16 38
17 28
18 31
19 36
20 37
21 26
22 34
23 30
24 34
25 24
26 31
27 37
28 34
29 41
30 36
31 35
32 42
33 33
34 32
35 36
36 31
37 30
38 33
39 45
40 36
41 46
42 33
43 36
44 43
45 33
46 34
47 33
48 34
49 32
50 26
51 34
52 41
53 38
54 31
55 40
56 34
57 43
58 37
59 34
60 29
61 41
62 32
63 31
64 32
65 39
66 29
67 32
68 32
69 30
70 34
71 35
72 38
73 40
74 25
75 30
76 32
77 34
78 39
79 36
80 39
81 27
82 38
83 30
84 40
85 29
86 34
87 31
88 29
89 34
90 38
91 39
92 26
93 46
94 41
95 41
96 38
97 39
98 37
99 35
100 37
101 31
102 30
103 33
104 37
105 35
106 32
107 36
108 29
109 42
110 47
111 46
112 40
113 32
114 39
115 32
116 35
117 31
118 35
119 32
120 37
121 31
122 22
123 26
124 31
125 28
126 32
127 45
128 36
129 35
130 40
131 48
132 50
133 38
134 36
135 40
136 27
137 32
138 38
139 39
140 25
141 33
142 39
143 39
144 38
145 44
146 39
147 41
148 36
149 34
150 37
151 35
152 41
153 25
154 30
155 38
156 33
157 43
158 33
159 29
160 28
161 33
162 35
163 42
164 36
165 44
166 48
167 38
168 32
169 32
170 33
171 46
172 34
173 39
174 40
175 45
176 39
177 43
178 37
179 41
180 34
181 42
182 27
183 53
184 36
185 31
186 31
187 35
188 41
189 38
190 30
191 32
192 37
193 26
194 35
195 41
196 45
197 31
198 32
199 37
200 40
201 48
202 38
203 34
204 32
205 36
206 29
207 37
208 42
209 41
210 34
211 26
212 33
213 41
214 28
215 37
216 45
217 28
218 28
219 43
220 39
221 26
222 37
223 32
224 36
225 32
226 49
227 48
228 39
229 55
230 47
231 47
232 27
233 33
234 28
235 39
236 40
237 37
238 27
239 28
240 37
241 36
242 44
243 39
244 42
245 40
246 32
247 34
248 29
249 54
250 32
251 42
252 40
253 37
254 45
255 39
256 46
257 36
258 30
259 33
260 36
261 54
262 35
263 44
264 44
265 39
266 46
267 40
268 39
269 41
270 44
271 34
272 36
273 38
274 45
275 38
276 29
277 40
278 41
279 36
280 41
281 38
282 33
283 39
284 40
285 38
286 42
287 41
288 41
289 44
290 32
291 56
292 26
293 34
294 39
295 40
296 49
297 45
298 34
299 35
300 44
301 37
302 49
303 32
304 48
305 35
306 32
307 34
308 42
309 40
310 32
311 34
312 47
313 42
314 31
315 21
316 43
317 40
318 52
319 34
320 45
321 40
322 46
323 38
324 43
325 39
326 38
327 46
328 41
329 39
330 49
331 41
332 33
333 31
334 43
335 40
336 31
337 39
338 37
339 37
340 37
341 49
342 41
343 37
344 45
345 50
346 46
347 28
348 37
349 34
350 35
351 40
352 44
353 35
354 36
355 36
356 41
357 31
358 47
359 31
360 41
361 50
362 35
363 41
364 44
365 49
366 37
367 36
368 35
369 38
370 39
371 40
372 33
373 37
374 24
375 35
376 38
377 25
378 42
379 49
380 34
381 35
382 36
383 41
384 42
385 37
386 55
387 34
388 44
389 45
390 52
391 50
392 40
393 32
394 37
395 39
396 25
397 39
398 37
399 29
400 38
401 35
402 39
403 36
404 31
405 44
406 30
407 36
408 35
409 47
410 35
411 43
412 39
413 40
414 41
415 44
416 40
417 46
418 35
419 49
420 42
421 32
422 46
423 43
424 39
425 43
426 49
427 37
428 38
429 43
430 45
431 37
432 43
433 52
434 42
435 50
436 54
437 51
438 41
439 41
440 45
441 31
442 42
443 39
444 43
445 38
446 38
447 33
448 37
449 39
450 35
451 43
452 41
453 45
454 44
455 51
456 43
457 36
458 38
459 44
460 35
461 34
462 39
463 36
464 41
465 34
466 43
467 54
468 36
469 36
470 47
471 40
472 35
473 42
474 39
475 39
476 34
477 46
478 45
479 41
480 28
481 37
482 45
483 38
484 39
485 42
486 37
487 50
488 38
489 39
490 44
491 45
492 40
493 50
494 51
495 53
496 59
497 45
498 53
499 55
500 77
501 64
502 81
503 81
504 83
505 93
506 77
507 95
508 80
509 82
510 84
511 104
512 76
513 104
514 125
515 123
516 103
517 122
518 103
519 127
520 96
521 93
522 72
523 45
524 47
525 59
526 58
527 41
528 32
529 47
530 47
531 60
532 38
533 53
534 46
535 42
536 37
537 39
538 45
539 37
540 39
541 54
542 41
543 53
544 42
545 42
546 41
547 44
548 44
549 47
550 46
551 46
552 44
553 42
554 40
555 47
556 41
557 43
558 41
559 43
560 40
561 38
562 47
563 45
564 34
565 41
566 37
567 31
568 51
569 48
570 43
571 36
572 42
573 40
574 42
575 54
576 41
577 39
578 38
579 52
580 53
581 45
582 43
583 48
584 50
585 42
586 42
587 63
588 35
589 30
590 43
591 35
592 56
593 34
594 48
595 42
596 43
597 34
598 50
599 30
600 46
601 44
602 45
603 38
604 36
605 44
606 40
607 37
608 42
609 41
610 40
611 34
612 33
613 37
614 53
615 45
616 43
617 45
618 36
619 40
620 33
621 47
622 43
623 39
624 33
625 50
626 32
627 36
628 40
629 36
630 41
631 41
632 37
633 43
634 38
635 44
636 48
637 62
638 43
639 30
640 30
641 23
642 56
643 37
644 43
645 59
646 40
647 27
648 47
649 40
650 42
651 35
652 48
653 40
654 36
655 38
656 41
657 39
658 46
659 49
660 31
661 40
662 32
663 43
664 41
665 50
666 45
667 49
668 52
669 39
670 37
671 43
672 45
673 42
674 51
675 39
676 30
677 43
678 36
679 45
680 42
681 42
682 42
683 45
684 51
685 37
686 33
687 30
688 46
689 39
690 39
691 47
692 43
693 28
694 56
695 37
696 37
697 40
698 32
699 42
700 49
701 36
702 46
703 33
704 35
705 44
706 40
707 37
708 50
709 37
710 45
711 45
712 38
713 41
714 45
715 40
716 42
717 44
718 33
719 28
720 42
721 62
722 49
723 36
724 48
725 35
726 50
727 36
728 49
729 38
730 34
731 40
732 41
733 33
734 26
735 32
736 34
737 36
738 28
739 46
740 39
741 32
742 44
743 32
744 32
745 33
746 41
747 38
748 42
749 38
750 38
751 46
752 41
753 40
754 49
755 40
756 34
757 39
758 41
759 40
760 30
761 45
762 42
763 49
764 31
765 40
766 39
767 43
768 30
769 36
770 36
771 51
772 39
773 27
774 31
775 45
776 43
777 29
778 33
779 45
780 30
781 31
782 46
783 35
784 48
785 40
786 46
787 41
788 50
789 45
790 40
791 51
792 30
793 40
794 34
795 31
796 41
797 29
798 36
799 38
800 43
801 32
802 43
803 42
804 46
805 33
806 32
807 40
808 37
809 40
810 46
811 49
812 37
813 48
814 32
815 34
816 38
817 27
818 39
819 37
820 31
821 48
822 45
823 48
824 55
825 34
826 36
827 44
828 46
829 35
830 41
831 41
832 29
833 34
834 34
835 49
836 35
837 39
838 50
839 36
840 37
841 47
842 46
843 36
844 40
845 29
846 35
847 43
848 41
849 37
850 47
851 32
852 28
853 33
854 38
855 43
856 41
857 36
858 23
859 31
860 41
861 33
862 37
863 44
864 40
865 31
866 27
867 37
868 40
869 44
870 39
871 32
872 40
873 35
874 32
875 46
876 33
877 38
878 37
879 41
880 38
881 47
882 33
883 44
884 45
885 31
886 36
887 31
888 35
889 37
890 47
891 33
892 28
893 35
894 31
895 37
896 36
897 47
898 36
899 42
900 25
901 40
902 37
903 38
904 34
905 41
906 35
907 35
908 46
909 37
910 27
911 27
912 37
913 35
914 35
915 37
916 35
917 39
918 33
919 48
920 43
921 36
922 37
923 40
924 37
925 35
926 30
927 41
928 35
929 33
930 33
931 32
932 40
933 44
934 39
935 45
936 28
937 44
938 49
939 35
940 40
941 32
942 40
943 28
944 41
945 34
946 33
947 32
948 45
949 35
950 36
951 36
952 44
953 29
954 40
955 36
956 39
957 41
958 41
959 33
960 28
961 42
962 43
963 41
964 41
965 32
966 34
967 42
968 39
969 36
970 33
971 34
972 34
973 42
974 37
975 47
976 45
977 33
978 51
979 36
980 37
981 48
982 34
983 39
984 38
985 40
986 30
987 39
988 37
989 29
990 42
991 30
992 34
993 38
994 19
995 36
996 41
997 42
998 45
999 44
1000 52
1001 40
1002 51
1003 46
1004 58
1005 71
1006 79
1007 111
1008 128
1009 135
1010 123
1011 126
1012 151
1013 144
1014 185
1015 211
1016 299
1017 362
1018 296
1019 306
1020 305
1021 369
1022 396
1023 394
1024 373
1025 438
1026 494
1027 590
1028 555
1029 469
1030 340
1031 351
1032 290
1033 243
1034 196
1035 144
1036 97
1037 67
1038 50
1039 49
1040 31
1041 29
1042 47
1043 37
1044 35
1045 32
1046 39
1047 35
1048 41
1049 35
1050 35
1051 51
1052 34
1053 35
1054 40
1055 50
1056 35
1057 37
1058 40
1059 39
1060 32
1061 31
1062 32
1063 39
1064 35
1065 54
1066 37
1067 35
1068 37
1069 38
1070 36
1071 50
1072 33
1073 27
1074 30
1075 38
1076 40
1077 50
1078 23
1079 29
1080 35
1081 36
1082 37
1083 30
1084 23
1085 39
1086 50
1087 29
1088 36
1089 39
1090 41
1091 34
1092 32
1093 27
1094 35
1095 41
1096 35
1097 36
1098 38
1099 39
1100 28
1101 28
1102 41
1103 37
1104 34
1105 30
1106 31
1107 32
1108 42
1109 35
1110 37
1111 39
1112 24
1113 34
1114 38
1115 35
1116 33
1117 24
1118 34
1119 29
1120 24
1121 38
1122 33
1123 23
1124 32
1125 21
1126 33
1127 35
1128 30
1129 29
1130 36
1131 34
1132 31
1133 34
1134 34
1135 29
1136 32
1137 38
1138 31
1139 38
1140 39
1141 30
1142 41
1143 31
1144 35
1145 41
1146 31
1147 43
1148 45
1149 38
1150 53
1151 64
1152 85
1153 89
1154 62
1155 71
1156 69
1157 64
1158 63
1159 66
1160 93
1161 117
1162 101
1163 48
1164 57
1165 51
1166 57
1167 32
1168 38
1169 31
1170 36
1171 31
1172 37
1173 27
1174 33
1175 28
1176 35
1177 29
1178 32
1179 28
1180 36
1181 29
1182 37
1183 44
1184 24
1185 34
1186 49
1187 35
1188 42
1189 37
1190 29
1191 23
1192 36
1193 32
1194 34
1195 31
1196 25
1197 29
1198 38
1199 31
1200 21
1201 33
1202 34
1203 30
1204 27
1205 26
1206 24
1207 27
1208 32
1209 36
1210 32
1211 34
1212 34
1213 36
1214 41
1215 46
1216 28
1217 33
1218 30
1219 29
1220 39
1221 34
1222 29
1223 30
1224 32
1225 37
1226 27
1227 29
1228 37
1229 27
1230 25
1231 22
1232 40
1233 24
1234 28
1235 31
1236 35
1237 32
1238 38
1239 33
1240 28
1241 31
1242 31
1243 29
1244 34
1245 28
1246 28
1247 33
1248 29
1249 36
1250 42
1251 34
1252 22
1253 30
1254 32
1255 35
1256 32
1257 22
1258 30
1259 18
1260 27
1261 20
1262 29
1263 37
1264 24
1265 26
1266 29
1267 27
1268 22
1269 26
1270 35
1271 15
1272 27
1273 12
1274 23
1275 14
1276 15
1277 27
1278 16
1279 21
1280 40
1281 26
1282 29
1283 40
1284 21
1285 34
1286 42
1287 46
1288 58
1289 58
1290 72
1291 79
1292 79
1293 92
1294 97
1295 104
1296 108
1297 116
1298 118
1299 131
1300 129
1301 177
1302 199
1303 168
1304 237
1305 230
1306 239
1307 220
1308 265
1309 194
1310 144
1311 127
1312 143
1313 168
1314 160
1315 84
1316 70
1317 64
1318 61
1319 61
1320 50
1321 43
1322 42
1323 35
1324 31
1325 30
1326 26
1327 31
1328 25
1329 32
1330 28
1331 29
1332 23
1333 25
1334 30
1335 29
1336 33
1337 34
1338 30
1339 19
1340 29
1341 17
1342 22
1343 17
1344 24
1345 29
1346 28
1347 22
1348 29
1349 35
1350 35
1351 20
1352 29
1353 23
1354 27
1355 24
1356 21
1357 35
1358 30
1359 22
1360 22
1361 26
1362 24
1363 17
1364 26
1365 25
1366 22
1367 13
1368 19
1369 20
1370 14
1371 26
1372 20
1373 30
1374 25
1375 26
1376 24
1377 29
1378 26
1379 20
1380 20
1381 23
1382 24
1383 19
1384 28
1385 16
1386 29
1387 39
1388 27
1389 20
1390 17
1391 17
1392 24
1393 15
1394 21
1395 26
1396 23
1397 21
1398 32
1399 28
1400 24
1401 19
1402 22
1403 14
1404 27
1405 35
1406 24
1407 29
1408 28
1409 20
1410 37
1411 29
1412 21
1413 23
1414 27
1415 22
1416 23
1417 28
1418 23
1419 19
1420 24
1421 23
1422 28
1423 21
1424 27
1425 19
1426 22
1427 20
1428 15
1429 23
1430 19
1431 22
1432 28
1433 30
1434 24
1435 28
1436 34
1437 29
1438 8
1439 17
1440 25
1441 23
1442 20
1443 21
1444 17
1445 26
1446 26
1447 22
1448 22
1449 18
1450 19
1451 25
1452 20
1453 19
1454 18
1455 20
1456 26
1457 31
1458 21
1459 28
1460 20
1461 30
1462 29
1463 30
1464 17
1465 23
1466 18
1467 18
1468 20
1469 23
1470 25
1471 25
1472 18
1473 21
1474 26
1475 18
1476 17
1477 16
1478 15
1479 24
1480 25
1481 20
1482 20
1483 20
1484 27
1485 34
1486 21
1487 24
1488 21
1489 26
1490 25
1491 28
1492 23
1493 17
1494 25
1495 35
1496 23
1497 26
1498 19
1499 27
1500 28
1501 27
1502 23
1503 26
1504 26
1505 19
1506 20
1507 18
1508 18
1509 21
1510 26
1511 19
1512 17
1513 17
1514 20
1515 30
1516 22
1517 17
1518 18
1519 21
1520 25
1521 22
1522 32
1523 17
1524 27
1525 17
1526 14
1527 16
1528 21
1529 23
1530 16
1531 11
1532 19
1533 19
1534 24
1535 15
1536 20
1537 20
1538 21
1539 20
1540 24
1541 21
1542 21
1543 19
1544 16
1545 17
1546 21
1547 27
1548 24
1549 20
1550 22
1551 20
1552 21
1553 20
1554 20
1555 27
1556 27
1557 26
1558 25
1559 14
1560 30
1561 20
1562 18
1563 23
1564 23
1565 21
1566 27
1567 17
1568 19
1569 17
1570 20
1571 20
1572 21
1573 12
1574 19
1575 19
1576 16
1577 17
1578 20
1579 28
1580 21
1581 26
1582 20
1583 22
1584 21
1585 17
1586 17
1587 24
1588 25
1589 30
1590 25
1591 21
1592 26
1593 25
1594 22
1595 21
1596 24
1597 22
1598 25
1599 22
1600 18
1601 19
1602 22
1603 24
1604 25
1605 21
1606 10
1607 24
1608 15
1609 18
1610 21
1611 22
1612 19
1613 21
1614 13
1615 21
1616 16
1617 18
1618 25
1619 27
1620 14
1621 18
1622 10
1623 26
1624 21
1625 24
1626 19
1627 20
1628 19
1629 22
1630 22
1631 23
1632 21
1633 14
1634 18
1635 19
1636 20
1637 21
1638 23
1639 20
1640 14
1641 17
1642 14
1643 17
1644 21
1645 21
1646 18
1647 14
1648 19
1649 20
1650 23
1651 16
1652 18
1653 21
1654 20
1655 17
1656 23
1657 20
1658 15
1659 16
1660 27
1661 21
1662 26
1663 23
1664 18
1665 16
1666 23
1667 18
1668 27
1669 22
1670 18
1671 21
1672 10
1673 20
1674 25
1675 17
1676 21
1677 23
1678 23
1679 21
1680 30
1681 22
1682 17
1683 17
1684 22
1685 21
1686 18
1687 18
1688 25
1689 23
1690 25
1691 28
1692 18
1693 26
1694 23
1695 23
1696 22
1697 16
1698 25
1699 31
1700 29
1701 14
1702 21
1703 28
1704 29
1705 22
1706 24
1707 22
1708 28
1709 26
1710 32
1711 29
1712 25
1713 29
1714 20
1715 18
1716 24
1717 19
1718 16
1719 11
1720 19
1721 17
1722 29
1723 21
1724 23
1725 16
1726 25
1727 24
1728 16
1729 22
1730 19
1731 23
1732 23
1733 16
1734 32
1735 44
1736 30
1737 35
1738 21
1739 26
1740 32
1741 24
1742 25
1743 40
1744 63
1745 81
1746 70
1747 37
1748 36
1749 42
1750 45
1751 54
1752 72
1753 69
1754 68
1755 74
1756 97
1757 112
1758 121
1759 114
1760 81
1761 97
1762 156
1763 131
1764 95
1765 78
1766 61
1767 60
1768 106
1769 102
1770 88
1771 56
1772 46
1773 67
1774 38
1775 41
1776 29
1777 34
1778 44
1779 29
1780 28
1781 19
1782 15
1783 17
1784 19
1785 11
1786 18
1787 24
1788 22
1789 24
1790 18
1791 16
1792 11
1793 15
1794 24
1795 17
1796 17
1797 16
1798 22
1799 13
1800 22
1801 19
1802 20
1803 14
1804 16
1805 19
1806 20
1807 24
1808 23
1809 17
1810 22
1811 14
1812 16
1813 27
1814 12
1815 23
1816 23
1817 16
1818 22
1819 10
1820 19
1821 23
1822 18
1823 21
1824 22
1825 18
1826 17
1827 13
1828 15
1829 21
1830 20
1831 18
1832 20
1833 23
1834 21
1835 25
1836 7
1837 14
1838 16
1839 17
1840 18
1841 20
1842 21
1843 9
1844 18
1845 19
1846 16
1847 21
1848 18
1849 13
1850 22
1851 14
1852 10
1853 21
1854 19
1855 12
1856 17
1857 24
1858 18
1859 18
1860 12
1861 11
1862 15
1863 16
1864 22
1865 16
1866 20
1867 11
1868 21
1869 19
1870 28
1871 18
1872 6
1873 18
1874 18
1875 17
1876 26
1877 13
1878 18
1879 17
1880 14
1881 16
1882 20
1883 13
1884 13
1885 16
1886 18
1887 17
1888 13
1889 22
1890 21
1891 21
1892 20
1893 11
1894 30
1895 19
1896 19
1897 20
1898 16
1899 19
1900 9
1901 10
1902 17
1903 15
1904 16
1905 21
1906 21
1907 11
1908 14
1909 16
1910 17
1911 15
1912 25
1913 19
1914 12
1915 19
1916 13
1917 18
1918 22
1919 24
1920 18
1921 18
1922 8
1923 19
1924 13
1925 14
1926 31
1927 30
1928 16
1929 10
1930 19
1931 18
1932 19
1933 24
1934 21
1935 29
1936 24
1937 18
1938 20
1939 16
1940 20
1941 25
1942 23
1943 18
1944 24
1945 16
1946 22
1947 19
1948 22
1949 18
1950 16
1951 18
1952 13
1953 12
1954 18
1955 25
1956 21
1957 22
1958 18
1959 15
1960 23
1961 24
1962 20
1963 14
1964 17
1965 19
1966 21
1967 20
1968 23
1969 16
1970 24
1971 17
1972 22
1973 12
1974 21
1975 26
1976 24
1977 19
1978 25
1979 21
1980 27
1981 23
1982 20
1983 28
1984 31
1985 29
1986 32
1987 30
1988 54
1989 63
1990 50
1991 57
1992 55
1993 55
1994 71
1995 68
1996 88
1997 96
1998 107
1999 146
2000 138
2001 176
2002 223
2003 218
2004 217
2005 245
2006 255
2007 233
2008 272
2009 328
2010 439
2011 432
2012 390
2013 423
2014 424
2015 449
2016 415
2017 380
2018 351
2019 410
2020 373
2021 283
2022 260
2023 292
2024 233
2025 201
2026 169
2027 149
2028 115
2029 102
2030 68
2031 64
2032 46
2033 60
2034 39
2035 38
2036 27
2037 27
2038 37
2039 33
2040 14
2041 20
2042 17
2043 18
2044 21
2045 21
2046 26
2047 18
2048 22
2049 28
2050 20
2051 25
2052 16
2053 21
2054 17
2055 9
2056 19
2057 20
2058 16
2059 14
2060 19
2061 26
2062 16
2063 20
2064 18
2065 17
2066 17
2067 21
2068 16
2069 13
2070 15
2071 12
2072 9
2073 12
2074 19
2075 13
2076 15
2077 16
2078 14
2079 20
2080 15
2081 13
2082 10
2083 19
2084 16
2085 20
2086 21
2087 9
2088 16
2089 23
2090 12
2091 15
2092 13
2093 19
2094 15
2095 18
2096 17
2097 17
2098 11
2099 12
2100 16
2101 15
2102 19
2103 14
2104 16
2105 15
2106 21
2107 14
2108 18
2109 16
2110 10
2111 24
2112 20
2113 15
2114 23
2115 19
2116 15
2117 18
2118 18
2119 12
2120 19
2121 14
2122 17
2123 21
2124 15
2125 14
2126 22
2127 13
2128 20
2129 19
2130 20
2131 17
2132 17
2133 15
2134 16
2135 22
2136 18
2137 21
2138 21
2139 14
2140 15
2141 19
2142 17
2143 15
2144 12
2145 11
2146 14
2147 22
2148 20
2149 20
2150 15
2151 11
2152 23
2153 23
2154 14
2155 13
2156 25
2157 18
2158 18
2159 11
2160 9
2161 14
2162 19
2163 15
2164 20
2165 19
2166 22
2167 17
2168 15
2169 18
2170 16
2171 9
2172 25
2173 14
2174 19
2175 22
2176 17
2177 10
2178 16
2179 14
2180 13
2181 22
2182 23
2183 17
2184 28
2185 16
2186 15
2187 25
2188 18
2189 29
2190 16
2191 24
2192 24
2193 23
2194 34
2195 26
2196 38
2197 30
2198 33
2199 23
2200 49
2201 59
2202 45
2203 54
2204 48
2205 68
2206 79
2207 72
2208 84
2209 85
2210 92
2211 93
2212 108
2213 81
2214 80
2215 81
2216 74
2217 106
2218 94
2219 91
2220 63
2221 56
2222 63
2223 64
2224 48
2225 49
2226 35
2227 42
2228 29
2229 31
2230 33
2231 20
2232 18
2233 29
2234 23
2235 24
2236 27
2237 21
2238 21
2239 18
2240 17
2241 13
2242 14
2243 15
2244 18
2245 24
2246 18
2247 14
2248 10
2249 15
2250 25
2251 19
2252 15
2253 19
2254 15
2255 11
2256 14
2257 11
2258 6
2259 15
2260 14
2261 12
2262 21
2263 16
2264 13
2265 14
2266 12
2267 11
2268 16
2269 19
2270 16
2271 9
2272 11
2273 13
2274 15
2275 11
2276 14
2277 10
2278 14
2279 15
2280 16
2281 13
2282 18
2283 13
2284 9
2285 17
2286 14
2287 13
2288 10
2289 9
2290 10
2291 11
2292 12
2293 17
2294 11
2295 11
2296 10
2297 15
2298 13
2299 14
2300 14
2301 15
2302 15
2303 13
2304 12
2305 13
2306 10
2307 16
2308 13
2309 14
2310 12
2311 11
2312 12
2313 11
2314 12
2315 14
2316 13
2317 19
2318 16
2319 16
2320 10
2321 9
2322 6
2323 15
2324 14
2325 13
2326 12
2327 14
2328 13
2329 14
2330 16
2331 13
2332 16
2333 8
2334 15
2335 20
2336 16
2337 10
2338 16
2339 12
2340 8
2341 16
2342 13
2343 18
2344 5
2345 8
2346 21
2347 17
2348 9
2349 13
2350 9
2351 16
2352 16
2353 14
2354 12
2355 12
2356 10
2357 7
2358 12
2359 13
2360 14
2361 19
2362 14
2363 8
2364 14
2365 13
2366 16
2367 9
2368 14
2369 9
2370 9
2371 8
2372 16
2373 15
2374 11
2375 11
2376 11
2377 12
2378 11
2379 9
2380 9
2381 13
2382 16
2383 11
2384 14
2385 11
2386 16
2387 11
2388 15
2389 10
2390 10
2391 10
2392 12
2393 9
2394 11
2395 14
2396 14
2397 14
2398 15
2399 11
2400 10
2401 8
2402 15
2403 13
2404 7
2405 16
2406 13
2407 15
2408 21
2409 12
2410 16
2411 9
2412 11
2413 15
2414 10
2415 17
2416 11
2417 19
2418 17
2419 11
2420 18
2421 9
2422 10
2423 12
2424 17
2425 10
2426 16
2427 10
2428 12
2429 13
2430 13
2431 16
2432 18
2433 10
2434 12
2435 14
2436 17
2437 8
2438 13
2439 11
2440 13
2441 18
2442 6
2443 11
2444 12
2445 15
2446 8
2447 12
2448 9
2449 11
2450 11
2451 9
2452 9
2453 17
2454 16
2455 7
2456 10
2457 12
2458 7
2459 9
2460 8
2461 9
2462 13
2463 12
2464 18
2465 20
2466 11
2467 9
2468 14
2469 14
2470 16
2471 18
2472 16
2473 12
2474 11
2475 21
2476 24
2477 21
2478 24
2479 22
2480 36
2481 20
2482 23
2483 20
2484 26
2485 29
2486 32
2487 31
2488 25
2489 33
2490 38
2491 41
2492 47
2493 68
2494 64
2495 105
2496 78
2497 63
2498 83
2499 56
2500 57
2501 62
2502 52
2503 60
2504 77
2505 76
2506 49
2507 57
2508 76
2509 62
2510 71
2511 57
2512 51
2513 40
2514 43
2515 52
2516 41
2517 30
2518 30
2519 22
2520 27
2521 25
2522 8
2523 20
2524 10
2525 15
2526 17
2527 11
2528 12
2529 14
2530 16
2531 17
2532 12
2533 7
2534 8
2535 23
2536 11
2537 7
2538 10
2539 14
2540 10
2541 9
2542 14
2543 12
2544 12
2545 9
2546 10
2547 12
2548 13
2549 12
2550 12
2551 14
2552 10
2553 9
2554 16
2555 11
2556 19
2557 12
2558 15
2559 12
