0 30
1 30
2 33
3 38
4 29
5 36
6 31
7 29
8 29
9 43
10 33
11 23
12 44
13 28
14 30
15 23
16 26
17 31
18 24
19 27
20 37
21 35
22 27
23 35
24 34
25 40
26 41
27 29
28 19
29 34
30 30
31 47
32 40
33 29
34 35
35 23
36 25
37 28
38 27
39 27
40 31
41 42
42 26
43 27
44 21
45 35
46 26
47 27
48 35
49 32
50 47
51 37
52 35
53 34
54 37
55 31
56 30
57 37
58 30
59 28
60 26
61 30
62 26
63 35
64 34
65 25
66 30
67 42
68 37
69 37
70 41
71 37
72 28
73 41
74 38
75 34
76 33
77 33
78 32
79 35
80 18
81 27
82 32
83 53
84 36
85 39
86 28
87 30
88 34
89 25
90 33
91 39
92 25
93 38
94 32
95 29
96 32
97 27
98 28
99 41
100 23
101 32
102 31
103 41
104 39
105 35
106 28
107 35
108 29
109 30
110 41
111 25
112 34
113 42
114 27
115 33
116 33
117 41
118 37
119 48
120 33
121 36
122 34
123 39
124 28
125 33
126 26
127 31
128 34
129 37
130 30
131 34
132 39
133 39
134 30
135 35
136 36
137 34
138 32
139 26
140 48
141 30
142 29
143 36
144 45
145 35
146 37
147 45
148 21
149 38
150 28
151 32
152 31
153 29
154 41
155 44
156 34
157 26
158 33
159 26
160 34
161 33
162 32
163 29
164 34
165 26
166 32
167 39
168 35
169 34
170 39
171 38
172 36
173 32
174 26
175 36
176 37
177 33
178 42
179 30
180 31
181 35
182 39
183 33
184 44
185 29
186 35
187 32
188 30
189 28
190 23
191 40
192 45
193 30
194 36
195 24
196 38
197 35
198 31
199 45
200 35
201 26
202 19
203 33
204 28
205 29
206 35
207 33
208 25
209 31
210 38
211 41
212 33
213 46
214 43
215 34
216 34
217 41
218 44
219 38
220 39
221 29
222 42
223 47
224 36
225 31
226 26
227 34
228 43
229 37
230 38
231 33
232 32
233 35
234 40
235 39
236 24
237 36
238 40
239 32
240 35
241 25
242 32
243 30
244 34
245 34
246 38
247 39
248 31
249 40
250 28
251 37
252 28
253 36
254 41
255 37
256 48
257 24
258 33
259 43
260 38
261 46
262 24
263 25
264 43
265 26
266 33
267 26
268 41
269 34
270 38
271 39
272 46
273 39
274 37
275 44
276 32
277 34
278 26
279 28
280 40
281 33
282 26
283 29
284 38
285 29
286 24
287 39
288 24
289 41
290 36
291 34
292 36
293 35
294 40
295 36
296 35
297 37
298 41
299 41
300 35
301 46
302 42
303 28
304 43
305 36
306 38
307 39
308 41
309 34
310 31
311 28
312 39
313 36
314 42
315 40
316 33
317 42
318 48
319 26
320 40
321 36
322 26
323 32
324 39
325 30
326 33
327 31
328 36
329 34
330 34
331 30
332 42
333 37
334 28
335 31
336 28
337 39
338 40
339 36
340 42
341 42
342 37
343 30
344 27
345 47
346 32
347 34
348 37
349 38
350 30
351 44
352 41
353 48
354 43
355 43
356 43
357 39
358 39
359 36
360 48
361 38
362 42
363 34
364 42
365 36
366 30
367 34
368 40
369 46
370 35
371 43
372 38
373 46
374 33
375 37
376 38
377 39
378 40
379 21
380 35
381 35
382 37
383 31
384 34
385 38
386 36
387 38
388 34
389 34
390 36
391 41
392 45
393 47
394 35
395 54
396 48
397 46
398 36
399 35
400 39
401 41
402 41
403 47
404 54
405 46
406 52
407 38
408 28
409 39
410 38
411 43
412 48
413 39
414 51
415 39
416 42
417 42
418 51
419 53
420 38
421 38
422 42
423 44
424 40
425 53
426 38
427 37
428 36
429 37
430 31
431 39
432 25
433 55
434 49
435 39
436 47
437 47
438 37
439 37
440 44
441 44
442 31
443 34
444 40
445 38
446 39
447 44
448 38
449 34
450 39
451 27
452 41
453 35
454 41
455 28
456 42
457 55
458 40
459 41
460 34
461 34
462 43
463 35
464 40
465 35
466 43
467 41
468 39
469 33
470 30
471 38
472 37
473 49
474 42
475 31
476 37
477 48
478 38
479 30
480 22
481 26
482 33
483 39
484 45
485 37
486 39
487 35
488 45
489 55
490 39
491 47
492 30
493 35
494 34
495 37
496 37
497 37
498 49
499 39
500 44
501 27
502 34
503 44
504 39
505 56
506 38
507 44
508 33
509 37
510 54
511 55
512 55
513 59
514 43
515 49
516 45
517 64
518 60
519 57
520 50
521 55
522 65
523 64
524 59
525 107
526 116
527 130
528 104
529 118
530 107
531 72
532 63
533 86
534 70
535 66
536 78
537 103
538 83
539 99
540 101
541 92
542 129
543 130
544 132
545 112
546 106
547 82
548 67
549 57
550 48
551 36
552 37
553 40
554 40
555 33
556 41
557 40
558 34
559 45
560 38
561 35
562 36
563 40
564 43
565 38
566 57
567 42
568 33
569 37
570 38
571 40
572 37
573 46
574 35
575 36
576 35
577 48
578 34
579 36
580 38
581 37
582 35
583 39
584 45
585 55
586 32
587 32
588 50
589 25
590 38
591 42
592 45
593 49
594 35
595 48
596 39
597 38
598 50
599 41
600 30
601 38
602 41
603 34
604 54
605 44
606 37
607 36
608 41
609 31
610 45
611 35
612 58
613 44
614 33
615 37
616 41
617 40
618 28
619 41
620 44
621 33
622 38
623 47
624 38
625 35
626 35
627 37
628 41
629 44
630 44
631 47
632 40
633 30
634 29
635 44
636 33
637 49
638 41
639 48
640 37
641 43
642 34
643 35
644 49
645 40
646 36
647 46
648 35
649 45
650 52
651 45
652 42
653 47
654 42
655 42
656 38
657 44
658 33
659 40
660 44
661 37
662 40
663 42
664 29
665 35
666 43
667 50
668 47
669 45
670 31
671 39
672 47
673 43
674 37
675 44
676 38
677 42
678 37
679 33
680 43
681 46
682 36
683 36
684 40
685 38
686 41
687 44
688 32
689 40
690 35
691 42
692 39
693 41
694 53
695 47
696 41
697 31
698 45
699 30
700 37
701 37
702 37
703 43
704 38
705 45
706 42
707 34
708 27
709 38
710 33
711 36
712 32
713 42
714 37
715 35
716 50
717 37
718 41
719 40
720 38
721 42
722 36
723 49
724 28
725 28
726 35
727 42
728 34
729 44
730 40
731 44
732 36
733 30
734 28
735 40
736 30
737 30
738 33
739 42
740 44
741 36
742 38
743 49
744 41
745 44
746 44
747 38
748 33
749 36
750 28
751 37
752 32
753 43
754 48
755 37
756 47
757 37
758 38
759 45
760 30
761 50
762 43
763 37
764 40
765 44
766 37
767 47
768 37
769 33
770 35
771 45
772 35
773 41
774 47
775 44
776 30
777 40
778 30
779 44
780 19
781 44
782 29
783 36
784 35
785 29
786 42
787 27
788 28
789 36
790 36
791 38
792 47
793 46
794 36
795 41
796 31
797 35
798 46
799 38
800 34
801 39
802 43
803 37
804 37
805 38
806 36
807 48
808 44
809 35
810 44
811 35
812 40
813 31
814 42
815 23
816 30
817 48
818 40
819 37
820 34
821 30
822 39
823 53
824 50
825 46
826 41
827 37
828 29
829 33
830 36
831 40
832 35
833 41
834 44
835 31
836 39
837 45
838 33
839 35
840 32
841 27
842 38
843 33
844 41
845 21
846 40
847 37
848 30
849 44
850 39
851 38
852 32
853 31
854 31
855 48
856 41
857 39
858 37
859 28
860 35
861 40
862 46
863 35
864 37
865 41
866 34
867 34
868 46
869 45
870 50
871 42
872 34
873 44
874 46
875 44
876 32
877 42
878 35
879 36
880 37
881 38
882 36
883 33
884 37
885 31
886 34
887 27
888 35
889 34
890 36
891 27
892 28
893 23
894 28
895 29
896 34
897 33
898 29
899 36
900 36
901 27
902 41
903 33
904 34
905 31
906 37
907 27
908 36
909 27
910 25
911 33
912 38
913 37
914 37
915 40
916 23
917 34
918 36
919 32
920 40
921 29
922 37
923 36
924 38
925 41
926 36
927 47
928 27
929 36
930 39
931 31
932 40
933 36
934 37
935 32
936 30
937 39
938 40
939 38
940 38
941 38
942 34
943 28
944 31
945 45
946 37
947 38
948 42
949 42
950 26
951 42
952 33
953 26
954 35
955 42
956 36
957 34
958 27
959 29
960 27
961 42
962 31
963 35
964 38
965 29
966 29
967 32
968 35
969 35
970 33
971 37
972 27
973 37
974 45
975 43
976 22
977 36
978 48
979 32
980 40
981 39
982 47
983 45
984 42
985 41
986 34
987 37
988 38
989 48
990 31
991 33
992 25
993 39
994 36
995 35
996 30
997 29
998 41
999 22
1000 30
1001 44
1002 36
1003 36
1004 32
1005 46
1006 36
1007 39
1008 32
1009 36
1010 46
1011 40
1012 44
1013 28
1014 42
1015 36
1016 37
1017 39
1018 32
1019 36
1020 43
1021 33
1022 32
1023 38
1024 46
1025 36
1026 43
1027 56
1028 46
1029 49
1030 55
1031 53
1032 43
1033 60
1034 81
1035 56
1036 53
1037 90
1038 111
1039 141
1040 167
1041 153
1042 164
1043 178
1044 215
1045 220
1046 317
1047 349
1048 382
1049 374
1050 347
1051 385
1052 415
1053 466
1054 458
1055 504
1056 479
1057 573
1058 592
1059 587
1060 477
1061 322
1062 206
1063 208
1064 156
1065 124
1066 80
1067 55
1068 45
1069 43
1070 42
1071 45
1072 42
1073 35
1074 38
1075 35
1076 33
1077 37
1078 35
1079 27
1080 37
1081 29
1082 36
1083 34
1084 43
1085 41
1086 26
1087 30
1088 39
1089 27
1090 28
1091 37
1092 35
1093 32
1094 27
1095 37
1096 29
1097 37
1098 37
1099 41
1100 37
1101 32
1102 32
1103 29
1104 33
1105 35
1106 33
1107 38
1108 36
1109 40
1110 24
1111 31
1112 36
1113 29
1114 43
1115 37
1116 39
1117 32
1118 31
1119 38
1120 35
1121 49
1122 38
1123 28
1124 23
1125 36
1126 35
1127 37
1128 36
1129 33
1130 24
1131 26
1132 37
1133 33
1134 32
1135 26
1136 34
1137 25
1138 29
1139 29
1140 30
1141 27
1142 32
1143 36
1144 32
1145 41
1146 37
1147 34
1148 31
1149 34
1150 22
1151 35
1152 46
1153 26
1154 30
1155 39
1156 27
1157 33
1158 37
1159 32
1160 30
1161 34
1162 38
1163 34
1164 32
1165 32
1166 35
1167 27
1168 37
1169 51
1170 45
1171 42
1172 38
1173 46
1174 43
1175 32
1176 52
1177 42
1178 50
1179 55
1180 52
1181 49
1182 57
1183 78
1184 47
1185 62
1186 48
1187 52
1188 62
1189 78
1190 68
1191 58
1192 55
1193 69
1194 64
1195 59
1196 38
1197 55
1198 50
1199 29
1200 34
1201 41
1202 32
1203 30
1204 35
1205 38
1206 25
1207 29
1208 35
1209 21
1210 32
1211 24
1212 50
1213 36
1214 28
1215 36
1216 26
1217 34
1218 43
1219 30
1220 41
1221 35
1222 37
1223 35
1224 25
1225 37
1226 32
1227 35
1228 32
1229 27
1230 34
1231 25
1232 32
1233 29
1234 28
1235 33
1236 26
1237 23
1238 28
1239 38
1240 31
1241 37
1242 34
1243 33
1244 42
1245 35
1246 37
1247 33
1248 29
1249 24
1250 33
1251 39
1252 14
1253 38
1254 24
1255 33
1256 32
1257 28
1258 28
1259 33
1260 41
1261 25
1262 27
1263 33
1264 29
1265 22
1266 26
1267 27
1268 22
1269 25
1270 30
1271 25
1272 19
1273 22
1274 20
1275 24
1276 26
1277 11
1278 11
1279 26
1280 30
1281 31
1282 35
1283 31
1284 32
1285 23
1286 30
1287 43
1288 27
1289 34
1290 14
1291 16
1292 13
1293 25
1294 29
1295 30
1296 27
1297 21
1298 32
1299 26
1300 19
1301 26
1302 26
1303 18
1304 14
1305 21
1306 24
1307 27
1308 26
1309 26
1310 19
1311 20
1312 25
1313 22
1314 31
1315 24
1316 40
1317 26
1318 30
1319 38
1320 34
1321 38
1322 34
1323 54
1324 40
1325 50
1326 51
1327 49
1328 46
1329 60
1330 54
1331 66
1332 104
1333 151
1334 166
1335 144
1336 159
1337 175
1338 267
1339 316
1340 259
1341 224
1342 210
1343 220
1344 241
1345 270
1346 222
1347 211
1348 192
1349 170
1350 117
1351 86
1352 82
1353 57
1354 48
1355 40
1356 24
1357 41
1358 29
1359 26
1360 22
1361 33
1362 22
1363 25
1364 18
1365 17
1366 30
1367 20
1368 26
1369 24
1370 19
1371 17
1372 25
1373 32
1374 25
1375 24
1376 14
1377 22
1378 35
1379 26
1380 24
1381 25
1382 26
1383 25
1384 25
1385 24
1386 19
1387 28
1388 23
1389 30
1390 21
1391 20
1392 19
1393 21
1394 21
1395 16
1396 16
1397 28
1398 28
1399 18
1400 18
1401 28
1402 20
1403 21
1404 17
1405 16
1406 33
1407 23
1408 25
1409 22
1410 37
1411 23
1412 20
1413 18
1414 24
1415 14
1416 20
1417 17
1418 21
1419 23
1420 24
1421 29
1422 27
1423 17
1424 21
1425 19
1426 19
1427 25
1428 27
1429 28
1430 18
1431 19
1432 28
1433 25
1434 24
1435 26
1436 23
1437 22
1438 27
1439 21
1440 26
1441 24
1442 18
1443 17
1444 24
1445 25
1446 20
1447 29
1448 20
1449 29
1450 35
1451 21
1452 25
1453 22
1454 20
1455 18
1456 17
1457 23
1458 19
1459 22
1460 21
1461 23
1462 26
1463 23
1464 24
1465 17
1466 21
1467 32
1468 29
1469 28
1470 13
1471 19
1472 22
1473 16
1474 28
1475 27
1476 20
1477 15
1478 17
1479 22
1480 24
1481 18
1482 23
1483 20
1484 21
1485 36
1486 30
1487 18
1488 23
1489 27
1490 18
1491 14
1492 16
1493 26
1494 20
1495 29
1496 24
1497 16
1498 20
1499 23
1500 22
1501 26
1502 29
1503 28
1504 10
1505 20
1506 22
1507 23
1508 16
1509 21
1510 27
1511 17
1512 15
1513 22
1514 25
1515 24
1516 23
1517 20
1518 19
1519 17
1520 21
1521 17
1522 29
1523 22
1524 16
1525 28
1526 17
1527 16
1528 12
1529 25
1530 24
1531 24
1532 20
1533 17
1534 31
1535 14
1536 24
1537 20
1538 19
1539 25
1540 11
1541 17
1542 12
1543 19
1544 20
1545 25
1546 23
1547 27
1548 17
1549 19
1550 17
1551 28
1552 13
1553 24
1554 17
1555 18
1556 15
1557 28
1558 12
1559 15
1560 21
1561 30
1562 23
1563 25
1564 26
1565 21
1566 16
1567 29
1568 25
1569 19
1570 24
1571 23
1572 19
1573 22
1574 21
1575 18
1576 22
1577 28
1578 20
1579 32
1580 18
1581 14
1582 16
1583 20
1584 20
1585 19
1586 21
1587 24
1588 23
1589 20
1590 21
1591 16
1592 19
1593 15
1594 21
1595 27
1596 25
1597 19
1598 29
1599 19
1600 27
1601 22
1602 24
1603 29
1604 14
1605 10
1606 21
1607 18
1608 26
1609 21
1610 23
1611 23
1612 19
1613 20
1614 20
1615 21
1616 20
1617 16
1618 13
1619 24
1620 17
1621 10
1622 26
1623 16
1624 21
1625 12
1626 13
1627 20
1628 15
1629 15
1630 19
1631 13
1632 16
1633 23
1634 16
1635 11
1636 16
1637 17
1638 29
1639 18
1640 20
1641 16
1642 25
1643 26
1644 25
1645 19
1646 16
1647 21
1648 26
1649 14
1650 19
1651 11
1652 17
1653 12
1654 17
1655 19
1656 11
1657 16
1658 23
1659 18
1660 16
1661 18
1662 21
1663 15
1664 20
1665 22
1666 21
1667 15
1668 18
1669 26
1670 23
1671 21
1672 17
1673 18
1674 21
1675 15
1676 21
1677 15
1678 15
1679 20
1680 14
1681 16
1682 21
1683 17
1684 20
1685 24
1686 17
1687 24
1688 24
1689 28
1690 20
1691 19
1692 14
1693 19
1694 18
1695 22
1696 18
1697 16
1698 23
1699 16
1700 22
1701 19
1702 22
1703 20
1704 23
1705 29
1706 27
1707 32
1708 21
1709 22
1710 22
1711 17
1712 18
1713 17
1714 10
1715 16
1716 20
1717 17
1718 11
1719 16
1720 19
1721 19
1722 7
1723 18
1724 18
1725 18
1726 14
1727 23
1728 21
1729 16
1730 25
1731 18
1732 25
1733 16
1734 8
1735 23
1736 15
1737 23
1738 22
1739 21
1740 17
1741 24
1742 27
1743 20
1744 21
1745 27
1746 34
1747 14
1748 26
1749 15
1750 23
1751 19
1752 20
1753 19
1754 18
1755 18
1756 25
1757 17
1758 21
1759 24
1760 23
1761 21
1762 11
1763 22
1764 19
1765 22
1766 22
1767 14
1768 13
1769 25
1770 17
1771 17
1772 15
1773 25
1774 23
1775 21
1776 30
1777 29
1778 24
1779 27
1780 25
1781 23
1782 39
1783 54
1784 36
1785 35
1786 37
1787 41
1788 50
1789 55
1790 57
1791 75
1792 73
1793 84
1794 89
1795 72
1796 79
1797 105
1798 120
1799 120
1800 112
1801 113
1802 105
1803 118
1804 113
1805 143
1806 174
1807 215
1808 165
1809 126
1810 85
1811 91
1812 64
1813 56
1814 68
1815 36
1816 27
1817 25
1818 29
1819 26
1820 23
1821 28
1822 22
1823 25
1824 21
1825 19
1826 18
1827 24
1828 20
1829 31
1830 22
1831 12
1832 18
1833 20
1834 19
1835 14
1836 25
1837 27
1838 17
1839 19
1840 16
1841 13
1842 22
1843 15
1844 16
1845 15
1846 19
1847 13
1848 15
1849 16
1850 14
1851 12
1852 9
1853 15
1854 12
1855 12
1856 17
1857 17
1858 17
1859 19
1860 13
1861 13
1862 23
1863 20
1864 13
1865 12
1866 20
1867 14
1868 15
1869 18
1870 18
1871 26
1872 18
1873 10
1874 17
1875 18
1876 23
1877 20
1878 23
1879 14
1880 12
1881 21
1882 10
1883 19
1884 14
1885 24
1886 16
1887 14
1888 16
1889 21
1890 20
1891 17
1892 12
1893 18
1894 12
1895 21
1896 15
1897 17
1898 18
1899 18
1900 14
1901 17
1902 17
1903 21
1904 23
1905 16
1906 20
1907 18
1908 15
1909 17
1910 14
1911 15
1912 23
1913 18
1914 26
1915 18
1916 12
1917 8
1918 15
1919 19
1920 26
1921 19
1922 21
1923 20
1924 24
1925 9
1926 21
1927 17
1928 18
1929 20
1930 15
1931 23
1932 22
1933 14
1934 19
1935 16
1936 27
1937 22
1938 18
1939 21
1940 18
1941 18
1942 21
1943 21
1944 19
1945 15
1946 17
1947 18
1948 24
1949 16
1950 23
1951 15
1952 22
1953 16
1954 20
1955 19
1956 22
1957 18
1958 18
1959 23
1960 18
1961 20
1962 16
1963 19
1964 20
1965 12
1966 21
1967 16
1968 26
1969 10
1970 23
1971 12
1972 21
1973 18
1974 17
1975 12
1976 14
1977 17
1978 15
1979 22
1980 16
1981 17
1982 21
1983 20
1984 14
1985 14
1986 13
1987 11
1988 23
1989 23
1990 18
1991 21
1992 23
1993 22
1994 21
1995 12
1996 16
1997 23
1998 13
1999 14
2000 17
2001 21
2002 18
2003 17
2004 9
2005 16
2006 14
2007 16
2008 21
2009 23
2010 16
2011 21
2012 20
2013 19
2014 27
2015 24
2016 17
2017 16
2018 18
2019 17
2020 15
2021 22
2022 23
2023 31
2024 16
2025 22
2026 26
2027 25
2028 19
2029 37
2030 26
2031 34
2032 27
2033 36
2034 54
2035 41
2036 65
2037 75
2038 61
2039 71
2040 82
2041 83
2042 75
2043 93
2044 123
2045 124
2046 135
2047 158
2048 190
2049 207
2050 242
2051 241
2052 332
2053 348
2054 329
2055 413
2056 500
2057 426
2058 384
2059 323
2060 380
2061 384
2062 405
2063 371
2064 281
2065 283
2066 240
2067 180
2068 159
2069 141
2070 167
2071 136
2072 142
2073 150
2074 128
2075 76
2076 81
2077 44
2078 34
2079 25
2080 26
2081 21
2082 27
2083 28
2084 18
2085 20
2086 21
2087 11
2088 21
2089 24
2090 20
2091 15
2092 14
2093 19
2094 20
2095 16
2096 15
2097 13
2098 12
2099 14
2100 16
2101 20
2102 18
2103 16
2104 14
2105 18
2106 17
2107 19
2108 14
2109 20
2110 18
2111 16
2112 17
2113 12
2114 15
2115 17
2116 19
2117 17
2118 12
2119 15
2120 13
2121 15
2122 17
2123 21
2124 14
2125 16
2126 18
2127 14
2128 17
2129 17
2130 16
2131 11
2132 14
2133 14
2134 20
2135 11
2136 13
2137 15
2138 9
2139 13
2140 20
2141 14
2142 21
2143 17
2144 15
2145 12
2146 15
2147 14
2148 13
2149 20
2150 16
2151 19
2152 20
2153 15
2154 19
2155 18
2156 14
2157 15
2158 18
2159 14
2160 10
2161 15
2162 15
2163 13
2164 19
2165 23
2166 20
2167 16
2168 21
2169 16
2170 15
2171 23
2172 18
2173 22
2174 16
2175 14
2176 25
2177 12
2178 13
2179 18
2180 16
2181 17
2182 16
2183 15
2184 24
2185 13
2186 18
2187 18
2188 20
2189 16
2190 14
2191 16
2192 15
2193 13
2194 14
2195 13
2196 12
2197 17
2198 20
2199 16
2200 14
2201 12
2202 8
2203 13
2204 12
2205 14
2206 18
2207 17
2208 19
2209 14
2210 13
2211 13
2212 9
2213 13
2214 18
2215 16
2216 17
2217 11
2218 13
2219 15
2220 7
2221 14
2222 20
2223 20
2224 14
2225 17
2226 20
2227 25
2228 19
2229 15
2230 21
2231 16
2232 15
2233 17
2234 18
2235 23
2236 14
2237 16
2238 21
2239 19
2240 31
2241 28
2242 40
2243 33
2244 34
2245 30
2246 30
2247 38
2248 37
2249 42
2250 53
2251 48
2252 45
2253 68
2254 81
2255 69
2256 97
2257 101
2258 75
2259 70
2260 74
2261 76
2262 76
2263 65
2264 68
2265 87
2266 109
2267 75
2268 66
2269 55
2270 44
2271 56
2272 53
2273 41
2274 43
2275 33
2276 32
2277 41
2278 26
2279 33
2280 30
2281 17
2282 20
2283 18
2284 18
2285 17
2286 25
2287 14
2288 19
2289 12
2290 10
2291 12
2292 12
2293 15
2294 12
2295 13
2296 18
2297 11
2298 15
2299 15
2300 17
2301 8
2302 10
2303 15
2304 12
2305 16
2306 11
2307 14
2308 18
2309 10
2310 16
2311 19
2312 21
2313 14
2314 10
2315 16
2316 16
2317 11
2318 13
2319 13
2320 12
2321 17
2322 11
2323 8
2324 12
2325 3
2326 13
2327 11
2328 17
2329 19
2330 15
2331 11
2332 13
2333 21
2334 16
2335 11
2336 15
2337 15
2338 14
2339 10
2340 18
2341 14
2342 9
2343 11
2344 13
2345 15
2346 16
2347 22
2348 11
2349 12
2350 17
2351 9
2352 20
2353 15
2354 15
2355 14
2356 14
2357 14
2358 13
2359 10
2360 17
2361 14
2362 13
2363 12
2364 7
2365 9
2366 15
2367 14
2368 13
2369 9
2370 13
2371 22
2372 14
2373 8
2374 18
2375 8
2376 12
2377 14
2378 9
2379 15
2380 14
2381 13
2382 13
2383 13
2384 8
2385 11
2386 11
2387 13
2388 16
2389 15
2390 9
2391 10
2392 15
2393 6
2394 21
2395 15
2396 16
2397 12
2398 16
2399 19
2400 8
2401 14
2402 11
2403 12
2404 16
2405 16
2406 11
2407 11
2408 15
2409 10
2410 7
2411 10
2412 10
2413 17
2414 18
2415 14
2416 15
2417 16
2418 11
2419 14
2420 14
2421 12
2422 14
2423 10
2424 11
2425 3
2426 20
2427 17
2428 17
2429 7
2430 13
2431 16
2432 17
2433 15
2434 8
2435 9
2436 10
2437 9
2438 14
2439 18
2440 16
2441 12
2442 5
2443 12
2444 20
2445 7
2446 12
2447 8
2448 13
2449 11
2450 12
2451 11
2452 9
2453 15
2454 9
2455 11
2456 14
2457 12
2458 18
2459 11
2460 13
2461 12
2462 15
2463 15
2464 12
2465 11
2466 14
2467 15
2468 8
2469 13
2470 11
2471 15
2472 13
2473 10
2474 15
2475 17
2476 10
2477 8
2478 11
2479 11
2480 17
2481 13
2482 8
2483 9
2484 19
2485 14
2486 16
2487 13
2488 9
2489 16
2490 12
2491 12
2492 9
2493 11
2494 10
2495 20
2496 13
2497 16
2498 14
2499 15
2500 13
2501 16
2502 12
2503 8
2504 18
2505 14
2506 10
2507 11
2508 11
2509 17
2510 10
2511 9
2512 9
2513 9
2514 11
2515 23
2516 12
2517 14
2518 13
2519 21
2520 20
2521 14
2522 21
2523 22
2524 17
2525 13
2526 18
2527 18
2528 22
2529 17
2530 21
2531 22
2532 23
2533 22
2534 19
2535 28
2536 31
2537 36
2538 25
2539 23
2540 31
2541 26
2542 38
2543 28
2544 45
2545 41
2546 64
2547 75
2548 81
2549 82
2550 79
2551 73
2552 66
2553 73
2554 47
2555 38
2556 78
2557 95
2558 91
2559 72
