0 46
1 27
2 32
3 27
4 34
5 34
6 38
7 23
8 30
9 34
10 32
11 37
12 27
13 33
14 36
15 25
16 32
17 37
18 48
19 23
20 30
21 24
22 30
23 34
24 27
25 33
26 30
27 31
28 27
29 40
30 43
31 37
32 38
33 28
34 36
35 28
36 33
37 32
38 26
39 31
40 33
41 28
42 17
43 29
44 31
45 34
46 23
47 31
48 35
49 35
50 27
51 37
52 27
53 23
54 27
55 36
56 24
57 24
58 27
59 34
60 32
61 38
62 25
63 26
64 28
65 34
66 40
67 35
68 23
69 36
70 33
71 37
72 30
73 29
74 43
75 30
76 30
77 29
78 35
79 26
80 28
81 22
82 25
83 43
84 32
85 34
86 45
87 39
88 35
89 36
90 35
91 32
92 32
93 30
94 30
95 28
96 32
97 33
98 28
99 20
100 17
101 21
102 35
103 30
104 35
105 42
106 29
107 23
108 40
109 31
110 28
111 26
112 34
113 32
114 19
115 20
116 36
117 43
118 25
119 28
120 28
121 29
122 48
123 25
124 32
125 32
126 30
127 44
128 54
129 44
130 38
131 49
132 40
133 29
134 31
135 41
136 43
137 25
138 21
139 31
140 27
141 37
142 45
143 36
144 36
145 49
146 34
147 32
148 32
149 36
150 26
151 40
152 42
153 30
154 30
155 32
156 27
157 30
158 40
159 27
160 42
161 33
162 36
163 47
164 38
165 29
166 24
167 41
168 27
169 26
170 29
171 37
172 31
173 21
174 33
175 40
176 42
177 37
178 39
179 30
180 32
181 31
182 36
183 26
184 27
185 46
186 31
187 33
188 26
189 33
190 22
191 26
192 35
193 33
194 40
195 34
196 40
197 41
198 31
199 45
200 39
201 24
202 32
203 39
204 40
205 29
206 33
207 42
208 33
209 40
210 29
211 37
212 36
213 32
214 23
215 35
216 37
217 40
218 34
219 41
220 29
221 34
222 31
223 35
224 32
225 31
226 41
227 33
228 37
229 33
230 35
231 34
232 37
233 28
234 40
235 29
236 25
237 37
238 32
239 33
240 48
241 32
242 38
243 27
244 34
245 37
246 32
247 37
248 38
249 42
250 41
251 29
252 30
253 39
254 29
255 43
256 41
257 42
258 37
259 34
260 33
261 34
262 36
263 40
264 34
265 38
266 38
267 25
268 45
269 23
270 43
271 31
272 46
273 34
274 36
275 28
276 35
277 39
278 43
279 40
280 27
281 43
282 40
283 27
284 34
285 36
286 28
287 28
288 29
289 38
290 32
291 35
292 37
293 32
294 32
295 36
296 38
297 42
298 38
299 37
300 24
301 26
302 29
303 31
304 30
305 33
306 37
307 28
308 33
309 38
310 44
311 27
312 33
313 32
314 23
315 21
316 25
317 32
318 45
319 45
320 44
321 42
322 42
323 38
324 39
325 38
326 24
327 32
328 34
329 33
330 18
331 29
332 26
333 40
334 42
335 33
336 31
337 28
338 28
339 38
340 39
341 40
342 47
343 38
344 45
345 38
346 34
347 44
348 32
349 28
350 39
351 34
352 35
353 30
354 40
355 35
356 29
357 32
358 29
359 38
360 40
361 42
362 22
363 33
364 37
365 41
366 48
367 30
368 26
369 29
370 38
371 40
372 40
373 38
374 35
375 39
376 35
377 36
378 28
379 39
380 40
381 40
382 37
383 32
384 40
385 35
386 36
387 38
388 43
389 42
390 44
391 40
392 38
393 42
394 33
395 36
396 40
397 41
398 44
399 37
400 36
401 36
402 37
403 47
404 34
405 40
406 38
407 36
408 47
409 38
410 38
411 47
412 31
413 34
414 30
415 43
416 38
417 46
418 42
419 49
420 36
421 38
422 39
423 39
424 37
425 45
426 41
427 39
428 38
429 36
430 45
431 26
432 37
433 50
434 38
435 38
436 41
437 35
438 35
439 42
440 23
441 30
442 29
443 36
444 45
445 42
446 40
447 39
448 34
449 47
450 32
451 36
452 43
453 29
454 33
455 39
456 50
457 46
458 30
459 47
460 32
461 40
462 37
463 41
464 33
465 33
466 43
467 48
468 30
469 38
470 33
471 38
472 45
473 34
474 38
475 33
476 42
477 40
478 29
479 31
480 37
481 40
482 33
483 45
484 48
485 36
486 46
487 39
488 32
489 41
490 44
491 26
492 53
493 34
494 34
495 48
496 34
497 40
498 31
499 40
500 41
501 38
502 36
503 41
504 47
505 37
506 42
507 35
508 32
509 39
510 39
511 41
512 42
513 39
514 46
515 46
516 34
517 41
518 51
519 40
520 31
521 43
522 59
523 37
524 39
525 33
526 52
527 66
528 60
529 64
530 52
531 49
532 60
533 55
534 59
535 77
536 71
537 64
538 56
539 75
540 63
541 84
542 78
543 104
544 94
545 112
546 121
547 84
548 107
549 95
550 110
551 95
552 121
553 99
554 104
555 75
556 66
557 81
558 80
559 39
560 39
561 30
562 42
563 49
564 42
565 35
566 36
567 32
568 37
569 43
570 44
571 40
572 40
573 52
574 49
575 38
576 28
577 37
578 38
579 36
580 52
581 42
582 44
583 27
584 41
585 44
586 46
587 57
588 36
589 33
590 34
591 39
592 49
593 38
594 37
595 39
596 42
597 40
598 40
599 33
600 29
601 44
602 43
603 35
604 32
605 38
606 39
607 30
608 51
609 39
610 40
611 25
612 63
613 51
614 52
615 52
616 37
617 38
618 32
619 38
620 42
621 46
622 46
623 41
624 36
625 30
626 27
627 40
628 30
629 32
630 29
631 50
632 54
633 41
634 40
635 33
636 33
637 41
638 38
639 34
640 47
641 48
642 42
643 35
644 46
645 59
646 27
647 36
648 34
649 40
650 35
651 35
652 44
653 41
654 30
655 35
656 44
657 43
658 26
659 46
660 42
661 40
662 44
663 39
664 44
665 43
666 32
667 35
668 45
669 41
670 46
671 33
672 43
673 33
674 32
675 52
676 37
677 40
678 25
679 41
680 44
681 41
682 35
683 35
684 42
685 37
686 37
687 38
688 40
689 29
690 38
691 35
692 30
693 32
694 33
695 38
696 39
697 33
698 49
699 27
700 48
701 36
702 33
703 29
704 39
705 41
706 44
707 40
708 35
709 38
710 52
711 41
712 30
713 42
714 41
715 33
716 38
717 36
718 36
719 38
720 36
721 35
722 34
723 37
724 34
725 37
726 30
727 33
728 38
729 43
730 34
731 38
732 32
733 28
734 34
735 36
736 56
737 41
738 31
739 38
740 38
741 46
742 29
743 39
744 39
745 30
746 43
747 41
748 37
749 42
750 32
751 43
752 25
753 26
754 47
755 42
756 44
757 40
758 34
759 28
760 35
761 34
762 36
763 50
764 41
765 31
766 24
767 42
768 37
769 39
770 30
771 32
772 31
773 36
774 44
775 37
776 38
777 39
778 35
779 42
780 34
781 29
782 35
783 44
784 52
785 39
786 39
787 41
788 44
789 45
790 41
791 30
792 37
793 37
794 33
795 36
796 47
797 41
798 43
799 47
800 26
801 26
802 40
803 36
804 37
805 33
806 30
807 41
808 40
809 32
810 36
811 27
812 44
813 32
814 41
815 34
816 27
817 42
818 41
819 33
820 24
821 39
822 43
823 39
824 33
825 31
826 34
827 32
828 33
829 37
830 37
831 34
832 32
833 36
834 35
835 39
836 45
837 30
838 37
839 34
840 32
841 47
842 34
843 39
844 34
845 56
846 34
847 32
848 33
849 30
850 34
851 41
852 35
853 36
854 34
855 34
856 46
857 35
858 41
859 39
860 33
861 39
862 28
863 25
864 28
865 31
866 35
867 37
868 32
869 41
870 29
871 43
872 31
873 35
874 37
875 55
876 38
877 31
878 32
879 26
880 41
881 46
882 32
883 31
884 42
885 39
886 33
887 36
888 42
889 35
890 39
891 51
892 40
893 28
894 44
895 29
896 37
897 30
898 48
899 29
900 32
901 47
902 44
903 36
904 29
905 32
906 29
907 29
908 29
909 32
910 36
911 35
912 30
913 33
914 22
915 33
916 29
917 42
918 44
919 39
920 34
921 26
922 36
923 22
924 26
925 33
926 31
927 34
928 27
929 25
930 43
931 34
932 37
933 30
934 32
935 31
936 35
937 33
938 31
939 33
940 40
941 45
942 36
943 43
944 37
945 32
946 36
947 41
948 33
949 32
950 33
951 31
952 40
953 29
954 28
955 42
956 50
957 32
958 38
959 35
960 32
961 36
962 36
963 34
964 28
965 41
966 35
967 32
968 36
969 33
970 26
971 32
972 48
973 42
974 37
975 47
976 32
977 24
978 37
979 25
980 34
981 27
982 42
983 37
984 35
985 29
986 32
987 45
988 38
989 29
990 40
991 34
992 29
993 34
994 27
995 27
996 32
997 27
998 37
999 40
1000 37
1001 28
1002 36
1003 40
1004 29
1005 36
1006 31
1007 29
1008 35
1009 38
1010 38
1011 42
1012 36
1013 35
1014 32
1015 33
1016 41
1017 33
1018 41
1019 39
1020 40
1021 38
1022 34
1023 35
1024 41
1025 35
1026 26
1027 36
1028 38
1029 44
1030 28
1031 36
1032 39
1033 34
1034 37
1035 29
1036 34
1037 25
1038 30
1039 29
1040 46
1041 40
1042 40
1043 56
1044 65
1045 42
1046 59
1047 62
1048 61
1049 79
1050 115
1051 122
1052 189
1053 154
1054 137
1055 200
1056 206
1057 224
1058 251
1059 336
1060 420
1061 517
1062 599
1063 575
1064 514
1065 514
1066 510
1067 552
1068 498
1069 489
1070 556
1071 530
1072 386
1073 297
1074 202
1075 166
1076 159
1077 77
1078 68
1079 59
1080 41
1081 37
1082 32
1083 40
1084 38
1085 45
1086 34
1087 49
1088 41
1089 37
1090 28
1091 32
1092 36
1093 38
1094 35
1095 29
1096 37
1097 49
1098 36
1099 35
1100 35
1101 25
1102 30
1103 34
1104 33
1105 33
1106 38
1107 35
1108 31
1109 30
1110 28
1111 32
1112 37
1113 27
1114 31
1115 35
1116 30
1117 34
1118 36
1119 36
1120 37
1121 42
1122 30
1123 27
1124 36
1125 32
1126 43
1127 31
1128 35
1129 33
1130 40
1131 30
1132 32
1133 34
1134 31
1135 36
1136 30
1137 24
1138 32
1139 30
1140 33
1141 23
1142 35
1143 45
1144 40
1145 50
1146 30
1147 33
1148 25
1149 37
1150 22
1151 29
1152 36
1153 25
1154 26
1155 23
1156 29
1157 32
1158 29
1159 28
1160 34
1161 27
1162 36
1163 21
1164 37
1165 30
1166 38
1167 25
1168 38
1169 41
1170 36
1171 31
1172 32
1173 25
1174 32
1175 47
1176 27
1177 26
1178 31
1179 28
1180 39
1181 31
1182 32
1183 20
1184 41
1185 40
1186 39
1187 38
1188 59
1189 55
1190 47
1191 46
1192 46
1193 42
1194 44
1195 36
1196 69
1197 65
1198 70
1199 61
1200 64
1201 72
1202 69
1203 65
1204 56
1205 62
1206 74
1207 51
1208 41
1209 39
1210 51
1211 43
1212 38
1213 29
1214 34
1215 34
1216 21
1217 36
1218 36
1219 37
1220 27
1221 33
1222 27
1223 34
1224 34
1225 21
1226 31
1227 33
1228 35
1229 31
1230 31
1231 33
1232 36
1233 27
1234 31
1235 30
1236 30
1237 42
1238 46
1239 30
1240 26
1241 22
1242 36
1243 27
1244 35
1245 35
1246 21
1247 30
1248 26
1249 39
1250 31
1251 26
1252 34
1253 28
1254 29
1255 28
1256 38
1257 31
1258 29
1259 33
1260 30
1261 29
1262 37
1263 28
1264 35
1265 35
1266 27
1267 29
1268 27
1269 28
1270 22
1271 27
1272 13
1273 24
1274 26
1275 20
1276 16
1277 17
1278 13
1279 16
1280 45
1281 42
1282 28
1283 24
1284 26
1285 36
1286 21
1287 28
1288 25
1289 24
1290 23
1291 28
1292 22
1293 25
1294 20
1295 28
1296 23
1297 22
1298 28
1299 20
1300 10
1301 32
1302 33
1303 24
1304 25
1305 20
1306 24
1307 19
1308 27
1309 31
1310 30
1311 28
1312 30
1313 31
1314 26
1315 16
1316 23
1317 21
1318 24
1319 20
1320 22
1321 23
1322 26
1323 22
1324 31
1325 20
1326 20
1327 19
1328 22
1329 36
1330 29
1331 20
1332 28
1333 44
1334 28
1335 33
1336 46
1337 47
1338 61
1339 50
1340 69
1341 75
1342 49
1343 54
1344 79
1345 110
1346 143
1347 135
1348 152
1349 172
1350 199
1351 219
1352 175
1353 229
1354 197
1355 203
1356 285
1357 346
1358 283
1359 192
1360 160
1361 164
1362 137
1363 91
1364 89
1365 93
1366 72
1367 53
1368 41
1369 41
1370 35
1371 40
1372 27
1373 24
1374 32
1375 24
1376 21
1377 28
1378 28
1379 17
1380 39
1381 26
1382 21
1383 26
1384 22
1385 19
1386 29
1387 17
1388 25
1389 22
1390 31
1391 23
1392 19
1393 16
1394 24
1395 27
1396 35
1397 26
1398 26
1399 14
1400 18
1401 26
1402 17
1403 18
1404 12
1405 22
1406 20
1407 20
1408 26
1409 22
1410 12
1411 10
1412 16
1413 19
1414 26
1415 27
1416 14
1417 18
1418 23
1419 28
1420 21
1421 30
1422 26
1423 27
1424 22
1425 21
1426 28
1427 28
1428 25
1429 27
1430 23
1431 18
1432 28
1433 23
1434 24
1435 27
1436 27
1437 24
1438 28
1439 14
1440 24
1441 20
1442 20
1443 25
1444 17
1445 18
1446 19
1447 23
1448 28
1449 21
1450 13
1451 23
1452 17
1453 25
1454 30
1455 24
1456 22
1457 24
1458 28
1459 24
1460 24
1461 19
1462 20
1463 20
1464 17
1465 13
1466 25
1467 17
1468 22
1469 24
1470 18
1471 18
1472 23
1473 23
1474 16
1475 20
1476 21
1477 26
1478 22
1479 22
1480 19
1481 24
1482 19
1483 22
1484 23
1485 18
1486 14
1487 24
1488 25
1489 28
1490 30
1491 27
1492 18
1493 26
1494 18
1495 30
1496 23
1497 19
1498 20
1499 30
1500 23
1501 18
1502 31
1503 28
1504 25
1505 25
1506 21
1507 30
1508 20
1509 23
1510 22
1511 20
1512 16
1513 18
1514 24
1515 25
1516 23
1517 27
1518 15
1519 27
1520 19
1521 20
1522 20
1523 18
1524 30
1525 11
1526 18
1527 34
1528 18
1529 20
1530 17
1531 16
1532 14
1533 19
1534 26
1535 26
1536 28
1537 21
1538 19
1539 15
1540 18
1541 23
1542 23
1543 20
1544 29
1545 23
1546 19
1547 23
1548 21
1549 27
1550 26
1551 15
1552 23
1553 27
1554 23
1555 20
1556 29
1557 19
1558 20
1559 23
1560 27
1561 23
1562 18
1563 22
1564 20
1565 28
1566 22
1567 26
1568 16
1569 18
1570 29
1571 20
1572 29
1573 18
1574 19
1575 20
1576 18
1577 18
1578 17
1579 21
1580 22
1581 14
1582 15
1583 21
1584 21
1585 24
1586 27
1587 20
1588 12
1589 17
1590 15
1591 24
1592 20
1593 21
1594 24
1595 31
1596 22
1597 19
1598 22
1599 31
1600 23
1601 20
1602 13
1603 19
1604 13
1605 17
1606 23
1607 23
1608 16
1609 30
1610 26
1611 15
1612 25
1613 15
1614 23
1615 20
1616 18
1617 18
1618 14
1619 13
1620 19
1621 22
1622 19
1623 25
1624 19
1625 17
1626 17
1627 15
1628 15
1629 20
1630 22
1631 20
1632 19
1633 20
1634 13
1635 20
1636 17
1637 22
1638 14
1639 22
1640 15
1641 21
1642 31
1643 18
1644 13
1645 26
1646 21
1647 22
1648 25
1649 18
1650 20
1651 28
1652 22
1653 20
1654 15
1655 21
1656 22
1657 26
1658 14
1659 27
1660 18
1661 23
1662 20
1663 15
1664 17
1665 22
1666 14
1667 21
1668 20
1669 13
1670 17
1671 22
1672 18
1673 24
1674 22
1675 20
1676 16
1677 9
1678 21
1679 16
1680 18
1681 14
1682 16
1683 23
1684 12
1685 20
1686 21
1687 14
1688 24
1689 20
1690 24
1691 17
1692 22
1693 24
1694 30
1695 23
1696 20
1697 12
1698 18
1699 23
1700 21
1701 19
1702 25
1703 22
1704 16
1705 18
1706 20
1707 21
1708 15
1709 18
1710 23
1711 10
1712 17
1713 13
1714 16
1715 16
1716 12
1717 23
1718 12
1719 18
1720 18
1721 21
1722 19
1723 17
1724 25
1725 19
1726 24
1727 23
1728 17
1729 9
1730 25
1731 15
1732 9
1733 23
1734 26
1735 19
1736 25
1737 19
1738 18
1739 14
1740 24
1741 16
1742 16
1743 14
1744 14
1745 21
1746 20
1747 25
1748 20
1749 14
1750 11
1751 19
1752 23
1753 21
1754 16
1755 15
1756 16
1757 26
1758 21
1759 30
1760 24
1761 16
1762 24
1763 25
1764 21
1765 19
1766 19
1767 21
1768 27
1769 30
1770 28
1771 23
1772 17
1773 19
1774 19
1775 18
1776 25
1777 18
1778 12
1779 19
1780 25
1781 27
1782 20
1783 16
1784 19
1785 19
1786 23
1787 29
1788 23
1789 15
1790 13
1791 19
1792 15
1793 22
1794 31
1795 18
1796 33
1797 25
1798 25
1799 33
1800 20
1801 27
1802 31
1803 51
1804 69
1805 83
1806 50
1807 74
1808 85
1809 95
1810 97
1811 105
1812 83
1813 108
1814 109
1815 107
1816 156
1817 149
1818 107
1819 125
1820 136
1821 89
1822 63
1823 99
1824 106
1825 67
1826 50
1827 57
1828 59
1829 47
1830 49
1831 25
1832 36
1833 25
1834 24
1835 20
1836 27
1837 30
1838 26
1839 19
1840 12
1841 17
1842 10
1843 19
1844 18
1845 18
1846 19
1847 17
1848 15
1849 18
1850 17
1851 20
1852 20
1853 18
1854 18
1855 13
1856 25
1857 16
1858 11
1859 20
1860 16
1861 17
1862 29
1863 18
1864 18
1865 9
1866 18
1867 16
1868 16
1869 12
1870 15
1871 10
1872 16
1873 16
1874 20
1875 20
1876 14
1877 16
1878 18
1879 16
1880 11
1881 7
1882 17
1883 17
1884 13
1885 17
1886 15
1887 13
1888 17
1889 15
1890 14
1891 21
1892 16
1893 22
1894 21
1895 17
1896 24
1897 19
1898 25
1899 16
1900 11
1901 17
1902 14
1903 20
1904 18
1905 21
1906 18
1907 20
1908 24
1909 20
1910 16
1911 25
1912 13
1913 15
1914 24
1915 12
1916 22
1917 15
1918 14
1919 17
1920 14
1921 22
1922 24
1923 25
1924 14
1925 21
1926 19
1927 22
1928 26
1929 20
1930 13
1931 15
1932 18
1933 14
1934 18
1935 20
1936 22
1937 19
1938 15
1939 27
1940 16
1941 20
1942 24
1943 13
1944 25
1945 18
1946 14
1947 15
1948 23
1949 12
1950 15
1951 19
1952 19
1953 19
1954 19
1955 17
1956 19
1957 24
1958 13
1959 20
1960 14
1961 13
1962 19
1963 17
1964 17
1965 12
1966 20
1967 17
1968 19
1969 30
1970 17
1971 17
1972 14
1973 20
1974 19
1975 23
1976 21
1977 15
1978 19
1979 20
1980 14
1981 15
1982 14
1983 23
1984 21
1985 21
1986 16
1987 17
1988 18
1989 16
1990 23
1991 20
1992 21
1993 12
1994 15
1995 20
1996 21
1997 16
1998 19
1999 17
2000 15
2001 12
2002 17
2003 15
2004 17
2005 13
2006 10
2007 15
2008 15
2009 19
2010 16
2011 20
2012 12
2013 15
2014 19
2015 9
2016 27
2017 21
2018 21
2019 13
2020 14
2021 14
2022 19
2023 9
2024 31
2025 21
2026 19
2027 15
2028 8
2029 25
2030 7
2031 18
2032 12
2033 9
2034 15
2035 15
2036 24
2037 17
2038 25
2039 22
2040 28
2041 19
2042 25
2043 19
2044 26
2045 30
2046 38
2047 25
2048 32
2049 44
2050 32
2051 47
2052 67
2053 57
2054 82
2055 103
2056 110
2057 111
2058 93
2059 83
2060 125
2061 111
2062 133
2063 116
2064 147
2065 145
2066 163
2067 171
2068 238
2069 325
2070 388
2071 474
2072 488
2073 544
2074 515
2075 543
2076 588
2077 425
2078 358
2079 291
2080 355
2081 348
2082 315
2083 273
2084 238
2085 199
2086 159
2087 106
2088 100
2089 76
2090 85
2091 82
2092 60
2093 52
2094 42
2095 31
2096 35
2097 27
2098 22
2099 20
2100 22
2101 20
2102 16
2103 20
2104 19
2105 21
2106 17
2107 16
2108 28
2109 22
2110 13
2111 13
2112 9
2113 17
2114 17
2115 12
2116 19
2117 15
2118 13
2119 16
2120 19
2121 14
2122 10
2123 17
2124 19
2125 19
2126 14
2127 14
2128 20
2129 9
2130 10
2131 11
2132 12
2133 16
2134 15
2135 16
2136 22
2137 19
2138 17
2139 24
2140 14
2141 16
2142 18
2143 13
2144 12
2145 10
2146 26
2147 16
2148 10
2149 15
2150 19
2151 21
2152 12
2153 14
2154 12
2155 9
2156 15
2157 19
2158 11
2159 19
2160 13
2161 17
2162 15
2163 18
2164 18
2165 21
2166 18
2167 19
2168 19
2169 13
2170 19
2171 9
2172 14
2173 18
2174 19
2175 13
2176 14
2177 21
2178 20
2179 18
2180 19
2181 19
2182 10
2183 15
2184 19
2185 18
2186 19
2187 11
2188 13
2189 16
2190 18
2191 11
2192 21
2193 15
2194 16
2195 17
2196 19
2197 23
2198 17
2199 15
2200 22
2201 15
2202 20
2203 12
2204 18
2205 14
2206 20
2207 22
2208 17
2209 13
2210 8
2211 10
2212 13
2213 17
2214 15
2215 9
2216 9
2217 9
2218 15
2219 17
2220 15
2221 9
2222 17
2223 18
2224 21
2225 12
2226 16
2227 19
2228 15
2229 12
2230 14
2231 18
2232 13
2233 11
2234 7
2235 18
2236 13
2237 14
2238 12
2239 17
2240 9
2241 11
2242 17
2243 21
2244 17
2245 11
2246 13
2247 15
2248 22
2249 9
2250 16
2251 19
2252 18
2253 23
2254 24
2255 24
2256 31
2257 32
2258 27
2259 33
2260 25
2261 33
2262 40
2263 47
2264 44
2265 60
2266 39
2267 47
2268 52
2269 57
2270 69
2271 68
2272 89
2273 76
2274 81
2275 100
2276 91
2277 86
2278 92
2279 88
2280 94
2281 80
2282 92
2283 90
2284 90
2285 72
2286 58
2287 54
2288 53
2289 37
2290 38
2291 34
2292 32
2293 33
2294 32
2295 35
2296 21
2297 18
2298 17
2299 21
2300 16
2301 17
2302 16
2303 15
2304 9
2305 18
2306 16
2307 19
2308 11
2309 15
2310 10
2311 10
2312 14
2313 16
2314 16
2315 20
2316 16
2317 15
2318 14
2319 19
2320 17
2321 11
2322 17
2323 16
2324 18
2325 11
2326 12
2327 12
2328 17
2329 8
2330 10
2331 7
2332 11
2333 14
2334 15
2335 16
2336 12
2337 16
2338 16
2339 15
2340 11
2341 16
2342 14
2343 20
2344 8
2345 20
2346 8
2347 13
2348 9
2349 15
2350 17
2351 17
2352 18
2353 17
2354 11
2355 10
2356 8
2357 10
2358 12
2359 16
2360 14
2361 9
2362 12
2363 12
2364 12
2365 17
2366 17
2367 11
2368 19
2369 12
2370 16
2371 14
2372 15
2373 11
2374 14
2375 15
2376 12
2377 7
2378 16
2379 18
2380 11
2381 12
2382 10
2383 15
2384 16
2385 7
2386 19
2387 11
2388 16
2389 8
2390 15
2391 21
2392 13
2393 20
2394 14
2395 16
2396 14
2397 12
2398 13
2399 15
2400 10
2401 9
2402 12
2403 9
2404 11
2405 14
2406 10
2407 9
2408 15
2409 10
2410 14
2411 17
2412 14
2413 16
2414 15
2415 13
2416 7
2417 11
2418 11
2419 10
2420 9
2421 10
2422 14
2423 14
2424 10
2425 18
2426 12
2427 20
2428 16
2429 14
2430 20
2431 13
2432 18
2433 15
2434 11
2435 13
2436 6
2437 7
2438 13
2439 10
2440 10
2441 17
2442 11
2443 8
2444 16
2445 17
2446 13
2447 9
2448 8
2449 8
2450 14
2451 15
2452 13
2453 11
2454 17
2455 12
2456 11
2457 7
2458 9
2459 14
2460 15
2461 18
2462 20
2463 6
2464 9
2465 16
2466 14
2467 12
2468 9
2469 9
2470 14
2471 15
2472 14
2473 11
2474 13
2475 16
2476 15
2477 8
2478 10
2479 11
2480 17
2481 20
2482 11
2483 13
2484 14
2485 8
2486 6
2487 14
2488 7
2489 14
2490 12
2491 13
2492 10
2493 11
2494 5
2495 17
2496 13
2497 14
2498 9
2499 11
2500 14
2501 11
2502 13
2503 15
2504 20
2505 11
2506 16
2507 8
2508 16
2509 13
2510 12
2511 10
2512 11
2513 15
2514 14
2515 12
2516 13
2517 11
2518 13
2519 14
2520 12
2521 10
2522 12
2523 9
2524 15
2525 9
2526 14
2527 11
2528 15
2529 2
2530 16
2531 12
2532 17
2533 10
2534 10
2535 9
2536 18
2537 10
2538 9
2539 16
2540 8
2541 13
2542 8
2543 19
2544 12
2545 16
2546 21
2547 16
2548 16
2549 8
2550 18
2551 21
2552 14
2553 18
2554 29
2555 39
2556 42
2557 32
2558 39
2559 43
