0 36
1 27
2 36
3 24
4 26
5 34
6 31
7 27
8 39
9 24
10 23
11 30
12 44
13 41
14 39
15 30
16 38
17 32
18 30
19 38
20 21
21 23
22 26
23 33
24 30
25 33
26 24
27 28
28 26
29 35
30 35
31 40
32 38
33 41
34 28
35 32
36 31
37 26
38 26
39 41
40 35
41 33
42 36
43 27
44 36
45 35
46 37
47 40
48 36
49 35
50 35
51 41
52 29
53 30
54 28
55 30
56 34
57 30
58 35
59 35
60 33
61 29
62 39
63 29
64 39
65 43
66 33
67 32
68 34
69 31
70 34
71 29
72 38
73 27
74 32
75 42
76 30
77 32
78 23
79 40
80 29
81 38
82 31
83 41
84 30
85 24
86 30
87 30
88 23
89 34
90 38
91 39
92 22
93 36
94 35
95 31
96 34
97 29
98 33
99 17
100 22
101 32
102 36
103 26
104 33
105 29
106 32
107 30
108 26
109 29
110 28
111 21
112 42
113 36
114 30
115 33
116 40
117 32
118 34
119 34
120 37
121 39
122 25
123 23
124 30
125 18
126 39
127 43
128 36
129 38
130 33
131 47
132 32
133 44
134 34
135 24
136 33
137 41
138 25
139 30
140 42
141 41
142 36
143 37
144 35
145 32
146 39
147 34
148 36
149 39
150 38
151 32
152 29
153 40
154 41
155 35
156 28
157 38
158 44
159 37
160 38
161 41
162 35
163 42
164 33
165 34
166 36
167 30
168 44
169 32
170 40
171 32
172 35
173 29
174 37
175 32
176 31
177 43
178 43
179 27
180 20
181 38
182 41
183 39
184 27
185 42
186 36
187 30
188 37
189 40
190 38
191 41
192 35
193 39
194 34
195 41
196 27
197 32
198 38
199 29
200 27
201 36
202 33
203 29
204 39
205 32
206 29
207 44
208 30
209 42
210 35
211 31
212 24
213 45
214 36
215 37
216 33
217 44
218 44
219 37
220 42
221 37
222 33
223 35
224 43
225 39
226 45
227 37
228 38
229 31
230 46
231 45
232 28
233 22
234 26
235 36
236 31
237 44
238 35
239 40
240 39
241 24
242 27
243 30
244 37
245 38
246 37
247 39
248 36
249 40
250 29
251 31
252 30
253 41
254 37
255 37
256 36
257 44
258 44
259 40
260 43
261 39
262 34
263 34
264 41
265 45
266 50
267 47
268 40
269 43
270 30
271 41
272 41
273 39
274 31
275 48
276 38
277 39
278 40
279 40
280 42
281 31
282 32
283 39
284 43
285 41
286 41
287 29
288 41
289 35
290 33
291 45
292 33
293 34
294 36
295 43
296 40
297 45
298 40
299 26
300 42
301 29
302 49
303 24
304 38
305 34
306 42
307 51
308 40
309 38
310 44
311 32
312 43
313 45
314 32
315 36
316 38
317 39
318 28
319 33
320 35
321 36
322 35
323 41
324 28
325 48
326 47
327 34
328 31
329 43
330 51
331 36
332 31
333 35
334 36
335 48
336 44
337 31
338 41
339 38
340 26
341 40
342 39
343 40
344 33
345 45
346 37
347 38
348 39
349 45
350 35
351 34
352 49
353 41
354 33
355 49
356 46
357 37
358 28
359 36
360 46
361 33
362 31
363 48
364 37
365 28
366 37
367 41
368 35
369 33
370 38
371 44
372 34
373 33
374 42
375 53
376 44
377 33
378 26
379 47
380 33
381 40
382 41
383 37
384 31
385 44
386 42
387 41
388 36
389 32
390 31
391 36
392 36
393 46
394 39
395 50
396 45
397 38
398 47
399 59
400 33
401 34
402 56
403 41
404 41
405 33
406 39
407 36
408 35
409 40
410 38
411 39
412 44
413 63
414 50
415 49
416 40
417 32
418 44
419 38
420 34
421 33
422 36
423 40
424 27
425 54
426 45
427 29
428 40
429 51
430 39
431 30
432 40
433 42
434 46
435 47
436 40
437 34
438 46
439 29
440 40
441 36
442 30
443 28
444 36
445 36
446 43
447 38
448 39
449 37
450 36
451 39
452 38
453 34
454 40
455 42
456 34
457 36
458 37
459 36
460 33
461 41
462 32
463 50
464 37
465 39
466 40
467 47
468 49
469 30
470 41
471 40
472 34
473 40
474 40
475 45
476 41
477 43
478 39
479 59
480 33
481 48
482 31
483 38
484 49
485 43
486 35
487 48
488 32
489 42
490 37
491 42
492 44
493 39
494 38
495 41
496 34
497 47
498 52
499 47
500 58
501 58
502 45
503 45
504 31
505 49
506 61
507 65
508 45
509 57
510 50
511 50
512 69
513 82
514 80
515 85
516 72
517 71
518 98
519 76
520 85
521 97
522 87
523 83
524 86
525 83
526 90
527 100
528 108
529 112
530 103
531 82
532 74
533 63
534 48
535 62
536 55
537 38
538 35
539 35
540 49
541 26
542 30
543 38
544 38
545 40
546 39
547 36
548 27
549 28
550 33
551 45
552 38
553 57
554 38
555 42
556 33
557 42
558 36
559 33
560 41
561 37
562 55
563 42
564 45
565 38
566 38
567 34
568 42
569 48
570 48
571 42
572 36
573 34
574 41
575 52
576 33
577 34
578 31
579 47
580 41
581 36
582 41
583 46
584 33
585 53
586 49
587 45
588 40
589 24
590 39
591 40
592 51
593 41
594 33
595 40
596 33
597 41
598 32
599 48
600 40
601 37
602 43
603 43
604 39
605 40
606 34
607 49
608 39
609 40
610 47
611 33
612 40
613 47
614 34
615 48
616 46
617 42
618 39
619 40
620 43
621 41
622 34
623 40
624 41
625 41
626 36
627 31
628 42
629 28
630 36
631 25
632 45
633 38
634 32
635 50
636 43
637 39
638 38
639 46
640 45
641 36
642 40
643 39
644 38
645 42
646 43
647 59
648 35
649 45
650 40
651 44
652 49
653 47
654 43
655 40
656 25
657 49
658 36
659 45
660 43
661 37
662 46
663 47
664 36
665 38
666 40
667 53
668 43
669 35
670 57
671 46
672 50
673 40
674 45
675 44
676 49
677 30
678 45
679 33
680 36
681 52
682 39
683 48
684 31
685 36
686 39
687 43
688 43
689 39
690 44
691 36
692 41
693 40
694 32
695 39
696 54
697 29
698 33
699 25
700 44
701 44
702 44
703 37
704 33
705 44
706 44
707 38
708 36
709 48
710 49
711 42
712 26
713 53
714 42
715 26
716 43
717 41
718 30
719 43
720 40
721 34
722 35
723 32
724 31
725 32
726 38
727 46
728 36
729 32
730 39
731 50
732 33
733 39
734 34
735 37
736 54
737 40
738 47
739 39
740 46
741 44
742 33
743 31
744 42
745 45
746 40
747 43
748 29
749 40
750 27
751 44
752 43
753 45
754 47
755 37
756 39
757 30
758 36
759 29
760 29
761 37
762 42
763 40
764 40
765 43
766 33
767 41
768 35
769 33
770 41
771 25
772 35
773 37
774 48
775 35
776 50
777 38
778 38
779 43
780 37
781 43
782 33
783 51
784 36
785 42
786 30
787 36
788 40
789 43
790 42
791 49
792 38
793 34
794 35
795 34
796 34
797 31
798 35
799 39
800 37
801 31
802 44
803 29
804 33
805 42
806 37
807 40
808 32
809 25
810 40
811 34
812 45
813 35
814 40
815 31
816 39
817 28
818 41
819 37
820 41
821 38
822 32
823 31
824 34
825 43
826 38
827 28
828 28
829 27
830 48
831 33
832 39
833 40
834 44
835 45
836 29
837 43
838 39
839 28
840 41
841 30
842 33
843 35
844 51
845 42
846 40
847 37
848 31
849 34
850 49
851 38
852 44
853 45
854 51
855 48
856 43
857 40
858 36
859 33
860 39
861 33
862 50
863 36
864 31
865 49
866 37
867 41
868 30
869 38
870 41
871 43
872 51
873 41
874 41
875 36
876 46
877 39
878 34
879 38
880 39
881 27
882 34
883 33
884 33
885 37
886 31
887 36
888 36
889 29
890 36
891 32
892 31
893 30
894 38
895 36
896 35
897 37
898 36
899 47
900 35
901 37
902 43
903 48
904 43
905 38
906 29
907 35
908 39
909 39
910 38
911 37
912 40
913 44
914 35
915 42
916 36
917 43
918 31
919 38
920 38
921 27
922 40
923 40
924 28
925 28
926 38
927 29
928 45
929 29
930 32
931 37
932 40
933 35
934 33
935 27
936 40
937 25
938 28
939 26
940 43
941 33
942 38
943 40
944 42
945 24
946 40
947 35
948 39
949 32
950 20
951 32
952 41
953 38
954 28
955 41
956 45
957 22
958 42
959 38
960 30
961 30
962 38
963 44
964 37
965 30
966 38
967 47
968 31
969 41
970 35
971 30
972 30
973 32
974 34
975 35
976 34
977 33
978 32
979 38
980 46
981 37
982 42
983 47
984 37
985 40
986 38
987 34
988 31
989 40
990 28
991 41
992 29
993 35
994 36
995 39
996 40
997 35
998 25
999 37
1000 40
1001 34
1002 23
1003 30
1004 49
1005 36
1006 23
1007 43
1008 35
1009 29
1010 34
1011 41
1012 42
1013 40
1014 51
1015 44
1016 56
1017 60
1018 62
1019 76
1020 78
1021 70
1022 81
1023 93
1024 133
1025 115
1026 130
1027 127
1028 156
1029 199
1030 222
1031 228
1032 244
1033 288
1034 436
1035 645
1036 662
1037 600
1038 576
1039 602
1040 627
1041 671
1042 499
1043 477
1044 521
1045 406
1046 293
1047 188
1048 154
1049 157
1050 158
1051 100
1052 70
1053 50
1054 38
1055 41
1056 45
1057 34
1058 47
1059 43
1060 38
1061 42
1062 45
1063 38
1064 41
1065 24
1066 35
1067 34
1068 33
1069 39
1070 39
1071 30
1072 45
1073 29
1074 30
1075 35
1076 33
1077 36
1078 39
1079 32
1080 37
1081 31
1082 43
1083 39
1084 39
1085 37
1086 40
1087 38
1088 44
1089 25
1090 23
1091 28
1092 22
1093 26
1094 39
1095 29
1096 25
1097 31
1098 40
1099 33
1100 38
1101 37
1102 28
1103 32
1104 31
1105 43
1106 29
1107 20
1108 35
1109 52
1110 41
1111 37
1112 31
1113 26
1114 41
1115 37
1116 39
1117 35
1118 22
1119 28
1120 33
1121 46
1122 35
1123 29
1124 38
1125 33
1126 30
1127 33
1128 32
1129 43
1130 29
1131 28
1132 26
1133 30
1134 24
1135 41
1136 34
1137 34
1138 24
1139 32
1140 31
1141 29
1142 34
1143 35
1144 28
1145 33
1146 40
1147 41
1148 25
1149 45
1150 28
1151 36
1152 44
1153 50
1154 48
1155 39
1156 43
1157 44
1158 54
1159 44
1160 42
1161 52
1162 27
1163 48
1164 45
1165 39
1166 49
1167 53
1168 79
1169 73
1170 115
1171 90
1172 63
1173 75
1174 63
1175 64
1176 59
1177 63
1178 62
1179 47
1180 66
1181 73
1182 49
1183 44
1184 33
1185 32
1186 39
1187 38
1188 30
1189 31
1190 24
1191 27
1192 47
1193 32
1194 30
1195 33
1196 26
1197 40
1198 38
1199 31
1200 32
1201 19
1202 31
1203 32
1204 38
1205 34
1206 27
1207 31
1208 26
1209 34
1210 42
1211 35
1212 28
1213 36
1214 38
1215 27
1216 34
1217 30
1218 37
1219 39
1220 22
1221 36
1222 49
1223 27
1224 27
1225 29
1226 16
1227 27
1228 34
1229 31
1230 36
1231 30
1232 34
1233 34
1234 27
1235 27
1236 30
1237 23
1238 32
1239 39
1240 22
1241 24
1242 35
1243 46
1244 24
1245 29
1246 30
1247 27
1248 28
1249 29
1250 19
1251 26
1252 26
1253 44
1254 24
1255 20
1256 25
1257 42
1258 33
1259 29
1260 37
1261 36
1262 25
1263 24
1264 39
1265 37
1266 36
1267 23
1268 25
1269 26
1270 25
1271 29
1272 21
1273 23
1274 22
1275 18
1276 21
1277 19
1278 21
1279 28
1280 39
1281 29
1282 30
1283 19
1284 26
1285 24
1286 22
1287 19
1288 24
1289 29
1290 28
1291 29
1292 28
1293 33
1294 31
1295 27
1296 28
1297 21
1298 24
1299 30
1300 36
1301 31
1302 41
1303 40
1304 50
1305 54
1306 70
1307 63
1308 60
1309 77
1310 86
1311 82
1312 105
1313 97
1314 88
1315 106
1316 130
1317 131
1318 170
1319 196
1320 184
1321 198
1322 227
1323 214
1324 243
1325 170
1326 139
1327 173
1328 177
1329 136
1330 107
1331 108
1332 101
1333 108
1334 115
1335 73
1336 48
1337 36
1338 39
1339 35
1340 27
1341 18
1342 27
1343 21
1344 20
1345 20
1346 30
1347 24
1348 34
1349 23
1350 23
1351 25
1352 16
1353 32
1354 26
1355 27
1356 26
1357 21
1358 27
1359 27
1360 26
1361 27
1362 27
1363 18
1364 24
1365 33
1366 21
1367 17
1368 38
1369 28
1370 22
1371 21
1372 18
1373 26
1374 25
1375 16
1376 34
1377 20
1378 21
1379 19
1380 13
1381 19
1382 18
1383 25
1384 24
1385 28
1386 29
1387 22
1388 22
1389 29
1390 22
1391 21
1392 20
1393 28
1394 21
1395 28
1396 21
1397 21
1398 25
1399 19
1400 23
1401 23
1402 20
1403 35
1404 24
1405 25
1406 29
1407 19
1408 25
1409 22
1410 21
1411 22
1412 19
1413 24
1414 22
1415 20
1416 29
1417 25
1418 18
1419 20
1420 26
1421 21
1422 24
1423 25
1424 23
1425 27
1426 20
1427 22
1428 28
1429 32
1430 30
1431 20
1432 19
1433 26
1434 18
1435 19
1436 20
1437 37
1438 18
1439 24
1440 16
1441 31
1442 22
1443 24
1444 32
1445 27
1446 24
1447 27
1448 16
1449 25
1450 25
1451 16
1452 27
1453 26
1454 31
1455 25
1456 24
1457 38
1458 25
1459 28
1460 31
1461 19
1462 31
1463 32
1464 21
1465 29
1466 19
1467 25
1468 24
1469 21
1470 19
1471 20
1472 17
1473 22
1474 28
1475 15
1476 23
1477 20
1478 30
1479 25
1480 20
1481 17
1482 32
1483 20
1484 18
1485 24
1486 22
1487 15
1488 20
1489 26
1490 16
1491 21
1492 17
1493 19
1494 23
1495 25
1496 22
1497 28
1498 26
1499 20
1500 27
1501 20
1502 28
1503 22
1504 30
1505 24
1506 25
1507 27
1508 32
1509 26
1510 21
1511 28
1512 31
1513 21
1514 18
1515 15
1516 32
1517 27
1518 19
1519 24
1520 25
1521 21
1522 25
1523 21
1524 18
1525 23
1526 15
1527 22
1528 12
1529 19
1530 21
1531 29
1532 20
1533 24
1534 9
1535 18
1536 27
1537 33
1538 24
1539 12
1540 27
1541 23
1542 21
1543 26
1544 28
1545 18
1546 23
1547 18
1548 19
1549 14
1550 17
1551 19
1552 27
1553 27
1554 21
1555 27
1556 19
1557 20
1558 21
1559 16
1560 21
1561 14
1562 22
1563 29
1564 21
1565 16
1566 16
1567 16
1568 20
1569 20
1570 25
1571 12
1572 13
1573 22
1574 23
1575 17
1576 26
1577 16
1578 21
1579 24
1580 20
1581 17
1582 20
1583 18
1584 23
1585 13
1586 33
1587 26
1588 16
1589 20
1590 22
1591 15
1592 18
1593 25
1594 25
1595 20
1596 19
1597 23
1598 30
1599 18
1600 22
1601 11
1602 15
1603 20
1604 23
1605 23
1606 13
1607 23
1608 11
1609 23
1610 20
1611 17
1612 16
1613 21
1614 14
1615 14
1616 20
1617 27
1618 12
1619 15
1620 13
1621 22
1622 21
1623 17
1624 26
1625 22
1626 25
1627 22
1628 12
1629 13
1630 20
1631 22
1632 15
1633 22
1634 16
1635 19
1636 16
1637 14
1638 14
1639 22
1640 19
1641 18
1642 18
1643 22
1644 19
1645 16
1646 15
1647 19
1648 19
1649 26
1650 14
1651 25
1652 24
1653 12
1654 21
1655 17
1656 20
1657 18
1658 20
1659 25
1660 16
1661 11
1662 16
1663 23
1664 31
1665 19
1666 17
1667 20
1668 33
1669 24
1670 16
1671 20
1672 18
1673 15
1674 17
1675 24
1676 26
1677 18
1678 14
1679 19
1680 26
1681 20
1682 13
1683 22
1684 17
1685 18
1686 19
1687 19
1688 13
1689 24
1690 16
1691 19
1692 23
1693 24
1694 20
1695 15
1696 19
1697 19
1698 22
1699 16
1700 24
1701 15
1702 20
1703 22
1704 22
1705 20
1706 16
1707 25
1708 13
1709 23
1710 14
1711 17
1712 21
1713 16
1714 15
1715 17
1716 28
1717 22
1718 19
1719 23
1720 29
1721 23
1722 16
1723 21
1724 23
1725 22
1726 26
1727 24
1728 26
1729 22
1730 18
1731 22
1732 16
1733 23
1734 23
1735 24
1736 23
1737 24
1738 14
1739 17
1740 19
1741 21
1742 17
1743 24
1744 15
1745 19
1746 25
1747 16
1748 26
1749 22
1750 15
1751 17
1752 32
1753 20
1754 18
1755 21
1756 31
1757 21
1758 25
1759 26
1760 32
1761 31
1762 26
1763 23
1764 33
1765 30
1766 34
1767 37
1768 43
1769 62
1770 54
1771 68
1772 56
1773 64
1774 71
1775 89
1776 118
1777 120
1778 152
1779 204
1780 331
1781 231
1782 152
1783 130
1784 147
1785 157
1786 138
1787 147
1788 105
1789 84
1790 57
1791 60
1792 52
1793 36
1794 26
1795 31
1796 17
1797 26
1798 34
1799 23
1800 22
1801 22
1802 27
1803 17
1804 16
1805 17
1806 21
1807 21
1808 19
1809 16
1810 7
1811 17
1812 25
1813 29
1814 26
1815 14
1816 14
1817 24
1818 20
1819 17
1820 8
1821 16
1822 11
1823 19
1824 18
1825 15
1826 17
1827 11
1828 18
1829 17
1830 25
1831 31
1832 20
1833 16
1834 21
1835 19
1836 16
1837 22
1838 15
1839 19
1840 15
1841 13
1842 16
1843 17
1844 10
1845 13
1846 6
1847 16
1848 22
1849 17
1850 12
1851 15
1852 24
1853 17
1854 18
1855 25
1856 20
1857 20
1858 15
1859 14
1860 23
1861 25
1862 18
1863 12
1864 12
1865 11
1866 16
1867 22
1868 18
1869 11
1870 17
1871 13
1872 15
1873 17
1874 11
1875 16
1876 21
1877 15
1878 18
1879 16
1880 19
1881 17
1882 20
1883 24
1884 16
1885 15
1886 19
1887 22
1888 24
1889 16
1890 25
1891 16
1892 22
1893 18
1894 14
1895 17
1896 22
1897 12
1898 15
1899 17
1900 21
1901 18
1902 17
1903 18
1904 12
1905 18
1906 18
1907 16
1908 15
1909 15
1910 17
1911 15
1912 19
1913 17
1914 15
1915 14
1916 14
1917 19
1918 14
1919 12
1920 14
1921 24
1922 22
1923 16
1924 20
1925 24
1926 29
1927 27
1928 18
1929 23
1930 25
1931 16
1932 14
1933 20
1934 27
1935 21
1936 20
1937 16
1938 23
1939 15
1940 22
1941 20
1942 20
1943 12
1944 16
1945 20
1946 23
1947 24
1948 22
1949 22
1950 15
1951 14
1952 19
1953 11
1954 18
1955 18
1956 21
1957 16
1958 22
1959 17
1960 25
1961 19
1962 12
1963 18
1964 19
1965 16
1966 19
1967 21
1968 21
1969 16
1970 25
1971 25
1972 21
1973 20
1974 10
1975 17
1976 12
1977 13
1978 12
1979 14
1980 22
1981 25
1982 20
1983 16
1984 20
1985 21
1986 22
1987 22
1988 17
1989 23
1990 18
1991 17
1992 17
1993 17
1994 17
1995 8
1996 20
1997 22
1998 22
1999 21
2000 23
2001 21
2002 21
2003 23
2004 32
2005 26
2006 21
2007 30
2008 40
2009 46
2010 42
2011 62
2012 51
2013 56
2014 61
2015 66
2016 81
2017 76
2018 85
2019 97
2020 101
2021 122
2022 143
2023 159
2024 194
2025 219
2026 234
2027 258
2028 293
2029 284
2030 290
2031 298
2032 291
2033 260
2034 284
2035 345
2036 366
2037 355
2038 422
2039 363
2040 296
2041 295
2042 241
2043 202
2044 222
2045 176
2046 150
2047 125
2048 160
2049 122
2050 90
2051 87
2052 71
2053 74
2054 54
2055 36
2056 51
2057 33
2058 36
2059 28
2060 30
2061 26
2062 22
2063 19
2064 25
2065 15
2066 25
2067 20
2068 23
2069 23
2070 20
2071 18
2072 21
2073 19
2074 22
2075 14
2076 25
2077 19
2078 10
2079 18
2080 18
2081 15
2082 15
2083 20
2084 16
2085 18
2086 17
2087 28
2088 16
2089 27
2090 14
2091 20
2092 23
2093 17
2094 22
2095 20
2096 12
2097 15
2098 17
2099 14
2100 24
2101 16
2102 18
2103 14
2104 16
2105 24
2106 14
2107 14
2108 16
2109 16
2110 17
2111 14
2112 16
2113 12
2114 14
2115 12
2116 16
2117 11
2118 17
2119 13
2120 16
2121 14
2122 15
2123 14
2124 16
2125 15
2126 12
2127 13
2128 14
2129 22
2130 17
2131 10
2132 13
2133 16
2134 8
2135 15
2136 11
2137 13
2138 15
2139 17
2140 10
2141 18
2142 23
2143 19
2144 13
2145 20
2146 23
2147 19
2148 17
2149 12
2150 19
2151 17
2152 17
2153 16
2154 17
2155 25
2156 21
2157 18
2158 20
2159 19
2160 31
2161 20
2162 15
2163 20
2164 19
2165 23
2166 15
2167 8
2168 19
2169 16
2170 13
2171 13
2172 15
2173 11
2174 22
2175 18
2176 6
2177 15
2178 15
2179 17
2180 15
2181 12
2182 8
2183 13
2184 14
2185 15
2186 11
2187 18
2188 10
2189 15
2190 17
2191 15
2192 13
2193 15
2194 8
2195 12
2196 16
2197 10
2198 14
2199 10
2200 18
2201 14
2202 22
2203 13
2204 16
2205 20
2206 21
2207 20
2208 19
2209 17
2210 22
2211 22
2212 34
2213 21
2214 31
2215 25
2216 25
2217 39
2218 35
2219 45
2220 36
2221 53
2222 64
2223 57
2224 56
2225 57
2226 67
2227 82
2228 105
2229 82
2230 76
2231 69
2232 84
2233 91
2234 112
2235 98
2236 89
2237 89
2238 108
2239 76
2240 72
2241 58
2242 67
2243 49
2244 53
2245 58
2246 49
2247 46
2248 41
2249 42
2250 36
2251 36
2252 22
2253 23
2254 22
2255 17
2256 18
2257 24
2258 25
2259 23
2260 18
2261 19
2262 18
2263 17
2264 12
2265 9
2266 15
2267 8
2268 14
2269 13
2270 10
2271 8
2272 18
2273 12
2274 11
2275 13
2276 16
2277 21
2278 12
2279 18
2280 9
2281 17
2282 10
2283 17
2284 20
2285 20
2286 23
2287 15
2288 15
2289 14
2290 13
2291 10
2292 11
2293 14
2294 11
2295 10
2296 11
2297 16
2298 12
2299 18
2300 12
2301 14
2302 14
2303 15
2304 13
2305 17
2306 16
2307 11
2308 22
2309 15
2310 10
2311 6
2312 14
2313 13
2314 17
2315 16
2316 8
2317 10
2318 12
2319 11
2320 8
2321 16
2322 14
2323 21
2324 14
2325 17
2326 15
2327 9
2328 12
2329 6
2330 23
2331 14
2332 13
2333 16
2334 21
2335 16
2336 13
2337 18
2338 9
2339 10
2340 9
2341 13
2342 10
2343 10
2344 16
2345 15
2346 9
2347 11
2348 14
2349 10
2350 17
2351 14
2352 15
2353 9
2354 17
2355 7
2356 16
2357 10
2358 14
2359 14
2360 14
2361 13
2362 12
2363 16
2364 21
2365 15
2366 17
2367 15
2368 13
2369 9
2370 14
2371 11
2372 10
2373 15
2374 8
2375 11
2376 8
2377 16
2378 12
2379 14
2380 9
2381 13
2382 11
2383 10
2384 17
2385 12
2386 11
2387 14
2388 15
2389 18
2390 13
2391 10
2392 18
2393 7
2394 17
2395 15
2396 14
2397 11
2398 15
2399 9
2400 13
2401 10
2402 14
2403 11
2404 14
2405 12
2406 8
2407 9
2408 12
2409 7
2410 8
2411 9
2412 14
2413 15
2414 11
2415 9
2416 14
2417 15
2418 13
2419 11
2420 14
2421 9
2422 11
2423 12
2424 16
2425 9
2426 14
2427 11
2428 16
2429 16
2430 12
2431 12
2432 8
2433 18
2434 9
2435 15
2436 22
2437 13
2438 9
2439 14
2440 12
2441 16
2442 12
2443 14
2444 11
2445 15
2446 7
2447 14
2448 11
2449 12
2450 14
2451 11
2452 10
2453 10
2454 13
2455 9
2456 13
2457 11
2458 14
2459 12
2460 15
2461 10
2462 11
2463 15
2464 12
2465 18
2466 5
2467 12
2468 7
2469 14
2470 18
2471 15
2472 20
2473 10
2474 19
2475 14
2476 8
2477 17
2478 15
2479 11
2480 8
2481 10
2482 14
2483 14
2484 16
2485 6
2486 14
2487 7
2488 9
2489 12
2490 13
2491 8
2492 9
2493 17
2494 13
2495 19
2496 20
2497 11
2498 18
2499 11
2500 12
2501 21
2502 16
2503 15
2504 19
2505 23
2506 34
2507 24
2508 17
2509 31
2510 26
2511 33
2512 35
2513 37
2514 26
2515 47
2516 36
2517 54
2518 41
2519 49
2520 36
2521 37
2522 34
2523 62
2524 55
2525 37
2526 28
2527 50
2528 66
2529 54
2530 60
2531 73
2532 83
2533 72
2534 57
2535 37
2536 31
2537 29
2538 37
2539 25
2540 18
2541 29
2542 24
2543 20
2544 20
2545 18
2546 19
2547 19
2548 19
2549 16
2550 24
2551 24
2552 18
2553 12
2554 12
2555 14
2556 9
2557 10
2558 18
2559 12
