0 32
1 29
2 25
3 21
4 24
5 29
6 24
7 39
8 23
9 31
10 27
11 34
12 19
13 27
14 31
15 23
16 29
17 23
18 29
19 11
20 30
21 31
22 26
23 25
24 27
25 26
26 27
27 17
28 29
29 28
30 32
31 22
32 27
33 23
34 22
35 30
36 38
37 25
38 31
39 20
40 36
41 26
42 19
43 23
44 29
45 26
46 33
47 30
48 29
49 28
50 24
51 36
52 32
53 24
54 33
55 39
56 23
57 39
58 25
59 34
60 33
61 29
62 33
63 39
64 27
65 30
66 26
67 34
68 31
69 28
70 31
71 29
72 36
73 31
74 30
75 24
76 34
77 33
78 24
79 28
80 39
81 18
82 29
83 34
84 17
85 38
86 29
87 31
88 26
89 30
90 30
91 27
92 34
93 24
94 29
95 31
96 18
97 32
98 31
99 23
100 32
101 33
102 30
103 31
104 36
105 23
106 22
107 35
108 23
109 34
110 34
111 28
112 38
113 30
114 27
115 29
116 29
117 19
118 20
119 41
120 37
121 35
122 28
123 17
124 24
125 23
126 27
127 39
128 31
129 35
130 24
131 37
132 37
133 38
134 24
135 24
136 24
137 28
138 30
139 21
140 26
141 30
142 29
143 21
144 32
145 35
146 31
147 33
148 28
149 28
150 26
151 33
152 46
153 25
154 38
155 30
156 34
157 29
158 30
159 24
160 34
161 34
162 29
163 25
164 38
165 29
166 42
167 32
168 36
169 30
170 33
171 33
172 35
173 26
174 26
175 29
176 26
177 39
178 33
179 32
180 31
181 37
182 30
183 30
184 27
185 32
186 29
187 36
188 31
189 34
190 44
191 37
192 28
193 29
194 37
195 36
196 34
197 32
198 35
199 24
200 27
201 32
202 38
203 32
204 30
205 33
206 44
207 37
208 24
209 22
210 30
211 45
212 36
213 29
214 30
215 34
216 30
217 26
218 36
219 28
220 30
221 26
222 36
223 34
224 34
225 43
226 38
227 37
228 34
229 31
230 28
231 27
232 25
233 39
234 39
235 24
236 25
237 30
238 36
239 34
240 30
241 32
242 25
243 36
244 32
245 20
246 31
247 29
248 29
249 35
250 38
251 41
252 30
253 27
254 21
255 31
256 34
257 40
258 27
259 32
260 43
261 36
262 34
263 37
264 35
265 29
266 27
267 30
268 34
269 37
270 30
271 47
272 35
273 31
274 41
275 37
276 28
277 37
278 24
279 34
280 28
281 25
282 38
283 34
284 41
285 24
286 32
287 32
288 30
289 35
290 34
291 45
292 29
293 40
294 38
295 33
296 28
297 32
298 26
299 30
300 23
301 40
302 36
303 27
304 41
305 33
306 35
307 25
308 27
309 41
310 41
311 33
312 22
313 32
314 38
315 25
316 29
317 31
318 28
319 36
320 34
321 31
322 33
323 29
324 40
325 38
326 43
327 23
328 36
329 41
330 37
331 28
332 39
333 37
334 41
335 36
336 35
337 44
338 32
339 38
340 29
341 36
342 36
343 32
344 38
345 48
346 35
347 40
348 26
349 44
350 43
351 35
352 44
353 46
354 49
355 36
356 35
357 25
358 35
359 43
360 31
361 39
362 27
363 35
364 36
365 40
366 39
367 41
368 34
369 34
370 34
371 41
372 33
373 38
374 38
375 33
376 28
377 37
378 32
379 28
380 24
381 26
382 37
383 37
384 39
385 36
386 39
387 32
388 34
389 45
390 40
391 45
392 38
393 31
394 37
395 32
396 32
397 34
398 33
399 34
400 38
401 37
402 34
403 34
404 28
405 31
406 41
407 41
408 31
409 33
410 35
411 39
412 31
413 28
414 31
415 30
416 44
417 34
418 35
419 30
420 48
421 29
422 25
423 40
424 32
425 31
426 43
427 39
428 26
429 34
430 36
431 42
432 33
433 37
434 40
435 32
436 37
437 37
438 41
439 26
440 37
441 32
442 36
443 31
444 28
445 46
446 40
447 37
448 43
449 39
450 35
451 39
452 33
453 23
454 32
455 34
456 31
457 33
458 42
459 37
460 41
461 32
462 41
463 33
464 30
465 39
466 42
467 44
468 35
469 32
470 49
471 38
472 40
473 30
474 35
475 36
476 36
477 24
478 46
479 31
480 36
481 43
482 32
483 35
484 28
485 34
486 37
487 43
488 31
489 43
490 32
491 36
492 57
493 45
494 29
495 35
496 46
497 34
498 34
499 32
500 33
501 38
502 32
503 25
504 37
505 33
506 32
507 31
508 43
509 29
510 42
511 31
512 46
513 41
514 35
515 35
516 42
517 45
518 51
519 33
520 42
521 39
522 47
523 39
524 46
525 46
526 48
527 41
528 34
529 44
530 33
531 35
532 45
533 42
534 37
535 54
536 29
537 39
538 38
539 41
540 39
541 39
542 36
543 33
544 41
545 44
546 38
547 36
548 40
549 34
550 36
551 30
552 33
553 48
554 45
555 41
556 36
557 53
558 47
559 64
560 71
561 60
562 60
563 66
564 62
565 68
566 48
567 66
568 54
569 57
570 50
571 62
572 60
573 56
574 75
575 64
576 65
577 82
578 84
579 111
580 81
581 76
582 77
583 86
584 88
585 91
586 75
587 83
588 86
589 96
590 75
591 70
592 73
593 45
594 56
595 44
596 34
597 45
598 33
599 34
600 46
601 33
602 33
603 41
604 32
605 41
606 33
607 37
608 32
609 36
610 39
611 35
612 54
613 48
614 40
615 46
616 33
617 33
618 31
619 36
620 43
621 29
622 24
623 39
624 42
625 41
626 30
627 30
628 33
629 39
630 45
631 36
632 44
633 44
634 39
635 31
636 31
637 30
638 39
639 44
640 28
641 37
642 32
643 38
644 39
645 42
646 38
647 41
648 32
649 32
650 42
651 31
652 36
653 28
654 33
655 39
656 49
657 42
658 29
659 48
660 40
661 39
662 44
663 52
664 35
665 29
666 40
667 37
668 43
669 23
670 41
671 31
672 32
673 38
674 36
675 36
676 42
677 33
678 27
679 42
680 45
681 39
682 45
683 31
684 35
685 33
686 32
687 32
688 35
689 39
690 38
691 43
692 34
693 37
694 41
695 32
696 38
697 32
698 26
699 31
700 28
701 33
702 33
703 40
704 39
705 30
706 33
707 43
708 37
709 28
710 52
711 32
712 30
713 42
714 40
715 41
716 24
717 43
718 29
719 33
720 36
721 25
722 31
723 28
724 42
725 36
726 45
727 32
728 33
729 35
730 30
731 29
732 45
733 36
734 40
735 47
736 28
737 41
738 37
739 38
740 32
741 39
742 38
743 45
744 45
745 41
746 32
747 39
748 23
749 36
750 42
751 44
752 38
753 40
754 33
755 37
756 20
757 37
758 28
759 32
760 53
761 43
762 31
763 36
764 41
765 43
766 34
767 50
768 44
769 43
770 35
771 24
772 38
773 30
774 35
775 38
776 36
777 32
778 24
779 36
780 42
781 45
782 36
783 38
784 26
785 42
786 39
787 29
788 38
789 36
790 31
791 43
792 40
793 30
794 37
795 27
796 37
797 39
798 42
799 23
800 38
801 42
802 30
803 35
804 37
805 31
806 38
807 31
808 35
809 36
810 31
811 38
812 34
813 39
814 32
815 36
816 39
817 24
818 31
819 33
820 36
821 31
822 39
823 46
824 42
825 34
826 30
827 38
828 35
829 41
830 45
831 41
832 29
833 28
834 27
835 35
836 34
837 31
838 36
839 25
840 33
841 40
842 23
843 35
844 25
845 27
846 28
847 29
848 37
849 32
850 38
851 37
852 29
853 34
854 31
855 28
856 31
857 31
858 29
859 30
860 34
861 47
862 37
863 29
864 39
865 33
866 27
867 26
868 38
869 38
870 37
871 27
872 35
873 38
874 38
875 38
876 29
877 33
878 36
879 39
880 39
881 34
882 33
883 31
884 27
885 27
886 26
887 39
888 39
889 38
890 41
891 24
892 34
893 37
894 34
895 44
896 30
897 41
898 35
899 35
900 37
901 23
902 42
903 25
904 35
905 41
906 42
907 37
908 45
909 41
910 30
911 41
912 39
913 34
914 26
915 25
916 38
917 30
918 45
919 52
920 39
921 34
922 35
923 28
924 41
925 32
926 40
927 27
928 44
929 28
930 39
931 40
932 31
933 37
934 37
935 38
936 45
937 29
938 34
939 21
940 37
941 27
942 35
943 28
944 38
945 33
946 37
947 39
948 31
949 31
950 40
951 22
952 39
953 23
954 31
955 30
956 27
957 39
958 30
959 27
960 23
961 27
962 32
963 41
964 38
965 31
966 22
967 33
968 33
969 29
970 24
971 29
972 37
973 34
974 24
975 34
976 23
977 29
978 27
979 25
980 27
981 23
982 31
983 44
984 33
985 28
986 26
987 39
988 22
989 32
990 23
991 29
992 36
993 35
994 18
995 25
996 24
997 43
998 33
999 38
1000 34
1001 31
1002 36
1003 35
1004 31
1005 28
1006 38
1007 31
1008 22
1009 33
1010 24
1011 34
1012 38
1013 23
1014 26
1015 22
1016 25
1017 33
1018 33
1019 37
1020 23
1021 30
1022 34
1023 30
1024 39
1025 33
1026 33
1027 38
1028 40
1029 25
1030 37
1031 31
1032 32
1033 32
1034 32
1035 34
1036 27
1037 29
1038 44
1039 39
1040 35
1041 35
1042 34
1043 38
1044 37
1045 40
1046 33
1047 31
1048 29
1049 30
1050 35
1051 40
1052 30
1053 28
1054 32
1055 22
1056 27
1057 35
1058 36
1059 29
1060 39
1061 42
1062 33
1063 26
1064 46
1065 40
1066 22
1067 40
1068 27
1069 33
1070 37
1071 31
1072 38
1073 36
1074 36
1075 22
1076 33
1077 36
1078 31
1079 31
1080 33
1081 33
1082 41
1083 35
1084 33
1085 35
1086 35
1087 35
1088 37
1089 45
1090 44
1091 67
1092 72
1093 81
1094 53
1095 58
1096 76
1097 88
1098 131
1099 158
1100 199
1101 214
1102 233
1103 242
1104 256
1105 249
1106 311
1107 355
1108 396
1109 383
1110 418
1111 471
1112 556
1113 481
1114 467
1115 509
1116 440
1117 355
1118 330
1119 251
1120 226
1121 168
1122 136
1123 81
1124 72
1125 57
1126 44
1127 40
1128 32
1129 33
1130 35
1131 25
1132 27
1133 31
1134 30
1135 30
1136 24
1137 36
1138 39
1139 35
1140 34
1141 29
1142 42
1143 40
1144 30
1145 41
1146 35
1147 30
1148 40
1149 36
1150 28
1151 32
1152 39
1153 25
1154 30
1155 34
1156 34
1157 31
1158 41
1159 29
1160 37
1161 30
1162 36
1163 34
1164 34
1165 44
1166 38
1167 32
1168 36
1169 33
1170 32
1171 39
1172 35
1173 38
1174 38
1175 35
1176 35
1177 32
1178 45
1179 21
1180 36
1181 34
1182 26
1183 31
1184 26
1185 29
1186 34
1187 27
1188 37
1189 26
1190 36
1191 39
1192 26
1193 32
1194 25
1195 31
1196 27
1197 39
1198 22
1199 30
1200 33
1201 26
1202 34
1203 28
1204 34
1205 18
1206 30
1207 28
1208 27
1209 35
1210 47
1211 28
1212 30
1213 35
1214 37
1215 41
1216 27
1217 30
1218 29
1219 25
1220 26
1221 36
1222 28
1223 26
1224 27
1225 22
1226 26
1227 23
1228 32
1229 41
1230 31
1231 34
1232 30
1233 37
1234 40
1235 44
1236 36
1237 29
1238 42
1239 28
1240 45
1241 44
1242 44
1243 41
1244 63
1245 63
1246 56
1247 62
1248 71
1249 74
1250 52
1251 75
1252 63
1253 45
1254 57
1255 41
1256 47
1257 37
1258 29
1259 34
1260 38
1261 32
1262 25
1263 26
1264 36
1265 32
1266 27
1267 26
1268 25
1269 24
1270 27
1271 19
1272 18
1273 24
1274 28
1275 19
1276 17
1277 17
1278 18
1279 15
1280 25
1281 26
1282 21
1283 28
1284 21
1285 30
1286 26
1287 27
1288 17
1289 19
1290 24
1291 19
1292 19
1293 24
1294 26
1295 30
1296 22
1297 17
1298 30
1299 30
1300 23
1301 22
1302 19
1303 30
1304 21
1305 28
1306 28
1307 39
1308 30
1309 36
1310 18
1311 19
1312 35
1313 23
1314 30
1315 33
1316 34
1317 37
1318 40
1319 46
1320 53
1321 41
1322 34
1323 40
1324 48
1325 42
1326 39
1327 41
1328 30
1329 29
1330 27
1331 22
1332 33
1333 30
1334 35
1335 19
1336 18
1337 34
1338 28
1339 26
1340 13
1341 25
1342 19
1343 32
1344 23
1345 18
1346 24
1347 20
1348 23
1349 27
1350 18
1351 29
1352 35
1353 25
1354 19
1355 30
1356 25
1357 27
1358 28
1359 30
1360 24
1361 22
1362 29
1363 21
1364 21
1365 19
1366 20
1367 22
1368 16
1369 31
1370 17
1371 29
1372 27
1373 30
1374 15
1375 17
1376 18
1377 23
1378 21
1379 24
1380 24
1381 22
1382 24
1383 29
1384 32
1385 22
1386 25
1387 29
1388 34
1389 27
1390 33
1391 38
1392 41
1393 49
1394 41
1395 63
1396 70
1397 82
1398 100
1399 93
1400 109
1401 158
1402 143
1403 190
1404 193
1405 234
1406 257
1407 227
1408 173
1409 146
1410 158
1411 162
1412 165
1413 234
1414 219
1415 153
1416 110
1417 89
1418 99
1419 63
1420 35
1421 39
1422 30
1423 22
1424 31
1425 18
1426 23
1427 32
1428 29
1429 23
1430 29
1431 19
1432 19
1433 31
1434 26
1435 12
1436 31
1437 24
1438 15
1439 10
1440 23
1441 22
1442 18
1443 15
1444 24
1445 23
1446 21
1447 28
1448 21
1449 20
1450 25
1451 28
1452 24
1453 21
1454 25
1455 14
1456 22
1457 27
1458 19
1459 20
1460 20
1461 24
1462 21
1463 18
1464 24
1465 41
1466 14
1467 23
1468 27
1469 23
1470 21
1471 22
1472 20
1473 19
1474 23
1475 21
1476 24
1477 32
1478 31
1479 27
1480 25
1481 24
1482 16
1483 18
1484 27
1485 18
1486 13
1487 15
1488 13
1489 11
1490 20
1491 17
1492 20
1493 25
1494 19
1495 16
1496 16
1497 21
1498 24
1499 24
1500 21
1501 18
1502 19
1503 21
1504 19
1505 23
1506 25
1507 13
1508 15
1509 23
1510 23
1511 15
1512 23
1513 27
1514 18
1515 16
1516 19
1517 16
1518 14
1519 22
1520 15
1521 15
1522 15
1523 19
1524 26
1525 19
1526 25
1527 23
1528 24
1529 15
1530 14
1531 21
1532 13
1533 18
1534 15
1535 21
1536 22
1537 19
1538 16
1539 14
1540 18
1541 22
1542 17
1543 28
1544 22
1545 28
1546 18
1547 20
1548 22
1549 17
1550 26
1551 23
1552 19
1553 18
1554 18
1555 16
1556 20
1557 22
1558 15
1559 18
1560 21
1561 20
1562 22
1563 21
1564 30
1565 23
1566 22
1567 20
1568 19
1569 14
1570 24
1571 22
1572 22
1573 22
1574 22
1575 15
1576 22
1577 26
1578 16
1579 19
1580 17
1581 31
1582 27
1583 23
1584 18
1585 24
1586 15
1587 18
1588 21
1589 14
1590 14
1591 17
1592 28
1593 19
1594 26
1595 15
1596 17
1597 24
1598 12
1599 30
1600 19
1601 12
1602 13
1603 27
1604 16
1605 16
1606 17
1607 27
1608 21
1609 20
1610 19
1611 19
1612 15
1613 19
1614 19
1615 14
1616 15
1617 26
1618 23
1619 14
1620 16
1621 19
1622 23
1623 18
1624 15
1625 17
1626 20
1627 15
1628 21
1629 16
1630 18
1631 16
1632 22
1633 19
1634 22
1635 15
1636 17
1637 22
1638 12
1639 18
1640 21
1641 22
1642 17
1643 19
1644 22
1645 19
1646 27
1647 13
1648 22
1649 18
1650 12
1651 16
1652 21
1653 12
1654 18
1655 23
1656 12
1657 18
1658 22
1659 16
1660 17
1661 19
1662 23
1663 15
1664 21
1665 15
1666 13
1667 19
1668 20
1669 19
1670 16
1671 14
1672 17
1673 17
1674 22
1675 22
1676 11
1677 13
1678 19
1679 15
1680 23
1681 25
1682 18
1683 16
1684 20
1685 18
1686 18
1687 22
1688 16
1689 21
1690 19
1691 22
1692 20
1693 16
1694 26
1695 20
1696 25
1697 18
1698 11
1699 16
1700 18
1701 15
1702 21
1703 23
1704 22
1705 17
1706 12
1707 23
1708 28
1709 22
1710 14
1711 18
1712 23
1713 20
1714 17
1715 11
1716 11
1717 15
1718 19
1719 22
1720 19
1721 27
1722 14
1723 23
1724 12
1725 10
1726 16
1727 18
1728 11
1729 19
1730 22
1731 19
1732 15
1733 16
1734 17
1735 13
1736 18
1737 20
1738 22
1739 17
1740 10
1741 21
1742 18
1743 17
1744 20
1745 26
1746 18
1747 21
1748 25
1749 20
1750 21
1751 12
1752 17
1753 16
1754 18
1755 14
1756 13
1757 19
1758 19
1759 14
1760 16
1761 16
1762 21
1763 15
1764 24
1765 15
1766 15
1767 17
1768 22
1769 17
1770 14
1771 18
1772 15
1773 22
1774 23
1775 17
1776 16
1777 20
1778 16
1779 13
1780 14
1781 15
1782 20
1783 26
1784 18
1785 21
1786 21
1787 19
1788 22
1789 19
1790 21
1791 10
1792 28
1793 16
1794 17
1795 23
1796 24
1797 16
1798 19
1799 12
1800 27
1801 17
1802 21
1803 17
1804 16
1805 16
1806 14
1807 8
1808 21
1809 13
1810 23
1811 14
1812 20
1813 17
1814 16
1815 19
1816 17
1817 22
1818 21
1819 24
1820 14
1821 21
1822 18
1823 22
1824 29
1825 29
1826 26
1827 20
1828 20
1829 21
1830 21
1831 20
1832 13
1833 19
1834 25
1835 18
1836 22
1837 22
1838 16
1839 17
1840 14
1841 15
1842 20
1843 16
1844 18
1845 17
1846 17
1847 19
1848 17
1849 18
1850 18
1851 19
1852 17
1853 17
1854 21
1855 25
1856 12
1857 19
1858 19
1859 23
1860 21
1861 40
1862 30
1863 28
1864 22
1865 29
1866 41
1867 27
1868 27
1869 51
1870 53
1871 64
1872 72
1873 70
1874 68
1875 68
1876 108
1877 106
1878 130
1879 216
1880 223
1881 213
1882 162
1883 150
1884 129
1885 111
1886 99
1887 84
1888 106
1889 75
1890 77
1891 36
1892 44
1893 54
1894 32
1895 33
1896 26
1897 24
1898 19
1899 19
1900 18
1901 15
1902 11
1903 16
1904 13
1905 19
1906 14
1907 17
1908 17
1909 19
1910 18
1911 17
1912 14
1913 18
1914 19
1915 12
1916 17
1917 21
1918 8
1919 15
1920 12
1921 20
1922 26
1923 16
1924 22
1925 22
1926 26
1927 16
1928 18
1929 24
1930 24
1931 20
1932 26
1933 12
1934 23
1935 12
1936 19
1937 19
1938 21
1939 13
1940 19
1941 16
1942 18
1943 20
1944 28
1945 18
1946 17
1947 19
1948 18
1949 22
1950 22
1951 19
1952 11
1953 17
1954 18
1955 24
1956 22
1957 25
1958 18
1959 14
1960 16
1961 13
1962 27
1963 17
1964 18
1965 17
1966 15
1967 9
1968 23
1969 15
1970 16
1971 14
1972 15
1973 14
1974 24
1975 14
1976 20
1977 16
1978 14
1979 14
1980 12
1981 9
1982 12
1983 18
1984 13
1985 17
1986 12
1987 16
1988 17
1989 22
1990 18
1991 16
1992 19
1993 20
1994 12
1995 21
1996 17
1997 14
1998 18
1999 14
2000 16
2001 14
2002 13
2003 12
2004 16
2005 16
2006 13
2007 19
2008 19
2009 12
2010 25
2011 22
2012 24
2013 12
2014 15
2015 9
2016 17
2017 9
2018 21
2019 15
2020 13
2021 13
2022 16
2023 23
2024 15
2025 18
2026 14
2027 15
2028 17
2029 15
2030 17
2031 13
2032 15
2033 16
2034 20
2035 11
2036 10
2037 13
2038 23
2039 17
2040 13
2041 13
2042 8
2043 18
2044 18
2045 17
2046 19
2047 25
2048 18
2049 10
2050 17
2051 18
2052 15
2053 20
2054 12
2055 11
2056 13
2057 17
2058 11
2059 15
2060 14
2061 13
2062 16
2063 16
2064 13
2065 19
2066 20
2067 16
2068 18
2069 13
2070 26
2071 20
2072 20
2073 14
2074 19
2075 16
2076 15
2077 20
2078 10
2079 16
2080 12
2081 8
2082 16
2083 11
2084 10
2085 12
2086 13
2087 17
2088 18
2089 8
2090 19
2091 15
2092 22
2093 13
2094 13
2095 22
2096 20
2097 14
2098 10
2099 17
2100 10
2101 13
2102 20
2103 11
2104 16
2105 14
2106 16
2107 23
2108 27
2109 13
2110 19
2111 15
2112 18
2113 18
2114 13
2115 24
2116 21
2117 22
2118 31
2119 26
2120 24
2121 36
2122 40
2123 50
2124 57
2125 57
2126 76
2127 100
2128 100
2129 115
2130 126
2131 130
2132 155
2133 196
2134 292
2135 295
2136 353
2137 326
2138 418
2139 421
2140 398
2141 437
2142 470
2143 455
2144 491
2145 464
2146 378
2147 298
2148 323
2149 306
2150 268
2151 235
2152 231
2153 166
2154 155
2155 116
2156 97
2157 90
2158 81
2159 66
2160 59
2161 45
2162 46
2163 34
2164 35
2165 32
2166 29
2167 26
2168 19
2169 19
2170 17
2171 19
2172 24
2173 20
2174 16
2175 16
2176 21
2177 22
2178 17
2179 21
2180 12
2181 24
2182 25
2183 19
2184 20
2185 17
2186 17
2187 11
2188 16
2189 17
2190 12
2191 19
2192 18
2193 25
2194 15
2195 8
2196 15
2197 9
2198 11
2199 16
2200 15
2201 16
2202 10
2203 24
2204 24
2205 14
2206 20
2207 15
2208 13
2209 14
2210 15
2211 11
2212 21
2213 13
2214 20
2215 14
2216 17
2217 11
2218 13
2219 11
2220 16
2221 18
2222 14
2223 12
2224 19
2225 24
2226 21
2227 21
2228 12
2229 16
2230 16
2231 16
2232 14
2233 16
2234 17
2235 13
2236 27
2237 13
2238 14
2239 21
2240 16
2241 20
2242 12
2243 16
2244 9
2245 12
2246 18
2247 16
2248 12
2249 14
2250 20
2251 18
2252 23
2253 23
2254 14
2255 11
2256 11
2257 23
2258 13
2259 16
2260 26
2261 15
2262 24
2263 10
2264 13
2265 17
2266 14
2267 14
2268 19
2269 11
2270 20
2271 9
2272 13
2273 13
2274 15
2275 18
2276 14
2277 20
2278 10
2279 13
2280 21
2281 16
2282 15
2283 21
2284 13
2285 10
2286 12
2287 9
2288 8
2289 17
2290 9
2291 12
2292 18
2293 11
2294 18
2295 17
2296 20
2297 14
2298 18
2299 11
2300 13
2301 12
2302 12
2303 11
2304 12
2305 16
2306 9
2307 16
2308 13
2309 15
2310 9
2311 11
2312 13
2313 12
2314 17
2315 15
2316 14
2317 21
2318 23
2319 14
2320 18
2321 12
2322 15
2323 13
2324 15
2325 13
2326 25
2327 24
2328 20
2329 30
2330 22
2331 31
2332 26
2333 38
2334 39
2335 40
2336 43
2337 33
2338 47
2339 54
2340 44
2341 47
2342 56
2343 35
2344 60
2345 70
2346 64
2347 77
2348 98
2349 109
2350 90
2351 86
2352 83
2353 70
2354 69
2355 72
2356 91
2357 84
2358 79
2359 54
2360 55
2361 47
2362 55
2363 69
2364 42
2365 40
2366 18
2367 27
2368 23
2369 9
2370 13
2371 20
2372 12
2373 14
2374 18
2375 17
2376 10
2377 7
2378 16
2379 17
2380 13
2381 13
2382 14
2383 12
2384 13
2385 10
2386 13
2387 15
2388 15
2389 12
2390 11
2391 9
2392 8
2393 11
2394 11
2395 13
2396 11
2397 8
2398 11
2399 13
2400 11
2401 17
2402 17
2403 15
2404 16
2405 13
2406 13
2407 10
2408 14
2409 12
2410 17
2411 15
2412 11
2413 13
2414 12
2415 6
2416 10
2417 16
2418 13
2419 15
2420 11
2421 12
2422 9
2423 15
2424 25
2425 9
2426 16
2427 12
2428 5
2429 13
2430 13
2431 11
2432 17
2433 8
2434 10
2435 12
2436 14
2437 6
2438 11
2439 16
2440 13
2441 8
2442 10
2443 11
2444 10
2445 15
2446 15
2447 18
2448 9
2449 12
2450 16
2451 13
2452 24
2453 12
2454 18
2455 7
2456 18
2457 12
2458 15
2459 8
2460 9
2461 14
2462 11
2463 7
2464 15
2465 9
2466 11
2467 12
2468 11
2469 10
2470 15
2471 11
2472 10
2473 9
2474 8
2475 10
2476 15
2477 5
2478 10
2479 17
2480 17
2481 19
2482 11
2483 12
2484 9
2485 17
2486 11
2487 11
2488 10
2489 8
2490 8
2491 19
2492 15
2493 17
2494 12
2495 8
2496 18
2497 8
2498 20
2499 6
2500 10
2501 12
2502 15
2503 9
2504 14
2505 18
2506 12
2507 9
2508 13
2509 13
2510 13
2511 13
2512 10
2513 15
2514 14
2515 17
2516 15
2517 12
2518 17
2519 12
2520 6
2521 12
2522 8
2523 12
2524 17
2525 15
2526 13
2527 12
2528 10
2529 6
2530 11
2531 14
2532 13
2533 15
2534 8
2535 11
2536 10
2537 11
2538 9
2539 9
2540 18
2541 8
2542 12
2543 8
2544 10
2545 5
2546 6
2547 13
2548 10
2549 10
2550 12
2551 18
2552 14
2553 12
2554 7
2555 14
2556 12
2557 10
2558 9
2559 14
