0 30
1 20
2 26
3 25
4 22
5 28
6 27
7 34
8 25
9 37
10 31
11 28
12 29
13 13
14 39
15 28
16 39
17 18
18 31
19 29
20 26
21 31
22 25
23 34
24 44
25 22
26 21
27 27
28 29
29 24
30 35
31 27
32 21
33 26
34 39
35 23
36 30
37 40
38 25
39 36
40 35
41 21
42 23
43 26
44 32
45 20
46 24
47 31
48 20
49 31
50 35
51 27
52 48
53 33
54 41
55 37
56 26
57 29
58 33
59 28
60 36
61 32
62 30
63 27
64 24
65 36
66 31
67 23
68 31
69 24
70 34
71 25
72 31
73 33
74 30
75 28
76 34
77 31
78 36
79 20
80 31
81 27
82 32
83 27
84 27
85 26
86 24
87 29
88 41
89 28
90 30
91 40
92 33
93 27
94 28
95 42
96 28
97 32
98 40
99 37
100 38
101 31
102 23
103 31
104 23
105 39
106 32
107 36
108 25
109 30
110 36
111 28
112 37
113 34
114 36
115 32
116 31
117 41
118 36
119 24
120 30
121 31
122 29
123 23
124 32
125 23
126 42
127 31
128 23
129 42
130 39
131 31
132 27
133 31
134 35
135 35
136 28
137 36
138 37
139 43
140 30
141 36
142 27
143 30
144 40
145 34
146 30
147 33
148 35
149 31
150 36
151 32
152 29
153 28
154 28
155 32
156 25
157 35
158 33
159 27
160 38
161 34
162 31
163 31
164 33
165 36
166 29
167 34
168 30
169 12
170 31
171 45
172 39
173 26
174 31
175 32
176 26
177 30
178 26
179 34
180 26
181 33
182 33
183 29
184 25
185 39
186 28
187 43
188 30
189 35
190 38
191 21
192 38
193 42
194 33
195 35
196 35
197 44
198 36
199 26
200 33
201 22
202 34
203 27
204 29
205 35
206 40
207 42
208 36
209 34
210 33
211 32
212 34
213 32
214 41
215 30
216 31
217 27
218 35
219 33
220 39
221 36
222 28
223 40
224 49
225 26
226 43
227 34
228 33
229 46
230 39
231 42
232 25
233 32
234 26
235 23
236 36
237 37
238 39
239 29
240 38
241 29
242 29
243 38
244 39
245 38
246 37
247 39
248 36
249 38
250 29
251 33
252 25
253 39
254 40
255 26
256 33
257 32
258 31
259 37
260 38
261 46
262 30
263 41
264 38
265 42
266 28
267 35
268 30
269 38
270 33
271 29
272 38
273 45
274 31
275 35
276 32
277 34
278 34
279 40
280 28
281 30
282 23
283 29
284 41
285 37
286 31
287 30
288 34
289 40
290 30
291 38
292 22
293 36
294 26
295 34
296 34
297 42
298 25
299 38
300 45
301 31
302 42
303 36
304 38
305 25
306 33
307 33
308 46
309 48
310 37
311 41
312 37
313 41
314 38
315 35
316 35
317 33
318 42
319 36
320 30
321 35
322 33
323 33
324 39
325 27
326 30
327 34
328 38
329 47
330 34
331 38
332 41
333 34
334 49
335 33
336 33
337 32
338 26
339 35
340 34
341 33
342 33
343 31
344 32
345 22
346 37
347 36
348 32
349 25
350 37
351 31
352 30
353 38
354 33
355 32
356 42
357 31
358 35
359 37
360 37
361 33
362 36
363 50
364 35
365 26
366 48
367 27
368 41
369 36
370 39
371 40
372 29
373 40
374 44
375 38
376 32
377 37
378 38
379 55
380 34
381 37
382 28
383 33
384 29
385 24
386 27
387 40
388 38
389 31
390 41
391 34
392 54
393 48
394 36
395 35
396 35
397 32
398 31
399 38
400 34
401 45
402 43
403 32
404 35
405 46
406 43
407 46
408 35
409 36
410 35
411 42
412 42
413 29
414 33
415 35
416 29
417 37
418 27
419 38
420 37
421 39
422 54
423 40
424 30
425 42
426 40
427 36
428 41
429 38
430 43
431 28
432 45
433 41
434 35
435 35
436 34
437 35
438 38
439 39
440 30
441 38
442 48
443 30
444 34
445 39
446 36
447 33
448 39
449 38
450 48
451 40
452 40
453 37
454 39
455 41
456 38
457 53
458 47
459 37
460 38
461 48
462 36
463 39
464 39
465 39
466 41
467 42
468 48
469 28
470 36
471 26
472 34
473 46
474 33
475 44
476 26
477 33
478 47
479 36
480 37
481 40
482 44
483 40
484 35
485 35
486 28
487 49
488 37
489 47
490 36
491 38
492 37
493 24
494 40
495 35
496 39
497 30
498 39
499 35
500 37
501 43
502 43
503 33
504 29
505 37
506 37
507 36
508 43
509 34
510 35
511 35
512 48
513 25
514 35
515 53
516 39
517 43
518 39
519 38
520 49
521 38
522 53
523 29
524 52
525 37
526 48
527 32
528 43
529 36
530 44
531 50
532 45
533 42
534 43
535 40
536 61
537 52
538 52
539 45
540 49
541 49
542 42
543 62
544 50
545 57
546 73
547 67
548 91
549 100
550 110
551 98
552 83
553 87
554 75
555 77
556 82
557 68
558 79
559 82
560 83
561 88
562 78
563 74
564 68
565 44
566 60
567 33
568 44
569 37
570 40
571 36
572 48
573 35
574 33
575 26
576 45
577 46
578 43
579 36
580 45
581 31
582 31
583 33
584 52
585 38
586 41
587 45
588 32
589 50
590 39
591 25
592 42
593 37
594 43
595 44
596 25
597 40
598 52
599 35
600 44
601 39
602 36
603 35
604 43
605 44
606 35
607 45
608 47
609 26
610 47
611 23
612 33
613 50
614 39
615 29
616 41
617 48
618 32
619 43
620 37
621 49
622 38
623 38
624 32
625 38
626 43
627 46
628 29
629 33
630 37
631 29
632 34
633 44
634 35
635 36
636 39
637 45
638 41
639 35
640 36
641 33
642 33
643 42
644 43
645 43
646 32
647 38
648 31
649 42
650 34
651 28
652 31
653 39
654 39
655 38
656 30
657 28
658 27
659 35
660 31
661 40
662 49
663 44
664 43
665 49
666 45
667 35
668 30
669 27
670 31
671 33
672 32
673 39
674 47
675 37
676 49
677 36
678 45
679 33
680 43
681 26
682 28
683 43
684 33
685 33
686 33
687 33
688 23
689 25
690 35
691 34
692 29
693 37
694 36
695 39
696 38
697 37
698 44
699 44
700 46
701 45
702 46
703 35
704 32
705 39
706 37
707 42
708 38
709 35
710 42
711 41
712 38
713 31
714 29
715 33
716 49
717 38
718 29
719 42
720 28
721 44
722 31
723 28
724 37
725 26
726 40
727 43
728 40
729 51
730 30
731 30
732 36
733 26
734 27
735 33
736 37
737 42
738 39
739 31
740 39
741 33
742 42
743 52
744 41
745 33
746 33
747 39
748 39
749 42
750 30
751 40
752 33
753 40
754 31
755 43
756 35
757 37
758 36
759 26
760 34
761 36
762 37
763 50
764 33
765 36
766 32
767 27
768 39
769 25
770 40
771 34
772 34
773 42
774 37
775 41
776 34
777 37
778 48
779 39
780 41
781 40
782 34
783 40
784 41
785 26
786 35
787 38
788 34
789 35
790 39
791 34
792 42
793 40
794 37
795 32
796 36
797 35
798 40
799 42
800 38
801 35
802 27
803 39
804 29
805 35
806 40
807 43
808 35
809 32
810 23
811 30
812 38
813 36
814 49
815 29
816 38
817 44
818 35
819 35
820 43
821 42
822 38
823 33
824 34
825 35
826 33
827 37
828 38
829 39
830 30
831 40
832 50
833 27
834 28
835 29
836 25
837 39
838 43
839 34
840 40
841 32
842 32
843 39
844 33
845 32
846 35
847 38
848 33
849 38
850 32
851 41
852 44
853 45
854 41
855 48
856 45
857 37
858 27
859 42
860 26
861 24
862 33
863 39
864 42
865 36
866 39
867 30
868 24
869 29
870 41
871 33
872 31
873 41
874 36
875 44
876 32
877 39
878 41
879 34
880 29
881 26
882 37
883 30
884 39
885 24
886 39
887 38
888 29
889 31
890 51
891 46
892 49
893 32
894 34
895 39
896 32
897 40
898 37
899 43
900 46
901 30
902 29
903 30
904 50
905 38
906 36
907 45
908 35
909 33
910 33
911 52
912 44
913 42
914 37
915 47
916 28
917 36
918 36
919 38
920 33
921 25
922 27
923 47
924 35
925 43
926 30
927 31
928 29
929 30
930 30
931 24
932 36
933 27
934 42
935 43
936 39
937 24
938 37
939 35
940 30
941 38
942 33
943 33
944 39
945 32
946 44
947 35
948 38
949 28
950 46
951 35
952 34
953 45
954 33
955 43
956 41
957 48
958 22
959 27
960 38
961 34
962 32
963 32
964 36
965 37
966 29
967 35
968 32
969 32
970 39
971 33
972 30
973 33
974 30
975 36
976 24
977 38
978 25
979 31
980 39
981 34
982 26
983 30
984 28
985 39
986 34
987 34
988 31
989 39
990 40
991 35
992 30
993 29
994 37
995 31
996 35
997 36
998 34
999 37
1000 35
1001 31
1002 31
1003 36
1004 40
1005 46
1006 46
1007 22
1008 33
1009 38
1010 28
1011 42
1012 36
1013 33
1014 32
1015 27
1016 36
1017 24
1018 44
1019 42
1020 41
1021 26
1022 31
1023 60
1024 42
1025 49
1026 39
1027 43
1028 28
1029 40
1030 34
1031 37
1032 35
1033 38
1034 29
1035 28
1036 47
1037 39
1038 39
1039 23
1040 38
1041 45
1042 45
1043 26
1044 34
1045 32
1046 44
1047 45
1048 40
1049 43
1050 36
1051 38
1052 41
1053 47
1054 56
1055 74
1056 82
1057 87
1058 81
1059 90
1060 89
1061 84
1062 115
1063 129
1064 94
1065 120
1066 110
1067 134
1068 192
1069 206
1070 248
1071 364
1072 355
1073 423
1074 453
1075 485
1076 458
1077 486
1078 429
1079 466
1080 365
1081 407
1082 380
1083 387
1084 245
1085 143
1086 136
1087 132
1088 145
1089 98
1090 55
1091 52
1092 51
1093 42
1094 40
1095 37
1096 39
1097 21
1098 38
1099 35
1100 44
1101 41
1102 39
1103 41
1104 41
1105 40
1106 27
1107 32
1108 35
1109 29
1110 28
1111 28
1112 40
1113 31
1114 48
1115 40
1116 36
1117 28
1118 21
1119 31
1120 24
1121 30
1122 25
1123 28
1124 38
1125 31
1126 31
1127 26
1128 26
1129 25
1130 26
1131 27
1132 29
1133 36
1134 28
1135 24
1136 30
1137 40
1138 34
1139 39
1140 27
1141 36
1142 29
1143 26
1144 22
1145 23
1146 37
1147 30
1148 29
1149 24
1150 34
1151 30
1152 42
1153 28
1154 31
1155 35
1156 31
1157 29
1158 38
1159 31
1160 36
1161 31
1162 22
1163 36
1164 30
1165 29
1166 50
1167 38
1168 30
1169 30
1170 29
1171 23
1172 26
1173 43
1174 35
1175 33
1176 27
1177 28
1178 31
1179 28
1180 34
1181 38
1182 42
1183 28
1184 32
1185 23
1186 24
1187 39
1188 32
1189 32
1190 26
1191 33
1192 27
1193 33
1194 29
1195 37
1196 32
1197 36
1198 33
1199 41
1200 34
1201 42
1202 43
1203 39
1204 61
1205 57
1206 52
1207 59
1208 39
1209 53
1210 59
1211 84
1212 62
1213 82
1214 75
1215 87
1216 79
1217 99
1218 139
1219 143
1220 76
1221 59
1222 41
1223 32
1224 41
1225 33
1226 28
1227 30
1228 29
1229 28
1230 28
1231 28
1232 29
1233 28
1234 22
1235 37
1236 22
1237 20
1238 29
1239 30
1240 40
1241 34
1242 30
1243 32
1244 35
1245 35
1246 24
1247 27
1248 26
1249 35
1250 28
1251 29
1252 26
1253 33
1254 29
1255 29
1256 35
1257 43
1258 33
1259 30
1260 42
1261 33
1262 35
1263 35
1264 28
1265 32
1266 25
1267 33
1268 25
1269 24
1270 13
1271 23
1272 26
1273 21
1274 20
1275 24
1276 22
1277 21
1278 21
1279 22
1280 44
1281 56
1282 53
1283 61
1284 48
1285 57
1286 54
1287 53
1288 49
1289 38
1290 35
1291 28
1292 33
1293 24
1294 32
1295 30
1296 28
1297 23
1298 26
1299 30
1300 16
1301 22
1302 25
1303 22
1304 16
1305 30
1306 26
1307 15
1308 22
1309 30
1310 28
1311 20
1312 20
1313 22
1314 28
1315 25
1316 23
1317 22
1318 29
1319 26
1320 29
1321 20
1322 29
1323 27
1324 24
1325 27
1326 20
1327 21
1328 36
1329 26
1330 23
1331 23
1332 25
1333 26
1334 19
1335 24
1336 33
1337 20
1338 25
1339 29
1340 24
1341 23
1342 23
1343 23
1344 21
1345 20
1346 38
1347 45
1348 48
1349 33
1350 42
1351 56
1352 62
1353 56
1354 56
1355 50
1356 56
1357 61
1358 71
1359 104
1360 111
1361 113
1362 136
1363 123
1364 165
1365 202
1366 248
1367 260
1368 286
1369 383
1370 308
1371 359
1372 303
1373 202
1374 155
1375 116
1376 87
1377 119
1378 102
1379 78
1380 55
1381 57
1382 39
1383 39
1384 31
1385 31
1386 27
1387 23
1388 17
1389 23
1390 20
1391 28
1392 25
1393 28
1394 13
1395 18
1396 26
1397 23
1398 36
1399 29
1400 30
1401 20
1402 20
1403 32
1404 20
1405 32
1406 17
1407 24
1408 31
1409 26
1410 18
1411 24
1412 18
1413 20
1414 20
1415 24
1416 19
1417 16
1418 31
1419 24
1420 21
1421 16
1422 31
1423 25
1424 21
1425 24
1426 25
1427 25
1428 26
1429 27
1430 22
1431 27
1432 18
1433 19
1434 22
1435 21
1436 24
1437 19
1438 21
1439 18
1440 26
1441 26
1442 32
1443 27
1444 24
1445 19
1446 19
1447 22
1448 25
1449 30
1450 21
1451 24
1452 19
1453 27
1454 25
1455 18
1456 22
1457 23
1458 17
1459 31
1460 16
1461 17
1462 22
1463 20
1464 28
1465 22
1466 28
1467 31
1468 18
1469 26
1470 17
1471 16
1472 14
1473 23
1474 17
1475 22
1476 22
1477 26
1478 24
1479 24
1480 20
1481 23
1482 16
1483 19
1484 24
1485 25
1486 17
1487 16
1488 22
1489 21
1490 28
1491 20
1492 17
1493 23
1494 21
1495 22
1496 18
1497 19
1498 24
1499 21
1500 21
1501 24
1502 28
1503 26
1504 20
1505 20
1506 28
1507 26
1508 22
1509 23
1510 16
1511 11
1512 22
1513 23
1514 17
1515 31
1516 28
1517 21
1518 23
1519 29
1520 15
1521 22
1522 23
1523 27
1524 18
1525 19
1526 15
1527 19
1528 12
1529 22
1530 17
1531 23
1532 23
1533 24
1534 19
1535 21
1536 22
1537 19
1538 17
1539 18
1540 15
1541 19
1542 19
1543 18
1544 28
1545 23
1546 14
1547 20
1548 18
1549 18
1550 28
1551 27
1552 16
1553 24
1554 23
1555 27
1556 24
1557 17
1558 29
1559 21
1560 21
1561 18
1562 13
1563 24
1564 23
1565 25
1566 24
1567 19
1568 20
1569 17
1570 18
1571 16
1572 19
1573 20
1574 23
1575 8
1576 21
1577 19
1578 20
1579 17
1580 20
1581 19
1582 14
1583 24
1584 23
1585 29
1586 15
1587 33
1588 21
1589 20
1590 19
1591 16
1592 13
1593 31
1594 24
1595 25
1596 16
1597 15
1598 21
1599 17
1600 16
1601 27
1602 23
1603 17
1604 18
1605 16
1606 16
1607 22
1608 26
1609 12
1610 20
1611 14
1612 25
1613 16
1614 14
1615 20
1616 18
1617 16
1618 19
1619 15
1620 20
1621 18
1622 25
1623 23
1624 16
1625 28
1626 17
1627 15
1628 28
1629 29
1630 17
1631 20
1632 17
1633 20
1634 19
1635 16
1636 21
1637 21
1638 24
1639 16
1640 17
1641 23
1642 18
1643 20
1644 14
1645 22
1646 14
1647 24
1648 16
1649 17
1650 16
1651 18
1652 17
1653 14
1654 18
1655 19
1656 22
1657 23
1658 12
1659 21
1660 25
1661 29
1662 22
1663 18
1664 19
1665 26
1666 11
1667 20
1668 19
1669 25
1670 17
1671 24
1672 13
1673 17
1674 23
1675 19
1676 22
1677 18
1678 29
1679 21
1680 19
1681 24
1682 21
1683 21
1684 26
1685 17
1686 15
1687 14
1688 16
1689 16
1690 17
1691 17
1692 20
1693 19
1694 22
1695 21
1696 24
1697 24
1698 28
1699 24
1700 19
1701 15
1702 20
1703 22
1704 20
1705 18
1706 18
1707 19
1708 13
1709 14
1710 34
1711 16
1712 18
1713 12
1714 16
1715 11
1716 17
1717 19
1718 12
1719 21
1720 8
1721 17
1722 31
1723 24
1724 18
1725 17
1726 24
1727 18
1728 21
1729 16
1730 15
1731 17
1732 18
1733 29
1734 16
1735 22
1736 26
1737 20
1738 19
1739 17
1740 20
1741 11
1742 28
1743 26
1744 19
1745 11
1746 23
1747 16
1748 17
1749 28
1750 18
1751 20
1752 18
1753 15
1754 14
1755 19
1756 25
1757 12
1758 18
1759 15
1760 25
1761 15
1762 17
1763 17
1764 17
1765 21
1766 22
1767 16
1768 19
1769 17
1770 23
1771 24
1772 24
1773 24
1774 28
1775 17
1776 21
1777 26
1778 27
1779 24
1780 19
1781 19
1782 17
1783 14
1784 22
1785 20
1786 17
1787 21
1788 20
1789 15
1790 30
1791 13
1792 23
1793 13
1794 19
1795 22
1796 22
1797 24
1798 22
1799 15
1800 17
1801 19
1802 15
1803 24
1804 15
1805 19
1806 21
1807 20
1808 20
1809 18
1810 21
1811 29
1812 13
1813 19
1814 13
1815 32
1816 24
1817 28
1818 34
1819 31
1820 36
1821 40
1822 24
1823 47
1824 53
1825 47
1826 51
1827 92
1828 94
1829 77
1830 61
1831 73
1832 68
1833 102
1834 130
1835 180
1836 132
1837 89
1838 80
1839 69
1840 60
1841 48
1842 36
1843 33
1844 33
1845 48
1846 44
1847 36
1848 42
1849 23
1850 17
1851 19
1852 18
1853 24
1854 26
1855 17
1856 20
1857 25
1858 18
1859 10
1860 16
1861 19
1862 17
1863 23
1864 17
1865 15
1866 21
1867 20
1868 23
1869 9
1870 13
1871 16
1872 16
1873 15
1874 11
1875 15
1876 18
1877 14
1878 13
1879 15
1880 11
1881 19
1882 19
1883 19
1884 19
1885 16
1886 15
1887 13
1888 18
1889 11
1890 17
1891 17
1892 11
1893 17
1894 22
1895 20
1896 17
1897 21
1898 20
1899 16
1900 18
1901 18
1902 18
1903 11
1904 16
1905 19
1906 23
1907 14
1908 17
1909 21
1910 16
1911 22
1912 18
1913 20
1914 15
1915 14
1916 21
1917 9
1918 15
1919 23
1920 24
1921 22
1922 18
1923 13
1924 12
1925 17
1926 17
1927 13
1928 20
1929 20
1930 17
1931 20
1932 20
1933 10
1934 23
1935 10
1936 17
1937 15
1938 12
1939 20
1940 13
1941 16
1942 13
1943 17
1944 22
1945 21
1946 21
1947 17
1948 13
1949 17
1950 25
1951 8
1952 21
1953 13
1954 20
1955 24
1956 23
1957 21
1958 24
1959 9
1960 19
1961 20
1962 16
1963 17
1964 19
1965 24
1966 18
1967 17
1968 13
1969 20
1970 23
1971 23
1972 12
1973 21
1974 21
1975 19
1976 24
1977 19
1978 19
1979 21
1980 15
1981 16
1982 20
1983 23
1984 18
1985 23
1986 13
1987 15
1988 17
1989 17
1990 10
1991 13
1992 12
1993 20
1994 9
1995 24
1996 24
1997 19
1998 20
1999 24
2000 26
2001 16
2002 18
2003 17
2004 17
2005 15
2006 18
2007 17
2008 15
2009 14
2010 15
2011 16
2012 30
2013 15
2014 22
2015 17
2016 16
2017 17
2018 21
2019 11
2020 19
2021 17
2022 22
2023 20
2024 17
2025 21
2026 18
2027 11
2028 11
2029 20
2030 19
2031 23
2032 20
2033 20
2034 11
2035 16
2036 25
2037 14
2038 16
2039 24
2040 19
2041 18
2042 20
2043 22
2044 18
2045 29
2046 12
2047 11
2048 13
2049 20
2050 19
2051 18
2052 10
2053 13
2054 18
2055 22
2056 21
2057 17
2058 18
2059 19
2060 14
2061 21
2062 20
2063 30
2064 32
2065 27
2066 31
2067 24
2068 33
2069 36
2070 55
2071 57
2072 92
2073 73
2074 82
2075 84
2076 105
2077 124
2078 144
2079 173
2080 191
2081 203
2082 251
2083 301
2084 319
2085 342
2086 379
2087 342
2088 396
2089 348
2090 403
2091 313
2092 368
2093 268
2094 237
2095 324
2096 300
2097 260
2098 249
2099 204
2100 155
2101 123
2102 122
2103 127
2104 100
2105 106
2106 115
2107 110
2108 93
2109 64
2110 51
2111 38
2112 29
2113 35
2114 29
2115 14
2116 21
2117 17
2118 28
2119 25
2120 18
2121 18
2122 16
2123 9
2124 15
2125 17
2126 22
2127 22
2128 16
2129 17
2130 12
2131 8
2132 22
2133 24
2134 16
2135 16
2136 13
2137 20
2138 20
2139 14
2140 27
2141 22
2142 11
2143 13
2144 15
2145 18
2146 9
2147 19
2148 19
2149 11
2150 18
2151 10
2152 13
2153 10
2154 17
2155 17
2156 12
2157 15
2158 11
2159 11
2160 15
2161 12
2162 10
2163 19
2164 15
2165 7
2166 17
2167 12
2168 17
2169 13
2170 19
2171 11
2172 12
2173 18
2174 19
2175 13
2176 15
2177 16
2178 12
2179 15
2180 14
2181 14
2182 15
2183 15
2184 13
2185 12
2186 17
2187 26
2188 15
2189 13
2190 25
2191 14
2192 15
2193 14
2194 20
2195 15
2196 18
2197 7
2198 9
2199 17
2200 15
2201 11
2202 17
2203 20
2204 22
2205 20
2206 13
2207 18
2208 9
2209 24
2210 21
2211 20
2212 17
2213 19
2214 24
2215 18
2216 13
2217 13
2218 14
2219 18
2220 15
2221 13
2222 13
2223 18
2224 13
2225 19
2226 23
2227 7
2228 22
2229 12
2230 15
2231 17
2232 21
2233 15
2234 18
2235 11
2236 14
2237 13
2238 13
2239 7
2240 10
2241 12
2242 7
2243 9
2244 18
2245 14
2246 15
2247 14
2248 16
2249 14
2250 18
2251 21
2252 17
2253 14
2254 20
2255 13
2256 9
2257 15
2258 17
2259 22
2260 14
2261 8
2262 17
2263 13
2264 21
2265 20
2266 18
2267 9
2268 17
2269 15
2270 23
2271 11
2272 15
2273 19
2274 22
2275 17
2276 20
2277 29
2278 32
2279 33
2280 27
2281 26
2282 34
2283 38
2284 23
2285 46
2286 51
2287 41
2288 66
2289 78
2290 81
2291 89
2292 79
2293 92
2294 78
2295 77
2296 75
2297 88
2298 78
2299 95
2300 92
2301 84
2302 67
2303 58
2304 56
2305 51
2306 44
2307 33
2308 42
2309 39
2310 25
2311 27
2312 29
2313 24
2314 19
2315 19
2316 19
2317 13
2318 17
2319 10
2320 17
2321 11
2322 15
2323 12
2324 9
2325 11
2326 13
2327 13
2328 12
2329 15
2330 10
2331 13
2332 18
2333 11
2334 18
2335 13
2336 14
2337 13
2338 13
2339 12
2340 16
2341 10
2342 17
2343 15
2344 11
2345 14
2346 19
2347 11
2348 17
2349 12
2350 11
2351 19
2352 23
2353 13
2354 9
2355 17
2356 22
2357 13
2358 12
2359 10
2360 12
2361 14
2362 8
2363 11
2364 11
2365 16
2366 20
2367 14
2368 16
2369 10
2370 10
2371 10
2372 13
2373 16
2374 14
2375 13
2376 15
2377 12
2378 10
2379 8
2380 13
2381 5
2382 15
2383 10
2384 17
2385 12
2386 12
2387 14
2388 15
2389 14
2390 13
2391 16
2392 11
2393 10
2394 14
2395 10
2396 11
2397 14
2398 12
2399 9
2400 11
2401 12
2402 13
2403 8
2404 9
2405 12
2406 15
2407 11
2408 12
2409 16
2410 12
2411 13
2412 18
2413 13
2414 12
2415 11
2416 7
2417 13
2418 3
2419 9
2420 11
2421 11
2422 13
2423 12
2424 18
2425 16
2426 12
2427 14
2428 12
2429 10
2430 10
2431 16
2432 11
2433 18
2434 16
2435 12
2436 11
2437 8
2438 10
2439 11
2440 16
2441 8
2442 11
2443 9
2444 21
2445 14
2446 13
2447 13
2448 14
2449 16
2450 15
2451 11
2452 10
2453 12
2454 10
2455 18
2456 7
2457 17
2458 11
2459 11
2460 11
2461 16
2462 16
2463 8
2464 12
2465 16
2466 16
2467 8
2468 9
2469 9
2470 12
2471 14
2472 14
2473 10
2474 13
2475 10
2476 15
2477 11
2478 11
2479 7
2480 9
2481 14
2482 10
2483 11
2484 16
2485 8
2486 17
2487 15
2488 13
2489 8
2490 9
2491 8
2492 11
2493 10
2494 14
2495 16
2496 13
2497 14
2498 15
2499 8
2500 10
2501 21
2502 12
2503 12
2504 11
2505 12
2506 9
2507 9
2508 16
2509 13
2510 13
2511 7
2512 19
2513 15
2514 9
2515 17
2516 11
2517 10
2518 5
2519 14
2520 17
2521 8
2522 10
2523 15
2524 12
2525 11
2526 8
2527 14
2528 12
2529 11
2530 15
2531 11
2532 11
2533 12
2534 12
2535 7
2536 12
2537 16
2538 13
2539 16
2540 15
2541 25
2542 13
2543 9
2544 14
2545 20
2546 12
2547 17
2548 11
2549 12
2550 12
2551 14
2552 15
2553 10
2554 16
2555 12
2556 15
2557 13
2558 17
2559 14
