0 43
1 24
2 23
3 30
4 32
5 36
6 20
7 21
8 21
9 29
10 26
11 32
12 23
13 21
14 28
15 26
16 30
17 33
18 27
19 34
20 28
21 32
22 25
23 37
24 35
25 33
26 31
27 23
28 14
29 33
30 33
31 27
32 24
33 26
34 21
35 28
36 24
37 26
38 32
39 34
40 29
41 40
42 37
43 26
44 29
45 34
46 28
47 28
48 39
49 37
50 40
51 37
52 38
53 31
54 34
55 36
56 36
57 42
58 32
59 31
60 26
61 46
62 32
63 26
64 26
65 27
66 31
67 28
68 38
69 33
70 24
71 30
72 26
73 27
74 27
75 37
76 27
77 40
78 33
79 24
80 32
81 40
82 39
83 39
84 32
85 25
86 36
87 25
88 34
89 24
90 39
91 25
92 27
93 25
94 25
95 28
96 36
97 32
98 30
99 23
100 37
101 32
102 33
103 30
104 25
105 36
106 27
107 20
108 22
109 28
110 38
111 22
112 25
113 43
114 31
115 36
116 31
117 25
118 39
119 22
120 20
121 26
122 26
123 34
124 26
125 35
126 36
127 30
128 34
129 24
130 40
131 36
132 25
133 34
134 23
135 29
136 40
137 30
138 41
139 37
140 34
141 33
142 30
143 26
144 25
145 30
146 32
147 25
148 31
149 45
150 41
151 38
152 26
153 20
154 15
155 32
156 38
157 32
158 30
159 29
160 25
161 29
162 33
163 36
164 45
165 48
166 29
167 35
168 30
169 36
170 25
171 28
172 47
173 34
174 33
175 30
176 35
177 37
178 38
179 32
180 32
181 39
182 35
183 37
184 38
185 39
186 21
187 29
188 39
189 40
190 43
191 30
192 48
193 44
194 36
195 38
196 32
197 32
198 45
199 31
200 24
201 29
202 46
203 32
204 35
205 36
206 28
207 35
208 30
209 34
210 42
211 36
212 39
213 38
214 32
215 30
216 34
217 26
218 30
219 30
220 27
221 34
222 32
223 26
224 26
225 32
226 44
227 29
228 38
229 35
230 28
231 36
232 34
233 42
234 51
235 44
236 39
237 33
238 33
239 31
240 37
241 36
242 36
243 35
244 43
245 43
246 34
247 27
248 37
249 30
250 26
251 35
252 25
253 32
254 33
255 34
256 37
257 36
258 42
259 42
260 37
261 42
262 30
263 37
264 36
265 28
266 27
267 45
268 30
269 45
270 35
271 36
272 31
273 22
274 52
275 37
276 28
277 30
278 39
279 37
280 31
281 44
282 39
283 26
284 42
285 33
286 40
287 42
288 31
289 30
290 39
291 32
292 42
293 26
294 46
295 37
296 36
297 39
298 43
299 38
300 39
301 37
302 36
303 39
304 32
305 31
306 21
307 35
308 37
309 30
310 42
311 35
312 39
313 34
314 34
315 34
316 30
317 45
318 32
319 38
320 37
321 33
322 27
323 33
324 40
325 19
326 35
327 28
328 28
329 40
330 30
331 30
332 32
333 28
334 41
335 35
336 24
337 37
338 22
339 25
340 39
341 32
342 30
343 31
344 34
345 33
346 47
347 39
348 40
349 39
350 44
351 35
352 44
353 33
354 47
355 42
356 41
357 39
358 34
359 37
360 32
361 44
362 25
363 27
364 28
365 38
366 34
367 36
368 41
369 37
370 38
371 30
372 39
373 31
374 37
375 30
376 29
377 33
378 43
379 38
380 35
381 42
382 47
383 38
384 29
385 36
386 38
387 38
388 45
389 40
390 17
391 35
392 32
393 32
394 32
395 50
396 43
397 33
398 28
399 38
400 50
401 34
402 36
403 31
404 46
405 52
406 45
407 40
408 30
409 43
410 40
411 44
412 31
413 38
414 47
415 42
416 38
417 47
418 38
419 33
420 39
421 38
422 44
423 40
424 29
425 36
426 42
427 39
428 46
429 44
430 49
431 30
432 38
433 43
434 32
435 29
436 46
437 39
438 31
439 26
440 35
441 38
442 34
443 35
444 39
445 31
446 39
447 33
448 33
449 27
450 35
451 38
452 36
453 40
454 36
455 41
456 39
457 24
458 39
459 36
460 41
461 45
462 40
463 38
464 43
465 30
466 39
467 34
468 45
469 43
470 32
471 56
472 44
473 35
474 37
475 34
476 30
477 33
478 34
479 34
480 37
481 42
482 42
483 31
484 32
485 30
486 49
487 33
488 38
489 31
490 39
491 34
492 41
493 31
494 47
495 37
496 32
497 29
498 32
499 34
500 40
501 35
502 48
503 33
504 36
505 33
506 39
507 41
508 40
509 51
510 46
511 29
512 37
513 30
514 35
515 42
516 35
517 30
518 40
519 39
520 33
521 55
522 36
523 37
524 45
525 41
526 42
527 43
528 44
529 59
530 37
531 61
532 63
533 40
534 57
535 58
536 58
537 51
538 67
539 69
540 51
541 60
542 55
543 55
544 53
545 77
546 76
547 91
548 108
549 92
550 86
551 103
552 78
553 68
554 73
555 91
556 83
557 74
558 96
559 73
560 86
561 97
562 85
563 63
564 60
565 46
566 47
567 41
568 47
569 41
570 41
571 32
572 33
573 33
574 51
575 32
576 41
577 41
578 44
579 32
580 27
581 36
582 41
583 51
584 37
585 29
586 45
587 42
588 39
589 32
590 39
591 39
592 47
593 47
594 44
595 43
596 45
597 44
598 43
599 40
600 45
601 35
602 26
603 44
604 45
605 31
606 40
607 33
608 34
609 41
610 40
611 30
612 38
613 42
614 46
615 34
616 34
617 33
618 47
619 38
620 35
621 50
622 47
623 43
624 35
625 44
626 43
627 47
628 35
629 28
630 33
631 41
632 41
633 29
634 32
635 36
636 40
637 46
638 41
639 38
640 29
641 40
642 38
643 36
644 40
645 43
646 42
647 42
648 44
649 41
650 32
651 31
652 49
653 42
654 39
655 33
656 30
657 31
658 38
659 46
660 36
661 31
662 43
663 44
664 45
665 46
666 46
667 40
668 24
669 43
670 38
671 37
672 42
673 41
674 52
675 37
676 31
677 41
678 42
679 42
680 29
681 46
682 37
683 43
684 50
685 32
686 33
687 34
688 36
689 34
690 30
691 39
692 33
693 38
694 30
695 32
696 31
697 39
698 38
699 49
700 44
701 44
702 44
703 36
704 35
705 36
706 40
707 37
708 43
709 45
710 51
711 39
712 37
713 38
714 35
715 41
716 32
717 33
718 45
719 37
720 28
721 54
722 35
723 40
724 41
725 42
726 43
727 38
728 43
729 42
730 35
731 24
732 33
733 40
734 34
735 42
736 33
737 27
738 33
739 45
740 35
741 29
742 45
743 31
744 48
745 32
746 33
747 41
748 33
749 50
750 37
751 38
752 36
753 48
754 22
755 37
756 37
757 31
758 37
759 42
760 32
761 33
762 21
763 29
764 39
765 36
766 40
767 29
768 47
769 36
770 30
771 46
772 33
773 38
774 46
775 32
776 44
777 33
778 36
779 30
780 41
781 40
782 37
783 39
784 44
785 46
786 45
787 37
788 53
789 40
790 40
791 46
792 42
793 36
794 40
795 39
796 44
797 34
798 34
799 33
800 35
801 39
802 44
803 41
804 35
805 47
806 34
807 29
808 33
809 38
810 33
811 29
812 36
813 39
814 33
815 36
816 34
817 43
818 36
819 35
820 29
821 25
822 34
823 30
824 30
825 46
826 35
827 38
828 33
829 43
830 41
831 30
832 44
833 37
834 40
835 39
836 39
837 36
838 33
839 34
840 34
841 39
842 32
843 29
844 38
845 33
846 34
847 30
848 32
849 38
850 36
851 51
852 18
853 40
854 34
855 34
856 25
857 31
858 36
859 29
860 45
861 28
862 46
863 45
864 37
865 33
866 45
867 30
868 37
869 30
870 26
871 40
872 41
873 43
874 32
875 28
876 28
877 33
878 44
879 32
880 32
881 41
882 35
883 38
884 34
885 36
886 31
887 35
888 33
889 44
890 41
891 43
892 36
893 41
894 28
895 34
896 41
897 36
898 51
899 42
900 27
901 31
902 32
903 44
904 42
905 39
906 42
907 33
908 32
909 34
910 35
911 31
912 36
913 30
914 36
915 46
916 40
917 43
918 35
919 44
920 28
921 34
922 40
923 39
924 35
925 35
926 38
927 38
928 51
929 28
930 33
931 33
932 32
933 46
934 26
935 23
936 31
937 29
938 36
939 31
940 37
941 32
942 39
943 29
944 40
945 38
946 38
947 29
948 36
949 36
950 38
951 22
952 39
953 32
954 31
955 38
956 37
957 40
958 39
959 45
960 40
961 36
962 26
963 39
964 28
965 36
966 29
967 36
968 31
969 32
970 31
971 34
972 25
973 35
974 32
975 27
976 36
977 34
978 36
979 36
980 21
981 28
982 38
983 44
984 36
985 33
986 38
987 34
988 35
989 37
990 26
991 28
992 31
993 16
994 26
995 45
996 31
997 35
998 29
999 29
1000 34
1001 55
1002 25
1003 35
1004 47
1005 34
1006 33
1007 25
1008 39
1009 39
1010 34
1011 37
1012 37
1013 34
1014 37
1015 31
1016 38
1017 43
1018 33
1019 29
1020 34
1021 48
1022 40
1023 34
1024 23
1025 41
1026 37
1027 37
1028 43
1029 26
1030 38
1031 43
1032 40
1033 33
1034 38
1035 25
1036 28
1037 42
1038 36
1039 36
1040 18
1041 19
1042 20
1043 33
1044 36
1045 40
1046 42
1047 46
1048 31
1049 34
1050 57
1051 39
1052 48
1053 60
1054 64
1055 82
1056 75
1057 65
1058 85
1059 110
1060 96
1061 115
1062 118
1063 100
1064 117
1065 136
1066 141
1067 192
1068 199
1069 245
1070 336
1071 398
1072 383
1073 495
1074 447
1075 466
1076 438
1077 492
1078 440
1079 456
1080 355
1081 313
1082 422
1083 298
1084 192
1085 115
1086 106
1087 97
1088 105
1089 61
1090 57
1091 41
1092 31
1093 31
1094 40
1095 37
1096 36
1097 34
1098 32
1099 26
1100 26
1101 38
1102 38
1103 30
1104 30
1105 33
1106 31
1107 45
1108 30
1109 30
1110 25
1111 35
1112 25
1113 35
1114 45
1115 35
1116 31
1117 29
1118 34
1119 45
1120 32
1121 32
1122 31
1123 30
1124 29
1125 32
1126 31
1127 25
1128 27
1129 32
1130 36
1131 30
1132 41
1133 29
1134 30
1135 22
1136 36
1137 44
1138 33
1139 39
1140 32
1141 21
1142 28
1143 37
1144 39
1145 29
1146 36
1147 34
1148 21
1149 29
1150 38
1151 34
1152 32
1153 29
1154 30
1155 27
1156 25
1157 33
1158 32
1159 35
1160 37
1161 31
1162 39
1163 24
1164 29
1165 38
1166 30
1167 36
1168 29
1169 36
1170 25
1171 26
1172 22
1173 33
1174 36
1175 31
1176 31
1177 32
1178 39
1179 34
1180 34
1181 27
1182 27
1183 31
1184 25
1185 25
1186 34
1187 29
1188 31
1189 42
1190 40
1191 30
1192 27
1193 29
1194 23
1195 41
1196 41
1197 41
1198 43
1199 50
1200 39
1201 38
1202 42
1203 53
1204 61
1205 82
1206 64
1207 51
1208 45
1209 53
1210 64
1211 83
1212 75
1213 80
1214 66
1215 76
1216 82
1217 107
1218 171
1219 133
1220 79
1221 36
1222 28
1223 25
1224 32
1225 33
1226 32
1227 33
1228 27
1229 36
1230 21
1231 23
1232 36
1233 26
1234 28
1235 28
1236 35
1237 20
1238 30
1239 30
1240 25
1241 34
1242 26
1243 30
1244 22
1245 35
1246 28
1247 20
1248 24
1249 25
1250 29
1251 26
1252 23
1253 38
1254 16
1255 29
1256 31
1257 31
1258 44
1259 29
1260 25
1261 22
1262 21
1263 23
1264 29
1265 17
1266 25
1267 21
1268 36
1269 32
1270 27
1271 20
1272 22
1273 17
1274 18
1275 22
1276 23
1277 16
1278 16
1279 21
1280 55
1281 51
1282 56
1283 49
1284 43
1285 57
1286 44
1287 42
1288 24
1289 37
1290 35
1291 33
1292 24
1293 33
1294 21
1295 26
1296 20
1297 31
1298 23
1299 24
1300 21
1301 29
1302 24
1303 26
1304 23
1305 19
1306 29
1307 25
1308 23
1309 27
1310 21
1311 23
1312 28
1313 37
1314 26
1315 25
1316 21
1317 25
1318 34
1319 28
1320 26
1321 23
1322 22
1323 21
1324 14
1325 19
1326 25
1327 27
1328 21
1329 22
1330 27
1331 20
1332 22
1333 25
1334 30
1335 34
1336 27
1337 21
1338 29
1339 27
1340 27
1341 28
1342 32
1343 24
1344 29
1345 36
1346 43
1347 42
1348 46
1349 36
1350 42
1351 74
1352 57
1353 58
1354 59
1355 61
1356 50
1357 89
1358 90
1359 118
1360 129
1361 157
1362 138
1363 167
1364 170
1365 208
1366 250
1367 216
1368 268
1369 327
1370 328
1371 310
1372 227
1373 208
1374 175
1375 110
1376 105
1377 89
1378 78
1379 54
1380 53
1381 45
1382 36
1383 29
1384 24
1385 24
1386 27
1387 24
1388 24
1389 20
1390 18
1391 16
1392 27
1393 22
1394 16
1395 16
1396 29
1397 25
1398 35
1399 21
1400 22
1401 25
1402 19
1403 19
1404 18
1405 32
1406 21
1407 28
1408 24
1409 20
1410 27
1411 23
1412 27
1413 20
1414 18
1415 30
1416 32
1417 29
1418 22
1419 19
1420 24
1421 21
1422 22
1423 34
1424 22
1425 34
1426 22
1427 19
1428 28
1429 15
1430 21
1431 27
1432 24
1433 24
1434 18
1435 25
1436 26
1437 28
1438 18
1439 20
1440 24
1441 17
1442 19
1443 20
1444 22
1445 19
1446 23
1447 26
1448 21
1449 24
1450 24
1451 20
1452 21
1453 21
1454 28
1455 28
1456 16
1457 26
1458 26
1459 21
1460 26
1461 26
1462 19
1463 18
1464 22
1465 28
1466 27
1467 20
1468 19
1469 21
1470 29
1471 18
1472 22
1473 25
1474 14
1475 22
1476 26
1477 29
1478 16
1479 19
1480 19
1481 13
1482 19
1483 22
1484 20
1485 14
1486 24
1487 18
1488 20
1489 19
1490 21
1491 24
1492 22
1493 30
1494 20
1495 22
1496 30
1497 23
1498 19
1499 30
1500 19
1501 24
1502 19
1503 21
1504 26
1505 24
1506 20
1507 18
1508 26
1509 25
1510 21
1511 19
1512 28
1513 16
1514 28
1515 28
1516 23
1517 20
1518 28
1519 26
1520 27
1521 14
1522 22
1523 22
1524 29
1525 21
1526 30
1527 23
1528 14
1529 23
1530 27
1531 16
1532 25
1533 20
1534 18
1535 19
1536 15
1537 21
1538 16
1539 17
1540 25
1541 19
1542 21
1543 22
1544 27
1545 21
1546 19
1547 18
1548 20
1549 23
1550 21
1551 15
1552 26
1553 23
1554 29
1555 17
1556 23
1557 17
1558 20
1559 23
1560 16
1561 15
1562 23
1563 23
1564 21
1565 13
1566 22
1567 13
1568 26
1569 14
1570 28
1571 21
1572 21
1573 15
1574 26
1575 23
1576 21
1577 17
1578 12
1579 24
1580 18
1581 19
1582 20
1583 21
1584 26
1585 21
1586 19
1587 24
1588 26
1589 17
1590 25
1591 11
1592 20
1593 20
1594 19
1595 19
1596 17
1597 22
1598 21
1599 20
1600 22
1601 13
1602 27
1603 28
1604 27
1605 25
1606 25
1607 29
1608 28
1609 19
1610 23
1611 22
1612 16
1613 24
1614 25
1615 20
1616 32
1617 13
1618 21
1619 12
1620 18
1621 12
1622 29
1623 26
1624 21
1625 20
1626 18
1627 17
1628 15
1629 21
1630 12
1631 18
1632 16
1633 11
1634 19
1635 13
1636 14
1637 18
1638 19
1639 19
1640 18
1641 15
1642 20
1643 19
1644 26
1645 11
1646 17
1647 17
1648 19
1649 19
1650 20
1651 18
1652 27
1653 25
1654 13
1655 19
1656 14
1657 11
1658 11
1659 12
1660 20
1661 15
1662 21
1663 20
1664 23
1665 16
1666 29
1667 16
1668 17
1669 11
1670 26
1671 26
1672 11
1673 18
1674 24
1675 20
1676 17
1677 11
1678 21
1679 14
1680 14
1681 22
1682 23
1683 19
1684 25
1685 20
1686 16
1687 14
1688 24
1689 17
1690 17
1691 23
1692 16
1693 26
1694 23
1695 24
1696 22
1697 25
1698 14
1699 17
1700 21
1701 17
1702 19
1703 13
1704 15
1705 33
1706 19
1707 17
1708 15
1709 21
1710 25
1711 12
1712 18
1713 15
1714 18
1715 16
1716 24
1717 18
1718 12
1719 21
1720 21
1721 17
1722 19
1723 27
1724 20
1725 19
1726 19
1727 23
1728 20
1729 21
1730 19
1731 12
1732 18
1733 18
1734 22
1735 22
1736 26
1737 17
1738 19
1739 17
1740 16
1741 26
1742 30
1743 23
1744 21
1745 23
1746 14
1747 18
1748 13
1749 23
1750 21
1751 14
1752 15
1753 13
1754 14
1755 18
1756 25
1757 21
1758 20
1759 22
1760 10
1761 14
1762 25
1763 19
1764 24
1765 31
1766 23
1767 18
1768 16
1769 22
1770 31
1771 18
1772 21
1773 23
1774 35
1775 22
1776 15
1777 26
1778 16
1779 22
1780 29
1781 25
1782 28
1783 14
1784 21
1785 20
1786 18
1787 18
1788 15
1789 18
1790 10
1791 15
1792 28
1793 19
1794 11
1795 13
1796 17
1797 31
1798 21
1799 23
1800 30
1801 27
1802 16
1803 21
1804 24
1805 22
1806 24
1807 26
1808 27
1809 27
1810 27
1811 24
1812 23
1813 21
1814 28
1815 36
1816 29
1817 29
1818 26
1819 46
1820 27
1821 35
1822 42
1823 60
1824 55
1825 46
1826 76
1827 80
1828 100
1829 89
1830 78
1831 78
1832 84
1833 107
1834 129
1835 151
1836 130
1837 69
1838 80
1839 76
1840 62
1841 58
1842 30
1843 31
1844 33
1845 38
1846 28
1847 20
1848 25
1849 22
1850 27
1851 21
1852 19
1853 23
1854 20
1855 18
1856 15
1857 18
1858 20
1859 20
1860 16
1861 23
1862 15
1863 16
1864 17
1865 15
1866 20
1867 18
1868 15
1869 7
1870 14
1871 23
1872 19
1873 15
1874 20
1875 23
1876 11
1877 18
1878 12
1879 15
1880 18
1881 20
1882 10
1883 10
1884 15
1885 12
1886 25
1887 16
1888 21
1889 20
1890 11
1891 21
1892 18
1893 25
1894 18
1895 7
1896 16
1897 18
1898 15
1899 21
1900 16
1901 21
1902 15
1903 14
1904 24
1905 12
1906 22
1907 19
1908 15
1909 12
1910 18
1911 16
1912 14
1913 17
1914 18
1915 19
1916 15
1917 17
1918 20
1919 18
1920 12
1921 16
1922 24
1923 10
1924 13
1925 16
1926 24
1927 21
1928 27
1929 13
1930 19
1931 16
1932 12
1933 24
1934 17
1935 20
1936 23
1937 10
1938 19
1939 21
1940 21
1941 25
1942 13
1943 23
1944 33
1945 14
1946 17
1947 19
1948 14
1949 9
1950 16
1951 16
1952 17
1953 16
1954 29
1955 13
1956 16
1957 15
1958 17
1959 13
1960 9
1961 16
1962 13
1963 17
1964 18
1965 18
1966 17
1967 15
1968 21
1969 20
1970 18
1971 14
1972 20
1973 9
1974 13
1975 21
1976 8
1977 16
1978 19
1979 15
1980 21
1981 20
1982 19
1983 24
1984 16
1985 17
1986 18
1987 17
1988 21
1989 11
1990 16
1991 14
1992 9
1993 21
1994 12
1995 13
1996 18
1997 17
1998 16
1999 7
2000 19
2001 8
2002 10
2003 16
2004 15
2005 15
2006 17
2007 16
2008 22
2009 12
2010 13
2011 20
2012 11
2013 15
2014 14
2015 12
2016 11
2017 14
2018 17
2019 13
2020 22
2021 24
2022 16
2023 17
2024 15
2025 12
2026 21
2027 21
2028 16
2029 16
2030 17
2031 19
2032 13
2033 16
2034 17
2035 19
2036 15
2037 12
2038 20
2039 23
2040 18
2041 17
2042 19
2043 28
2044 29
2045 14
2046 15
2047 33
2048 20
2049 12
2050 20
2051 15
2052 15
2053 10
2054 19
2055 13
2056 20
2057 25
2058 27
2059 28
2060 25
2061 24
2062 29
2063 27
2064 31
2065 33
2066 36
2067 33
2068 37
2069 30
2070 68
2071 82
2072 104
2073 96
2074 100
2075 105
2076 131
2077 146
2078 218
2079 205
2080 265
2081 274
2082 291
2083 311
2084 306
2085 371
2086 347
2087 449
2088 415
2089 413
2090 367
2091 344
2092 315
2093 252
2094 244
2095 278
2096 251
2097 231
2098 195
2099 167
2100 137
2101 107
2102 96
2103 118
2104 83
2105 96
2106 99
2107 73
2108 65
2109 50
2110 35
2111 24
2112 24
2113 36
2114 28
2115 27
2116 17
2117 14
2118 17
2119 15
2120 14
2121 15
2122 10
2123 11
2124 20
2125 15
2126 18
2127 25
2128 18
2129 10
2130 14
2131 23
2132 10
2133 19
2134 15
2135 12
2136 23
2137 16
2138 25
2139 21
2140 16
2141 12
2142 17
2143 15
2144 17
2145 21
2146 19
2147 17
2148 18
2149 13
2150 20
2151 8
2152 21
2153 14
2154 20
2155 14
2156 8
2157 21
2158 9
2159 17
2160 10
2161 11
2162 12
2163 25
2164 22
2165 13
2166 15
2167 16
2168 17
2169 16
2170 12
2171 13
2172 14
2173 16
2174 9
2175 18
2176 13
2177 9
2178 16
2179 17
2180 17
2181 15
2182 13
2183 18
2184 15
2185 15
2186 14
2187 20
2188 13
2189 17
2190 13
2191 18
2192 10
2193 15
2194 18
2195 13
2196 21
2197 10
2198 17
2199 14
2200 19
2201 20
2202 20
2203 11
2204 16
2205 25
2206 15
2207 13
2208 10
2209 15
2210 16
2211 16
2212 19
2213 21
2214 13
2215 17
2216 15
2217 11
2218 19
2219 21
2220 13
2221 15
2222 16
2223 15
2224 12
2225 17
2226 12
2227 15
2228 16
2229 13
2230 14
2231 13
2232 12
2233 17
2234 15
2235 14
2236 11
2237 13
2238 14
2239 15
2240 8
2241 12
2242 14
2243 10
2244 15
2245 17
2246 11
2247 12
2248 15
2249 17
2250 13
2251 17
2252 20
2253 20
2254 16
2255 18
2256 16
2257 16
2258 15
2259 14
2260 14
2261 17
2262 18
2263 11
2264 12
2265 15
2266 16
2267 16
2268 17
2269 19
2270 20
2271 25
2272 26
2273 23
2274 15
2275 30
2276 23
2277 27
2278 34
2279 35
2280 33
2281 33
2282 27
2283 54
2284 49
2285 51
2286 62
2287 52
2288 66
2289 73
2290 66
2291 90
2292 81
2293 75
2294 75
2295 75
2296 65
2297 68
2298 62
2299 77
2300 90
2301 58
2302 63
2303 48
2304 37
2305 40
2306 47
2307 30
2308 38
2309 34
2310 21
2311 30
2312 19
2313 16
2314 13
2315 24
2316 14
2317 20
2318 10
2319 11
2320 14
2321 16
2322 13
2323 6
2324 18
2325 15
2326 9
2327 12
2328 20
2329 8
2330 14
2331 13
2332 14
2333 15
2334 21
2335 18
2336 14
2337 9
2338 19
2339 13
2340 11
2341 12
2342 12
2343 19
2344 12
2345 12
2346 10
2347 13
2348 14
2349 17
2350 11
2351 13
2352 9
2353 18
2354 11
2355 14
2356 10
2357 11
2358 12
2359 13
2360 11
2361 13
2362 14
2363 11
2364 14
2365 15
2366 16
2367 9
2368 11
2369 10
2370 15
2371 13
2372 8
2373 8
2374 8
2375 12
2376 13
2377 13
2378 21
2379 14
2380 15
2381 10
2382 7
2383 12
2384 12
2385 9
2386 15
2387 12
2388 14
2389 10
2390 8
2391 12
2392 12
2393 11
2394 11
2395 14
2396 8
2397 14
2398 16
2399 17
2400 12
2401 12
2402 12
2403 18
2404 12
2405 12
2406 14
2407 12
2408 15
2409 9
2410 13
2411 13
2412 10
2413 13
2414 15
2415 9
2416 18
2417 10
2418 13
2419 11
2420 21
2421 7
2422 12
2423 14
2424 19
2425 3
2426 13
2427 13
2428 22
2429 12
2430 11
2431 13
2432 9
2433 10
2434 10
2435 11
2436 7
2437 14
2438 12
2439 13
2440 8
2441 12
2442 10
2443 11
2444 18
2445 16
2446 15
2447 12
2448 8
2449 13
2450 12
2451 18
2452 18
2453 16
2454 15
2455 12
2456 11
2457 15
2458 13
2459 13
2460 19
2461 12
2462 12
2463 13
2464 13
2465 15
2466 11
2467 13
2468 16
2469 13
2470 10
2471 9
2472 14
2473 11
2474 8
2475 12
2476 10
2477 11
2478 13
2479 21
2480 9
2481 9
2482 11
2483 18
2484 13
2485 10
2486 9
2487 14
2488 10
2489 6
2490 16
2491 13
2492 18
2493 9
2494 14
2495 11
2496 15
2497 11
2498 11
2499 15
2500 18
2501 12
2502 14
2503 14
2504 17
2505 10
2506 14
2507 11
2508 12
2509 14
2510 12
2511 21
2512 12
2513 15
2514 8
2515 10
2516 11
2517 12
2518 12
2519 16
2520 16
2521 12
2522 11
2523 9
2524 7
2525 10
2526 12
2527 11
2528 11
2529 14
2530 19
2531 10
2532 12
2533 9
2534 19
2535 10
2536 12
2537 10
2538 18
2539 12
2540 14
2541 7
2542 6
2543 14
2544 11
2545 19
2546 7
2547 13
2548 14
2549 15
2550 14
2551 8
2552 8
2553 19
2554 12
2555 12
2556 16
2557 13
2558 16
2559 18
