0 42
1 25
2 29
3 26
4 36
5 25
6 29
7 29
8 40
9 26
10 37
11 21
12 30
13 30
14 32
15 22
16 18
17 33
18 31
19 28
20 16
21 29
22 30
23 23
24 28
25 28
26 20
27 25
28 20
29 25
30 27
31 17
32 30
33 24
34 28
35 27
36 22
37 21
38 36
39 27
40 30
41 28
42 31
43 25
44 26
45 24
46 30
47 23
48 36
49 28
50 16
51 30
52 28
53 24
54 24
55 25
56 34
57 30
58 25
59 21
60 24
61 23
62 27
63 35
64 16
65 25
66 24
67 27
68 30
69 31
70 22
71 23
72 34
73 20
74 23
75 31
76 40
77 27
78 30
79 35
80 29
81 27
82 34
83 26
84 31
85 32
86 25
87 32
88 19
89 33
90 38
91 39
92 29
93 29
94 23
95 17
96 38
97 28
98 28
99 31
100 23
101 26
102 31
103 28
104 24
105 27
106 20
107 30
108 21
109 32
110 31
111 29
112 39
113 34
114 37
115 22
116 33
117 37
118 30
119 32
120 30
121 22
122 30
123 34
124 18
125 38
126 23
127 26
128 32
129 32
130 25
131 29
132 33
133 30
134 41
135 31
136 27
137 31
138 24
139 28
140 31
141 22
142 30
143 31
144 35
145 38
146 36
147 28
148 30
149 33
150 29
151 22
152 34
153 24
154 30
155 28
156 23
157 40
158 28
159 34
160 32
161 30
162 25
163 29
164 37
165 27
166 27
167 31
168 29
169 17
170 35
171 39
172 24
173 21
174 22
175 35
176 26
177 23
178 35
179 26
180 29
181 51
182 34
183 25
184 38
185 24
186 26
187 27
188 33
189 23
190 20
191 31
192 25
193 20
194 23
195 37
196 26
197 41
198 31
199 28
200 33
201 29
202 25
203 25
204 30
205 23
206 31
207 32
208 39
209 26
210 25
211 21
212 24
213 18
214 21
215 32
216 35
217 35
218 27
219 26
220 34
221 32
222 29
223 30
224 30
225 31
226 23
227 31
228 33
229 34
230 23
231 35
232 34
233 28
234 25
235 22
236 28
237 28
238 26
239 27
240 31
241 25
242 27
243 30
244 33
245 28
246 38
247 25
248 32
249 31
250 41
251 12
252 30
253 30
254 30
255 35
256 33
257 35
258 36
259 41
260 33
261 34
262 37
263 50
264 35
265 29
266 29
267 18
268 38
269 26
270 28
271 42
272 34
273 38
274 33
275 33
276 33
277 31
278 25
279 36
280 31
281 32
282 18
283 26
284 31
285 24
286 22
287 25
288 36
289 33
290 40
291 29
292 34
293 33
294 22
295 30
296 41
297 39
298 40
299 31
300 28
301 34
302 30
303 31
304 40
305 30
306 40
307 37
308 35
309 35
310 36
311 47
312 32
313 28
314 16
315 36
316 32
317 32
318 40
319 28
320 31
321 32
322 30
323 27
324 33
325 39
326 31
327 32
328 38
329 32
330 28
331 27
332 36
333 33
334 22
335 39
336 41
337 32
338 34
339 37
340 27
341 28
342 50
343 26
344 35
345 29
346 41
347 29
348 37
349 45
350 40
351 28
352 28
353 36
354 48
355 35
356 33
357 31
358 34
359 29
360 22
361 19
362 37
363 35
364 31
365 30
366 35
367 26
368 21
369 34
370 42
371 35
372 39
373 23
374 26
375 29
376 20
377 39
378 28
379 32
380 28
381 26
382 26
383 31
384 29
385 26
386 33
387 27
388 30
389 37
390 47
391 25
392 30
393 31
394 26
395 33
396 28
397 34
398 33
399 29
400 38
401 31
402 27
403 34
404 25
405 23
406 33
407 34
408 28
409 34
410 39
411 36
412 41
413 39
414 33
415 34
416 32
417 34
418 35
419 30
420 34
421 38
422 28
423 39
424 36
425 38
426 40
427 32
428 35
429 37
430 34
431 37
432 31
433 33
434 22
435 33
436 46
437 29
438 39
439 26
440 35
441 42
442 35
443 40
444 41
445 29
446 40
447 51
448 34
449 32
450 45
451 30
452 36
453 34
454 43
455 52
456 31
457 46
458 37
459 36
460 29
461 35
462 30
463 21
464 26
465 30
466 40
467 38
468 40
469 29
470 48
471 49
472 36
473 32
474 36
475 28
476 35
477 35
478 33
479 34
480 32
481 33
482 33
483 28
484 33
485 34
486 42
487 37
488 28
489 43
490 38
491 38
492 29
493 35
494 33
495 41
496 35
497 35
498 25
499 32
500 42
501 34
502 31
503 37
504 27
505 34
506 36
507 32
508 36
509 34
510 35
511 32
512 24
513 32
514 33
515 29
516 25
517 28
518 30
519 48
520 35
521 39
522 35
523 34
524 37
525 38
526 35
527 39
528 32
529 50
530 27
531 38
532 28
533 51
534 41
535 30
536 33
537 40
538 32
539 27
540 29
541 37
542 36
543 53
544 43
545 32
546 34
547 37
548 37
549 41
550 38
551 34
552 35
553 40
554 44
555 26
556 39
557 38
558 37
559 28
560 39
561 27
562 41
563 30
564 35
565 35
566 37
567 39
568 31
569 36
570 40
571 33
572 46
573 38
574 43
575 41
576 28
577 32
578 37
579 40
580 31
581 40
582 44
583 36
584 53
585 64
586 59
587 64
588 55
589 42
590 40
591 56
592 69
593 56
594 53
595 59
596 51
597 57
598 67
599 59
600 63
601 73
602 78
603 94
604 91
605 85
606 102
607 113
608 112
609 126
610 120
611 121
612 129
613 113
614 102
615 94
616 68
617 74
618 58
619 47
620 45
621 49
622 48
623 32
624 38
625 43
626 48
627 27
628 35
629 42
630 32
631 36
632 25
633 33
634 44
635 30
636 26
637 41
638 37
639 30
640 27
641 29
642 37
643 33
644 34
645 50
646 34
647 28
648 50
649 40
650 37
651 41
652 41
653 32
654 32
655 29
656 37
657 48
658 38
659 41
660 33
661 47
662 29
663 34
664 22
665 48
666 35
667 40
668 34
669 22
670 32
671 38
672 30
673 39
674 33
675 50
676 25
677 29
678 37
679 35
680 32
681 27
682 24
683 37
684 34
685 33
686 34
687 35
688 39
689 41
690 39
691 29
692 45
693 47
694 41
695 40
696 29
697 29
698 28
699 34
700 28
701 34
702 44
703 30
704 38
705 31
706 18
707 34
708 35
709 29
710 39
711 41
712 36
713 34
714 35
715 45
716 46
717 32
718 40
719 43
720 34
721 36
722 40
723 36
724 45
725 45
726 41
727 25
728 30
729 36
730 40
731 29
732 36
733 41
734 34
735 40
736 34
737 40
738 27
739 35
740 24
741 43
742 29
743 45
744 39
745 27
746 31
747 27
748 38
749 30
750 51
751 39
752 41
753 30
754 35
755 30
756 35
757 34
758 39
759 35
760 34
761 25
762 45
763 28
764 31
765 33
766 41
767 35
768 29
769 31
770 32
771 40
772 29
773 33
774 31
775 33
776 31
777 31
778 32
779 36
780 41
781 31
782 34
783 34
784 33
785 31
786 41
787 32
788 39
789 35
790 39
791 42
792 46
793 32
794 37
795 37
796 33
797 30
798 34
799 39
800 27
801 38
802 37
803 38
804 44
805 34
806 40
807 28
808 21
809 40
810 40
811 40
812 43
813 26
814 34
815 43
816 21
817 25
818 22
819 31
820 35
821 33
822 35
823 35
824 27
825 28
826 38
827 27
828 48
829 32
830 46
831 32
832 29
833 28
834 43
835 45
836 30
837 35
838 33
839 39
840 33
841 41
842 34
843 35
844 30
845 42
846 31
847 33
848 33
849 27
850 28
851 34
852 25
853 41
854 31
855 27
856 31
857 32
858 33
859 34
860 43
861 36
862 26
863 28
864 32
865 22
866 31
867 26
868 31
869 38
870 34
871 32
872 38
873 33
874 39
875 38
876 29
877 34
878 32
879 29
880 38
881 30
882 40
883 46
884 40
885 22
886 30
887 37
888 39
889 38
890 42
891 34
892 26
893 34
894 28
895 29
896 39
897 31
898 35
899 33
900 35
901 36
902 41
903 31
904 33
905 33
906 26
907 35
908 32
909 29
910 26
911 37
912 30
913 38
914 32
915 33
916 24
917 34
918 27
919 34
920 43
921 24
922 29
923 23
924 23
925 27
926 35
927 22
928 32
929 40
930 30
931 26
932 37
933 32
934 21
935 34
936 43
937 35
938 24
939 31
940 26
941 45
942 29
943 37
944 22
945 28
946 30
947 45
948 38
949 35
950 36
951 28
952 40
953 32
954 26
955 35
956 34
957 34
958 37
959 34
960 46
961 31
962 43
963 28
964 38
965 34
966 27
967 36
968 27
969 35
970 30
971 23
972 19
973 25
974 27
975 36
976 26
977 25
978 31
979 33
980 36
981 29
982 26
983 27
984 28
985 28
986 24
987 35
988 24
989 31
990 31
991 33
992 31
993 29
994 29
995 40
996 36
997 35
998 27
999 25
1000 29
1001 43
1002 33
1003 22
1004 27
1005 44
1006 39
1007 28
1008 30
1009 26
1010 24
1011 45
1012 34
1013 34
1014 27
1015 25
1016 38
1017 24
1018 31
1019 49
1020 28
1021 27
1022 20
1023 36
1024 35
1025 33
1026 24
1027 43
1028 34
1029 28
1030 23
1031 37
1032 24
1033 34
1034 32
1035 37
1036 23
1037 31
1038 17
1039 24
1040 45
1041 41
1042 33
1043 31
1044 35
1045 25
1046 25
1047 39
1048 34
1049 38
1050 28
1051 36
1052 35
1053 23
1054 34
1055 20
1056 32
1057 36
1058 33
1059 33
1060 30
1061 30
1062 22
1063 32
1064 21
1065 26
1066 26
1067 29
1068 43
1069 43
1070 23
1071 24
1072 24
1073 22
1074 27
1075 27
1076 33
1077 26
1078 34
1079 31
1080 34
1081 22
1082 46
1083 41
1084 34
1085 32
1086 28
1087 40
1088 33
1089 30
1090 34
1091 36
1092 38
1093 42
1094 27
1095 30
1096 35
1097 29
1098 27
1099 16
1100 23
1101 33
1102 26
1103 32
1104 36
1105 34
1106 42
1107 29
1108 34
1109 27
1110 41
1111 32
1112 29
1113 36
1114 28
1115 31
1116 39
1117 40
1118 26
1119 31
1120 25
1121 27
1122 27
1123 40
1124 35
1125 30
1126 45
1127 36
1128 45
1129 73
1130 86
1131 119
1132 112
1133 134
1134 229
1135 297
1136 275
1137 265
1138 253
1139 294
1140 392
1141 320
1142 376
1143 461
1144 488
1145 563
1146 612
1147 558
1148 525
1149 509
1150 529
1151 515
1152 578
1153 425
1154 316
1155 261
1156 260
1157 157
1158 87
1159 58
1160 43
1161 44
1162 45
1163 34
1164 34
1165 34
1166 38
1167 33
1168 39
1169 46
1170 29
1171 31
1172 29
1173 35
1174 26
1175 29
1176 23
1177 39
1178 34
1179 40
1180 40
1181 23
1182 28
1183 44
1184 26
1185 28
1186 36
1187 28
1188 32
1189 36
1190 35
1191 31
1192 23
1193 34
1194 32
1195 38
1196 31
1197 39
1198 27
1199 34
1200 34
1201 25
1202 20
1203 32
1204 42
1205 34
1206 42
1207 46
1208 32
1209 32
1210 33
1211 26
1212 25
1213 25
1214 28
1215 20
1216 32
1217 35
1218 31
1219 31
1220 27
1221 32
1222 26
1223 31
1224 24
1225 22
1226 19
1227 24
1228 24
1229 28
1230 33
1231 26
1232 31
1233 35
1234 28
1235 24
1236 26
1237 21
1238 33
1239 32
1240 28
1241 31
1242 27
1243 30
1244 36
1245 27
1246 29
1247 24
1248 26
1249 21
1250 32
1251 32
1252 27
1253 32
1254 35
1255 44
1256 39
1257 28
1258 29
1259 27
1260 29
1261 25
1262 27
1263 26
1264 30
1265 22
1266 19
1267 19
1268 23
1269 23
1270 36
1271 32
1272 44
1273 41
1274 28
1275 35
1276 25
1277 26
1278 38
1279 6
1280 22
1281 29
1282 24
1283 21
1284 28
1285 18
1286 21
1287 22
1288 22
1289 24
1290 19
1291 18
1292 29
1293 28
1294 26
1295 35
1296 26
1297 20
1298 30
1299 29
1300 17
1301 22
1302 24
1303 17
1304 18
1305 23
1306 26
1307 23
1308 20
1309 22
1310 24
1311 23
1312 25
1313 32
1314 26
1315 26
1316 25
1317 22
1318 24
1319 21
1320 30
1321 20
1322 13
1323 23
1324 19
1325 31
1326 24
1327 20
1328 26
1329 22
1330 24
1331 21
1332 17
1333 15
1334 14
1335 24
1336 33
1337 21
1338 19
1339 26
1340 18
1341 18
1342 15
1343 18
1344 20
1345 26
1346 20
1347 24
1348 32
1349 25
1350 24
1351 26
1352 29
1353 31
1354 26
1355 37
1356 34
1357 32
1358 59
1359 41
1360 32
1361 51
1362 49
1363 42
1364 38
1365 44
1366 42
1367 42
1368 26
1369 39
1370 42
1371 28
1372 32
1373 23
1374 20
1375 20
1376 20
1377 10
1378 29
1379 32
1380 27
1381 15
1382 24
1383 20
1384 29
1385 16
1386 25
1387 20
1388 19
1389 25
1390 30
1391 21
1392 19
1393 23
1394 20
1395 27
1396 29
1397 29
1398 25
1399 22
1400 26
1401 24
1402 28
1403 25
1404 25
1405 18
1406 20
1407 18
1408 26
1409 29
1410 19
1411 30
1412 22
1413 26
1414 24
1415 16
1416 19
1417 20
1418 28
1419 31
1420 24
1421 23
1422 15
1423 25
1424 15
1425 29
1426 16
1427 24
1428 24
1429 30
1430 33
1431 27
1432 30
1433 35
1434 34
1435 39
1436 29
1437 52
1438 60
1439 67
1440 72
1441 86
1442 108
1443 133
1444 143
1445 139
1446 171
1447 202
1448 253
1449 260
1450 270
1451 240
1452 189
1453 208
1454 193
1455 179
1456 156
1457 145
1458 106
1459 94
1460 39
1461 41
1462 33
1463 23
1464 30
1465 21
1466 18
1467 29
1468 25
1469 28
1470 32
1471 23
1472 17
1473 19
1474 21
1475 20
1476 21
1477 30
1478 22
1479 25
1480 21
1481 19
1482 26
1483 30
1484 23
1485 20
1486 21
1487 18
1488 23
1489 14
1490 28
1491 24
1492 21
1493 22
1494 18
1495 16
1496 18
1497 21
1498 19
1499 17
1500 18
1501 17
1502 19
1503 25
1504 19
1505 25
1506 18
1507 18
1508 21
1509 29
1510 20
1511 18
1512 26
1513 25
1514 21
1515 22
1516 18
1517 20
1518 22
1519 11
1520 23
1521 23
1522 21
1523 17
1524 14
1525 29
1526 19
1527 20
1528 26
1529 26
1530 24
1531 12
1532 20
1533 21
1534 18
1535 19
1536 20
1537 23
1538 20
1539 23
1540 17
1541 20
1542 21
1543 24
1544 25
1545 21
1546 17
1547 16
1548 26
1549 18
1550 18
1551 17
1552 20
1553 22
1554 21
1555 16
1556 17
1557 15
1558 26
1559 21
1560 21
1561 17
1562 23
1563 24
1564 17
1565 16
1566 13
1567 17
1568 19
1569 16
1570 19
1571 20
1572 16
1573 12
1574 16
1575 18
1576 17
1577 14
1578 20
1579 22
1580 17
1581 21
1582 22
1583 18
1584 30
1585 27
1586 20
1587 20
1588 19
1589 19
1590 14
1591 15
1592 20
1593 15
1594 20
1595 25
1596 23
1597 19
1598 27
1599 22
1600 16
1601 18
1602 14
1603 20
1604 18
1605 18
1606 24
1607 33
1608 22
1609 22
1610 20
1611 15
1612 16
1613 17
1614 16
1615 19
1616 19
1617 18
1618 14
1619 19
1620 25
1621 17
1622 23
1623 18
1624 18
1625 19
1626 28
1627 26
1628 20
1629 16
1630 17
1631 23
1632 17
1633 14
1634 16
1635 19
1636 14
1637 12
1638 17
1639 25
1640 16
1641 16
1642 23
1643 26
1644 17
1645 15
1646 18
1647 23
1648 29
1649 14
1650 16
1651 17
1652 19
1653 18
1654 20
1655 19
1656 14
1657 22
1658 20
1659 12
1660 13
1661 18
1662 19
1663 10
1664 19
1665 17
1666 12
1667 19
1668 19
1669 25
1670 18
1671 9
1672 16
1673 30
1674 20
1675 29
1676 25
1677 17
1678 13
1679 11
1680 25
1681 13
1682 18
1683 13
1684 17
1685 18
1686 20
1687 24
1688 16
1689 16
1690 13
1691 21
1692 18
1693 19
1694 24
1695 18
1696 17
1697 16
1698 20
1699 25
1700 12
1701 16
1702 16
1703 20
1704 16
1705 23
1706 26
1707 20
1708 17
1709 17
1710 17
1711 9
1712 10
1713 22
1714 12
1715 11
1716 19
1717 18
1718 12
1719 17
1720 23
1721 15
1722 22
1723 24
1724 17
1725 11
1726 22
1727 20
1728 16
1729 23
1730 13
1731 10
1732 21
1733 11
1734 17
1735 14
1736 13
1737 17
1738 20
1739 18
1740 18
1741 19
1742 10
1743 11
1744 17
1745 22
1746 16
1747 17
1748 20
1749 20
1750 23
1751 10
1752 22
1753 26
1754 27
1755 20
1756 23
1757 19
1758 14
1759 17
1760 18
1761 21
1762 18
1763 17
1764 15
1765 14
1766 17
1767 18
1768 11
1769 16
1770 20
1771 19
1772 14
1773 19
1774 14
1775 27
1776 18
1777 21
1778 15
1779 12
1780 17
1781 23
1782 18
1783 14
1784 20
1785 18
1786 18
1787 20
1788 19
1789 17
1790 16
1791 11
1792 18
1793 18
1794 16
1795 16
1796 16
1797 18
1798 19
1799 14
1800 14
1801 9
1802 15
1803 20
1804 14
1805 7
1806 24
1807 18
1808 16
1809 17
1810 16
1811 16
1812 21
1813 10
1814 18
1815 20
1816 22
1817 13
1818 20
1819 19
1820 13
1821 18
1822 19
1823 15
1824 13
1825 17
1826 8
1827 19
1828 11
1829 14
1830 19
1831 15
1832 13
1833 15
1834 13
1835 20
1836 24
1837 13
1838 16
1839 17
1840 22
1841 14
1842 24
1843 20
1844 12
1845 19
1846 16
1847 18
1848 21
1849 19
1850 16
1851 13
1852 15
1853 18
1854 15
1855 13
1856 21
1857 21
1858 23
1859 14
1860 21
1861 26
1862 19
1863 19
1864 16
1865 22
1866 21
1867 21
1868 22
1869 15
1870 19
1871 18
1872 26
1873 24
1874 19
1875 22
1876 12
1877 24
1878 20
1879 26
1880 17
1881 18
1882 22
1883 25
1884 21
1885 15
1886 22
1887 11
1888 22
1889 16
1890 20
1891 17
1892 13
1893 25
1894 21
1895 18
1896 19
1897 20
1898 16
1899 13
1900 14
1901 25
1902 17
1903 22
1904 17
1905 19
1906 17
1907 15
1908 19
1909 22
1910 27
1911 19
1912 22
1913 22
1914 29
1915 33
1916 38
1917 40
1918 48
1919 52
1920 64
1921 103
1922 88
1923 87
1924 88
1925 159
1926 181
1927 100
1928 75
1929 92
1930 93
1931 96
1932 92
1933 79
1934 67
1935 55
1936 62
1937 54
1938 50
1939 53
1940 42
1941 45
1942 54
1943 32
1944 37
1945 17
1946 33
1947 20
1948 27
1949 20
1950 18
1951 13
1952 13
1953 22
1954 16
1955 15
1956 18
1957 13
1958 19
1959 19
1960 12
1961 12
1962 16
1963 11
1964 24
1965 17
1966 14
1967 17
1968 20
1969 16
1970 15
1971 20
1972 14
1973 8
1974 16
1975 16
1976 14
1977 13
1978 19
1979 25
1980 17
1981 14
1982 11
1983 15
1984 12
1985 10
1986 12
1987 12
1988 17
1989 17
1990 13
1991 14
1992 25
1993 14
1994 17
1995 14
1996 11
1997 11
1998 10
1999 15
2000 10
2001 15
2002 14
2003 18
2004 19
2005 11
2006 19
2007 17
2008 20
2009 13
2010 17
2011 18
2012 16
2013 15
2014 11
2015 14
2016 18
2017 18
2018 22
2019 15
2020 13
2021 13
2022 18
2023 12
2024 15
2025 20
2026 15
2027 19
2028 12
2029 17
2030 10
2031 14
2032 11
2033 14
2034 15
2035 13
2036 21
2037 14
2038 12
2039 14
2040 7
2041 15
2042 12
2043 12
2044 25
2045 14
2046 15
2047 13
2048 15
2049 11
2050 13
2051 9
2052 17
2053 11
2054 19
2055 5
2056 11
2057 10
2058 11
2059 14
2060 16
2061 11
2062 12
2063 17
2064 15
2065 16
2066 16
2067 14
2068 11
2069 15
2070 16
2071 18
2072 14
2073 14
2074 15
2075 21
2076 19
2077 11
2078 24
2079 8
2080 13
2081 7
2082 14
2083 21
2084 20
2085 14
2086 15
2087 8
2088 15
2089 18
2090 17
2091 13
2092 12
2093 13
2094 12
2095 18
2096 19
2097 10
2098 21
2099 14
2100 11
2101 12
2102 17
2103 17
2104 20
2105 9
2106 15
2107 10
2108 21
2109 17
2110 14
2111 17
2112 15
2113 17
2114 17
2115 12
2116 9
2117 11
2118 13
2119 12
2120 12
2121 11
2122 21
2123 22
2124 19
2125 14
2126 11
2127 7
2128 12
2129 15
2130 11
2131 20
2132 14
2133 16
2134 13
2135 12
2136 16
2137 18
2138 15
2139 13
2140 14
2141 14
2142 19
2143 11
2144 20
2145 14
2146 18
2147 16
2148 16
2149 15
2150 15
2151 14
2152 14
2153 12
2154 15
2155 11
2156 15
2157 18
2158 22
2159 10
2160 10
2161 19
2162 18
2163 20
2164 12
2165 20
2166 24
2167 19
2168 24
2169 27
2170 31
2171 37
2172 31
2173 35
2174 51
2175 42
2176 63
2177 63
2178 79
2179 78
2180 101
2181 116
2182 154
2183 164
2184 232
2185 234
2186 262
2187 369
2188 433
2189 483
2190 489
2191 477
2192 413
2193 345
2194 425
2195 338
2196 389
2197 437
2198 449
2199 390
2200 307
2201 256
2202 212
2203 203
2204 208
2205 169
2206 165
2207 179
2208 147
2209 109
2210 89
2211 70
2212 55
2213 60
2214 60
2215 39
2216 38
2217 20
2218 20
2219 24
2220 20
2221 21
2222 20
2223 12
2224 17
2225 16
2226 11
2227 14
2228 16
2229 18
2230 23
2231 19
2232 14
2233 22
2234 19
2235 13
2236 22
2237 20
2238 15
2239 15
2240 12
2241 15
2242 12
2243 16
2244 11
2245 8
2246 15
2247 13
2248 9
2249 17
2250 13
2251 13
2252 7
2253 9
2254 10
2255 10
2256 18
2257 14
2258 17
2259 19
2260 14
2261 16
2262 16
2263 19
2264 13
2265 16
2266 14
2267 10
2268 12
2269 12
2270 13
2271 17
2272 12
2273 18
2274 13
2275 15
2276 13
2277 9
2278 6
2279 14
2280 10
2281 10
2282 11
2283 9
2284 11
2285 17
2286 29
2287 18
2288 9
2289 13
2290 11
2291 10
2292 10
2293 13
2294 14
2295 15
2296 14
2297 14
2298 11
2299 21
2300 11
2301 11
2302 16
2303 14
2304 12
2305 15
2306 13
2307 13
2308 25
2309 17
2310 22
2311 18
2312 21
2313 17
2314 19
2315 16
2316 26
2317 14
2318 15
2319 16
2320 12
2321 16
2322 20
2323 9
2324 18
2325 18
2326 20
2327 17
2328 18
2329 13
2330 12
2331 10
2332 8
2333 12
2334 23
2335 17
2336 17
2337 10
2338 14
2339 14
2340 6
2341 6
2342 20
2343 16
2344 14
2345 11
2346 13
2347 15
2348 11
2349 12
2350 11
2351 12
2352 9
2353 17
2354 7
2355 11
2356 9
2357 7
2358 9
2359 14
2360 17
2361 19
2362 15
2363 6
2364 6
2365 10
2366 14
2367 8
2368 10
2369 10
2370 15
2371 12
2372 15
2373 16
2374 15
2375 11
2376 15
2377 19
2378 16
2379 23
2380 18
2381 15
2382 20
2383 16
2384 17
2385 22
2386 27
2387 25
2388 24
2389 29
2390 33
2391 35
2392 34
2393 43
2394 61
2395 46
2396 65
2397 63
2398 74
2399 61
2400 94
2401 88
2402 86
2403 94
2404 89
2405 67
2406 96
2407 86
2408 93
2409 83
2410 70
2411 59
2412 83
2413 64
2414 63
2415 34
2416 54
2417 46
2418 45
2419 39
2420 27
2421 23
2422 28
2423 20
2424 21
2425 17
2426 18
2427 21
2428 16
2429 12
2430 13
2431 19
2432 13
2433 9
2434 15
2435 7
2436 15
2437 22
2438 18
2439 9
2440 15
2441 11
2442 12
2443 11
2444 25
2445 11
2446 13
2447 13
2448 11
2449 12
2450 14
2451 11
2452 9
2453 7
2454 13
2455 12
2456 11
2457 11
2458 11
2459 10
2460 15
2461 12
2462 19
2463 11
2464 10
2465 16
2466 7
2467 17
2468 9
2469 12
2470 7
2471 9
2472 11
2473 14
2474 11
2475 18
2476 13
2477 15
2478 15
2479 14
2480 8
2481 13
2482 7
2483 13
2484 17
2485 10
2486 11
2487 10
2488 18
2489 6
2490 8
2491 10
2492 11
2493 12
2494 11
2495 12
2496 6
2497 17
2498 11
2499 9
2500 17
2501 13
2502 20
2503 12
2504 17
2505 15
2506 8
2507 11
2508 10
2509 10
2510 15
2511 15
2512 15
2513 10
2514 10
2515 12
2516 9
2517 12
2518 18
2519 13
2520 12
2521 11
2522 10
2523 13
2524 12
2525 7
2526 10
2527 11
2528 12
2529 12
2530 13
2531 16
2532 10
2533 9
2534 19
2535 12
2536 9
2537 8
2538 12
2539 16
2540 18
2541 13
2542 11
2543 10
2544 14
2545 10
2546 16
2547 6
2548 12
2549 10
2550 14
2551 6
2552 10
2553 13
2554 12
2555 12
2556 15
2557 11
2558 8
2559 13
