0 39
1 24
2 21
3 24
4 30
5 21
6 34
7 29
8 26
9 38
10 23
11 20
12 23
13 23
14 26
15 20
16 17
17 22
18 22
19 22
20 24
21 17
22 40
23 22
24 27
25 32
26 22
27 26
28 24
29 22
30 26
31 24
32 20
33 16
34 21
35 15
36 22
37 24
38 26
39 25
40 17
41 20
42 24
43 26
44 32
45 37
46 17
47 28
48 25
49 30
50 26
51 24
52 22
53 33
54 26
55 23
56 27
57 16
58 28
59 28
60 21
61 29
62 27
63 22
64 20
65 23
66 20
67 24
68 19
69 26
70 21
71 34
72 27
73 29
74 27
75 19
76 26
77 28
78 27
79 35
80 31
81 24
82 33
83 33
84 31
85 22
86 23
87 35
88 24
89 20
90 25
91 37
92 31
93 20
94 25
95 10
96 16
97 22
98 20
99 23
100 27
101 25
102 24
103 28
104 25
105 29
106 28
107 26
108 28
109 28
110 22
111 22
112 27
113 20
114 24
115 39
116 27
117 23
118 25
119 20
120 18
121 18
122 25
123 23
124 32
125 29
126 24
127 22
128 27
129 28
130 30
131 31
132 22
133 18
134 26
135 34
136 21
137 26
138 19
139 33
140 24
141 17
142 26
143 32
144 26
145 23
146 25
147 31
148 22
149 29
150 31
151 33
152 28
153 32
154 27
155 32
156 23
157 28
158 26
159 17
160 23
161 19
162 29
163 25
164 19
165 23
166 25
167 29
168 42
169 24
170 21
171 34
172 34
173 19
174 22
175 23
176 24
177 29
178 22
179 25
180 27
181 31
182 22
183 29
184 25
185 32
186 27
187 29
188 26
189 29
190 30
191 20
192 26
193 26
194 32
195 28
196 26
197 32
198 19
199 28
200 30
201 26
202 28
203 30
204 27
205 31
206 36
207 23
208 27
209 26
210 21
211 37
212 27
213 37
214 34
215 28
216 35
217 31
218 34
219 22
220 31
221 27
222 27
223 40
224 35
225 25
226 21
227 29
228 19
229 32
230 34
231 30
232 25
233 23
234 30
235 20
236 35
237 34
238 27
239 26
240 33
241 38
242 24
243 18
244 24
245 30
246 34
247 33
248 27
249 22
250 23
251 28
252 35
253 37
254 39
255 28
256 31
257 25
258 29
259 37
260 30
261 21
262 30
263 29
264 26
265 19
266 32
267 30
268 29
269 31
270 23
271 31
272 32
273 41
274 22
275 26
276 27
277 33
278 26
279 24
280 23
281 34
282 38
283 37
284 29
285 27
286 27
287 24
288 23
289 36
290 37
291 22
292 24
293 29
294 39
295 36
296 33
297 32
298 28
299 27
300 17
301 36
302 30
303 26
304 30
305 40
306 32
307 22
308 38
309 29
310 25
311 24
312 29
313 33
314 15
315 26
316 31
317 34
318 30
319 26
320 34
321 32
322 32
323 27
324 29
325 36
326 25
327 26
328 30
329 34
330 29
331 31
332 37
333 26
334 30
335 29
336 44
337 37
338 29
339 28
340 27
341 29
342 35
343 19
344 24
345 41
346 36
347 24
348 23
349 20
350 29
351 24
352 33
353 35
354 38
355 39
356 38
357 31
358 36
359 36
360 32
361 29
362 29
363 30
364 29
365 39
366 32
367 28
368 27
369 35
370 38
371 33
372 25
373 31
374 31
375 33
376 24
377 31
378 32
379 34
380 31
381 36
382 29
383 23
384 28
385 33
386 31
387 18
388 20
389 33
390 31
391 31
392 28
393 28
394 31
395 40
396 32
397 26
398 45
399 31
400 37
401 40
402 34
403 36
404 34
405 22
406 29
407 19
408 31
409 35
410 29
411 25
412 39
413 35
414 26
415 17
416 42
417 23
418 36
419 26
420 25
421 25
422 27
423 45
424 28
425 30
426 33
427 35
428 27
429 32
430 21
431 44
432 35
433 28
434 30
435 28
436 41
437 28
438 32
439 26
440 36
441 34
442 37
443 29
444 34
445 36
446 45
447 33
448 30
449 43
450 37
451 26
452 42
453 21
454 24
455 32
456 21
457 34
458 27
459 37
460 34
461 27
462 35
463 31
464 43
465 16
466 28
467 35
468 35
469 27
470 32
471 37
472 30
473 35
474 22
475 30
476 37
477 29
478 37
479 32
480 29
481 31
482 35
483 35
484 37
485 40
486 45
487 28
488 30
489 38
490 32
491 18
492 31
493 32
494 33
495 31
496 34
497 36
498 27
499 27
500 27
501 34
502 39
503 31
504 44
505 42
506 36
507 31
508 22
509 44
510 24
511 43
512 27
513 26
514 32
515 44
516 41
517 35
518 20
519 37
520 34
521 32
522 45
523 33
524 35
525 26
526 25
527 30
528 36
529 38
530 39
531 32
532 36
533 23
534 26
535 37
536 35
537 30
538 26
539 33
540 35
541 30
542 27
543 30
544 26
545 26
546 25
547 41
548 33
549 34
550 34
551 29
552 31
553 29
554 28
555 30
556 43
557 30
558 37
559 26
560 34
561 32
562 37
563 28
564 34
565 38
566 28
567 37
568 28
569 21
570 34
571 28
572 30
573 31
574 32
575 32
576 28
577 32
578 31
579 33
580 35
581 38
582 30
583 33
584 46
585 27
586 33
587 39
588 29
589 29
590 36
591 31
592 40
593 23
594 32
595 34
596 35
597 39
598 33
599 35
600 31
601 28
602 29
603 29
604 19
605 33
606 35
607 31
608 28
609 32
610 22
611 22
612 35
613 42
614 35
615 41
616 38
617 39
618 36
619 27
620 34
621 35
622 39
623 62
624 49
625 56
626 56
627 57
628 59
629 70
630 62
631 67
632 51
633 57
634 62
635 59
636 62
637 79
638 88
639 106
640 115
641 96
642 101
643 118
644 82
645 110
646 111
647 104
648 126
649 128
650 92
651 115
652 117
653 89
654 61
655 51
656 49
657 36
658 33
659 30
660 30
661 35
662 32
663 31
664 37
665 28
666 40
667 31
668 30
669 33
670 31
671 35
672 26
673 43
674 44
675 34
676 32
677 29
678 43
679 32
680 38
681 38
682 45
683 37
684 28
685 44
686 35
687 27
688 38
689 32
690 34
691 26
692 34
693 29
694 34
695 33
696 33
697 29
698 29
699 23
700 40
701 45
702 32
703 34
704 36
705 32
706 35
707 21
708 38
709 23
710 30
711 26
712 25
713 26
714 31
715 27
716 30
717 31
718 32
719 29
720 39
721 41
722 32
723 41
724 36
725 34
726 40
727 27
728 35
729 38
730 38
731 40
732 35
733 27
734 39
735 34
736 31
737 35
738 33
739 27
740 43
741 26
742 32
743 34
744 33
745 40
746 20
747 30
748 31
749 30
750 34
751 38
752 27
753 31
754 33
755 35
756 37
757 42
758 37
759 37
760 31
761 25
762 37
763 39
764 30
765 35
766 28
767 34
768 41
769 39
770 31
771 29
772 45
773 33
774 30
775 39
776 38
777 24
778 28
779 45
780 37
781 33
782 38
783 35
784 39
785 37
786 41
787 33
788 37
789 33
790 30
791 37
792 31
793 30
794 33
795 30
796 30
797 30
798 36
799 35
800 34
801 29
802 30
803 34
804 35
805 34
806 29
807 39
808 24
809 40
810 27
811 40
812 41
813 34
814 37
815 40
816 23
817 33
818 28
819 28
820 31
821 30
822 34
823 37
824 23
825 36
826 47
827 23
828 27
829 36
830 30
831 24
832 29
833 37
834 24
835 26
836 38
837 33
838 38
839 39
840 30
841 32
842 34
843 31
844 30
845 37
846 36
847 28
848 33
849 27
850 22
851 26
852 24
853 24
854 31
855 26
856 26
857 33
858 35
859 27
860 30
861 43
862 32
863 31
864 26
865 37
866 34
867 28
868 26
869 19
870 33
871 30
872 35
873 21
874 40
875 43
876 28
877 30
878 26
879 31
880 42
881 42
882 34
883 30
884 38
885 26
886 27
887 38
888 38
889 29
890 31
891 27
892 28
893 30
894 30
895 28
896 39
897 20
898 32
899 27
900 34
901 28
902 37
903 29
904 27
905 31
906 38
907 32
908 31
909 29
910 33
911 29
912 26
913 18
914 32
915 31
916 31
917 30
918 31
919 44
920 32
921 35
922 37
923 35
924 41
925 33
926 25
927 35
928 31
929 28
930 38
931 33
932 40
933 31
934 33
935 24
936 30
937 33
938 22
939 24
940 38
941 34
942 35
943 26
944 33
945 32
946 35
947 22
948 31
949 22
950 39
951 29
952 29
953 23
954 28
955 29
956 34
957 19
958 32
959 37
960 31
961 35
962 37
963 27
964 28
965 24
966 32
967 34
968 29
969 37
970 32
971 28
972 39
973 25
974 26
975 30
976 39
977 23
978 24
979 24
980 24
981 30
982 30
983 38
984 22
985 30
986 32
987 18
988 30
989 40
990 42
991 27
992 35
993 36
994 33
995 35
996 35
997 32
998 25
999 24
1000 37
1001 26
1002 36
1003 26
1004 29
1005 26
1006 38
1007 29
1008 26
1009 23
1010 25
1011 32
1012 27
1013 36
1014 26
1015 31
1016 32
1017 24
1018 28
1019 27
1020 23
1021 26
1022 22
1023 35
1024 31
1025 23
1026 22
1027 27
1028 37
1029 26
1030 27
1031 23
1032 26
1033 34
1034 32
1035 26
1036 34
1037 30
1038 31
1039 34
1040 32
1041 32
1042 24
1043 24
1044 35
1045 19
1046 22
1047 24
1048 28
1049 29
1050 35
1051 34
1052 35
1053 31
1054 28
1055 29
1056 34
1057 27
1058 35
1059 29
1060 23
1061 35
1062 33
1063 38
1064 37
1065 27
1066 27
1067 26
1068 31
1069 25
1070 26
1071 31
1072 31
1073 28
1074 30
1075 27
1076 39
1077 31
1078 26
1079 37
1080 21
1081 32
1082 20
1083 36
1084 28
1085 40
1086 24
1087 22
1088 25
1089 24
1090 32
1091 29
1092 22
1093 22
1094 31
1095 38
1096 30
1097 37
1098 20
1099 26
1100 26
1101 20
1102 34
1103 28
1104 28
1105 19
1106 25
1107 31
1108 32
1109 32
1110 30
1111 31
1112 34
1113 28
1114 42
1115 37
1116 31
1117 27
1118 33
1119 33
1120 27
1121 24
1122 32
1123 48
1124 36
1125 29
1126 25
1127 24
1128 27
1129 44
1130 41
1131 27
1132 35
1133 35
1134 36
1135 36
1136 35
1137 26
1138 27
1139 35
1140 34
1141 33
1142 27
1143 40
1144 24
1145 28
1146 23
1147 21
1148 31
1149 28
1150 28
1151 28
1152 30
1153 33
1154 31
1155 30
1156 29
1157 21
1158 33
1159 28
1160 42
1161 27
1162 24
1163 37
1164 29
1165 30
1166 33
1167 35
1168 23
1169 26
1170 28
1171 39
1172 39
1173 30
1174 36
1175 65
1176 50
1177 44
1178 59
1179 84
1180 100
1181 145
1182 153
1183 157
1184 228
1185 271
1186 251
1187 278
1188 393
1189 434
1190 545
1191 534
1192 506
1193 487
1194 458
1195 461
1196 462
1197 493
1198 397
1199 299
1200 288
1201 180
1202 216
1203 147
1204 106
1205 66
1206 57
1207 36
1208 36
1209 33
1210 29
1211 37
1212 32
1213 28
1214 36
1215 30
1216 33
1217 28
1218 38
1219 41
1220 26
1221 34
1222 37
1223 28
1224 23
1225 36
1226 32
1227 27
1228 31
1229 32
1230 28
1231 23
1232 28
1233 34
1234 22
1235 25
1236 27
1237 26
1238 24
1239 27
1240 43
1241 36
1242 26
1243 30
1244 27
1245 31
1246 33
1247 32
1248 25
1249 24
1250 26
1251 24
1252 24
1253 31
1254 42
1255 35
1256 32
1257 28
1258 27
1259 29
1260 40
1261 25
1262 28
1263 30
1264 24
1265 23
1266 32
1267 19
1268 20
1269 21
1270 18
1271 24
1272 14
1273 18
1274 13
1275 16
1276 14
1277 7
1278 10
1279 3
1280 34
1281 23
1282 24
1283 27
1284 27
1285 26
1286 24
1287 26
1288 23
1289 20
1290 27
1291 31
1292 22
1293 22
1294 20
1295 19
1296 23
1297 14
1298 26
1299 21
1300 13
1301 13
1302 26
1303 22
1304 22
1305 15
1306 20
1307 24
1308 23
1309 25
1310 17
1311 16
1312 19
1313 18
1314 27
1315 26
1316 26
1317 15
1318 22
1319 24
1320 21
1321 15
1322 23
1323 18
1324 20
1325 21
1326 26
1327 28
1328 27
1329 23
1330 20
1331 18
1332 12
1333 14
1334 34
1335 27
1336 23
1337 18
1338 17
1339 22
1340 20
1341 24
1342 41
1343 20
1344 21
1345 16
1346 22
1347 22
1348 25
1349 27
1350 24
1351 23
1352 19
1353 26
1354 31
1355 23
1356 17
1357 26
1358 19
1359 19
1360 26
1361 16
1362 23
1363 18
1364 23
1365 26
1366 25
1367 28
1368 20
1369 19
1370 14
1371 19
1372 22
1373 24
1374 19
1375 21
1376 17
1377 22
1378 22
1379 19
1380 24
1381 13
1382 18
1383 24
1384 34
1385 18
1386 16
1387 18
1388 12
1389 26
1390 17
1391 21
1392 20
1393 16
1394 19
1395 25
1396 25
1397 26
1398 15
1399 22
1400 13
1401 22
1402 16
1403 20
1404 22
1405 27
1406 20
1407 23
1408 27
1409 29
1410 28
1411 23
1412 46
1413 50
1414 37
1415 51
1416 43
1417 62
1418 49
1419 45
1420 41
1421 46
1422 33
1423 32
1424 41
1425 27
1426 27
1427 26
1428 19
1429 18
1430 31
1431 23
1432 25
1433 26
1434 28
1435 18
1436 11
1437 19
1438 19
1439 24
1440 19
1441 21
1442 19
1443 18
1444 22
1445 24
1446 21
1447 17
1448 21
1449 21
1450 21
1451 27
1452 20
1453 27
1454 22
1455 19
1456 13
1457 12
1458 14
1459 20
1460 24
1461 20
1462 20
1463 19
1464 14
1465 10
1466 20
1467 20
1468 27
1469 26
1470 23
1471 25
1472 23
1473 23
1474 19
1475 16
1476 21
1477 23
1478 19
1479 18
1480 27
1481 25
1482 30
1483 18
1484 15
1485 18
1486 21
1487 26
1488 30
1489 25
1490 52
1491 44
1492 59
1493 63
1494 79
1495 88
1496 107
1497 106
1498 124
1499 109
1500 123
1501 136
1502 145
1503 185
1504 216
1505 268
1506 245
1507 196
1508 140
1509 112
1510 130
1511 129
1512 89
1513 68
1514 76
1515 54
1516 63
1517 53
1518 44
1519 36
1520 25
1521 21
1522 18
1523 22
1524 22
1525 23
1526 21
1527 21
1528 30
1529 22
1530 10
1531 18
1532 11
1533 14
1534 21
1535 19
1536 9
1537 20
1538 21
1539 18
1540 25
1541 22
1542 16
1543 20
1544 18
1545 22
1546 17
1547 16
1548 18
1549 21
1550 20
1551 20
1552 27
1553 19
1554 16
1555 21
1556 15
1557 14
1558 16
1559 16
1560 21
1561 16
1562 23
1563 20
1564 20
1565 25
1566 15
1567 20
1568 15
1569 19
1570 19
1571 17
1572 15
1573 19
1574 16
1575 30
1576 26
1577 21
1578 24
1579 21
1580 21
1581 20
1582 23
1583 26
1584 21
1585 25
1586 19
1587 20
1588 19
1589 14
1590 17
1591 14
1592 17
1593 28
1594 21
1595 16
1596 17
1597 14
1598 11
1599 19
1600 13
1601 14
1602 12
1603 24
1604 18
1605 15
1606 19
1607 13
1608 22
1609 24
1610 19
1611 12
1612 23
1613 16
1614 32
1615 22
1616 15
1617 17
1618 17
1619 20
1620 16
1621 22
1622 24
1623 17
1624 15
1625 18
1626 16
1627 11
1628 15
1629 12
1630 19
1631 24
1632 21
1633 20
1634 28
1635 13
1636 19
1637 14
1638 19
1639 14
1640 14
1641 20
1642 17
1643 15
1644 27
1645 15
1646 15
1647 25
1648 17
1649 20
1650 23
1651 20
1652 20
1653 22
1654 20
1655 18
1656 18
1657 26
1658 12
1659 25
1660 18
1661 19
1662 18
1663 20
1664 20
1665 20
1666 16
1667 26
1668 20
1669 17
1670 17
1671 18
1672 25
1673 14
1674 22
1675 14
1676 17
1677 19
1678 24
1679 22
1680 16
1681 17
1682 14
1683 14
1684 18
1685 16
1686 16
1687 14
1688 22
1689 18
1690 12
1691 25
1692 22
1693 19
1694 17
1695 15
1696 15
1697 17
1698 12
1699 16
1700 13
1701 14
1702 15
1703 25
1704 29
1705 13
1706 18
1707 13
1708 26
1709 19
1710 16
1711 17
1712 20
1713 24
1714 14
1715 17
1716 18
1717 15
1718 21
1719 17
1720 16
1721 14
1722 23
1723 27
1724 25
1725 20
1726 20
1727 14
1728 22
1729 11
1730 18
1731 11
1732 26
1733 13
1734 16
1735 17
1736 18
1737 21
1738 16
1739 18
1740 19
1741 20
1742 21
1743 18
1744 16
1745 13
1746 18
1747 17
1748 14
1749 15
1750 6
1751 18
1752 28
1753 17
1754 19
1755 15
1756 12
1757 19
1758 26
1759 16
1760 14
1761 13
1762 19
1763 19
1764 20
1765 13
1766 18
1767 18
1768 14
1769 16
1770 8
1771 14
1772 23
1773 13
1774 16
1775 19
1776 14
1777 29
1778 14
1779 16
1780 25
1781 13
1782 18
1783 17
1784 19
1785 20
1786 22
1787 21
1788 17
1789 15
1790 17
1791 21
1792 12
1793 13
1794 13
1795 12
1796 13
1797 23
1798 17
1799 13
1800 22
1801 20
1802 22
1803 15
1804 10
1805 8
1806 11
1807 11
1808 17
1809 16
1810 12
1811 20
1812 19
1813 16
1814 19
1815 13
1816 17
1817 12
1818 17
1819 17
1820 12
1821 22
1822 18
1823 12
1824 15
1825 10
1826 21
1827 20
1828 17
1829 17
1830 10
1831 10
1832 18
1833 22
1834 23
1835 15
1836 19
1837 7
1838 16
1839 14
1840 23
1841 18
1842 20
1843 19
1844 13
1845 10
1846 19
1847 19
1848 25
1849 20
1850 13
1851 13
1852 18
1853 13
1854 14
1855 10
1856 14
1857 18
1858 16
1859 17
1860 16
1861 20
1862 10
1863 10
1864 10
1865 10
1866 17
1867 16
1868 16
1869 14
1870 13
1871 19
1872 15
1873 19
1874 14
1875 12
1876 7
1877 15
1878 9
1879 18
1880 13
1881 15
1882 15
1883 24
1884 14
1885 14
1886 16
1887 13
1888 22
1889 17
1890 13
1891 13
1892 18
1893 15
1894 29
1895 12
1896 16
1897 17
1898 14
1899 20
1900 23
1901 17
1902 7
1903 16
1904 13
1905 15
1906 27
1907 14
1908 14
1909 16
1910 17
1911 15
1912 16
1913 16
1914 20
1915 19
1916 21
1917 18
1918 11
1919 18
1920 20
1921 20
1922 18
1923 9
1924 21
1925 17
1926 23
1927 23
1928 20
1929 20
1930 28
1931 22
1932 22
1933 18
1934 27
1935 16
1936 23
1937 11
1938 27
1939 31
1940 21
1941 19
1942 19
1943 17
1944 16
1945 24
1946 17
1947 10
1948 15
1949 14
1950 15
1951 15
1952 15
1953 13
1954 17
1955 18
1956 16
1957 17
1958 28
1959 18
1960 20
1961 17
1962 17
1963 20
1964 10
1965 16
1966 11
1967 21
1968 15
1969 17
1970 12
1971 11
1972 18
1973 20
1974 18
1975 20
1976 24
1977 27
1978 37
1979 25
1980 31
1981 32
1982 34
1983 47
1984 62
1985 71
1986 94
1987 95
1988 70
1989 74
1990 100
1991 98
1992 108
1993 118
1994 78
1995 82
1996 110
1997 129
1998 99
1999 119
2000 101
2001 96
2002 55
2003 46
2004 44
2005 27
2006 32
2007 32
2008 27
2009 22
2010 16
2011 25
2012 13
2013 15
2014 19
2015 19
2016 17
2017 17
2018 14
2019 24
2020 12
2021 14
2022 11
2023 14
2024 15
2025 21
2026 13
2027 11
2028 15
2029 15
2030 19
2031 18
2032 20
2033 19
2034 16
2035 18
2036 13
2037 11
2038 15
2039 13
2040 9
2041 15
2042 20
2043 16
2044 19
2045 13
2046 8
2047 16
2048 8
2049 11
2050 17
2051 9
2052 18
2053 17
2054 13
2055 15
2056 16
2057 20
2058 18
2059 14
2060 16
2061 17
2062 8
2063 21
2064 21
2065 17
2066 16
2067 11
2068 12
2069 15
2070 11
2071 15
2072 17
2073 14
2074 15
2075 16
2076 13
2077 11
2078 14
2079 11
2080 13
2081 13
2082 15
2083 12
2084 7
2085 13
2086 14
2087 13
2088 15
2089 5
2090 10
2091 13
2092 12
2093 11
2094 8
2095 10
2096 13
2097 17
2098 17
2099 17
2100 11
2101 15
2102 13
2103 12
2104 12
2105 11
2106 14
2107 10
2108 20
2109 20
2110 15
2111 14
2112 15
2113 15
2114 13
2115 14
2116 15
2117 15
2118 15
2119 12
2120 11
2121 12
2122 8
2123 15
2124 16
2125 18
2126 15
2127 12
2128 11
2129 11
2130 14
2131 9
2132 12
2133 19
2134 13
2135 10
2136 17
2137 9
2138 20
2139 16
2140 13
2141 8
2142 13
2143 8
2144 8
2145 21
2146 13
2147 8
2148 9
2149 15
2150 19
2151 12
2152 14
2153 10
2154 20
2155 15
2156 13
2157 14
2158 7
2159 14
2160 9
2161 13
2162 21
2163 12
2164 14
2165 12
2166 22
2167 9
2168 15
2169 15
2170 11
2171 9
2172 14
2173 17
2174 16
2175 15
2176 15
2177 18
2178 17
2179 17
2180 15
2181 9
2182 19
2183 16
2184 14
2185 19
2186 13
2187 16
2188 14
2189 11
2190 15
2191 16
2192 20
2193 12
2194 21
2195 10
2196 20
2197 20
2198 20
2199 23
2200 15
2201 16
2202 12
2203 12
2204 13
2205 15
2206 15
2207 16
2208 12
2209 14
2210 7
2211 15
2212 18
2213 16
2214 19
2215 13
2216 15
2217 15
2218 14
2219 10
2220 8
2221 9
2222 19
2223 12
2224 18
2225 14
2226 20
2227 17
2228 15
2229 13
2230 11
2231 17
2232 14
2233 18
2234 18
2235 22
2236 13
2237 21
2238 25
2239 26
2240 16
2241 26
2242 43
2243 57
2244 47
2245 67
2246 72
2247 83
2248 81
2249 90
2250 102
2251 145
2252 174
2253 230
2254 283
2255 356
2256 559
2257 611
2258 592
2259 587
2260 465
2261 434
2262 500
2263 592
2264 619
2265 570
2266 402
2267 355
2268 359
2269 313
2270 276
2271 284
2272 250
2273 245
2274 260
2275 220
2276 126
2277 104
2278 94
2279 74
2280 44
2281 49
2282 32
2283 42
2284 34
2285 27
2286 19
2287 19
2288 16
2289 13
2290 20
2291 15
2292 15
2293 26
2294 15
2295 10
2296 15
2297 13
2298 18
2299 15
2300 17
2301 13
2302 12
2303 14
2304 15
2305 14
2306 17
2307 16
2308 22
2309 13
2310 12
2311 12
2312 16
2313 11
2314 13
2315 17
2316 26
2317 14
2318 12
2319 11
2320 11
2321 11
2322 17
2323 12
2324 7
2325 17
2326 10
2327 5
2328 11
2329 11
2330 14
2331 13
2332 14
2333 8
2334 13
2335 10
2336 21
2337 10
2338 14
2339 11
2340 21
2341 19
2342 15
2343 14
2344 16
2345 15
2346 12
2347 15
2348 7
2349 12
2350 17
2351 8
2352 11
2353 19
2354 19
2355 13
2356 12
2357 9
2358 17
2359 17
2360 8
2361 8
2362 9
2363 16
2364 14
2365 13
2366 20
2367 7
2368 20
2369 21
2370 20
2371 12
2372 19
2373 16
2374 8
2375 13
2376 13
2377 15
2378 16
2379 17
2380 16
2381 15
2382 15
2383 20
2384 18
2385 17
2386 12
2387 16
2388 9
2389 11
2390 15
2391 9
2392 14
2393 9
2394 13
2395 5
2396 17
2397 13
2398 11
2399 14
2400 11
2401 12
2402 14
2403 8
2404 13
2405 13
2406 12
2407 20
2408 16
2409 17
2410 13
2411 9
2412 16
2413 12
2414 14
2415 17
2416 15
2417 11
2418 13
2419 15
2420 7
2421 13
2422 15
2423 10
2424 16
2425 11
2426 9
2427 17
2428 13
2429 15
2430 16
2431 7
2432 9
2433 6
2434 12
2435 13
2436 16
2437 14
2438 13
2439 13
2440 16
2441 13
2442 9
2443 9
2444 14
2445 14
2446 16
2447 14
2448 17
2449 19
2450 20
2451 14
2452 17
2453 19
2454 9
2455 15
2456 20
2457 25
2458 14
2459 28
2460 22
2461 15
2462 26
2463 36
2464 30
2465 50
2466 49
2467 57
2468 45
2469 47
2470 57
2471 61
2472 74
2473 98
2474 110
2475 105
2476 80
2477 98
2478 103
2479 76
2480 81
2481 80
2482 43
2483 59
2484 58
2485 56
2486 55
2487 49
2488 51
2489 41
2490 26
2491 27
2492 36
2493 19
2494 17
2495 28
2496 25
2497 16
2498 16
2499 15
2500 16
2501 10
2502 16
2503 13
2504 11
2505 8
2506 11
2507 9
2508 13
2509 12
2510 10
2511 12
2512 12
2513 14
2514 9
2515 17
2516 14
2517 6
2518 11
2519 13
2520 10
2521 10
2522 13
2523 12
2524 12
2525 12
2526 11
2527 5
2528 13
2529 13
2530 13
2531 8
2532 11
2533 9
2534 10
2535 11
2536 10
2537 10
2538 16
2539 10
2540 14
2541 16
2542 15
2543 12
2544 12
2545 12
2546 14
2547 8
2548 15
2549 9
2550 13
2551 9
2552 6
2553 10
2554 13
2555 11
2556 19
2557 12
2558 13
2559 10
