0 43
1 22
2 27
3 23
4 26
5 12
6 19
7 35
8 31
9 22
10 30
11 21
12 20
13 22
14 26
15 27
16 18
17 19
18 24
19 26
20 24
21 36
22 22
23 28
24 26
25 32
26 25
27 24
28 22
29 28
30 24
31 28
32 25
33 15
34 21
35 27
36 25
37 24
38 34
39 21
40 27
41 25
42 31
43 19
44 25
45 26
46 26
47 28
48 23
49 25
50 28
51 24
52 22
53 30
54 21
55 29
56 19
57 36
58 19
59 16
60 26
61 19
62 26
63 26
64 22
65 28
66 26
67 13
68 31
69 15
70 30
71 33
72 32
73 44
74 28
75 21
76 17
77 26
78 23
79 27
80 30
81 31
82 30
83 24
84 25
85 27
86 36
87 27
88 26
89 17
90 22
91 31
92 25
93 24
94 25
95 19
96 25
97 31
98 24
99 19
100 21
101 23
102 30
103 29
104 23
105 23
106 25
107 33
108 22
109 33
110 25
111 26
112 29
113 26
114 28
115 24
116 28
117 32
118 20
119 27
120 24
121 23
122 30
123 22
124 26
125 23
126 22
127 24
128 33
129 27
130 33
131 27
132 24
133 29
134 30
135 33
136 28
137 23
138 23
139 25
140 25
141 27
142 28
143 21
144 33
145 19
146 29
147 32
148 29
149 31
150 32
151 37
152 27
153 27
154 18
155 25
156 31
157 26
158 33
159 35
160 25
161 39
162 25
163 32
164 33
165 44
166 25
167 25
168 32
169 29
170 32
171 25
172 25
173 26
174 22
175 35
176 33
177 33
178 35
179 28
180 28
181 32
182 27
183 26
184 22
185 25
186 26
187 30
188 32
189 27
190 29
191 24
192 20
193 34
194 34
195 30
196 27
197 24
198 24
199 25
200 27
201 32
202 24
203 20
204 24
205 25
206 25
207 33
208 36
209 40
210 21
211 33
212 34
213 31
214 34
215 28
216 28
217 31
218 24
219 28
220 28
221 13
222 25
223 24
224 19
225 25
226 34
227 25
228 25
229 21
230 31
231 36
232 33
233 30
234 31
235 46
236 24
237 32
238 25
239 27
240 33
241 37
242 41
243 27
244 19
245 25
246 29
247 31
248 24
249 25
250 30
251 24
252 27
253 19
254 26
255 28
256 31
257 28
258 34
259 29
260 34
261 27
262 30
263 36
264 28
265 15
266 36
267 22
268 29
269 28
270 25
271 34
272 41
273 23
274 35
275 33
276 28
277 24
278 31
279 30
280 35
281 30
282 40
283 26
284 36
285 26
286 34
287 30
288 26
289 33
290 32
291 35
292 31
293 31
294 37
295 29
296 40
297 32
298 28
299 34
300 27
301 35
302 24
303 23
304 30
305 33
306 23
307 28
308 29
309 26
310 37
311 45
312 28
313 36
314 39
315 42
316 30
317 30
318 35
319 28
320 41
321 29
322 33
323 45
324 37
325 32
326 26
327 26
328 21
329 24
330 35
331 43
332 37
333 29
334 29
335 24
336 32
337 25
338 27
339 34
340 44
341 45
342 34
343 17
344 28
345 28
346 29
347 25
348 30
349 25
350 36
351 49
352 40
353 34
354 43
355 28
356 32
357 31
358 26
359 34
360 29
361 22
362 41
363 28
364 43
365 32
366 24
367 42
368 39
369 32
370 28
371 28
372 25
373 35
374 26
375 23
376 29
377 33
378 25
379 26
380 32
381 31
382 29
383 40
384 48
385 34
386 40
387 38
388 28
389 37
390 32
391 24
392 33
393 31
394 33
395 39
396 29
397 26
398 45
399 42
400 33
401 33
402 41
403 33
404 29
405 30
406 30
407 28
408 29
409 24
410 30
411 34
412 43
413 32
414 32
415 29
416 34
417 38
418 34
419 24
420 47
421 48
422 39
423 31
424 30
425 34
426 35
427 49
428 36
429 38
430 40
431 27
432 38
433 30
434 30
435 30
436 32
437 40
438 28
439 40
440 36
441 44
442 35
443 23
444 29
445 31
446 36
447 33
448 41
449 30
450 33
451 32
452 36
453 35
454 32
455 39
456 34
457 36
458 25
459 42
460 46
461 30
462 41
463 31
464 29
465 27
466 32
467 27
468 29
469 37
470 35
471 33
472 41
473 42
474 38
475 39
476 36
477 29
478 35
479 27
480 40
481 33
482 38
483 26
484 37
485 26
486 26
487 41
488 29
489 33
490 27
491 32
492 22
493 27
494 37
495 31
496 26
497 34
498 39
499 49
500 32
501 37
502 36
503 30
504 32
505 33
506 22
507 35
508 32
509 35
510 40
511 31
512 32
513 27
514 33
515 29
516 32
517 45
518 37
519 38
520 42
521 30
522 44
523 26
524 34
525 38
526 31
527 31
528 34
529 36
530 35
531 26
532 34
533 39
534 36
535 37
536 35
537 32
538 39
539 42
540 30
541 26
542 42
543 32
544 30
545 30
546 39
547 37
548 48
549 27
550 35
551 29
552 37
553 34
554 34
555 36
556 47
557 37
558 24
559 35
560 32
561 37
562 42
563 32
564 39
565 27
566 28
567 32
568 31
569 36
570 33
571 35
572 30
573 31
574 36
575 30
576 26
577 29
578 31
579 34
580 30
581 48
582 34
583 33
584 38
585 21
586 44
587 26
588 36
589 36
590 52
591 36
592 39
593 35
594 38
595 41
596 44
597 47
598 44
599 39
600 44
601 30
602 38
603 37
604 40
605 38
606 24
607 37
608 27
609 46
610 36
611 39
612 40
613 47
614 50
615 37
616 43
617 46
618 57
619 44
620 68
621 62
622 77
623 84
624 92
625 93
626 68
627 75
628 82
629 70
630 83
631 79
632 82
633 86
634 90
635 95
636 143
637 135
638 90
639 80
640 69
641 46
642 44
643 36
644 38
645 36
646 45
647 40
648 30
649 39
650 30
651 46
652 34
653 37
654 39
655 43
656 50
657 34
658 38
659 39
660 36
661 37
662 42
663 40
664 36
665 38
666 49
667 47
668 36
669 38
670 33
671 43
672 30
673 25
674 35
675 36
676 29
677 27
678 41
679 36
680 34
681 33
682 36
683 36
684 37
685 40
686 41
687 42
688 26
689 40
690 33
691 34
692 27
693 34
694 38
695 36
696 31
697 45
698 43
699 40
700 28
701 40
702 36
703 48
704 36
705 32
706 35
707 35
708 30
709 23
710 29
711 34
712 35
713 36
714 40
715 27
716 39
717 32
718 30
719 30
720 31
721 50
722 41
723 36
724 34
725 33
726 32
727 28
728 29
729 40
730 40
731 29
732 28
733 33
734 31
735 30
736 42
737 40
738 34
739 25
740 39
741 27
742 35
743 32
744 36
745 29
746 30
747 34
748 22
749 36
750 33
751 37
752 31
753 30
754 37
755 38
756 26
757 29
758 37
759 30
760 28
761 33
762 28
763 36
764 40
765 42
766 32
767 37
768 29
769 35
770 40
771 36
772 36
773 39
774 39
775 28
776 44
777 24
778 41
779 45
780 43
781 39
782 21
783 38
784 34
785 33
786 43
787 32
788 40
789 33
790 39
791 30
792 46
793 41
794 40
795 45
796 37
797 38
798 42
799 35
800 43
801 34
802 32
803 32
804 32
805 35
806 29
807 30
808 33
809 30
810 33
811 32
812 27
813 37
814 32
815 33
816 43
817 33
818 46
819 37
820 35
821 28
822 35
823 29
824 38
825 41
826 26
827 37
828 31
829 34
830 28
831 36
832 27
833 23
834 32
835 27
836 32
837 30
838 37
839 36
840 32
841 34
842 30
843 33
844 33
845 24
846 28
847 24
848 36
849 25
850 21
851 34
852 35
853 25
854 33
855 36
856 24
857 35
858 39
859 34
860 27
861 27
862 40
863 32
864 30
865 39
866 30
867 27
868 26
869 30
870 30
871 33
872 38
873 25
874 33
875 29
876 26
877 33
878 33
879 23
880 25
881 25
882 24
883 31
884 40
885 30
886 20
887 33
888 28
889 25
890 31
891 29
892 25
893 32
894 34
895 29
896 33
897 34
898 30
899 28
900 23
901 33
902 28
903 34
904 24
905 53
906 33
907 31
908 27
909 36
910 37
911 26
912 31
913 41
914 35
915 29
916 40
917 22
918 31
919 47
920 28
921 31
922 28
923 26
924 23
925 27
926 39
927 26
928 31
929 17
930 36
931 32
932 27
933 24
934 37
935 36
936 35
937 31
938 30
939 31
940 38
941 21
942 35
943 24
944 38
945 34
946 33
947 43
948 31
949 40
950 28
951 31
952 31
953 31
954 24
955 23
956 28
957 30
958 28
959 29
960 35
961 39
962 27
963 23
964 36
965 41
966 32
967 30
968 37
969 28
970 33
971 32
972 29
973 22
974 29
975 36
976 37
977 32
978 36
979 33
980 23
981 30
982 29
983 30
984 37
985 38
986 31
987 27
988 32
989 44
990 34
991 31
992 26
993 36
994 28
995 32
996 32
997 29
998 33
999 38
1000 25
1001 31
1002 33
1003 35
1004 32
1005 35
1006 28
1007 31
1008 27
1009 31
1010 31
1011 27
1012 22
1013 48
1014 24
1015 29
1016 34
1017 33
1018 36
1019 29
1020 31
1021 24
1022 25
1023 26
1024 31
1025 37
1026 30
1027 41
1028 33
1029 31
1030 39
1031 31
1032 32
1033 25
1034 25
1035 31
1036 26
1037 36
1038 41
1039 44
1040 25
1041 26
1042 35
1043 28
1044 25
1045 29
1046 25
1047 27
1048 38
1049 24
1050 36
1051 35
1052 35
1053 26
1054 36
1055 32
1056 35
1057 27
1058 29
1059 31
1060 31
1061 37
1062 26
1063 27
1064 30
1065 27
1066 42
1067 28
1068 34
1069 19
1070 27
1071 25
1072 22
1073 32
1074 29
1075 27
1076 33
1077 36
1078 25
1079 36
1080 25
1081 26
1082 40
1083 27
1084 28
1085 31
1086 34
1087 14
1088 25
1089 38
1090 30
1091 32
1092 26
1093 38
1094 27
1095 34
1096 30
1097 17
1098 45
1099 38
1100 37
1101 37
1102 35
1103 32
1104 25
1105 24
1106 33
1107 34
1108 32
1109 29
1110 40
1111 25
1112 47
1113 36
1114 28
1115 37
1116 42
1117 32
1118 33
1119 31
1120 29
1121 22
1122 21
1123 31
1124 23
1125 42
1126 28
1127 30
1128 30
1129 32
1130 30
1131 25
1132 28
1133 28
1134 28
1135 36
1136 39
1137 25
1138 40
1139 21
1140 16
1141 27
1142 30
1143 40
1144 36
1145 35
1146 29
1147 32
1148 30
1149 22
1150 26
1151 49
1152 29
1153 34
1154 58
1155 76
1156 88
1157 96
1158 110
1159 126
1160 130
1161 142
1162 163
1163 205
1164 239
1165 314
1166 307
1167 402
1168 496
1169 541
1170 523
1171 670
1172 672
1173 658
1174 474
1175 421
1176 424
1177 414
1178 369
1179 344
1180 243
1181 227
1182 165
1183 108
1184 74
1185 60
1186 44
1187 35
1188 57
1189 37
1190 27
1191 38
1192 30
1193 37
1194 35
1195 24
1196 25
1197 23
1198 31
1199 19
1200 34
1201 33
1202 22
1203 29
1204 40
1205 37
1206 35
1207 28
1208 25
1209 34
1210 27
1211 37
1212 35
1213 36
1214 40
1215 33
1216 27
1217 19
1218 29
1219 26
1220 38
1221 27
1222 28
1223 30
1224 32
1225 33
1226 21
1227 25
1228 27
1229 32
1230 25
1231 31
1232 33
1233 36
1234 30
1235 34
1236 26
1237 21
1238 27
1239 42
1240 25
1241 24
1242 34
1243 22
1244 28
1245 35
1246 30
1247 30
1248 31
1249 22
1250 39
1251 26
1252 24
1253 20
1254 37
1255 27
1256 33
1257 24
1258 26
1259 25
1260 26
1261 25
1262 33
1263 26
1264 24
1265 29
1266 12
1267 22
1268 27
1269 22
1270 24
1271 19
1272 26
1273 20
1274 24
1275 14
1276 15
1277 21
1278 9
1279 4
1280 32
1281 35
1282 32
1283 24
1284 28
1285 32
1286 23
1287 28
1288 24
1289 25
1290 15
1291 21
1292 31
1293 19
1294 18
1295 19
1296 25
1297 23
1298 16
1299 20
1300 18
1301 17
1302 24
1303 28
1304 12
1305 24
1306 15
1307 21
1308 21
1309 23
1310 23
1311 16
1312 14
1313 19
1314 22
1315 27
1316 24
1317 26
1318 21
1319 18
1320 30
1321 26
1322 28
1323 22
1324 22
1325 25
1326 22
1327 23
1328 24
1329 16
1330 25
1331 18
1332 17
1333 25
1334 18
1335 23
1336 20
1337 21
1338 19
1339 24
1340 25
1341 28
1342 18
1343 19
1344 11
1345 16
1346 17
1347 23
1348 26
1349 19
1350 22
1351 19
1352 26
1353 24
1354 19
1355 24
1356 24
1357 22
1358 20
1359 21
1360 15
1361 14
1362 17
1363 18
1364 26
1365 23
1366 34
1367 17
1368 23
1369 16
1370 24
1371 19
1372 22
1373 28
1374 14
1375 14
1376 25
1377 22
1378 19
1379 22
1380 23
1381 16
1382 28
1383 24
1384 42
1385 32
1386 43
1387 46
1388 52
1389 49
1390 56
1391 48
1392 43
1393 46
1394 51
1395 46
1396 46
1397 54
1398 34
1399 36
1400 27
1401 18
1402 22
1403 23
1404 16
1405 24
1406 19
1407 18
1408 22
1409 26
1410 14
1411 14
1412 20
1413 15
1414 14
1415 19
1416 22
1417 15
1418 29
1419 33
1420 24
1421 18
1422 23
1423 28
1424 20
1425 20
1426 18
1427 24
1428 21
1429 18
1430 18
1431 22
1432 22
1433 10
1434 22
1435 21
1436 22
1437 19
1438 26
1439 27
1440 17
1441 18
1442 20
1443 27
1444 19
1445 17
1446 21
1447 22
1448 28
1449 30
1450 17
1451 17
1452 16
1453 14
1454 19
1455 26
1456 24
1457 20
1458 32
1459 29
1460 27
1461 38
1462 36
1463 37
1464 35
1465 42
1466 44
1467 44
1468 65
1469 79
1470 96
1471 91
1472 117
1473 145
1474 120
1475 136
1476 167
1477 194
1478 205
1479 198
1480 245
1481 271
1482 298
1483 301
1484 243
1485 262
1486 228
1487 199
1488 160
1489 102
1490 84
1491 56
1492 47
1493 45
1494 37
1495 26
1496 23
1497 32
1498 34
1499 16
1500 27
1501 20
1502 21
1503 23
1504 14
1505 25
1506 36
1507 27
1508 22
1509 16
1510 15
1511 11
1512 14
1513 23
1514 15
1515 18
1516 11
1517 19
1518 18
1519 18
1520 15
1521 21
1522 10
1523 15
1524 13
1525 19
1526 15
1527 21
1528 16
1529 26
1530 20
1531 24
1532 22
1533 16
1534 14
1535 20
1536 16
1537 24
1538 21
1539 16
1540 19
1541 22
1542 22
1543 25
1544 21
1545 25
1546 22
1547 22
1548 16
1549 27
1550 21
1551 15
1552 12
1553 19
1554 22
1555 25
1556 15
1557 15
1558 19
1559 21
1560 21
1561 19
1562 18
1563 27
1564 19
1565 15
1566 17
1567 16
1568 17
1569 18
1570 24
1571 24
1572 22
1573 26
1574 28
1575 12
1576 19
1577 21
1578 20
1579 14
1580 17
1581 35
1582 13
1583 15
1584 16
1585 23
1586 17
1587 19
1588 19
1589 17
1590 14
1591 22
1592 22
1593 16
1594 15
1595 14
1596 23
1597 19
1598 20
1599 18
1600 18
1601 18
1602 20
1603 21
1604 12
1605 13
1606 23
1607 21
1608 20
1609 26
1610 21
1611 25
1612 16
1613 22
1614 18
1615 18
1616 26
1617 20
1618 25
1619 17
1620 13
1621 18
1622 17
1623 19
1624 25
1625 20
1626 19
1627 25
1628 22
1629 25
1630 27
1631 15
1632 18
1633 21
1634 14
1635 19
1636 20
1637 18
1638 24
1639 21
1640 23
1641 21
1642 13
1643 18
1644 19
1645 18
1646 22
1647 26
1648 27
1649 14
1650 19
1651 16
1652 20
1653 20
1654 16
1655 15
1656 21
1657 15
1658 16
1659 20
1660 15
1661 17
1662 13
1663 18
1664 20
1665 14
1666 18
1667 22
1668 20
1669 18
1670 20
1671 19
1672 22
1673 18
1674 25
1675 28
1676 20
1677 17
1678 27
1679 20
1680 23
1681 17
1682 19
1683 11
1684 22
1685 20
1686 18
1687 17
1688 19
1689 21
1690 23
1691 23
1692 16
1693 25
1694 21
1695 15
1696 13
1697 14
1698 14
1699 17
1700 28
1701 21
1702 17
1703 22
1704 16
1705 16
1706 18
1707 17
1708 18
1709 16
1710 20
1711 15
1712 20
1713 11
1714 21
1715 21
1716 18
1717 20
1718 22
1719 19
1720 13
1721 25
1722 16
1723 18
1724 27
1725 14
1726 23
1727 19
1728 17
1729 17
1730 21
1731 15
1732 15
1733 18
1734 20
1735 15
1736 18
1737 26
1738 22
1739 17
1740 23
1741 22
1742 13
1743 13
1744 18
1745 20
1746 19
1747 20
1748 15
1749 24
1750 24
1751 20
1752 21
1753 25
1754 21
1755 23
1756 16
1757 21
1758 15
1759 12
1760 16
1761 11
1762 16
1763 15
1764 31
1765 15
1766 16
1767 22
1768 17
1769 17
1770 14
1771 18
1772 23
1773 19
1774 22
1775 14
1776 20
1777 18
1778 20
1779 17
1780 16
1781 21
1782 14
1783 20
1784 17
1785 9
1786 17
1787 15
1788 17
1789 13
1790 25
1791 18
1792 20
1793 19
1794 14
1795 16
1796 26
1797 15
1798 17
1799 13
1800 14
1801 20
1802 21
1803 14
1804 19
1805 20
1806 22
1807 19
1808 18
1809 21
1810 18
1811 19
1812 21
1813 14
1814 16
1815 17
1816 17
1817 13
1818 16
1819 18
1820 19
1821 15
1822 12
1823 17
1824 21
1825 21
1826 14
1827 17
1828 13
1829 18
1830 12
1831 14
1832 14
1833 11
1834 12
1835 14
1836 10
1837 13
1838 13
1839 23
1840 22
1841 22
1842 15
1843 21
1844 23
1845 14
1846 18
1847 16
1848 10
1849 23
1850 16
1851 8
1852 10
1853 10
1854 12
1855 25
1856 15
1857 21
1858 29
1859 17
1860 17
1861 10
1862 21
1863 14
1864 17
1865 17
1866 17
1867 12
1868 20
1869 16
1870 18
1871 18
1872 17
1873 12
1874 8
1875 10
1876 13
1877 14
1878 16
1879 15
1880 12
1881 21
1882 17
1883 10
1884 11
1885 22
1886 17
1887 11
1888 16
1889 11
1890 19
1891 12
1892 12
1893 28
1894 20
1895 22
1896 16
1897 12
1898 20
1899 17
1900 26
1901 22
1902 18
1903 21
1904 19
1905 15
1906 15
1907 29
1908 20
1909 27
1910 17
1911 16
1912 24
1913 16
1914 17
1915 21
1916 20
1917 19
1918 16
1919 13
1920 17
1921 16
1922 22
1923 14
1924 15
1925 13
1926 18
1927 19
1928 16
1929 19
1930 19
1931 18
1932 15
1933 20
1934 20
1935 19
1936 14
1937 21
1938 18
1939 20
1940 16
1941 22
1942 19
1943 16
1944 20
1945 30
1946 31
1947 26
1948 26
1949 31
1950 40
1951 36
1952 35
1953 49
1954 45
1955 45
1956 62
1957 97
1958 111
1959 142
1960 114
1961 98
1962 126
1963 146
1964 137
1965 156
1966 141
1967 161
1968 147
1969 147
1970 129
1971 113
1972 125
1973 129
1974 89
1975 67
1976 50
1977 48
1978 32
1979 26
1980 22
1981 19
1982 21
1983 29
1984 19
1985 13
1986 16
1987 18
1988 16
1989 14
1990 23
1991 15
1992 11
1993 17
1994 15
1995 8
1996 9
1997 12
1998 15
1999 19
2000 15
2001 16
2002 13
2003 17
2004 19
2005 17
2006 19
2007 20
2008 24
2009 16
2010 18
2011 13
2012 17
2013 19
2014 16
2015 16
2016 12
2017 10
2018 20
2019 21
2020 13
2021 17
2022 15
2023 19
2024 8
2025 13
2026 20
2027 20
2028 25
2029 16
2030 19
2031 20
2032 13
2033 19
2034 14
2035 11
2036 15
2037 15
2038 12
2039 18
2040 20
2041 18
2042 12
2043 10
2044 16
2045 11
2046 15
2047 13
2048 12
2049 21
2050 13
2051 17
2052 23
2053 15
2054 14
2055 10
2056 10
2057 10
2058 17
2059 17
2060 16
2061 15
2062 19
2063 18
2064 18
2065 10
2066 21
2067 15
2068 4
2069 13
2070 18
2071 8
2072 12
2073 8
2074 13
2075 16
2076 22
2077 9
2078 12
2079 15
2080 14
2081 20
2082 14
2083 10
2084 17
2085 14
2086 16
2087 9
2088 17
2089 8
2090 20
2091 12
2092 13
2093 15
2094 12
2095 14
2096 12
2097 12
2098 14
2099 16
2100 14
2101 16
2102 9
2103 11
2104 18
2105 4
2106 15
2107 11
2108 11
2109 9
2110 14
2111 12
2112 11
2113 22
2114 13
2115 12
2116 18
2117 23
2118 14
2119 18
2120 17
2121 14
2122 8
2123 17
2124 13
2125 13
2126 22
2127 14
2128 17
2129 17
2130 18
2131 25
2132 12
2133 13
2134 9
2135 15
2136 10
2137 10
2138 16
2139 14
2140 20
2141 11
2142 20
2143 13
2144 15
2145 19
2146 16
2147 14
2148 13
2149 16
2150 15
2151 13
2152 13
2153 18
2154 17
2155 9
2156 14
2157 10
2158 18
2159 12
2160 12
2161 15
2162 14
2163 9
2164 12
2165 10
2166 11
2167 15
2168 10
2169 18
2170 12
2171 11
2172 16
2173 20
2174 15
2175 9
2176 13
2177 15
2178 17
2179 9
2180 16
2181 11
2182 18
2183 15
2184 12
2185 15
2186 14
2187 13
2188 10
2189 10
2190 16
2191 16
2192 12
2193 14
2194 10
2195 18
2196 14
2197 14
2198 18
2199 17
2200 19
2201 14
2202 10
2203 17
2204 21
2205 16
2206 18
2207 24
2208 10
2209 27
2210 26
2211 36
2212 35
2213 36
2214 38
2215 42
2216 58
2217 74
2218 91
2219 121
2220 110
2221 132
2222 153
2223 141
2224 215
2225 259
2226 324
2227 305
2228 314
2229 370
2230 408
2231 398
2232 333
2233 389
2234 334
2235 321
2236 353
2237 312
2238 366
2239 294
2240 224
2241 197
2242 189
2243 221
2244 237
2245 204
2246 178
2247 155
2248 117
2249 87
2250 55
2251 46
2252 36
2253 26
2254 32
2255 27
2256 20
2257 20
2258 28
2259 26
2260 23
2261 13
2262 23
2263 11
2264 12
2265 10
2266 17
2267 12
2268 20
2269 19
2270 16
2271 14
2272 10
2273 12
2274 9
2275 22
2276 14
2277 15
2278 15
2279 14
2280 12
2281 10
2282 13
2283 9
2284 14
2285 16
2286 16
2287 21
2288 14
2289 22
2290 18
2291 15
2292 19
2293 15
2294 10
2295 7
2296 17
2297 15
2298 10
2299 14
2300 14
2301 12
2302 11
2303 15
2304 23
2305 17
2306 15
2307 15
2308 9
2309 20
2310 16
2311 11
2312 14
2313 17
2314 13
2315 12
2316 15
2317 9
2318 13
2319 7
2320 9
2321 12
2322 12
2323 12
2324 20
2325 12
2326 9
2327 16
2328 12
2329 21
2330 10
2331 13
2332 17
2333 8
2334 10
2335 11
2336 16
2337 16
2338 17
2339 14
2340 12
2341 13
2342 8
2343 19
2344 16
2345 13
2346 14
2347 10
2348 15
2349 14
2350 17
2351 13
2352 12
2353 12
2354 12
2355 20
2356 16
2357 22
2358 20
2359 7
2360 9
2361 13
2362 17
2363 9
2364 8
2365 23
2366 15
2367 19
2368 16
2369 7
2370 14
2371 18
2372 20
2373 9
2374 17
2375 13
2376 8
2377 10
2378 17
2379 12
2380 16
2381 12
2382 11
2383 13
2384 11
2385 10
2386 7
2387 7
2388 16
2389 11
2390 11
2391 9
2392 9
2393 8
2394 14
2395 9
2396 10
2397 9
2398 16
2399 15
2400 18
2401 15
2402 12
2403 12
2404 13
2405 15
2406 16
2407 11
2408 11
2409 11
2410 16
2411 17
2412 17
2413 17
2414 13
2415 18
2416 13
2417 12
2418 12
2419 14
2420 12
2421 10
2422 9
2423 12
2424 11
2425 10
2426 12
2427 22
2428 24
2429 22
2430 18
2431 32
2432 41
2433 37
2434 34
2435 53
2436 65
2437 60
2438 61
2439 71
2440 64
2441 61
2442 72
2443 87
2444 107
2445 114
2446 99
2447 81
2448 89
2449 64
2450 58
2451 71
2452 63
2453 69
2454 37
2455 43
2456 50
2457 50
2458 38
2459 31
2460 34
2461 24
2462 23
2463 16
2464 20
2465 21
2466 16
2467 20
2468 19
2469 25
2470 13
2471 14
2472 12
2473 14
2474 14
2475 12
2476 11
2477 17
2478 14
2479 14
2480 21
2481 10
2482 12
2483 13
2484 11
2485 18
2486 9
2487 10
2488 9
2489 13
2490 15
2491 16
2492 11
2493 7
2494 9
2495 14
2496 13
2497 12
2498 10
2499 18
2500 11
2501 13
2502 14
2503 14
2504 15
2505 10
2506 14
2507 9
2508 11
2509 15
2510 7
2511 12
2512 10
2513 10
2514 11
2515 13
2516 11
2517 5
2518 14
2519 18
2520 12
2521 12
2522 10
2523 11
2524 9
2525 12
2526 17
2527 14
2528 14
2529 14
2530 11
2531 11
2532 12
2533 11
2534 9
2535 11
2536 13
2537 9
2538 8
2539 13
2540 8
2541 10
2542 15
2543 16
2544 19
2545 7
2546 9
2547 6
2548 9
2549 9
2550 10
2551 12
2552 14
2553 11
2554 10
2555 10
2556 18
2557 17
2558 15
2559 19
