0 39
1 30
2 32
3 35
4 27
5 30
6 35
7 18
8 27
9 32
10 26
11 45
12 29
13 35
14 27
15 34
16 20
17 35
18 29
19 28
20 32
21 33
22 29
23 23
24 30
25 35
26 36
27 24
28 29
29 29
30 32
31 35
32 35
33 42
34 27
35 28
36 35
37 24
38 32
39 20
40 35
41 36
42 19
43 38
44 38
45 39
46 34
47 32
48 41
49 23
50 31
51 30
52 35
53 30
54 30
55 25
56 28
57 34
58 33
59 24
60 34
61 34
62 28
63 33
64 32
65 26
66 30
67 30
68 35
69 30
70 36
71 30
72 30
73 35
74 27
75 25
76 39
77 29
78 37
79 33
80 30
81 33
82 36
83 37
84 29
85 22
86 31
87 28
88 22
89 34
90 39
91 20
92 28
93 28
94 30
95 38
96 31
97 30
98 30
99 20
100 21
101 28
102 35
103 33
104 37
105 33
106 27
107 28
108 38
109 30
110 36
111 27
112 28
113 30
114 25
115 28
116 37
117 32
118 28
119 38
120 20
121 32
122 27
123 33
124 33
125 34
126 22
127 28
128 28
129 23
130 31
131 33
132 22
133 30
134 31
135 28
136 42
137 31
138 23
139 47
140 46
141 30
142 25
143 40
144 30
145 31
146 34
147 23
148 42
149 33
150 35
151 31
152 35
153 25
154 30
155 26
156 39
157 31
158 31
159 23
160 32
161 30
162 35
163 24
164 40
165 40
166 34
167 41
168 30
169 26
170 21
171 19
172 38
173 29
174 31
175 34
176 32
177 33
178 35
179 39
180 40
181 37
182 40
183 25
184 19
185 29
186 38
187 38
188 29
189 34
190 31
191 33
192 21
193 23
194 32
195 28
196 32
197 30
198 36
199 29
200 36
201 36
202 27
203 29
204 26
205 33
206 30
207 35
208 20
209 33
210 27
211 40
212 34
213 30
214 33
215 33
216 45
217 32
218 42
219 31
220 26
221 41
222 32
223 31
224 43
225 32
226 31
227 28
228 33
229 40
230 37
231 32
232 29
233 28
234 30
235 31
236 32
237 36
238 45
239 30
240 36
241 30
242 28
243 27
244 39
245 27
246 29
247 30
248 26
249 41
250 41
251 36
252 36
253 27
254 39
255 41
256 33
257 23
258 36
259 32
260 29
261 28
262 32
263 35
264 26
265 46
266 27
267 35
268 40
269 31
270 32
271 38
272 26
273 32
274 41
275 39
276 36
277 46
278 42
279 25
280 33
281 31
282 40
283 35
284 42
285 38
286 43
287 29
288 35
289 43
290 31
291 45
292 35
293 42
294 32
295 47
296 40
297 35
298 28
299 21
300 35
301 38
302 29
303 30
304 42
305 25
306 37
307 43
308 38
309 39
310 47
311 32
312 34
313 40
314 34
315 34
316 39
317 41
318 27
319 29
320 28
321 29
322 35
323 36
324 28
325 33
326 33
327 41
328 40
329 26
330 35
331 25
332 41
333 38
334 35
335 39
336 35
337 41
338 35
339 36
340 33
341 34
342 39
343 33
344 35
345 34
346 26
347 30
348 33
349 28
350 34
351 35
352 34
353 36
354 39
355 34
356 31
357 32
358 43
359 32
360 43
361 36
362 36
363 28
364 42
365 40
366 45
367 37
368 29
369 30
370 34
371 41
372 33
373 36
374 34
375 46
376 31
377 30
378 32
379 37
380 34
381 36
382 34
383 35
384 43
385 39
386 42
387 34
388 34
389 33
390 50
391 38
392 46
393 30
394 42
395 49
396 35
397 32
398 28
399 46
400 34
401 38
402 41
403 41
404 45
405 32
406 41
407 46
408 39
409 46
410 45
411 33
412 29
413 34
414 37
415 32
416 30
417 43
418 34
419 46
420 30
421 44
422 28
423 35
424 41
425 43
426 38
427 43
428 31
429 39
430 27
431 48
432 29
433 38
434 45
435 26
436 36
437 40
438 38
439 35
440 36
441 35
442 30
443 39
444 41
445 29
446 40
447 33
448 38
449 44
450 48
451 37
452 38
453 37
454 30
455 34
456 25
457 36
458 36
459 37
460 25
461 26
462 32
463 38
464 40
465 33
466 32
467 40
468 30
469 40
470 31
471 41
472 33
473 40
474 48
475 41
476 45
477 26
478 33
479 31
480 36
481 39
482 45
483 33
484 36
485 52
486 35
487 45
488 33
489 36
490 40
491 41
492 37
493 35
494 36
495 31
496 30
497 36
498 44
499 43
500 34
501 28
502 31
503 31
504 48
505 32
506 40
507 53
508 42
509 38
510 36
511 42
512 42
513 38
514 36
515 33
516 36
517 37
518 41
519 43
520 43
521 41
522 53
523 44
524 38
525 42
526 33
527 34
528 37
529 36
530 41
531 45
532 39
533 41
534 38
535 40
536 36
537 45
538 49
539 40
540 60
541 45
542 54
543 59
544 51
545 57
546 52
547 48
548 66
549 44
550 55
551 53
552 53
553 72
554 71
555 96
556 73
557 81
558 83
559 66
560 67
561 76
562 86
563 77
564 79
565 88
566 80
567 90
568 103
569 100
570 111
571 75
572 69
573 61
574 53
575 35
576 37
577 35
578 50
579 42
580 42
581 47
582 42
583 51
584 45
585 36
586 40
587 41
588 38
589 41
590 30
591 38
592 41
593 29
594 32
595 41
596 53
597 47
598 52
599 35
600 31
601 35
602 40
603 32
604 39
605 39
606 35
607 31
608 44
609 43
610 36
611 27
612 43
613 45
614 47
615 40
616 36
617 39
618 36
619 36
620 39
621 28
622 35
623 32
624 50
625 50
626 44
627 42
628 43
629 40
630 38
631 36
632 34
633 30
634 33
635 37
636 36
637 36
638 52
639 49
640 40
641 45
642 42
643 34
644 36
645 44
646 31
647 56
648 34
649 45
650 48
651 36
652 39
653 37
654 41
655 29
656 44
657 39
658 45
659 44
660 45
661 26
662 30
663 44
664 43
665 32
666 45
667 59
668 38
669 42
670 49
671 51
672 34
673 37
674 51
675 41
676 43
677 36
678 48
679 33
680 33
681 28
682 38
683 34
684 39
685 46
686 38
687 31
688 36
689 41
690 35
691 41
692 39
693 36
694 40
695 34
696 48
697 42
698 53
699 43
700 41
701 34
702 44
703 33
704 34
705 41
706 41
707 27
708 30
709 29
710 48
711 49
712 40
713 36
714 28
715 35
716 33
717 41
718 30
719 39
720 32
721 35
722 38
723 38
724 43
725 26
726 46
727 43
728 46
729 35
730 34
731 36
732 29
733 35
734 40
735 34
736 26
737 43
738 41
739 39
740 41
741 34
742 36
743 33
744 39
745 37
746 41
747 31
748 45
749 38
750 40
751 35
752 32
753 30
754 32
755 40
756 50
757 30
758 29
759 43
760 41
761 26
762 48
763 28
764 33
765 37
766 27
767 34
768 34
769 40
770 43
771 46
772 28
773 42
774 35
775 41
776 38
777 36
778 38
779 46
780 31
781 45
782 33
783 35
784 31
785 31
786 42
787 39
788 47
789 47
790 35
791 39
792 30
793 37
794 47
795 23
796 30
797 34
798 42
799 34
800 33
801 38
802 23
803 44
804 33
805 39
806 23
807 38
808 39
809 35
810 40
811 32
812 20
813 42
814 25
815 35
816 38
817 31
818 34
819 33
820 34
821 34
822 43
823 35
824 23
825 44
826 41
827 52
828 34
829 41
830 34
831 31
832 28
833 33
834 45
835 37
836 38
837 48
838 30
839 42
840 31
841 34
842 31
843 30
844 21
845 30
846 30
847 35
848 50
849 35
850 30
851 36
852 34
853 39
854 42
855 41
856 55
857 30
858 31
859 29
860 29
861 39
862 29
863 53
864 40
865 42
866 30
867 34
868 35
869 42
870 37
871 29
872 37
873 40
874 30
875 28
876 45
877 36
878 30
879 22
880 36
881 28
882 47
883 31
884 36
885 35
886 23
887 30
888 25
889 50
890 36
891 38
892 27
893 33
894 40
895 28
896 37
897 36
898 37
899 43
900 33
901 23
902 38
903 32
904 42
905 39
906 33
907 32
908 38
909 37
910 45
911 30
912 26
913 32
914 38
915 35
916 27
917 34
918 32
919 33
920 31
921 34
922 33
923 32
924 43
925 33
926 41
927 31
928 38
929 31
930 32
931 36
932 35
933 29
934 33
935 35
936 24
937 25
938 35
939 32
940 30
941 22
942 25
943 31
944 27
945 32
946 36
947 29
948 41
949 36
950 36
951 44
952 30
953 27
954 31
955 34
956 40
957 30
958 25
959 40
960 36
961 38
962 33
963 31
964 26
965 26
966 23
967 26
968 35
969 30
970 26
971 29
972 33
973 43
974 32
975 36
976 32
977 44
978 39
979 25
980 40
981 25
982 37
983 24
984 36
985 40
986 29
987 26
988 22
989 35
990 29
991 33
992 30
993 21
994 28
995 34
996 29
997 32
998 35
999 37
1000 24
1001 35
1002 32
1003 35
1004 24
1005 34
1006 28
1007 34
1008 34
1009 32
1010 33
1011 32
1012 34
1013 31
1014 33
1015 31
1016 39
1017 36
1018 22
1019 34
1020 32
1021 33
1022 31
1023 36
1024 32
1025 43
1026 38
1027 40
1028 41
1029 46
1030 33
1031 34
1032 37
1033 37
1034 45
1035 39
1036 38
1037 37
1038 34
1039 39
1040 41
1041 50
1042 34
1043 53
1044 40
1045 46
1046 38
1047 32
1048 37
1049 32
1050 36
1051 37
1052 31
1053 32
1054 38
1055 36
1056 35
1057 37
1058 37
1059 39
1060 40
1061 34
1062 45
1063 40
1064 35
1065 42
1066 47
1067 67
1068 63
1069 76
1070 72
1071 122
1072 129
1073 145
1074 134
1075 205
1076 246
1077 235
1078 236
1079 250
1080 245
1081 275
1082 320
1083 387
1084 460
1085 568
1086 554
1087 443
1088 490
1089 485
1090 535
1091 508
1092 536
1093 419
1094 318
1095 216
1096 177
1097 158
1098 104
1099 87
1100 54
1101 54
1102 56
1103 35
1104 34
1105 37
1106 47
1107 41
1108 32
1109 36
1110 41
1111 41
1112 42
1113 28
1114 33
1115 31
1116 40
1117 33
1118 44
1119 29
1120 45
1121 42
1122 29
1123 23
1124 39
1125 24
1126 30
1127 33
1128 32
1129 46
1130 26
1131 25
1132 46
1133 35
1134 27
1135 20
1136 38
1137 30
1138 37
1139 41
1140 31
1141 27
1142 32
1143 41
1144 37
1145 39
1146 34
1147 21
1148 22
1149 26
1150 37
1151 32
1152 44
1153 29
1154 32
1155 34
1156 40
1157 26
1158 49
1159 37
1160 48
1161 37
1162 27
1163 33
1164 35
1165 29
1166 33
1167 29
1168 23
1169 36
1170 27
1171 31
1172 40
1173 29
1174 23
1175 24
1176 28
1177 36
1178 25
1179 34
1180 23
1181 28
1182 22
1183 28
1184 24
1185 31
1186 32
1187 32
1188 26
1189 32
1190 46
1191 35
1192 26
1193 32
1194 36
1195 24
1196 40
1197 36
1198 27
1199 35
1200 30
1201 22
1202 26
1203 30
1204 37
1205 34
1206 42
1207 29
1208 24
1209 31
1210 28
1211 45
1212 40
1213 45
1214 45
1215 47
1216 60
1217 46
1218 64
1219 101
1220 122
1221 102
1222 106
1223 99
1224 74
1225 75
1226 74
1227 63
1228 68
1229 54
1230 44
1231 48
1232 55
1233 47
1234 34
1235 26
1236 34
1237 30
1238 19
1239 20
1240 24
1241 35
1242 30
1243 35
1244 22
1245 30
1246 26
1247 25
1248 28
1249 25
1250 28
1251 32
1252 24
1253 28
1254 22
1255 28
1256 36
1257 28
1258 27
1259 17
1260 30
1261 32
1262 30
1263 29
1264 23
1265 28
1266 33
1267 26
1268 18
1269 21
1270 34
1271 20
1272 26
1273 20
1274 23
1275 17
1276 19
1277 13
1278 12
1279 29
1280 35
1281 35
1282 28
1283 35
1284 44
1285 41
1286 23
1287 26
1288 25
1289 33
1290 33
1291 39
1292 48
1293 32
1294 56
1295 65
1296 51
1297 40
1298 44
1299 54
1300 31
1301 35
1302 36
1303 29
1304 32
1305 30
1306 28
1307 21
1308 25
1309 19
1310 27
1311 32
1312 21
1313 27
1314 19
1315 29
1316 27
1317 22
1318 27
1319 24
1320 28
1321 22
1322 24
1323 23
1324 18
1325 19
1326 22
1327 26
1328 21
1329 30
1330 29
1331 24
1332 29
1333 24
1334 21
1335 13
1336 19
1337 21
1338 21
1339 13
1340 24
1341 29
1342 26
1343 21
1344 27
1345 24
1346 36
1347 28
1348 18
1349 28
1350 21
1351 26
1352 24
1353 31
1354 22
1355 30
1356 24
1357 25
1358 24
1359 33
1360 33
1361 35
1362 30
1363 45
1364 53
1365 42
1366 46
1367 50
1368 71
1369 91
1370 109
1371 100
1372 114
1373 139
1374 158
1375 193
1376 206
1377 188
1378 257
1379 300
1380 318
1381 262
1382 299
1383 305
1384 262
1385 272
1386 231
1387 171
1388 123
1389 125
1390 110
1391 60
1392 44
1393 45
1394 41
1395 41
1396 30
1397 32
1398 25
1399 27
1400 18
1401 24
1402 20
1403 27
1404 28
1405 30
1406 25
1407 19
1408 19
1409 25
1410 32
1411 19
1412 33
1413 24
1414 27
1415 13
1416 35
1417 12
1418 24
1419 16
1420 26
1421 26
1422 19
1423 23
1424 24
1425 14
1426 25
1427 21
1428 26
1429 20
1430 27
1431 21
1432 29
1433 29
1434 30
1435 24
1436 30
1437 30
1438 21
1439 22
1440 23
1441 20
1442 26
1443 21
1444 23
1445 26
1446 25
1447 22
1448 12
1449 21
1450 27
1451 24
1452 23
1453 28
1454 26
1455 21
1456 13
1457 20
1458 24
1459 31
1460 23
1461 27
1462 18
1463 20
1464 16
1465 26
1466 32
1467 20
1468 26
1469 24
1470 17
1471 19
1472 18
1473 22
1474 33
1475 31
1476 23
1477 28
1478 23
1479 29
1480 25
1481 19
1482 21
1483 20
1484 22
1485 19
1486 25
1487 18
1488 32
1489 17
1490 28
1491 28
1492 21
1493 26
1494 14
1495 22
1496 23
1497 14
1498 24
1499 15
1500 27
1501 19
1502 20
1503 14
1504 23
1505 12
1506 24
1507 24
1508 25
1509 23
1510 22
1511 13
1512 20
1513 24
1514 23
1515 26
1516 23
1517 23
1518 25
1519 32
1520 21
1521 21
1522 27
1523 27
1524 21
1525 17
1526 19
1527 10
1528 22
1529 22
1530 21
1531 27
1532 16
1533 18
1534 15
1535 22
1536 16
1537 22
1538 21
1539 14
1540 24
1541 22
1542 21
1543 23
1544 15
1545 18
1546 23
1547 22
1548 25
1549 13
1550 26
1551 22
1552 13
1553 20
1554 20
1555 16
1556 23
1557 23
1558 23
1559 13
1560 14
1561 23
1562 22
1563 20
1564 23
1565 19
1566 29
1567 18
1568 18
1569 12
1570 18
1571 21
1572 22
1573 19
1574 16
1575 18
1576 18
1577 23
1578 17
1579 9
1580 25
1581 22
1582 18
1583 23
1584 16
1585 19
1586 26
1587 26
1588 22
1589 17
1590 21
1591 24
1592 23
1593 23
1594 21
1595 13
1596 16
1597 14
1598 17
1599 21
1600 17
1601 13
1602 23
1603 16
1604 16
1605 16
1606 15
1607 16
1608 19
1609 20
1610 26
1611 17
1612 33
1613 26
1614 19
1615 22
1616 20
1617 21
1618 14
1619 14
1620 26
1621 18
1622 23
1623 21
1624 22
1625 20
1626 19
1627 14
1628 20
1629 21
1630 21
1631 17
1632 15
1633 19
1634 15
1635 12
1636 24
1637 17
1638 20
1639 16
1640 25
1641 21
1642 17
1643 22
1644 21
1645 18
1646 15
1647 18
1648 12
1649 17
1650 23
1651 15
1652 22
1653 22
1654 25
1655 19
1656 25
1657 19
1658 23
1659 22
1660 12
1661 25
1662 13
1663 18
1664 15
1665 18
1666 16
1667 12
1668 19
1669 24
1670 13
1671 11
1672 19
1673 21
1674 22
1675 17
1676 10
1677 13
1678 15
1679 10
1680 25
1681 15
1682 11
1683 17
1684 16
1685 26
1686 18
1687 18
1688 23
1689 22
1690 14
1691 17
1692 20
1693 17
1694 15
1695 9
1696 14
1697 17
1698 18
1699 20
1700 20
1701 21
1702 14
1703 18
1704 19
1705 21
1706 16
1707 22
1708 15
1709 30
1710 19
1711 20
1712 16
1713 19
1714 16
1715 17
1716 20
1717 20
1718 16
1719 14
1720 19
1721 15
1722 21
1723 13
1724 19
1725 13
1726 17
1727 11
1728 17
1729 23
1730 17
1731 11
1732 16
1733 19
1734 22
1735 19
1736 21
1737 19
1738 13
1739 19
1740 18
1741 14
1742 15
1743 7
1744 12
1745 13
1746 10
1747 25
1748 18
1749 11
1750 20
1751 18
1752 15
1753 17
1754 14
1755 20
1756 14
1757 13
1758 20
1759 18
1760 13
1761 16
1762 22
1763 29
1764 20
1765 20
1766 14
1767 18
1768 19
1769 20
1770 24
1771 13
1772 19
1773 25
1774 18
1775 22
1776 24
1777 20
1778 18
1779 21
1780 19
1781 20
1782 17
1783 18
1784 21
1785 27
1786 33
1787 22
1788 20
1789 22
1790 24
1791 34
1792 22
1793 15
1794 27
1795 27
1796 22
1797 17
1798 19
1799 19
1800 19
1801 26
1802 17
1803 14
1804 19
1805 21
1806 21
1807 14
1808 14
1809 29
1810 23
1811 21
1812 26
1813 24
1814 12
1815 16
1816 11
1817 11
1818 29
1819 18
1820 22
1821 27
1822 24
1823 20
1824 17
1825 25
1826 18
1827 26
1828 28
1829 31
1830 38
1831 24
1832 23
1833 27
1834 40
1835 45
1836 37
1837 53
1838 78
1839 63
1840 79
1841 58
1842 62
1843 92
1844 189
1845 130
1846 88
1847 89
1848 82
1849 69
1850 60
1851 76
1852 77
1853 85
1854 69
1855 86
1856 67
1857 71
1858 69
1859 46
1860 34
1861 40
1862 18
1863 27
1864 28
1865 15
1866 16
1867 15
1868 23
1869 19
1870 14
1871 19
1872 19
1873 15
1874 16
1875 19
1876 18
1877 18
1878 17
1879 16
1880 18
1881 23
1882 18
1883 15
1884 16
1885 19
1886 23
1887 13
1888 17
1889 17
1890 13
1891 18
1892 14
1893 17
1894 19
1895 14
1896 25
1897 23
1898 19
1899 22
1900 18
1901 14
1902 14
1903 16
1904 19
1905 11
1906 18
1907 21
1908 11
1909 20
1910 16
1911 20
1912 25
1913 23
1914 18
1915 17
1916 16
1917 13
1918 18
1919 14
1920 16
1921 13
1922 15
1923 14
1924 19
1925 15
1926 23
1927 24
1928 16
1929 18
1930 18
1931 11
1932 22
1933 16
1934 23
1935 20
1936 14
1937 20
1938 17
1939 14
1940 18
1941 16
1942 15
1943 11
1944 22
1945 12
1946 16
1947 20
1948 17
1949 12
1950 19
1951 24
1952 27
1953 11
1954 18
1955 21
1956 13
1957 15
1958 14
1959 19
1960 13
1961 14
1962 27
1963 21
1964 13
1965 12
1966 19
1967 22
1968 19
1969 26
1970 12
1971 15
1972 15
1973 18
1974 13
1975 14
1976 15
1977 19
1978 19
1979 14
1980 19
1981 4
1982 12
1983 16
1984 13
1985 22
1986 12
1987 12
1988 16
1989 14
1990 17
1991 16
1992 23
1993 16
1994 17
1995 14
1996 15
1997 13
1998 23
1999 20
2000 17
2001 17
2002 14
2003 21
2004 15
2005 13
2006 22
2007 17
2008 16
2009 19
2010 13
2011 20
2012 19
2013 11
2014 18
2015 22
2016 17
2017 18
2018 13
2019 23
2020 20
2021 20
2022 8
2023 16
2024 19
2025 20
2026 17
2027 17
2028 13
2029 23
2030 13
2031 24
2032 21
2033 10
2034 21
2035 19
2036 10
2037 13
2038 13
2039 16
2040 12
2041 14
2042 17
2043 13
2044 13
2045 21
2046 17
2047 25
2048 16
2049 17
2050 12
2051 12
2052 16
2053 13
2054 23
2055 16
2056 17
2057 19
2058 20
2059 13
2060 14
2061 16
2062 16
2063 12
2064 16
2065 17
2066 16
2067 16
2068 20
2069 21
2070 16
2071 14
2072 16
2073 17
2074 20
2075 22
2076 27
2077 25
2078 25
2079 24
2080 26
2081 22
2082 27
2083 31
2084 41
2085 43
2086 37
2087 33
2088 56
2089 67
2090 58
2091 76
2092 112
2093 126
2094 138
2095 189
2096 226
2097 220
2098 243
2099 257
2100 251
2101 312
2102 337
2103 404
2104 359
2105 455
2106 430
2107 384
2108 374
2109 428
2110 428
2111 383
2112 298
2113 255
2114 190
2115 146
2116 164
2117 199
2118 223
2119 153
2120 154
2121 150
2122 132
2123 67
2124 72
2125 55
2126 50
2127 50
2128 44
2129 24
2130 26
2131 35
2132 21
2133 17
2134 22
2135 30
2136 17
2137 13
2138 18
2139 22
2140 23
2141 21
2142 13
2143 19
2144 13
2145 16
2146 21
2147 15
2148 24
2149 12
2150 21
2151 16
2152 18
2153 12
2154 10
2155 17
2156 15
2157 16
2158 18
2159 12
2160 14
2161 20
2162 15
2163 13
2164 23
2165 11
2166 18
2167 15
2168 12
2169 14
2170 12
2171 13
2172 8
2173 15
2174 14
2175 22
2176 10
2177 18
2178 18
2179 17
2180 20
2181 14
2182 15
2183 12
2184 22
2185 20
2186 15
2187 11
2188 21
2189 17
2190 11
2191 14
2192 20
2193 19
2194 16
2195 13
2196 13
2197 20
2198 18
2199 23
2200 13
2201 9
2202 17
2203 14
2204 11
2205 15
2206 12
2207 13
2208 16
2209 13
2210 17
2211 17
2212 18
2213 19
2214 15
2215 12
2216 14
2217 17
2218 14
2219 21
2220 19
2221 14
2222 13
2223 18
2224 14
2225 9
2226 11
2227 18
2228 28
2229 16
2230 24
2231 18
2232 14
2233 19
2234 14
2235 22
2236 20
2237 15
2238 13
2239 19
2240 13
2241 21
2242 18
2243 18
2244 15
2245 11
2246 10
2247 18
2248 19
2249 13
2250 12
2251 15
2252 20
2253 10
2254 13
2255 17
2256 11
2257 21
2258 13
2259 12
2260 11
2261 13
2262 12
2263 9
2264 11
2265 12
2266 12
2267 16
2268 25
2269 11
2270 13
2271 13
2272 18
2273 11
2274 12
2275 20
2276 18
2277 16
2278 12
2279 12
2280 22
2281 27
2282 13
2283 13
2284 7
2285 16
2286 18
2287 20
2288 17
2289 25
2290 15
2291 19
2292 25
2293 20
2294 28
2295 28
2296 47
2297 45
2298 43
2299 53
2300 60
2301 55
2302 57
2303 56
2304 44
2305 54
2306 60
2307 54
2308 63
2309 60
2310 68
2311 48
2312 67
2313 79
2314 100
2315 85
2316 74
2317 42
2318 53
2319 50
2320 43
2321 44
2322 42
2323 29
2324 41
2325 36
2326 34
2327 22
2328 23
2329 23
2330 22
2331 18
2332 20
2333 26
2334 22
2335 14
2336 13
2337 13
2338 16
2339 13
2340 16
2341 14
2342 15
2343 12
2344 18
2345 11
2346 20
2347 12
2348 16
2349 16
2350 11
2351 12
2352 21
2353 9
2354 18
2355 12
2356 15
2357 14
2358 5
2359 8
2360 15
2361 20
2362 11
2363 14
2364 15
2365 12
2366 16
2367 8
2368 7
2369 7
2370 16
2371 16
2372 16
2373 13
2374 8
2375 13
2376 12
2377 7
2378 13
2379 14
2380 12
2381 12
2382 14
2383 17
2384 12
2385 11
2386 11
2387 5
2388 20
2389 11
2390 13
2391 10
2392 10
2393 14
2394 10
2395 17
2396 17
2397 18
2398 8
2399 14
2400 12
2401 10
2402 14
2403 11
2404 11
2405 13
2406 6
2407 14
2408 9
2409 17
2410 16
2411 12
2412 11
2413 18
2414 11
2415 10
2416 14
2417 15
2418 13
2419 15
2420 12
2421 16
2422 19
2423 12
2424 9
2425 11
2426 14
2427 10
2428 11
2429 13
2430 13
2431 16
2432 10
2433 7
2434 10
2435 10
2436 8
2437 10
2438 8
2439 12
2440 11
2441 13
2442 15
2443 13
2444 16
2445 12
2446 10
2447 12
2448 11
2449 10
2450 14
2451 12
2452 13
2453 11
2454 10
2455 9
2456 12
2457 9
2458 10
2459 16
2460 18
2461 16
2462 15
2463 16
2464 16
2465 15
2466 13
2467 13
2468 15
2469 9
2470 13
2471 16
2472 11
2473 13
2474 9
2475 9
2476 10
2477 17
2478 16
2479 11
2480 20
2481 14
2482 15
2483 12
2484 10
2485 12
2486 10
2487 9
2488 15
2489 9
2490 9
2491 10
2492 9
2493 8
2494 12
2495 14
2496 17
2497 13
2498 12
2499 10
2500 13
2501 7
2502 14
2503 9
2504 9
2505 11
2506 12
2507 20
2508 9
2509 9
2510 14
2511 14
2512 7
2513 12
2514 11
2515 13
2516 16
2517 13
2518 12
2519 10
2520 18
2521 15
2522 10
2523 10
2524 13
2525 9
2526 10
2527 11
2528 10
2529 9
2530 12
2531 8
2532 11
2533 9
2534 7
2535 15
2536 9
2537 14
2538 9
2539 14
2540 11
2541 13
2542 8
2543 12
2544 13
2545 18
2546 9
2547 17
2548 12
2549 4
2550 10
2551 8
2552 6
2553 15
2554 14
2555 13
2556 18
2557 13
2558 12
2559 13
