0 40
1 22
2 21
3 24
4 24
5 20
6 25
7 33
8 32
9 28
10 21
11 30
12 22
13 33
14 27
15 20
16 30
17 32
18 19
19 32
20 30
21 21
22 18
23 25
24 19
25 36
26 26
27 26
28 26
29 24
30 24
31 22
32 15
33 24
34 20
35 21
36 28
37 27
38 27
39 26
40 26
41 28
42 15
43 21
44 27
45 26
46 28
47 27
48 27
49 37
50 23
51 19
52 26
53 21
54 30
55 31
56 29
57 25
58 20
59 26
60 29
61 33
62 18
63 27
64 22
65 28
66 37
67 22
68 33
69 22
70 33
71 26
72 26
73 26
74 22
75 29
76 30
77 28
78 23
79 29
80 26
81 18
82 26
83 26
84 36
85 24
86 28
87 30
88 25
89 36
90 27
91 35
92 33
93 27
94 19
95 23
96 26
97 16
98 24
99 22
100 19
101 28
102 24
103 22
104 19
105 25
106 30
107 33
108 16
109 21
110 19
111 23
112 23
113 30
114 28
115 26
116 23
117 25
118 18
119 28
120 32
121 25
122 28
123 35
124 27
125 32
126 30
127 26
128 24
129 27
130 18
131 39
132 24
133 30
134 36
135 33
136 28
137 28
138 26
139 30
140 18
141 17
142 23
143 24
144 27
145 22
146 32
147 28
148 31
149 35
150 43
151 21
152 27
153 24
154 22
155 31
156 29
157 40
158 25
159 30
160 26
161 28
162 15
163 24
164 32
165 27
166 23
167 25
168 29
169 33
170 31
171 20
172 33
173 26
174 32
175 36
176 28
177 37
178 25
179 18
180 28
181 23
182 32
183 22
184 15
185 21
186 25
187 29
188 30
189 31
190 28
191 32
192 37
193 32
194 33
195 22
196 29
197 18
198 27
199 25
200 35
201 26
202 35
203 30
204 28
205 29
206 37
207 29
208 25
209 26
210 28
211 23
212 22
213 30
214 25
215 23
216 25
217 34
218 33
219 39
220 33
221 29
222 29
223 23
224 28
225 25
226 25
227 41
228 32
229 26
230 29
231 35
232 30
233 27
234 26
235 28
236 25
237 24
238 26
239 30
240 28
241 24
242 34
243 36
244 23
245 29
246 20
247 36
248 22
249 26
250 37
251 31
252 34
253 25
254 31
255 31
256 32
257 36
258 19
259 29
260 30
261 36
262 26
263 31
264 34
265 31
266 27
267 33
268 31
269 31
270 28
271 26
272 29
273 30
274 27
275 34
276 28
277 34
278 28
279 29
280 44
281 29
282 31
283 33
284 33
285 34
286 29
287 23
288 27
289 32
290 30
291 27
292 19
293 26
294 32
295 26
296 24
297 33
298 26
299 24
300 24
301 28
302 25
303 30
304 29
305 39
306 29
307 33
308 19
309 25
310 39
311 28
312 36
313 31
314 34
315 24
316 36
317 24
318 35
319 31
320 35
321 35
322 25
323 30
324 28
325 36
326 35
327 19
328 30
329 34
330 28
331 31
332 26
333 26
334 32
335 20
336 23
337 34
338 20
339 28
340 29
341 30
342 30
343 35
344 23
345 31
346 27
347 36
348 31
349 36
350 30
351 38
352 36
353 35
354 37
355 31
356 25
357 26
358 37
359 27
360 22
361 31
362 33
363 32
364 33
365 38
366 31
367 29
368 23
369 23
370 48
371 34
372 31
373 33
374 27
375 37
376 28
377 23
378 17
379 46
380 19
381 32
382 30
383 24
384 28
385 25
386 26
387 33
388 28
389 37
390 31
391 37
392 36
393 27
394 31
395 35
396 33
397 33
398 22
399 37
400 40
401 29
402 31
403 40
404 38
405 38
406 31
407 30
408 33
409 30
410 31
411 34
412 30
413 39
414 48
415 24
416 29
417 36
418 29
419 33
420 37
421 28
422 32
423 29
424 28
425 31
426 25
427 31
428 34
429 33
430 31
431 35
432 30
433 29
434 46
435 29
436 38
437 33
438 29
439 32
440 38
441 37
442 33
443 51
444 37
445 33
446 22
447 37
448 34
449 28
450 34
451 29
452 32
453 30
454 34
455 23
456 34
457 28
458 33
459 28
460 36
461 26
462 27
463 28
464 34
465 39
466 24
467 35
468 42
469 30
470 33
471 27
472 32
473 39
474 39
475 30
476 39
477 27
478 36
479 29
480 29
481 27
482 41
483 31
484 36
485 40
486 28
487 27
488 32
489 37
490 32
491 31
492 35
493 30
494 26
495 33
496 21
497 41
498 23
499 38
500 54
501 34
502 35
503 32
504 33
505 37
506 34
507 31
508 39
509 25
510 33
511 38
512 32
513 28
514 31
515 47
516 37
517 23
518 31
519 29
520 40
521 33
522 27
523 32
524 36
525 38
526 29
527 29
528 32
529 51
530 30
531 26
532 38
533 33
534 32
535 38
536 41
537 35
538 36
539 29
540 36
541 31
542 38
543 48
544 30
545 28
546 23
547 40
548 40
549 31
550 36
551 31
552 31
553 24
554 28
555 30
556 40
557 39
558 41
559 36
560 37
561 37
562 40
563 40
564 31
565 31
566 34
567 34
568 29
569 32
570 35
571 33
572 39
573 26
574 41
575 44
576 39
577 33
578 29
579 44
580 38
581 22
582 34
583 33
584 40
585 40
586 23
587 40
588 32
589 22
590 45
591 33
592 40
593 29
594 37
595 21
596 33
597 27
598 33
599 25
600 31
601 23
602 38
603 36
604 39
605 34
606 21
607 31
608 32
609 52
610 34
611 28
612 29
613 34
614 43
615 29
616 37
617 36
618 40
619 29
620 50
621 48
622 44
623 59
624 61
625 78
626 61
627 52
628 63
629 73
630 93
631 87
632 97
633 118
634 101
635 83
636 92
637 113
638 89
639 109
640 132
641 100
642 118
643 119
644 129
645 149
646 107
647 110
648 95
649 92
650 74
651 59
652 54
653 53
654 40
655 25
656 40
657 37
658 41
659 47
660 39
661 37
662 38
663 30
664 38
665 27
666 31
667 38
668 33
669 45
670 31
671 35
672 39
673 38
674 47
675 35
676 33
677 47
678 32
679 30
680 29
681 32
682 38
683 28
684 20
685 26
686 34
687 42
688 40
689 32
690 19
691 25
692 36
693 44
694 36
695 33
696 43
697 30
698 32
699 43
700 28
701 40
702 40
703 34
704 36
705 32
706 35
707 33
708 42
709 38
710 32
711 42
712 42
713 36
714 33
715 26
716 27
717 31
718 31
719 33
720 28
721 33
722 32
723 30
724 37
725 22
726 40
727 47
728 39
729 30
730 28
731 28
732 31
733 19
734 34
735 37
736 39
737 38
738 34
739 32
740 35
741 42
742 36
743 36
744 35
745 27
746 44
747 32
748 34
749 38
750 23
751 26
752 42
753 40
754 28
755 31
756 38
757 32
758 31
759 34
760 34
761 23
762 27
763 36
764 40
765 29
766 28
767 25
768 39
769 37
770 28
771 32
772 34
773 20
774 35
775 37
776 28
777 33
778 20
779 29
780 25
781 29
782 32
783 33
784 41
785 33
786 26
787 32
788 41
789 34
790 34
791 33
792 37
793 25
794 28
795 34
796 30
797 54
798 35
799 29
800 31
801 26
802 32
803 28
804 29
805 30
806 32
807 38
808 34
809 39
810 35
811 26
812 33
813 34
814 25
815 36
816 35
817 23
818 31
819 24
820 38
821 33
822 36
823 33
824 42
825 29
826 23
827 31
828 34
829 32
830 28
831 33
832 25
833 30
834 36
835 33
836 33
837 33
838 24
839 31
840 37
841 28
842 38
843 26
844 18
845 46
846 34
847 33
848 24
849 28
850 27
851 33
852 36
853 35
854 36
855 39
856 36
857 35
858 40
859 30
860 42
861 24
862 38
863 32
864 33
865 21
866 30
867 44
868 33
869 27
870 26
871 25
872 36
873 32
874 32
875 29
876 36
877 24
878 31
879 43
880 35
881 34
882 37
883 30
884 42
885 22
886 33
887 28
888 31
889 28
890 34
891 29
892 24
893 35
894 24
895 36
896 27
897 24
898 30
899 39
900 41
901 29
902 30
903 39
904 24
905 18
906 43
907 27
908 40
909 30
910 21
911 26
912 30
913 26
914 23
915 35
916 25
917 35
918 39
919 33
920 17
921 31
922 31
923 34
924 44
925 29
926 32
927 23
928 36
929 42
930 31
931 37
932 24
933 36
934 28
935 41
936 25
937 25
938 27
939 35
940 34
941 25
942 28
943 32
944 41
945 19
946 38
947 30
948 25
949 36
950 39
951 26
952 40
953 17
954 29
955 33
956 27
957 28
958 25
959 40
960 27
961 30
962 42
963 38
964 21
965 24
966 27
967 35
968 26
969 33
970 27
971 20
972 14
973 35
974 33
975 35
976 22
977 34
978 32
979 32
980 28
981 29
982 50
983 29
984 33
985 24
986 23
987 26
988 34
989 33
990 31
991 37
992 30
993 35
994 24
995 29
996 39
997 38
998 27
999 19
1000 36
1001 37
1002 25
1003 36
1004 35
1005 40
1006 23
1007 25
1008 30
1009 33
1010 30
1011 19
1012 41
1013 29
1014 30
1015 31
1016 39
1017 30
1018 41
1019 29
1020 37
1021 40
1022 29
1023 43
1024 25
1025 30
1026 38
1027 28
1028 32
1029 27
1030 23
1031 33
1032 32
1033 30
1034 31
1035 37
1036 27
1037 24
1038 27
1039 26
1040 27
1041 27
1042 27
1043 38
1044 37
1045 38
1046 33
1047 28
1048 29
1049 27
1050 27
1051 41
1052 38
1053 28
1054 35
1055 31
1056 29
1057 35
1058 32
1059 28
1060 27
1061 30
1062 31
1063 29
1064 34
1065 26
1066 48
1067 29
1068 26
1069 34
1070 32
1071 32
1072 34
1073 23
1074 35
1075 27
1076 33
1077 34
1078 28
1079 29
1080 32
1081 29
1082 32
1083 31
1084 35
1085 21
1086 24
1087 31
1088 36
1089 33
1090 31
1091 30
1092 19
1093 38
1094 27
1095 42
1096 26
1097 32
1098 27
1099 23
1100 27
1101 20
1102 29
1103 23
1104 28
1105 34
1106 37
1107 24
1108 25
1109 31
1110 22
1111 22
1112 28
1113 40
1114 29
1115 25
1116 33
1117 27
1118 33
1119 20
1120 24
1121 35
1122 30
1123 32
1124 30
1125 33
1126 30
1127 29
1128 28
1129 33
1130 37
1131 37
1132 21
1133 35
1134 26
1135 38
1136 29
1137 32
1138 37
1139 32
1140 39
1141 23
1142 26
1143 38
1144 38
1145 34
1146 26
1147 33
1148 35
1149 27
1150 24
1151 32
1152 41
1153 36
1154 32
1155 38
1156 33
1157 41
1158 33
1159 36
1160 30
1161 30
1162 32
1163 46
1164 33
1165 27
1166 41
1167 52
1168 48
1169 55
1170 54
1171 62
1172 63
1173 66
1174 63
1175 85
1176 91
1177 137
1178 176
1179 178
1180 194
1181 175
1182 274
1183 291
1184 265
1185 272
1186 355
1187 399
1188 461
1189 509
1190 501
1191 545
1192 408
1193 333
1194 297
1195 193
1196 198
1197 187
1198 169
1199 108
1200 83
1201 65
1202 47
1203 40
1204 34
1205 44
1206 32
1207 36
1208 25
1209 41
1210 39
1211 43
1212 26
1213 35
1214 27
1215 21
1216 22
1217 20
1218 32
1219 25
1220 32
1221 23
1222 40
1223 38
1224 30
1225 31
1226 31
1227 29
1228 39
1229 24
1230 30
1231 35
1232 36
1233 16
1234 44
1235 23
1236 24
1237 20
1238 22
1239 34
1240 37
1241 24
1242 21
1243 23
1244 37
1245 26
1246 28
1247 27
1248 21
1249 27
1250 28
1251 24
1252 28
1253 24
1254 31
1255 24
1256 21
1257 21
1258 31
1259 34
1260 29
1261 21
1262 24
1263 27
1264 34
1265 21
1266 25
1267 28
1268 26
1269 27
1270 24
1271 23
1272 18
1273 17
1274 26
1275 15
1276 14
1277 16
1278 6
1279 3
1280 21
1281 20
1282 18
1283 21
1284 17
1285 21
1286 21
1287 23
1288 17
1289 26
1290 20
1291 17
1292 13
1293 21
1294 22
1295 28
1296 20
1297 23
1298 17
1299 20
1300 23
1301 30
1302 22
1303 19
1304 18
1305 18
1306 24
1307 18
1308 28
1309 14
1310 25
1311 27
1312 19
1313 15
1314 16
1315 28
1316 25
1317 28
1318 27
1319 27
1320 17
1321 23
1322 16
1323 20
1324 14
1325 24
1326 27
1327 17
1328 21
1329 20
1330 18
1331 27
1332 17
1333 24
1334 26
1335 21
1336 25
1337 18
1338 23
1339 22
1340 19
1341 16
1342 19
1343 18
1344 23
1345 19
1346 23
1347 25
1348 24
1349 27
1350 14
1351 19
1352 16
1353 17
1354 21
1355 20
1356 26
1357 24
1358 26
1359 22
1360 20
1361 20
1362 27
1363 16
1364 20
1365 21
1366 22
1367 25
1368 21
1369 22
1370 26
1371 16
1372 23
1373 25
1374 18
1375 19
1376 26
1377 29
1378 25
1379 16
1380 29
1381 23
1382 20
1383 15
1384 26
1385 18
1386 26
1387 29
1388 19
1389 31
1390 13
1391 27
1392 22
1393 32
1394 20
1395 38
1396 24
1397 27
1398 29
1399 17
1400 21
1401 26
1402 28
1403 38
1404 26
1405 40
1406 34
1407 42
1408 38
1409 40
1410 38
1411 38
1412 35
1413 40
1414 46
1415 35
1416 28
1417 25
1418 41
1419 27
1420 15
1421 29
1422 23
1423 15
1424 25
1425 25
1426 22
1427 14
1428 19
1429 13
1430 26
1431 23
1432 19
1433 20
1434 20
1435 24
1436 22
1437 17
1438 22
1439 23
1440 17
1441 12
1442 25
1443 16
1444 24
1445 22
1446 22
1447 28
1448 19
1449 21
1450 26
1451 20
1452 26
1453 23
1454 19
1455 24
1456 32
1457 22
1458 21
1459 19
1460 19
1461 17
1462 14
1463 30
1464 23
1465 30
1466 15
1467 23
1468 20
1469 20
1470 20
1471 24
1472 22
1473 18
1474 32
1475 24
1476 24
1477 23
1478 18
1479 22
1480 30
1481 41
1482 33
1483 28
1484 31
1485 50
1486 53
1487 74
1488 73
1489 77
1490 115
1491 132
1492 117
1493 121
1494 148
1495 193
1496 208
1497 166
1498 198
1499 161
1500 187
1501 148
1502 140
1503 129
1504 123
1505 113
1506 117
1507 73
1508 63
1509 35
1510 43
1511 21
1512 33
1513 22
1514 18
1515 26
1516 30
1517 27
1518 26
1519 21
1520 20
1521 26
1522 20
1523 17
1524 21
1525 19
1526 24
1527 20
1528 21
1529 26
1530 13
1531 17
1532 19
1533 18
1534 20
1535 20
1536 21
1537 18
1538 21
1539 11
1540 16
1541 22
1542 16
1543 27
1544 23
1545 30
1546 24
1547 20
1548 24
1549 16
1550 28
1551 19
1552 14
1553 24
1554 13
1555 15
1556 17
1557 15
1558 20
1559 18
1560 22
1561 17
1562 18
1563 25
1564 24
1565 20
1566 17
1567 17
1568 17
1569 13
1570 23
1571 22
1572 27
1573 17
1574 27
1575 13
1576 17
1577 17
1578 20
1579 23
1580 18
1581 17
1582 19
1583 24
1584 16
1585 16
1586 18
1587 16
1588 26
1589 24
1590 18
1591 20
1592 11
1593 17
1594 18
1595 20
1596 14
1597 23
1598 22
1599 24
1600 24
1601 18
1602 18
1603 25
1604 19
1605 15
1606 34
1607 22
1608 18
1609 15
1610 21
1611 17
1612 19
1613 20
1614 23
1615 25
1616 18
1617 19
1618 18
1619 21
1620 15
1621 14
1622 24
1623 16
1624 20
1625 13
1626 20
1627 20
1628 21
1629 13
1630 14
1631 17
1632 22
1633 13
1634 23
1635 9
1636 18
1637 18
1638 12
1639 17
1640 18
1641 20
1642 20
1643 19
1644 18
1645 17
1646 18
1647 13
1648 13
1649 16
1650 15
1651 17
1652 15
1653 21
1654 22
1655 18
1656 20
1657 23
1658 13
1659 25
1660 15
1661 16
1662 19
1663 14
1664 24
1665 16
1666 13
1667 23
1668 23
1669 17
1670 17
1671 19
1672 13
1673 20
1674 19
1675 14
1676 18
1677 16
1678 14
1679 17
1680 20
1681 19
1682 19
1683 13
1684 15
1685 12
1686 12
1687 18
1688 18
1689 17
1690 19
1691 25
1692 26
1693 18
1694 15
1695 26
1696 13
1697 17
1698 11
1699 21
1700 14
1701 19
1702 18
1703 21
1704 19
1705 16
1706 17
1707 21
1708 22
1709 23
1710 20
1711 12
1712 19
1713 21
1714 11
1715 16
1716 12
1717 17
1718 13
1719 28
1720 21
1721 18
1722 19
1723 20
1724 19
1725 13
1726 16
1727 23
1728 19
1729 15
1730 20
1731 19
1732 17
1733 19
1734 19
1735 16
1736 18
1737 17
1738 19
1739 18
1740 14
1741 13
1742 17
1743 21
1744 14
1745 16
1746 16
1747 17
1748 12
1749 23
1750 11
1751 20
1752 21
1753 14
1754 17
1755 7
1756 14
1757 17
1758 21
1759 23
1760 14
1761 16
1762 12
1763 18
1764 13
1765 21
1766 21
1767 18
1768 23
1769 15
1770 16
1771 10
1772 18
1773 12
1774 18
1775 13
1776 10
1777 14
1778 14
1779 17
1780 18
1781 7
1782 24
1783 21
1784 12
1785 15
1786 17
1787 16
1788 14
1789 18
1790 15
1791 15
1792 22
1793 21
1794 22
1795 18
1796 15
1797 17
1798 17
1799 14
1800 16
1801 20
1802 17
1803 12
1804 19
1805 17
1806 19
1807 13
1808 14
1809 21
1810 12
1811 14
1812 15
1813 18
1814 10
1815 19
1816 26
1817 11
1818 17
1819 15
1820 12
1821 16
1822 15
1823 13
1824 14
1825 19
1826 17
1827 23
1828 19
1829 17
1830 14
1831 21
1832 13
1833 14
1834 15
1835 15
1836 23
1837 12
1838 17
1839 21
1840 15
1841 16
1842 15
1843 15
1844 24
1845 16
1846 14
1847 21
1848 16
1849 17
1850 14
1851 8
1852 21
1853 20
1854 21
1855 15
1856 13
1857 15
1858 23
1859 14
1860 19
1861 14
1862 17
1863 15
1864 16
1865 17
1866 22
1867 12
1868 11
1869 10
1870 9
1871 17
1872 17
1873 18
1874 18
1875 19
1876 18
1877 18
1878 20
1879 19
1880 17
1881 13
1882 20
1883 20
1884 21
1885 18
1886 20
1887 16
1888 10
1889 21
1890 13
1891 12
1892 20
1893 15
1894 19
1895 11
1896 21
1897 18
1898 17
1899 19
1900 18
1901 12
1902 9
1903 16
1904 19
1905 18
1906 22
1907 19
1908 25
1909 11
1910 17
1911 14
1912 22
1913 17
1914 11
1915 24
1916 24
1917 11
1918 15
1919 21
1920 16
1921 19
1922 14
1923 24
1924 16
1925 22
1926 13
1927 14
1928 23
1929 18
1930 16
1931 20
1932 24
1933 20
1934 22
1935 17
1936 24
1937 13
1938 16
1939 24
1940 14
1941 16
1942 16
1943 18
1944 24
1945 13
1946 17
1947 22
1948 17
1949 17
1950 18
1951 14
1952 18
1953 14
1954 19
1955 15
1956 19
1957 18
1958 14
1959 17
1960 12
1961 13
1962 11
1963 16
1964 18
1965 9
1966 17
1967 25
1968 24
1969 29
1970 19
1971 32
1972 30
1973 35
1974 39
1975 42
1976 43
1977 61
1978 73
1979 67
1980 97
1981 98
1982 115
1983 107
1984 130
1985 150
1986 174
1987 136
1988 144
1989 85
1990 77
1991 63
1992 56
1993 59
1994 39
1995 52
1996 46
1997 42
1998 43
1999 33
2000 33
2001 22
2002 22
2003 18
2004 20
2005 20
2006 17
2007 19
2008 16
2009 16
2010 15
2011 15
2012 17
2013 20
2014 13
2015 14
2016 21
2017 14
2018 14
2019 17
2020 14
2021 20
2022 8
2023 10
2024 14
2025 17
2026 16
2027 15
2028 18
2029 14
2030 16
2031 17
2032 12
2033 12
2034 13
2035 14
2036 14
2037 14
2038 14
2039 11
2040 12
2041 12
2042 8
2043 12
2044 16
2045 18
2046 16
2047 13
2048 23
2049 17
2050 11
2051 13
2052 13
2053 21
2054 15
2055 14
2056 13
2057 20
2058 15
2059 16
2060 16
2061 11
2062 13
2063 13
2064 16
2065 7
2066 18
2067 8
2068 10
2069 16
2070 7
2071 13
2072 17
2073 19
2074 12
2075 17
2076 18
2077 10
2078 16
2079 13
2080 14
2081 13
2082 14
2083 14
2084 12
2085 23
2086 14
2087 18
2088 15
2089 7
2090 12
2091 9
2092 13
2093 13
2094 11
2095 22
2096 25
2097 15
2098 11
2099 25
2100 17
2101 13
2102 7
2103 9
2104 14
2105 9
2106 14
2107 13
2108 11
2109 10
2110 11
2111 13
2112 13
2113 20
2114 13
2115 13
2116 18
2117 18
2118 22
2119 13
2120 7
2121 12
2122 13
2123 15
2124 17
2125 11
2126 12
2127 22
2128 15
2129 17
2130 11
2131 12
2132 10
2133 10
2134 15
2135 14
2136 16
2137 18
2138 12
2139 12
2140 12
2141 7
2142 15
2143 16
2144 16
2145 15
2146 11
2147 13
2148 14
2149 14
2150 14
2151 19
2152 18
2153 17
2154 10
2155 16
2156 13
2157 18
2158 11
2159 7
2160 18
2161 15
2162 11
2163 16
2164 14
2165 14
2166 19
2167 11
2168 21
2169 13
2170 14
2171 22
2172 18
2173 22
2174 12
2175 11
2176 18
2177 16
2178 12
2179 12
2180 21
2181 16
2182 13
2183 10
2184 14
2185 14
2186 13
2187 19
2188 14
2189 12
2190 23
2191 12
2192 7
2193 14
2194 7
2195 15
2196 19
2197 14
2198 24
2199 20
2200 17
2201 13
2202 11
2203 17
2204 18
2205 11
2206 14
2207 21
2208 16
2209 15
2210 14
2211 14
2212 10
2213 18
2214 12
2215 12
2216 16
2217 19
2218 13
2219 16
2220 18
2221 11
2222 11
2223 21
2224 19
2225 11
2226 16
2227 23
2228 32
2229 28
2230 30
2231 29
2232 23
2233 34
2234 28
2235 40
2236 46
2237 50
2238 53
2239 68
2240 84
2241 110
2242 133
2243 132
2244 164
2245 214
2246 261
2247 273
2248 349
2249 367
2250 471
2251 496
2252 398
2253 476
2254 586
2255 610
2256 468
2257 573
2258 659
2259 604
2260 484
2261 444
2262 458
2263 312
2264 172
2265 182
2266 134
2267 138
2268 119
2269 110
2270 115
2271 81
2272 72
2273 49
2274 47
2275 39
2276 28
2277 29
2278 26
2279 19
2280 18
2281 20
2282 15
2283 20
2284 19
2285 16
2286 13
2287 14
2288 19
2289 16
2290 18
2291 6
2292 14
2293 13
2294 15
2295 15
2296 18
2297 13
2298 13
2299 21
2300 15
2301 5
2302 9
2303 13
2304 11
2305 11
2306 15
2307 22
2308 14
2309 12
2310 15
2311 15
2312 11
2313 15
2314 12
2315 8
2316 14
2317 15
2318 13
2319 11
2320 12
2321 12
2322 11
2323 9
2324 14
2325 14
2326 8
2327 14
2328 11
2329 19
2330 7
2331 11
2332 15
2333 14
2334 13
2335 16
2336 12
2337 15
2338 12
2339 12
2340 14
2341 11
2342 9
2343 13
2344 14
2345 11
2346 13
2347 10
2348 17
2349 10
2350 17
2351 14
2352 15
2353 14
2354 9
2355 15
2356 20
2357 9
2358 11
2359 16
2360 12
2361 12
2362 14
2363 16
2364 16
2365 14
2366 12
2367 13
2368 7
2369 15
2370 13
2371 15
2372 20
2373 8
2374 19
2375 22
2376 17
2377 9
2378 8
2379 10
2380 11
2381 14
2382 14
2383 13
2384 13
2385 12
2386 9
2387 15
2388 16
2389 16
2390 13
2391 8
2392 13
2393 12
2394 15
2395 15
2396 12
2397 9
2398 12
2399 11
2400 12
2401 8
2402 12
2403 16
2404 12
2405 8
2406 16
2407 12
2408 13
2409 16
2410 9
2411 11
2412 12
2413 14
2414 15
2415 9
2416 21
2417 16
2418 9
2419 15
2420 9
2421 11
2422 9
2423 9
2424 14
2425 9
2426 13
2427 13
2428 12
2429 7
2430 13
2431 19
2432 9
2433 17
2434 12
2435 13
2436 10
2437 20
2438 19
2439 10
2440 13
2441 18
2442 15
2443 18
2444 13
2445 14
2446 12
2447 15
2448 12
2449 12
2450 19
2451 20
2452 25
2453 25
2454 33
2455 29
2456 30
2457 24
2458 38
2459 47
2460 52
2461 62
2462 67
2463 66
2464 78
2465 76
2466 80
2467 75
2468 68
2469 98
2470 90
2471 65
2472 50
2473 49
2474 65
2475 60
2476 60
2477 78
2478 66
2479 50
2480 52
2481 43
2482 26
2483 34
2484 28
2485 27
2486 26
2487 15
2488 18
2489 19
2490 17
2491 10
2492 10
2493 15
2494 12
2495 7
2496 12
2497 4
2498 14
2499 9
2500 9
2501 16
2502 15
2503 18
2504 12
2505 15
2506 11
2507 13
2508 11
2509 11
2510 9
2511 18
2512 15
2513 11
2514 8
2515 13
2516 9
2517 11
2518 9
2519 16
2520 15
2521 9
2522 9
2523 10
2524 12
2525 8
2526 8
2527 13
2528 11
2529 9
2530 18
2531 13
2532 12
2533 12
2534 8
2535 10
2536 13
2537 13
2538 15
2539 22
2540 8
2541 12
2542 13
2543 17
2544 12
2545 11
2546 19
2547 13
2548 12
2549 9
2550 6
2551 7
2552 9
2553 14
2554 8
2555 12
2556 12
2557 10
2558 13
2559 15
