0 22
1 17
2 23
3 19
4 32
5 31
6 33
7 24
8 23
9 20
10 27
11 32
12 28
13 23
14 24
15 22
16 21
17 23
18 20
19 25
20 34
21 18
22 25
23 21
24 30
25 30
26 25
27 35
28 23
29 26
30 24
31 26
32 21
33 28
34 23
35 32
36 28
37 24
38 15
39 28
40 25
41 34
42 19
43 35
44 24
45 19
46 19
47 38
48 24
49 14
50 28
51 34
52 28
53 22
54 24
55 27
56 28
57 30
58 27
59 25
60 24
61 38
62 21
63 30
64 29
65 31
66 28
67 20
68 33
69 24
70 34
71 27
72 33
73 27
74 17
75 26
76 27
77 27
78 25
79 29
80 30
81 23
82 23
83 26
84 18
85 28
86 21
87 20
88 32
89 25
90 20
91 26
92 28
93 25
94 28
95 28
96 25
97 23
98 24
99 26
100 26
101 31
102 28
103 23
104 26
105 27
106 22
107 23
108 27
109 25
110 31
111 24
112 25
113 31
114 24
115 32
116 37
117 21
118 19
119 35
120 26
121 30
122 26
123 21
124 32
125 25
126 35
127 27
128 28
129 23
130 26
131 29
132 30
133 28
134 36
135 29
136 32
137 27
138 34
139 33
140 25
141 26
142 28
143 20
144 26
145 29
146 28
147 31
148 25
149 17
150 38
151 35
152 31
153 37
154 30
155 33
156 22
157 28
158 39
159 36
160 16
161 25
162 28
163 24
164 27
165 16
166 22
167 28
168 29
169 22
170 25
171 33
172 27
173 29
174 34
175 25
176 23
177 28
178 26
179 32
180 29
181 45
182 24
183 24
184 40
185 31
186 28
187 30
188 28
189 31
190 32
191 26
192 30
193 37
194 28
195 34
196 34
197 34
198 38
199 26
200 30
201 31
202 23
203 30
204 29
205 20
206 33
207 23
208 36
209 32
210 31
211 31
212 33
213 39
214 30
215 34
216 29
217 23
218 20
219 34
220 26
221 32
222 30
223 21
224 26
225 25
226 11
227 29
228 33
229 31
230 36
231 31
232 15
233 27
234 25
235 18
236 31
237 24
238 29
239 38
240 22
241 35
242 28
243 29
244 20
245 30
246 23
247 44
248 31
249 35
250 28
251 28
252 32
253 22
254 35
255 35
256 33
257 26
258 31
259 25
260 32
261 18
262 30
263 20
264 33
265 31
266 25
267 32
268 31
269 32
270 32
271 35
272 28
273 34
274 32
275 32
276 23
277 30
278 44
279 26
280 23
281 25
282 36
283 37
284 34
285 21
286 42
287 25
288 33
289 37
290 26
291 28
292 31
293 35
294 39
295 23
296 26
297 38
298 28
299 24
300 39
301 26
302 26
303 27
304 25
305 20
306 35
307 31
308 22
309 36
310 45
311 36
312 22
313 35
314 39
315 35
316 31
317 29
318 31
319 26
320 42
321 29
322 33
323 30
324 29
325 22
326 32
327 25
328 22
329 30
330 29
331 29
332 25
333 17
334 21
335 26
336 19
337 31
338 28
339 36
340 26
341 17
342 42
343 26
344 31
345 23
346 32
347 18
348 32
349 40
350 32
351 28
352 41
353 32
354 38
355 23
356 33
357 42
358 31
359 24
360 31
361 42
362 26
363 35
364 30
365 28
366 38
367 32
368 37
369 36
370 25
371 27
372 32
373 37
374 41
375 34
376 38
377 22
378 26
379 38
380 34
381 21
382 21
383 22
384 30
385 29
386 44
387 33
388 19
389 28
390 42
391 26
392 27
393 30
394 40
395 36
396 35
397 43
398 31
399 32
400 34
401 30
402 25
403 31
404 21
405 26
406 35
407 35
408 30
409 24
410 28
411 26
412 24
413 24
414 29
415 31
416 41
417 41
418 36
419 22
420 45
421 32
422 38
423 28
424 30
425 29
426 33
427 39
428 34
429 25
430 47
431 35
432 30
433 39
434 22
435 28
436 32
437 34
438 30
439 34
440 32
441 32
442 41
443 43
444 39
445 36
446 35
447 35
448 35
449 34
450 37
451 36
452 19
453 28
454 30
455 34
456 29
457 37
458 32
459 33
460 35
461 25
462 36
463 34
464 28
465 30
466 31
467 33
468 31
469 38
470 30
471 17
472 30
473 33
474 36
475 37
476 38
477 32
478 39
479 30
480 27
481 39
482 24
483 37
484 43
485 41
486 21
487 37
488 32
489 38
490 34
491 25
492 25
493 26
494 35
495 23
496 33
497 42
498 34
499 40
500 27
501 42
502 27
503 37
504 32
505 39
506 42
507 39
508 31
509 44
510 25
511 43
512 34
513 36
514 46
515 34
516 29
517 36
518 39
519 36
520 38
521 37
522 27
523 26
524 41
525 37
526 31
527 36
528 54
529 32
530 29
531 42
532 47
533 36
534 37
535 43
536 32
537 37
538 26
539 39
540 30
541 32
542 33
543 39
544 30
545 30
546 27
547 37
548 36
549 38
550 31
551 37
552 28
553 43
554 28
555 33
556 43
557 25
558 28
559 34
560 27
561 48
562 40
563 42
564 37
565 32
566 33
567 19
568 32
569 33
570 37
571 31
572 35
573 38
574 26
575 29
576 20
577 31
578 34
579 33
580 43
581 35
582 31
583 34
584 29
585 33
586 37
587 22
588 38
589 29
590 35
591 27
592 34
593 31
594 29
595 35
596 45
597 34
598 40
599 33
600 38
601 42
602 34
603 33
604 40
605 28
606 35
607 37
608 32
609 30
610 40
611 20
612 44
613 44
614 39
615 40
616 35
617 61
618 49
619 59
620 53
621 59
622 70
623 66
624 64
625 88
626 101
627 95
628 117
629 119
630 129
631 115
632 125
633 127
634 121
635 95
636 99
637 101
638 85
639 110
640 86
641 82
642 90
643 62
644 80
645 77
646 59
647 47
648 45
649 45
650 41
651 23
652 28
653 32
654 22
655 40
656 50
657 33
658 31
659 35
660 40
661 47
662 34
663 32
664 28
665 36
666 27
667 36
668 26
669 33
670 40
671 35
672 39
673 36
674 34
675 40
676 41
677 38
678 36
679 32
680 26
681 25
682 32
683 28
684 31
685 33
686 36
687 39
688 39
689 46
690 41
691 26
692 40
693 35
694 34
695 37
696 29
697 38
698 32
699 44
700 32
701 28
702 25
703 48
704 46
705 32
706 40
707 33
708 29
709 24
710 38
711 50
712 39
713 32
714 35
715 30
716 33
717 35
718 27
719 41
720 33
721 27
722 36
723 33
724 42
725 49
726 40
727 48
728 37
729 33
730 38
731 35
732 39
733 51
734 26
735 29
736 40
737 33
738 42
739 35
740 44
741 39
742 32
743 45
744 35
745 38
746 38
747 17
748 28
749 45
750 35
751 34
752 32
753 33
754 37
755 34
756 31
757 33
758 32
759 30
760 35
761 34
762 23
763 25
764 34
765 28
766 24
767 31
768 30
769 32
770 34
771 23
772 33
773 30
774 38
775 30
776 32
777 33
778 36
779 37
780 29
781 37
782 23
783 29
784 24
785 26
786 29
787 32
788 50
789 20
790 39
791 34
792 46
793 32
794 35
795 29
796 26
797 28
798 34
799 30
800 28
801 30
802 47
803 40
804 42
805 40
806 33
807 26
808 37
809 28
810 41
811 38
812 36
813 29
814 28
815 29
816 30
817 38
818 30
819 56
820 29
821 30
822 28
823 47
824 33
825 35
826 29
827 26
828 37
829 27
830 32
831 33
832 31
833 28
834 29
835 19
836 33
837 42
838 51
839 30
840 34
841 32
842 28
843 35
844 23
845 25
846 29
847 34
848 34
849 34
850 31
851 39
852 25
853 27
854 31
855 38
856 40
857 29
858 19
859 37
860 33
861 32
862 27
863 33
864 34
865 37
866 35
867 32
868 29
869 32
870 33
871 37
872 26
873 36
874 36
875 33
876 41
877 29
878 30
879 28
880 26
881 41
882 46
883 35
884 29
885 38
886 35
887 28
888 18
889 33
890 37
891 25
892 27
893 30
894 28
895 33
896 34
897 34
898 34
899 26
900 29
901 37
902 39
903 32
904 29
905 35
906 43
907 28
908 26
909 33
910 39
911 33
912 29
913 35
914 43
915 40
916 35
917 38
918 32
919 32
920 22
921 28
922 36
923 29
924 36
925 25
926 42
927 34
928 42
929 29
930 30
931 41
932 33
933 35
934 35
935 26
936 33
937 35
938 38
939 32
940 30
941 19
942 30
943 39
944 24
945 21
946 27
947 37
948 33
949 32
950 45
951 42
952 28
953 32
954 34
955 28
956 24
957 31
958 39
959 31
960 29
961 41
962 29
963 30
964 28
965 33
966 23
967 27
968 33
969 32
970 36
971 41
972 43
973 40
974 40
975 31
976 31
977 32
978 31
979 51
980 28
981 39
982 23
983 40
984 31
985 30
986 31
987 38
988 41
989 29
990 37
991 33
992 44
993 36
994 28
995 29
996 32
997 25
998 19
999 45
1000 29
1001 28
1002 29
1003 30
1004 29
1005 29
1006 26
1007 30
1008 26
1009 24
1010 33
1011 33
1012 30
1013 32
1014 22
1015 30
1016 34
1017 36
1018 30
1019 30
1020 32
1021 32
1022 22
1023 29
1024 29
1025 41
1026 30
1027 29
1028 38
1029 33
1030 28
1031 30
1032 15
1033 29
1034 29
1035 32
1036 33
1037 26
1038 35
1039 28
1040 32
1041 23
1042 24
1043 31
1044 29
1045 25
1046 27
1047 37
1048 34
1049 39
1050 35
1051 37
1052 28
1053 23
1054 28
1055 31
1056 39
1057 24
1058 36
1059 40
1060 27
1061 26
1062 39
1063 31
1064 29
1065 31
1066 29
1067 21
1068 23
1069 21
1070 24
1071 20
1072 23
1073 27
1074 43
1075 31
1076 22
1077 35
1078 31
1079 26
1080 24
1081 28
1082 29
1083 23
1084 26
1085 27
1086 28
1087 24
1088 25
1089 32
1090 26
1091 26
1092 27
1093 26
1094 34
1095 26
1096 35
1097 32
1098 30
1099 33
1100 22
1101 38
1102 27
1103 30
1104 41
1105 20
1106 28
1107 34
1108 26
1109 23
1110 26
1111 33
1112 23
1113 36
1114 35
1115 36
1116 22
1117 33
1118 37
1119 28
1120 28
1121 32
1122 30
1123 34
1124 30
1125 30
1126 38
1127 25
1128 39
1129 30
1130 34
1131 28
1132 32
1133 25
1134 34
1135 30
1136 32
1137 34
1138 32
1139 31
1140 21
1141 21
1142 20
1143 32
1144 29
1145 32
1146 40
1147 38
1148 36
1149 23
1150 32
1151 38
1152 29
1153 29
1154 33
1155 38
1156 24
1157 30
1158 34
1159 35
1160 35
1161 49
1162 54
1163 49
1164 62
1165 68
1166 72
1167 91
1168 118
1169 110
1170 128
1171 163
1172 187
1173 206
1174 243
1175 302
1176 354
1177 354
1178 326
1179 386
1180 385
1181 421
1182 464
1183 475
1184 489
1185 530
1186 396
1187 286
1188 256
1189 173
1190 177
1191 174
1192 83
1193 68
1194 42
1195 34
1196 29
1197 34
1198 46
1199 29
1200 36
1201 32
1202 28
1203 33
1204 32
1205 25
1206 34
1207 41
1208 26
1209 28
1210 34
1211 26
1212 24
1213 44
1214 45
1215 21
1216 37
1217 33
1218 26
1219 21
1220 24
1221 19
1222 24
1223 32
1224 27
1225 33
1226 17
1227 37
1228 22
1229 26
1230 30
1231 27
1232 30
1233 38
1234 21
1235 30
1236 34
1237 32
1238 30
1239 21
1240 31
1241 18
1242 18
1243 29
1244 22
1245 29
1246 32
1247 32
1248 28
1249 19
1250 19
1251 35
1252 31
1253 21
1254 29
1255 19
1256 36
1257 23
1258 18
1259 24
1260 28
1261 22
1262 38
1263 28
1264 34
1265 34
1266 20
1267 22
1268 20
1269 32
1270 25
1271 24
1272 20
1273 21
1274 20
1275 17
1276 17
1277 17
1278 12
1279 3
1280 30
1281 28
1282 23
1283 25
1284 17
1285 20
1286 18
1287 25
1288 23
1289 26
1290 26
1291 24
1292 23
1293 21
1294 17
1295 21
1296 24
1297 24
1298 19
1299 29
1300 26
1301 22
1302 15
1303 12
1304 21
1305 19
1306 16
1307 23
1308 24
1309 20
1310 17
1311 22
1312 20
1313 15
1314 33
1315 16
1316 16
1317 22
1318 31
1319 26
1320 22
1321 20
1322 21
1323 29
1324 18
1325 22
1326 22
1327 20
1328 12
1329 16
1330 26
1331 28
1332 22
1333 22
1334 22
1335 17
1336 23
1337 12
1338 17
1339 17
1340 15
1341 27
1342 19
1343 24
1344 23
1345 27
1346 21
1347 24
1348 28
1349 15
1350 17
1351 21
1352 24
1353 27
1354 22
1355 20
1356 25
1357 26
1358 18
1359 20
1360 26
1361 25
1362 25
1363 17
1364 16
1365 23
1366 23
1367 22
1368 20
1369 16
1370 29
1371 26
1372 25
1373 24
1374 19
1375 18
1376 20
1377 21
1378 18
1379 21
1380 24
1381 22
1382 17
1383 20
1384 14
1385 28
1386 19
1387 24
1388 28
1389 20
1390 19
1391 27
1392 24
1393 24
1394 24
1395 29
1396 28
1397 27
1398 36
1399 29
1400 32
1401 40
1402 46
1403 45
1404 35
1405 45
1406 36
1407 31
1408 36
1409 26
1410 25
1411 23
1412 21
1413 26
1414 33
1415 19
1416 18
1417 28
1418 26
1419 19
1420 19
1421 23
1422 25
1423 27
1424 17
1425 18
1426 17
1427 18
1428 22
1429 30
1430 29
1431 28
1432 21
1433 28
1434 24
1435 19
1436 26
1437 20
1438 13
1439 23
1440 25
1441 35
1442 20
1443 23
1444 30
1445 27
1446 19
1447 20
1448 21
1449 22
1450 22
1451 16
1452 18
1453 17
1454 22
1455 18
1456 24
1457 19
1458 17
1459 18
1460 17
1461 24
1462 23
1463 22
1464 24
1465 28
1466 22
1467 24
1468 20
1469 16
1470 23
1471 30
1472 28
1473 23
1474 28
1475 31
1476 30
1477 32
1478 52
1479 71
1480 73
1481 72
1482 96
1483 98
1484 101
1485 165
1486 191
1487 225
1488 198
1489 203
1490 204
1491 199
1492 251
1493 281
1494 240
1495 229
1496 222
1497 184
1498 111
1499 85
1500 77
1501 66
1502 33
1503 31
1504 16
1505 22
1506 24
1507 27
1508 27
1509 21
1510 20
1511 21
1512 17
1513 14
1514 22
1515 18
1516 12
1517 17
1518 18
1519 18
1520 18
1521 19
1522 26
1523 23
1524 17
1525 15
1526 19
1527 20
1528 23
1529 20
1530 22
1531 19
1532 12
1533 22
1534 26
1535 13
1536 29
1537 11
1538 13
1539 28
1540 17
1541 22
1542 21
1543 19
1544 20
1545 22
1546 18
1547 23
1548 27
1549 22
1550 22
1551 28
1552 24
1553 17
1554 13
1555 16
1556 24
1557 11
1558 17
1559 18
1560 22
1561 20
1562 18
1563 21
1564 17
1565 21
1566 12
1567 20
1568 19
1569 21
1570 19
1571 15
1572 24
1573 18
1574 29
1575 16
1576 17
1577 20
1578 21
1579 24
1580 24
1581 19
1582 27
1583 24
1584 29
1585 20
1586 15
1587 23
1588 10
1589 26
1590 18
1591 18
1592 21
1593 27
1594 23
1595 23
1596 22
1597 18
1598 23
1599 18
1600 19
1601 20
1602 25
1603 15
1604 23
1605 22
1606 14
1607 14
1608 23
1609 19
1610 19
1611 24
1612 17
1613 14
1614 17
1615 12
1616 23
1617 25
1618 21
1619 20
1620 18
1621 24
1622 15
1623 25
1624 14
1625 16
1626 24
1627 18
1628 20
1629 23
1630 29
1631 17
1632 26
1633 22
1634 12
1635 15
1636 16
1637 17
1638 20
1639 19
1640 16
1641 23
1642 23
1643 14
1644 25
1645 22
1646 19
1647 31
1648 24
1649 19
1650 21
1651 24
1652 21
1653 17
1654 20
1655 13
1656 21
1657 19
1658 17
1659 20
1660 15
1661 22
1662 18
1663 22
1664 23
1665 26
1666 13
1667 18
1668 20
1669 21
1670 19
1671 16
1672 15
1673 16
1674 20
1675 18
1676 17
1677 23
1678 18
1679 17
1680 16
1681 22
1682 14
1683 20
1684 21
1685 22
1686 12
1687 31
1688 29
1689 21
1690 21
1691 19
1692 14
1693 21
1694 18
1695 20
1696 19
1697 17
1698 21
1699 16
1700 14
1701 25
1702 20
1703 26
1704 20
1705 22
1706 17
1707 19
1708 11
1709 19
1710 22
1711 9
1712 18
1713 22
1714 18
1715 18
1716 19
1717 18
1718 14
1719 13
1720 12
1721 20
1722 20
1723 17
1724 24
1725 16
1726 18
1727 14
1728 16
1729 13
1730 18
1731 8
1732 15
1733 15
1734 22
1735 16
1736 18
1737 16
1738 19
1739 27
1740 18
1741 14
1742 20
1743 25
1744 14
1745 20
1746 25
1747 23
1748 19
1749 14
1750 14
1751 11
1752 20
1753 15
1754 11
1755 15
1756 19
1757 30
1758 18
1759 18
1760 21
1761 15
1762 24
1763 13
1764 16
1765 6
1766 18
1767 23
1768 15
1769 24
1770 15
1771 15
1772 17
1773 20
1774 14
1775 17
1776 18
1777 20
1778 10
1779 14
1780 15
1781 14
1782 12
1783 20
1784 11
1785 17
1786 13
1787 12
1788 14
1789 19
1790 12
1791 11
1792 22
1793 18
1794 16
1795 13
1796 14
1797 16
1798 20
1799 18
1800 16
1801 25
1802 18
1803 22
1804 24
1805 26
1806 18
1807 21
1808 16
1809 15
1810 14
1811 25
1812 24
1813 21
1814 20
1815 17
1816 19
1817 19
1818 18
1819 11
1820 13
1821 16
1822 17
1823 16
1824 17
1825 17
1826 13
1827 11
1828 19
1829 15
1830 16
1831 7
1832 16
1833 8
1834 10
1835 12
1836 19
1837 17
1838 20
1839 13
1840 16
1841 15
1842 11
1843 11
1844 24
1845 13
1846 16
1847 13
1848 16
1849 15
1850 12
1851 13
1852 14
1853 11
1854 15
1855 23
1856 26
1857 19
1858 13
1859 12
1860 14
1861 19
1862 19
1863 15
1864 19
1865 16
1866 12
1867 20
1868 20
1869 13
1870 19
1871 13
1872 19
1873 19
1874 12
1875 8
1876 18
1877 15
1878 19
1879 20
1880 16
1881 13
1882 13
1883 17
1884 19
1885 16
1886 18
1887 21
1888 26
1889 16
1890 16
1891 16
1892 26
1893 19
1894 18
1895 18
1896 17
1897 16
1898 17
1899 13
1900 11
1901 18
1902 21
1903 20
1904 13
1905 16
1906 17
1907 9
1908 11
1909 12
1910 17
1911 19
1912 16
1913 22
1914 10
1915 14
1916 18
1917 22
1918 23
1919 21
1920 15
1921 20
1922 21
1923 20
1924 24
1925 21
1926 21
1927 24
1928 16
1929 20
1930 15
1931 24
1932 23
1933 18
1934 19
1935 16
1936 18
1937 12
1938 18
1939 16
1940 14
1941 18
1942 11
1943 11
1944 18
1945 12
1946 21
1947 14
1948 19
1949 19
1950 18
1951 19
1952 15
1953 27
1954 26
1955 15
1956 21
1957 15
1958 22
1959 22
1960 31
1961 31
1962 27
1963 41
1964 31
1965 31
1966 37
1967 46
1968 84
1969 111
1970 124
1971 144
1972 146
1973 127
1974 89
1975 103
1976 106
1977 95
1978 134
1979 89
1980 84
1981 68
1982 70
1983 44
1984 74
1985 56
1986 56
1987 56
1988 58
1989 33
1990 30
1991 23
1992 17
1993 22
1994 12
1995 20
1996 19
1997 19
1998 16
1999 18
2000 18
2001 12
2002 13
2003 14
2004 15
2005 19
2006 15
2007 15
2008 16
2009 16
2010 17
2011 17
2012 16
2013 13
2014 15
2015 15
2016 12
2017 13
2018 11
2019 16
2020 15
2021 14
2022 18
2023 25
2024 18
2025 12
2026 12
2027 14
2028 10
2029 10
2030 5
2031 15
2032 7
2033 16
2034 15
2035 15
2036 10
2037 11
2038 16
2039 9
2040 16
2041 16
2042 19
2043 17
2044 16
2045 9
2046 13
2047 19
2048 8
2049 17
2050 13
2051 21
2052 13
2053 18
2054 18
2055 11
2056 17
2057 17
2058 14
2059 9
2060 11
2061 15
2062 16
2063 16
2064 12
2065 13
2066 9
2067 13
2068 20
2069 13
2070 7
2071 13
2072 19
2073 18
2074 19
2075 13
2076 10
2077 13
2078 8
2079 15
2080 13
2081 19
2082 13
2083 17
2084 7
2085 7
2086 14
2087 16
2088 15
2089 17
2090 18
2091 15
2092 16
2093 15
2094 14
2095 10
2096 14
2097 12
2098 14
2099 20
2100 18
2101 13
2102 12
2103 11
2104 12
2105 12
2106 10
2107 15
2108 16
2109 19
2110 17
2111 13
2112 9
2113 13
2114 11
2115 16
2116 13
2117 12
2118 19
2119 10
2120 18
2121 11
2122 10
2123 9
2124 13
2125 19
2126 13
2127 17
2128 17
2129 16
2130 14
2131 17
2132 22
2133 14
2134 15
2135 15
2136 14
2137 15
2138 18
2139 9
2140 18
2141 15
2142 10
2143 16
2144 8
2145 10
2146 19
2147 8
2148 15
2149 13
2150 12
2151 10
2152 12
2153 19
2154 20
2155 21
2156 19
2157 13
2158 18
2159 12
2160 15
2161 17
2162 22
2163 10
2164 10
2165 8
2166 7
2167 15
2168 19
2169 18
2170 13
2171 12
2172 12
2173 9
2174 15
2175 13
2176 8
2177 13
2178 12
2179 12
2180 19
2181 13
2182 19
2183 16
2184 15
2185 12
2186 20
2187 15
2188 14
2189 8
2190 17
2191 11
2192 11
2193 14
2194 14
2195 19
2196 19
2197 16
2198 14
2199 14
2200 15
2201 21
2202 17
2203 10
2204 18
2205 18
2206 19
2207 12
2208 20
2209 16
2210 16
2211 14
2212 16
2213 15
2214 15
2215 14
2216 22
2217 18
2218 15
2219 11
2220 30
2221 23
2222 29
2223 38
2224 44
2225 41
2226 37
2227 32
2228 52
2229 62
2230 92
2231 105
2232 113
2233 103
2234 123
2235 161
2236 191
2237 192
2238 231
2239 264
2240 286
2241 383
2242 441
2243 537
2244 616
2245 596
2246 564
2247 521
2248 497
2249 444
2250 467
2251 464
2252 405
2253 322
2254 289
2255 219
2256 204
2257 198
2258 195
2259 183
2260 153
2261 101
2262 71
2263 50
2264 36
2265 40
2266 36
2267 26
2268 22
2269 16
2270 27
2271 25
2272 12
2273 20
2274 14
2275 15
2276 14
2277 19
2278 17
2279 20
2280 14
2281 9
2282 10
2283 19
2284 13
2285 13
2286 12
2287 25
2288 12
2289 17
2290 15
2291 11
2292 20
2293 13
2294 12
2295 9
2296 12
2297 10
2298 17
2299 13
2300 18
2301 14
2302 18
2303 14
2304 14
2305 8
2306 14
2307 18
2308 14
2309 14
2310 11
2311 13
2312 12
2313 10
2314 12
2315 13
2316 11
2317 7
2318 17
2319 14
2320 19
2321 19
2322 15
2323 10
2324 14
2325 11
2326 14
2327 12
2328 21
2329 10
2330 12
2331 17
2332 17
2333 13
2334 14
2335 11
2336 13
2337 11
2338 13
2339 9
2340 8
2341 10
2342 14
2343 22
2344 8
2345 15
2346 9
2347 13
2348 9
2349 20
2350 13
2351 18
2352 18
2353 15
2354 18
2355 10
2356 16
2357 15
2358 19
2359 12
2360 12
2361 13
2362 9
2363 16
2364 17
2365 12
2366 15
2367 18
2368 15
2369 16
2370 17
2371 22
2372 18
2373 13
2374 24
2375 22
2376 23
2377 15
2378 11
2379 13
2380 21
2381 19
2382 12
2383 19
2384 12
2385 17
2386 10
2387 15
2388 13
2389 5
2390 6
2391 9
2392 8
2393 12
2394 15
2395 12
2396 14
2397 15
2398 12
2399 11
2400 12
2401 8
2402 16
2403 14
2404 7
2405 14
2406 13
2407 7
2408 12
2409 6
2410 13
2411 10
2412 15
2413 17
2414 9
2415 10
2416 21
2417 15
2418 9
2419 19
2420 10
2421 9
2422 10
2423 11
2424 10
2425 10
2426 16
2427 17
2428 20
2429 13
2430 15
2431 20
2432 12
2433 21
2434 23
2435 15
2436 17
2437 12
2438 17
2439 21
2440 21
2441 27
2442 34
2443 26
2444 31
2445 32
2446 37
2447 42
2448 53
2449 37
2450 44
2451 51
2452 57
2453 70
2454 67
2455 83
2456 82
2457 113
2458 105
2459 91
2460 85
2461 82
2462 83
2463 88
2464 69
2465 73
2466 58
2467 53
2468 44
2469 49
2470 36
2471 31
2472 29
2473 23
2474 26
2475 23
2476 28
2477 26
2478 20
2479 13
2480 14
2481 21
2482 16
2483 12
2484 14
2485 15
2486 14
2487 11
2488 19
2489 15
2490 16
2491 21
2492 13
2493 14
2494 11
2495 10
2496 14
2497 12
2498 12
2499 13
2500 12
2501 17
2502 17
2503 15
2504 12
2505 9
2506 8
2507 6
2508 12
2509 16
2510 13
2511 15
2512 16
2513 14
2514 11
2515 12
2516 7
2517 11
2518 5
2519 10
2520 9
2521 7
2522 9
2523 11
2524 19
2525 14
2526 13
2527 9
2528 9
2529 16
2530 7
2531 7
2532 12
2533 9
2534 13
2535 7
2536 17
2537 13
2538 9
2539 20
2540 12
2541 12
2542 8
2543 8
2544 7
2545 13
2546 6
2547 9
2548 7
2549 10
2550 9
2551 8
2552 14
2553 14
2554 10
2555 14
2556 8
2557 15
2558 13
2559 15
