0 29
1 19
2 22
3 25
4 20
5 32
6 24
7 34
8 26
9 22
10 27
11 30
12 34
13 18
14 15
15 13
16 24
17 23
18 31
19 21
20 21
21 32
22 22
23 38
24 20
25 29
26 25
27 27
28 31
29 26
30 28
31 31
32 31
33 26
34 30
35 17
36 22
37 28
38 31
39 36
40 20
41 24
42 28
43 33
44 32
45 30
46 27
47 27
48 20
49 24
50 21
51 28
52 19
53 24
54 24
55 30
56 28
57 24
58 36
59 21
60 25
61 26
62 28
63 24
64 24
65 30
66 31
67 38
68 28
69 19
70 31
71 29
72 26
73 29
74 23
75 17
76 25
77 32
78 28
79 27
80 36
81 26
82 16
83 16
84 22
85 23
86 18
87 31
88 21
89 21
90 26
91 20
92 29
93 22
94 13
95 22
96 21
97 23
98 23
99 28
100 31
101 30
102 21
103 27
104 26
105 31
106 21
107 20
108 20
109 32
110 29
111 23
112 27
113 29
114 22
115 28
116 22
117 23
118 33
119 27
120 23
121 32
122 37
123 28
124 31
125 29
126 25
127 32
128 24
129 20
130 23
131 27
132 34
133 40
134 31
135 29
136 27
137 25
138 28
139 30
140 24
141 16
142 26
143 25
144 20
145 22
146 32
147 29
148 32
149 26
150 25
151 35
152 39
153 28
154 28
155 27
156 24
157 23
158 19
159 40
160 32
161 30
162 29
163 34
164 30
165 32
166 31
167 25
168 28
169 28
170 30
171 35
172 18
173 30
174 26
175 34
176 28
177 23
178 34
179 27
180 24
181 25
182 35
183 25
184 37
185 34
186 27
187 20
188 27
189 25
190 22
191 21
192 25
193 33
194 28
195 32
196 33
197 14
198 16
199 28
200 20
201 22
202 29
203 29
204 30
205 25
206 29
207 25
208 20
209 26
210 33
211 30
212 24
213 23
214 27
215 24
216 30
217 28
218 29
219 19
220 27
221 22
222 30
223 23
224 28
225 27
226 25
227 34
228 37
229 27
230 31
231 27
232 33
233 18
234 23
235 28
236 32
237 34
238 33
239 27
240 31
241 29
242 33
243 21
244 18
245 35
246 33
247 33
248 25
249 27
250 22
251 31
252 21
253 32
254 36
255 27
256 34
257 40
258 24
259 30
260 32
261 39
262 24
263 34
264 31
265 38
266 23
267 33
268 31
269 31
270 19
271 33
272 31
273 29
274 42
275 25
276 36
277 37
278 36
279 27
280 36
281 36
282 26
283 30
284 32
285 21
286 26
287 27
288 23
289 24
290 29
291 21
292 37
293 29
294 27
295 37
296 36
297 33
298 34
299 35
300 34
301 30
302 33
303 30
304 25
305 31
306 39
307 35
308 32
309 32
310 28
311 39
312 32
313 36
314 34
315 36
316 32
317 34
318 26
319 19
320 33
321 35
322 39
323 36
324 21
325 45
326 28
327 31
328 25
329 31
330 26
331 33
332 40
333 29
334 30
335 22
336 24
337 34
338 25
339 33
340 28
341 28
342 21
343 37
344 20
345 24
346 31
347 30
348 40
349 25
350 31
351 30
352 30
353 25
354 30
355 28
356 25
357 39
358 34
359 27
360 34
361 33
362 30
363 29
364 29
365 30
366 26
367 28
368 37
369 27
370 44
371 34
372 33
373 32
374 33
375 23
376 22
377 29
378 26
379 33
380 30
381 28
382 34
383 32
384 27
385 36
386 32
387 27
388 36
389 23
390 31
391 36
392 32
393 27
394 22
395 32
396 30
397 30
398 31
399 48
400 30
401 32
402 30
403 34
404 29
405 41
406 32
407 31
408 30
409 35
410 34
411 23
412 29
413 23
414 35
415 33
416 22
417 34
418 33
419 29
420 27
421 36
422 42
423 37
424 37
425 41
426 50
427 25
428 35
429 33
430 43
431 36
432 28
433 31
434 33
435 40
436 31
437 30
438 30
439 33
440 36
441 36
442 34
443 34
444 34
445 26
446 36
447 30
448 31
449 26
450 21
451 33
452 26
453 20
454 31
455 38
456 33
457 27
458 29
459 22
460 34
461 24
462 33
463 29
464 41
465 22
466 25
467 35
468 35
469 41
470 18
471 32
472 29
473 36
474 33
475 30
476 37
477 33
478 30
479 25
480 26
481 25
482 24
483 38
484 34
485 31
486 31
487 45
488 38
489 32
490 35
491 27
492 21
493 35
494 38
495 36
496 35
497 26
498 36
499 30
500 39
501 36
502 31
503 38
504 25
505 34
506 26
507 32
508 47
509 34
510 36
511 35
512 30
513 37
514 37
515 40
516 33
517 37
518 34
519 29
520 35
521 33
522 39
523 37
524 38
525 34
526 24
527 32
528 32
529 36
530 29
531 25
532 39
533 29
534 28
535 42
536 43
537 45
538 29
539 28
540 36
541 42
542 36
543 33
544 30
545 37
546 46
547 30
548 41
549 36
550 38
551 30
552 24
553 37
554 42
555 34
556 30
557 35
558 35
559 46
560 33
561 34
562 26
563 53
564 27
565 30
566 29
567 39
568 27
569 29
570 30
571 31
572 52
573 30
574 28
575 44
576 28
577 43
578 37
579 42
580 37
581 29
582 41
583 38
584 26
585 41
586 41
587 28
588 33
589 29
590 39
591 37
592 36
593 30
594 39
595 29
596 44
597 19
598 58
599 30
600 45
601 41
602 32
603 36
604 30
605 33
606 35
607 40
608 41
609 49
610 38
611 38
612 31
613 49
614 48
615 44
616 38
617 48
618 55
619 68
620 57
621 58
622 62
623 72
624 61
625 85
626 105
627 92
628 121
629 145
630 121
631 101
632 79
633 105
634 93
635 96
636 109
637 101
638 90
639 92
640 73
641 82
642 84
643 69
644 64
645 47
646 43
647 42
648 27
649 25
650 39
651 41
652 35
653 32
654 36
655 37
656 44
657 36
658 33
659 39
660 25
661 32
662 40
663 38
664 30
665 29
666 32
667 39
668 48
669 40
670 31
671 30
672 40
673 46
674 34
675 34
676 48
677 33
678 30
679 41
680 36
681 48
682 38
683 36
684 41
685 36
686 34
687 32
688 28
689 29
690 37
691 31
692 25
693 37
694 28
695 38
696 31
697 37
698 23
699 24
700 34
701 29
702 24
703 38
704 34
705 41
706 27
707 39
708 29
709 34
710 44
711 31
712 35
713 41
714 33
715 29
716 30
717 36
718 29
719 25
720 37
721 34
722 29
723 25
724 35
725 25
726 26
727 36
728 44
729 30
730 34
731 35
732 29
733 25
734 37
735 48
736 33
737 41
738 29
739 40
740 40
741 28
742 28
743 30
744 41
745 32
746 35
747 32
748 33
749 36
750 30
751 31
752 41
753 35
754 35
755 37
756 36
757 37
758 25
759 33
760 32
761 38
762 44
763 41
764 32
765 34
766 31
767 43
768 34
769 27
770 24
771 33
772 28
773 39
774 36
775 50
776 36
777 32
778 20
779 32
780 28
781 40
782 36
783 37
784 36
785 45
786 30
787 33
788 22
789 30
790 50
791 31
792 33
793 35
794 25
795 33
796 44
797 24
798 34
799 33
800 31
801 29
802 25
803 35
804 38
805 28
806 32
807 39
808 28
809 25
810 28
811 35
812 29
813 37
814 34
815 38
816 30
817 24
818 33
819 32
820 27
821 36
822 34
823 32
824 37
825 30
826 41
827 21
828 30
829 27
830 42
831 30
832 31
833 33
834 28
835 45
836 27
837 39
838 23
839 39
840 43
841 38
842 34
843 34
844 28
845 38
846 47
847 46
848 34
849 36
850 31
851 34
852 22
853 41
854 24
855 16
856 25
857 35
858 35
859 32
860 26
861 43
862 41
863 36
864 33
865 42
866 43
867 32
868 32
869 31
870 37
871 30
872 29
873 39
874 35
875 34
876 32
877 24
878 26
879 30
880 32
881 47
882 36
883 30
884 32
885 26
886 40
887 32
888 33
889 40
890 29
891 33
892 28
893 37
894 45
895 31
896 30
897 26
898 30
899 30
900 41
901 27
902 32
903 36
904 29
905 30
906 36
907 41
908 31
909 33
910 25
911 37
912 34
913 28
914 31
915 27
916 46
917 31
918 36
919 31
920 26
921 27
922 37
923 40
924 37
925 29
926 37
927 28
928 33
929 44
930 25
931 32
932 31
933 28
934 31
935 28
936 29
937 24
938 26
939 27
940 28
941 31
942 29
943 26
944 35
945 40
946 26
947 28
948 25
949 28
950 40
951 28
952 32
953 36
954 26
955 35
956 20
957 22
958 31
959 33
960 31
961 35
962 26
963 27
964 30
965 23
966 40
967 46
968 32
969 44
970 21
971 24
972 25
973 28
974 34
975 31
976 32
977 35
978 28
979 39
980 39
981 35
982 30
983 25
984 42
985 39
986 36
987 36
988 35
989 30
990 37
991 29
992 36
993 37
994 29
995 23
996 35
997 29
998 23
999 43
1000 31
1001 31
1002 26
1003 25
1004 34
1005 27
1006 29
1007 32
1008 24
1009 37
1010 29
1011 26
1012 30
1013 29
1014 24
1015 29
1016 29
1017 37
1018 38
1019 35
1020 22
1021 31
1022 25
1023 39
1024 40
1025 41
1026 26
1027 22
1028 26
1029 21
1030 29
1031 33
1032 29
1033 26
1034 25
1035 26
1036 34
1037 31
1038 37
1039 36
1040 32
1041 34
1042 38
1043 34
1044 33
1045 31
1046 25
1047 24
1048 31
1049 31
1050 29
1051 27
1052 19
1053 34
1054 35
1055 36
1056 29
1057 30
1058 23
1059 30
1060 30
1061 32
1062 31
1063 37
1064 36
1065 29
1066 37
1067 28
1068 25
1069 29
1070 27
1071 39
1072 18
1073 30
1074 28
1075 28
1076 29
1077 37
1078 32
1079 35
1080 34
1081 37
1082 32
1083 36
1084 31
1085 21
1086 33
1087 33
1088 25
1089 33
1090 29
1091 40
1092 31
1093 28
1094 22
1095 25
1096 38
1097 31
1098 28
1099 19
1100 33
1101 29
1102 27
1103 26
1104 18
1105 34
1106 46
1107 30
1108 34
1109 29
1110 18
1111 29
1112 34
1113 29
1114 32
1115 33
1116 24
1117 28
1118 30
1119 34
1120 29
1121 33
1122 32
1123 34
1124 31
1125 28
1126 37
1127 33
1128 32
1129 25
1130 29
1131 29
1132 33
1133 25
1134 27
1135 26
1136 25
1137 28
1138 18
1139 32
1140 29
1141 30
1142 25
1143 48
1144 35
1145 46
1146 34
1147 37
1148 26
1149 35
1150 31
1151 21
1152 37
1153 33
1154 26
1155 30
1156 38
1157 35
1158 35
1159 48
1160 60
1161 73
1162 62
1163 77
1164 90
1165 94
1166 109
1167 125
1168 140
1169 172
1170 168
1171 200
1172 236
1173 290
1174 297
1175 341
1176 337
1177 396
1178 394
1179 444
1180 480
1181 505
1182 510
1183 463
1184 504
1185 395
1186 294
1187 197
1188 147
1189 107
1190 122
1191 91
1192 80
1193 39
1194 35
1195 25
1196 33
1197 39
1198 39
1199 39
1200 27
1201 32
1202 38
1203 27
1204 30
1205 33
1206 32
1207 19
1208 34
1209 37
1210 27
1211 43
1212 16
1213 39
1214 21
1215 31
1216 39
1217 35
1218 35
1219 29
1220 27
1221 24
1222 30
1223 49
1224 29
1225 31
1226 27
1227 43
1228 29
1229 27
1230 28
1231 34
1232 45
1233 23
1234 25
1235 37
1236 25
1237 31
1238 27
1239 36
1240 42
1241 30
1242 30
1243 18
1244 30
1245 29
1246 22
1247 31
1248 26
1249 36
1250 24
1251 21
1252 24
1253 23
1254 25
1255 34
1256 31
1257 30
1258 27
1259 24
1260 24
1261 36
1262 25
1263 30
1264 32
1265 32
1266 35
1267 22
1268 24
1269 18
1270 25
1271 20
1272 14
1273 20
1274 19
1275 23
1276 16
1277 14
1278 12
1279 6
1280 26
1281 23
1282 15
1283 23
1284 22
1285 30
1286 26
1287 19
1288 23
1289 21
1290 26
1291 24
1292 20
1293 30
1294 25
1295 22
1296 21
1297 17
1298 20
1299 18
1300 21
1301 23
1302 21
1303 24
1304 19
1305 32
1306 19
1307 18
1308 17
1309 25
1310 28
1311 22
1312 24
1313 24
1314 17
1315 19
1316 16
1317 26
1318 26
1319 25
1320 26
1321 18
1322 19
1323 14
1324 16
1325 19
1326 26
1327 14
1328 22
1329 28
1330 20
1331 21
1332 17
1333 19
1334 35
1335 24
1336 19
1337 22
1338 22
1339 22
1340 22
1341 27
1342 25
1343 19
1344 23
1345 17
1346 30
1347 16
1348 27
1349 29
1350 21
1351 19
1352 23
1353 26
1354 21
1355 19
1356 16
1357 23
1358 13
1359 24
1360 22
1361 24
1362 24
1363 18
1364 23
1365 12
1366 18
1367 19
1368 29
1369 23
1370 17
1371 23
1372 21
1373 29
1374 26
1375 29
1376 14
1377 19
1378 27
1379 23
1380 21
1381 27
1382 23
1383 16
1384 24
1385 18
1386 28
1387 23
1388 28
1389 27
1390 34
1391 23
1392 39
1393 34
1394 42
1395 39
1396 31
1397 30
1398 43
1399 46
1400 34
1401 40
1402 35
1403 31
1404 47
1405 31
1406 32
1407 30
1408 40
1409 27
1410 29
1411 18
1412 26
1413 21
1414 12
1415 21
1416 19
1417 21
1418 17
1419 23
1420 18
1421 23
1422 16
1423 19
1424 29
1425 21
1426 21
1427 29
1428 19
1429 18
1430 21
1431 27
1432 19
1433 28
1434 22
1435 27
1436 17
1437 18
1438 13
1439 20
1440 26
1441 20
1442 21
1443 25
1444 21
1445 14
1446 14
1447 11
1448 19
1449 23
1450 26
1451 19
1452 31
1453 32
1454 24
1455 31
1456 28
1457 23
1458 21
1459 21
1460 17
1461 16
1462 16
1463 20
1464 30
1465 18
1466 23
1467 20
1468 24
1469 28
1470 29
1471 32
1472 37
1473 33
1474 42
1475 56
1476 49
1477 54
1478 67
1479 109
1480 119
1481 118
1482 142
1483 133
1484 189
1485 204
1486 230
1487 230
1488 227
1489 232
1490 211
1491 225
1492 218
1493 221
1494 177
1495 204
1496 219
1497 115
1498 81
1499 56
1500 51
1501 32
1502 33
1503 20
1504 26
1505 26
1506 37
1507 18
1508 17
1509 26
1510 22
1511 17
1512 19
1513 20
1514 23
1515 19
1516 21
1517 26
1518 24
1519 20
1520 17
1521 30
1522 25
1523 19
1524 15
1525 25
1526 23
1527 16
1528 16
1529 14
1530 19
1531 21
1532 18
1533 16
1534 18
1535 25
1536 17
1537 28
1538 22
1539 28
1540 17
1541 20
1542 26
1543 13
1544 16
1545 19
1546 16
1547 19
1548 20
1549 14
1550 12
1551 16
1552 19
1553 16
1554 14
1555 18
1556 21
1557 16
1558 21
1559 16
1560 21
1561 19
1562 21
1563 16
1564 13
1565 15
1566 25
1567 20
1568 19
1569 13
1570 25
1571 24
1572 22
1573 20
1574 25
1575 16
1576 20
1577 16
1578 26
1579 16
1580 18
1581 18
1582 18
1583 22
1584 15
1585 21
1586 13
1587 21
1588 16
1589 15
1590 18
1591 29
1592 16
1593 19
1594 17
1595 9
1596 20
1597 17
1598 21
1599 19
1600 16
1601 22
1602 21
1603 23
1604 21
1605 19
1606 18
1607 18
1608 20
1609 19
1610 14
1611 19
1612 22
1613 13
1614 26
1615 20
1616 14
1617 20
1618 26
1619 34
1620 17
1621 14
1622 17
1623 19
1624 24
1625 17
1626 20
1627 18
1628 18
1629 20
1630 19
1631 14
1632 20
1633 19
1634 20
1635 19
1636 17
1637 24
1638 23
1639 20
1640 17
1641 25
1642 23
1643 14
1644 13
1645 18
1646 19
1647 17
1648 21
1649 24
1650 23
1651 19
1652 17
1653 17
1654 16
1655 22
1656 20
1657 15
1658 13
1659 14
1660 18
1661 15
1662 23
1663 10
1664 33
1665 21
1666 13
1667 16
1668 21
1669 20
1670 18
1671 19
1672 18
1673 21
1674 22
1675 20
1676 16
1677 13
1678 28
1679 14
1680 15
1681 15
1682 19
1683 13
1684 23
1685 19
1686 19
1687 26
1688 25
1689 19
1690 23
1691 25
1692 22
1693 23
1694 18
1695 16
1696 14
1697 21
1698 20
1699 16
1700 17
1701 17
1702 12
1703 22
1704 21
1705 15
1706 18
1707 19
1708 22
1709 16
1710 18
1711 17
1712 14
1713 13
1714 21
1715 20
1716 19
1717 11
1718 21
1719 19
1720 26
1721 16
1722 16
1723 11
1724 21
1725 17
1726 18
1727 18
1728 12
1729 12
1730 25
1731 16
1732 18
1733 21
1734 17
1735 17
1736 18
1737 19
1738 21
1739 26
1740 25
1741 16
1742 18
1743 19
1744 16
1745 24
1746 12
1747 14
1748 18
1749 13
1750 20
1751 13
1752 16
1753 20
1754 21
1755 26
1756 17
1757 13
1758 19
1759 18
1760 18
1761 21
1762 19
1763 15
1764 17
1765 15
1766 17
1767 14
1768 20
1769 14
1770 23
1771 13
1772 15
1773 14
1774 17
1775 16
1776 12
1777 17
1778 25
1779 11
1780 15
1781 19
1782 14
1783 13
1784 13
1785 14
1786 18
1787 15
1788 17
1789 20
1790 18
1791 18
1792 18
1793 16
1794 23
1795 18
1796 22
1797 10
1798 15
1799 12
1800 23
1801 14
1802 15
1803 23
1804 12
1805 19
1806 25
1807 19
1808 19
1809 13
1810 18
1811 16
1812 14
1813 13
1814 18
1815 19
1816 18
1817 12
1818 22
1819 15
1820 19
1821 19
1822 13
1823 22
1824 21
1825 21
1826 10
1827 17
1828 15
1829 19
1830 21
1831 12
1832 15
1833 16
1834 11
1835 13
1836 13
1837 15
1838 21
1839 12
1840 18
1841 16
1842 15
1843 29
1844 9
1845 20
1846 16
1847 15
1848 22
1849 15
1850 9
1851 17
1852 23
1853 21
1854 22
1855 13
1856 14
1857 20
1858 12
1859 19
1860 24
1861 14
1862 14
1863 15
1864 15
1865 17
1866 25
1867 27
1868 20
1869 23
1870 21
1871 16
1872 16
1873 16
1874 18
1875 15
1876 20
1877 19
1878 16
1879 10
1880 19
1881 18
1882 14
1883 18
1884 15
1885 17
1886 23
1887 14
1888 18
1889 19
1890 11
1891 15
1892 13
1893 17
1894 20
1895 18
1896 14
1897 14
1898 17
1899 21
1900 16
1901 23
1902 11
1903 18
1904 16
1905 18
1906 20
1907 15
1908 18
1909 10
1910 15
1911 15
1912 22
1913 13
1914 21
1915 13
1916 19
1917 28
1918 29
1919 20
1920 15
1921 32
1922 22
1923 18
1924 22
1925 15
1926 19
1927 12
1928 11
1929 25
1930 20
1931 20
1932 17
1933 17
1934 12
1935 17
1936 18
1937 22
1938 18
1939 19
1940 18
1941 18
1942 25
1943 13
1944 19
1945 15
1946 17
1947 13
1948 12
1949 28
1950 21
1951 27
1952 18
1953 16
1954 31
1955 26
1956 17
1957 23
1958 37
1959 18
1960 36
1961 38
1962 58
1963 63
1964 44
1965 51
1966 86
1967 116
1968 188
1969 198
1970 206
1971 169
1972 161
1973 120
1974 128
1975 95
1976 85
1977 74
1978 92
1979 68
1980 65
1981 72
1982 71
1983 65
1984 67
1985 60
1986 51
1987 41
1988 44
1989 27
1990 22
1991 16
1992 19
1993 12
1994 11
1995 18
1996 14
1997 16
1998 10
1999 13
2000 15
2001 12
2002 17
2003 21
2004 17
2005 11
2006 16
2007 16
2008 9
2009 8
2010 20
2011 18
2012 18
2013 18
2014 14
2015 11
2016 11
2017 11
2018 19
2019 17
2020 13
2021 12
2022 14
2023 8
2024 22
2025 20
2026 18
2027 13
2028 19
2029 11
2030 14
2031 12
2032 23
2033 13
2034 21
2035 12
2036 10
2037 9
2038 18
2039 9
2040 20
2041 12
2042 16
2043 13
2044 12
2045 19
2046 12
2047 11
2048 17
2049 13
2050 12
2051 12
2052 8
2053 11
2054 14
2055 20
2056 15
2057 16
2058 12
2059 9
2060 17
2061 11
2062 18
2063 12
2064 14
2065 14
2066 19
2067 12
2068 19
2069 7
2070 20
2071 17
2072 17
2073 14
2074 11
2075 13
2076 15
2077 16
2078 18
2079 13
2080 15
2081 15
2082 13
2083 10
2084 13
2085 15
2086 14
2087 16
2088 14
2089 14
2090 22
2091 11
2092 23
2093 24
2094 13
2095 17
2096 15
2097 10
2098 12
2099 19
2100 12
2101 11
2102 20
2103 12
2104 13
2105 12
2106 13
2107 17
2108 14
2109 9
2110 20
2111 19
2112 12
2113 15
2114 16
2115 12
2116 9
2117 15
2118 23
2119 8
2120 9
2121 17
2122 12
2123 8
2124 18
2125 10
2126 7
2127 11
2128 10
2129 21
2130 14
2131 19
2132 8
2133 16
2134 13
2135 17
2136 23
2137 15
2138 10
2139 16
2140 12
2141 15
2142 9
2143 10
2144 10
2145 14
2146 13
2147 11
2148 7
2149 20
2150 16
2151 19
2152 17
2153 17
2154 21
2155 7
2156 18
2157 12
2158 16
2159 17
2160 15
2161 11
2162 11
2163 20
2164 14
2165 14
2166 7
2167 10
2168 5
2169 16
2170 10
2171 11
2172 16
2173 16
2174 18
2175 19
2176 14
2177 27
2178 16
2179 22
2180 14
2181 11
2182 11
2183 17
2184 13
2185 14
2186 12
2187 14
2188 14
2189 15
2190 17
2191 11
2192 20
2193 12
2194 21
2195 14
2196 23
2197 18
2198 14
2199 16
2200 12
2201 12
2202 19
2203 16
2204 12
2205 16
2206 14
2207 14
2208 13
2209 10
2210 16
2211 18
2212 9
2213 22
2214 19
2215 19
2216 21
2217 23
2218 21
2219 28
2220 34
2221 51
2222 48
2223 55
2224 49
2225 61
2226 51
2227 70
2228 77
2229 113
2230 137
2231 160
2232 162
2233 184
2234 191
2235 245
2236 254
2237 271
2238 334
2239 348
2240 347
2241 469
2242 517
2243 555
2244 606
2245 543
2246 471
2247 393
2248 439
2249 419
2250 320
2251 310
2252 267
2253 224
2254 166
2255 161
2256 154
2257 145
2258 105
2259 98
2260 75
2261 56
2262 40
2263 28
2264 40
2265 33
2266 26
2267 28
2268 18
2269 15
2270 17
2271 15
2272 13
2273 11
2274 11
2275 17
2276 22
2277 16
2278 11
2279 14
2280 13
2281 8
2282 12
2283 12
2284 12
2285 23
2286 22
2287 20
2288 19
2289 22
2290 13
2291 16
2292 19
2293 16
2294 15
2295 15
2296 13
2297 14
2298 21
2299 22
2300 19
2301 11
2302 20
2303 11
2304 19
2305 13
2306 14
2307 11
2308 13
2309 16
2310 18
2311 19
2312 20
2313 15
2314 20
2315 5
2316 10
2317 11
2318 13
2319 19
2320 19
2321 18
2322 16
2323 11
2324 17
2325 14
2326 13
2327 9
2328 16
2329 8
2330 11
2331 8
2332 19
2333 15
2334 16
2335 9
2336 16
2337 10
2338 11
2339 13
2340 17
2341 11
2342 14
2343 16
2344 15
2345 15
2346 12
2347 19
2348 20
2349 17
2350 10
2351 13
2352 11
2353 12
2354 13
2355 11
2356 15
2357 12
2358 19
2359 19
2360 16
2361 13
2362 18
2363 12
2364 19
2365 17
2366 13
2367 20
2368 25
2369 10
2370 15
2371 18
2372 22
2373 16
2374 13
2375 17
2376 16
2377 18
2378 18
2379 11
2380 8
2381 13
2382 15
2383 12
2384 12
2385 19
2386 16
2387 10
2388 12
2389 13
2390 14
2391 14
2392 11
2393 18
2394 14
2395 12
2396 10
2397 14
2398 16
2399 9
2400 13
2401 8
2402 19
2403 17
2404 15
2405 12
2406 12
2407 14
2408 15
2409 9
2410 19
2411 9
2412 12
2413 14
2414 11
2415 12
2416 11
2417 19
2418 11
2419 15
2420 16
2421 15
2422 12
2423 21
2424 12
2425 15
2426 22
2427 9
2428 11
2429 10
2430 15
2431 19
2432 15
2433 16
2434 15
2435 23
2436 27
2437 16
2438 21
2439 22
2440 19
2441 49
2442 32
2443 32
2444 34
2445 41
2446 50
2447 55
2448 57
2449 64
2450 59
2451 43
2452 69
2453 75
2454 74
2455 67
2456 65
2457 99
2458 70
2459 75
2460 79
2461 71
2462 58
2463 52
2464 66
2465 59
2466 43
2467 36
2468 34
2469 30
2470 33
2471 22
2472 22
2473 28
2474 22
2475 16
2476 20
2477 20
2478 14
2479 26
2480 16
2481 15
2482 15
2483 9
2484 11
2485 12
2486 15
2487 15
2488 14
2489 6
2490 13
2491 7
2492 12
2493 23
2494 10
2495 9
2496 9
2497 20
2498 10
2499 9
2500 12
2501 10
2502 14
2503 19
2504 21
2505 12
2506 11
2507 12
2508 10
2509 16
2510 9
2511 9
2512 17
2513 9
2514 8
2515 13
2516 10
2517 14
2518 12
2519 7
2520 10
2521 13
2522 10
2523 8
2524 17
2525 11
2526 15
2527 21
2528 16
2529 9
2530 7
2531 4
2532 8
2533 12
2534 8
2535 11
2536 11
2537 12
2538 8
2539 7
2540 10
2541 13
2542 10
2543 8
2544 13
2545 9
2546 13
2547 3
2548 5
2549 8
2550 11
2551 13
2552 11
2553 12
2554 13
2555 14
2556 20
2557 6
2558 11
2559 12
