0 53
1 30
2 20
3 25
4 30
5 34
6 28
7 35
8 39
9 38
10 28
11 34
12 19
13 30
14 45
15 27
16 31
17 31
18 36
19 34
20 40
21 32
22 46
23 30
24 23
25 36
26 36
27 36
28 31
29 34
30 34
31 38
32 42
33 34
34 35
35 28
36 40
37 33
38 42
39 40
40 43
41 47
42 31
43 41
44 33
45 34
46 28
47 38
48 27
49 28
50 32
51 43
52 30
53 34
54 34
55 30
56 35
57 36
58 27
59 32
60 31
61 32
62 26
63 36
64 41
65 40
66 38
67 30
68 35
69 33
70 33
71 39
72 30
73 43
74 38
75 37
76 45
77 29
78 26
79 33
80 34
81 25
82 31
83 41
84 27
85 40
86 35
87 43
88 30
89 38
90 29
91 35
92 39
93 30
94 50
95 42
96 30
97 28
98 33
99 37
100 41
101 32
102 42
103 31
104 26
105 30
106 36
107 30
108 30
109 29
110 36
111 45
112 42
113 36
114 31
115 45
116 27
117 22
118 37
119 25
120 34
121 40
122 29
123 45
124 36
125 25
126 26
127 34
128 26
129 22
130 30
131 40
132 33
133 42
134 42
135 39
136 55
137 38
138 40
139 44
140 47
141 32
142 38
143 38
144 39
145 48
146 42
147 40
148 37
149 46
150 31
151 38
152 30
153 34
154 43
155 41
156 44
157 34
158 43
159 31
160 35
161 35
162 29
163 40
164 30
165 37
166 40
167 37
168 44
169 36
170 37
171 42
172 35
173 38
174 43
175 36
176 36
177 32
178 40
179 37
180 38
181 27
182 33
183 45
184 48
185 29
186 38
187 36
188 39
189 37
190 38
191 30
192 37
193 34
194 37
195 34
196 45
197 41
198 35
199 35
200 30
201 45
202 28
203 37
204 35
205 34
206 46
207 43
208 36
209 31
210 43
211 23
212 31
213 46
214 41
215 37
216 41
217 34
218 36
219 32
220 29
221 30
222 32
223 38
224 26
225 37
226 44
227 34
228 31
229 33
230 35
231 38
232 38
233 37
234 39
235 42
236 36
237 52
238 30
239 44
240 28
241 44
242 41
243 38
244 46
245 47
246 30
247 43
248 43
249 26
250 41
251 56
252 42
253 44
254 41
255 39
256 30
257 36
258 52
259 51
260 38
261 35
262 43
263 43
264 35
265 52
266 55
267 33
268 37
269 29
270 39
271 39
272 37
273 57
274 42
275 34
276 44
277 28
278 40
279 40
280 48
281 43
282 44
283 38
284 28
285 44
286 40
287 43
288 39
289 28
290 41
291 39
292 33
293 27
294 30
295 48
296 45
297 35
298 54
299 39
300 39
301 39
302 41
303 39
304 39
305 34
306 44
307 35
308 40
309 46
310 45
311 46
312 38
313 37
314 32
315 34
316 32
317 46
318 45
319 45
320 47
321 39
322 44
323 35
324 37
325 41
326 39
327 39
328 34
329 41
330 38
331 43
332 33
333 38
334 42
335 31
336 35
337 35
338 37
339 44
340 39
341 33
342 41
343 41
344 38
345 43
346 40
347 31
348 36
349 39
350 43
351 34
352 52
353 43
354 52
355 37
356 32
357 42
358 32
359 50
360 46
361 43
362 40
363 37
364 53
365 45
366 49
367 41
368 46
369 30
370 33
371 34
372 40
373 60
374 32
375 53
376 39
377 24
378 32
379 38
380 33
381 38
382 33
383 44
384 49
385 47
386 34
387 53
388 45
389 25
390 51
391 39
392 39
393 38
394 42
395 43
396 32
397 38
398 40
399 46
400 45
401 38
402 47
403 43
404 41
405 45
406 33
407 50
408 43
409 45
410 41
411 38
412 48
413 50
414 30
415 31
416 36
417 44
418 33
419 49
420 52
421 44
422 34
423 42
424 36
425 41
426 42
427 45
428 37
429 46
430 36
431 35
432 39
433 45
434 31
435 49
436 38
437 51
438 48
439 22
440 40
441 52
442 31
443 51
444 41
445 48
446 36
447 49
448 42
449 61
450 44
451 32
452 28
453 48
454 41
455 39
456 33
457 52
458 39
459 49
460 31
461 28
462 49
463 45
464 44
465 44
466 40
467 43
468 47
469 53
470 25
471 36
472 51
473 53
474 36
475 41
476 46
477 42
478 42
479 41
480 48
481 32
482 51
483 47
484 56
485 37
486 49
487 45
488 58
489 62
490 41
491 58
492 53
493 64
494 49
495 60
496 62
497 73
498 71
499 69
500 59
501 63
502 81
503 81
504 76
505 87
506 89
507 98
508 121
509 117
510 98
511 94
512 121
513 128
514 116
515 119
516 103
517 93
518 85
519 99
520 67
521 66
522 47
523 51
524 53
525 25
526 36
527 54
528 44
529 35
530 45
531 45
532 33
533 36
534 47
535 44
536 49
537 31
538 55
539 33
540 45
541 51
542 42
543 32
544 35
545 40
546 38
547 47
548 49
549 55
550 44
551 43
552 27
553 32
554 44
555 43
556 48
557 43
558 51
559 37
560 41
561 28
562 55
563 42
564 35
565 49
566 31
567 33
568 39
569 43
570 35
571 39
572 34
573 45
574 43
575 34
576 41
577 57
578 33
579 47
580 37
581 48
582 52
583 46
584 37
585 37
586 44
587 42
588 48
589 50
590 42
591 52
592 38
593 50
594 39
595 32
596 43
597 37
598 42
599 40
600 45
601 43
602 35
603 40
604 26
605 55
606 46
607 40
608 36
609 37
610 47
611 39
612 43
613 37
614 33
615 48
616 38
617 38
618 22
619 36
620 45
621 30
622 34
623 43
624 37
625 30
626 31
627 40
628 35
629 41
630 42
631 44
632 28
633 43
634 32
635 48
636 44
637 59
638 53
639 42
640 37
641 48
642 49
643 57
644 42
645 35
646 38
647 37
648 44
649 34
650 38
651 51
652 44
653 36
654 39
655 43
656 48
657 54
658 49
659 46
660 36
661 37
662 41
663 53
664 39
665 46
666 47
667 48
668 38
669 53
670 53
671 47
672 36
673 41
674 50
675 41
676 61
677 33
678 50
679 35
680 35
681 48
682 44
683 38
684 44
685 51
686 47
687 44
688 45
689 39
690 47
691 32
692 41
693 47
694 43
695 33
696 41
697 34
698 35
699 43
700 24
701 50
702 35
703 31
704 45
705 37
706 49
707 44
708 37
709 26
710 40
711 36
712 53
713 39
714 43
715 41
716 36
717 39
718 43
719 34
720 39
721 21
722 41
723 35
724 43
725 28
726 32
727 39
728 42
729 47
730 52
731 51
732 48
733 41
734 39
735 27
736 41
737 38
738 47
739 39
740 43
741 43
742 31
743 35
744 38
745 26
746 41
747 28
748 39
749 37
750 25
751 34
752 32
753 52
754 42
755 41
756 36
757 45
758 41
759 39
760 47
761 37
762 41
763 39
764 42
765 37
766 49
767 44
768 43
769 36
770 36
771 50
772 42
773 30
774 44
775 55
776 33
777 46
778 31
779 37
780 44
781 45
782 40
783 47
784 37
785 39
786 37
787 43
788 41
789 40
790 37
791 48
792 36
793 36
794 41
795 41
796 35
797 35
798 31
799 46
800 43
801 32
802 30
803 40
804 35
805 29
806 55
807 33
808 50
809 34
810 44
811 44
812 32
813 50
814 32
815 34
816 42
817 43
818 38
819 32
820 36
821 30
822 34
823 35
824 30
825 47
826 33
827 47
828 31
829 32
830 46
831 33
832 45
833 44
834 41
835 34
836 43
837 42
838 33
839 48
840 40
841 31
842 38
843 54
844 46
845 52
846 42
847 29
848 41
849 41
850 30
851 36
852 36
853 37
854 26
855 33
856 40
857 37
858 35
859 43
860 35
861 34
862 30
863 38
864 30
865 39
866 39
867 31
868 49
869 37
870 46
871 34
872 29
873 41
874 30
875 43
876 38
877 41
878 31
879 29
880 37
881 33
882 25
883 38
884 43
885 34
886 41
887 33
888 27
889 37
890 36
891 32
892 44
893 30
894 28
895 34
896 36
897 27
898 36
899 43
900 38
901 36
902 35
903 41
904 27
905 43
906 42
907 43
908 48
909 32
910 35
911 42
912 40
913 45
914 37
915 47
916 44
917 43
918 34
919 40
920 38
921 30
922 26
923 31
924 43
925 47
926 34
927 33
928 39
929 28
930 30
931 39
932 32
933 33
934 35
935 36
936 37
937 30
938 33
939 24
940 29
941 45
942 42
943 35
944 34
945 33
946 35
947 38
948 39
949 27
950 39
951 37
952 34
953 31
954 28
955 29
956 36
957 27
958 41
959 48
960 39
961 30
962 36
963 38
964 34
965 49
966 38
967 38
968 43
969 38
970 31
971 38
972 39
973 31
974 45
975 41
976 43
977 30
978 35
979 42
980 50
981 37
982 30
983 33
984 36
985 42
986 31
987 40
988 33
989 40
990 40
991 36
992 24
993 42
994 41
995 39
996 48
997 56
998 56
999 57
1000 61
1001 43
1002 56
1003 56
1004 73
1005 100
1006 123
1007 115
1008 132
1009 126
1010 141
1011 174
1012 223
1013 227
1014 286
1015 363
1016 381
1017 333
1018 372
1019 429
1020 392
1021 436
1022 394
1023 447
1024 416
1025 382
1026 514
1027 505
1028 420
1029 291
1030 224
1031 204
1032 127
1033 107
1034 100
1035 59
1036 48
1037 36
1038 40
1039 31
1040 39
1041 44
1042 39
1043 39
1044 44
1045 34
1046 36
1047 39
1048 39
1049 24
1050 31
1051 24
1052 43
1053 39
1054 40
1055 34
1056 33
1057 26
1058 42
1059 41
1060 46
1061 27
1062 38
1063 40
1064 37
1065 36
1066 27
1067 46
1068 30
1069 28
1070 38
1071 41
1072 38
1073 40
1074 32
1075 35
1076 54
1077 23
1078 30
1079 50
1080 43
1081 45
1082 45
1083 38
1084 24
1085 37
1086 37
1087 44
1088 39
1089 40
1090 30
1091 26
1092 41
1093 31
1094 42
1095 34
1096 35
1097 39
1098 30
1099 33
1100 36
1101 32
1102 40
1103 33
1104 38
1105 31
1106 33
1107 24
1108 38
1109 33
1110 36
1111 36
1112 35
1113 25
1114 31
1115 31
1116 26
1117 31
1118 37
1119 30
1120 40
1121 37
1122 26
1123 30
1124 42
1125 46
1126 35
1127 34
1128 20
1129 36
1130 28
1131 61
1132 30
1133 33
1134 28
1135 27
1136 43
1137 28
1138 43
1139 44
1140 37
1141 33
1142 45
1143 36
1144 42
1145 51
1146 47
1147 49
1148 46
1149 68
1150 64
1151 75
1152 63
1153 64
1154 52
1155 70
1156 60
1157 59
1158 85
1159 78
1160 78
1161 89
1162 66
1163 46
1164 49
1165 50
1166 33
1167 34
1168 39
1169 31
1170 33
1171 39
1172 37
1173 36
1174 34
1175 43
1176 36
1177 32
1178 30
1179 33
1180 36
1181 32
1182 35
1183 25
1184 25
1185 29
1186 33
1187 28
1188 30
1189 32
1190 26
1191 31
1192 34
1193 31
1194 34
1195 34
1196 31
1197 33
1198 31
1199 39
1200 35
1201 30
1202 28
1203 34
1204 26
1205 39
1206 36
1207 40
1208 28
1209 23
1210 37
1211 30
1212 34
1213 29
1214 36
1215 22
1216 28
1217 26
1218 31
1219 28
1220 26
1221 29
1222 41
1223 30
1224 34
1225 32
1226 28
1227 33
1228 38
1229 27
1230 22
1231 21
1232 30
1233 27
1234 28
1235 21
1236 20
1237 22
1238 26
1239 38
1240 24
1241 36
1242 35
1243 31
1244 33
1245 22
1246 32
1247 29
1248 24
1249 25
1250 31
1251 30
1252 41
1253 40
1254 29
1255 34
1256 33
1257 32
1258 26
1259 18
1260 35
1261 29
1262 38
1263 37
1264 27
1265 33
1266 31
1267 18
1268 29
1269 24
1270 21
1271 20
1272 16
1273 14
1274 28
1275 21
1276 20
1277 16
1278 16
1279 26
1280 22
1281 35
1282 38
1283 44
1284 43
1285 36
1286 50
1287 53
1288 70
1289 88
1290 86
1291 116
1292 98
1293 123
1294 130
1295 162
1296 182
1297 159
1298 163
1299 133
1300 166
1301 176
1302 193
1303 228
1304 259
1305 230
1306 223
1307 232
1308 212
1309 156
1310 117
1311 112
1312 113
1313 71
1314 51
1315 53
1316 49
1317 64
1318 42
1319 32
1320 42
1321 26
1322 34
1323 31
1324 29
1325 36
1326 30
1327 21
1328 15
1329 24
1330 25
1331 20
1332 24
1333 18
1334 25
1335 31
1336 28
1337 25
1338 19
1339 25
1340 31
1341 33
1342 26
1343 22
1344 14
1345 32
1346 28
1347 28
1348 26
1349 25
1350 23
1351 21
1352 26
1353 20
1354 19
1355 28
1356 28
1357 27
1358 21
1359 27
1360 23
1361 20
1362 23
1363 21
1364 17
1365 20
1366 25
1367 18
1368 19
1369 29
1370 27
1371 25
1372 30
1373 34
1374 25
1375 26
1376 28
1377 21
1378 26
1379 22
1380 24
1381 27
1382 26
1383 22
1384 32
1385 20
1386 28
1387 31
1388 24
1389 20
1390 27
1391 28
1392 11
1393 25
1394 26
1395 26
1396 26
1397 21
1398 19
1399 18
1400 20
1401 19
1402 20
1403 26
1404 29
1405 26
1406 16
1407 22
1408 21
1409 24
1410 19
1411 18
1412 27
1413 13
1414 18
1415 29
1416 26
1417 27
1418 26
1419 27
1420 24
1421 23
1422 20
1423 26
1424 18
1425 23
1426 29
1427 27
1428 25
1429 27
1430 25
1431 26
1432 26
1433 20
1434 19
1435 21
1436 25
1437 18
1438 25
1439 27
1440 25
1441 26
1442 22
1443 19
1444 24
1445 16
1446 20
1447 25
1448 23
1449 20
1450 23
1451 27
1452 26
1453 20
1454 17
1455 20
1456 20
1457 34
1458 22
1459 22
1460 24
1461 21
1462 18
1463 28
1464 23
1465 18
1466 24
1467 21
1468 25
1469 21
1470 25
1471 24
1472 26
1473 24
1474 27
1475 24
1476 15
1477 20
1478 23
1479 25
1480 22
1481 30
1482 30
1483 25
1484 29
1485 17
1486 18
1487 24
1488 18
1489 28
1490 27
1491 20
1492 30
1493 15
1494 22
1495 26
1496 17
1497 30
1498 23
1499 18
1500 19
1501 28
1502 17
1503 26
1504 14
1505 21
1506 19
1507 19
1508 19
1509 21
1510 22
1511 20
1512 25
1513 16
1514 24
1515 15
1516 21
1517 24
1518 21
1519 22
1520 17
1521 28
1522 25
1523 26
1524 21
1525 21
1526 27
1527 14
1528 14
1529 29
1530 14
1531 17
1532 21
1533 21
1534 12
1535 24
1536 20
1537 23
1538 23
1539 18
1540 17
1541 20
1542 14
1543 20
1544 20
1545 19
1546 16
1547 22
1548 16
1549 20
1550 25
1551 19
1552 24
1553 23
1554 19
1555 12
1556 17
1557 23
1558 25
1559 25
1560 20
1561 16
1562 22
1563 17
1564 20
1565 13
1566 16
1567 20
1568 25
1569 13
1570 16
1571 19
1572 23
1573 23
1574 23
1575 23
1576 23
1577 16
1578 24
1579 16
1580 22
1581 21
1582 22
1583 25
1584 20
1585 17
1586 15
1587 16
1588 24
1589 21
1590 18
1591 27
1592 22
1593 18
1594 22
1595 22
1596 23
1597 23
1598 15
1599 19
1600 22
1601 21
1602 26
1603 17
1604 19
1605 25
1606 21
1607 18
1608 25
1609 22
1610 19
1611 16
1612 14
1613 24
1614 17
1615 21
1616 20
1617 17
1618 16
1619 23
1620 23
1621 19
1622 20
1623 33
1624 29
1625 13
1626 13
1627 20
1628 16
1629 23
1630 18
1631 23
1632 16
1633 21
1634 17
1635 20
1636 23
1637 19
1638 21
1639 15
1640 16
1641 19
1642 21
1643 17
1644 28
1645 31
1646 10
1647 26
1648 27
1649 19
1650 16
1651 16
1652 22
1653 28
1654 23
1655 20
1656 18
1657 25
1658 15
1659 17
1660 18
1661 21
1662 24
1663 20
1664 28
1665 17
1666 20
1667 17
1668 26
1669 28
1670 26
1671 21
1672 20
1673 25
1674 22
1675 24
1676 23
1677 15
1678 19
1679 17
1680 13
1681 21
1682 16
1683 21
1684 21
1685 22
1686 22
1687 16
1688 17
1689 19
1690 23
1691 21
1692 16
1693 26
1694 20
1695 20
1696 15
1697 11
1698 23
1699 21
1700 25
1701 17
1702 29
1703 29
1704 18
1705 24
1706 21
1707 29
1708 28
1709 25
1710 20
1711 23
1712 26
1713 15
1714 26
1715 18
1716 21
1717 23
1718 27
1719 23
1720 19
1721 25
1722 20
1723 20
1724 13
1725 22
1726 22
1727 22
1728 21
1729 13
1730 21
1731 23
1732 24
1733 25
1734 51
1735 41
1736 47
1737 39
1738 48
1739 34
1740 38
1741 39
1742 48
1743 70
1744 76
1745 63
1746 47
1747 43
1748 42
1749 58
1750 68
1751 93
1752 85
1753 68
1754 104
1755 87
1756 145
1757 138
1758 145
1759 118
1760 92
1761 111
1762 105
1763 67
1764 76
1765 61
1766 56
1767 60
1768 86
1769 47
1770 48
1771 34
1772 26
1773 29
1774 30
1775 27
1776 37
1777 27
1778 23
1779 21
1780 23
1781 23
1782 24
1783 21
1784 21
1785 14
1786 12
1787 24
1788 22
1789 17
1790 22
1791 18
1792 19
1793 23
1794 23
1795 18
1796 14
1797 14
1798 16
1799 20
1800 21
1801 14
1802 22
1803 19
1804 20
1805 26
1806 22
1807 18
1808 19
1809 20
1810 13
1811 17
1812 26
1813 17
1814 25
1815 23
1816 21
1817 14
1818 23
1819 19
1820 22
1821 16
1822 28
1823 16
1824 21
1825 17
1826 11
1827 13
1828 16
1829 16
1830 15
1831 17
1832 20
1833 16
1834 19
1835 15
1836 13
1837 24
1838 19
1839 20
1840 21
1841 27
1842 20
1843 20
1844 18
1845 22
1846 21
1847 23
1848 25
1849 9
1850 15
1851 17
1852 18
1853 15
1854 17
1855 19
1856 29
1857 13
1858 21
1859 16
1860 19
1861 26
1862 19
1863 18
1864 13
1865 14
1866 23
1867 20
1868 16
1869 15
1870 22
1871 22
1872 15
1873 12
1874 14
1875 18
1876 21
1877 17
1878 21
1879 25
1880 17
1881 20
1882 16
1883 11
1884 20
1885 19
1886 19
1887 15
1888 18
1889 25
1890 17
1891 15
1892 22
1893 19
1894 23
1895 16
1896 18
1897 27
1898 21
1899 18
1900 15
1901 22
1902 24
1903 18
1904 24
1905 17
1906 17
1907 19
1908 22
1909 20
1910 15
1911 21
1912 16
1913 17
1914 20
1915 23
1916 24
1917 20
1918 21
1919 18
1920 26
1921 23
1922 19
1923 24
1924 22
1925 19
1926 28
1927 18
1928 22
1929 17
1930 22
1931 24
1932 13
1933 16
1934 25
1935 8
1936 16
1937 21
1938 24
1939 19
1940 12
1941 20
1942 18
1943 24
1944 25
1945 19
1946 17
1947 22
1948 25
1949 13
1950 19
1951 17
1952 12
1953 24
1954 17
1955 17
1956 20
1957 15
1958 19
1959 17
1960 17
1961 17
1962 15
1963 21
1964 19
1965 14
1966 22
1967 20
1968 16
1969 20
1970 24
1971 24
1972 19
1973 21
1974 15
1975 27
1976 16
1977 30
1978 33
1979 23
1980 26
1981 27
1982 32
1983 37
1984 38
1985 47
1986 41
1987 50
1988 73
1989 85
1990 88
1991 78
1992 84
1993 86
1994 88
1995 110
1996 111
1997 169
1998 176
1999 196
2000 217
2001 263
2002 281
2003 307
2004 334
2005 313
2006 353
2007 333
2008 355
2009 417
2010 401
2011 385
2012 317
2013 429
2014 347
2015 343
2016 355
2017 281
2018 326
2019 315
2020 274
2021 200
2022 208
2023 208
2024 152
2025 113
2026 94
2027 91
2028 81
2029 42
2030 44
2031 52
2032 46
2033 25
2034 23
2035 25
2036 22
2037 31
2038 21
2039 30
2040 21
2041 22
2042 20
2043 13
2044 13
2045 19
2046 19
2047 12
2048 16
2049 24
2050 19
2051 15
2052 20
2053 26
2054 19
2055 19
2056 18
2057 18
2058 21
2059 22
2060 13
2061 12
2062 17
2063 19
2064 23
2065 19
2066 10
2067 19
2068 20
2069 16
2070 15
2071 13
2072 12
2073 12
2074 18
2075 21
2076 20
2077 16
2078 16
2079 16
2080 15
2081 16
2082 24
2083 16
2084 13
2085 12
2086 22
2087 20
2088 16
2089 13
2090 14
2091 16
2092 18
2093 15
2094 17
2095 15
2096 17
2097 15
2098 13
2099 23
2100 19
2101 13
2102 18
2103 19
2104 18
2105 19
2106 15
2107 19
2108 24
2109 22
2110 26
2111 18
2112 16
2113 13
2114 13
2115 18
2116 18
2117 20
2118 20
2119 16
2120 21
2121 16
2122 17
2123 13
2124 23
2125 11
2126 16
2127 15
2128 13
2129 15
2130 22
2131 20
2132 14
2133 13
2134 15
2135 14
2136 13
2137 15
2138 19
2139 13
2140 18
2141 20
2142 9
2143 22
2144 19
2145 17
2146 14
2147 15
2148 17
2149 20
2150 19
2151 17
2152 17
2153 11
2154 16
2155 11
2156 14
2157 16
2158 20
2159 17
2160 17
2161 22
2162 12
2163 22
2164 20
2165 15
2166 15
2167 14
2168 14
2169 18
2170 14
2171 18
2172 14
2173 19
2174 22
2175 17
2176 22
2177 20
2178 21
2179 14
2180 17
2181 27
2182 8
2183 12
2184 15
2185 19
2186 25
2187 27
2188 31
2189 22
2190 18
2191 28
2192 37
2193 41
2194 36
2195 55
2196 41
2197 30
2198 37
2199 57
2200 62
2201 48
2202 60
2203 55
2204 69
2205 86
2206 106
2207 79
2208 77
2209 119
2210 107
2211 101
2212 104
2213 113
2214 93
2215 72
2216 71
2217 87
2218 63
2219 53
2220 60
2221 50
2222 53
2223 56
2224 44
2225 41
2226 31
2227 26
2228 18
2229 33
2230 19
2231 14
2232 14
2233 18
2234 25
2235 19
2236 17
2237 19
2238 15
2239 14
2240 9
2241 19
2242 11
2243 11
2244 15
2245 11
2246 19
2247 17
2248 16
2249 13
2250 15
2251 17
2252 19
2253 11
2254 10
2255 13
2256 17
2257 16
2258 16
2259 16
2260 14
2261 14
2262 13
2263 16
2264 12
2265 11
2266 16
2267 21
2268 12
2269 11
2270 13
2271 17
2272 8
2273 8
2274 10
2275 13
2276 10
2277 12
2278 13
2279 13
2280 21
2281 14
2282 12
2283 18
2284 10
2285 12
2286 12
2287 17
2288 12
2289 12
2290 11
2291 10
2292 17
2293 17
2294 15
2295 19
2296 12
2297 9
2298 15
2299 9
2300 9
2301 15
2302 13
2303 14
2304 10
2305 16
2306 14
2307 13
2308 17
2309 10
2310 12
2311 12
2312 17
2313 13
2314 14
2315 13
2316 12
2317 15
2318 16
2319 14
2320 16
2321 15
2322 13
2323 19
2324 17
2325 10
2326 11
2327 14
2328 9
2329 18
2330 16
2331 7
2332 10
2333 12
2334 13
2335 12
2336 11
2337 14
2338 9
2339 17
2340 11
2341 11
2342 16
2343 6
2344 11
2345 14
2346 17
2347 14
2348 12
2349 14
2350 16
2351 16
2352 12
2353 10
2354 14
2355 10
2356 8
2357 7
2358 12
2359 13
2360 12
2361 14
2362 17
2363 11
2364 11
2365 17
2366 13
2367 11
2368 12
2369 14
2370 15
2371 10
2372 20
2373 21
2374 8
2375 15
2376 8
2377 13
2378 16
2379 12
2380 13
2381 18
2382 9
2383 7
2384 14
2385 13
2386 16
2387 11
2388 12
2389 16
2390 15
2391 14
2392 8
2393 7
2394 14
2395 8
2396 7
2397 10
2398 4
2399 12
2400 11
2401 12
2402 13
2403 5
2404 7
2405 11
2406 13
2407 11
2408 14
2409 13
2410 15
2411 11
2412 14
2413 10
2414 21
2415 13
2416 16
2417 19
2418 20
2419 13
2420 12
2421 9
2422 11
2423 7
2424 11
2425 18
2426 16
2427 10
2428 14
2429 14
2430 13
2431 6
2432 8
2433 11
2434 17
2435 13
2436 13
2437 17
2438 8
2439 11
2440 16
2441 18
2442 13
2443 15
2444 9
2445 10
2446 16
2447 8
2448 18
2449 13
2450 8
2451 19
2452 18
2453 12
2454 9
2455 14
2456 15
2457 15
2458 11
2459 12
2460 14
2461 14
2462 19
2463 14
2464 19
2465 12
2466 13
2467 21
2468 12
2469 19
2470 18
2471 16
2472 20
2473 22
2474 11
2475 17
2476 25
2477 33
2478 23
2479 28
2480 35
2481 29
2482 37
2483 35
2484 45
2485 43
2486 36
2487 35
2488 42
2489 44
2490 49
2491 58
2492 63
2493 64
2494 96
2495 89
2496 79
2497 74
2498 66
2499 47
2500 46
2501 52
2502 69
2503 42
2504 62
2505 60
2506 56
2507 51
2508 51
2509 65
2510 50
2511 52
2512 30
2513 36
2514 40
2515 39
2516 39
2517 18
2518 16
2519 22
2520 24
2521 17
2522 20
2523 16
2524 10
2525 12
2526 20
2527 15
2528 13
2529 10
2530 16
2531 19
2532 14
2533 10
2534 6
2535 6
2536 10
2537 10
2538 12
2539 14
2540 9
2541 10
2542 10
2543 13
2544 14
2545 10
2546 6
2547 16
2548 15
2549 6
2550 19
2551 12
2552 15
2553 8
2554 12
2555 9
2556 11
2557 8
2558 15
2559 13
