0 36
1 33
2 38
3 26
4 30
5 29
6 37
7 29
8 25
9 41
10 33
11 37
12 32
13 41
14 24
15 43
16 28
17 32
18 37
19 22
20 29
21 31
22 42
23 32
24 33
25 40
26 31
27 39
28 34
29 33
30 44
31 38
32 42
33 36
34 36
35 35
36 50
37 37
38 46
39 33
40 28
41 39
42 34
43 38
44 36
45 31
46 27
47 40
48 37
49 33
50 35
51 32
52 36
53 31
54 29
55 52
56 37
57 36
58 44
59 42
60 40
61 42
62 25
63 30
64 34
65 40
66 35
67 31
68 31
69 27
70 32
71 33
72 42
73 29
74 26
75 30
76 32
77 26
78 34
79 31
80 37
81 36
82 25
83 36
84 33
85 29
86 34
87 30
88 31
89 40
90 43
91 36
92 27
93 30
94 41
95 30
96 29
97 33
98 25
99 40
100 40
101 47
102 39
103 36
104 36
105 37
106 37
107 41
108 32
109 36
110 29
111 36
112 45
113 32
114 39
115 44
116 42
117 34
118 46
119 34
120 33
121 39
122 42
123 32
124 30
125 38
126 41
127 34
128 40
129 38
130 39
131 52
132 41
133 42
134 37
135 35
136 37
137 43
138 33
139 43
140 48
141 50
142 29
143 42
144 37
145 23
146 45
147 35
148 26
149 32
150 34
151 33
152 35
153 36
154 36
155 37
156 35
157 40
158 40
159 35
160 31
161 37
162 39
163 41
164 30
165 46
166 51
167 38
168 38
169 40
170 37
171 30
172 36
173 37
174 40
175 36
176 33
177 40
178 39
179 40
180 47
181 40
182 29
183 37
184 43
185 34
186 30
187 43
188 45
189 43
190 36
191 34
192 38
193 32
194 27
195 50
196 35
197 47
198 37
199 36
200 39
201 32
202 46
203 45
204 37
205 50
206 43
207 34
208 34
209 27
210 33
211 43
212 30
213 43
214 43
215 38
216 39
217 44
218 45
219 41
220 34
221 27
222 36
223 60
224 45
225 42
226 57
227 33
228 35
229 37
230 53
231 27
232 35
233 34
234 27
235 34
236 33
237 33
238 38
239 36
240 40
241 36
242 31
243 39
244 39
245 35
246 42
247 38
248 28
249 38
250 36
251 37
252 29
253 45
254 39
255 36
256 33
257 36
258 42
259 36
260 60
261 40
262 39
263 42
264 40
265 39
266 33
267 43
268 53
269 31
270 47
271 58
272 39
273 33
274 33
275 33
276 40
277 50
278 46
279 36
280 44
281 38
282 51
283 54
284 31
285 42
286 31
287 53
288 41
289 46
290 60
291 36
292 36
293 40
294 47
295 46
296 41
297 34
298 43
299 31
300 45
301 44
302 42
303 32
304 40
305 39
306 34
307 39
308 39
309 39
310 44
311 44
312 44
313 45
314 29
315 46
316 53
317 45
318 52
319 40
320 38
321 44
322 46
323 41
324 34
325 54
326 36
327 42
328 27
329 33
330 36
331 39
332 42
333 34
334 44
335 54
336 29
337 53
338 28
339 34
340 60
341 28
342 32
343 53
344 37
345 29
346 36
347 40
348 51
349 34
350 35
351 42
352 36
353 39
354 36
355 42
356 44
357 56
358 37
359 45
360 45
361 55
362 30
363 32
364 37
365 29
366 47
367 36
368 37
369 37
370 49
371 41
372 42
373 30
374 38
375 40
376 43
377 38
378 47
379 40
380 51
381 40
382 34
383 38
384 49
385 33
386 51
387 48
388 43
389 51
390 53
391 34
392 44
393 33
394 39
395 44
396 47
397 43
398 37
399 32
400 46
401 39
402 35
403 35
404 41
405 44
406 40
407 42
408 49
409 44
410 43
411 36
412 43
413 38
414 41
415 40
416 53
417 37
418 47
419 47
420 35
421 46
422 47
423 39
424 38
425 48
426 53
427 35
428 41
429 41
430 41
431 43
432 34
433 41
434 48
435 41
436 31
437 30
438 37
439 42
440 52
441 38
442 36
443 39
444 46
445 36
446 49
447 36
448 43
449 39
450 37
451 44
452 55
453 31
454 47
455 43
456 40
457 39
458 46
459 40
460 34
461 43
462 35
463 35
464 39
465 47
466 54
467 40
468 39
469 42
470 36
471 48
472 32
473 43
474 49
475 58
476 56
477 48
478 41
479 41
480 45
481 43
482 35
483 49
484 46
485 47
486 60
487 49
488 53
489 45
490 42
491 75
492 61
493 69
494 77
495 73
496 76
497 81
498 78
499 81
500 62
501 72
502 76
503 84
504 91
505 100
506 91
507 109
508 101
509 100
510 101
511 104
512 107
513 108
514 103
515 77
516 62
517 55
518 62
519 54
520 44
521 42
522 48
523 54
524 43
525 51
526 48
527 40
528 50
529 43
530 55
531 39
532 35
533 40
534 30
535 46
536 48
537 38
538 44
539 48
540 39
541 51
542 49
543 44
544 52
545 37
546 37
547 42
548 52
549 41
550 44
551 43
552 49
553 48
554 35
555 51
556 36
557 35
558 34
559 47
560 58
561 34
562 52
563 41
564 41
565 44
566 48
567 44
568 41
569 47
570 51
571 45
572 49
573 33
574 43
575 42
576 31
577 39
578 41
579 45
580 39
581 39
582 44
583 42
584 57
585 50
586 38
587 42
588 48
589 52
590 38
591 51
592 36
593 49
594 44
595 45
596 36
597 47
598 50
599 32
600 43
601 43
602 36
603 38
604 47
605 49
606 42
607 40
608 47
609 40
610 42
611 41
612 48
613 47
614 41
615 41
616 29
617 42
618 38
619 31
620 34
621 30
622 33
623 41
624 36
625 41
626 30
627 46
628 41
629 51
630 37
631 38
632 49
633 41
634 44
635 39
636 44
637 38
638 44
639 35
640 36
641 29
642 46
643 46
644 24
645 57
646 48
647 44
648 40
649 53
650 51
651 27
652 39
653 52
654 43
655 41
656 50
657 41
658 38
659 38
660 60
661 45
662 47
663 42
664 37
665 44
666 43
667 42
668 55
669 34
670 30
671 58
672 44
673 37
674 51
675 47
676 41
677 44
678 52
679 53
680 38
681 38
682 34
683 38
684 38
685 38
686 40
687 42
688 47
689 42
690 37
691 45
692 32
693 42
694 30
695 46
696 31
697 49
698 49
699 42
700 41
701 42
702 44
703 44
704 36
705 32
706 46
707 43
708 51
709 34
710 43
711 47
712 46
713 33
714 41
715 41
716 40
717 37
718 50
719 40
720 48
721 39
722 39
723 51
724 39
725 44
726 38
727 34
728 45
729 39
730 55
731 53
732 39
733 48
734 37
735 32
736 35
737 39
738 35
739 40
740 48
741 46
742 45
743 41
744 36
745 41
746 28
747 35
748 31
749 36
750 35
751 44
752 41
753 40
754 37
755 36
756 53
757 42
758 38
759 39
760 42
761 28
762 42
763 41
764 41
765 25
766 38
767 43
768 48
769 37
770 43
771 45
772 31
773 38
774 25
775 39
776 37
777 41
778 36
779 34
780 38
781 45
782 40
783 35
784 36
785 42
786 36
787 49
788 32
789 44
790 45
791 49
792 41
793 32
794 35
795 42
796 47
797 38
798 40
799 38
800 35
801 35
802 45
803 36
804 41
805 40
806 37
807 35
808 36
809 46
810 39
811 42
812 48
813 38
814 31
815 45
816 28
817 37
818 29
819 28
820 41
821 45
822 34
823 50
824 46
825 33
826 34
827 41
828 39
829 47
830 36
831 30
832 43
833 42
834 38
835 45
836 43
837 44
838 42
839 46
840 44
841 37
842 41
843 26
844 42
845 48
846 36
847 45
848 44
849 38
850 39
851 39
852 39
853 39
854 34
855 48
856 35
857 30
858 28
859 26
860 28
861 40
862 44
863 26
864 34
865 29
866 28
867 34
868 42
869 31
870 27
871 37
872 49
873 29
874 48
875 40
876 26
877 35
878 36
879 37
880 38
881 39
882 28
883 34
884 41
885 28
886 38
887 48
888 31
889 33
890 33
891 29
892 26
893 39
894 38
895 31
896 38
897 29
898 44
899 51
900 49
901 46
902 39
903 29
904 30
905 41
906 33
907 32
908 42
909 45
910 33
911 26
912 29
913 33
914 36
915 41
916 39
917 39
918 43
919 43
920 37
921 29
922 41
923 41
924 35
925 43
926 60
927 31
928 33
929 40
930 44
931 20
932 26
933 34
934 50
935 33
936 37
937 29
938 27
939 33
940 44
941 38
942 34
943 37
944 35
945 51
946 40
947 43
948 26
949 40
950 36
951 32
952 40
953 42
954 41
955 39
956 37
957 33
958 36
959 28
960 40
961 34
962 29
963 25
964 30
965 39
966 34
967 46
968 41
969 36
970 31
971 52
972 38
973 41
974 38
975 41
976 32
977 43
978 34
979 36
980 29
981 39
982 38
983 34
984 45
985 41
986 41
987 41
988 37
989 46
990 42
991 46
992 42
993 60
994 68
995 72
996 77
997 77
998 95
999 104
1000 90
1001 96
1002 94
1003 117
1004 116
1005 181
1006 209
1007 234
1008 269
1009 251
1010 275
1011 323
1012 451
1013 469
1014 508
1015 536
1016 640
1017 604
1018 510
1019 501
1020 501
1021 448
1022 307
1023 267
1024 289
1025 249
1026 161
1027 200
1028 115
1029 72
1030 76
1031 45
1032 49
1033 57
1034 51
1035 53
1036 41
1037 38
1038 40
1039 49
1040 36
1041 33
1042 45
1043 41
1044 33
1045 32
1046 50
1047 43
1048 34
1049 42
1050 29
1051 41
1052 40
1053 34
1054 34
1055 23
1056 39
1057 25
1058 39
1059 24
1060 31
1061 43
1062 30
1063 36
1064 49
1065 38
1066 48
1067 40
1068 31
1069 39
1070 37
1071 49
1072 35
1073 33
1074 47
1075 38
1076 40
1077 45
1078 38
1079 34
1080 34
1081 36
1082 26
1083 37
1084 36
1085 35
1086 27
1087 44
1088 46
1089 43
1090 39
1091 34
1092 49
1093 46
1094 32
1095 36
1096 38
1097 27
1098 23
1099 32
1100 21
1101 40
1102 38
1103 38
1104 29
1105 28
1106 30
1107 32
1108 31
1109 34
1110 19
1111 29
1112 34
1113 27
1114 31
1115 46
1116 36
1117 22
1118 35
1119 24
1120 30
1121 30
1122 34
1123 28
1124 41
1125 33
1126 32
1127 24
1128 33
1129 37
1130 39
1131 37
1132 37
1133 27
1134 29
1135 43
1136 38
1137 31
1138 28
1139 33
1140 40
1141 50
1142 33
1143 46
1144 42
1145 51
1146 54
1147 48
1148 58
1149 59
1150 46
1151 61
1152 63
1153 65
1154 71
1155 58
1156 46
1157 39
1158 51
1159 51
1160 70
1161 48
1162 36
1163 33
1164 40
1165 42
1166 41
1167 30
1168 41
1169 46
1170 28
1171 38
1172 34
1173 37
1174 31
1175 33
1176 26
1177 32
1178 35
1179 28
1180 23
1181 56
1182 39
1183 32
1184 44
1185 40
1186 23
1187 29
1188 18
1189 31
1190 36
1191 16
1192 22
1193 44
1194 21
1195 24
1196 23
1197 29
1198 34
1199 35
1200 27
1201 25
1202 31
1203 36
1204 42
1205 40
1206 43
1207 38
1208 20
1209 32
1210 28
1211 31
1212 44
1213 31
1214 37
1215 44
1216 32
1217 35
1218 33
1219 41
1220 33
1221 29
1222 29
1223 39
1224 37
1225 38
1226 30
1227 25
1228 34
1229 38
1230 28
1231 19
1232 19
1233 21
1234 36
1235 29
1236 45
1237 34
1238 25
1239 26
1240 34
1241 36
1242 21
1243 32
1244 22
1245 41
1246 26
1247 30
1248 27
1249 28
1250 39
1251 33
1252 25
1253 31
1254 26
1255 31
1256 26
1257 24
1258 30
1259 31
1260 29
1261 34
1262 27
1263 27
1264 21
1265 27
1266 28
1267 22
1268 30
1269 16
1270 29
1271 14
1272 23
1273 24
1274 18
1275 18
1276 19
1277 21
1278 17
1279 21
1280 54
1281 58
1282 46
1283 58
1284 88
1285 81
1286 92
1287 104
1288 146
1289 185
1290 189
1291 177
1292 216
1293 247
1294 238
1295 226
1296 215
1297 192
1298 223
1299 171
1300 168
1301 148
1302 166
1303 149
1304 118
1305 131
1306 118
1307 108
1308 84
1309 55
1310 45
1311 39
1312 35
1313 26
1314 30
1315 25
1316 30
1317 33
1318 23
1319 34
1320 30
1321 23
1322 24
1323 32
1324 23
1325 23
1326 20
1327 28
1328 36
1329 33
1330 22
1331 23
1332 28
1333 21
1334 26
1335 27
1336 18
1337 22
1338 29
1339 21
1340 26
1341 28
1342 29
1343 23
1344 31
1345 24
1346 23
1347 26
1348 39
1349 24
1350 13
1351 19
1352 23
1353 25
1354 20
1355 16
1356 29
1357 27
1358 33
1359 18
1360 23
1361 19
1362 22
1363 17
1364 27
1365 19
1366 22
1367 21
1368 24
1369 21
1370 20
1371 20
1372 22
1373 13
1374 20
1375 20
1376 25
1377 21
1378 31
1379 20
1380 23
1381 19
1382 21
1383 24
1384 24
1385 29
1386 25
1387 14
1388 32
1389 32
1390 29
1391 24
1392 23
1393 16
1394 35
1395 21
1396 22
1397 20
1398 23
1399 22
1400 29
1401 20
1402 19
1403 20
1404 32
1405 23
1406 27
1407 20
1408 24
1409 28
1410 26
1411 18
1412 22
1413 23
1414 25
1415 26
1416 21
1417 26
1418 23
1419 22
1420 24
1421 24
1422 33
1423 21
1424 22
1425 21
1426 22
1427 25
1428 28
1429 18
1430 26
1431 21
1432 19
1433 29
1434 24
1435 18
1436 25
1437 16
1438 28
1439 19
1440 24
1441 24
1442 28
1443 21
1444 26
1445 21
1446 24
1447 25
1448 22
1449 19
1450 22
1451 21
1452 22
1453 32
1454 17
1455 23
1456 24
1457 23
1458 30
1459 14
1460 18
1461 18
1462 20
1463 24
1464 25
1465 18
1466 18
1467 24
1468 23
1469 27
1470 21
1471 17
1472 18
1473 22
1474 19
1475 21
1476 26
1477 17
1478 23
1479 31
1480 24
1481 22
1482 21
1483 19
1484 19
1485 17
1486 26
1487 25
1488 22
1489 24
1490 15
1491 24
1492 30
1493 23
1494 24
1495 22
1496 21
1497 19
1498 31
1499 25
1500 17
1501 21
1502 19
1503 29
1504 18
1505 20
1506 28
1507 27
1508 24
1509 27
1510 27
1511 19
1512 24
1513 24
1514 21
1515 24
1516 18
1517 22
1518 26
1519 28
1520 19
1521 17
1522 19
1523 20
1524 16
1525 27
1526 18
1527 27
1528 20
1529 13
1530 13
1531 22
1532 17
1533 17
1534 14
1535 18
1536 18
1537 19
1538 23
1539 17
1540 15
1541 14
1542 28
1543 32
1544 19
1545 26
1546 20
1547 24
1548 27
1549 19
1550 15
1551 27
1552 31
1553 16
1554 17
1555 19
1556 32
1557 20
1558 20
1559 28
1560 25
1561 19
1562 20
1563 16
1564 17
1565 23
1566 22
1567 22
1568 19
1569 22
1570 24
1571 20
1572 21
1573 12
1574 24
1575 22
1576 27
1577 16
1578 21
1579 24
1580 17
1581 17
1582 20
1583 13
1584 19
1585 25
1586 20
1587 18
1588 18
1589 16
1590 21
1591 25
1592 28
1593 26
1594 23
1595 31
1596 22
1597 15
1598 11
1599 20
1600 27
1601 22
1602 18
1603 22
1604 21
1605 19
1606 21
1607 11
1608 11
1609 21
1610 20
1611 22
1612 18
1613 24
1614 15
1615 22
1616 20
1617 16
1618 20
1619 24
1620 19
1621 17
1622 20
1623 22
1624 23
1625 23
1626 24
1627 26
1628 25
1629 28
1630 20
1631 24
1632 14
1633 20
1634 15
1635 25
1636 16
1637 25
1638 12
1639 18
1640 18
1641 16
1642 19
1643 27
1644 21
1645 16
1646 14
1647 24
1648 17
1649 13
1650 10
1651 20
1652 24
1653 13
1654 25
1655 27
1656 10
1657 20
1658 21
1659 23
1660 13
1661 18
1662 15
1663 11
1664 23
1665 5
1666 21
1667 24
1668 22
1669 27
1670 25
1671 15
1672 18
1673 15
1674 13
1675 19
1676 17
1677 17
1678 21
1679 21
1680 20
1681 17
1682 24
1683 27
1684 20
1685 20
1686 22
1687 20
1688 25
1689 25
1690 22
1691 19
1692 17
1693 25
1694 21
1695 31
1696 27
1697 26
1698 17
1699 33
1700 25
1701 17
1702 23
1703 37
1704 25
1705 29
1706 22
1707 30
1708 25
1709 20
1710 16
1711 14
1712 17
1713 29
1714 24
1715 21
1716 22
1717 20
1718 23
1719 12
1720 18
1721 24
1722 21
1723 21
1724 22
1725 26
1726 16
1727 27
1728 17
1729 30
1730 40
1731 28
1732 22
1733 49
1734 44
1735 44
1736 46
1737 46
1738 45
1739 55
1740 73
1741 98
1742 90
1743 127
1744 118
1745 105
1746 117
1747 113
1748 131
1749 111
1750 94
1751 81
1752 70
1753 96
1754 115
1755 99
1756 163
1757 111
1758 88
1759 113
1760 73
1761 44
1762 52
1763 47
1764 57
1765 46
1766 41
1767 25
1768 20
1769 22
1770 25
1771 32
1772 30
1773 24
1774 21
1775 17
1776 21
1777 22
1778 14
1779 19
1780 23
1781 16
1782 20
1783 23
1784 18
1785 22
1786 18
1787 19
1788 19
1789 11
1790 26
1791 13
1792 22
1793 18
1794 17
1795 16
1796 9
1797 17
1798 16
1799 22
1800 13
1801 18
1802 15
1803 21
1804 17
1805 18
1806 20
1807 24
1808 25
1809 20
1810 18
1811 12
1812 20
1813 17
1814 20
1815 13
1816 13
1817 20
1818 16
1819 20
1820 10
1821 15
1822 19
1823 14
1824 26
1825 14
1826 15
1827 13
1828 15
1829 18
1830 21
1831 10
1832 13
1833 18
1834 17
1835 22
1836 18
1837 13
1838 17
1839 9
1840 21
1841 22
1842 22
1843 22
1844 16
1845 17
1846 11
1847 31
1848 16
1849 17
1850 13
1851 16
1852 12
1853 21
1854 17
1855 23
1856 14
1857 15
1858 23
1859 21
1860 19
1861 13
1862 13
1863 16
1864 19
1865 16
1866 13
1867 11
1868 20
1869 25
1870 17
1871 20
1872 17
1873 17
1874 14
1875 19
1876 15
1877 17
1878 24
1879 14
1880 12
1881 17
1882 21
1883 18
1884 16
1885 26
1886 23
1887 21
1888 19
1889 20
1890 17
1891 15
1892 22
1893 24
1894 16
1895 24
1896 25
1897 17
1898 20
1899 20
1900 18
1901 23
1902 16
1903 14
1904 28
1905 24
1906 19
1907 16
1908 24
1909 14
1910 19
1911 31
1912 23
1913 12
1914 22
1915 16
1916 20
1917 19
1918 22
1919 20
1920 22
1921 25
1922 20
1923 19
1924 18
1925 20
1926 26
1927 17
1928 20
1929 14
1930 21
1931 20
1932 11
1933 13
1934 22
1935 18
1936 21
1937 22
1938 26
1939 18
1940 23
1941 19
1942 23
1943 21
1944 26
1945 17
1946 29
1947 19
1948 14
1949 19
1950 26
1951 17
1952 13
1953 17
1954 22
1955 21
1956 17
1957 14
1958 13
1959 15
1960 21
1961 20
1962 21
1963 15
1964 18
1965 22
1966 27
1967 31
1968 34
1969 21
1970 32
1971 38
1972 34
1973 41
1974 41
1975 47
1976 34
1977 37
1978 39
1979 64
1980 80
1981 84
1982 70
1983 70
1984 70
1985 116
1986 99
1987 105
1988 129
1989 186
1990 181
1991 190
1992 182
1993 257
1994 255
1995 241
1996 273
1997 291
1998 334
1999 404
2000 419
2001 371
2002 385
2003 456
2004 403
2005 358
2006 321
2007 273
2008 315
2009 370
2010 252
2011 221
2012 218
2013 200
2014 148
2015 153
2016 147
2017 149
2018 118
2019 81
2020 67
2021 52
2022 59
2023 56
2024 52
2025 37
2026 33
2027 34
2028 33
2029 16
2030 21
2031 19
2032 29
2033 23
2034 16
2035 20
2036 18
2037 31
2038 18
2039 21
2040 18
2041 20
2042 36
2043 19
2044 16
2045 16
2046 17
2047 25
2048 15
2049 14
2050 16
2051 25
2052 23
2053 21
2054 17
2055 21
2056 11
2057 16
2058 20
2059 13
2060 16
2061 22
2062 20
2063 21
2064 21
2065 19
2066 20
2067 18
2068 14
2069 17
2070 14
2071 18
2072 16
2073 18
2074 16
2075 27
2076 19
2077 19
2078 17
2079 11
2080 17
2081 26
2082 19
2083 10
2084 17
2085 30
2086 28
2087 22
2088 16
2089 12
2090 23
2091 12
2092 18
2093 10
2094 15
2095 20
2096 18
2097 18
2098 16
2099 15
2100 24
2101 22
2102 11
2103 19
2104 15
2105 20
2106 23
2107 19
2108 17
2109 8
2110 19
2111 23
2112 13
2113 28
2114 15
2115 22
2116 18
2117 22
2118 24
2119 18
2120 19
2121 18
2122 11
2123 8
2124 18
2125 16
2126 17
2127 21
2128 12
2129 7
2130 19
2131 11
2132 20
2133 19
2134 17
2135 13
2136 11
2137 6
2138 24
2139 18
2140 22
2141 15
2142 16
2143 13
2144 18
2145 10
2146 8
2147 21
2148 17
2149 18
2150 9
2151 17
2152 22
2153 19
2154 16
2155 19
2156 16
2157 17
2158 15
2159 12
2160 16
2161 15
2162 18
2163 14
2164 18
2165 17
2166 17
2167 16
2168 20
2169 19
2170 14
2171 29
2172 13
2173 15
2174 20
2175 13
2176 18
2177 22
2178 30
2179 20
2180 22
2181 35
2182 32
2183 33
2184 54
2185 37
2186 45
2187 50
2188 36
2189 51
2190 47
2191 68
2192 67
2193 64
2194 96
2195 79
2196 72
2197 75
2198 79
2199 104
2200 106
2201 91
2202 85
2203 102
2204 90
2205 71
2206 73
2207 85
2208 87
2209 75
2210 76
2211 88
2212 48
2213 61
2214 55
2215 52
2216 36
2217 43
2218 37
2219 35
2220 18
2221 25
2222 23
2223 30
2224 20
2225 21
2226 17
2227 22
2228 17
2229 16
2230 16
2231 18
2232 9
2233 21
2234 21
2235 14
2236 14
2237 16
2238 15
2239 16
2240 8
2241 18
2242 15
2243 14
2244 16
2245 13
2246 12
2247 17
2248 14
2249 12
2250 21
2251 18
2252 15
2253 14
2254 9
2255 16
2256 13
2257 21
2258 10
2259 16
2260 17
2261 12
2262 10
2263 15
2264 24
2265 14
2266 15
2267 13
2268 14
2269 14
2270 14
2271 15
2272 11
2273 14
2274 8
2275 14
2276 12
2277 10
2278 18
2279 19
2280 16
2281 12
2282 13
2283 10
2284 15
2285 15
2286 11
2287 20
2288 14
2289 18
2290 13
2291 11
2292 13
2293 12
2294 19
2295 19
2296 19
2297 16
2298 15
2299 14
2300 16
2301 10
2302 8
2303 21
2304 20
2305 16
2306 13
2307 14
2308 19
2309 12
2310 12
2311 13
2312 11
2313 12
2314 21
2315 8
2316 8
2317 10
2318 10
2319 10
2320 10
2321 8
2322 10
2323 12
2324 10
2325 10
2326 20
2327 13
2328 9
2329 9
2330 10
2331 11
2332 13
2333 25
2334 12
2335 9
2336 12
2337 15
2338 9
2339 11
2340 11
2341 11
2342 18
2343 11
2344 12
2345 8
2346 19
2347 17
2348 10
2349 17
2350 10
2351 16
2352 19
2353 17
2354 13
2355 5
2356 11
2357 14
2358 21
2359 14
2360 16
2361 7
2362 11
2363 10
2364 10
2365 16
2366 10
2367 15
2368 14
2369 17
2370 13
2371 8
2372 10
2373 23
2374 19
2375 7
2376 16
2377 10
2378 12
2379 9
2380 14
2381 16
2382 10
2383 12
2384 12
2385 15
2386 14
2387 12
2388 13
2389 15
2390 14
2391 11
2392 6
2393 11
2394 13
2395 11
2396 13
2397 10
2398 14
2399 5
2400 15
2401 14
2402 10
2403 13
2404 17
2405 11
2406 20
2407 11
2408 17
2409 13
2410 16
2411 11
2412 10
2413 13
2414 11
2415 13
2416 7
2417 21
2418 12
2419 9
2420 9
2421 15
2422 22
2423 12
2424 10
2425 18
2426 7
2427 10
2428 13
2429 14
2430 10
2431 18
2432 6
2433 11
2434 12
2435 15
2436 10
2437 9
2438 11
2439 9
2440 11
2441 19
2442 23
2443 11
2444 13
2445 10
2446 9
2447 13
2448 15
2449 10
2450 8
2451 12
2452 13
2453 11
2454 6
2455 10
2456 12
2457 10
2458 15
2459 18
2460 9
2461 16
2462 15
2463 17
2464 13
2465 17
2466 21
2467 23
2468 20
2469 29
2470 24
2471 34
2472 34
2473 42
2474 31
2475 20
2476 37
2477 41
2478 57
2479 66
2480 44
2481 47
2482 45
2483 46
2484 52
2485 48
2486 29
2487 53
2488 80
2489 75
2490 80
2491 72
2492 63
2493 69
2494 65
2495 62
2496 72
2497 62
2498 44
2499 57
2500 52
2501 35
2502 32
2503 26
2504 40
2505 40
2506 27
2507 30
2508 25
2509 18
2510 24
2511 22
2512 23
2513 14
2514 8
2515 12
2516 14
2517 11
2518 17
2519 13
2520 12
2521 11
2522 19
2523 13
2524 17
2525 17
2526 15
2527 16
2528 6
2529 16
2530 11
2531 15
2532 14
2533 13
2534 16
2535 13
2536 12
2537 14
2538 10
2539 9
2540 11
2541 10
2542 8
2543 18
2544 18
2545 16
2546 6
2547 11
2548 14
2549 10
2550 13
2551 22
2552 13
2553 16
2554 10
2555 17
2556 18
2557 19
2558 20
2559 24
