0 35
1 26
2 24
3 24
4 19
5 22
6 30
7 11
8 31
9 23
10 21
11 24
12 30
13 29
14 24
15 28
16 32
17 29
18 29
19 26
20 26
21 21
22 26
23 31
24 28
25 27
26 25
27 35
28 20
29 22
30 20
31 29
32 33
33 37
34 29
35 42
36 23
37 23
38 19
39 28
40 25
41 28
42 15
43 26
44 26
45 29
46 27
47 31
48 24
49 19
50 35
51 31
52 30
53 30
54 24
55 21
56 26
57 31
58 28
59 23
60 29
61 16
62 34
63 18
64 32
65 24
66 30
67 29
68 32
69 35
70 28
71 30
72 23
73 23
74 27
75 34
76 25
77 23
78 31
79 22
80 36
81 31
82 31
83 25
84 35
85 21
86 39
87 34
88 25
89 34
90 30
91 22
92 25
93 21
94 27
95 20
96 22
97 22
98 32
99 18
100 32
101 31
102 28
103 35
104 30
105 34
106 27
107 26
108 26
109 24
110 26
111 26
112 23
113 26
114 34
115 28
116 33
117 28
118 33
119 32
120 24
121 34
122 25
123 20
124 29
125 23
126 23
127 33
128 27
129 29
130 34
131 28
132 25
133 26
134 33
135 43
136 26
137 30
138 30
139 37
140 29
141 23
142 25
143 29
144 24
145 33
146 28
147 27
148 30
149 22
150 18
151 24
152 30
153 25
154 37
155 34
156 38
157 29
158 30
159 34
160 37
161 31
162 24
163 29
164 35
165 33
166 21
167 28
168 32
169 30
170 24
171 30
172 24
173 37
174 38
175 20
176 29
177 27
178 32
179 27
180 25
181 27
182 29
183 29
184 28
185 32
186 37
187 31
188 34
189 28
190 33
191 24
192 38
193 31
194 27
195 39
196 26
197 24
198 33
199 28
200 31
201 29
202 25
203 22
204 30
205 22
206 28
207 26
208 27
209 40
210 27
211 28
212 25
213 39
214 38
215 28
216 36
217 31
218 24
219 37
220 29
221 33
222 33
223 18
224 30
225 33
226 31
227 40
228 28
229 33
230 32
231 30
232 20
233 22
234 28
235 32
236 26
237 22
238 24
239 32
240 35
241 29
242 29
243 26
244 20
245 31
246 23
247 34
248 21
249 19
250 38
251 33
252 30
253 28
254 35
255 36
256 33
257 25
258 29
259 26
260 25
261 35
262 30
263 35
264 31
265 20
266 36
267 33
268 29
269 40
270 37
271 29
272 34
273 35
274 44
275 28
276 40
277 30
278 31
279 30
280 46
281 25
282 27
283 27
284 36
285 32
286 29
287 30
288 32
289 31
290 29
291 36
292 32
293 26
294 26
295 26
296 34
297 36
298 24
299 36
300 36
301 36
302 27
303 26
304 39
305 32
306 30
307 27
308 22
309 32
310 19
311 21
312 32
313 34
314 37
315 24
316 29
317 29
318 32
319 34
320 32
321 42
322 35
323 30
324 19
325 34
326 28
327 47
328 32
329 33
330 36
331 38
332 30
333 37
334 30
335 38
336 26
337 26
338 27
339 27
340 30
341 28
342 25
343 27
344 23
345 36
346 36
347 26
348 35
349 28
350 23
351 33
352 30
353 21
354 33
355 33
356 21
357 32
358 28
359 34
360 29
361 35
362 31
363 31
364 37
365 32
366 30
367 38
368 39
369 35
370 30
371 38
372 28
373 28
374 21
375 40
376 30
377 33
378 28
379 30
380 28
381 31
382 36
383 25
384 42
385 25
386 34
387 33
388 32
389 47
390 34
391 27
392 32
393 33
394 33
395 33
396 40
397 40
398 34
399 35
400 26
401 43
402 41
403 31
404 34
405 42
406 37
407 32
408 34
409 35
410 37
411 38
412 29
413 35
414 20
415 34
416 37
417 33
418 38
419 26
420 32
421 32
422 39
423 31
424 34
425 33
426 24
427 33
428 28
429 35
430 29
431 33
432 30
433 29
434 33
435 33
436 34
437 35
438 27
439 32
440 35
441 42
442 33
443 36
444 28
445 31
446 27
447 44
448 27
449 34
450 33
451 32
452 34
453 28
454 41
455 40
456 27
457 43
458 40
459 31
460 36
461 35
462 26
463 35
464 37
465 35
466 39
467 32
468 32
469 39
470 39
471 33
472 36
473 38
474 27
475 39
476 25
477 31
478 28
479 38
480 32
481 28
482 36
483 40
484 40
485 27
486 36
487 28
488 30
489 30
490 33
491 20
492 30
493 26
494 28
495 32
496 38
497 27
498 40
499 23
500 24
501 39
502 24
503 30
504 35
505 38
506 37
507 41
508 25
509 43
510 36
511 30
512 46
513 40
514 34
515 25
516 31
517 28
518 39
519 32
520 42
521 23
522 48
523 47
524 26
525 43
526 35
527 30
528 20
529 40
530 35
531 34
532 42
533 38
534 46
535 28
536 40
537 38
538 31
539 37
540 41
541 26
542 32
543 46
544 43
545 32
546 35
547 22
548 25
549 36
550 29
551 33
552 35
553 33
554 33
555 39
556 37
557 28
558 36
559 52
560 40
561 31
562 31
563 25
564 29
565 32
566 39
567 39
568 43
569 34
570 40
571 45
572 30
573 37
574 46
575 43
576 30
577 23
578 46
579 37
580 41
581 44
582 42
583 30
584 37
585 30
586 40
587 29
588 31
589 42
590 42
591 35
592 50
593 41
594 35
595 48
596 46
597 46
598 49
599 51
600 54
601 49
602 34
603 48
604 56
605 58
606 64
607 73
608 72
609 63
610 83
611 90
612 72
613 84
614 71
615 81
616 95
617 87
618 91
619 99
620 100
621 90
622 103
623 78
624 98
625 72
626 74
627 67
628 47
629 44
630 53
631 27
632 33
633 40
634 33
635 38
636 33
637 40
638 43
639 42
640 33
641 40
642 26
643 33
644 42
645 37
646 34
647 36
648 30
649 27
650 30
651 30
652 36
653 32
654 40
655 32
656 41
657 40
658 35
659 48
660 42
661 45
662 40
663 34
664 32
665 28
666 38
667 34
668 40
669 30
670 42
671 39
672 32
673 41
674 34
675 47
676 25
677 47
678 35
679 30
680 36
681 39
682 28
683 27
684 38
685 25
686 29
687 33
688 27
689 47
690 46
691 46
692 26
693 41
694 28
695 39
696 29
697 33
698 41
699 25
700 38
701 27
702 36
703 30
704 33
705 33
706 36
707 36
708 36
709 45
710 33
711 42
712 26
713 33
714 34
715 24
716 38
717 33
718 32
719 38
720 40
721 42
722 29
723 36
724 25
725 28
726 36
727 49
728 37
729 29
730 34
731 30
732 38
733 26
734 41
735 42
736 37
737 30
738 25
739 15
740 41
741 34
742 38
743 41
744 29
745 38
746 46
747 28
748 38
749 35
750 26
751 27
752 27
753 28
754 27
755 27
756 35
757 26
758 38
759 40
760 28
761 37
762 30
763 45
764 33
765 31
766 32
767 38
768 40
769 31
770 31
771 30
772 28
773 30
774 40
775 32
776 34
777 48
778 20
779 26
780 45
781 34
782 35
783 33
784 29
785 33
786 39
787 47
788 28
789 32
790 29
791 38
792 28
793 38
794 38
795 41
796 36
797 30
798 40
799 43
800 34
801 34
802 28
803 33
804 28
805 43
806 35
807 43
808 32
809 35
810 36
811 32
812 35
813 23
814 34
815 39
816 29
817 36
818 36
819 29
820 29
821 28
822 29
823 36
824 34
825 33
826 31
827 29
828 37
829 43
830 29
831 31
832 34
833 31
834 32
835 30
836 41
837 34
838 30
839 38
840 22
841 40
842 36
843 34
844 38
845 35
846 37
847 42
848 30
849 30
850 41
851 41
852 29
853 29
854 24
855 33
856 36
857 35
858 37
859 30
860 37
861 44
862 33
863 22
864 39
865 34
866 28
867 34
868 40
869 33
870 32
871 48
872 34
873 36
874 36
875 32
876 29
877 36
878 22
879 31
880 25
881 27
882 28
883 31
884 27
885 28
886 33
887 23
888 29
889 41
890 34
891 21
892 37
893 19
894 34
895 27
896 33
897 26
898 21
899 27
900 25
901 36
902 22
903 36
904 34
905 31
906 31
907 36
908 36
909 36
910 26
911 33
912 34
913 29
914 34
915 28
916 37
917 37
918 35
919 37
920 27
921 30
922 26
923 29
924 26
925 33
926 36
927 42
928 23
929 33
930 42
931 36
932 35
933 32
934 37
935 31
936 33
937 38
938 35
939 34
940 25
941 31
942 33
943 34
944 35
945 37
946 24
947 30
948 25
949 22
950 26
951 28
952 26
953 45
954 21
955 43
956 36
957 28
958 39
959 40
960 32
961 40
962 41
963 32
964 36
965 38
966 27
967 32
968 32
969 37
970 33
971 36
972 51
973 34
974 29
975 28
976 29
977 24
978 34
979 37
980 30
981 28
982 26
983 25
984 28
985 27
986 37
987 35
988 31
989 28
990 29
991 26
992 31
993 26
994 27
995 32
996 43
997 27
998 33
999 35
1000 31
1001 19
1002 26
1003 32
1004 32
1005 38
1006 27
1007 36
1008 22
1009 25
1010 29
1011 22
1012 23
1013 34
1014 23
1015 29
1016 39
1017 36
1018 30
1019 22
1020 36
1021 39
1022 31
1023 25
1024 35
1025 33
1026 40
1027 31
1028 20
1029 34
1030 35
1031 29
1032 28
1033 28
1034 41
1035 26
1036 37
1037 27
1038 27
1039 34
1040 31
1041 44
1042 24
1043 39
1044 34
1045 37
1046 28
1047 38
1048 38
1049 28
1050 34
1051 29
1052 36
1053 27
1054 23
1055 24
1056 35
1057 35
1058 42
1059 29
1060 44
1061 26
1062 42
1063 41
1064 40
1065 23
1066 28
1067 31
1068 33
1069 29
1070 27
1071 29
1072 21
1073 37
1074 33
1075 19
1076 40
1077 22
1078 32
1079 37
1080 30
1081 31
1082 33
1083 18
1084 28
1085 36
1086 29
1087 28
1088 36
1089 38
1090 28
1091 33
1092 35
1093 33
1094 29
1095 39
1096 38
1097 30
1098 20
1099 32
1100 38
1101 27
1102 36
1103 38
1104 37
1105 34
1106 33
1107 30
1108 38
1109 39
1110 31
1111 24
1112 39
1113 26
1114 42
1115 27
1116 29
1117 38
1118 36
1119 28
1120 22
1121 30
1122 29
1123 41
1124 20
1125 27
1126 29
1127 27
1128 28
1129 28
1130 35
1131 37
1132 34
1133 35
1134 34
1135 29
1136 46
1137 51
1138 66
1139 60
1140 69
1141 80
1142 92
1143 92
1144 111
1145 153
1146 197
1147 244
1148 301
1149 417
1150 385
1151 346
1152 414
1153 463
1154 530
1155 662
1156 596
1157 504
1158 503
1159 510
1160 453
1161 415
1162 416
1163 285
1164 223
1165 187
1166 164
1167 117
1168 80
1169 51
1170 47
1171 46
1172 32
1173 47
1174 28
1175 28
1176 42
1177 37
1178 45
1179 34
1180 41
1181 28
1182 20
1183 31
1184 24
1185 29
1186 28
1187 40
1188 32
1189 39
1190 34
1191 36
1192 25
1193 30
1194 38
1195 42
1196 32
1197 39
1198 30
1199 33
1200 30
1201 42
1202 39
1203 44
1204 30
1205 36
1206 39
1207 33
1208 33
1209 24
1210 26
1211 24
1212 36
1213 39
1214 38
1215 35
1216 36
1217 32
1218 36
1219 41
1220 28
1221 31
1222 24
1223 38
1224 22
1225 33
1226 24
1227 29
1228 23
1229 20
1230 22
1231 34
1232 29
1233 26
1234 24
1235 25
1236 33
1237 26
1238 22
1239 43
1240 31
1241 28
1242 38
1243 30
1244 30
1245 34
1246 33
1247 26
1248 23
1249 35
1250 24
1251 24
1252 32
1253 33
1254 31
1255 27
1256 32
1257 24
1258 32
1259 25
1260 25
1261 22
1262 33
1263 27
1264 32
1265 17
1266 34
1267 23
1268 26
1269 28
1270 19
1271 20
1272 30
1273 28
1274 10
1275 13
1276 23
1277 25
1278 15
1279 7
1280 30
1281 17
1282 28
1283 23
1284 25
1285 17
1286 22
1287 27
1288 26
1289 25
1290 30
1291 31
1292 24
1293 21
1294 22
1295 30
1296 22
1297 30
1298 23
1299 22
1300 23
1301 24
1302 27
1303 25
1304 26
1305 22
1306 28
1307 23
1308 16
1309 22
1310 29
1311 17
1312 21
1313 26
1314 21
1315 20
1316 20
1317 16
1318 20
1319 19
1320 20
1321 10
1322 14
1323 27
1324 31
1325 23
1326 27
1327 14
1328 31
1329 24
1330 17
1331 15
1332 22
1333 23
1334 22
1335 26
1336 19
1337 21
1338 15
1339 22
1340 20
1341 19
1342 11
1343 22
1344 23
1345 19
1346 28
1347 24
1348 24
1349 13
1350 31
1351 23
1352 29
1353 22
1354 25
1355 21
1356 16
1357 21
1358 24
1359 27
1360 25
1361 27
1362 29
1363 32
1364 22
1365 25
1366 39
1367 31
1368 41
1369 30
1370 51
1371 47
1372 45
1373 46
1374 45
1375 37
1376 68
1377 57
1378 45
1379 48
1380 43
1381 44
1382 28
1383 22
1384 22
1385 27
1386 18
1387 25
1388 14
1389 26
1390 23
1391 24
1392 20
1393 18
1394 20
1395 29
1396 27
1397 23
1398 28
1399 19
1400 20
1401 28
1402 20
1403 26
1404 29
1405 27
1406 11
1407 27
1408 20
1409 19
1410 31
1411 22
1412 24
1413 20
1414 27
1415 16
1416 28
1417 23
1418 22
1419 22
1420 21
1421 25
1422 25
1423 26
1424 28
1425 18
1426 18
1427 24
1428 21
1429 24
1430 24
1431 21
1432 21
1433 16
1434 25
1435 20
1436 28
1437 33
1438 15
1439 21
1440 43
1441 20
1442 27
1443 35
1444 32
1445 45
1446 39
1447 45
1448 45
1449 54
1450 48
1451 78
1452 91
1453 85
1454 100
1455 123
1456 151
1457 160
1458 207
1459 239
1460 205
1461 216
1462 230
1463 270
1464 262
1465 258
1466 237
1467 168
1468 137
1469 81
1470 74
1471 58
1472 58
1473 49
1474 24
1475 28
1476 32
1477 28
1478 30
1479 10
1480 18
1481 23
1482 23
1483 17
1484 22
1485 18
1486 18
1487 15
1488 21
1489 22
1490 23
1491 24
1492 17
1493 21
1494 19
1495 23
1496 16
1497 18
1498 22
1499 17
1500 27
1501 25
1502 20
1503 18
1504 24
1505 15
1506 28
1507 27
1508 21
1509 22
1510 19
1511 24
1512 17
1513 22
1514 22
1515 15
1516 18
1517 17
1518 22
1519 29
1520 21
1521 14
1522 19
1523 25
1524 21
1525 21
1526 16
1527 14
1528 27
1529 25
1530 21
1531 24
1532 26
1533 14
1534 17
1535 22
1536 14
1537 20
1538 20
1539 17
1540 32
1541 14
1542 15
1543 17
1544 15
1545 19
1546 19
1547 23
1548 20
1549 19
1550 17
1551 21
1552 15
1553 18
1554 16
1555 15
1556 22
1557 12
1558 19
1559 20
1560 21
1561 22
1562 16
1563 21
1564 17
1565 16
1566 16
1567 25
1568 13
1569 19
1570 20
1571 17
1572 14
1573 18
1574 17
1575 21
1576 19
1577 16
1578 17
1579 20
1580 24
1581 18
1582 20
1583 24
1584 19
1585 17
1586 21
1587 11
1588 15
1589 20
1590 23
1591 19
1592 24
1593 20
1594 19
1595 26
1596 13
1597 16
1598 22
1599 21
1600 27
1601 25
1602 17
1603 22
1604 14
1605 14
1606 25
1607 29
1608 15
1609 18
1610 26
1611 23
1612 22
1613 18
1614 22
1615 21
1616 24
1617 21
1618 13
1619 23
1620 16
1621 23
1622 12
1623 28
1624 18
1625 28
1626 15
1627 18
1628 22
1629 23
1630 21
1631 21
1632 15
1633 16
1634 18
1635 20
1636 11
1637 17
1638 17
1639 25
1640 22
1641 14
1642 16
1643 12
1644 16
1645 19
1646 15
1647 16
1648 18
1649 19
1650 11
1651 27
1652 18
1653 15
1654 13
1655 16
1656 20
1657 17
1658 20
1659 17
1660 29
1661 22
1662 18
1663 18
1664 23
1665 20
1666 22
1667 17
1668 22
1669 23
1670 17
1671 18
1672 6
1673 18
1674 16
1675 16
1676 18
1677 20
1678 16
1679 17
1680 15
1681 21
1682 20
1683 20
1684 17
1685 23
1686 23
1687 19
1688 18
1689 14
1690 17
1691 16
1692 21
1693 22
1694 21
1695 23
1696 19
1697 20
1698 25
1699 17
1700 12
1701 14
1702 21
1703 13
1704 19
1705 17
1706 16
1707 22
1708 16
1709 23
1710 15
1711 16
1712 16
1713 14
1714 17
1715 14
1716 21
1717 19
1718 16
1719 20
1720 19
1721 26
1722 19
1723 17
1724 17
1725 17
1726 28
1727 23
1728 21
1729 23
1730 17
1731 16
1732 19
1733 20
1734 19
1735 21
1736 22
1737 11
1738 23
1739 19
1740 17
1741 16
1742 23
1743 24
1744 19
1745 17
1746 15
1747 18
1748 21
1749 19
1750 15
1751 21
1752 20
1753 20
1754 21
1755 24
1756 30
1757 21
1758 15
1759 14
1760 17
1761 20
1762 30
1763 17
1764 21
1765 16
1766 14
1767 17
1768 14
1769 21
1770 17
1771 17
1772 23
1773 16
1774 15
1775 17
1776 21
1777 22
1778 16
1779 19
1780 17
1781 13
1782 15
1783 9
1784 24
1785 23
1786 19
1787 16
1788 18
1789 22
1790 18
1791 14
1792 16
1793 24
1794 8
1795 15
1796 14
1797 24
1798 23
1799 19
1800 16
1801 14
1802 16
1803 13
1804 17
1805 21
1806 17
1807 23
1808 16
1809 22
1810 18
1811 20
1812 14
1813 11
1814 11
1815 14
1816 18
1817 21
1818 18
1819 18
1820 22
1821 15
1822 14
1823 16
1824 15
1825 7
1826 22
1827 20
1828 14
1829 21
1830 14
1831 14
1832 18
1833 16
1834 16
1835 16
1836 16
1837 13
1838 8
1839 20
1840 17
1841 23
1842 20
1843 14
1844 17
1845 14
1846 13
1847 19
1848 16
1849 15
1850 15
1851 13
1852 17
1853 17
1854 22
1855 17
1856 19
1857 12
1858 21
1859 23
1860 13
1861 23
1862 19
1863 17
1864 19
1865 17
1866 14
1867 15
1868 24
1869 15
1870 17
1871 18
1872 18
1873 12
1874 9
1875 16
1876 20
1877 11
1878 16
1879 26
1880 14
1881 14
1882 15
1883 18
1884 24
1885 27
1886 27
1887 24
1888 27
1889 20
1890 19
1891 21
1892 22
1893 19
1894 24
1895 17
1896 19
1897 22
1898 25
1899 14
1900 27
1901 15
1902 18
1903 15
1904 13
1905 13
1906 21
1907 12
1908 15
1909 16
1910 18
1911 15
1912 11
1913 16
1914 21
1915 18
1916 19
1917 14
1918 18
1919 17
1920 19
1921 24
1922 23
1923 24
1924 25
1925 26
1926 24
1927 29
1928 32
1929 38
1930 41
1931 40
1932 65
1933 44
1934 64
1935 50
1936 59
1937 65
1938 75
1939 124
1940 130
1941 128
1942 112
1943 126
1944 134
1945 144
1946 165
1947 114
1948 58
1949 66
1950 75
1951 76
1952 57
1953 87
1954 92
1955 137
1956 159
1957 92
1958 43
1959 26
1960 23
1961 24
1962 14
1963 12
1964 23
1965 17
1966 17
1967 19
1968 18
1969 15
1970 23
1971 14
1972 14
1973 16
1974 21
1975 11
1976 14
1977 16
1978 20
1979 13
1980 17
1981 15
1982 21
1983 14
1984 17
1985 15
1986 14
1987 19
1988 21
1989 14
1990 17
1991 16
1992 19
1993 18
1994 11
1995 15
1996 13
1997 19
1998 12
1999 17
2000 11
2001 11
2002 13
2003 14
2004 15
2005 16
2006 8
2007 17
2008 15
2009 15
2010 18
2011 15
2012 9
2013 14
2014 15
2015 12
2016 9
2017 17
2018 14
2019 16
2020 17
2021 10
2022 14
2023 22
2024 20
2025 17
2026 14
2027 20
2028 11
2029 12
2030 16
2031 21
2032 19
2033 16
2034 13
2035 14
2036 14
2037 10
2038 13
2039 15
2040 23
2041 10
2042 19
2043 14
2044 13
2045 14
2046 16
2047 13
2048 13
2049 10
2050 15
2051 9
2052 16
2053 13
2054 13
2055 16
2056 21
2057 17
2058 21
2059 11
2060 18
2061 17
2062 19
2063 18
2064 17
2065 20
2066 15
2067 17
2068 17
2069 13
2070 18
2071 17
2072 10
2073 12
2074 15
2075 10
2076 11
2077 9
2078 16
2079 18
2080 9
2081 10
2082 13
2083 18
2084 15
2085 11
2086 12
2087 13
2088 14
2089 11
2090 13
2091 20
2092 19
2093 11
2094 20
2095 12
2096 11
2097 19
2098 13
2099 11
2100 10
2101 15
2102 16
2103 8
2104 14
2105 14
2106 15
2107 13
2108 18
2109 17
2110 15
2111 15
2112 13
2113 11
2114 13
2115 18
2116 7
2117 16
2118 14
2119 10
2120 24
2121 16
2122 16
2123 16
2124 10
2125 16
2126 13
2127 13
2128 19
2129 9
2130 11
2131 9
2132 19
2133 20
2134 15
2135 10
2136 19
2137 21
2138 16
2139 13
2140 17
2141 18
2142 11
2143 5
2144 19
2145 18
2146 19
2147 8
2148 18
2149 14
2150 11
2151 12
2152 17
2153 12
2154 10
2155 15
2156 20
2157 14
2158 14
2159 15
2160 14
2161 15
2162 13
2163 16
2164 11
2165 21
2166 18
2167 15
2168 10
2169 15
2170 17
2171 13
2172 19
2173 18
2174 15
2175 12
2176 23
2177 19
2178 22
2179 20
2180 20
2181 19
2182 28
2183 19
2184 26
2185 39
2186 21
2187 39
2188 26
2189 42
2190 52
2191 49
2192 61
2193 74
2194 67
2195 116
2196 137
2197 157
2198 176
2199 175
2200 145
2201 170
2202 207
2203 253
2204 302
2205 381
2206 429
2207 423
2208 452
2209 386
2210 419
2211 502
2212 566
2213 569
2214 507
2215 384
2216 321
2217 322
2218 302
2219 247
2220 227
2221 161
2222 148
2223 113
2224 97
2225 67
2226 58
2227 43
2228 46
2229 31
2230 23
2231 35
2232 22
2233 25
2234 22
2235 19
2236 26
2237 22
2238 15
2239 21
2240 22
2241 17
2242 16
2243 19
2244 22
2245 21
2246 22
2247 21
2248 25
2249 17
2250 22
2251 10
2252 21
2253 12
2254 12
2255 12
2256 9
2257 13
2258 11
2259 10
2260 13
2261 15
2262 21
2263 16
2264 14
2265 16
2266 8
2267 18
2268 15
2269 18
2270 13
2271 14
2272 12
2273 16
2274 10
2275 16
2276 9
2277 12
2278 13
2279 14
2280 23
2281 14
2282 16
2283 23
2284 14
2285 20
2286 12
2287 9
2288 15
2289 12
2290 13
2291 12
2292 19
2293 14
2294 10
2295 15
2296 12
2297 11
2298 12
2299 10
2300 19
2301 19
2302 16
2303 9
2304 21
2305 19
2306 19
2307 23
2308 13
2309 16
2310 16
2311 21
2312 17
2313 24
2314 14
2315 6
2316 16
2317 12
2318 14
2319 15
2320 10
2321 9
2322 21
2323 18
2324 16
2325 15
2326 20
2327 17
2328 10
2329 17
2330 18
2331 16
2332 17
2333 19
2334 22
2335 19
2336 17
2337 15
2338 21
2339 25
2340 13
2341 14
2342 10
2343 7
2344 13
2345 11
2346 15
2347 16
2348 15
2349 11
2350 26
2351 16
2352 13
2353 17
2354 16
2355 23
2356 15
2357 13
2358 15
2359 9
2360 13
2361 13
2362 13
2363 17
2364 8
2365 14
2366 10
2367 8
2368 11
2369 19
2370 13
2371 13
2372 10
2373 7
2374 15
2375 10
2376 18
2377 13
2378 16
2379 7
2380 14
2381 17
2382 24
2383 15
2384 12
2385 13
2386 12
2387 10
2388 14
2389 13
2390 5
2391 16
2392 14
2393 15
2394 16
2395 16
2396 23
2397 19
2398 22
2399 26
2400 12
2401 18
2402 25
2403 34
2404 23
2405 31
2406 32
2407 43
2408 38
2409 36
2410 38
2411 48
2412 60
2413 53
2414 62
2415 81
2416 93
2417 92
2418 98
2419 102
2420 107
2421 99
2422 75
2423 57
2424 90
2425 88
2426 77
2427 75
2428 54
2429 57
2430 54
2431 45
2432 40
2433 42
2434 41
2435 34
2436 23
2437 32
2438 23
2439 19
2440 11
2441 15
2442 18
2443 20
2444 18
2445 11
2446 12
2447 12
2448 18
2449 14
2450 12
2451 12
2452 13
2453 13
2454 7
2455 12
2456 9
2457 9
2458 11
2459 18
2460 9
2461 16
2462 13
2463 15
2464 9
2465 15
2466 16
2467 17
2468 8
2469 8
2470 19
2471 13
2472 14
2473 20
2474 9
2475 11
2476 12
2477 14
2478 8
2479 16
2480 17
2481 19
2482 15
2483 12
2484 10
2485 11
2486 8
2487 15
2488 12
2489 13
2490 10
2491 18
2492 12
2493 14
2494 10
2495 13
2496 13
2497 14
2498 10
2499 6
2500 10
2501 10
2502 11
2503 10
2504 9
2505 10
2506 9
2507 15
2508 9
2509 9
2510 9
2511 17
2512 15
2513 16
2514 14
2515 11
2516 13
2517 18
2518 8
2519 11
2520 12
2521 11
2522 8
2523 15
2524 17
2525 11
2526 17
2527 11
2528 13
2529 5
2530 7
2531 14
2532 13
2533 13
2534 18
2535 10
2536 13
2537 13
2538 10
2539 14
2540 7
2541 8
2542 14
2543 10
2544 19
2545 10
2546 8
2547 13
2548 15
2549 8
2550 8
2551 10
2552 8
2553 6
2554 9
2555 13
2556 15
2557 11
2558 12
2559 14
