0 41
1 29
2 37
3 25
4 25
5 43
6 27
7 28
8 32
9 43
10 40
11 34
12 24
13 32
14 24
15 26
16 30
17 35
18 35
19 39
20 37
21 25
22 33
23 33
24 27
25 38
26 36
27 29
28 27
29 18
30 24
31 26
32 35
33 25
34 39
35 33
36 37
37 34
38 33
39 29
40 28
41 26
42 34
43 30
44 31
45 30
46 27
47 30
48 39
49 43
50 33
51 34
52 35
53 23
54 35
55 45
56 42
57 32
58 29
59 40
60 30
61 34
62 37
63 38
64 23
65 20
66 43
67 29
68 18
69 33
70 30
71 34
72 31
73 31
74 30
75 25
76 37
77 32
78 35
79 33
80 45
81 33
82 27
83 23
84 34
85 34
86 28
87 28
88 37
89 40
90 36
91 39
92 39
93 33
94 37
95 39
96 29
97 34
98 37
99 30
100 37
101 32
102 38
103 39
104 30
105 34
106 21
107 38
108 34
109 38
110 37
111 49
112 22
113 42
114 30
115 36
116 34
117 35
118 42
119 28
120 27
121 30
122 36
123 45
124 38
125 26
126 35
127 33
128 43
129 37
130 36
131 37
132 28
133 25
134 24
135 33
136 47
137 34
138 34
139 35
140 36
141 33
142 42
143 33
144 29
145 33
146 28
147 28
148 38
149 44
150 28
151 37
152 29
153 37
154 21
155 40
156 31
157 31
158 42
159 43
160 21
161 32
162 27
163 31
164 30
165 23
166 37
167 42
168 41
169 24
170 36
171 27
172 35
173 41
174 46
175 36
176 39
177 33
178 32
179 50
180 31
181 36
182 26
183 30
184 26
185 34
186 35
187 36
188 33
189 34
190 36
191 38
192 35
193 41
194 44
195 33
196 55
197 39
198 33
199 39
200 37
201 38
202 43
203 44
204 32
205 35
206 41
207 50
208 48
209 45
210 29
211 26
212 43
213 41
214 27
215 41
216 30
217 29
218 35
219 29
220 30
221 41
222 39
223 29
224 33
225 37
226 38
227 36
228 34
229 37
230 36
231 32
232 41
233 37
234 38
235 38
236 20
237 36
238 37
239 36
240 39
241 34
242 40
243 35
244 38
245 27
246 24
247 33
248 35
249 43
250 37
251 36
252 32
253 36
254 34
255 35
256 44
257 35
258 30
259 42
260 25
261 36
262 18
263 26
264 39
265 35
266 43
267 43
268 31
269 34
270 33
271 36
272 39
273 41
274 32
275 25
276 41
277 46
278 35
279 44
280 38
281 34
282 51
283 47
284 34
285 41
286 44
287 44
288 31
289 31
290 37
291 44
292 41
293 40
294 43
295 39
296 33
297 35
298 49
299 32
300 34
301 43
302 33
303 28
304 47
305 43
306 32
307 29
308 28
309 42
310 35
311 30
312 42
313 41
314 49
315 47
316 38
317 37
318 33
319 45
320 35
321 30
322 36
323 45
324 36
325 44
326 35
327 45
328 33
329 34
330 47
331 34
332 33
333 36
334 32
335 26
336 43
337 28
338 39
339 31
340 35
341 35
342 40
343 34
344 41
345 36
346 34
347 47
348 44
349 41
350 28
351 28
352 31
353 36
354 36
355 46
356 34
357 35
358 42
359 45
360 30
361 39
362 33
363 39
364 34
365 43
366 24
367 43
368 39
369 43
370 30
371 35
372 33
373 41
374 37
375 42
376 30
377 41
378 37
379 46
380 40
381 43
382 30
383 40
384 46
385 40
386 36
387 39
388 48
389 40
390 36
391 27
392 38
393 45
394 32
395 32
396 34
397 38
398 32
399 42
400 36
401 41
402 46
403 46
404 39
405 43
406 51
407 42
408 38
409 43
410 47
411 47
412 40
413 48
414 32
415 36
416 54
417 38
418 29
419 33
420 45
421 30
422 42
423 34
424 34
425 42
426 38
427 38
428 37
429 35
430 46
431 40
432 43
433 28
434 36
435 37
436 36
437 46
438 47
439 40
440 47
441 41
442 37
443 39
444 45
445 33
446 47
447 37
448 34
449 37
450 31
451 42
452 47
453 26
454 28
455 40
456 35
457 41
458 35
459 32
460 24
461 41
462 42
463 36
464 28
465 35
466 35
467 35
468 44
469 50
470 36
471 51
472 43
473 44
474 43
475 41
476 39
477 36
478 58
479 43
480 42
481 51
482 38
483 43
484 41
485 47
486 39
487 41
488 44
489 45
490 55
491 41
492 40
493 39
494 39
495 41
496 42
497 40
498 42
499 42
500 41
501 51
502 48
503 50
504 58
505 43
506 43
507 53
508 55
509 67
510 72
511 63
512 72
513 74
514 57
515 75
516 69
517 65
518 72
519 74
520 71
521 72
522 80
523 75
524 86
525 91
526 62
527 75
528 63
529 89
530 87
531 92
532 120
533 114
534 115
535 109
536 92
537 74
538 62
539 62
540 54
541 45
542 54
543 40
544 29
545 49
546 42
547 44
548 38
549 47
550 41
551 49
552 39
553 41
554 43
555 32
556 44
557 42
558 45
559 43
560 35
561 40
562 38
563 42
564 49
565 31
566 32
567 44
568 41
569 50
570 49
571 32
572 52
573 46
574 35
575 44
576 54
577 40
578 46
579 39
580 35
581 42
582 45
583 36
584 44
585 30
586 34
587 39
588 39
589 33
590 48
591 40
592 42
593 44
594 35
595 44
596 40
597 40
598 25
599 36
600 43
601 39
602 32
603 38
604 28
605 45
606 36
607 42
608 34
609 49
610 38
611 28
612 35
613 36
614 26
615 41
616 46
617 35
618 36
619 38
620 33
621 39
622 40
623 28
624 43
625 33
626 44
627 43
628 36
629 42
630 29
631 44
632 41
633 40
634 29
635 36
636 29
637 35
638 35
639 41
640 41
641 34
642 39
643 34
644 36
645 35
646 34
647 38
648 43
649 42
650 36
651 48
652 41
653 43
654 44
655 39
656 41
657 43
658 47
659 57
660 43
661 32
662 34
663 54
664 38
665 45
666 42
667 48
668 40
669 56
670 49
671 38
672 35
673 60
674 41
675 51
676 32
677 41
678 42
679 42
680 45
681 46
682 34
683 54
684 52
685 38
686 36
687 35
688 35
689 47
690 47
691 38
692 49
693 50
694 28
695 45
696 46
697 53
698 39
699 35
700 30
701 37
702 42
703 35
704 31
705 33
706 40
707 40
708 46
709 57
710 37
711 36
712 28
713 27
714 48
715 35
716 38
717 39
718 41
719 31
720 49
721 30
722 35
723 38
724 34
725 44
726 41
727 39
728 41
729 37
730 40
731 45
732 32
733 43
734 39
735 32
736 49
737 46
738 45
739 33
740 32
741 38
742 31
743 29
744 48
745 50
746 47
747 34
748 40
749 37
750 37
751 41
752 42
753 33
754 43
755 41
756 36
757 33
758 46
759 39
760 34
761 24
762 33
763 38
764 37
765 40
766 41
767 51
768 30
769 32
770 40
771 48
772 44
773 40
774 26
775 34
776 48
777 40
778 45
779 39
780 44
781 36
782 38
783 40
784 20
785 60
786 30
787 48
788 53
789 32
790 39
791 42
792 37
793 30
794 31
795 29
796 35
797 41
798 37
799 45
800 38
801 43
802 34
803 26
804 38
805 40
806 34
807 36
808 36
809 38
810 34
811 30
812 36
813 36
814 36
815 39
816 41
817 31
818 30
819 34
820 44
821 39
822 47
823 46
824 38
825 43
826 32
827 31
828 39
829 29
830 46
831 33
832 41
833 29
834 37
835 36
836 32
837 35
838 33
839 45
840 38
841 41
842 27
843 36
844 33
845 36
846 42
847 39
848 41
849 43
850 50
851 36
852 48
853 31
854 38
855 36
856 39
857 43
858 38
859 30
860 18
861 39
862 52
863 29
864 36
865 44
866 28
867 29
868 35
869 43
870 36
871 41
872 36
873 26
874 30
875 23
876 30
877 36
878 38
879 34
880 36
881 29
882 30
883 32
884 27
885 46
886 43
887 40
888 31
889 30
890 28
891 41
892 27
893 33
894 36
895 25
896 37
897 42
898 42
899 51
900 30
901 36
902 34
903 32
904 44
905 37
906 52
907 35
908 45
909 32
910 21
911 46
912 36
913 41
914 21
915 34
916 38
917 40
918 31
919 41
920 28
921 45
922 32
923 42
924 35
925 24
926 43
927 41
928 29
929 31
930 32
931 44
932 34
933 36
934 37
935 40
936 35
937 35
938 36
939 31
940 37
941 40
942 42
943 32
944 37
945 34
946 36
947 37
948 38
949 37
950 29
951 32
952 39
953 25
954 41
955 44
956 35
957 37
958 42
959 35
960 31
961 40
962 38
963 36
964 42
965 27
966 37
967 39
968 33
969 39
970 34
971 31
972 28
973 33
974 46
975 40
976 39
977 28
978 36
979 41
980 32
981 25
982 38
983 39
984 31
985 54
986 58
987 37
988 36
989 46
990 31
991 37
992 41
993 45
994 21
995 37
996 42
997 43
998 32
999 37
1000 34
1001 39
1002 33
1003 37
1004 19
1005 48
1006 34
1007 35
1008 41
1009 42
1010 38
1011 29
1012 30
1013 41
1014 39
1015 34
1016 41
1017 41
1018 49
1019 52
1020 41
1021 47
1022 59
1023 90
1024 78
1025 58
1026 60
1027 86
1028 83
1029 97
1030 111
1031 105
1032 111
1033 113
1034 169
1035 254
1036 278
1037 337
1038 330
1039 328
1040 373
1041 371
1042 383
1043 447
1044 532
1045 500
1046 506
1047 431
1048 426
1049 465
1050 357
1051 318
1052 296
1053 276
1054 174
1055 133
1056 99
1057 70
1058 52
1059 52
1060 46
1061 38
1062 43
1063 45
1064 21
1065 34
1066 40
1067 37
1068 40
1069 38
1070 49
1071 44
1072 33
1073 41
1074 36
1075 38
1076 33
1077 33
1078 38
1079 38
1080 46
1081 46
1082 30
1083 40
1084 45
1085 53
1086 39
1087 36
1088 33
1089 44
1090 29
1091 48
1092 45
1093 41
1094 37
1095 39
1096 26
1097 32
1098 39
1099 32
1100 35
1101 29
1102 31
1103 30
1104 44
1105 27
1106 33
1107 31
1108 30
1109 38
1110 33
1111 19
1112 35
1113 28
1114 30
1115 27
1116 39
1117 37
1118 34
1119 23
1120 35
1121 31
1122 38
1123 31
1124 37
1125 35
1126 29
1127 35
1128 33
1129 40
1130 35
1131 35
1132 38
1133 30
1134 38
1135 39
1136 32
1137 41
1138 34
1139 39
1140 32
1141 39
1142 35
1143 32
1144 29
1145 28
1146 27
1147 36
1148 36
1149 24
1150 26
1151 28
1152 37
1153 25
1154 38
1155 35
1156 41
1157 42
1158 39
1159 32
1160 40
1161 33
1162 31
1163 31
1164 32
1165 37
1166 28
1167 44
1168 67
1169 54
1170 60
1171 70
1172 78
1173 73
1174 63
1175 60
1176 66
1177 72
1178 58
1179 76
1180 78
1181 87
1182 62
1183 58
1184 51
1185 43
1186 44
1187 48
1188 35
1189 41
1190 38
1191 28
1192 34
1193 38
1194 28
1195 39
1196 38
1197 35
1198 30
1199 30
1200 33
1201 27
1202 27
1203 33
1204 18
1205 36
1206 39
1207 31
1208 31
1209 43
1210 34
1211 22
1212 30
1213 30
1214 35
1215 31
1216 41
1217 26
1218 35
1219 23
1220 30
1221 34
1222 29
1223 28
1224 32
1225 28
1226 23
1227 24
1228 26
1229 37
1230 27
1231 29
1232 28
1233 27
1234 38
1235 21
1236 41
1237 26
1238 32
1239 33
1240 37
1241 37
1242 36
1243 28
1244 33
1245 39
1246 40
1247 23
1248 35
1249 32
1250 32
1251 20
1252 27
1253 23
1254 32
1255 25
1256 18
1257 31
1258 33
1259 23
1260 24
1261 24
1262 22
1263 27
1264 15
1265 23
1266 31
1267 29
1268 27
1269 20
1270 21
1271 21
1272 17
1273 26
1274 24
1275 18
1276 15
1277 19
1278 11
1279 17
1280 34
1281 32
1282 34
1283 29
1284 29
1285 29
1286 28
1287 36
1288 20
1289 34
1290 19
1291 16
1292 29
1293 26
1294 27
1295 33
1296 31
1297 20
1298 26
1299 29
1300 33
1301 28
1302 25
1303 44
1304 20
1305 38
1306 25
1307 37
1308 61
1309 36
1310 35
1311 39
1312 53
1313 49
1314 49
1315 62
1316 64
1317 65
1318 94
1319 91
1320 117
1321 103
1322 93
1323 89
1324 156
1325 143
1326 141
1327 151
1328 174
1329 189
1330 214
1331 291
1332 363
1333 303
1334 207
1335 184
1336 149
1337 146
1338 127
1339 92
1340 65
1341 44
1342 74
1343 33
1344 33
1345 29
1346 24
1347 31
1348 31
1349 25
1350 27
1351 22
1352 29
1353 25
1354 22
1355 29
1356 27
1357 27
1358 24
1359 16
1360 17
1361 21
1362 26
1363 23
1364 16
1365 30
1366 28
1367 22
1368 23
1369 20
1370 23
1371 32
1372 28
1373 32
1374 31
1375 26
1376 23
1377 21
1378 27
1379 20
1380 23
1381 21
1382 21
1383 24
1384 30
1385 27
1386 29
1387 23
1388 22
1389 24
1390 25
1391 19
1392 15
1393 25
1394 25
1395 25
1396 15
1397 21
1398 16
1399 20
1400 17
1401 27
1402 18
1403 41
1404 20
1405 22
1406 30
1407 23
1408 28
1409 21
1410 27
1411 21
1412 17
1413 14
1414 24
1415 21
1416 26
1417 27
1418 26
1419 32
1420 24
1421 38
1422 25
1423 21
1424 23
1425 18
1426 20
1427 28
1428 19
1429 19
1430 21
1431 18
1432 26
1433 21
1434 26
1435 20
1436 26
1437 17
1438 26
1439 32
1440 21
1441 23
1442 19
1443 32
1444 29
1445 32
1446 33
1447 19
1448 20
1449 24
1450 22
1451 20
1452 21
1453 24
1454 28
1455 14
1456 15
1457 30
1458 19
1459 22
1460 21
1461 25
1462 24
1463 23
1464 23
1465 20
1466 21
1467 23
1468 25
1469 25
1470 20
1471 20
1472 30
1473 27
1474 14
1475 24
1476 27
1477 30
1478 34
1479 24
1480 15
1481 23
1482 21
1483 27
1484 21
1485 19
1486 19
1487 23
1488 18
1489 19
1490 18
1491 23
1492 21
1493 23
1494 21
1495 21
1496 16
1497 20
1498 28
1499 21
1500 16
1501 18
1502 21
1503 21
1504 27
1505 18
1506 21
1507 19
1508 19
1509 16
1510 22
1511 21
1512 24
1513 27
1514 23
1515 20
1516 22
1517 20
1518 27
1519 30
1520 23
1521 34
1522 25
1523 17
1524 16
1525 25
1526 25
1527 21
1528 24
1529 21
1530 16
1531 20
1532 15
1533 21
1534 19
1535 24
1536 24
1537 21
1538 22
1539 16
1540 22
1541 15
1542 23
1543 26
1544 15
1545 26
1546 19
1547 20
1548 26
1549 15
1550 21
1551 22
1552 20
1553 16
1554 27
1555 22
1556 20
1557 16
1558 18
1559 9
1560 21
1561 22
1562 19
1563 22
1564 21
1565 22
1566 14
1567 16
1568 18
1569 21
1570 29
1571 19
1572 26
1573 19
1574 15
1575 20
1576 18
1577 27
1578 24
1579 19
1580 18
1581 17
1582 20
1583 25
1584 21
1585 16
1586 22
1587 21
1588 22
1589 23
1590 19
1591 17
1592 16
1593 26
1594 23
1595 14
1596 19
1597 20
1598 16
1599 26
1600 21
1601 12
1602 22
1603 20
1604 23
1605 22
1606 27
1607 17
1608 21
1609 24
1610 14
1611 30
1612 23
1613 16
1614 22
1615 13
1616 23
1617 17
1618 13
1619 21
1620 20
1621 24
1622 17
1623 13
1624 24
1625 20
1626 28
1627 23
1628 17
1629 24
1630 27
1631 15
1632 15
1633 20
1634 18
1635 16
1636 27
1637 17
1638 12
1639 19
1640 23
1641 20
1642 24
1643 27
1644 21
1645 27
1646 25
1647 17
1648 16
1649 13
1650 13
1651 18
1652 12
1653 19
1654 24
1655 22
1656 9
1657 24
1658 22
1659 13
1660 25
1661 14
1662 14
1663 21
1664 25
1665 16
1666 10
1667 20
1668 13
1669 13
1670 18
1671 24
1672 17
1673 19
1674 22
1675 10
1676 16
1677 16
1678 18
1679 16
1680 19
1681 17
1682 23
1683 22
1684 25
1685 11
1686 12
1687 19
1688 21
1689 20
1690 16
1691 21
1692 17
1693 19
1694 15
1695 20
1696 15
1697 25
1698 16
1699 27
1700 20
1701 21
1702 20
1703 33
1704 22
1705 22
1706 23
1707 30
1708 18
1709 16
1710 12
1711 20
1712 27
1713 15
1714 25
1715 15
1716 18
1717 12
1718 20
1719 17
1720 25
1721 24
1722 31
1723 11
1724 24
1725 16
1726 19
1727 18
1728 14
1729 17
1730 25
1731 24
1732 15
1733 21
1734 22
1735 26
1736 25
1737 28
1738 19
1739 14
1740 25
1741 23
1742 21
1743 17
1744 20
1745 19
1746 18
1747 13
1748 18
1749 17
1750 24
1751 12
1752 13
1753 13
1754 20
1755 19
1756 19
1757 23
1758 18
1759 12
1760 23
1761 23
1762 21
1763 21
1764 30
1765 28
1766 31
1767 30
1768 29
1769 24
1770 30
1771 31
1772 37
1773 32
1774 30
1775 39
1776 51
1777 48
1778 41
1779 72
1780 86
1781 144
1782 176
1783 187
1784 162
1785 133
1786 118
1787 92
1788 109
1789 167
1790 114
1791 69
1792 70
1793 113
1794 110
1795 77
1796 59
1797 45
1798 64
1799 54
1800 46
1801 36
1802 33
1803 31
1804 31
1805 32
1806 25
1807 32
1808 31
1809 23
1810 25
1811 35
1812 26
1813 15
1814 14
1815 12
1816 20
1817 18
1818 18
1819 17
1820 10
1821 21
1822 19
1823 19
1824 18
1825 22
1826 21
1827 16
1828 13
1829 17
1830 14
1831 12
1832 16
1833 21
1834 23
1835 15
1836 17
1837 15
1838 15
1839 17
1840 17
1841 20
1842 22
1843 15
1844 16
1845 27
1846 21
1847 22
1848 21
1849 23
1850 21
1851 24
1852 14
1853 13
1854 20
1855 17
1856 15
1857 15
1858 14
1859 15
1860 23
1861 13
1862 19
1863 15
1864 11
1865 15
1866 21
1867 14
1868 18
1869 16
1870 16
1871 16
1872 17
1873 22
1874 27
1875 16
1876 17
1877 11
1878 21
1879 24
1880 17
1881 10
1882 14
1883 15
1884 22
1885 19
1886 17
1887 23
1888 12
1889 15
1890 14
1891 13
1892 15
1893 17
1894 13
1895 16
1896 15
1897 15
1898 13
1899 22
1900 12
1901 19
1902 21
1903 20
1904 14
1905 20
1906 21
1907 21
1908 12
1909 18
1910 16
1911 15
1912 13
1913 19
1914 27
1915 15
1916 24
1917 21
1918 20
1919 17
1920 15
1921 18
1922 22
1923 10
1924 16
1925 12
1926 24
1927 17
1928 16
1929 16
1930 12
1931 15
1932 23
1933 15
1934 17
1935 15
1936 22
1937 21
1938 21
1939 15
1940 26
1941 18
1942 25
1943 19
1944 22
1945 10
1946 21
1947 17
1948 26
1949 15
1950 23
1951 25
1952 20
1953 16
1954 21
1955 11
1956 18
1957 22
1958 24
1959 13
1960 15
1961 16
1962 18
1963 20
1964 23
1965 14
1966 24
1967 19
1968 19
1969 25
1970 15
1971 18
1972 16
1973 20
1974 14
1975 20
1976 21
1977 14
1978 13
1979 20
1980 18
1981 20
1982 21
1983 19
1984 21
1985 17
1986 11
1987 15
1988 17
1989 17
1990 20
1991 12
1992 16
1993 19
1994 15
1995 20
1996 14
1997 18
1998 13
1999 16
2000 21
2001 19
2002 18
2003 22
2004 21
2005 19
2006 26
2007 10
2008 16
2009 10
2010 16
2011 27
2012 24
2013 20
2014 30
2015 23
2016 33
2017 34
2018 46
2019 32
2020 47
2021 52
2022 65
2023 82
2024 61
2025 64
2026 77
2027 99
2028 124
2029 143
2030 166
2031 184
2032 173
2033 185
2034 167
2035 232
2036 276
2037 358
2038 357
2039 325
2040 348
2041 367
2042 300
2043 342
2044 354
2045 356
2046 370
2047 390
2048 362
2049 274
2050 294
2051 278
2052 244
2053 218
2054 199
2055 170
2056 175
2057 155
2058 145
2059 88
2060 68
2061 68
2062 49
2063 40
2064 33
2065 27
2066 17
2067 21
2068 17
2069 23
2070 23
2071 24
2072 18
2073 26
2074 19
2075 16
2076 11
2077 7
2078 22
2079 19
2080 15
2081 12
2082 16
2083 25
2084 7
2085 15
2086 19
2087 13
2088 20
2089 17
2090 21
2091 17
2092 16
2093 15
2094 24
2095 24
2096 24
2097 18
2098 27
2099 15
2100 21
2101 14
2102 11
2103 19
2104 23
2105 11
2106 20
2107 21
2108 15
2109 17
2110 7
2111 19
2112 14
2113 15
2114 6
2115 15
2116 19
2117 16
2118 21
2119 13
2120 12
2121 11
2122 21
2123 16
2124 16
2125 21
2126 10
2127 14
2128 17
2129 11
2130 20
2131 11
2132 11
2133 16
2134 19
2135 10
2136 19
2137 20
2138 19
2139 14
2140 12
2141 21
2142 15
2143 22
2144 11
2145 16
2146 19
2147 17
2148 19
2149 19
2150 19
2151 18
2152 20
2153 24
2154 16
2155 16
2156 21
2157 14
2158 14
2159 17
2160 15
2161 18
2162 22
2163 20
2164 13
2165 14
2166 21
2167 20
2168 14
2169 10
2170 15
2171 12
2172 12
2173 9
2174 13
2175 18
2176 22
2177 11
2178 16
2179 15
2180 23
2181 13
2182 16
2183 16
2184 14
2185 8
2186 14
2187 11
2188 17
2189 14
2190 21
2191 8
2192 24
2193 15
2194 8
2195 13
2196 9
2197 15
2198 13
2199 14
2200 16
2201 16
2202 12
2203 20
2204 21
2205 13
2206 17
2207 19
2208 16
2209 19
2210 19
2211 15
2212 7
2213 17
2214 14
2215 18
2216 20
2217 17
2218 33
2219 24
2220 28
2221 19
2222 29
2223 25
2224 19
2225 23
2226 23
2227 34
2228 30
2229 43
2230 38
2231 46
2232 43
2233 71
2234 66
2235 70
2236 63
2237 66
2238 67
2239 63
2240 77
2241 91
2242 75
2243 85
2244 76
2245 61
2246 87
2247 69
2248 91
2249 66
2250 63
2251 83
2252 98
2253 70
2254 58
2255 47
2256 43
2257 50
2258 53
2259 42
2260 29
2261 18
2262 23
2263 27
2264 22
2265 22
2266 25
2267 15
2268 21
2269 17
2270 19
2271 19
2272 15
2273 15
2274 16
2275 15
2276 16
2277 16
2278 15
2279 19
2280 18
2281 17
2282 14
2283 12
2284 16
2285 7
2286 13
2287 9
2288 11
2289 16
2290 20
2291 13
2292 21
2293 12
2294 11
2295 18
2296 19
2297 13
2298 12
2299 18
2300 10
2301 9
2302 18
2303 6
2304 10
2305 18
2306 20
2307 12
2308 14
2309 15
2310 7
2311 15
2312 9
2313 18
2314 22
2315 13
2316 11
2317 12
2318 11
2319 14
2320 16
2321 18
2322 12
2323 14
2324 16
2325 12
2326 19
2327 8
2328 14
2329 13
2330 11
2331 12
2332 11
2333 7
2334 16
2335 10
2336 10
2337 9
2338 12
2339 10
2340 9
2341 9
2342 9
2343 12
2344 10
2345 12
2346 12
2347 11
2348 9
2349 11
2350 11
2351 15
2352 20
2353 16
2354 7
2355 17
2356 14
2357 12
2358 17
2359 10
2360 14
2361 13
2362 17
2363 12
2364 17
2365 11
2366 13
2367 11
2368 11
2369 15
2370 13
2371 9
2372 16
2373 14
2374 8
2375 8
2376 17
2377 12
2378 19
2379 11
2380 14
2381 11
2382 16
2383 18
2384 8
2385 12
2386 12
2387 8
2388 10
2389 17
2390 10
2391 12
2392 11
2393 16
2394 10
2395 10
2396 8
2397 9
2398 6
2399 11
2400 11
2401 13
2402 16
2403 16
2404 14
2405 22
2406 13
2407 10
2408 14
2409 15
2410 18
2411 19
2412 8
2413 16
2414 9
2415 6
2416 14
2417 19
2418 7
2419 5
2420 10
2421 13
2422 16
2423 9
2424 11
2425 12
2426 11
2427 7
2428 9
2429 20
2430 13
2431 10
2432 10
2433 14
2434 11
2435 11
2436 10
2437 14
2438 8
2439 15
2440 8
2441 9
2442 10
2443 16
2444 10
2445 12
2446 14
2447 9
2448 14
2449 12
2450 18
2451 12
2452 18
2453 7
2454 11
2455 9
2456 11
2457 14
2458 10
2459 14
2460 11
2461 14
2462 11
2463 15
2464 17
2465 12
2466 13
2467 15
2468 13
2469 15
2470 13
2471 9
2472 18
2473 11
2474 14
2475 10
2476 15
2477 7
2478 9
2479 15
2480 14
2481 9
2482 9
2483 12
2484 14
2485 10
2486 11
2487 11
2488 16
2489 16
2490 16
2491 15
2492 13
2493 11
2494 15
2495 15
2496 12
2497 8
2498 9
2499 10
2500 14
2501 7
2502 14
2503 13
2504 11
2505 8
2506 14
2507 13
2508 16
2509 20
2510 28
2511 32
2512 31
2513 26
2514 21
2515 26
2516 30
2517 31
2518 36
2519 43
2520 40
2521 34
2522 26
2523 38
2524 39
2525 29
2526 34
2527 28
2528 41
2529 49
2530 58
2531 57
2532 65
2533 60
2534 87
2535 74
2536 66
2537 31
2538 42
2539 43
2540 30
2541 51
2542 34
2543 39
2544 37
2545 46
2546 40
2547 40
2548 42
2549 51
2550 26
2551 38
2552 40
2553 32
2554 21
2555 27
2556 24
2557 20
2558 14
2559 15
