0 42
1 19
2 23
3 33
4 31
5 36
6 29
7 29
8 35
9 25
10 28
11 32
12 22
13 22
14 22
15 21
16 27
17 22
18 33
19 26
20 24
21 31
22 21
23 36
24 31
25 36
26 27
27 27
28 32
29 34
30 27
31 35
32 22
33 35
34 30
35 28
36 28
37 28
38 26
39 30
40 22
41 29
42 35
43 30
44 32
45 24
46 29
47 30
48 30
49 24
50 40
51 35
52 30
53 26
54 25
55 21
56 30
57 28
58 29
59 26
60 42
61 28
62 25
63 23
64 20
65 30
66 26
67 26
68 24
69 24
70 29
71 32
72 30
73 29
74 31
75 25
76 31
77 25
78 29
79 33
80 29
81 36
82 24
83 24
84 33
85 38
86 28
87 22
88 31
89 34
90 39
91 31
92 28
93 31
94 31
95 27
96 24
97 26
98 23
99 27
100 25
101 31
102 42
103 19
104 30
105 31
106 32
107 29
108 23
109 24
110 24
111 29
112 27
113 34
114 34
115 34
116 30
117 32
118 33
119 21
120 31
121 29
122 35
123 32
124 31
125 32
126 20
127 34
128 32
129 33
130 32
131 24
132 33
133 44
134 33
135 35
136 39
137 39
138 37
139 44
140 29
141 28
142 18
143 34
144 32
145 30
146 21
147 27
148 30
149 37
150 29
151 22
152 29
153 27
154 26
155 20
156 23
157 38
158 35
159 36
160 31
161 30
162 20
163 40
164 40
165 42
166 29
167 24
168 35
169 31
170 32
171 47
172 37
173 29
174 28
175 31
176 26
177 20
178 23
179 37
180 35
181 32
182 31
183 24
184 26
185 45
186 29
187 38
188 29
189 30
190 36
191 35
192 34
193 32
194 34
195 33
196 32
197 30
198 24
199 29
200 39
201 28
202 26
203 30
204 41
205 22
206 29
207 40
208 40
209 31
210 23
211 22
212 31
213 31
214 34
215 33
216 34
217 34
218 32
219 38
220 44
221 35
222 28
223 30
224 36
225 31
226 25
227 33
228 35
229 34
230 33
231 33
232 22
233 21
234 23
235 36
236 28
237 26
238 24
239 26
240 35
241 30
242 31
243 28
244 46
245 31
246 24
247 23
248 44
249 30
250 16
251 32
252 31
253 38
254 34
255 34
256 35
257 32
258 26
259 41
260 34
261 26
262 32
263 31
264 33
265 34
266 36
267 35
268 32
269 35
270 31
271 36
272 22
273 29
274 21
275 24
276 25
277 28
278 34
279 34
280 26
281 25
282 35
283 33
284 36
285 21
286 20
287 33
288 26
289 32
290 37
291 42
292 24
293 31
294 36
295 44
296 44
297 38
298 37
299 29
300 35
301 32
302 34
303 26
304 49
305 33
306 41
307 30
308 31
309 28
310 30
311 39
312 45
313 38
314 34
315 31
316 39
317 36
318 31
319 33
320 31
321 35
322 33
323 39
324 33
325 26
326 31
327 28
328 38
329 41
330 31
331 34
332 33
333 31
334 36
335 28
336 33
337 28
338 25
339 33
340 41
341 42
342 33
343 33
344 28
345 36
346 26
347 33
348 29
349 35
350 38
351 28
352 37
353 26
354 18
355 37
356 31
357 26
358 30
359 49
360 22
361 28
362 31
363 40
364 34
365 29
366 45
367 34
368 32
369 30
370 30
371 31
372 32
373 31
374 34
375 30
376 30
377 30
378 31
379 24
380 45
381 44
382 33
383 30
384 30
385 28
386 48
387 48
388 37
389 34
390 39
391 34
392 41
393 37
394 20
395 38
396 34
397 31
398 39
399 36
400 33
401 33
402 23
403 39
404 39
405 45
406 38
407 32
408 31
409 36
410 29
411 36
412 34
413 27
414 48
415 35
416 36
417 34
418 34
419 44
420 26
421 39
422 38
423 44
424 35
425 40
426 45
427 38
428 25
429 25
430 52
431 30
432 45
433 31
434 38
435 39
436 38
437 34
438 45
439 27
440 38
441 43
442 30
443 37
444 34
445 32
446 40
447 39
448 27
449 33
450 49
451 40
452 38
453 28
454 27
455 30
456 32
457 44
458 33
459 23
460 44
461 32
462 54
463 37
464 39
465 34
466 42
467 34
468 42
469 45
470 29
471 32
472 23
473 30
474 39
475 30
476 24
477 35
478 33
479 32
480 39
481 46
482 37
483 36
484 37
485 36
486 29
487 34
488 34
489 33
490 27
491 41
492 21
493 41
494 35
495 34
496 32
497 33
498 32
499 33
500 43
501 28
502 35
503 44
504 38
505 26
506 30
507 36
508 39
509 36
510 33
511 33
512 35
513 37
514 35
515 29
516 41
517 44
518 41
519 30
520 43
521 41
522 49
523 36
524 32
525 29
526 29
527 42
528 48
529 41
530 25
531 44
532 47
533 36
534 31
535 28
536 33
537 38
538 37
539 37
540 36
541 34
542 32
543 34
544 42
545 44
546 50
547 38
548 37
549 18
550 35
551 30
552 40
553 42
554 41
555 24
556 44
557 31
558 41
559 35
560 33
561 48
562 51
563 29
564 39
565 40
566 46
567 44
568 57
569 41
570 50
571 60
572 58
573 60
574 67
575 71
576 56
577 57
578 75
579 59
580 61
581 64
582 80
583 79
584 77
585 66
586 83
587 95
588 98
589 72
590 103
591 135
592 166
593 109
594 104
595 95
596 79
597 71
598 72
599 51
600 45
601 29
602 36
603 35
604 49
605 38
606 28
607 32
608 35
609 30
610 40
611 47
612 40
613 22
614 34
615 41
616 42
617 45
618 33
619 39
620 36
621 45
622 42
623 31
624 35
625 49
626 27
627 42
628 27
629 34
630 37
631 32
632 37
633 36
634 37
635 34
636 46
637 50
638 39
639 34
640 40
641 44
642 34
643 32
644 44
645 40
646 32
647 29
648 34
649 31
650 34
651 43
652 44
653 38
654 30
655 29
656 39
657 44
658 34
659 31
660 43
661 32
662 33
663 28
664 35
665 36
666 41
667 49
668 38
669 40
670 42
671 40
672 42
673 47
674 45
675 34
676 43
677 36
678 33
679 25
680 33
681 36
682 31
683 34
684 34
685 38
686 39
687 41
688 38
689 41
690 40
691 46
692 40
693 36
694 30
695 37
696 37
697 52
698 36
699 32
700 38
701 41
702 38
703 43
704 37
705 33
706 35
707 35
708 33
709 39
710 58
711 49
712 42
713 42
714 44
715 35
716 47
717 35
718 30
719 31
720 32
721 42
722 39
723 33
724 37
725 29
726 42
727 31
728 30
729 38
730 44
731 46
732 31
733 38
734 34
735 39
736 28
737 39
738 38
739 41
740 28
741 32
742 31
743 35
744 35
745 38
746 26
747 32
748 42
749 49
750 30
751 44
752 37
753 27
754 37
755 37
756 32
757 36
758 40
759 28
760 35
761 35
762 28
763 28
764 35
765 41
766 31
767 38
768 29
769 40
770 40
771 37
772 35
773 36
774 37
775 28
776 35
777 29
778 36
779 30
780 46
781 41
782 35
783 41
784 38
785 33
786 36
787 42
788 32
789 38
790 33
791 25
792 39
793 34
794 31
795 40
796 44
797 35
798 34
799 31
800 38
801 42
802 30
803 35
804 38
805 38
806 39
807 46
808 34
809 38
810 36
811 49
812 45
813 42
814 42
815 38
816 32
817 29
818 45
819 35
820 31
821 40
822 28
823 43
824 26
825 37
826 36
827 47
828 51
829 33
830 36
831 34
832 48
833 38
834 29
835 33
836 38
837 28
838 41
839 41
840 26
841 28
842 29
843 38
844 37
845 45
846 39
847 41
848 30
849 37
850 40
851 26
852 30
853 42
854 24
855 30
856 34
857 41
858 42
859 27
860 42
861 34
862 30
863 29
864 38
865 44
866 27
867 31
868 41
869 27
870 38
871 32
872 38
873 30
874 35
875 20
876 43
877 29
878 36
879 37
880 28
881 29
882 34
883 37
884 27
885 21
886 26
887 21
888 34
889 38
890 27
891 39
892 30
893 33
894 25
895 36
896 23
897 32
898 25
899 36
900 25
901 35
902 43
903 27
904 48
905 29
906 40
907 35
908 27
909 36
910 32
911 32
912 39
913 39
914 33
915 34
916 45
917 40
918 34
919 37
920 46
921 22
922 21
923 32
924 30
925 32
926 37
927 44
928 37
929 37
930 37
931 25
932 37
933 35
934 34
935 34
936 28
937 29
938 35
939 30
940 34
941 33
942 33
943 33
944 42
945 33
946 32
947 29
948 39
949 28
950 32
951 29
952 29
953 24
954 26
955 38
956 37
957 29
958 27
959 39
960 25
961 37
962 39
963 28
964 41
965 26
966 34
967 33
968 22
969 33
970 24
971 27
972 28
973 33
974 36
975 33
976 30
977 31
978 34
979 29
980 35
981 29
982 45
983 31
984 31
985 26
986 26
987 30
988 43
989 22
990 27
991 33
992 30
993 37
994 38
995 30
996 41
997 36
998 38
999 37
1000 39
1001 28
1002 28
1003 26
1004 33
1005 25
1006 29
1007 19
1008 21
1009 21
1010 35
1011 31
1012 27
1013 25
1014 28
1015 29
1016 44
1017 36
1018 27
1019 29
1020 24
1021 46
1022 23
1023 27
1024 32
1025 36
1026 31
1027 31
1028 30
1029 27
1030 28
1031 29
1032 29
1033 30
1034 32
1035 44
1036 54
1037 32
1038 35
1039 32
1040 34
1041 27
1042 32
1043 25
1044 34
1045 27
1046 33
1047 38
1048 30
1049 21
1050 29
1051 36
1052 26
1053 26
1054 33
1055 22
1056 45
1057 34
1058 47
1059 38
1060 36
1061 36
1062 25
1063 32
1064 41
1065 32
1066 32
1067 37
1068 19
1069 35
1070 30
1071 37
1072 28
1073 28
1074 33
1075 33
1076 43
1077 25
1078 40
1079 38
1080 27
1081 29
1082 24
1083 25
1084 24
1085 35
1086 36
1087 38
1088 37
1089 42
1090 34
1091 36
1092 31
1093 45
1094 46
1095 36
1096 41
1097 50
1098 72
1099 68
1100 97
1101 88
1102 94
1103 127
1104 113
1105 138
1106 184
1107 229
1108 200
1109 243
1110 277
1111 372
1112 409
1113 479
1114 500
1115 480
1116 458
1117 477
1118 560
1119 515
1120 482
1121 413
1122 368
1123 375
1124 288
1125 222
1126 176
1127 98
1128 66
1129 51
1130 47
1131 40
1132 42
1133 35
1134 28
1135 28
1136 37
1137 34
1138 35
1139 45
1140 37
1141 36
1142 31
1143 34
1144 27
1145 40
1146 31
1147 43
1148 41
1149 29
1150 27
1151 33
1152 37
1153 37
1154 53
1155 30
1156 26
1157 26
1158 39
1159 37
1160 30
1161 20
1162 29
1163 29
1164 31
1165 30
1166 40
1167 34
1168 20
1169 33
1170 38
1171 36
1172 22
1173 37
1174 28
1175 35
1176 29
1177 27
1178 36
1179 26
1180 28
1181 31
1182 34
1183 26
1184 33
1185 38
1186 34
1187 32
1188 37
1189 38
1190 32
1191 26
1192 25
1193 25
1194 30
1195 31
1196 27
1197 36
1198 23
1199 32
1200 31
1201 39
1202 25
1203 40
1204 34
1205 25
1206 34
1207 26
1208 27
1209 31
1210 31
1211 30
1212 30
1213 20
1214 33
1215 28
1216 34
1217 36
1218 30
1219 42
1220 37
1221 34
1222 30
1223 42
1224 30
1225 29
1226 32
1227 29
1228 38
1229 38
1230 35
1231 23
1232 28
1233 24
1234 32
1235 29
1236 23
1237 29
1238 31
1239 31
1240 35
1241 41
1242 36
1243 40
1244 33
1245 54
1246 30
1247 36
1248 35
1249 37
1250 56
1251 56
1252 50
1253 60
1254 64
1255 59
1256 35
1257 40
1258 64
1259 50
1260 58
1261 36
1262 32
1263 35
1264 32
1265 33
1266 38
1267 34
1268 27
1269 23
1270 18
1271 34
1272 15
1273 24
1274 18
1275 21
1276 18
1277 21
1278 14
1279 13
1280 26
1281 27
1282 26
1283 26
1284 19
1285 25
1286 19
1287 23
1288 27
1289 19
1290 22
1291 27
1292 25
1293 20
1294 25
1295 20
1296 29
1297 18
1298 17
1299 22
1300 24
1301 18
1302 18
1303 21
1304 22
1305 13
1306 20
1307 28
1308 22
1309 26
1310 27
1311 26
1312 21
1313 29
1314 17
1315 27
1316 35
1317 25
1318 27
1319 25
1320 33
1321 27
1322 27
1323 35
1324 35
1325 30
1326 33
1327 35
1328 46
1329 50
1330 51
1331 42
1332 43
1333 46
1334 40
1335 43
1336 35
1337 25
1338 45
1339 42
1340 30
1341 23
1342 28
1343 22
1344 26
1345 27
1346 15
1347 31
1348 29
1349 27
1350 23
1351 19
1352 18
1353 25
1354 29
1355 23
1356 24
1357 19
1358 23
1359 27
1360 25
1361 21
1362 16
1363 25
1364 21
1365 28
1366 27
1367 26
1368 19
1369 16
1370 23
1371 27
1372 25
1373 21
1374 17
1375 26
1376 18
1377 27
1378 19
1379 21
1380 21
1381 32
1382 22
1383 13
1384 17
1385 27
1386 26
1387 25
1388 28
1389 26
1390 24
1391 26
1392 22
1393 26
1394 24
1395 28
1396 53
1397 34
1398 37
1399 45
1400 50
1401 55
1402 59
1403 52
1404 70
1405 102
1406 98
1407 110
1408 107
1409 98
1410 132
1411 147
1412 181
1413 208
1414 213
1415 206
1416 236
1417 252
1418 179
1419 189
1420 192
1421 132
1422 98
1423 77
1424 75
1425 49
1426 47
1427 41
1428 60
1429 43
1430 31
1431 36
1432 35
1433 26
1434 18
1435 18
1436 18
1437 22
1438 28
1439 25
1440 22
1441 27
1442 22
1443 22
1444 31
1445 15
1446 18
1447 14
1448 20
1449 24
1450 23
1451 24
1452 24
1453 24
1454 30
1455 29
1456 19
1457 29
1458 28
1459 27
1460 16
1461 15
1462 23
1463 22
1464 23
1465 24
1466 13
1467 15
1468 21
1469 15
1470 26
1471 22
1472 21
1473 31
1474 17
1475 17
1476 15
1477 21
1478 25
1479 29
1480 24
1481 19
1482 22
1483 27
1484 28
1485 21
1486 17
1487 22
1488 21
1489 15
1490 27
1491 15
1492 18
1493 19
1494 19
1495 15
1496 26
1497 22
1498 19
1499 19
1500 18
1501 20
1502 18
1503 23
1504 14
1505 28
1506 16
1507 21
1508 14
1509 17
1510 23
1511 12
1512 23
1513 21
1514 16
1515 18
1516 22
1517 16
1518 17
1519 20
1520 25
1521 27
1522 25
1523 20
1524 19
1525 19
1526 16
1527 18
1528 21
1529 17
1530 10
1531 27
1532 22
1533 23
1534 15
1535 28
1536 11
1537 19
1538 18
1539 30
1540 20
1541 16
1542 15
1543 15
1544 12
1545 24
1546 17
1547 21
1548 20
1549 21
1550 18
1551 13
1552 24
1553 16
1554 21
1555 19
1556 21
1557 14
1558 20
1559 23
1560 22
1561 24
1562 22
1563 29
1564 20
1565 16
1566 24
1567 16
1568 20
1569 18
1570 19
1571 22
1572 18
1573 22
1574 22
1575 12
1576 15
1577 27
1578 23
1579 15
1580 27
1581 27
1582 28
1583 28
1584 15
1585 25
1586 21
1587 17
1588 26
1589 20
1590 16
1591 26
1592 18
1593 29
1594 29
1595 17
1596 22
1597 17
1598 21
1599 14
1600 18
1601 18
1602 14
1603 12
1604 16
1605 23
1606 28
1607 28
1608 22
1609 22
1610 14
1611 14
1612 24
1613 22
1614 11
1615 15
1616 15
1617 20
1618 19
1619 15
1620 19
1621 23
1622 13
1623 19
1624 18
1625 30
1626 22
1627 19
1628 18
1629 17
1630 17
1631 19
1632 18
1633 19
1634 19
1635 17
1636 10
1637 19
1638 21
1639 25
1640 17
1641 23
1642 20
1643 18
1644 18
1645 24
1646 19
1647 25
1648 19
1649 13
1650 25
1651 14
1652 14
1653 20
1654 21
1655 17
1656 18
1657 18
1658 14
1659 19
1660 18
1661 28
1662 16
1663 21
1664 17
1665 22
1666 16
1667 22
1668 24
1669 18
1670 16
1671 16
1672 17
1673 13
1674 19
1675 14
1676 20
1677 25
1678 29
1679 13
1680 19
1681 19
1682 10
1683 20
1684 18
1685 23
1686 21
1687 30
1688 12
1689 16
1690 18
1691 15
1692 17
1693 12
1694 14
1695 23
1696 23
1697 13
1698 14
1699 23
1700 12
1701 12
1702 20
1703 14
1704 14
1705 13
1706 18
1707 30
1708 18
1709 20
1710 29
1711 18
1712 22
1713 13
1714 18
1715 21
1716 13
1717 21
1718 22
1719 17
1720 17
1721 13
1722 24
1723 14
1724 18
1725 20
1726 13
1727 22
1728 17
1729 21
1730 16
1731 17
1732 23
1733 17
1734 24
1735 16
1736 15
1737 19
1738 19
1739 18
1740 13
1741 19
1742 12
1743 17
1744 13
1745 9
1746 9
1747 12
1748 20
1749 14
1750 18
1751 12
1752 16
1753 16
1754 18
1755 17
1756 14
1757 15
1758 21
1759 19
1760 17
1761 10
1762 16
1763 17
1764 18
1765 15
1766 14
1767 15
1768 13
1769 14
1770 13
1771 11
1772 23
1773 21
1774 16
1775 16
1776 19
1777 16
1778 16
1779 15
1780 15
1781 18
1782 17
1783 19
1784 20
1785 20
1786 26
1787 19
1788 12
1789 22
1790 24
1791 13
1792 20
1793 24
1794 18
1795 21
1796 18
1797 11
1798 21
1799 22
1800 11
1801 13
1802 21
1803 17
1804 14
1805 18
1806 17
1807 25
1808 30
1809 20
1810 18
1811 19
1812 19
1813 22
1814 20
1815 14
1816 14
1817 15
1818 22
1819 19
1820 23
1821 13
1822 20
1823 20
1824 21
1825 20
1826 30
1827 15
1828 11
1829 23
1830 17
1831 16
1832 19
1833 22
1834 25
1835 22
1836 22
1837 24
1838 18
1839 21
1840 21
1841 16
1842 13
1843 15
1844 24
1845 15
1846 17
1847 17
1848 24
1849 19
1850 10
1851 18
1852 14
1853 23
1854 11
1855 16
1856 17
1857 21
1858 24
1859 16
1860 23
1861 16
1862 24
1863 16
1864 21
1865 22
1866 29
1867 24
1868 27
1869 23
1870 23
1871 35
1872 41
1873 35
1874 31
1875 43
1876 57
1877 67
1878 107
1879 146
1880 107
1881 77
1882 72
1883 90
1884 113
1885 171
1886 178
1887 133
1888 138
1889 115
1890 123
1891 79
1892 85
1893 85
1894 111
1895 103
1896 92
1897 79
1898 79
1899 59
1900 63
1901 41
1902 51
1903 46
1904 28
1905 22
1906 19
1907 19
1908 24
1909 20
1910 18
1911 12
1912 20
1913 26
1914 19
1915 20
1916 14
1917 23
1918 16
1919 27
1920 22
1921 16
1922 17
1923 15
1924 14
1925 16
1926 23
1927 20
1928 12
1929 19
1930 19
1931 12
1932 20
1933 16
1934 20
1935 16
1936 15
1937 14
1938 20
1939 15
1940 9
1941 11
1942 21
1943 17
1944 16
1945 13
1946 17
1947 21
1948 18
1949 16
1950 15
1951 15
1952 10
1953 19
1954 12
1955 11
1956 14
1957 11
1958 15
1959 15
1960 11
1961 10
1962 11
1963 16
1964 14
1965 11
1966 18
1967 13
1968 15
1969 12
1970 16
1971 16
1972 8
1973 12
1974 13
1975 21
1976 13
1977 12
1978 19
1979 17
1980 11
1981 10
1982 16
1983 18
1984 15
1985 18
1986 13
1987 14
1988 20
1989 21
1990 13
1991 16
1992 17
1993 20
1994 19
1995 13
1996 12
1997 19
1998 15
1999 12
2000 17
2001 17
2002 15
2003 13
2004 17
2005 9
2006 15
2007 12
2008 15
2009 10
2010 20
2011 18
2012 18
2013 18
2014 15
2015 11
2016 22
2017 17
2018 9
2019 16
2020 11
2021 13
2022 25
2023 16
2024 17
2025 22
2026 14
2027 14
2028 16
2029 12
2030 11
2031 19
2032 19
2033 21
2034 22
2035 20
2036 10
2037 16
2038 21
2039 16
2040 20
2041 12
2042 18
2043 16
2044 19
2045 15
2046 16
2047 19
2048 15
2049 19
2050 19
2051 13
2052 12
2053 15
2054 16
2055 21
2056 15
2057 17
2058 9
2059 15
2060 22
2061 13
2062 20
2063 20
2064 28
2065 12
2066 13
2067 14
2068 13
2069 23
2070 21
2071 19
2072 11
2073 11
2074 12
2075 19
2076 12
2077 13
2078 24
2079 13
2080 14
2081 13
2082 11
2083 18
2084 8
2085 10
2086 12
2087 15
2088 9
2089 12
2090 19
2091 15
2092 9
2093 15
2094 11
2095 28
2096 12
2097 11
2098 17
2099 19
2100 12
2101 9
2102 21
2103 20
2104 14
2105 22
2106 24
2107 15
2108 14
2109 18
2110 18
2111 16
2112 16
2113 14
2114 18
2115 14
2116 24
2117 15
2118 30
2119 18
2120 19
2121 22
2122 26
2123 25
2124 36
2125 40
2126 33
2127 42
2128 29
2129 33
2130 46
2131 54
2132 49
2133 66
2134 84
2135 127
2136 96
2137 116
2138 118
2139 141
2140 206
2141 274
2142 256
2143 278
2144 311
2145 370
2146 394
2147 416
2148 411
2149 408
2150 460
2151 467
2152 413
2153 304
2154 275
2155 311
2156 380
2157 354
2158 368
2159 324
2160 276
2161 190
2162 145
2163 128
2164 128
2165 107
2166 93
2167 88
2168 66
2169 56
2170 33
2171 36
2172 19
2173 23
2174 23
2175 25
2176 16
2177 22
2178 25
2179 18
2180 21
2181 19
2182 14
2183 18
2184 14
2185 16
2186 24
2187 11
2188 12
2189 14
2190 14
2191 18
2192 20
2193 17
2194 11
2195 12
2196 10
2197 12
2198 12
2199 12
2200 7
2201 22
2202 12
2203 12
2204 19
2205 20
2206 13
2207 17
2208 12
2209 14
2210 11
2211 18
2212 8
2213 13
2214 14
2215 18
2216 15
2217 18
2218 16
2219 14
2220 12
2221 22
2222 13
2223 18
2224 23
2225 22
2226 13
2227 15
2228 18
2229 10
2230 10
2231 17
2232 21
2233 15
2234 18
2235 19
2236 14
2237 11
2238 17
2239 15
2240 10
2241 11
2242 9
2243 14
2244 27
2245 5
2246 12
2247 11
2248 15
2249 11
2250 10
2251 9
2252 13
2253 17
2254 13
2255 15
2256 19
2257 18
2258 14
2259 15
2260 13
2261 19
2262 14
2263 11
2264 13
2265 12
2266 13
2267 15
2268 14
2269 19
2270 16
2271 15
2272 17
2273 18
2274 18
2275 11
2276 11
2277 17
2278 15
2279 11
2280 13
2281 16
2282 11
2283 17
2284 19
2285 13
2286 19
2287 13
2288 15
2289 21
2290 7
2291 9
2292 17
2293 17
2294 21
2295 16
2296 17
2297 13
2298 14
2299 19
2300 12
2301 13
2302 14
2303 14
2304 10
2305 12
2306 12
2307 16
2308 17
2309 18
2310 19
2311 21
2312 12
2313 19
2314 14
2315 12
2316 16
2317 15
2318 14
2319 14
2320 12
2321 11
2322 13
2323 13
2324 20
2325 17
2326 18
2327 14
2328 19
2329 14
2330 13
2331 20
2332 21
2333 22
2334 15
2335 20
2336 21
2337 21
2338 30
2339 18
2340 17
2341 26
2342 22
2343 32
2344 28
2345 38
2346 37
2347 38
2348 44
2349 67
2350 64
2351 69
2352 74
2353 78
2354 72
2355 57
2356 67
2357 82
2358 113
2359 88
2360 91
2361 95
2362 87
2363 86
2364 78
2365 66
2366 63
2367 71
2368 69
2369 44
2370 60
2371 27
2372 27
2373 36
2374 19
2375 29
2376 12
2377 39
2378 19
2379 16
2380 21
2381 11
2382 14
2383 12
2384 13
2385 20
2386 14
2387 15
2388 5
2389 15
2390 7
2391 16
2392 15
2393 10
2394 12
2395 7
2396 13
2397 9
2398 15
2399 13
2400 13
2401 14
2402 12
2403 11
2404 18
2405 16
2406 11
2407 18
2408 13
2409 13
2410 14
2411 9
2412 14
2413 14
2414 12
2415 13
2416 19
2417 13
2418 13
2419 12
2420 11
2421 12
2422 10
2423 11
2424 12
2425 11
2426 8
2427 8
2428 11
2429 13
2430 13
2431 17
2432 16
2433 10
2434 14
2435 13
2436 8
2437 10
2438 9
2439 11
2440 10
2441 16
2442 13
2443 7
2444 10
2445 9
2446 22
2447 20
2448 12
2449 11
2450 10
2451 15
2452 11
2453 15
2454 8
2455 10
2456 9
2457 13
2458 12
2459 17
2460 17
2461 11
2462 12
2463 12
2464 14
2465 6
2466 10
2467 8
2468 19
2469 17
2470 12
2471 9
2472 4
2473 11
2474 8
2475 7
2476 8
2477 12
2478 8
2479 13
2480 15
2481 11
2482 11
2483 9
2484 15
2485 20
2486 14
2487 15
2488 9
2489 13
2490 9
2491 8
2492 15
2493 10
2494 18
2495 17
2496 13
2497 6
2498 23
2499 9
2500 10
2501 7
2502 13
2503 13
2504 10
2505 11
2506 10
2507 14
2508 10
2509 14
2510 21
2511 13
2512 9
2513 15
2514 11
2515 15
2516 11
2517 11
2518 15
2519 9
2520 17
2521 14
2522 9
2523 14
2524 13
2525 12
2526 7
2527 10
2528 12
2529 11
2530 11
2531 14
2532 15
2533 14
2534 16
2535 11
2536 16
2537 7
2538 13
2539 13
2540 11
2541 6
2542 14
2543 11
2544 11
2545 15
2546 13
2547 11
2548 7
2549 17
2550 15
2551 9
2552 15
2553 12
2554 11
2555 14
2556 12
2557 14
2558 8
2559 14
