0 41
1 28
2 20
3 26
4 18
5 16
6 36
7 29
8 25
9 21
10 30
11 27
12 15
13 29
14 25
15 23
16 25
17 24
18 31
19 32
20 23
21 33
22 41
23 20
24 23
25 26
26 29
27 31
28 20
29 31
30 34
31 31
32 21
33 21
34 21
35 29
36 27
37 24
38 37
39 25
40 25
41 20
42 24
43 35
44 30
45 15
46 27
47 20
48 37
49 31
50 34
51 18
52 26
53 22
54 26
55 25
56 18
57 28
58 28
59 36
60 25
61 24
62 19
63 21
64 24
65 27
66 32
67 28
68 26
69 28
70 21
71 26
72 26
73 29
74 24
75 30
76 32
77 26
78 25
79 30
80 32
81 21
82 20
83 21
84 37
85 32
86 27
87 28
88 28
89 41
90 24
91 33
92 28
93 22
94 29
95 20
96 25
97 24
98 42
99 29
100 25
101 32
102 23
103 29
104 30
105 30
106 31
107 25
108 23
109 24
110 26
111 21
112 27
113 24
114 28
115 35
116 28
117 17
118 26
119 35
120 42
121 30
122 23
123 26
124 28
125 27
126 26
127 16
128 25
129 19
130 20
131 21
132 27
133 29
134 32
135 25
136 29
137 33
138 34
139 27
140 25
141 27
142 25
143 35
144 37
145 33
146 25
147 28
148 44
149 18
150 25
151 30
152 16
153 27
154 35
155 32
156 32
157 29
158 34
159 23
160 22
161 30
162 32
163 25
164 23
165 25
166 36
167 25
168 33
169 37
170 31
171 30
172 34
173 28
174 35
175 28
176 25
177 34
178 27
179 27
180 28
181 38
182 32
183 37
184 23
185 40
186 32
187 31
188 32
189 38
190 35
191 24
192 29
193 45
194 40
195 38
196 37
197 31
198 23
199 38
200 28
201 35
202 28
203 27
204 34
205 25
206 38
207 21
208 30
209 31
210 30
211 31
212 33
213 27
214 29
215 21
216 32
217 21
218 25
219 16
220 18
221 24
222 27
223 30
224 30
225 31
226 42
227 31
228 34
229 28
230 32
231 29
232 33
233 28
234 41
235 46
236 33
237 36
238 22
239 41
240 30
241 30
242 38
243 35
244 31
245 24
246 22
247 35
248 28
249 23
250 29
251 31
252 31
253 38
254 33
255 28
256 29
257 44
258 36
259 30
260 24
261 23
262 44
263 18
264 29
265 33
266 30
267 43
268 35
269 34
270 28
271 35
272 31
273 34
274 27
275 29
276 28
277 34
278 28
279 29
280 34
281 31
282 33
283 33
284 26
285 33
286 23
287 32
288 29
289 26
290 28
291 33
292 26
293 20
294 31
295 36
296 38
297 26
298 33
299 31
300 30
301 33
302 38
303 27
304 38
305 34
306 36
307 32
308 33
309 26
310 27
311 25
312 39
313 30
314 32
315 43
316 32
317 24
318 31
319 40
320 34
321 35
322 35
323 29
324 42
325 24
326 43
327 37
328 27
329 22
330 22
331 24
332 32
333 31
334 28
335 26
336 33
337 27
338 34
339 29
340 21
341 30
342 28
343 26
344 36
345 26
346 28
347 30
348 41
349 37
350 35
351 30
352 35
353 33
354 30
355 34
356 27
357 44
358 25
359 41
360 32
361 39
362 31
363 30
364 24
365 27
366 35
367 28
368 27
369 32
370 33
371 31
372 28
373 41
374 21
375 27
376 25
377 34
378 29
379 38
380 36
381 27
382 33
383 35
384 47
385 38
386 22
387 20
388 38
389 39
390 29
391 39
392 23
393 31
394 31
395 42
396 38
397 36
398 24
399 33
400 31
401 24
402 30
403 29
404 22
405 26
406 35
407 30
408 31
409 25
410 34
411 30
412 32
413 32
414 31
415 33
416 30
417 35
418 34
419 27
420 35
421 31
422 37
423 42
424 25
425 29
426 36
427 35
428 18
429 36
430 34
431 33
432 33
433 27
434 45
435 37
436 25
437 24
438 36
439 36
440 33
441 33
442 33
443 38
444 28
445 30
446 38
447 27
448 44
449 31
450 24
451 39
452 26
453 30
454 42
455 24
456 35
457 34
458 30
459 35
460 37
461 36
462 33
463 36
464 32
465 27
466 27
467 38
468 22
469 32
470 24
471 28
472 29
473 34
474 36
475 30
476 32
477 29
478 38
479 29
480 32
481 43
482 34
483 34
484 45
485 36
486 26
487 35
488 30
489 43
490 37
491 21
492 33
493 43
494 31
495 36
496 37
497 24
498 37
499 20
500 32
501 28
502 28
503 27
504 33
505 26
506 38
507 41
508 30
509 28
510 32
511 24
512 30
513 29
514 28
515 29
516 36
517 42
518 41
519 33
520 40
521 37
522 54
523 40
524 49
525 30
526 36
527 32
528 40
529 41
530 42
531 46
532 34
533 35
534 27
535 37
536 34
537 41
538 32
539 40
540 27
541 42
542 27
543 43
544 38
545 27
546 29
547 33
548 48
549 29
550 33
551 36
552 30
553 43
554 29
555 36
556 33
557 27
558 41
559 33
560 35
561 36
562 48
563 39
564 29
565 37
566 38
567 29
568 32
569 41
570 32
571 36
572 26
573 25
574 38
575 37
576 39
577 35
578 33
579 38
580 34
581 39
582 34
583 40
584 43
585 39
586 34
587 28
588 43
589 36
590 28
591 30
592 37
593 24
594 35
595 34
596 33
597 43
598 27
599 43
600 36
601 46
602 52
603 41
604 40
605 35
606 48
607 42
608 35
609 44
610 58
611 46
612 48
613 47
614 40
615 62
616 61
617 72
618 60
619 85
620 67
621 72
622 97
623 84
624 72
625 79
626 86
627 75
628 86
629 92
630 109
631 108
632 101
633 107
634 100
635 81
636 89
637 65
638 44
639 43
640 44
641 44
642 39
643 55
644 36
645 36
646 38
647 36
648 32
649 48
650 38
651 27
652 33
653 35
654 42
655 41
656 31
657 35
658 34
659 37
660 26
661 34
662 37
663 44
664 43
665 34
666 30
667 42
668 30
669 29
670 39
671 32
672 32
673 33
674 38
675 32
676 34
677 36
678 35
679 29
680 51
681 31
682 51
683 36
684 35
685 28
686 33
687 38
688 26
689 37
690 47
691 27
692 39
693 42
694 42
695 39
696 43
697 33
698 36
699 27
700 38
701 39
702 39
703 47
704 49
705 37
706 42
707 25
708 39
709 36
710 44
711 34
712 43
713 31
714 25
715 26
716 39
717 27
718 29
719 43
720 39
721 34
722 34
723 46
724 35
725 34
726 40
727 36
728 34
729 35
730 35
731 44
732 35
733 31
734 36
735 33
736 36
737 28
738 34
739 37
740 34
741 32
742 36
743 33
744 42
745 33
746 33
747 38
748 37
749 40
750 37
751 33
752 29
753 28
754 34
755 34
756 37
757 39
758 31
759 27
760 39
761 39
762 36
763 31
764 33
765 31
766 34
767 37
768 34
769 30
770 36
771 25
772 37
773 31
774 29
775 43
776 35
777 32
778 44
779 42
780 24
781 40
782 27
783 31
784 27
785 45
786 33
787 31
788 30
789 31
790 36
791 34
792 36
793 30
794 34
795 32
796 30
797 36
798 28
799 32
800 33
801 42
802 46
803 25
804 34
805 23
806 41
807 39
808 45
809 35
810 35
811 36
812 26
813 23
814 35
815 31
816 31
817 45
818 27
819 27
820 37
821 27
822 33
823 34
824 30
825 39
826 33
827 26
828 36
829 44
830 32
831 36
832 39
833 31
834 37
835 35
836 24
837 34
838 39
839 24
840 30
841 28
842 26
843 24
844 37
845 36
846 35
847 25
848 42
849 30
850 29
851 30
852 36
853 31
854 30
855 36
856 43
857 45
858 40
859 40
860 37
861 35
862 43
863 35
864 35
865 27
866 47
867 31
868 30
869 31
870 30
871 17
872 24
873 40
874 38
875 28
876 41
877 42
878 35
879 32
880 36
881 46
882 32
883 29
884 28
885 36
886 23
887 30
888 26
889 30
890 33
891 34
892 22
893 38
894 32
895 27
896 33
897 31
898 22
899 34
900 32
901 34
902 27
903 31
904 37
905 31
906 28
907 40
908 27
909 22
910 33
911 35
912 28
913 30
914 26
915 43
916 40
917 38
918 34
919 34
920 36
921 30
922 35
923 29
924 19
925 40
926 29
927 30
928 36
929 39
930 36
931 32
932 31
933 26
934 28
935 30
936 27
937 26
938 31
939 24
940 30
941 37
942 38
943 33
944 34
945 27
946 32
947 28
948 35
949 43
950 42
951 31
952 52
953 27
954 35
955 34
956 32
957 24
958 24
959 27
960 50
961 38
962 25
963 38
964 31
965 28
966 29
967 26
968 43
969 30
970 28
971 40
972 35
973 44
974 33
975 32
976 37
977 34
978 40
979 32
980 31
981 26
982 32
983 29
984 27
985 35
986 27
987 35
988 25
989 26
990 42
991 28
992 23
993 42
994 32
995 22
996 34
997 31
998 31
999 23
1000 25
1001 28
1002 34
1003 31
1004 33
1005 22
1006 20
1007 27
1008 31
1009 25
1010 36
1011 28
1012 30
1013 31
1014 24
1015 31
1016 27
1017 33
1018 21
1019 23
1020 23
1021 23
1022 34
1023 24
1024 29
1025 36
1026 43
1027 27
1028 32
1029 23
1030 21
1031 35
1032 27
1033 29
1034 29
1035 33
1036 29
1037 35
1038 37
1039 45
1040 31
1041 40
1042 39
1043 32
1044 34
1045 35
1046 32
1047 30
1048 34
1049 27
1050 33
1051 17
1052 31
1053 30
1054 24
1055 24
1056 22
1057 31
1058 32
1059 28
1060 32
1061 42
1062 33
1063 28
1064 19
1065 26
1066 34
1067 30
1068 28
1069 26
1070 35
1071 25
1072 26
1073 26
1074 28
1075 38
1076 32
1077 39
1078 25
1079 21
1080 23
1081 24
1082 18
1083 30
1084 29
1085 37
1086 26
1087 24
1088 31
1089 27
1090 29
1091 40
1092 29
1093 30
1094 36
1095 26
1096 31
1097 28
1098 43
1099 24
1100 27
1101 43
1102 35
1103 30
1104 44
1105 23
1106 28
1107 37
1108 27
1109 22
1110 28
1111 36
1112 39
1113 35
1114 41
1115 30
1116 37
1117 32
1118 38
1119 23
1120 31
1121 22
1122 31
1123 38
1124 42
1125 46
1126 37
1127 35
1128 30
1129 20
1130 30
1131 45
1132 34
1133 32
1134 21
1135 46
1136 32
1137 35
1138 34
1139 41
1140 34
1141 21
1142 21
1143 33
1144 36
1145 36
1146 47
1147 65
1148 71
1149 63
1150 68
1151 72
1152 101
1153 113
1154 120
1155 138
1156 166
1157 211
1158 193
1159 254
1160 298
1161 281
1162 321
1163 404
1164 413
1165 515
1166 628
1167 679
1168 637
1169 647
1170 513
1171 439
1172 381
1173 316
1174 244
1175 170
1176 119
1177 95
1178 67
1179 50
1180 47
1181 43
1182 37
1183 39
1184 39
1185 28
1186 35
1187 26
1188 36
1189 24
1190 28
1191 27
1192 38
1193 31
1194 28
1195 25
1196 25
1197 39
1198 38
1199 23
1200 41
1201 36
1202 23
1203 39
1204 26
1205 35
1206 25
1207 34
1208 30
1209 31
1210 37
1211 35
1212 29
1213 34
1214 24
1215 33
1216 33
1217 29
1218 29
1219 36
1220 24
1221 31
1222 33
1223 25
1224 28
1225 38
1226 30
1227 34
1228 28
1229 33
1230 42
1231 31
1232 30
1233 32
1234 32
1235 31
1236 22
1237 22
1238 30
1239 37
1240 27
1241 18
1242 27
1243 24
1244 21
1245 30
1246 34
1247 35
1248 41
1249 31
1250 26
1251 21
1252 26
1253 28
1254 33
1255 31
1256 25
1257 23
1258 17
1259 30
1260 42
1261 31
1262 27
1263 21
1264 31
1265 22
1266 30
1267 20
1268 38
1269 30
1270 26
1271 23
1272 13
1273 28
1274 20
1275 24
1276 20
1277 16
1278 15
1279 7
1280 29
1281 26
1282 25
1283 22
1284 29
1285 27
1286 26
1287 28
1288 16
1289 19
1290 25
1291 17
1292 18
1293 17
1294 27
1295 21
1296 25
1297 18
1298 19
1299 25
1300 17
1301 22
1302 16
1303 21
1304 16
1305 17
1306 20
1307 20
1308 20
1309 25
1310 21
1311 23
1312 17
1313 28
1314 28
1315 15
1316 21
1317 23
1318 21
1319 22
1320 24
1321 22
1322 22
1323 16
1324 19
1325 27
1326 20
1327 23
1328 22
1329 24
1330 24
1331 24
1332 22
1333 28
1334 22
1335 22
1336 29
1337 15
1338 8
1339 20
1340 28
1341 30
1342 22
1343 18
1344 15
1345 19
1346 14
1347 21
1348 19
1349 16
1350 16
1351 19
1352 34
1353 23
1354 16
1355 21
1356 22
1357 16
1358 23
1359 24
1360 16
1361 17
1362 27
1363 18
1364 21
1365 17
1366 26
1367 20
1368 32
1369 21
1370 23
1371 16
1372 20
1373 24
1374 21
1375 36
1376 35
1377 21
1378 37
1379 44
1380 42
1381 31
1382 48
1383 47
1384 49
1385 45
1386 43
1387 57
1388 64
1389 61
1390 47
1391 46
1392 28
1393 30
1394 30
1395 18
1396 33
1397 27
1398 26
1399 19
1400 22
1401 20
1402 20
1403 20
1404 18
1405 22
1406 22
1407 18
1408 17
1409 25
1410 26
1411 23
1412 31
1413 23
1414 11
1415 18
1416 25
1417 21
1418 29
1419 16
1420 20
1421 29
1422 20
1423 20
1424 27
1425 29
1426 26
1427 15
1428 19
1429 14
1430 24
1431 21
1432 16
1433 20
1434 17
1435 23
1436 25
1437 26
1438 24
1439 22
1440 21
1441 33
1442 18
1443 24
1444 20
1445 18
1446 9
1447 14
1448 30
1449 34
1450 27
1451 15
1452 33
1453 21
1454 34
1455 23
1456 27
1457 42
1458 53
1459 64
1460 56
1461 73
1462 99
1463 109
1464 141
1465 214
1466 265
1467 253
1468 231
1469 205
1470 207
1471 232
1472 275
1473 199
1474 166
1475 182
1476 184
1477 159
1478 184
1479 164
1480 122
1481 112
1482 84
1483 83
1484 99
1485 74
1486 56
1487 40
1488 28
1489 25
1490 30
1491 19
1492 21
1493 16
1494 15
1495 15
1496 23
1497 19
1498 28
1499 28
1500 22
1501 20
1502 23
1503 24
1504 26
1505 27
1506 19
1507 17
1508 24
1509 20
1510 26
1511 27
1512 26
1513 23
1514 19
1515 19
1516 15
1517 22
1518 15
1519 19
1520 17
1521 19
1522 19
1523 26
1524 16
1525 21
1526 17
1527 20
1528 19
1529 21
1530 18
1531 17
1532 32
1533 14
1534 22
1535 20
1536 28
1537 20
1538 22
1539 20
1540 15
1541 22
1542 30
1543 16
1544 21
1545 26
1546 20
1547 17
1548 14
1549 19
1550 29
1551 22
1552 21
1553 25
1554 42
1555 19
1556 20
1557 20
1558 27
1559 21
1560 21
1561 12
1562 16
1563 27
1564 10
1565 14
1566 16
1567 32
1568 17
1569 12
1570 27
1571 21
1572 23
1573 12
1574 27
1575 19
1576 21
1577 12
1578 16
1579 15
1580 17
1581 10
1582 18
1583 25
1584 17
1585 15
1586 20
1587 23
1588 25
1589 15
1590 26
1591 14
1592 20
1593 24
1594 20
1595 24
1596 19
1597 23
1598 22
1599 20
1600 21
1601 11
1602 14
1603 20
1604 17
1605 19
1606 14
1607 18
1608 22
1609 20
1610 20
1611 13
1612 20
1613 30
1614 22
1615 13
1616 18
1617 21
1618 25
1619 24
1620 31
1621 23
1622 22
1623 21
1624 17
1625 20
1626 18
1627 26
1628 20
1629 14
1630 26
1631 17
1632 9
1633 16
1634 18
1635 19
1636 14
1637 21
1638 20
1639 27
1640 16
1641 18
1642 14
1643 18
1644 14
1645 20
1646 25
1647 11
1648 17
1649 13
1650 23
1651 25
1652 19
1653 14
1654 21
1655 15
1656 18
1657 17
1658 25
1659 22
1660 18
1661 18
1662 23
1663 18
1664 20
1665 15
1666 16
1667 18
1668 18
1669 23
1670 18
1671 16
1672 16
1673 14
1674 20
1675 19
1676 19
1677 22
1678 22
1679 16
1680 23
1681 17
1682 20
1683 23
1684 8
1685 24
1686 15
1687 17
1688 15
1689 15
1690 17
1691 15
1692 16
1693 14
1694 18
1695 16
1696 14
1697 16
1698 20
1699 16
1700 23
1701 16
1702 14
1703 23
1704 13
1705 20
1706 17
1707 20
1708 20
1709 17
1710 21
1711 14
1712 14
1713 19
1714 15
1715 19
1716 15
1717 10
1718 13
1719 13
1720 16
1721 10
1722 18
1723 17
1724 15
1725 18
1726 15
1727 13
1728 17
1729 20
1730 20
1731 20
1732 13
1733 20
1734 19
1735 19
1736 22
1737 13
1738 15
1739 17
1740 17
1741 12
1742 19
1743 21
1744 22
1745 16
1746 14
1747 17
1748 17
1749 14
1750 16
1751 14
1752 20
1753 22
1754 22
1755 15
1756 17
1757 12
1758 17
1759 20
1760 18
1761 26
1762 17
1763 12
1764 17
1765 19
1766 16
1767 14
1768 23
1769 23
1770 22
1771 11
1772 16
1773 15
1774 16
1775 16
1776 21
1777 22
1778 20
1779 20
1780 18
1781 16
1782 16
1783 20
1784 21
1785 15
1786 21
1787 16
1788 11
1789 16
1790 21
1791 17
1792 11
1793 17
1794 19
1795 8
1796 17
1797 13
1798 17
1799 15
1800 13
1801 13
1802 12
1803 20
1804 11
1805 10
1806 15
1807 15
1808 17
1809 19
1810 15
1811 17
1812 17
1813 14
1814 14
1815 23
1816 16
1817 18
1818 14
1819 19
1820 16
1821 18
1822 16
1823 16
1824 23
1825 20
1826 16
1827 24
1828 12
1829 23
1830 18
1831 16
1832 17
1833 16
1834 14
1835 16
1836 15
1837 14
1838 16
1839 17
1840 12
1841 16
1842 20
1843 13
1844 13
1845 21
1846 9
1847 12
1848 21
1849 14
1850 15
1851 11
1852 17
1853 14
1854 17
1855 15
1856 15
1857 18
1858 20
1859 10
1860 12
1861 13
1862 18
1863 17
1864 17
1865 23
1866 18
1867 18
1868 24
1869 20
1870 17
1871 14
1872 19
1873 21
1874 11
1875 8
1876 19
1877 14
1878 21
1879 17
1880 18
1881 21
1882 16
1883 12
1884 15
1885 9
1886 14
1887 13
1888 19
1889 18
1890 14
1891 12
1892 18
1893 28
1894 13
1895 17
1896 24
1897 20
1898 24
1899 24
1900 33
1901 24
1902 29
1903 21
1904 15
1905 16
1906 18
1907 18
1908 24
1909 20
1910 21
1911 20
1912 7
1913 18
1914 14
1915 15
1916 17
1917 13
1918 15
1919 14
1920 21
1921 17
1922 19
1923 12
1924 20
1925 16
1926 25
1927 20
1928 21
1929 19
1930 21
1931 9
1932 12
1933 12
1934 21
1935 14
1936 25
1937 23
1938 33
1939 24
1940 31
1941 39
1942 46
1943 49
1944 54
1945 52
1946 50
1947 60
1948 70
1949 66
1950 102
1951 173
1952 205
1953 243
1954 350
1955 329
1956 224
1957 178
1958 221
1959 147
1960 106
1961 107
1962 87
1963 89
1964 84
1965 74
1966 74
1967 74
1968 75
1969 62
1970 39
1971 36
1972 42
1973 20
1974 22
1975 21
1976 24
1977 23
1978 17
1979 18
1980 23
1981 14
1982 10
1983 13
1984 13
1985 17
1986 12
1987 20
1988 17
1989 12
1990 16
1991 18
1992 12
1993 15
1994 11
1995 24
1996 11
1997 14
1998 14
1999 13
2000 12
2001 13
2002 14
2003 17
2004 18
2005 25
2006 13
2007 15
2008 10
2009 15
2010 16
2011 17
2012 17
2013 13
2014 18
2015 21
2016 12
2017 17
2018 11
2019 7
2020 12
2021 15
2022 12
2023 8
2024 15
2025 15
2026 14
2027 17
2028 16
2029 13
2030 12
2031 15
2032 13
2033 6
2034 17
2035 18
2036 16
2037 13
2038 14
2039 16
2040 14
2041 18
2042 22
2043 13
2044 14
2045 9
2046 20
2047 17
2048 11
2049 13
2050 13
2051 14
2052 14
2053 9
2054 9
2055 18
2056 16
2057 13
2058 8
2059 15
2060 11
2061 15
2062 9
2063 18
2064 16
2065 12
2066 15
2067 15
2068 14
2069 16
2070 15
2071 16
2072 7
2073 12
2074 17
2075 10
2076 12
2077 17
2078 8
2079 15
2080 19
2081 17
2082 15
2083 14
2084 12
2085 8
2086 13
2087 19
2088 26
2089 20
2090 10
2091 12
2092 9
2093 18
2094 15
2095 19
2096 21
2097 15
2098 19
2099 15
2100 12
2101 12
2102 13
2103 12
2104 14
2105 13
2106 13
2107 13
2108 16
2109 16
2110 18
2111 11
2112 14
2113 15
2114 22
2115 16
2116 15
2117 12
2118 21
2119 19
2120 14
2121 12
2122 19
2123 15
2124 14
2125 16
2126 16
2127 23
2128 12
2129 14
2130 12
2131 15
2132 10
2133 15
2134 14
2135 19
2136 11
2137 14
2138 13
2139 25
2140 11
2141 24
2142 17
2143 15
2144 11
2145 12
2146 15
2147 16
2148 20
2149 14
2150 15
2151 9
2152 15
2153 12
2154 7
2155 18
2156 13
2157 16
2158 14
2159 11
2160 16
2161 16
2162 12
2163 14
2164 13
2165 11
2166 11
2167 19
2168 11
2169 14
2170 12
2171 14
2172 13
2173 10
2174 16
2175 10
2176 16
2177 18
2178 11
2179 14
2180 12
2181 17
2182 14
2183 16
2184 11
2185 18
2186 12
2187 15
2188 14
2189 14
2190 21
2191 27
2192 20
2193 20
2194 12
2195 20
2196 22
2197 19
2198 22
2199 22
2200 30
2201 26
2202 30
2203 37
2204 43
2205 37
2206 47
2207 68
2208 88
2209 95
2210 161
2211 161
2212 163
2213 169
2214 180
2215 246
2216 304
2217 268
2218 290
2219 317
2220 362
2221 330
2222 366
2223 436
2224 410
2225 439
2226 422
2227 356
2228 366
2229 340
2230 306
2231 311
2232 260
2233 202
2234 153
2235 159
2236 115
2237 92
2238 70
2239 81
2240 63
2241 58
2242 46
2243 28
2244 38
2245 31
2246 31
2247 31
2248 31
2249 24
2250 12
2251 13
2252 19
2253 13
2254 14
2255 13
2256 21
2257 17
2258 21
2259 11
2260 10
2261 13
2262 16
2263 13
2264 20
2265 19
2266 16
2267 15
2268 16
2269 15
2270 12
2271 17
2272 17
2273 12
2274 11
2275 14
2276 11
2277 16
2278 16
2279 14
2280 15
2281 19
2282 13
2283 11
2284 14
2285 8
2286 10
2287 16
2288 10
2289 12
2290 11
2291 15
2292 12
2293 10
2294 11
2295 18
2296 9
2297 13
2298 9
2299 13
2300 20
2301 15
2302 19
2303 13
2304 16
2305 16
2306 14
2307 19
2308 9
2309 10
2310 16
2311 20
2312 14
2313 19
2314 10
2315 15
2316 12
2317 10
2318 11
2319 10
2320 12
2321 12
2322 9
2323 8
2324 16
2325 17
2326 24
2327 14
2328 19
2329 16
2330 14
2331 12
2332 11
2333 16
2334 19
2335 16
2336 7
2337 11
2338 11
2339 14
2340 10
2341 13
2342 14
2343 17
2344 13
2345 16
2346 19
2347 13
2348 22
2349 12
2350 13
2351 13
2352 21
2353 24
2354 17
2355 12
2356 24
2357 13
2358 19
2359 8
2360 10
2361 10
2362 7
2363 13
2364 11
2365 15
2366 14
2367 17
2368 18
2369 6
2370 9
2371 17
2372 7
2373 8
2374 14
2375 8
2376 19
2377 10
2378 15
2379 10
2380 12
2381 21
2382 13
2383 17
2384 14
2385 11
2386 19
2387 18
2388 11
2389 9
2390 16
2391 14
2392 18
2393 15
2394 16
2395 12
2396 15
2397 14
2398 12
2399 13
2400 7
2401 11
2402 16
2403 18
2404 16
2405 15
2406 13
2407 18
2408 14
2409 16
2410 26
2411 13
2412 13
2413 19
2414 22
2415 25
2416 19
2417 19
2418 21
2419 24
2420 27
2421 20
2422 25
2423 36
2424 33
2425 28
2426 38
2427 40
2428 48
2429 61
2430 73
2431 69
2432 75
2433 71
2434 75
2435 74
2436 68
2437 58
2438 79
2439 80
2440 77
2441 90
2442 68
2443 70
2444 66
2445 52
2446 52
2447 65
2448 42
2449 49
2450 25
2451 27
2452 28
2453 27
2454 17
2455 18
2456 15
2457 19
2458 13
2459 17
2460 19
2461 17
2462 20
2463 15
2464 11
2465 15
2466 13
2467 8
2468 13
2469 18
2470 20
2471 12
2472 12
2473 11
2474 18
2475 13
2476 17
2477 14
2478 8
2479 15
2480 17
2481 15
2482 13
2483 14
2484 17
2485 8
2486 15
2487 14
2488 15
2489 12
2490 14
2491 10
2492 11
2493 17
2494 13
2495 16
2496 11
2497 10
2498 8
2499 15
2500 6
2501 13
2502 14
2503 14
2504 13
2505 15
2506 13
2507 12
2508 15
2509 12
2510 15
2511 11
2512 10
2513 10
2514 9
2515 10
2516 10
2517 11
2518 13
2519 10
2520 15
2521 12
2522 11
2523 9
2524 13
2525 13
2526 9
2527 11
2528 8
2529 10
2530 16
2531 11
2532 11
2533 13
2534 11
2535 10
2536 10
2537 17
2538 15
2539 15
2540 10
2541 7
2542 8
2543 12
2544 14
2545 13
2546 6
2547 12
2548 12
2549 10
2550 9
2551 7
2552 6
2553 8
2554 10
2555 10
2556 10
2557 13
2558 11
2559 6
