0 35
1 37
2 35
3 31
4 30
5 29
6 29
7 19
8 35
9 29
10 25
11 30
12 48
13 29
14 37
15 36
16 34
17 37
18 45
19 22
20 36
21 33
22 37
23 35
24 34
25 37
26 33
27 27
28 24
29 25
30 31
31 30
32 37
33 38
34 25
35 26
36 31
37 34
38 32
39 28
40 40
41 43
42 34
43 27
44 26
45 39
46 41
47 40
48 33
49 26
50 37
51 32
52 35
53 24
54 42
55 41
56 39
57 28
58 46
59 26
60 31
61 43
62 29
63 30
64 32
65 43
66 28
67 26
68 35
69 28
70 42
71 33
72 31
73 45
74 32
75 30
76 22
77 35
78 32
79 31
80 22
81 34
82 41
83 29
84 34
85 39
86 19
87 33
88 41
89 29
90 35
91 35
92 45
93 34
94 25
95 30
96 32
97 35
98 30
99 33
100 33
101 42
102 45
103 26
104 49
105 26
106 26
107 35
108 33
109 25
110 40
111 41
112 44
113 38
114 32
115 35
116 25
117 32
118 29
119 24
120 31
121 40
122 32
123 26
124 22
125 32
126 34
127 37
128 45
129 42
130 35
131 34
132 36
133 39
134 35
135 49
136 31
137 34
138 27
139 31
140 27
141 30
142 46
143 44
144 32
145 26
146 41
147 42
148 33
149 36
150 45
151 32
152 35
153 37
154 45
155 39
156 31
157 36
158 26
159 31
160 29
161 37
162 37
163 36
164 37
165 40
166 24
167 26
168 20
169 40
170 48
171 35
172 32
173 47
174 16
175 41
176 28
177 40
178 33
179 29
180 28
181 27
182 35
183 55
184 34
185 48
186 38
187 33
188 46
189 42
190 36
191 43
192 37
193 35
194 26
195 36
196 33
197 30
198 43
199 34
200 45
201 31
202 32
203 40
204 34
205 33
206 26
207 36
208 31
209 29
210 45
211 32
212 38
213 26
214 35
215 46
216 30
217 36
218 26
219 34
220 32
221 33
222 27
223 37
224 39
225 32
226 43
227 36
228 38
229 48
230 38
231 30
232 49
233 27
234 34
235 31
236 30
237 28
238 38
239 37
240 33
241 30
242 41
243 42
244 26
245 41
246 38
247 33
248 22
249 27
250 34
251 37
252 37
253 36
254 44
255 32
256 34
257 43
258 37
259 38
260 36
261 48
262 39
263 43
264 47
265 35
266 36
267 32
268 34
269 45
270 32
271 41
272 35
273 47
274 36
275 43
276 27
277 40
278 34
279 37
280 35
281 30
282 38
283 42
284 33
285 42
286 31
287 43
288 38
289 39
290 55
291 36
292 37
293 34
294 40
295 27
296 30
297 47
298 45
299 38
300 45
301 43
302 40
303 30
304 41
305 46
306 37
307 31
308 43
309 42
310 30
311 33
312 37
313 45
314 40
315 47
316 39
317 37
318 40
319 36
320 48
321 30
322 42
323 40
324 39
325 38
326 44
327 32
328 31
329 38
330 39
331 38
332 26
333 34
334 32
335 35
336 31
337 34
338 44
339 42
340 43
341 32
342 32
343 29
344 29
345 28
346 36
347 28
348 38
349 36
350 35
351 30
352 46
353 25
354 34
355 47
356 34
357 40
358 38
359 49
360 44
361 45
362 38
363 36
364 31
365 37
366 46
367 42
368 53
369 34
370 43
371 27
372 38
373 32
374 37
375 35
376 27
377 45
378 46
379 39
380 42
381 39
382 43
383 33
384 31
385 55
386 32
387 42
388 35
389 41
390 35
391 37
392 36
393 37
394 37
395 43
396 31
397 39
398 44
399 42
400 42
401 45
402 36
403 34
404 41
405 44
406 37
407 38
408 34
409 50
410 49
411 46
412 43
413 56
414 30
415 31
416 38
417 39
418 46
419 29
420 37
421 46
422 48
423 30
424 41
425 47
426 49
427 52
428 37
429 43
430 45
431 31
432 41
433 43
434 37
435 33
436 44
437 38
438 33
439 34
440 35
441 43
442 42
443 39
444 40
445 37
446 39
447 48
448 37
449 51
450 36
451 32
452 36
453 30
454 37
455 36
456 30
457 49
458 53
459 50
460 41
461 38
462 34
463 31
464 42
465 34
466 40
467 41
468 32
469 31
470 36
471 46
472 31
473 32
474 50
475 40
476 45
477 30
478 48
479 54
480 30
481 44
482 40
483 34
484 29
485 40
486 39
487 36
488 34
489 31
490 42
491 54
492 27
493 40
494 39
495 34
496 36
497 43
498 45
499 52
500 50
501 52
502 59
503 47
504 60
505 50
506 69
507 74
508 81
509 62
510 59
511 70
512 86
513 60
514 72
515 66
516 76
517 83
518 75
519 78
520 68
521 99
522 89
523 63
524 87
525 84
526 82
527 88
528 98
529 109
530 109
531 97
532 91
533 83
534 73
535 88
536 54
537 57
538 33
539 45
540 46
541 40
542 43
543 48
544 47
545 48
546 29
547 43
548 33
549 43
550 40
551 41
552 31
553 27
554 44
555 29
556 48
557 35
558 45
559 41
560 35
561 36
562 47
563 53
564 32
565 33
566 45
567 37
568 51
569 43
570 39
571 42
572 45
573 32
574 38
575 41
576 35
577 45
578 27
579 37
580 38
581 39
582 46
583 43
584 39
585 37
586 44
587 37
588 36
589 37
590 43
591 44
592 49
593 47
594 48
595 31
596 39
597 46
598 45
599 46
600 43
601 51
602 41
603 40
604 34
605 31
606 32
607 39
608 41
609 41
610 37
611 47
612 39
613 37
614 37
615 40
616 36
617 43
618 31
619 42
620 40
621 38
622 50
623 41
624 42
625 38
626 44
627 37
628 46
629 44
630 36
631 41
632 31
633 31
634 38
635 35
636 48
637 40
638 44
639 38
640 43
641 35
642 40
643 30
644 52
645 49
646 39
647 46
648 34
649 38
650 46
651 30
652 51
653 46
654 46
655 42
656 50
657 36
658 44
659 36
660 45
661 45
662 49
663 32
664 34
665 45
666 42
667 37
668 36
669 42
670 45
671 39
672 43
673 37
674 43
675 36
676 50
677 38
678 44
679 45
680 35
681 46
682 40
683 26
684 49
685 35
686 36
687 37
688 39
689 41
690 41
691 43
692 42
693 43
694 45
695 50
696 26
697 46
698 44
699 35
700 46
701 43
702 47
703 44
704 36
705 39
706 34
707 38
708 33
709 26
710 39
711 44
712 44
713 42
714 53
715 49
716 34
717 44
718 46
719 41
720 43
721 42
722 35
723 37
724 28
725 33
726 36
727 35
728 30
729 48
730 35
731 34
732 40
733 43
734 35
735 41
736 36
737 31
738 39
739 41
740 39
741 27
742 29
743 40
744 42
745 44
746 48
747 32
748 36
749 38
750 43
751 33
752 32
753 41
754 36
755 44
756 43
757 40
758 37
759 45
760 31
761 41
762 44
763 43
764 35
765 39
766 42
767 29
768 47
769 35
770 34
771 34
772 39
773 45
774 47
775 31
776 43
777 37
778 29
779 45
780 40
781 36
782 36
783 36
784 54
785 42
786 41
787 42
788 32
789 28
790 42
791 34
792 38
793 31
794 27
795 39
796 32
797 49
798 39
799 51
800 44
801 37
802 34
803 40
804 38
805 25
806 36
807 38
808 37
809 43
810 40
811 47
812 50
813 51
814 40
815 35
816 47
817 47
818 29
819 39
820 34
821 28
822 40
823 29
824 31
825 38
826 35
827 34
828 35
829 36
830 43
831 34
832 29
833 30
834 33
835 43
836 41
837 36
838 24
839 46
840 39
841 41
842 43
843 34
844 37
845 40
846 29
847 31
848 36
849 39
850 43
851 37
852 47
853 42
854 32
855 38
856 48
857 29
858 46
859 39
860 46
861 41
862 38
863 26
864 36
865 33
866 39
867 43
868 39
869 34
870 33
871 38
872 26
873 28
874 37
875 34
876 30
877 25
878 34
879 36
880 39
881 38
882 34
883 40
884 36
885 30
886 39
887 27
888 42
889 39
890 30
891 40
892 36
893 29
894 38
895 46
896 37
897 49
898 33
899 42
900 38
901 38
902 30
903 44
904 28
905 38
906 38
907 48
908 39
909 35
910 34
911 39
912 35
913 44
914 31
915 39
916 33
917 35
918 34
919 34
920 39
921 39
922 36
923 32
924 29
925 30
926 37
927 39
928 40
929 35
930 33
931 43
932 35
933 37
934 26
935 28
936 47
937 35
938 45
939 32
940 47
941 31
942 36
943 34
944 42
945 34
946 44
947 31
948 44
949 50
950 46
951 39
952 33
953 38
954 36
955 36
956 37
957 35
958 26
959 38
960 39
961 39
962 36
963 44
964 38
965 41
966 29
967 43
968 35
969 38
970 38
971 29
972 37
973 19
974 47
975 31
976 29
977 37
978 37
979 35
980 40
981 29
982 38
983 34
984 46
985 36
986 28
987 34
988 41
989 40
990 39
991 43
992 39
993 36
994 31
995 30
996 32
997 38
998 36
999 29
1000 36
1001 42
1002 28
1003 32
1004 25
1005 43
1006 37
1007 34
1008 35
1009 24
1010 34
1011 31
1012 39
1013 39
1014 48
1015 56
1016 44
1017 42
1018 51
1019 52
1020 61
1021 64
1022 78
1023 77
1024 98
1025 99
1026 99
1027 112
1028 110
1029 108
1030 148
1031 206
1032 211
1033 231
1034 278
1035 333
1036 449
1037 513
1038 436
1039 451
1040 456
1041 508
1042 521
1043 564
1044 508
1045 477
1046 478
1047 341
1048 312
1049 236
1050 211
1051 188
1052 139
1053 113
1054 79
1055 62
1056 49
1057 51
1058 47
1059 44
1060 46
1061 42
1062 34
1063 29
1064 36
1065 39
1066 41
1067 45
1068 26
1069 35
1070 38
1071 36
1072 31
1073 42
1074 34
1075 44
1076 33
1077 33
1078 39
1079 28
1080 27
1081 37
1082 30
1083 35
1084 30
1085 31
1086 34
1087 38
1088 25
1089 30
1090 33
1091 36
1092 34
1093 39
1094 28
1095 30
1096 26
1097 29
1098 27
1099 38
1100 30
1101 38
1102 35
1103 39
1104 24
1105 39
1106 44
1107 49
1108 32
1109 25
1110 25
1111 41
1112 34
1113 29
1114 43
1115 26
1116 34
1117 26
1118 32
1119 28
1120 30
1121 41
1122 31
1123 30
1124 28
1125 25
1126 33
1127 32
1128 34
1129 20
1130 26
1131 31
1132 42
1133 30
1134 26
1135 36
1136 30
1137 35
1138 34
1139 37
1140 43
1141 28
1142 33
1143 25
1144 37
1145 29
1146 34
1147 33
1148 28
1149 23
1150 36
1151 17
1152 37
1153 27
1154 25
1155 39
1156 34
1157 40
1158 37
1159 43
1160 32
1161 43
1162 37
1163 50
1164 48
1165 49
1166 43
1167 53
1168 52
1169 71
1170 80
1171 96
1172 99
1173 76
1174 57
1175 80
1176 47
1177 59
1178 51
1179 78
1180 62
1181 48
1182 60
1183 46
1184 33
1185 42
1186 31
1187 27
1188 34
1189 31
1190 32
1191 32
1192 33
1193 44
1194 32
1195 30
1196 34
1197 39
1198 41
1199 42
1200 34
1201 25
1202 31
1203 30
1204 32
1205 24
1206 35
1207 32
1208 32
1209 36
1210 40
1211 34
1212 43
1213 25
1214 26
1215 19
1216 31
1217 33
1218 26
1219 38
1220 30
1221 30
1222 35
1223 44
1224 31
1225 35
1226 35
1227 38
1228 21
1229 31
1230 23
1231 34
1232 30
1233 27
1234 25
1235 28
1236 36
1237 30
1238 33
1239 27
1240 25
1241 31
1242 47
1243 28
1244 29
1245 36
1246 31
1247 36
1248 39
1249 30
1250 33
1251 34
1252 26
1253 24
1254 38
1255 25
1256 35
1257 37
1258 25
1259 31
1260 34
1261 25
1262 29
1263 23
1264 29
1265 26
1266 29
1267 23
1268 25
1269 30
1270 24
1271 15
1272 27
1273 16
1274 27
1275 18
1276 17
1277 12
1278 20
1279 21
1280 28
1281 28
1282 21
1283 23
1284 30
1285 22
1286 20
1287 22
1288 23
1289 22
1290 31
1291 19
1292 30
1293 29
1294 33
1295 29
1296 30
1297 19
1298 20
1299 32
1300 16
1301 26
1302 36
1303 27
1304 36
1305 46
1306 33
1307 50
1308 42
1309 54
1310 57
1311 62
1312 68
1313 66
1314 86
1315 83
1316 116
1317 89
1318 109
1319 152
1320 143
1321 145
1322 171
1323 170
1324 203
1325 189
1326 158
1327 189
1328 214
1329 212
1330 159
1331 180
1332 144
1333 131
1334 154
1335 119
1336 78
1337 66
1338 50
1339 42
1340 33
1341 38
1342 37
1343 32
1344 27
1345 27
1346 27
1347 23
1348 25
1349 30
1350 23
1351 24
1352 22
1353 19
1354 25
1355 16
1356 24
1357 28
1358 34
1359 27
1360 23
1361 23
1362 27
1363 23
1364 30
1365 32
1366 24
1367 24
1368 26
1369 17
1370 26
1371 21
1372 29
1373 24
1374 20
1375 24
1376 23
1377 26
1378 15
1379 21
1380 18
1381 18
1382 28
1383 19
1384 27
1385 16
1386 34
1387 29
1388 33
1389 23
1390 24
1391 26
1392 24
1393 19
1394 28
1395 19
1396 29
1397 21
1398 24
1399 21
1400 16
1401 24
1402 25
1403 17
1404 17
1405 32
1406 19
1407 22
1408 18
1409 23
1410 28
1411 15
1412 18
1413 24
1414 22
1415 25
1416 33
1417 21
1418 26
1419 15
1420 15
1421 23
1422 30
1423 26
1424 21
1425 13
1426 19
1427 20
1428 20
1429 38
1430 19
1431 22
1432 20
1433 22
1434 26
1435 25
1436 26
1437 22
1438 31
1439 29
1440 27
1441 25
1442 27
1443 23
1444 22
1445 28
1446 28
1447 20
1448 18
1449 20
1450 21
1451 22
1452 28
1453 18
1454 19
1455 26
1456 21
1457 26
1458 22
1459 22
1460 25
1461 17
1462 25
1463 27
1464 33
1465 27
1466 30
1467 24
1468 20
1469 29
1470 25
1471 30
1472 18
1473 25
1474 24
1475 28
1476 18
1477 19
1478 30
1479 17
1480 32
1481 25
1482 23
1483 19
1484 24
1485 20
1486 21
1487 19
1488 24
1489 18
1490 21
1491 31
1492 30
1493 26
1494 20
1495 18
1496 19
1497 15
1498 14
1499 19
1500 29
1501 23
1502 24
1503 22
1504 26
1505 22
1506 22
1507 28
1508 23
1509 36
1510 22
1511 34
1512 24
1513 17
1514 24
1515 18
1516 28
1517 19
1518 28
1519 28
1520 18
1521 26
1522 17
1523 19
1524 19
1525 21
1526 19
1527 30
1528 23
1529 15
1530 31
1531 24
1532 21
1533 11
1534 16
1535 16
1536 26
1537 14
1538 26
1539 17
1540 29
1541 24
1542 20
1543 19
1544 27
1545 27
1546 20
1547 24
1548 20
1549 13
1550 19
1551 26
1552 18
1553 29
1554 17
1555 24
1556 25
1557 9
1558 24
1559 22
1560 22
1561 20
1562 26
1563 25
1564 19
1565 17
1566 21
1567 20
1568 20
1569 30
1570 16
1571 12
1572 25
1573 19
1574 27
1575 17
1576 25
1577 12
1578 15
1579 16
1580 20
1581 17
1582 20
1583 26
1584 24
1585 22
1586 24
1587 20
1588 16
1589 21
1590 18
1591 25
1592 18
1593 29
1594 16
1595 17
1596 23
1597 14
1598 24
1599 27
1600 20
1601 15
1602 25
1603 16
1604 16
1605 22
1606 25
1607 28
1608 24
1609 25
1610 16
1611 18
1612 30
1613 13
1614 14
1615 20
1616 19
1617 16
1618 19
1619 17
1620 22
1621 16
1622 22
1623 11
1624 20
1625 10
1626 22
1627 15
1628 17
1629 21
1630 15
1631 18
1632 19
1633 22
1634 21
1635 16
1636 19
1637 20
1638 19
1639 17
1640 15
1641 13
1642 16
1643 17
1644 20
1645 23
1646 24
1647 20
1648 20
1649 20
1650 19
1651 11
1652 20
1653 24
1654 21
1655 27
1656 17
1657 16
1658 18
1659 15
1660 23
1661 16
1662 19
1663 11
1664 17
1665 18
1666 11
1667 17
1668 16
1669 19
1670 18
1671 18
1672 16
1673 19
1674 28
1675 20
1676 22
1677 15
1678 26
1679 15
1680 23
1681 22
1682 16
1683 15
1684 22
1685 21
1686 23
1687 14
1688 18
1689 22
1690 24
1691 16
1692 22
1693 18
1694 19
1695 18
1696 18
1697 23
1698 16
1699 17
1700 23
1701 20
1702 22
1703 24
1704 25
1705 20
1706 22
1707 16
1708 29
1709 20
1710 22
1711 25
1712 26
1713 12
1714 17
1715 25
1716 25
1717 18
1718 24
1719 16
1720 18
1721 21
1722 23
1723 13
1724 17
1725 20
1726 21
1727 28
1728 16
1729 24
1730 27
1731 26
1732 27
1733 25
1734 18
1735 19
1736 33
1737 19
1738 31
1739 26
1740 12
1741 22
1742 24
1743 25
1744 23
1745 16
1746 20
1747 18
1748 16
1749 18
1750 13
1751 21
1752 22
1753 26
1754 25
1755 18
1756 19
1757 16
1758 18
1759 17
1760 23
1761 21
1762 23
1763 25
1764 23
1765 24
1766 37
1767 34
1768 27
1769 41
1770 58
1771 65
1772 43
1773 38
1774 51
1775 61
1776 70
1777 81
1778 103
1779 143
1780 231
1781 271
1782 213
1783 124
1784 127
1785 154
1786 150
1787 130
1788 166
1789 110
1790 87
1791 49
1792 84
1793 68
1794 53
1795 25
1796 24
1797 33
1798 44
1799 31
1800 32
1801 26
1802 21
1803 18
1804 20
1805 23
1806 23
1807 23
1808 21
1809 19
1810 13
1811 23
1812 22
1813 19
1814 12
1815 20
1816 22
1817 32
1818 17
1819 25
1820 17
1821 19
1822 19
1823 19
1824 22
1825 25
1826 18
1827 16
1828 18
1829 24
1830 18
1831 19
1832 16
1833 20
1834 19
1835 19
1836 15
1837 11
1838 15
1839 19
1840 16
1841 15
1842 16
1843 13
1844 11
1845 21
1846 17
1847 18
1848 16
1849 14
1850 22
1851 14
1852 23
1853 12
1854 22
1855 22
1856 14
1857 17
1858 23
1859 17
1860 20
1861 19
1862 20
1863 18
1864 30
1865 18
1866 13
1867 11
1868 19
1869 16
1870 21
1871 23
1872 24
1873 9
1874 23
1875 15
1876 11
1877 18
1878 15
1879 21
1880 19
1881 16
1882 13
1883 14
1884 12
1885 19
1886 22
1887 9
1888 20
1889 17
1890 19
1891 19
1892 17
1893 13
1894 17
1895 14
1896 11
1897 14
1898 27
1899 22
1900 11
1901 11
1902 19
1903 16
1904 17
1905 20
1906 25
1907 18
1908 17
1909 16
1910 26
1911 15
1912 23
1913 16
1914 9
1915 14
1916 10
1917 16
1918 17
1919 16
1920 12
1921 20
1922 14
1923 12
1924 27
1925 20
1926 22
1927 18
1928 14
1929 22
1930 16
1931 25
1932 26
1933 16
1934 23
1935 17
1936 17
1937 13
1938 25
1939 19
1940 12
1941 19
1942 13
1943 16
1944 29
1945 11
1946 29
1947 26
1948 13
1949 17
1950 21
1951 17
1952 13
1953 24
1954 23
1955 17
1956 19
1957 15
1958 22
1959 13
1960 23
1961 22
1962 21
1963 28
1964 23
1965 15
1966 24
1967 15
1968 18
1969 15
1970 18
1971 25
1972 9
1973 20
1974 23
1975 19
1976 16
1977 16
1978 19
1979 19
1980 12
1981 17
1982 15
1983 18
1984 17
1985 13
1986 17
1987 19
1988 19
1989 14
1990 15
1991 23
1992 15
1993 23
1994 17
1995 16
1996 25
1997 16
1998 22
1999 22
2000 20
2001 20
2002 22
2003 22
2004 23
2005 15
2006 21
2007 24
2008 27
2009 32
2010 31
2011 32
2012 44
2013 49
2014 45
2015 36
2016 41
2017 61
2018 87
2019 60
2020 84
2021 81
2022 105
2023 121
2024 124
2025 129
2026 139
2027 160
2028 187
2029 203
2030 229
2031 288
2032 249
2033 233
2034 239
2035 322
2036 316
2037 358
2038 374
2039 403
2040 352
2041 382
2042 341
2043 325
2044 304
2045 269
2046 288
2047 253
2048 238
2049 204
2050 170
2051 149
2052 117
2053 127
2054 98
2055 94
2056 83
2057 59
2058 62
2059 31
2060 23
2061 34
2062 24
2063 17
2064 22
2065 24
2066 32
2067 19
2068 17
2069 18
2070 22
2071 15
2072 20
2073 19
2074 17
2075 7
2076 18
2077 14
2078 19
2079 19
2080 10
2081 21
2082 15
2083 22
2084 17
2085 20
2086 17
2087 13
2088 14
2089 17
2090 15
2091 12
2092 16
2093 10
2094 15
2095 16
2096 17
2097 12
2098 20
2099 9
2100 19
2101 12
2102 12
2103 19
2104 9
2105 10
2106 16
2107 20
2108 15
2109 16
2110 18
2111 21
2112 11
2113 12
2114 17
2115 14
2116 11
2117 23
2118 20
2119 17
2120 15
2121 14
2122 18
2123 14
2124 16
2125 14
2126 18
2127 17
2128 15
2129 11
2130 18
2131 21
2132 10
2133 14
2134 24
2135 16
2136 18
2137 19
2138 20
2139 17
2140 16
2141 17
2142 21
2143 18
2144 21
2145 17
2146 21
2147 16
2148 20
2149 21
2150 21
2151 23
2152 15
2153 14
2154 15
2155 18
2156 14
2157 8
2158 14
2159 20
2160 23
2161 22
2162 12
2163 17
2164 17
2165 16
2166 23
2167 13
2168 16
2169 19
2170 14
2171 10
2172 14
2173 10
2174 24
2175 20
2176 11
2177 17
2178 20
2179 18
2180 13
2181 20
2182 10
2183 19
2184 17
2185 12
2186 13
2187 16
2188 10
2189 16
2190 11
2191 19
2192 16
2193 10
2194 12
2195 19
2196 15
2197 11
2198 13
2199 20
2200 13
2201 15
2202 19
2203 15
2204 23
2205 16
2206 17
2207 11
2208 10
2209 22
2210 16
2211 17
2212 21
2213 16
2214 21
2215 18
2216 22
2217 21
2218 26
2219 30
2220 24
2221 30
2222 52
2223 34
2224 45
2225 44
2226 51
2227 61
2228 67
2229 81
2230 68
2231 69
2232 71
2233 80
2234 85
2235 92
2236 92
2237 59
2238 68
2239 93
2240 64
2241 80
2242 81
2243 76
2244 72
2245 55
2246 74
2247 56
2248 60
2249 62
2250 52
2251 61
2252 25
2253 33
2254 26
2255 40
2256 41
2257 25
2258 27
2259 18
2260 18
2261 16
2262 15
2263 21
2264 17
2265 16
2266 16
2267 11
2268 10
2269 18
2270 9
2271 19
2272 18
2273 23
2274 10
2275 21
2276 10
2277 11
2278 17
2279 14
2280 19
2281 13
2282 15
2283 17
2284 8
2285 13
2286 13
2287 9
2288 16
2289 17
2290 14
2291 13
2292 16
2293 13
2294 18
2295 16
2296 17
2297 13
2298 24
2299 16
2300 19
2301 12
2302 11
2303 13
2304 9
2305 10
2306 17
2307 13
2308 12
2309 13
2310 15
2311 18
2312 18
2313 11
2314 12
2315 8
2316 11
2317 16
2318 15
2319 15
2320 11
2321 15
2322 12
2323 8
2324 13
2325 7
2326 15
2327 11
2328 18
2329 9
2330 17
2331 13
2332 7
2333 11
2334 15
2335 11
2336 16
2337 19
2338 15
2339 20
2340 10
2341 11
2342 12
2343 17
2344 16
2345 14
2346 6
2347 15
2348 14
2349 12
2350 16
2351 6
2352 11
2353 18
2354 7
2355 16
2356 6
2357 21
2358 16
2359 8
2360 19
2361 15
2362 11
2363 12
2364 16
2365 14
2366 19
2367 10
2368 11
2369 14
2370 11
2371 10
2372 10
2373 13
2374 12
2375 13
2376 16
2377 8
2378 9
2379 10
2380 13
2381 13
2382 16
2383 8
2384 8
2385 11
2386 9
2387 11
2388 12
2389 13
2390 13
2391 11
2392 13
2393 8
2394 15
2395 13
2396 18
2397 19
2398 10
2399 13
2400 8
2401 15
2402 9
2403 17
2404 12
2405 14
2406 8
2407 10
2408 6
2409 11
2410 13
2411 15
2412 9
2413 18
2414 16
2415 17
2416 9
2417 9
2418 10
2419 16
2420 10
2421 15
2422 14
2423 13
2424 21
2425 15
2426 11
2427 11
2428 18
2429 11
2430 11
2431 11
2432 15
2433 9
2434 11
2435 13
2436 15
2437 15
2438 19
2439 7
2440 15
2441 8
2442 11
2443 13
2444 10
2445 8
2446 8
2447 18
2448 14
2449 7
2450 18
2451 9
2452 9
2453 17
2454 12
2455 14
2456 12
2457 16
2458 12
2459 16
2460 12
2461 12
2462 13
2463 15
2464 12
2465 11
2466 21
2467 11
2468 6
2469 12
2470 16
2471 19
2472 18
2473 16
2474 18
2475 10
2476 9
2477 7
2478 17
2479 10
2480 9
2481 9
2482 8
2483 14
2484 16
2485 11
2486 16
2487 9
2488 13
2489 12
2490 11
2491 22
2492 13
2493 15
2494 8
2495 11
2496 10
2497 7
2498 12
2499 20
2500 13
2501 9
2502 10
2503 18
2504 16
2505 20
2506 23
2507 18
2508 26
2509 27
2510 34
2511 31
2512 27
2513 30
2514 26
2515 34
2516 41
2517 33
2518 35
2519 35
2520 38
2521 30
2522 50
2523 49
2524 46
2525 39
2526 37
2527 49
2528 47
2529 49
2530 64
2531 62
2532 72
2533 69
2534 58
2535 65
2536 49
2537 34
2538 41
2539 32
2540 25
2541 22
2542 26
2543 20
2544 32
2545 34
2546 22
2547 27
2548 25
2549 23
2550 23
2551 26
2552 25
2553 20
2554 27
2555 10
2556 21
2557 14
2558 14
2559 16
