0 36
1 19
2 27
3 27
4 21
5 27
6 21
7 30
8 28
9 30
10 24
11 25
12 24
13 27
14 23
15 22
16 24
17 35
18 29
19 41
20 29
21 20
22 24
23 27
24 25
25 26
26 35
27 25
28 31
29 33
30 25
31 22
32 23
33 29
34 25
35 28
36 24
37 27
38 28
39 38
40 28
41 27
42 18
43 26
44 32
45 24
46 41
47 27
48 19
49 15
50 31
51 24
52 26
53 21
54 27
55 32
56 20
57 25
58 32
59 24
60 31
61 35
62 28
63 20
64 30
65 29
66 20
67 30
68 21
69 37
70 24
71 20
72 27
73 29
74 32
75 26
76 19
77 30
78 28
79 30
80 33
81 28
82 20
83 22
84 31
85 34
86 35
87 32
88 18
89 23
90 26
91 18
92 20
93 32
94 20
95 28
96 21
97 40
98 28
99 32
100 28
101 20
102 25
103 22
104 31
105 17
106 25
107 39
108 23
109 23
110 29
111 25
112 24
113 17
114 34
115 26
116 27
117 27
118 34
119 37
120 26
121 27
122 32
123 33
124 25
125 24
126 20
127 26
128 27
129 36
130 36
131 26
132 36
133 27
134 22
135 26
136 28
137 26
138 23
139 30
140 37
141 25
142 20
143 34
144 25
145 26
146 31
147 32
148 31
149 23
150 26
151 25
152 24
153 23
154 24
155 29
156 26
157 27
158 35
159 23
160 35
161 29
162 22
163 19
164 25
165 37
166 27
167 26
168 39
169 29
170 26
171 24
172 29
173 17
174 35
175 30
176 23
177 34
178 29
179 26
180 24
181 27
182 19
183 26
184 23
185 25
186 23
187 31
188 27
189 24
190 32
191 25
192 36
193 21
194 35
195 30
196 28
197 30
198 33
199 44
200 30
201 27
202 27
203 26
204 17
205 31
206 28
207 25
208 22
209 28
210 22
211 31
212 27
213 29
214 30
215 33
216 26
217 23
218 33
219 36
220 26
221 33
222 40
223 34
224 20
225 29
226 27
227 31
228 23
229 31
230 23
231 28
232 34
233 32
234 28
235 19
236 29
237 25
238 32
239 28
240 42
241 22
242 27
243 21
244 30
245 27
246 23
247 34
248 27
249 26
250 34
251 29
252 21
253 36
254 32
255 23
256 24
257 31
258 27
259 33
260 27
261 23
262 32
263 32
264 26
265 33
266 32
267 24
268 37
269 26
270 40
271 26
272 35
273 38
274 31
275 26
276 19
277 41
278 23
279 30
280 39
281 32
282 31
283 25
284 40
285 35
286 21
287 30
288 30
289 28
290 28
291 42
292 31
293 25
294 32
295 31
296 26
297 34
298 29
299 31
300 33
301 29
302 19
303 27
304 21
305 42
306 32
307 24
308 36
309 26
310 35
311 33
312 34
313 35
314 28
315 25
316 28
317 24
318 30
319 44
320 37
321 32
322 36
323 38
324 27
325 27
326 33
327 30
328 38
329 37
330 36
331 32
332 32
333 28
334 35
335 31
336 33
337 29
338 31
339 26
340 27
341 29
342 42
343 31
344 36
345 32
346 25
347 29
348 38
349 32
350 22
351 26
352 28
353 31
354 36
355 30
356 25
357 33
358 27
359 32
360 19
361 31
362 27
363 27
364 37
365 36
366 31
367 37
368 28
369 32
370 32
371 28
372 38
373 26
374 31
375 33
376 29
377 37
378 33
379 22
380 33
381 39
382 29
383 37
384 20
385 31
386 23
387 32
388 38
389 24
390 32
391 28
392 32
393 33
394 39
395 39
396 27
397 36
398 34
399 36
400 33
401 40
402 30
403 25
404 39
405 30
406 34
407 35
408 36
409 34
410 34
411 21
412 34
413 41
414 23
415 31
416 39
417 40
418 29
419 44
420 48
421 37
422 35
423 44
424 42
425 25
426 29
427 31
428 28
429 35
430 23
431 24
432 37
433 31
434 30
435 28
436 34
437 40
438 34
439 24
440 29
441 36
442 47
443 30
444 28
445 30
446 35
447 37
448 34
449 40
450 27
451 35
452 31
453 34
454 28
455 44
456 26
457 28
458 37
459 28
460 29
461 26
462 40
463 29
464 30
465 40
466 34
467 36
468 28
469 33
470 39
471 28
472 26
473 34
474 32
475 29
476 47
477 40
478 39
479 36
480 27
481 29
482 28
483 33
484 45
485 30
486 32
487 38
488 23
489 27
490 33
491 29
492 34
493 31
494 39
495 33
496 23
497 53
498 35
499 35
500 26
501 29
502 25
503 42
504 29
505 39
506 34
507 26
508 41
509 27
510 27
511 36
512 27
513 26
514 26
515 25
516 27
517 35
518 39
519 37
520 34
521 34
522 32
523 29
524 33
525 35
526 41
527 43
528 28
529 31
530 33
531 36
532 38
533 38
534 44
535 40
536 37
537 35
538 28
539 31
540 40
541 37
542 32
543 35
544 19
545 27
546 45
547 38
548 36
549 26
550 35
551 33
552 29
553 36
554 34
555 40
556 31
557 37
558 33
559 33
560 32
561 41
562 33
563 32
564 24
565 26
566 30
567 34
568 37
569 29
570 34
571 36
572 36
573 38
574 22
575 43
576 30
577 38
578 38
579 43
580 39
581 35
582 38
583 44
584 38
585 30
586 41
587 40
588 38
589 47
590 31
591 30
592 23
593 36
594 34
595 33
596 37
597 31
598 41
599 33
600 32
601 38
602 31
603 31
604 45
605 42
606 37
607 38
608 33
609 49
610 38
611 27
612 39
613 34
614 38
615 41
616 44
617 57
618 47
619 80
620 77
621 77
622 83
623 82
624 72
625 90
626 81
627 69
628 69
629 78
630 68
631 75
632 79
633 85
634 94
635 93
636 120
637 101
638 86
639 80
640 58
641 45
642 53
643 44
644 33
645 39
646 36
647 37
648 31
649 40
650 28
651 46
652 34
653 29
654 22
655 22
656 44
657 46
658 43
659 41
660 47
661 36
662 23
663 40
664 30
665 31
666 32
667 32
668 17
669 48
670 30
671 32
672 43
673 23
674 26
675 35
676 43
677 31
678 36
679 38
680 32
681 31
682 28
683 32
684 27
685 27
686 28
687 29
688 35
689 40
690 35
691 42
692 27
693 35
694 39
695 32
696 42
697 44
698 24
699 27
700 27
701 41
702 47
703 45
704 36
705 36
706 34
707 31
708 38
709 32
710 35
711 54
712 33
713 32
714 43
715 41
716 31
717 29
718 31
719 37
720 34
721 34
722 33
723 33
724 35
725 41
726 39
727 36
728 35
729 31
730 34
731 39
732 36
733 31
734 42
735 34
736 33
737 31
738 28
739 46
740 35
741 29
742 43
743 30
744 37
745 34
746 40
747 38
748 31
749 31
750 33
751 37
752 41
753 48
754 34
755 45
756 33
757 32
758 38
759 35
760 34
761 43
762 27
763 38
764 24
765 31
766 27
767 33
768 26
769 35
770 37
771 27
772 45
773 35
774 34
775 33
776 31
777 36
778 35
779 31
780 28
781 37
782 36
783 36
784 27
785 45
786 40
787 37
788 33
789 33
790 38
791 31
792 39
793 30
794 25
795 21
796 35
797 34
798 36
799 20
800 27
801 31
802 34
803 26
804 26
805 32
806 32
807 42
808 30
809 39
810 31
811 49
812 36
813 26
814 35
815 33
816 28
817 33
818 34
819 32
820 34
821 27
822 41
823 34
824 36
825 24
826 32
827 32
828 25
829 36
830 33
831 28
832 43
833 45
834 35
835 27
836 26
837 34
838 33
839 41
840 34
841 32
842 29
843 33
844 35
845 29
846 22
847 31
848 32
849 39
850 39
851 30
852 36
853 35
854 29
855 25
856 17
857 27
858 38
859 33
860 32
861 41
862 23
863 29
864 27
865 29
866 37
867 43
868 35
869 35
870 36
871 26
872 39
873 32
874 30
875 27
876 33
877 43
878 36
879 24
880 34
881 42
882 33
883 32
884 24
885 26
886 37
887 35
888 28
889 27
890 38
891 26
892 31
893 33
894 22
895 33
896 36
897 23
898 25
899 34
900 38
901 31
902 37
903 50
904 28
905 31
906 38
907 34
908 31
909 32
910 27
911 27
912 32
913 29
914 31
915 36
916 35
917 35
918 31
919 31
920 38
921 25
922 40
923 41
924 31
925 23
926 31
927 28
928 26
929 30
930 42
931 35
932 36
933 34
934 27
935 36
936 38
937 34
938 29
939 40
940 27
941 30
942 34
943 31
944 42
945 36
946 34
947 48
948 34
949 35
950 30
951 28
952 22
953 28
954 24
955 37
956 24
957 32
958 22
959 31
960 31
961 31
962 25
963 21
964 28
965 33
966 27
967 33
968 41
969 35
970 40
971 31
972 37
973 27
974 38
975 29
976 33
977 24
978 31
979 34
980 40
981 42
982 34
983 32
984 24
985 36
986 29
987 35
988 25
989 25
990 33
991 24
992 29
993 24
994 28
995 30
996 34
997 26
998 30
999 31
1000 40
1001 30
1002 41
1003 29
1004 25
1005 29
1006 33
1007 28
1008 41
1009 29
1010 29
1011 35
1012 34
1013 30
1014 31
1015 22
1016 27
1017 32
1018 28
1019 27
1020 19
1021 26
1022 35
1023 31
1024 26
1025 35
1026 31
1027 31
1028 33
1029 33
1030 30
1031 21
1032 36
1033 25
1034 37
1035 32
1036 29
1037 31
1038 36
1039 24
1040 29
1041 32
1042 37
1043 27
1044 29
1045 26
1046 33
1047 38
1048 36
1049 36
1050 34
1051 42
1052 30
1053 32
1054 29
1055 28
1056 25
1057 39
1058 33
1059 38
1060 24
1061 34
1062 26
1063 33
1064 36
1065 27
1066 19
1067 27
1068 33
1069 31
1070 27
1071 34
1072 28
1073 16
1074 30
1075 22
1076 35
1077 26
1078 34
1079 28
1080 35
1081 36
1082 26
1083 32
1084 21
1085 27
1086 25
1087 40
1088 28
1089 35
1090 28
1091 21
1092 25
1093 31
1094 27
1095 31
1096 20
1097 31
1098 30
1099 34
1100 18
1101 31
1102 31
1103 36
1104 27
1105 35
1106 33
1107 34
1108 30
1109 29
1110 28
1111 26
1112 35
1113 31
1114 40
1115 38
1116 22
1117 29
1118 34
1119 37
1120 27
1121 42
1122 36
1123 24
1124 36
1125 32
1126 40
1127 40
1128 34
1129 29
1130 30
1131 36
1132 47
1133 35
1134 32
1135 34
1136 41
1137 32
1138 33
1139 23
1140 31
1141 30
1142 27
1143 31
1144 35
1145 34
1146 29
1147 32
1148 41
1149 43
1150 29
1151 36
1152 35
1153 47
1154 55
1155 70
1156 90
1157 102
1158 123
1159 122
1160 129
1161 181
1162 214
1163 232
1164 301
1165 325
1166 370
1167 471
1168 517
1169 587
1170 625
1171 685
1172 711
1173 629
1174 489
1175 401
1176 358
1177 338
1178 280
1179 251
1180 254
1181 175
1182 128
1183 80
1184 76
1185 50
1186 38
1187 53
1188 44
1189 52
1190 33
1191 27
1192 38
1193 37
1194 33
1195 39
1196 27
1197 36
1198 39
1199 37
1200 35
1201 31
1202 30
1203 27
1204 29
1205 37
1206 30
1207 32
1208 30
1209 32
1210 27
1211 29
1212 32
1213 25
1214 38
1215 30
1216 34
1217 37
1218 24
1219 28
1220 24
1221 44
1222 31
1223 21
1224 32
1225 20
1226 33
1227 29
1228 33
1229 22
1230 26
1231 33
1232 31
1233 24
1234 25
1235 30
1236 33
1237 26
1238 23
1239 35
1240 30
1241 31
1242 26
1243 33
1244 29
1245 38
1246 30
1247 38
1248 21
1249 36
1250 34
1251 25
1252 26
1253 23
1254 19
1255 30
1256 34
1257 34
1258 30
1259 21
1260 34
1261 32
1262 30
1263 27
1264 25
1265 28
1266 26
1267 21
1268 23
1269 27
1270 13
1271 25
1272 19
1273 15
1274 24
1275 18
1276 15
1277 13
1278 9
1279 9
1280 29
1281 35
1282 24
1283 31
1284 23
1285 23
1286 15
1287 16
1288 27
1289 28
1290 33
1291 21
1292 23
1293 33
1294 31
1295 26
1296 26
1297 28
1298 24
1299 14
1300 13
1301 23
1302 26
1303 17
1304 26
1305 21
1306 22
1307 20
1308 24
1309 27
1310 22
1311 23
1312 22
1313 21
1314 17
1315 15
1316 24
1317 16
1318 21
1319 15
1320 21
1321 20
1322 28
1323 12
1324 26
1325 24
1326 22
1327 20
1328 20
1329 19
1330 27
1331 22
1332 11
1333 20
1334 24
1335 25
1336 22
1337 21
1338 14
1339 17
1340 22
1341 17
1342 19
1343 24
1344 19
1345 13
1346 30
1347 24
1348 24
1349 15
1350 17
1351 24
1352 15
1353 22
1354 24
1355 20
1356 15
1357 27
1358 24
1359 23
1360 24
1361 22
1362 16
1363 30
1364 31
1365 22
1366 22
1367 22
1368 17
1369 23
1370 19
1371 23
1372 23
1373 20
1374 20
1375 20
1376 22
1377 30
1378 22
1379 22
1380 25
1381 24
1382 30
1383 35
1384 26
1385 31
1386 40
1387 49
1388 53
1389 64
1390 67
1391 62
1392 61
1393 58
1394 54
1395 47
1396 53
1397 40
1398 32
1399 40
1400 30
1401 27
1402 30
1403 25
1404 24
1405 27
1406 16
1407 25
1408 29
1409 26
1410 22
1411 22
1412 22
1413 18
1414 22
1415 22
1416 28
1417 24
1418 21
1419 23
1420 13
1421 27
1422 20
1423 31
1424 18
1425 18
1426 20
1427 19
1428 20
1429 15
1430 18
1431 20
1432 20
1433 20
1434 14
1435 25
1436 30
1437 25
1438 20
1439 19
1440 25
1441 17
1442 17
1443 25
1444 17
1445 23
1446 18
1447 27
1448 19
1449 21
1450 18
1451 16
1452 20
1453 15
1454 16
1455 17
1456 17
1457 21
1458 23
1459 26
1460 22
1461 44
1462 44
1463 38
1464 60
1465 51
1466 53
1467 74
1468 87
1469 98
1470 108
1471 115
1472 133
1473 138
1474 134
1475 164
1476 166
1477 196
1478 197
1479 257
1480 248
1481 250
1482 310
1483 216
1484 210
1485 207
1486 170
1487 158
1488 135
1489 108
1490 76
1491 63
1492 34
1493 26
1494 26
1495 26
1496 26
1497 31
1498 24
1499 19
1500 24
1501 18
1502 20
1503 28
1504 28
1505 15
1506 28
1507 16
1508 14
1509 21
1510 15
1511 23
1512 22
1513 20
1514 21
1515 19
1516 17
1517 25
1518 16
1519 21
1520 21
1521 24
1522 22
1523 22
1524 28
1525 24
1526 19
1527 18
1528 21
1529 17
1530 21
1531 24
1532 11
1533 11
1534 11
1535 16
1536 23
1537 20
1538 25
1539 15
1540 18
1541 29
1542 19
1543 24
1544 13
1545 18
1546 14
1547 18
1548 21
1549 16
1550 21
1551 21
1552 27
1553 13
1554 24
1555 25
1556 23
1557 12
1558 24
1559 18
1560 17
1561 20
1562 20
1563 24
1564 15
1565 16
1566 20
1567 25
1568 20
1569 18
1570 20
1571 25
1572 17
1573 21
1574 19
1575 18
1576 21
1577 17
1578 22
1579 22
1580 19
1581 20
1582 23
1583 22
1584 12
1585 13
1586 18
1587 30
1588 22
1589 21
1590 15
1591 9
1592 15
1593 20
1594 18
1595 28
1596 20
1597 18
1598 17
1599 17
1600 28
1601 28
1602 12
1603 20
1604 16
1605 17
1606 22
1607 19
1608 11
1609 14
1610 19
1611 18
1612 19
1613 21
1614 22
1615 14
1616 23
1617 29
1618 26
1619 17
1620 16
1621 22
1622 21
1623 21
1624 21
1625 15
1626 18
1627 20
1628 11
1629 22
1630 19
1631 17
1632 17
1633 10
1634 15
1635 13
1636 22
1637 27
1638 13
1639 21
1640 24
1641 17
1642 16
1643 15
1644 24
1645 24
1646 21
1647 21
1648 17
1649 20
1650 15
1651 11
1652 18
1653 18
1654 11
1655 18
1656 12
1657 18
1658 17
1659 22
1660 20
1661 12
1662 23
1663 21
1664 14
1665 19
1666 13
1667 18
1668 12
1669 16
1670 15
1671 15
1672 15
1673 27
1674 30
1675 13
1676 17
1677 21
1678 23
1679 13
1680 15
1681 15
1682 10
1683 16
1684 21
1685 15
1686 14
1687 12
1688 16
1689 26
1690 19
1691 17
1692 15
1693 13
1694 24
1695 21
1696 16
1697 17
1698 23
1699 18
1700 13
1701 22
1702 14
1703 16
1704 16
1705 21
1706 19
1707 17
1708 22
1709 21
1710 20
1711 14
1712 22
1713 15
1714 16
1715 20
1716 14
1717 19
1718 17
1719 16
1720 20
1721 24
1722 15
1723 9
1724 18
1725 24
1726 17
1727 22
1728 21
1729 23
1730 20
1731 15
1732 20
1733 13
1734 13
1735 22
1736 18
1737 17
1738 19
1739 15
1740 18
1741 16
1742 12
1743 14
1744 25
1745 17
1746 13
1747 20
1748 21
1749 12
1750 17
1751 19
1752 21
1753 18
1754 20
1755 20
1756 23
1757 16
1758 13
1759 19
1760 16
1761 21
1762 20
1763 17
1764 21
1765 16
1766 15
1767 12
1768 14
1769 23
1770 30
1771 20
1772 16
1773 16
1774 14
1775 17
1776 15
1777 16
1778 16
1779 15
1780 25
1781 8
1782 20
1783 12
1784 16
1785 13
1786 19
1787 9
1788 25
1789 14
1790 21
1791 18
1792 23
1793 21
1794 14
1795 18
1796 12
1797 14
1798 18
1799 16
1800 15
1801 16
1802 28
1803 21
1804 14
1805 18
1806 30
1807 14
1808 10
1809 22
1810 16
1811 24
1812 19
1813 18
1814 17
1815 21
1816 16
1817 23
1818 17
1819 22
1820 15
1821 17
1822 13
1823 16
1824 16
1825 18
1826 14
1827 17
1828 21
1829 14
1830 14
1831 11
1832 12
1833 18
1834 13
1835 18
1836 21
1837 13
1838 20
1839 15
1840 12
1841 12
1842 15
1843 14
1844 14
1845 17
1846 13
1847 17
1848 14
1849 17
1850 18
1851 19
1852 17
1853 13
1854 9
1855 13
1856 20
1857 17
1858 16
1859 21
1860 13
1861 19
1862 20
1863 15
1864 21
1865 19
1866 16
1867 14
1868 15
1869 10
1870 22
1871 22
1872 14
1873 10
1874 11
1875 17
1876 22
1877 16
1878 20
1879 15
1880 22
1881 8
1882 14
1883 14
1884 11
1885 11
1886 22
1887 20
1888 15
1889 14
1890 14
1891 13
1892 11
1893 13
1894 16
1895 23
1896 15
1897 20
1898 22
1899 24
1900 18
1901 17
1902 29
1903 16
1904 17
1905 25
1906 25
1907 24
1908 16
1909 19
1910 22
1911 29
1912 35
1913 22
1914 16
1915 15
1916 14
1917 13
1918 16
1919 16
1920 25
1921 18
1922 11
1923 19
1924 12
1925 17
1926 22
1927 14
1928 23
1929 19
1930 17
1931 10
1932 25
1933 11
1934 21
1935 17
1936 14
1937 13
1938 19
1939 15
1940 21
1941 20
1942 22
1943 21
1944 23
1945 21
1946 31
1947 42
1948 30
1949 42
1950 37
1951 44
1952 59
1953 59
1954 67
1955 69
1956 93
1957 112
1958 165
1959 153
1960 133
1961 119
1962 148
1963 129
1964 150
1965 149
1966 146
1967 146
1968 173
1969 140
1970 125
1971 130
1972 124
1973 95
1974 80
1975 61
1976 31
1977 19
1978 27
1979 20
1980 19
1981 19
1982 27
1983 19
1984 23
1985 16
1986 15
1987 12
1988 15
1989 14
1990 14
1991 19
1992 10
1993 20
1994 20
1995 14
1996 15
1997 12
1998 10
1999 22
2000 16
2001 6
2002 18
2003 21
2004 17
2005 12
2006 7
2007 11
2008 7
2009 11
2010 19
2011 24
2012 15
2013 16
2014 17
2015 10
2016 15
2017 25
2018 16
2019 13
2020 20
2021 13
2022 17
2023 14
2024 17
2025 18
2026 17
2027 10
2028 15
2029 22
2030 13
2031 18
2032 12
2033 16
2034 15
2035 14
2036 17
2037 18
2038 15
2039 14
2040 13
2041 13
2042 17
2043 13
2044 18
2045 14
2046 11
2047 14
2048 23
2049 18
2050 20
2051 15
2052 11
2053 13
2054 15
2055 17
2056 11
2057 16
2058 13
2059 9
2060 15
2061 14
2062 8
2063 12
2064 10
2065 8
2066 18
2067 13
2068 15
2069 15
2070 9
2071 14
2072 15
2073 20
2074 19
2075 12
2076 14
2077 13
2078 15
2079 14
2080 14
2081 19
2082 12
2083 16
2084 12
2085 12
2086 12
2087 13
2088 9
2089 16
2090 12
2091 14
2092 11
2093 9
2094 14
2095 12
2096 19
2097 14
2098 12
2099 10
2100 17
2101 12
2102 12
2103 21
2104 16
2105 10
2106 11
2107 13
2108 13
2109 25
2110 20
2111 20
2112 14
2113 16
2114 23
2115 7
2116 15
2117 11
2118 12
2119 12
2120 17
2121 20
2122 13
2123 24
2124 11
2125 11
2126 12
2127 21
2128 14
2129 17
2130 16
2131 11
2132 19
2133 17
2134 16
2135 7
2136 16
2137 12
2138 17
2139 18
2140 18
2141 13
2142 11
2143 8
2144 13
2145 9
2146 16
2147 10
2148 12
2149 22
2150 15
2151 18
2152 19
2153 15
2154 13
2155 17
2156 22
2157 14
2158 20
2159 25
2160 12
2161 12
2162 13
2163 17
2164 15
2165 13
2166 22
2167 20
2168 20
2169 16
2170 14
2171 15
2172 21
2173 10
2174 13
2175 13
2176 16
2177 14
2178 18
2179 21
2180 9
2181 10
2182 16
2183 13
2184 13
2185 11
2186 20
2187 27
2188 19
2189 15
2190 16
2191 14
2192 16
2193 16
2194 14
2195 15
2196 12
2197 18
2198 13
2199 21
2200 11
2201 12
2202 14
2203 14
2204 20
2205 11
2206 24
2207 29
2208 23
2209 22
2210 35
2211 34
2212 28
2213 43
2214 42
2215 64
2216 80
2217 94
2218 117
2219 132
2220 147
2221 131
2222 188
2223 198
2224 230
2225 337
2226 363
2227 341
2228 317
2229 399
2230 404
2231 418
2232 440
2233 344
2234 317
2235 308
2236 337
2237 311
2238 302
2239 214
2240 194
2241 179
2242 148
2243 177
2244 168
2245 165
2246 163
2247 95
2248 85
2249 56
2250 45
2251 42
2252 25
2253 26
2254 29
2255 21
2256 23
2257 25
2258 17
2259 13
2260 19
2261 13
2262 18
2263 15
2264 16
2265 16
2266 19
2267 11
2268 13
2269 16
2270 18
2271 6
2272 11
2273 12
2274 18
2275 16
2276 12
2277 18
2278 10
2279 14
2280 17
2281 18
2282 15
2283 17
2284 16
2285 8
2286 12
2287 16
2288 16
2289 11
2290 12
2291 19
2292 17
2293 9
2294 10
2295 16
2296 13
2297 23
2298 13
2299 11
2300 9
2301 5
2302 13
2303 12
2304 17
2305 14
2306 16
2307 18
2308 18
2309 17
2310 8
2311 12
2312 10
2313 16
2314 13
2315 16
2316 17
2317 14
2318 17
2319 13
2320 11
2321 14
2322 13
2323 13
2324 16
2325 11
2326 16
2327 12
2328 19
2329 15
2330 16
2331 15
2332 13
2333 14
2334 9
2335 8
2336 15
2337 15
2338 16
2339 17
2340 11
2341 17
2342 13
2343 15
2344 11
2345 17
2346 15
2347 13
2348 16
2349 15
2350 11
2351 12
2352 13
2353 19
2354 12
2355 10
2356 19
2357 14
2358 19
2359 17
2360 14
2361 22
2362 15
2363 11
2364 19
2365 18
2366 15
2367 13
2368 9
2369 14
2370 13
2371 19
2372 10
2373 9
2374 15
2375 10
2376 18
2377 20
2378 12
2379 11
2380 13
2381 14
2382 12
2383 19
2384 17
2385 15
2386 8
2387 15
2388 13
2389 9
2390 15
2391 11
2392 15
2393 11
2394 9
2395 10
2396 24
2397 26
2398 11
2399 14
2400 8
2401 12
2402 13
2403 15
2404 10
2405 12
2406 12
2407 10
2408 14
2409 15
2410 17
2411 12
2412 15
2413 15
2414 15
2415 12
2416 14
2417 19
2418 17
2419 22
2420 21
2421 19
2422 12
2423 24
2424 24
2425 22
2426 27
2427 21
2428 24
2429 21
2430 25
2431 38
2432 38
2433 42
2434 51
2435 52
2436 71
2437 73
2438 72
2439 52
2440 51
2441 64
2442 84
2443 82
2444 117
2445 116
2446 78
2447 74
2448 78
2449 80
2450 50
2451 59
2452 53
2453 43
2454 43
2455 29
2456 50
2457 46
2458 31
2459 26
2460 24
2461 18
2462 24
2463 15
2464 22
2465 14
2466 21
2467 18
2468 14
2469 15
2470 16
2471 12
2472 13
2473 12
2474 12
2475 7
2476 14
2477 12
2478 15
2479 8
2480 10
2481 11
2482 14
2483 13
2484 6
2485 7
2486 14
2487 13
2488 12
2489 15
2490 12
2491 20
2492 11
2493 9
2494 14
2495 11
2496 13
2497 17
2498 16
2499 8
2500 10
2501 13
2502 11
2503 10
2504 9
2505 10
2506 15
2507 24
2508 19
2509 13
2510 12
2511 21
2512 11
2513 11
2514 6
2515 15
2516 15
2517 10
2518 13
2519 9
2520 9
2521 6
2522 15
2523 11
2524 16
2525 5
2526 12
2527 11
2528 15
2529 12
2530 15
2531 11
2532 10
2533 13
2534 7
2535 12
2536 16
2537 13
2538 8
2539 10
2540 11
2541 15
2542 10
2543 11
2544 15
2545 9
2546 16
2547 13
2548 11
2549 10
2550 12
2551 14
2552 17
2553 9
2554 13
2555 20
2556 12
2557 14
2558 11
2559 15
