0 26
1 23
2 27
3 28
4 30
5 18
6 31
7 29
8 27
9 33
10 23
11 35
12 33
13 27
14 31
15 30
16 35
17 29
18 25
19 36
20 31
21 34
22 32
23 26
24 28
25 28
26 24
27 29
28 20
29 28
30 32
31 38
32 28
33 30
34 37
35 33
36 26
37 26
38 25
39 35
40 28
41 30
42 30
43 23
44 39
45 42
46 36
47 22
48 27
49 24
50 19
51 34
52 42
53 27
54 33
55 34
56 36
57 43
58 24
59 40
60 30
61 28
62 31
63 27
64 32
65 26
66 37
67 22
68 26
69 24
70 32
71 34
72 22
73 35
74 22
75 22
76 28
77 32
78 29
79 35
80 27
81 37
82 24
83 34
84 27
85 38
86 34
87 27
88 35
89 34
90 26
91 26
92 33
93 25
94 25
95 31
96 34
97 26
98 37
99 30
100 28
101 36
102 30
103 40
104 34
105 27
106 23
107 39
108 25
109 28
110 42
111 31
112 20
113 27
114 30
115 28
116 27
117 21
118 33
119 34
120 21
121 32
122 29
123 31
124 38
125 33
126 32
127 30
128 31
129 32
130 29
131 37
132 39
133 25
134 27
135 39
136 27
137 27
138 30
139 34
140 42
141 28
142 28
143 26
144 39
145 31
146 34
147 28
148 32
149 31
150 34
151 23
152 35
153 33
154 26
155 30
156 31
157 35
158 29
159 35
160 28
161 28
162 19
163 27
164 34
165 37
166 38
167 36
168 30
169 24
170 23
171 28
172 25
173 23
174 29
175 29
176 25
177 38
178 31
179 35
180 22
181 33
182 30
183 31
184 34
185 23
186 29
187 34
188 37
189 41
190 33
191 34
192 34
193 33
194 26
195 33
196 28
197 35
198 31
199 31
200 37
201 37
202 38
203 29
204 36
205 29
206 39
207 32
208 39
209 18
210 31
211 41
212 28
213 29
214 29
215 37
216 46
217 23
218 32
219 34
220 28
221 30
222 27
223 36
224 39
225 33
226 30
227 24
228 37
229 34
230 38
231 49
232 36
233 40
234 20
235 32
236 27
237 41
238 39
239 36
240 29
241 34
242 27
243 29
244 30
245 39
246 40
247 22
248 38
249 41
250 27
251 31
252 39
253 33
254 48
255 30
256 38
257 30
258 42
259 30
260 28
261 33
262 19
263 18
264 34
265 38
266 26
267 32
268 23
269 31
270 40
271 30
272 39
273 38
274 35
275 32
276 37
277 37
278 38
279 47
280 36
281 28
282 31
283 32
284 40
285 48
286 40
287 41
288 23
289 34
290 40
291 30
292 24
293 43
294 39
295 35
296 26
297 37
298 35
299 42
300 37
301 38
302 32
303 25
304 38
305 39
306 30
307 36
308 31
309 33
310 28
311 40
312 40
313 31
314 26
315 22
316 39
317 34
318 45
319 32
320 29
321 44
322 47
323 35
324 37
325 38
326 43
327 35
328 39
329 29
330 30
331 43
332 29
333 31
334 30
335 34
336 35
337 32
338 33
339 37
340 31
341 31
342 30
343 41
344 37
345 35
346 42
347 31
348 31
349 41
350 32
351 37
352 43
353 38
354 42
355 25
356 35
357 36
358 39
359 43
360 35
361 30
362 21
363 40
364 35
365 30
366 28
367 28
368 36
369 34
370 29
371 36
372 43
373 26
374 20
375 31
376 45
377 32
378 34
379 39
380 39
381 43
382 33
383 29
384 42
385 35
386 37
387 34
388 38
389 43
390 30
391 38
392 38
393 37
394 25
395 27
396 40
397 32
398 34
399 32
400 21
401 40
402 34
403 48
404 39
405 35
406 41
407 43
408 34
409 27
410 36
411 54
412 34
413 41
414 43
415 38
416 38
417 33
418 33
419 31
420 30
421 37
422 44
423 36
424 40
425 45
426 39
427 29
428 26
429 31
430 45
431 38
432 37
433 43
434 40
435 36
436 31
437 37
438 35
439 34
440 31
441 31
442 44
443 41
444 38
445 30
446 47
447 43
448 31
449 38
450 38
451 33
452 52
453 40
454 40
455 43
456 28
457 34
458 34
459 37
460 34
461 43
462 34
463 27
464 38
465 26
466 34
467 30
468 29
469 36
470 46
471 35
472 24
473 35
474 33
475 41
476 41
477 41
478 35
479 33
480 34
481 32
482 39
483 37
484 37
485 36
486 31
487 38
488 40
489 43
490 32
491 45
492 33
493 36
494 43
495 44
496 35
497 25
498 35
499 38
500 38
501 32
502 33
503 35
504 36
505 38
506 40
507 41
508 42
509 41
510 45
511 40
512 38
513 35
514 36
515 47
516 34
517 26
518 31
519 24
520 31
521 34
522 35
523 42
524 33
525 35
526 37
527 41
528 33
529 34
530 55
531 42
532 33
533 36
534 40
535 43
536 34
537 39
538 36
539 46
540 45
541 43
542 45
543 45
544 33
545 53
546 51
547 47
548 47
549 45
550 56
551 56
552 51
553 55
554 55
555 61
556 51
557 50
558 74
559 68
560 70
561 75
562 85
563 89
564 95
565 89
566 102
567 81
568 90
569 87
570 99
571 90
572 99
573 82
574 83
575 98
576 102
577 82
578 73
579 54
580 58
581 50
582 37
583 43
584 45
585 29
586 30
587 49
588 45
589 42
590 42
591 41
592 45
593 39
594 33
595 32
596 34
597 32
598 44
599 40
600 33
601 40
602 49
603 35
604 24
605 25
606 42
607 36
608 29
609 42
610 32
611 40
612 57
613 59
614 48
615 34
616 37
617 27
618 33
619 41
620 27
621 30
622 44
623 39
624 41
625 48
626 35
627 46
628 45
629 33
630 40
631 40
632 39
633 39
634 34
635 36
636 39
637 46
638 32
639 45
640 35
641 50
642 39
643 34
644 29
645 34
646 43
647 35
648 38
649 48
650 42
651 38
652 46
653 39
654 37
655 28
656 47
657 50
658 46
659 39
660 38
661 29
662 44
663 41
664 40
665 39
666 46
667 51
668 33
669 33
670 35
671 40
672 41
673 50
674 33
675 38
676 36
677 43
678 33
679 45
680 44
681 50
682 33
683 51
684 39
685 41
686 45
687 50
688 22
689 38
690 27
691 26
692 36
693 41
694 42
695 44
696 48
697 46
698 43
699 55
700 39
701 35
702 35
703 39
704 39
705 33
706 28
707 34
708 45
709 43
710 41
711 38
712 31
713 43
714 38
715 37
716 25
717 33
718 33
719 38
720 25
721 43
722 38
723 27
724 29
725 32
726 45
727 34
728 38
729 35
730 42
731 41
732 28
733 30
734 22
735 34
736 34
737 33
738 31
739 37
740 43
741 45
742 31
743 42
744 38
745 36
746 38
747 36
748 31
749 28
750 40
751 36
752 37
753 39
754 35
755 30
756 30
757 35
758 39
759 45
760 36
761 36
762 45
763 42
764 40
765 34
766 36
767 39
768 39
769 34
770 32
771 46
772 26
773 38
774 47
775 31
776 40
777 46
778 32
779 32
780 32
781 44
782 39
783 34
784 41
785 43
786 28
787 22
788 34
789 31
790 49
791 36
792 31
793 26
794 42
795 30
796 42
797 33
798 28
799 39
800 36
801 23
802 30
803 38
804 32
805 42
806 40
807 39
808 44
809 42
810 36
811 41
812 32
813 43
814 39
815 43
816 30
817 36
818 31
819 39
820 40
821 28
822 36
823 39
824 39
825 34
826 50
827 37
828 26
829 40
830 43
831 30
832 34
833 47
834 42
835 47
836 35
837 27
838 32
839 41
840 32
841 29
842 33
843 43
844 41
845 42
846 39
847 35
848 31
849 32
850 27
851 39
852 38
853 31
854 45
855 31
856 35
857 34
858 29
859 42
860 25
861 26
862 39
863 35
864 29
865 35
866 40
867 30
868 27
869 32
870 26
871 42
872 31
873 40
874 35
875 48
876 42
877 40
878 38
879 27
880 35
881 27
882 42
883 30
884 40
885 32
886 27
887 41
888 37
889 30
890 32
891 37
892 30
893 31
894 36
895 30
896 36
897 37
898 39
899 50
900 42
901 34
902 40
903 30
904 34
905 30
906 47
907 46
908 30
909 28
910 32
911 34
912 31
913 45
914 32
915 35
916 33
917 41
918 26
919 31
920 40
921 44
922 36
923 39
924 30
925 40
926 36
927 30
928 28
929 31
930 46
931 43
932 28
933 36
934 30
935 38
936 35
937 40
938 36
939 49
940 38
941 23
942 23
943 31
944 41
945 31
946 30
947 27
948 34
949 48
950 30
951 41
952 34
953 29
954 33
955 34
956 36
957 24
958 34
959 33
960 40
961 33
962 27
963 29
964 28
965 30
966 33
967 36
968 32
969 25
970 40
971 39
972 31
973 31
974 29
975 38
976 27
977 35
978 34
979 42
980 39
981 37
982 34
983 33
984 28
985 30
986 27
987 27
988 36
989 32
990 38
991 27
992 31
993 30
994 23
995 30
996 33
997 33
998 32
999 32
1000 41
1001 42
1002 33
1003 31
1004 29
1005 34
1006 28
1007 32
1008 42
1009 40
1010 35
1011 40
1012 33
1013 26
1014 27
1015 37
1016 36
1017 28
1018 32
1019 30
1020 37
1021 38
1022 34
1023 34
1024 27
1025 36
1026 36
1027 29
1028 25
1029 35
1030 27
1031 37
1032 37
1033 42
1034 37
1035 47
1036 39
1037 31
1038 31
1039 46
1040 25
1041 35
1042 44
1043 25
1044 34
1045 30
1046 41
1047 34
1048 32
1049 32
1050 31
1051 32
1052 38
1053 43
1054 22
1055 34
1056 35
1057 48
1058 35
1059 27
1060 32
1061 35
1062 39
1063 37
1064 32
1065 40
1066 32
1067 39
1068 39
1069 33
1070 34
1071 44
1072 40
1073 56
1074 46
1075 50
1076 67
1077 54
1078 73
1079 76
1080 76
1081 97
1082 120
1083 115
1084 149
1085 190
1086 190
1087 219
1088 302
1089 299
1090 275
1091 316
1092 322
1093 395
1094 410
1095 433
1096 429
1097 422
1098 402
1099 440
1100 362
1101 349
1102 290
1103 279
1104 196
1105 129
1106 94
1107 82
1108 47
1109 39
1110 48
1111 43
1112 41
1113 37
1114 35
1115 46
1116 38
1117 33
1118 32
1119 36
1120 37
1121 43
1122 31
1123 26
1124 27
1125 26
1126 29
1127 42
1128 36
1129 30
1130 29
1131 33
1132 33
1133 30
1134 29
1135 36
1136 42
1137 26
1138 44
1139 31
1140 29
1141 28
1142 37
1143 26
1144 33
1145 29
1146 41
1147 21
1148 31
1149 37
1150 32
1151 27
1152 30
1153 39
1154 41
1155 26
1156 27
1157 19
1158 27
1159 39
1160 34
1161 44
1162 24
1163 39
1164 44
1165 31
1166 29
1167 37
1168 30
1169 37
1170 41
1171 28
1172 33
1173 22
1174 30
1175 28
1176 31
1177 32
1178 30
1179 22
1180 28
1181 31
1182 37
1183 33
1184 32
1185 29
1186 25
1187 26
1188 26
1189 36
1190 36
1191 28
1192 30
1193 27
1194 35
1195 32
1196 31
1197 40
1198 31
1199 24
1200 33
1201 26
1202 27
1203 37
1204 29
1205 43
1206 19
1207 35
1208 24
1209 38
1210 20
1211 44
1212 30
1213 33
1214 33
1215 34
1216 27
1217 27
1218 27
1219 44
1220 31
1221 44
1222 40
1223 41
1224 49
1225 49
1226 54
1227 60
1228 61
1229 49
1230 48
1231 67
1232 75
1233 130
1234 102
1235 79
1236 79
1237 79
1238 82
1239 74
1240 55
1241 62
1242 35
1243 39
1244 30
1245 26
1246 26
1247 29
1248 27
1249 31
1250 34
1251 29
1252 24
1253 42
1254 31
1255 30
1256 36
1257 18
1258 32
1259 32
1260 40
1261 36
1262 30
1263 24
1264 30
1265 30
1266 27
1267 28
1268 23
1269 17
1270 24
1271 30
1272 16
1273 22
1274 19
1275 15
1276 16
1277 13
1278 13
1279 17
1280 29
1281 28
1282 20
1283 27
1284 34
1285 33
1286 36
1287 27
1288 26
1289 27
1290 21
1291 23
1292 25
1293 28
1294 25
1295 16
1296 35
1297 22
1298 35
1299 29
1300 40
1301 34
1302 37
1303 35
1304 31
1305 55
1306 32
1307 39
1308 62
1309 42
1310 37
1311 42
1312 35
1313 30
1314 33
1315 35
1316 33
1317 26
1318 29
1319 15
1320 25
1321 29
1322 25
1323 23
1324 22
1325 22
1326 32
1327 36
1328 31
1329 19
1330 20
1331 18
1332 31
1333 26
1334 28
1335 27
1336 19
1337 26
1338 37
1339 20
1340 17
1341 19
1342 19
1343 27
1344 41
1345 27
1346 32
1347 23
1348 18
1349 24
1350 27
1351 24
1352 23
1353 10
1354 22
1355 17
1356 25
1357 28
1358 24
1359 20
1360 17
1361 19
1362 23
1363 29
1364 20
1365 34
1366 33
1367 21
1368 33
1369 30
1370 26
1371 27
1372 27
1373 42
1374 41
1375 68
1376 61
1377 72
1378 71
1379 86
1380 83
1381 80
1382 120
1383 125
1384 144
1385 179
1386 272
1387 260
1388 278
1389 278
1390 356
1391 262
1392 214
1393 200
1394 217
1395 203
1396 154
1397 176
1398 147
1399 79
1400 51
1401 87
1402 54
1403 61
1404 52
1405 36
1406 24
1407 28
1408 27
1409 17
1410 21
1411 23
1412 22
1413 25
1414 28
1415 24
1416 23
1417 27
1418 26
1419 23
1420 24
1421 19
1422 24
1423 16
1424 22
1425 21
1426 21
1427 23
1428 22
1429 18
1430 16
1431 17
1432 17
1433 26
1434 17
1435 24
1436 27
1437 23
1438 16
1439 20
1440 20
1441 20
1442 27
1443 23
1444 20
1445 19
1446 33
1447 22
1448 24
1449 26
1450 22
1451 21
1452 27
1453 30
1454 19
1455 23
1456 25
1457 17
1458 19
1459 28
1460 20
1461 30
1462 14
1463 20
1464 24
1465 27
1466 30
1467 24
1468 12
1469 17
1470 16
1471 25
1472 16
1473 21
1474 24
1475 19
1476 31
1477 20
1478 20
1479 22
1480 20
1481 18
1482 25
1483 18
1484 20
1485 17
1486 18
1487 23
1488 27
1489 15
1490 21
1491 28
1492 30
1493 29
1494 28
1495 21
1496 14
1497 17
1498 19
1499 25
1500 16
1501 21
1502 23
1503 24
1504 16
1505 21
1506 28
1507 20
1508 30
1509 20
1510 23
1511 25
1512 20
1513 18
1514 17
1515 23
1516 23
1517 24
1518 21
1519 19
1520 21
1521 25
1522 15
1523 23
1524 15
1525 18
1526 26
1527 21
1528 23
1529 19
1530 21
1531 27
1532 21
1533 23
1534 17
1535 21
1536 20
1537 23
1538 18
1539 26
1540 16
1541 17
1542 24
1543 25
1544 21
1545 26
1546 23
1547 20
1548 18
1549 12
1550 23
1551 15
1552 20
1553 16
1554 25
1555 24
1556 12
1557 21
1558 22
1559 21
1560 17
1561 23
1562 27
1563 21
1564 15
1565 15
1566 29
1567 26
1568 17
1569 15
1570 21
1571 23
1572 32
1573 23
1574 21
1575 25
1576 27
1577 28
1578 22
1579 16
1580 17
1581 22
1582 20
1583 18
1584 20
1585 14
1586 21
1587 17
1588 20
1589 22
1590 14
1591 24
1592 22
1593 24
1594 23
1595 21
1596 25
1597 17
1598 17
1599 24
1600 20
1601 15
1602 23
1603 19
1604 14
1605 23
1606 22
1607 14
1608 16
1609 18
1610 19
1611 21
1612 17
1613 17
1614 19
1615 14
1616 20
1617 14
1618 21
1619 27
1620 15
1621 20
1622 20
1623 9
1624 16
1625 20
1626 21
1627 14
1628 20
1629 9
1630 20
1631 21
1632 19
1633 18
1634 21
1635 20
1636 15
1637 19
1638 18
1639 14
1640 18
1641 9
1642 15
1643 22
1644 28
1645 13
1646 20
1647 20
1648 21
1649 26
1650 17
1651 19
1652 18
1653 16
1654 15
1655 10
1656 13
1657 22
1658 30
1659 15
1660 22
1661 12
1662 15
1663 17
1664 16
1665 18
1666 15
1667 12
1668 12
1669 19
1670 16
1671 36
1672 23
1673 20
1674 16
1675 28
1676 17
1677 18
1678 13
1679 17
1680 23
1681 20
1682 16
1683 21
1684 24
1685 18
1686 20
1687 24
1688 28
1689 16
1690 24
1691 16
1692 12
1693 23
1694 13
1695 26
1696 24
1697 18
1698 20
1699 15
1700 16
1701 15
1702 20
1703 18
1704 16
1705 14
1706 17
1707 24
1708 17
1709 17
1710 21
1711 9
1712 21
1713 19
1714 23
1715 17
1716 15
1717 25
1718 14
1719 25
1720 22
1721 20
1722 18
1723 16
1724 15
1725 13
1726 13
1727 16
1728 19
1729 23
1730 18
1731 14
1732 9
1733 21
1734 17
1735 21
1736 18
1737 19
1738 18
1739 22
1740 13
1741 21
1742 17
1743 14
1744 19
1745 18
1746 19
1747 15
1748 20
1749 18
1750 17
1751 16
1752 22
1753 22
1754 14
1755 18
1756 22
1757 14
1758 13
1759 16
1760 17
1761 15
1762 24
1763 18
1764 17
1765 17
1766 20
1767 19
1768 14
1769 22
1770 26
1771 13
1772 17
1773 18
1774 21
1775 16
1776 13
1777 18
1778 13
1779 15
1780 23
1781 13
1782 21
1783 26
1784 29
1785 23
1786 14
1787 17
1788 12
1789 19
1790 28
1791 21
1792 17
1793 15
1794 18
1795 12
1796 20
1797 17
1798 20
1799 19
1800 30
1801 20
1802 19
1803 23
1804 23
1805 20
1806 20
1807 20
1808 26
1809 26
1810 19
1811 13
1812 20
1813 23
1814 13
1815 14
1816 16
1817 20
1818 25
1819 17
1820 21
1821 19
1822 16
1823 11
1824 15
1825 21
1826 15
1827 13
1828 13
1829 9
1830 19
1831 13
1832 16
1833 20
1834 24
1835 19
1836 19
1837 32
1838 25
1839 22
1840 24
1841 24
1842 19
1843 21
1844 29
1845 29
1846 31
1847 42
1848 36
1849 32
1850 36
1851 58
1852 59
1853 60
1854 45
1855 72
1856 74
1857 68
1858 74
1859 92
1860 99
1861 123
1862 100
1863 84
1864 55
1865 59
1866 82
1867 82
1868 111
1869 79
1870 58
1871 40
1872 39
1873 26
1874 28
1875 26
1876 29
1877 23
1878 36
1879 19
1880 17
1881 21
1882 23
1883 30
1884 25
1885 24
1886 12
1887 18
1888 17
1889 28
1890 21
1891 13
1892 22
1893 27
1894 20
1895 19
1896 18
1897 15
1898 16
1899 14
1900 16
1901 19
1902 11
1903 20
1904 22
1905 16
1906 19
1907 19
1908 14
1909 16
1910 15
1911 17
1912 10
1913 15
1914 23
1915 26
1916 17
1917 24
1918 20
1919 16
1920 13
1921 27
1922 15
1923 16
1924 17
1925 18
1926 22
1927 18
1928 10
1929 14
1930 22
1931 17
1932 19
1933 19
1934 26
1935 14
1936 13
1937 16
1938 18
1939 21
1940 14
1941 20
1942 17
1943 13
1944 17
1945 13
1946 20
1947 26
1948 19
1949 9
1950 17
1951 12
1952 10
1953 18
1954 11
1955 14
1956 21
1957 14
1958 26
1959 9
1960 20
1961 9
1962 16
1963 12
1964 22
1965 20
1966 9
1967 13
1968 20
1969 13
1970 20
1971 10
1972 18
1973 17
1974 23
1975 20
1976 19
1977 16
1978 22
1979 14
1980 14
1981 8
1982 12
1983 18
1984 18
1985 11
1986 19
1987 16
1988 12
1989 12
1990 15
1991 24
1992 17
1993 17
1994 10
1995 26
1996 21
1997 19
1998 17
1999 12
2000 13
2001 19
2002 12
2003 20
2004 10
2005 16
2006 22
2007 17
2008 15
2009 22
2010 19
2011 21
2012 19
2013 15
2014 8
2015 12
2016 16
2017 16
2018 14
2019 22
2020 15
2021 22
2022 14
2023 17
2024 18
2025 18
2026 17
2027 18
2028 13
2029 19
2030 15
2031 20
2032 12
2033 11
2034 11
2035 12
2036 22
2037 13
2038 17
2039 13
2040 20
2041 20
2042 22
2043 13
2044 11
2045 17
2046 17
2047 20
2048 20
2049 16
2050 16
2051 12
2052 18
2053 23
2054 17
2055 10
2056 23
2057 16
2058 21
2059 22
2060 19
2061 10
2062 9
2063 13
2064 13
2065 23
2066 18
2067 14
2068 16
2069 18
2070 12
2071 18
2072 23
2073 14
2074 15
2075 10
2076 11
2077 16
2078 15
2079 16
2080 14
2081 17
2082 16
2083 14
2084 21
2085 14
2086 12
2087 20
2088 18
2089 11
2090 22
2091 19
2092 17
2093 32
2094 28
2095 34
2096 42
2097 53
2098 37
2099 27
2100 70
2101 82
2102 112
2103 129
2104 96
2105 125
2106 141
2107 173
2108 168
2109 176
2110 198
2111 200
2112 252
2113 250
2114 259
2115 256
2116 318
2117 376
2118 428
2119 513
2120 479
2121 428
2122 402
2123 413
2124 482
2125 416
2126 301
2127 281
2128 248
2129 214
2130 203
2131 150
2132 164
2133 124
2134 113
2135 73
2136 88
2137 61
2138 65
2139 40
2140 40
2141 32
2142 31
2143 26
2144 20
2145 21
2146 23
2147 22
2148 21
2149 21
2150 11
2151 20
2152 20
2153 16
2154 23
2155 19
2156 23
2157 15
2158 13
2159 20
2160 18
2161 20
2162 11
2163 16
2164 14
2165 16
2166 16
2167 16
2168 13
2169 17
2170 12
2171 14
2172 13
2173 18
2174 20
2175 22
2176 18
2177 8
2178 17
2179 17
2180 12
2181 18
2182 24
2183 17
2184 7
2185 10
2186 13
2187 13
2188 8
2189 16
2190 11
2191 22
2192 7
2193 11
2194 17
2195 13
2196 10
2197 11
2198 10
2199 12
2200 16
2201 17
2202 8
2203 9
2204 10
2205 19
2206 10
2207 15
2208 18
2209 12
2210 17
2211 16
2212 15
2213 24
2214 9
2215 12
2216 16
2217 22
2218 14
2219 12
2220 15
2221 19
2222 25
2223 15
2224 18
2225 13
2226 17
2227 13
2228 8
2229 18
2230 14
2231 16
2232 14
2233 16
2234 18
2235 22
2236 22
2237 23
2238 23
2239 18
2240 16
2241 15
2242 18
2243 18
2244 15
2245 13
2246 10
2247 20
2248 15
2249 19
2250 17
2251 12
2252 12
2253 18
2254 12
2255 14
2256 18
2257 14
2258 11
2259 17
2260 19
2261 12
2262 15
2263 14
2264 9
2265 11
2266 13
2267 17
2268 22
2269 13
2270 16
2271 16
2272 20
2273 15
2274 16
2275 18
2276 20
2277 12
2278 12
2279 16
2280 18
2281 14
2282 10
2283 9
2284 15
2285 14
2286 19
2287 12
2288 22
2289 15
2290 16
2291 9
2292 13
2293 23
2294 17
2295 8
2296 18
2297 22
2298 15
2299 16
2300 19
2301 18
2302 16
2303 23
2304 18
2305 22
2306 20
2307 34
2308 25
2309 23
2310 27
2311 33
2312 33
2313 27
2314 33
2315 45
2316 55
2317 54
2318 41
2319 51
2320 38
2321 52
2322 55
2323 50
2324 74
2325 90
2326 97
2327 89
2328 80
2329 66
2330 63
2331 70
2332 75
2333 85
2334 92
2335 93
2336 68
2337 64
2338 58
2339 45
2340 39
2341 35
2342 30
2343 25
2344 24
2345 19
2346 23
2347 22
2348 20
2349 14
2350 14
2351 18
2352 11
2353 16
2354 23
2355 10
2356 17
2357 8
2358 19
2359 18
2360 12
2361 23
2362 11
2363 15
2364 19
2365 9
2366 17
2367 19
2368 10
2369 19
2370 15
2371 14
2372 11
2373 12
2374 10
2375 18
2376 15
2377 12
2378 16
2379 11
2380 14
2381 13
2382 16
2383 14
2384 11
2385 13
2386 8
2387 10
2388 14
2389 13
2390 12
2391 16
2392 14
2393 8
2394 14
2395 10
2396 10
2397 15
2398 12
2399 13
2400 11
2401 9
2402 8
2403 11
2404 5
2405 13
2406 11
2407 17
2408 10
2409 11
2410 17
2411 16
2412 13
2413 10
2414 10
2415 11
2416 6
2417 17
2418 13
2419 9
2420 11
2421 9
2422 19
2423 9
2424 16
2425 15
2426 10
2427 8
2428 10
2429 11
2430 16
2431 15
2432 11
2433 12
2434 10
2435 13
2436 8
2437 12
2438 10
2439 14
2440 14
2441 21
2442 13
2443 13
2444 15
2445 22
2446 16
2447 8
2448 9
2449 15
2450 12
2451 10
2452 16
2453 9
2454 8
2455 7
2456 9
2457 6
2458 13
2459 12
2460 8
2461 11
2462 12
2463 9
2464 4
2465 9
2466 11
2467 17
2468 9
2469 11
2470 10
2471 10
2472 15
2473 13
2474 12
2475 12
2476 7
2477 10
2478 13
2479 11
2480 19
2481 6
2482 10
2483 12
2484 10
2485 16
2486 10
2487 8
2488 10
2489 10
2490 15
2491 15
2492 11
2493 11
2494 13
2495 13
2496 13
2497 9
2498 10
2499 11
2500 9
2501 14
2502 9
2503 13
2504 16
2505 15
2506 10
2507 10
2508 12
2509 13
2510 15
2511 17
2512 13
2513 7
2514 14
2515 13
2516 19
2517 13
2518 10
2519 13
2520 15
2521 14
2522 13
2523 8
2524 12
2525 10
2526 13
2527 9
2528 15
2529 9
2530 9
2531 10
2532 6
2533 12
2534 17
2535 12
2536 16
2537 14
2538 10
2539 12
2540 10
2541 13
2542 10
2543 12
2544 18
2545 14
2546 13
2547 6
2548 9
2549 10
2550 8
2551 7
2552 8
2553 13
2554 11
2555 11
2556 15
2557 11
2558 11
2559 5
