0 36
1 22
2 22
3 16
4 31
5 25
6 20
7 31
8 21
9 18
10 31
11 21
12 23
13 27
14 20
15 28
16 24
17 25
18 40
19 23
20 14
21 21
22 33
23 30
24 28
25 14
26 19
27 22
28 19
29 43
30 26
31 22
32 33
33 25
34 28
35 28
36 25
37 23
38 18
39 17
40 28
41 29
42 20
43 17
44 18
45 19
46 24
47 26
48 23
49 27
50 24
51 27
52 30
53 17
54 34
55 27
56 29
57 27
58 27
59 25
60 29
61 26
62 30
63 27
64 25
65 31
66 23
67 29
68 39
69 31
70 18
71 21
72 23
73 18
74 24
75 34
76 32
77 20
78 26
79 22
80 25
81 26
82 18
83 22
84 18
85 27
86 28
87 28
88 23
89 23
90 29
91 27
92 23
93 21
94 21
95 29
96 26
97 26
98 27
99 18
100 35
101 38
102 31
103 27
104 23
105 31
106 22
107 23
108 18
109 23
110 19
111 22
112 17
113 20
114 23
115 23
116 29
117 26
118 34
119 23
120 31
121 21
122 26
123 30
124 23
125 22
126 18
127 24
128 21
129 27
130 28
131 33
132 16
133 27
134 18
135 32
136 24
137 25
138 34
139 33
140 29
141 31
142 18
143 25
144 26
145 32
146 24
147 26
148 23
149 19
150 29
151 21
152 30
153 32
154 26
155 32
156 29
157 17
158 29
159 32
160 24
161 27
162 25
163 25
164 36
165 26
166 31
167 29
168 22
169 29
170 34
171 27
172 21
173 29
174 27
175 35
176 24
177 23
178 27
179 29
180 33
181 29
182 33
183 26
184 32
185 35
186 36
187 21
188 30
189 31
190 20
191 32
192 27
193 29
194 28
195 33
196 37
197 33
198 33
199 30
200 23
201 22
202 31
203 29
204 23
205 27
206 29
207 28
208 27
209 28
210 34
211 21
212 31
213 29
214 22
215 14
216 30
217 30
218 27
219 20
220 35
221 35
222 27
223 26
224 30
225 23
226 27
227 32
228 38
229 24
230 27
231 35
232 18
233 24
234 27
235 34
236 44
237 32
238 21
239 24
240 19
241 24
242 22
243 35
244 31
245 29
246 17
247 26
248 38
249 26
250 36
251 29
252 36
253 27
254 31
255 31
256 32
257 24
258 29
259 19
260 26
261 33
262 37
263 23
264 26
265 33
266 27
267 18
268 24
269 23
270 25
271 43
272 25
273 33
274 25
275 27
276 23
277 29
278 27
279 20
280 27
281 34
282 31
283 39
284 25
285 24
286 36
287 31
288 36
289 26
290 29
291 29
292 29
293 31
294 23
295 31
296 28
297 32
298 33
299 32
300 31
301 25
302 29
303 32
304 27
305 29
306 23
307 29
308 24
309 26
310 25
311 30
312 25
313 35
314 29
315 22
316 31
317 30
318 35
319 42
320 28
321 33
322 28
323 40
324 25
325 40
326 30
327 23
328 20
329 34
330 35
331 40
332 25
333 24
334 29
335 29
336 35
337 32
338 29
339 34
340 28
341 35
342 28
343 27
344 31
345 17
346 41
347 36
348 30
349 28
350 21
351 17
352 32
353 33
354 37
355 31
356 22
357 33
358 36
359 26
360 26
361 33
362 24
363 30
364 36
365 28
366 32
367 28
368 24
369 31
370 34
371 33
372 36
373 18
374 23
375 29
376 23
377 31
378 27
379 35
380 25
381 26
382 24
383 22
384 24
385 30
386 20
387 24
388 27
389 22
390 36
391 33
392 27
393 33
394 29
395 29
396 28
397 33
398 44
399 45
400 42
401 24
402 35
403 39
404 40
405 19
406 24
407 32
408 40
409 36
410 30
411 31
412 28
413 33
414 27
415 35
416 40
417 30
418 28
419 28
420 29
421 29
422 24
423 32
424 28
425 27
426 36
427 33
428 33
429 43
430 34
431 27
432 37
433 29
434 40
435 34
436 36
437 24
438 20
439 27
440 36
441 34
442 41
443 19
444 34
445 22
446 31
447 36
448 27
449 39
450 30
451 38
452 26
453 34
454 34
455 34
456 31
457 36
458 28
459 34
460 29
461 38
462 27
463 36
464 36
465 34
466 35
467 33
468 27
469 26
470 31
471 42
472 23
473 25
474 34
475 33
476 33
477 33
478 27
479 38
480 36
481 27
482 33
483 39
484 37
485 41
486 28
487 28
488 39
489 39
490 26
491 36
492 32
493 34
494 29
495 36
496 25
497 29
498 47
499 39
500 34
501 29
502 31
503 32
504 33
505 34
506 31
507 34
508 29
509 36
510 41
511 34
512 31
513 29
514 28
515 31
516 36
517 36
518 27
519 25
520 27
521 41
522 35
523 30
524 32
525 39
526 31
527 38
528 32
529 25
530 36
531 34
532 41
533 31
534 32
535 40
536 29
537 22
538 31
539 39
540 40
541 29
542 32
543 30
544 23
545 46
546 33
547 25
548 38
549 18
550 25
551 37
552 35
553 23
554 34
555 23
556 31
557 28
558 45
559 38
560 31
561 32
562 24
563 34
564 27
565 45
566 37
567 38
568 31
569 27
570 42
571 37
572 30
573 33
574 37
575 41
576 41
577 35
578 23
579 27
580 49
581 39
582 29
583 37
584 37
585 24
586 34
587 35
588 36
589 38
590 27
591 28
592 29
593 44
594 33
595 41
596 26
597 34
598 33
599 24
600 36
601 35
602 36
603 36
604 27
605 39
606 29
607 34
608 32
609 30
610 20
611 28
612 43
613 33
614 34
615 32
616 29
617 38
618 34
619 37
620 31
621 33
622 36
623 40
624 37
625 40
626 35
627 34
628 40
629 49
630 33
631 38
632 42
633 47
634 41
635 36
636 40
637 46
638 49
639 53
640 53
641 37
642 42
643 60
644 53
645 68
646 62
647 74
648 76
649 94
650 105
651 117
652 123
653 115
654 99
655 121
656 101
657 115
658 111
659 98
660 89
661 73
662 67
663 59
664 43
665 46
666 43
667 39
668 40
669 45
670 35
671 30
672 44
673 46
674 31
675 30
676 32
677 41
678 26
679 19
680 34
681 35
682 37
683 37
684 34
685 30
686 31
687 33
688 27
689 43
690 41
691 27
692 33
693 31
694 36
695 22
696 27
697 29
698 40
699 32
700 29
701 37
702 33
703 27
704 30
705 36
706 37
707 39
708 33
709 32
710 39
711 27
712 39
713 28
714 32
715 49
716 42
717 28
718 28
719 37
720 27
721 32
722 43
723 37
724 29
725 33
726 30
727 35
728 34
729 48
730 35
731 37
732 36
733 27
734 36
735 31
736 36
737 31
738 32
739 43
740 27
741 27
742 30
743 39
744 32
745 27
746 29
747 33
748 41
749 41
750 34
751 41
752 34
753 33
754 31
755 13
756 26
757 26
758 32
759 40
760 39
761 41
762 38
763 19
764 30
765 32
766 31
767 35
768 25
769 44
770 45
771 31
772 28
773 35
774 25
775 46
776 34
777 34
778 27
779 26
780 33
781 36
782 42
783 35
784 32
785 33
786 27
787 32
788 34
789 35
790 23
791 47
792 33
793 36
794 31
795 30
796 38
797 27
798 34
799 29
800 29
801 39
802 34
803 26
804 37
805 38
806 32
807 30
808 36
809 28
810 32
811 32
812 35
813 35
814 30
815 47
816 30
817 34
818 26
819 31
820 29
821 31
822 33
823 26
824 40
825 20
826 31
827 28
828 22
829 25
830 33
831 29
832 37
833 33
834 34
835 34
836 29
837 35
838 41
839 27
840 27
841 36
842 44
843 41
844 29
845 38
846 32
847 43
848 27
849 35
850 35
851 39
852 33
853 21
854 30
855 38
856 32
857 33
858 25
859 27
860 33
861 25
862 29
863 29
864 25
865 34
866 28
867 27
868 27
869 24
870 33
871 43
872 30
873 36
874 24
875 29
876 23
877 24
878 41
879 29
880 29
881 32
882 37
883 22
884 32
885 28
886 23
887 29
888 26
889 23
890 29
891 29
892 35
893 30
894 39
895 31
896 36
897 28
898 24
899 28
900 29
901 33
902 30
903 30
904 24
905 30
906 31
907 36
908 27
909 41
910 33
911 43
912 25
913 28
914 31
915 31
916 26
917 22
918 24
919 30
920 19
921 38
922 28
923 40
924 24
925 26
926 37
927 28
928 33
929 27
930 23
931 25
932 38
933 30
934 36
935 40
936 31
937 40
938 28
939 30
940 31
941 27
942 36
943 37
944 37
945 36
946 26
947 23
948 31
949 28
950 40
951 33
952 29
953 30
954 21
955 18
956 28
957 30
958 34
959 33
960 24
961 23
962 24
963 26
964 28
965 31
966 21
967 27
968 27
969 31
970 41
971 38
972 24
973 35
974 40
975 27
976 23
977 30
978 45
979 29
980 24
981 34
982 26
983 25
984 28
985 29
986 35
987 30
988 37
989 33
990 24
991 30
992 30
993 25
994 31
995 29
996 25
997 34
998 31
999 38
1000 25
1001 34
1002 34
1003 27
1004 27
1005 36
1006 32
1007 26
1008 37
1009 42
1010 21
1011 36
1012 31
1013 30
1014 36
1015 38
1016 26
1017 29
1018 34
1019 21
1020 28
1021 23
1022 31
1023 24
1024 37
1025 24
1026 33
1027 29
1028 38
1029 29
1030 38
1031 35
1032 22
1033 28
1034 30
1035 28
1036 25
1037 21
1038 35
1039 25
1040 28
1041 41
1042 37
1043 34
1044 35
1045 33
1046 37
1047 33
1048 31
1049 21
1050 41
1051 30
1052 36
1053 37
1054 28
1055 30
1056 25
1057 33
1058 46
1059 15
1060 26
1061 30
1062 28
1063 30
1064 32
1065 32
1066 31
1067 30
1068 25
1069 31
1070 24
1071 23
1072 22
1073 25
1074 31
1075 30
1076 32
1077 31
1078 34
1079 37
1080 30
1081 24
1082 27
1083 34
1084 31
1085 32
1086 35
1087 34
1088 35
1089 28
1090 27
1091 22
1092 34
1093 26
1094 30
1095 37
1096 22
1097 21
1098 20
1099 16
1100 32
1101 26
1102 24
1103 27
1104 26
1105 28
1106 33
1107 54
1108 23
1109 18
1110 25
1111 28
1112 23
1113 28
1114 21
1115 27
1116 27
1117 23
1118 27
1119 27
1120 28
1121 23
1122 31
1123 27
1124 16
1125 21
1126 28
1127 29
1128 30
1129 32
1130 23
1131 34
1132 33
1133 21
1134 26
1135 31
1136 22
1137 16
1138 31
1139 39
1140 33
1141 33
1142 36
1143 23
1144 31
1145 28
1146 23
1147 36
1148 35
1149 28
1150 29
1151 32
1152 26
1153 33
1154 31
1155 25
1156 36
1157 20
1158 32
1159 32
1160 36
1161 39
1162 31
1163 24
1164 31
1165 26
1166 26
1167 29
1168 30
1169 27
1170 34
1171 37
1172 32
1173 38
1174 29
1175 39
1176 35
1177 28
1178 24
1179 20
1180 33
1181 36
1182 38
1183 28
1184 37
1185 36
1186 42
1187 77
1188 84
1189 93
1190 128
1191 186
1192 240
1193 229
1194 269
1195 298
1196 282
1197 317
1198 311
1199 359
1200 374
1201 434
1202 446
1203 587
1204 706
1205 768
1206 777
1207 714
1208 616
1209 358
1210 295
1211 204
1212 189
1213 135
1214 98
1215 43
1216 46
1217 34
1218 38
1219 35
1220 36
1221 31
1222 25
1223 27
1224 42
1225 31
1226 31
1227 21
1228 27
1229 37
1230 34
1231 33
1232 28
1233 24
1234 25
1235 42
1236 30
1237 23
1238 28
1239 33
1240 18
1241 25
1242 25
1243 25
1244 36
1245 34
1246 21
1247 26
1248 34
1249 28
1250 29
1251 39
1252 30
1253 35
1254 37
1255 31
1256 20
1257 33
1258 32
1259 22
1260 37
1261 21
1262 23
1263 30
1264 28
1265 23
1266 19
1267 29
1268 18
1269 26
1270 23
1271 21
1272 25
1273 20
1274 18
1275 18
1276 17
1277 8
1278 3
1279 2
1280 25
1281 36
1282 35
1283 25
1284 24
1285 19
1286 24
1287 20
1288 16
1289 21
1290 21
1291 26
1292 23
1293 23
1294 28
1295 22
1296 23
1297 28
1298 25
1299 24
1300 23
1301 22
1302 22
1303 24
1304 30
1305 13
1306 18
1307 21
1308 22
1309 22
1310 20
1311 15
1312 24
1313 13
1314 19
1315 25
1316 21
1317 35
1318 15
1319 15
1320 25
1321 23
1322 29
1323 37
1324 20
1325 21
1326 19
1327 14
1328 22
1329 18
1330 15
1331 21
1332 26
1333 25
1334 19
1335 29
1336 21
1337 29
1338 21
1339 19
1340 23
1341 15
1342 26
1343 22
1344 19
1345 27
1346 15
1347 23
1348 19
1349 20
1350 23
1351 21
1352 24
1353 18
1354 26
1355 19
1356 12
1357 24
1358 18
1359 20
1360 16
1361 20
1362 27
1363 16
1364 19
1365 29
1366 16
1367 18
1368 25
1369 20
1370 19
1371 18
1372 25
1373 12
1374 20
1375 20
1376 15
1377 23
1378 19
1379 28
1380 24
1381 19
1382 21
1383 17
1384 18
1385 18
1386 19
1387 26
1388 15
1389 31
1390 32
1391 24
1392 27
1393 14
1394 22
1395 16
1396 18
1397 19
1398 16
1399 20
1400 13
1401 18
1402 17
1403 27
1404 21
1405 17
1406 15
1407 18
1408 16
1409 21
1410 20
1411 17
1412 20
1413 23
1414 24
1415 19
1416 22
1417 27
1418 31
1419 34
1420 37
1421 43
1422 53
1423 43
1424 41
1425 42
1426 39
1427 36
1428 44
1429 49
1430 45
1431 45
1432 41
1433 45
1434 27
1435 31
1436 26
1437 31
1438 31
1439 17
1440 23
1441 23
1442 20
1443 26
1444 17
1445 25
1446 22
1447 19
1448 30
1449 21
1450 22
1451 23
1452 18
1453 21
1454 19
1455 24
1456 22
1457 28
1458 20
1459 15
1460 19
1461 16
1462 19
1463 19
1464 17
1465 14
1466 20
1467 20
1468 17
1469 21
1470 16
1471 19
1472 25
1473 20
1474 22
1475 13
1476 22
1477 19
1478 15
1479 20
1480 24
1481 22
1482 27
1483 17
1484 29
1485 20
1486 23
1487 18
1488 26
1489 15
1490 25
1491 20
1492 23
1493 19
1494 22
1495 24
1496 24
1497 24
1498 19
1499 38
1500 39
1501 39
1502 45
1503 47
1504 60
1505 66
1506 92
1507 115
1508 131
1509 148
1510 166
1511 157
1512 178
1513 216
1514 316
1515 459
1516 378
1517 340
1518 313
1519 247
1520 215
1521 159
1522 113
1523 97
1524 82
1525 80
1526 66
1527 81
1528 42
1529 43
1530 31
1531 29
1532 30
1533 20
1534 25
1535 21
1536 23
1537 19
1538 21
1539 29
1540 23
1541 18
1542 20
1543 25
1544 21
1545 23
1546 19
1547 22
1548 18
1549 17
1550 22
1551 28
1552 18
1553 20
1554 18
1555 14
1556 30
1557 17
1558 25
1559 24
1560 22
1561 22
1562 18
1563 14
1564 25
1565 21
1566 17
1567 24
1568 21
1569 16
1570 23
1571 19
1572 17
1573 19
1574 20
1575 25
1576 14
1577 19
1578 14
1579 17
1580 10
1581 20
1582 24
1583 11
1584 18
1585 29
1586 16
1587 14
1588 18
1589 17
1590 21
1591 18
1592 21
1593 23
1594 19
1595 19
1596 12
1597 17
1598 14
1599 23
1600 24
1601 19
1602 20
1603 19
1604 19
1605 12
1606 23
1607 18
1608 16
1609 17
1610 15
1611 18
1612 17
1613 15
1614 14
1615 13
1616 20
1617 16
1618 11
1619 12
1620 16
1621 12
1622 15
1623 13
1624 17
1625 18
1626 26
1627 12
1628 20
1629 17
1630 14
1631 18
1632 15
1633 16
1634 13
1635 15
1636 21
1637 16
1638 13
1639 18
1640 19
1641 10
1642 19
1643 18
1644 18
1645 19
1646 20
1647 23
1648 16
1649 13
1650 13
1651 12
1652 21
1653 16
1654 13
1655 25
1656 22
1657 20
1658 19
1659 14
1660 21
1661 21
1662 20
1663 21
1664 23
1665 22
1666 17
1667 19
1668 16
1669 18
1670 15
1671 24
1672 14
1673 27
1674 23
1675 22
1676 17
1677 16
1678 17
1679 14
1680 14
1681 14
1682 17
1683 26
1684 16
1685 19
1686 19
1687 32
1688 12
1689 24
1690 19
1691 19
1692 23
1693 12
1694 15
1695 11
1696 26
1697 13
1698 20
1699 18
1700 17
1701 25
1702 22
1703 14
1704 14
1705 24
1706 17
1707 18
1708 18
1709 19
1710 12
1711 12
1712 12
1713 18
1714 24
1715 20
1716 22
1717 14
1718 23
1719 26
1720 18
1721 15
1722 21
1723 17
1724 10
1725 21
1726 13
1727 22
1728 20
1729 16
1730 17
1731 11
1732 21
1733 18
1734 18
1735 16
1736 14
1737 22
1738 20
1739 21
1740 14
1741 21
1742 20
1743 20
1744 16
1745 23
1746 23
1747 12
1748 20
1749 21
1750 22
1751 13
1752 20
1753 20
1754 18
1755 14
1756 24
1757 25
1758 9
1759 20
1760 26
1761 18
1762 16
1763 16
1764 19
1765 16
1766 22
1767 18
1768 15
1769 20
1770 18
1771 13
1772 16
1773 23
1774 17
1775 17
1776 17
1777 25
1778 16
1779 15
1780 16
1781 20
1782 10
1783 19
1784 22
1785 15
1786 17
1787 18
1788 19
1789 13
1790 13
1791 12
1792 17
1793 12
1794 18
1795 17
1796 23
1797 20
1798 18
1799 12
1800 23
1801 15
1802 18
1803 17
1804 14
1805 20
1806 16
1807 22
1808 23
1809 14
1810 19
1811 9
1812 17
1813 14
1814 29
1815 15
1816 13
1817 16
1818 16
1819 18
1820 22
1821 15
1822 18
1823 21
1824 21
1825 23
1826 12
1827 15
1828 15
1829 19
1830 25
1831 20
1832 11
1833 7
1834 16
1835 15
1836 17
1837 16
1838 13
1839 18
1840 12
1841 14
1842 20
1843 11
1844 17
1845 11
1846 17
1847 22
1848 16
1849 13
1850 20
1851 13
1852 10
1853 15
1854 16
1855 16
1856 13
1857 19
1858 12
1859 14
1860 11
1861 11
1862 14
1863 12
1864 16
1865 15
1866 18
1867 12
1868 20
1869 16
1870 16
1871 17
1872 17
1873 12
1874 12
1875 22
1876 20
1877 18
1878 20
1879 16
1880 10
1881 20
1882 15
1883 12
1884 26
1885 15
1886 13
1887 11
1888 17
1889 16
1890 10
1891 19
1892 17
1893 14
1894 12
1895 11
1896 16
1897 18
1898 19
1899 10
1900 17
1901 13
1902 17
1903 16
1904 16
1905 16
1906 15
1907 14
1908 14
1909 17
1910 16
1911 17
1912 12
1913 16
1914 19
1915 6
1916 17
1917 13
1918 17
1919 11
1920 13
1921 19
1922 11
1923 10
1924 25
1925 22
1926 23
1927 21
1928 16
1929 11
1930 12
1931 26
1932 15
1933 16
1934 23
1935 13
1936 23
1937 12
1938 23
1939 13
1940 13
1941 27
1942 14
1943 19
1944 32
1945 23
1946 22
1947 15
1948 25
1949 16
1950 19
1951 16
1952 13
1953 20
1954 20
1955 17
1956 28
1957 18
1958 15
1959 11
1960 17
1961 15
1962 21
1963 17
1964 18
1965 18
1966 9
1967 9
1968 26
1969 10
1970 20
1971 14
1972 13
1973 12
1974 15
1975 16
1976 13
1977 16
1978 13
1979 19
1980 18
1981 17
1982 9
1983 11
1984 8
1985 12
1986 26
1987 28
1988 17
1989 25
1990 29
1991 27
1992 22
1993 29
1994 36
1995 42
1996 70
1997 102
1998 145
1999 228
2000 237
2001 233
2002 213
2003 162
2004 133
2005 131
2006 128
2007 95
2008 91
2009 76
2010 65
2011 77
2012 96
2013 97
2014 77
2015 49
2016 25
2017 28
2018 35
2019 33
2020 33
2021 22
2022 17
2023 16
2024 17
2025 13
2026 22
2027 18
2028 12
2029 18
2030 19
2031 17
2032 16
2033 9
2034 15
2035 15
2036 18
2037 8
2038 14
2039 14
2040 17
2041 15
2042 14
2043 17
2044 12
2045 16
2046 15
2047 16
2048 9
2049 12
2050 7
2051 17
2052 14
2053 17
2054 20
2055 9
2056 10
2057 8
2058 20
2059 12
2060 12
2061 16
2062 22
2063 7
2064 10
2065 17
2066 18
2067 16
2068 16
2069 13
2070 7
2071 13
2072 19
2073 13
2074 19
2075 10
2076 14
2077 12
2078 13
2079 11
2080 19
2081 14
2082 16
2083 14
2084 14
2085 13
2086 16
2087 12
2088 11
2089 11
2090 17
2091 11
2092 17
2093 13
2094 11
2095 15
2096 10
2097 9
2098 14
2099 14
2100 13
2101 12
2102 8
2103 10
2104 12
2105 8
2106 12
2107 22
2108 21
2109 15
2110 16
2111 11
2112 16
2113 20
2114 21
2115 14
2116 13
2117 11
2118 15
2119 14
2120 23
2121 18
2122 20
2123 18
2124 10
2125 7
2126 11
2127 9
2128 12
2129 14
2130 17
2131 10
2132 15
2133 14
2134 21
2135 16
2136 17
2137 11
2138 17
2139 15
2140 20
2141 17
2142 8
2143 18
2144 19
2145 17
2146 16
2147 12
2148 15
2149 10
2150 19
2151 15
2152 17
2153 18
2154 13
2155 10
2156 14
2157 10
2158 11
2159 10
2160 16
2161 15
2162 15
2163 14
2164 18
2165 24
2166 9
2167 9
2168 13
2169 10
2170 13
2171 15
2172 12
2173 13
2174 18
2175 9
2176 17
2177 12
2178 17
2179 14
2180 16
2181 20
2182 18
2183 18
2184 16
2185 19
2186 12
2187 11
2188 13
2189 15
2190 10
2191 13
2192 22
2193 12
2194 13
2195 13
2196 15
2197 15
2198 19
2199 13
2200 17
2201 19
2202 17
2203 16
2204 9
2205 10
2206 10
2207 9
2208 12
2209 15
2210 33
2211 14
2212 8
2213 19
2214 13
2215 14
2216 16
2217 17
2218 9
2219 4
2220 14
2221 7
2222 5
2223 19
2224 16
2225 17
2226 13
2227 16
2228 15
2229 14
2230 10
2231 20
2232 9
2233 17
2234 13
2235 10
2236 13
2237 12
2238 11
2239 13
2240 22
2241 20
2242 13
2243 15
2244 14
2245 8
2246 19
2247 16
2248 17
2249 22
2250 29
2251 30
2252 32
2253 29
2254 30
2255 24
2256 39
2257 43
2258 42
2259 53
2260 54
2261 75
2262 82
2263 91
2264 93
2265 134
2266 165
2267 193
2268 293
2269 348
2270 404
2271 444
2272 502
2273 523
2274 575
2275 662
2276 669
2277 684
2278 542
2279 491
2280 495
2281 408
2282 504
2283 416
2284 302
2285 192
2286 169
2287 135
2288 143
2289 203
2290 115
2291 118
2292 90
2293 63
2294 49
2295 38
2296 33
2297 29
2298 33
2299 25
2300 20
2301 25
2302 27
2303 14
2304 18
2305 15
2306 14
2307 18
2308 13
2309 15
2310 18
2311 13
2312 12
2313 22
2314 23
2315 19
2316 16
2317 9
2318 14
2319 17
2320 15
2321 13
2322 12
2323 17
2324 17
2325 11
2326 8
2327 8
2328 10
2329 7
2330 8
2331 13
2332 13
2333 16
2334 15
2335 9
2336 11
2337 8
2338 11
2339 21
2340 17
2341 17
2342 15
2343 17
2344 18
2345 10
2346 14
2347 13
2348 15
2349 22
2350 12
2351 13
2352 15
2353 11
2354 16
2355 7
2356 15
2357 11
2358 12
2359 17
2360 8
2361 16
2362 14
2363 9
2364 15
2365 11
2366 19
2367 16
2368 19
2369 17
2370 15
2371 15
2372 12
2373 17
2374 19
2375 16
2376 25
2377 17
2378 17
2379 11
2380 16
2381 13
2382 15
2383 18
2384 12
2385 17
2386 10
2387 16
2388 15
2389 13
2390 10
2391 13
2392 15
2393 13
2394 13
2395 15
2396 14
2397 17
2398 18
2399 17
2400 17
2401 14
2402 18
2403 11
2404 16
2405 16
2406 12
2407 5
2408 13
2409 19
2410 10
2411 7
2412 15
2413 19
2414 10
2415 13
2416 10
2417 15
2418 11
2419 11
2420 10
2421 10
2422 15
2423 16
2424 13
2425 10
2426 15
2427 12
2428 10
2429 9
2430 15
2431 13
2432 15
2433 11
2434 7
2435 14
2436 15
2437 19
2438 20
2439 10
2440 15
2441 15
2442 9
2443 10
2444 7
2445 13
2446 14
2447 10
2448 24
2449 13
2450 16
2451 18
2452 9
2453 12
2454 12
2455 8
2456 12
2457 16
2458 14
2459 17
2460 9
2461 12
2462 15
2463 10
2464 16
2465 13
2466 11
2467 17
2468 15
2469 10
2470 20
2471 19
2472 15
2473 19
2474 24
2475 19
2476 14
2477 27
2478 27
2479 31
2480 42
2481 45
2482 44
2483 61
2484 52
2485 51
2486 62
2487 57
2488 52
2489 65
2490 57
2491 71
2492 81
2493 85
2494 114
2495 105
2496 117
2497 96
2498 76
2499 77
2500 65
2501 68
2502 67
2503 46
2504 45
2505 31
2506 30
2507 30
2508 28
2509 25
2510 20
2511 20
2512 9
2513 16
2514 9
2515 12
2516 9
2517 17
2518 12
2519 18
2520 15
2521 13
2522 11
2523 12
2524 8
2525 15
2526 7
2527 11
2528 10
2529 13
2530 16
2531 11
2532 10
2533 11
2534 6
2535 13
2536 13
2537 7
2538 9
2539 13
2540 12
2541 13
2542 10
2543 10
2544 13
2545 12
2546 8
2547 11
2548 8
2549 8
2550 17
2551 13
2552 6
2553 16
2554 8
2555 9
2556 9
2557 14
2558 18
2559 14
