0 36
1 29
2 26
3 28
4 26
5 39
6 27
7 29
8 28
9 30
10 35
11 27
12 24
13 39
14 22
15 20
16 36
17 31
18 33
19 33
20 30
21 20
22 33
23 26
24 28
25 36
26 33
27 32
28 36
29 26
30 33
31 27
32 32
33 29
34 27
35 23
36 40
37 29
38 28
39 30
40 22
41 31
42 29
43 28
44 35
45 39
46 29
47 34
48 24
49 22
50 31
51 31
52 29
53 30
54 28
55 36
56 37
57 37
58 36
59 29
60 25
61 35
62 36
63 27
64 32
65 32
66 37
67 39
68 33
69 35
70 21
71 29
72 33
73 31
74 35
75 32
76 28
77 20
78 39
79 34
80 26
81 40
82 31
83 29
84 28
85 21
86 29
87 35
88 36
89 40
90 31
91 39
92 26
93 21
94 22
95 28
96 30
97 26
98 35
99 25
100 35
101 34
102 28
103 36
104 21
105 21
106 24
107 25
108 28
109 38
110 29
111 35
112 30
113 28
114 27
115 39
116 32
117 39
118 37
119 43
120 32
121 29
122 32
123 21
124 47
125 32
126 26
127 30
128 26
129 26
130 34
131 44
132 35
133 34
134 37
135 32
136 35
137 28
138 45
139 28
140 34
141 30
142 35
143 30
144 29
145 18
146 28
147 26
148 36
149 27
150 21
151 35
152 29
153 32
154 26
155 33
156 38
157 32
158 37
159 42
160 32
161 29
162 29
163 31
164 33
165 26
166 35
167 30
168 43
169 38
170 35
171 31
172 33
173 38
174 28
175 33
176 24
177 38
178 34
179 33
180 39
181 22
182 23
183 37
184 33
185 36
186 26
187 36
188 25
189 30
190 38
191 29
192 30
193 37
194 35
195 32
196 30
197 31
198 29
199 27
200 28
201 28
202 23
203 26
204 28
205 32
206 40
207 34
208 40
209 27
210 31
211 35
212 31
213 31
214 43
215 32
216 31
217 41
218 38
219 32
220 32
221 30
222 30
223 29
224 31
225 32
226 45
227 35
228 39
229 30
230 27
231 30
232 30
233 28
234 24
235 39
236 40
237 38
238 44
239 39
240 32
241 34
242 33
243 37
244 34
245 25
246 31
247 37
248 33
249 47
250 31
251 33
252 32
253 40
254 34
255 35
256 40
257 24
258 38
259 43
260 45
261 36
262 28
263 40
264 35
265 26
266 33
267 28
268 41
269 24
270 24
271 37
272 43
273 41
274 39
275 28
276 42
277 33
278 32
279 38
280 43
281 29
282 24
283 34
284 29
285 35
286 31
287 39
288 34
289 32
290 26
291 36
292 31
293 28
294 33
295 41
296 28
297 46
298 29
299 36
300 42
301 41
302 33
303 40
304 40
305 35
306 40
307 34
308 40
309 30
310 40
311 34
312 24
313 31
314 41
315 35
316 29
317 39
318 26
319 32
320 26
321 27
322 45
323 30
324 31
325 18
326 45
327 33
328 35
329 35
330 37
331 33
332 35
333 45
334 45
335 32
336 39
337 32
338 31
339 43
340 26
341 26
342 32
343 38
344 39
345 32
346 33
347 27
348 29
349 27
350 39
351 32
352 48
353 35
354 35
355 32
356 37
357 39
358 34
359 41
360 31
361 42
362 35
363 40
364 33
365 42
366 46
367 34
368 30
369 35
370 42
371 32
372 44
373 39
374 33
375 43
376 42
377 29
378 32
379 34
380 31
381 33
382 38
383 33
384 38
385 34
386 45
387 41
388 32
389 46
390 42
391 31
392 31
393 41
394 34
395 32
396 38
397 47
398 35
399 37
400 39
401 31
402 45
403 40
404 41
405 26
406 34
407 30
408 35
409 47
410 43
411 34
412 39
413 36
414 37
415 46
416 48
417 41
418 35
419 38
420 31
421 42
422 47
423 33
424 39
425 36
426 35
427 41
428 38
429 34
430 43
431 46
432 37
433 32
434 46
435 40
436 39
437 42
438 28
439 35
440 37
441 26
442 45
443 25
444 37
445 40
446 48
447 38
448 35
449 26
450 54
451 51
452 42
453 22
454 34
455 33
456 39
457 39
458 29
459 46
460 29
461 32
462 32
463 45
464 36
465 33
466 51
467 43
468 35
469 43
470 36
471 41
472 33
473 54
474 40
475 45
476 33
477 29
478 30
479 28
480 39
481 49
482 34
483 35
484 37
485 37
486 38
487 49
488 33
489 42
490 37
491 40
492 45
493 26
494 30
495 39
496 34
497 45
498 40
499 32
500 35
501 28
502 36
503 40
504 41
505 46
506 35
507 37
508 27
509 31
510 30
511 41
512 50
513 36
514 43
515 35
516 32
517 45
518 44
519 51
520 47
521 37
522 27
523 30
524 38
525 35
526 45
527 46
528 41
529 44
530 42
531 31
532 43
533 49
534 34
535 52
536 38
537 49
538 52
539 52
540 35
541 57
542 55
543 47
544 49
545 47
546 49
547 52
548 42
549 63
550 65
551 61
552 84
553 67
554 72
555 86
556 84
557 105
558 82
559 77
560 76
561 81
562 72
563 68
564 77
565 91
566 95
567 92
568 89
569 78
570 68
571 69
572 53
573 50
574 47
575 37
576 41
577 31
578 33
579 39
580 45
581 45
582 49
583 26
584 32
585 47
586 45
587 45
588 39
589 43
590 34
591 34
592 34
593 32
594 39
595 36
596 33
597 39
598 45
599 46
600 37
601 45
602 50
603 31
604 53
605 32
606 33
607 35
608 41
609 38
610 33
611 44
612 28
613 38
614 48
615 35
616 36
617 49
618 38
619 44
620 39
621 39
622 32
623 45
624 28
625 36
626 48
627 29
628 28
629 51
630 43
631 41
632 38
633 42
634 33
635 36
636 45
637 28
638 30
639 36
640 41
641 33
642 41
643 39
644 30
645 43
646 42
647 40
648 24
649 40
650 33
651 36
652 32
653 40
654 50
655 37
656 45
657 35
658 40
659 40
660 37
661 35
662 38
663 40
664 43
665 36
666 40
667 47
668 43
669 50
670 32
671 35
672 40
673 33
674 43
675 39
676 54
677 41
678 38
679 35
680 38
681 41
682 37
683 28
684 35
685 33
686 37
687 41
688 38
689 37
690 38
691 28
692 39
693 49
694 42
695 52
696 36
697 34
698 34
699 34
700 41
701 32
702 28
703 44
704 59
705 43
706 34
707 38
708 36
709 52
710 42
711 26
712 31
713 33
714 43
715 37
716 33
717 41
718 31
719 44
720 33
721 45
722 47
723 38
724 37
725 38
726 43
727 44
728 35
729 32
730 35
731 46
732 46
733 31
734 47
735 37
736 41
737 36
738 49
739 41
740 40
741 42
742 27
743 31
744 35
745 45
746 29
747 32
748 41
749 41
750 45
751 41
752 35
753 41
754 32
755 29
756 30
757 41
758 41
759 23
760 42
761 44
762 34
763 48
764 39
765 26
766 35
767 42
768 29
769 36
770 44
771 45
772 35
773 40
774 38
775 35
776 40
777 39
778 47
779 35
780 29
781 50
782 32
783 34
784 46
785 37
786 42
787 31
788 39
789 38
790 39
791 39
792 23
793 33
794 36
795 46
796 27
797 51
798 37
799 41
800 44
801 45
802 29
803 37
804 38
805 49
806 32
807 27
808 32
809 28
810 36
811 41
812 14
813 38
814 41
815 33
816 34
817 33
818 36
819 46
820 38
821 23
822 36
823 33
824 34
825 30
826 29
827 31
828 38
829 43
830 33
831 46
832 36
833 34
834 24
835 34
836 40
837 38
838 38
839 29
840 40
841 35
842 44
843 33
844 33
845 34
846 45
847 31
848 20
849 37
850 28
851 25
852 37
853 36
854 39
855 25
856 36
857 39
858 27
859 31
860 36
861 39
862 31
863 28
864 34
865 35
866 41
867 33
868 33
869 41
870 33
871 30
872 39
873 36
874 36
875 44
876 38
877 31
878 37
879 39
880 32
881 31
882 33
883 40
884 39
885 39
886 37
887 37
888 29
889 35
890 41
891 34
892 40
893 35
894 31
895 32
896 34
897 30
898 36
899 37
900 39
901 32
902 43
903 47
904 40
905 31
906 41
907 45
908 35
909 44
910 37
911 39
912 35
913 38
914 51
915 48
916 40
917 35
918 39
919 46
920 33
921 29
922 34
923 43
924 32
925 28
926 32
927 33
928 32
929 29
930 38
931 33
932 50
933 31
934 31
935 24
936 32
937 37
938 24
939 19
940 34
941 26
942 23
943 32
944 38
945 45
946 38
947 38
948 31
949 38
950 34
951 23
952 28
953 35
954 36
955 32
956 48
957 40
958 39
959 29
960 36
961 30
962 37
963 32
964 30
965 31
966 33
967 35
968 41
969 35
970 43
971 36
972 34
973 43
974 31
975 34
976 26
977 31
978 30
979 31
980 31
981 29
982 28
983 25
984 28
985 30
986 24
987 33
988 25
989 26
990 29
991 34
992 30
993 34
994 35
995 27
996 34
997 33
998 34
999 39
1000 36
1001 29
1002 36
1003 30
1004 38
1005 35
1006 32
1007 25
1008 24
1009 26
1010 34
1011 29
1012 33
1013 25
1014 37
1015 39
1016 36
1017 36
1018 38
1019 34
1020 32
1021 37
1022 28
1023 40
1024 56
1025 42
1026 39
1027 33
1028 32
1029 31
1030 33
1031 36
1032 30
1033 27
1034 34
1035 32
1036 38
1037 38
1038 31
1039 34
1040 48
1041 30
1042 32
1043 37
1044 30
1045 30
1046 43
1047 51
1048 41
1049 29
1050 41
1051 37
1052 33
1053 37
1054 33
1055 38
1056 39
1057 28
1058 28
1059 40
1060 41
1061 37
1062 48
1063 41
1064 45
1065 43
1066 67
1067 58
1068 87
1069 101
1070 115
1071 119
1072 161
1073 152
1074 269
1075 304
1076 275
1077 303
1078 259
1079 291
1080 298
1081 326
1082 404
1083 493
1084 536
1085 519
1086 457
1087 482
1088 552
1089 589
1090 495
1091 417
1092 302
1093 264
1094 188
1095 168
1096 127
1097 78
1098 70
1099 48
1100 32
1101 29
1102 37
1103 38
1104 46
1105 38
1106 37
1107 41
1108 31
1109 44
1110 40
1111 33
1112 29
1113 38
1114 41
1115 41
1116 37
1117 36
1118 33
1119 21
1120 30
1121 33
1122 39
1123 24
1124 34
1125 36
1126 18
1127 28
1128 23
1129 34
1130 22
1131 39
1132 35
1133 28
1134 29
1135 40
1136 35
1137 27
1138 31
1139 30
1140 38
1141 40
1142 36
1143 25
1144 32
1145 29
1146 31
1147 33
1148 34
1149 32
1150 40
1151 36
1152 31
1153 31
1154 30
1155 30
1156 33
1157 37
1158 30
1159 31
1160 31
1161 30
1162 26
1163 31
1164 30
1165 29
1166 35
1167 40
1168 30
1169 46
1170 45
1171 27
1172 29
1173 35
1174 28
1175 30
1176 33
1177 32
1178 39
1179 27
1180 36
1181 42
1182 40
1183 24
1184 35
1185 33
1186 26
1187 26
1188 34
1189 24
1190 27
1191 29
1192 27
1193 35
1194 22
1195 33
1196 44
1197 34
1198 30
1199 29
1200 31
1201 19
1202 31
1203 37
1204 31
1205 34
1206 31
1207 32
1208 27
1209 44
1210 36
1211 44
1212 34
1213 43
1214 47
1215 50
1216 42
1217 65
1218 119
1219 108
1220 98
1221 114
1222 79
1223 73
1224 97
1225 77
1226 49
1227 55
1228 58
1229 31
1230 49
1231 45
1232 42
1233 38
1234 29
1235 23
1236 35
1237 39
1238 28
1239 35
1240 39
1241 37
1242 36
1243 36
1244 30
1245 35
1246 31
1247 33
1248 33
1249 32
1250 29
1251 28
1252 35
1253 28
1254 26
1255 27
1256 26
1257 28
1258 40
1259 37
1260 32
1261 30
1262 29
1263 24
1264 30
1265 22
1266 24
1267 30
1268 27
1269 19
1270 21
1271 26
1272 28
1273 25
1274 25
1275 15
1276 19
1277 16
1278 17
1279 21
1280 33
1281 38
1282 31
1283 33
1284 36
1285 40
1286 44
1287 35
1288 31
1289 40
1290 40
1291 34
1292 42
1293 47
1294 54
1295 48
1296 45
1297 38
1298 35
1299 33
1300 30
1301 33
1302 33
1303 22
1304 17
1305 27
1306 22
1307 19
1308 25
1309 32
1310 25
1311 21
1312 22
1313 12
1314 20
1315 28
1316 24
1317 28
1318 29
1319 16
1320 24
1321 20
1322 21
1323 29
1324 14
1325 24
1326 27
1327 32
1328 26
1329 20
1330 28
1331 30
1332 27
1333 29
1334 19
1335 17
1336 15
1337 25
1338 17
1339 27
1340 20
1341 21
1342 28
1343 20
1344 30
1345 21
1346 23
1347 24
1348 23
1349 18
1350 27
1351 31
1352 25
1353 18
1354 23
1355 34
1356 31
1357 29
1358 31
1359 40
1360 37
1361 35
1362 45
1363 45
1364 43
1365 57
1366 93
1367 79
1368 91
1369 111
1370 113
1371 182
1372 193
1373 247
1374 252
1375 234
1376 223
1377 267
1378 336
1379 297
1380 262
1381 283
1382 305
1383 208
1384 181
1385 158
1386 146
1387 122
1388 101
1389 77
1390 53
1391 52
1392 28
1393 33
1394 36
1395 32
1396 39
1397 33
1398 20
1399 22
1400 24
1401 27
1402 20
1403 26
1404 26
1405 29
1406 23
1407 33
1408 32
1409 24
1410 21
1411 12
1412 21
1413 29
1414 25
1415 35
1416 23
1417 16
1418 28
1419 35
1420 35
1421 24
1422 15
1423 27
1424 20
1425 22
1426 24
1427 18
1428 19
1429 23
1430 32
1431 26
1432 16
1433 18
1434 25
1435 20
1436 17
1437 22
1438 21
1439 26
1440 27
1441 15
1442 24
1443 16
1444 24
1445 25
1446 29
1447 20
1448 13
1449 20
1450 27
1451 29
1452 21
1453 31
1454 23
1455 21
1456 24
1457 26
1458 26
1459 18
1460 22
1461 21
1462 24
1463 17
1464 14
1465 22
1466 24
1467 20
1468 13
1469 21
1470 18
1471 21
1472 15
1473 23
1474 24
1475 24
1476 19
1477 26
1478 30
1479 26
1480 16
1481 13
1482 20
1483 16
1484 25
1485 21
1486 23
1487 23
1488 27
1489 22
1490 23
1491 19
1492 25
1493 24
1494 21
1495 21
1496 25
1497 21
1498 20
1499 20
1500 24
1501 23
1502 15
1503 26
1504 23
1505 23
1506 23
1507 28
1508 23
1509 29
1510 22
1511 22
1512 20
1513 11
1514 28
1515 27
1516 25
1517 31
1518 18
1519 26
1520 24
1521 21
1522 24
1523 17
1524 20
1525 31
1526 20
1527 26
1528 27
1529 23
1530 13
1531 14
1532 19
1533 18
1534 17
1535 21
1536 27
1537 26
1538 24
1539 23
1540 18
1541 26
1542 23
1543 26
1544 20
1545 22
1546 23
1547 16
1548 16
1549 19
1550 22
1551 19
1552 17
1553 21
1554 19
1555 22
1556 18
1557 16
1558 16
1559 16
1560 19
1561 19
1562 17
1563 22
1564 18
1565 18
1566 24
1567 19
1568 18
1569 22
1570 26
1571 26
1572 27
1573 22
1574 36
1575 24
1576 22
1577 24
1578 18
1579 22
1580 20
1581 14
1582 22
1583 24
1584 19
1585 20
1586 24
1587 19
1588 25
1589 21
1590 17
1591 17
1592 22
1593 25
1594 23
1595 24
1596 19
1597 16
1598 29
1599 20
1600 22
1601 25
1602 23
1603 17
1604 32
1605 24
1606 19
1607 13
1608 17
1609 12
1610 17
1611 24
1612 24
1613 20
1614 20
1615 21
1616 27
1617 30
1618 17
1619 21
1620 18
1621 22
1622 16
1623 21
1624 16
1625 16
1626 17
1627 16
1628 15
1629 12
1630 16
1631 18
1632 17
1633 17
1634 14
1635 12
1636 21
1637 21
1638 17
1639 18
1640 15
1641 19
1642 20
1643 26
1644 22
1645 16
1646 18
1647 13
1648 15
1649 18
1650 21
1651 18
1652 21
1653 17
1654 13
1655 18
1656 21
1657 13
1658 15
1659 21
1660 20
1661 15
1662 27
1663 18
1664 22
1665 26
1666 17
1667 16
1668 18
1669 11
1670 22
1671 10
1672 22
1673 20
1674 21
1675 25
1676 20
1677 25
1678 13
1679 12
1680 26
1681 16
1682 16
1683 16
1684 19
1685 20
1686 11
1687 18
1688 16
1689 16
1690 14
1691 25
1692 21
1693 22
1694 18
1695 16
1696 14
1697 20
1698 13
1699 23
1700 19
1701 16
1702 21
1703 16
1704 22
1705 14
1706 12
1707 14
1708 14
1709 20
1710 22
1711 24
1712 22
1713 24
1714 16
1715 15
1716 12
1717 12
1718 18
1719 17
1720 21
1721 16
1722 25
1723 14
1724 15
1725 18
1726 26
1727 29
1728 16
1729 12
1730 12
1731 16
1732 16
1733 16
1734 15
1735 20
1736 17
1737 19
1738 18
1739 27
1740 19
1741 20
1742 19
1743 21
1744 18
1745 17
1746 15
1747 18
1748 18
1749 23
1750 23
1751 17
1752 11
1753 17
1754 16
1755 17
1756 25
1757 14
1758 19
1759 16
1760 21
1761 15
1762 10
1763 23
1764 21
1765 18
1766 18
1767 13
1768 20
1769 21
1770 15
1771 22
1772 13
1773 22
1774 15
1775 16
1776 20
1777 25
1778 16
1779 20
1780 24
1781 25
1782 22
1783 20
1784 22
1785 25
1786 13
1787 23
1788 13
1789 22
1790 33
1791 21
1792 17
1793 30
1794 29
1795 16
1796 16
1797 13
1798 15
1799 24
1800 18
1801 25
1802 25
1803 22
1804 16
1805 15
1806 29
1807 27
1808 19
1809 16
1810 26
1811 23
1812 12
1813 17
1814 18
1815 14
1816 15
1817 24
1818 19
1819 22
1820 23
1821 20
1822 37
1823 14
1824 32
1825 20
1826 23
1827 19
1828 33
1829 23
1830 27
1831 41
1832 30
1833 53
1834 64
1835 48
1836 62
1837 77
1838 103
1839 82
1840 75
1841 66
1842 125
1843 205
1844 203
1845 138
1846 109
1847 99
1848 81
1849 72
1850 51
1851 52
1852 49
1853 38
1854 48
1855 64
1856 83
1857 74
1858 37
1859 36
1860 24
1861 25
1862 19
1863 18
1864 18
1865 15
1866 21
1867 23
1868 22
1869 19
1870 17
1871 26
1872 21
1873 14
1874 19
1875 8
1876 13
1877 11
1878 19
1879 24
1880 16
1881 15
1882 21
1883 19
1884 25
1885 16
1886 20
1887 9
1888 23
1889 24
1890 23
1891 17
1892 19
1893 14
1894 29
1895 14
1896 16
1897 22
1898 15
1899 14
1900 18
1901 24
1902 20
1903 15
1904 19
1905 16
1906 26
1907 18
1908 16
1909 24
1910 10
1911 19
1912 12
1913 16
1914 31
1915 14
1916 30
1917 19
1918 16
1919 18
1920 14
1921 9
1922 15
1923 17
1924 18
1925 13
1926 13
1927 15
1928 18
1929 15
1930 19
1931 17
1932 12
1933 17
1934 12
1935 16
1936 12
1937 9
1938 18
1939 13
1940 15
1941 19
1942 15
1943 17
1944 28
1945 20
1946 16
1947 13
1948 23
1949 15
1950 19
1951 8
1952 15
1953 21
1954 18
1955 14
1956 26
1957 29
1958 21
1959 28
1960 25
1961 22
1962 25
1963 11
1964 18
1965 10
1966 15
1967 12
1968 21
1969 12
1970 16
1971 21
1972 19
1973 24
1974 15
1975 16
1976 10
1977 19
1978 26
1979 17
1980 16
1981 21
1982 13
1983 14
1984 14
1985 23
1986 12
1987 12
1988 12
1989 10
1990 23
1991 12
1992 19
1993 17
1994 13
1995 13
1996 16
1997 12
1998 12
1999 16
2000 17
2001 17
2002 15
2003 13
2004 19
2005 16
2006 16
2007 19
2008 24
2009 15
2010 21
2011 12
2012 14
2013 20
2014 20
2015 21
2016 12
2017 24
2018 16
2019 16
2020 15
2021 15
2022 22
2023 21
2024 16
2025 16
2026 15
2027 15
2028 14
2029 21
2030 19
2031 23
2032 12
2033 18
2034 14
2035 18
2036 13
2037 14
2038 12
2039 19
2040 18
2041 15
2042 15
2043 22
2044 16
2045 12
2046 21
2047 18
2048 18
2049 17
2050 14
2051 14
2052 22
2053 14
2054 14
2055 13
2056 16
2057 17
2058 18
2059 15
2060 14
2061 18
2062 22
2063 11
2064 24
2065 8
2066 25
2067 24
2068 20
2069 17
2070 14
2071 20
2072 24
2073 20
2074 17
2075 31
2076 31
2077 36
2078 25
2079 30
2080 30
2081 28
2082 39
2083 44
2084 72
2085 66
2086 92
2087 92
2088 104
2089 103
2090 129
2091 124
2092 133
2093 175
2094 196
2095 239
2096 258
2097 253
2098 282
2099 275
2100 267
2101 318
2102 368
2103 405
2104 459
2105 419
2106 381
2107 345
2108 355
2109 336
2110 333
2111 255
2112 234
2113 191
2114 141
2115 136
2116 142
2117 142
2118 127
2119 97
2120 80
2121 58
2122 68
2123 48
2124 36
2125 32
2126 33
2127 15
2128 25
2129 23
2130 27
2131 17
2132 15
2133 8
2134 23
2135 17
2136 24
2137 15
2138 17
2139 15
2140 21
2141 17
2142 17
2143 14
2144 15
2145 12
2146 14
2147 16
2148 17
2149 13
2150 16
2151 14
2152 24
2153 24
2154 17
2155 18
2156 19
2157 17
2158 21
2159 17
2160 11
2161 8
2162 16
2163 12
2164 21
2165 14
2166 13
2167 10
2168 13
2169 16
2170 17
2171 12
2172 12
2173 9
2174 13
2175 22
2176 14
2177 18
2178 14
2179 17
2180 9
2181 5
2182 12
2183 20
2184 14
2185 11
2186 10
2187 14
2188 17
2189 15
2190 11
2191 15
2192 28
2193 13
2194 18
2195 14
2196 17
2197 13
2198 20
2199 15
2200 11
2201 13
2202 14
2203 17
2204 18
2205 13
2206 13
2207 14
2208 14
2209 15
2210 17
2211 19
2212 18
2213 14
2214 20
2215 20
2216 11
2217 14
2218 12
2219 12
2220 17
2221 15
2222 14
2223 12
2224 18
2225 14
2226 14
2227 16
2228 21
2229 18
2230 18
2231 16
2232 10
2233 15
2234 18
2235 11
2236 14
2237 15
2238 18
2239 17
2240 20
2241 15
2242 15
2243 15
2244 9
2245 12
2246 14
2247 17
2248 15
2249 12
2250 23
2251 11
2252 17
2253 15
2254 10
2255 12
2256 7
2257 18
2258 21
2259 18
2260 19
2261 12
2262 13
2263 14
2264 19
2265 19
2266 19
2267 14
2268 15
2269 12
2270 11
2271 19
2272 16
2273 17
2274 8
2275 19
2276 7
2277 17
2278 14
2279 15
2280 16
2281 14
2282 15
2283 25
2284 21
2285 15
2286 15
2287 19
2288 19
2289 28
2290 21
2291 29
2292 34
2293 36
2294 34
2295 43
2296 59
2297 50
2298 61
2299 73
2300 56
2301 61
2302 72
2303 62
2304 55
2305 70
2306 77
2307 74
2308 63
2309 61
2310 66
2311 62
2312 66
2313 64
2314 86
2315 75
2316 61
2317 45
2318 41
2319 40
2320 33
2321 31
2322 33
2323 29
2324 30
2325 24
2326 24
2327 25
2328 32
2329 17
2330 12
2331 21
2332 13
2333 20
2334 14
2335 16
2336 21
2337 10
2338 11
2339 15
2340 13
2341 15
2342 10
2343 14
2344 11
2345 14
2346 11
2347 17
2348 10
2349 15
2350 16
2351 10
2352 14
2353 10
2354 17
2355 11
2356 15
2357 16
2358 12
2359 13
2360 9
2361 15
2362 16
2363 9
2364 12
2365 14
2366 13
2367 21
2368 13
2369 14
2370 12
2371 14
2372 11
2373 12
2374 14
2375 17
2376 10
2377 13
2378 18
2379 8
2380 19
2381 6
2382 14
2383 10
2384 14
2385 12
2386 17
2387 13
2388 13
2389 10
2390 14
2391 15
2392 10
2393 14
2394 12
2395 15
2396 18
2397 14
2398 12
2399 17
2400 11
2401 12
2402 6
2403 7
2404 8
2405 8
2406 12
2407 12
2408 8
2409 10
2410 12
2411 13
2412 11
2413 9
2414 13
2415 15
2416 10
2417 10
2418 15
2419 10
2420 16
2421 13
2422 11
2423 9
2424 16
2425 12
2426 16
2427 16
2428 8
2429 13
2430 13
2431 12
2432 9
2433 9
2434 13
2435 13
2436 11
2437 10
2438 11
2439 13
2440 14
2441 18
2442 11
2443 12
2444 13
2445 4
2446 23
2447 11
2448 12
2449 11
2450 15
2451 14
2452 10
2453 9
2454 14
2455 16
2456 16
2457 14
2458 14
2459 16
2460 13
2461 15
2462 12
2463 19
2464 11
2465 11
2466 6
2467 14
2468 12
2469 9
2470 9
2471 14
2472 11
2473 17
2474 14
2475 12
2476 8
2477 16
2478 10
2479 10
2480 13
2481 12
2482 6
2483 14
2484 9
2485 17
2486 11
2487 11
2488 12
2489 12
2490 15
2491 18
2492 10
2493 7
2494 14
2495 11
2496 18
2497 13
2498 12
2499 5
2500 10
2501 14
2502 9
2503 8
2504 18
2505 7
2506 8
2507 21
2508 7
2509 10
2510 14
2511 8
2512 8
2513 9
2514 11
2515 12
2516 10
2517 10
2518 14
2519 14
2520 9
2521 12
2522 8
2523 5
2524 10
2525 13
2526 6
2527 8
2528 16
2529 13
2530 12
2531 16
2532 13
2533 5
2534 10
2535 12
2536 18
2537 12
2538 11
2539 16
2540 13
2541 12
2542 12
2543 13
2544 11
2545 9
2546 12
2547 11
2548 9
2549 12
2550 7
2551 7
2552 8
2553 14
2554 11
2555 8
2556 13
2557 12
2558 15
2559 13
