0 46
1 26
2 23
3 23
4 37
5 23
6 23
7 27
8 18
9 24
10 38
11 30
12 34
13 34
14 25
15 35
16 23
17 33
18 38
19 27
20 22
21 25
22 33
23 31
24 29
25 35
26 24
27 28
28 24
29 28
30 30
31 29
32 37
33 35
34 32
35 27
36 26
37 29
38 31
39 40
40 31
41 39
42 37
43 32
44 18
45 30
46 29
47 26
48 22
49 43
50 24
51 35
52 28
53 37
54 31
55 37
56 29
57 34
58 34
59 35
60 32
61 24
62 30
63 28
64 39
65 25
66 20
67 25
68 30
69 22
70 31
71 36
72 21
73 33
74 38
75 23
76 26
77 33
78 32
79 26
80 23
81 28
82 34
83 38
84 40
85 35
86 25
87 34
88 28
89 33
90 28
91 31
92 41
93 29
94 23
95 28
96 38
97 37
98 29
99 27
100 26
101 40
102 16
103 41
104 32
105 21
106 29
107 41
108 30
109 44
110 30
111 30
112 37
113 20
114 34
115 31
116 31
117 30
118 34
119 24
120 29
121 30
122 26
123 27
124 25
125 27
126 36
127 37
128 33
129 36
130 32
131 31
132 28
133 18
134 24
135 32
136 22
137 32
138 30
139 33
140 24
141 28
142 28
143 33
144 30
145 27
146 38
147 29
148 19
149 31
150 33
151 32
152 34
153 23
154 34
155 33
156 37
157 32
158 34
159 30
160 26
161 41
162 27
163 34
164 31
165 36
166 43
167 48
168 28
169 39
170 31
171 35
172 38
173 30
174 31
175 42
176 44
177 32
178 27
179 37
180 24
181 26
182 29
183 38
184 32
185 31
186 32
187 38
188 32
189 40
190 38
191 29
192 35
193 30
194 30
195 38
196 27
197 39
198 31
199 29
200 38
201 36
202 37
203 39
204 34
205 32
206 24
207 46
208 34
209 28
210 35
211 33
212 23
213 28
214 43
215 27
216 36
217 35
218 42
219 36
220 34
221 35
222 35
223 28
224 31
225 39
226 29
227 31
228 38
229 26
230 41
231 41
232 34
233 27
234 40
235 27
236 24
237 35
238 28
239 29
240 30
241 36
242 39
243 32
244 27
245 27
246 38
247 41
248 30
249 26
250 32
251 27
252 42
253 16
254 23
255 23
256 36
257 37
258 39
259 29
260 39
261 38
262 29
263 32
264 32
265 30
266 39
267 36
268 35
269 38
270 33
271 33
272 35
273 28
274 41
275 39
276 25
277 38
278 35
279 27
280 26
281 38
282 38
283 31
284 25
285 45
286 38
287 43
288 34
289 34
290 34
291 33
292 27
293 35
294 45
295 31
296 55
297 35
298 34
299 34
300 34
301 42
302 49
303 40
304 42
305 37
306 38
307 30
308 26
309 27
310 28
311 24
312 32
313 34
314 40
315 30
316 30
317 42
318 34
319 27
320 34
321 41
322 48
323 37
324 26
325 31
326 28
327 38
328 40
329 37
330 34
331 36
332 41
333 31
334 24
335 42
336 41
337 43
338 33
339 36
340 39
341 24
342 39
343 53
344 40
345 33
346 27
347 45
348 33
349 24
350 40
351 38
352 38
353 22
354 44
355 43
356 40
357 47
358 36
359 29
360 40
361 35
362 35
363 25
364 47
365 26
366 41
367 39
368 24
369 32
370 30
371 48
372 37
373 40
374 36
375 47
376 35
377 33
378 29
379 38
380 32
381 36
382 36
383 26
384 33
385 23
386 31
387 35
388 32
389 41
390 39
391 45
392 37
393 36
394 39
395 35
396 34
397 30
398 43
399 37
400 38
401 38
402 40
403 43
404 41
405 41
406 38
407 26
408 30
409 35
410 38
411 41
412 35
413 31
414 36
415 44
416 49
417 38
418 33
419 29
420 29
421 32
422 34
423 36
424 43
425 31
426 30
427 39
428 34
429 31
430 37
431 37
432 40
433 44
434 28
435 23
436 37
437 38
438 37
439 34
440 30
441 49
442 49
443 29
444 35
445 34
446 31
447 32
448 37
449 48
450 49
451 25
452 35
453 41
454 37
455 42
456 46
457 47
458 47
459 38
460 40
461 26
462 39
463 45
464 32
465 33
466 28
467 37
468 38
469 31
470 35
471 33
472 44
473 41
474 38
475 31
476 37
477 36
478 32
479 48
480 37
481 29
482 34
483 32
484 33
485 35
486 48
487 39
488 38
489 42
490 31
491 35
492 35
493 40
494 40
495 35
496 43
497 46
498 36
499 29
500 26
501 35
502 39
503 36
504 40
505 31
506 33
507 35
508 25
509 38
510 46
511 43
512 40
513 25
514 33
515 31
516 34
517 50
518 38
519 45
520 45
521 37
522 38
523 45
524 36
525 46
526 43
527 48
528 27
529 46
530 35
531 41
532 31
533 50
534 43
535 33
536 47
537 46
538 37
539 35
540 38
541 40
542 52
543 53
544 45
545 35
546 40
547 65
548 68
549 44
550 39
551 47
552 53
553 46
554 47
555 50
556 57
557 54
558 73
559 88
560 77
561 68
562 80
563 89
564 80
565 85
566 86
567 92
568 97
569 92
570 94
571 99
572 115
573 99
574 108
575 88
576 67
577 62
578 56
579 55
580 37
581 39
582 40
583 35
584 44
585 25
586 36
587 36
588 46
589 33
590 27
591 28
592 45
593 25
594 37
595 51
596 39
597 42
598 37
599 40
600 28
601 40
602 42
603 35
604 39
605 41
606 33
607 46
608 39
609 49
610 33
611 45
612 45
613 40
614 36
615 33
616 35
617 38
618 47
619 19
620 36
621 36
622 30
623 44
624 45
625 61
626 35
627 32
628 59
629 52
630 44
631 42
632 48
633 41
634 36
635 38
636 37
637 54
638 46
639 36
640 44
641 47
642 34
643 33
644 36
645 37
646 45
647 35
648 30
649 48
650 40
651 49
652 29
653 46
654 35
655 29
656 35
657 41
658 40
659 31
660 39
661 43
662 41
663 37
664 39
665 45
666 46
667 48
668 36
669 41
670 46
671 54
672 33
673 37
674 49
675 48
676 50
677 36
678 41
679 44
680 34
681 45
682 36
683 35
684 37
685 51
686 42
687 33
688 32
689 46
690 51
691 29
692 36
693 25
694 37
695 44
696 42
697 41
698 44
699 37
700 23
701 21
702 37
703 37
704 39
705 19
706 36
707 49
708 45
709 33
710 28
711 47
712 36
713 46
714 35
715 31
716 31
717 31
718 41
719 33
720 31
721 43
722 31
723 37
724 43
725 34
726 35
727 49
728 42
729 43
730 48
731 34
732 28
733 30
734 29
735 33
736 32
737 39
738 22
739 31
740 33
741 44
742 38
743 42
744 38
745 32
746 31
747 41
748 24
749 42
750 33
751 29
752 29
753 32
754 22
755 36
756 28
757 44
758 37
759 37
760 39
761 44
762 31
763 41
764 25
765 35
766 24
767 38
768 34
769 37
770 41
771 32
772 35
773 39
774 32
775 34
776 37
777 38
778 40
779 33
780 34
781 38
782 19
783 53
784 37
785 39
786 29
787 35
788 44
789 43
790 39
791 32
792 40
793 38
794 36
795 33
796 40
797 39
798 38
799 39
800 38
801 38
802 33
803 33
804 41
805 22
806 28
807 31
808 32
809 32
810 24
811 30
812 26
813 38
814 31
815 47
816 36
817 31
818 40
819 37
820 28
821 41
822 33
823 33
824 29
825 35
826 35
827 25
828 36
829 36
830 38
831 44
832 45
833 42
834 35
835 31
836 33
837 38
838 26
839 30
840 31
841 35
842 33
843 47
844 37
845 48
846 36
847 34
848 36
849 38
850 31
851 45
852 45
853 41
854 39
855 22
856 37
857 32
858 25
859 33
860 32
861 27
862 35
863 24
864 34
865 34
866 39
867 36
868 39
869 37
870 32
871 38
872 33
873 36
874 33
875 33
876 32
877 32
878 38
879 43
880 34
881 26
882 27
883 36
884 34
885 31
886 36
887 32
888 46
889 31
890 27
891 30
892 46
893 40
894 32
895 43
896 37
897 34
898 40
899 38
900 30
901 35
902 38
903 38
904 40
905 41
906 48
907 33
908 39
909 45
910 35
911 44
912 37
913 39
914 37
915 49
916 36
917 35
918 25
919 41
920 31
921 40
922 26
923 31
924 33
925 23
926 33
927 35
928 30
929 39
930 39
931 37
932 39
933 34
934 41
935 34
936 39
937 26
938 30
939 39
940 37
941 40
942 29
943 31
944 40
945 27
946 32
947 28
948 37
949 25
950 39
951 35
952 43
953 39
954 31
955 35
956 32
957 29
958 24
959 42
960 46
961 34
962 27
963 32
964 28
965 38
966 22
967 35
968 31
969 30
970 39
971 44
972 33
973 33
974 24
975 32
976 24
977 36
978 35
979 33
980 33
981 19
982 29
983 29
984 35
985 31
986 22
987 31
988 27
989 26
990 35
991 31
992 34
993 38
994 28
995 26
996 24
997 35
998 30
999 40
1000 29
1001 39
1002 44
1003 33
1004 21
1005 26
1006 25
1007 25
1008 24
1009 33
1010 41
1011 40
1012 26
1013 29
1014 30
1015 29
1016 29
1017 34
1018 38
1019 32
1020 36
1021 31
1022 32
1023 31
1024 39
1025 41
1026 47
1027 27
1028 38
1029 41
1030 38
1031 33
1032 35
1033 43
1034 37
1035 39
1036 42
1037 36
1038 27
1039 50
1040 36
1041 44
1042 36
1043 33
1044 33
1045 48
1046 32
1047 42
1048 34
1049 43
1050 37
1051 32
1052 34
1053 34
1054 35
1055 33
1056 27
1057 30
1058 40
1059 43
1060 40
1061 37
1062 34
1063 35
1064 31
1065 29
1066 38
1067 35
1068 36
1069 29
1070 30
1071 34
1072 36
1073 59
1074 64
1075 60
1076 78
1077 100
1078 106
1079 126
1080 147
1081 137
1082 145
1083 152
1084 233
1085 233
1086 287
1087 305
1088 340
1089 315
1090 341
1091 384
1092 395
1093 389
1094 398
1095 450
1096 439
1097 390
1098 407
1099 352
1100 288
1101 270
1102 203
1103 201
1104 115
1105 84
1106 51
1107 46
1108 42
1109 40
1110 40
1111 35
1112 32
1113 41
1114 39
1115 40
1116 35
1117 25
1118 29
1119 36
1120 39
1121 27
1122 30
1123 30
1124 35
1125 41
1126 41
1127 34
1128 34
1129 34
1130 40
1131 20
1132 36
1133 32
1134 21
1135 31
1136 42
1137 35
1138 23
1139 35
1140 26
1141 41
1142 39
1143 31
1144 27
1145 34
1146 32
1147 24
1148 30
1149 24
1150 31
1151 25
1152 43
1153 24
1154 37
1155 37
1156 38
1157 27
1158 36
1159 31
1160 29
1161 35
1162 34
1163 31
1164 31
1165 37
1166 40
1167 41
1168 34
1169 28
1170 38
1171 27
1172 23
1173 30
1174 39
1175 32
1176 36
1177 22
1178 34
1179 37
1180 37
1181 25
1182 43
1183 25
1184 36
1185 33
1186 31
1187 29
1188 17
1189 34
1190 35
1191 24
1192 30
1193 35
1194 22
1195 42
1196 33
1197 37
1198 25
1199 30
1200 36
1201 23
1202 31
1203 36
1204 21
1205 36
1206 21
1207 39
1208 26
1209 17
1210 22
1211 20
1212 39
1213 33
1214 32
1215 37
1216 37
1217 51
1218 53
1219 28
1220 33
1221 49
1222 52
1223 69
1224 58
1225 67
1226 77
1227 80
1228 81
1229 53
1230 60
1231 74
1232 80
1233 105
1234 71
1235 94
1236 54
1237 48
1238 56
1239 61
1240 58
1241 40
1242 35
1243 36
1244 24
1245 39
1246 31
1247 33
1248 29
1249 28
1250 26
1251 26
1252 23
1253 29
1254 32
1255 20
1256 28
1257 27
1258 27
1259 22
1260 44
1261 25
1262 28
1263 23
1264 29
1265 13
1266 20
1267 22
1268 14
1269 21
1270 19
1271 29
1272 16
1273 24
1274 24
1275 20
1276 20
1277 14
1278 11
1279 15
1280 32
1281 28
1282 24
1283 29
1284 33
1285 22
1286 28
1287 25
1288 29
1289 28
1290 29
1291 34
1292 32
1293 23
1294 31
1295 25
1296 36
1297 30
1298 38
1299 48
1300 39
1301 34
1302 39
1303 51
1304 31
1305 42
1306 26
1307 42
1308 43
1309 39
1310 28
1311 35
1312 15
1313 29
1314 23
1315 31
1316 20
1317 19
1318 26
1319 30
1320 24
1321 25
1322 19
1323 24
1324 28
1325 25
1326 20
1327 23
1328 17
1329 28
1330 26
1331 22
1332 17
1333 23
1334 33
1335 28
1336 25
1337 24
1338 29
1339 30
1340 29
1341 16
1342 24
1343 23
1344 30
1345 29
1346 26
1347 21
1348 18
1349 31
1350 29
1351 20
1352 17
1353 23
1354 19
1355 21
1356 19
1357 24
1358 20
1359 24
1360 28
1361 28
1362 26
1363 18
1364 19
1365 25
1366 31
1367 28
1368 22
1369 37
1370 29
1371 57
1372 46
1373 55
1374 65
1375 71
1376 85
1377 71
1378 107
1379 98
1380 126
1381 106
1382 151
1383 169
1384 208
1385 238
1386 289
1387 273
1388 468
1389 390
1390 293
1391 193
1392 187
1393 179
1394 163
1395 149
1396 131
1397 80
1398 71
1399 51
1400 78
1401 60
1402 38
1403 30
1404 33
1405 26
1406 18
1407 28
1408 27
1409 22
1410 16
1411 22
1412 21
1413 22
1414 34
1415 22
1416 21
1417 16
1418 23
1419 22
1420 21
1421 24
1422 13
1423 19
1424 18
1425 28
1426 20
1427 25
1428 17
1429 25
1430 20
1431 20
1432 24
1433 29
1434 17
1435 25
1436 22
1437 20
1438 18
1439 27
1440 17
1441 23
1442 17
1443 26
1444 21
1445 21
1446 26
1447 15
1448 23
1449 22
1450 25
1451 25
1452 23
1453 14
1454 16
1455 12
1456 17
1457 28
1458 26
1459 24
1460 25
1461 18
1462 16
1463 24
1464 23
1465 26
1466 26
1467 15
1468 29
1469 14
1470 24
1471 26
1472 21
1473 24
1474 25
1475 25
1476 32
1477 24
1478 16
1479 18
1480 14
1481 23
1482 22
1483 26
1484 28
1485 18
1486 19
1487 21
1488 19
1489 24
1490 25
1491 21
1492 21
1493 17
1494 32
1495 24
1496 30
1497 14
1498 27
1499 24
1500 22
1501 16
1502 22
1503 22
1504 23
1505 24
1506 19
1507 19
1508 28
1509 22
1510 34
1511 19
1512 15
1513 21
1514 18
1515 24
1516 14
1517 23
1518 25
1519 18
1520 23
1521 22
1522 25
1523 20
1524 18
1525 25
1526 23
1527 26
1528 16
1529 12
1530 17
1531 20
1532 20
1533 18
1534 20
1535 31
1536 30
1537 26
1538 21
1539 21
1540 11
1541 19
1542 14
1543 11
1544 20
1545 17
1546 23
1547 13
1548 21
1549 13
1550 19
1551 15
1552 25
1553 18
1554 18
1555 16
1556 20
1557 24
1558 23
1559 22
1560 19
1561 15
1562 20
1563 22
1564 22
1565 19
1566 27
1567 26
1568 24
1569 23
1570 19
1571 24
1572 21
1573 21
1574 22
1575 16
1576 30
1577 22
1578 27
1579 28
1580 23
1581 17
1582 26
1583 28
1584 21
1585 21
1586 22
1587 18
1588 18
1589 15
1590 18
1591 10
1592 21
1593 16
1594 22
1595 18
1596 20
1597 33
1598 18
1599 16
1600 20
1601 20
1602 20
1603 17
1604 23
1605 23
1606 16
1607 11
1608 19
1609 22
1610 22
1611 32
1612 18
1613 22
1614 22
1615 15
1616 18
1617 16
1618 18
1619 25
1620 23
1621 14
1622 19
1623 15
1624 21
1625 17
1626 19
1627 23
1628 20
1629 16
1630 29
1631 19
1632 15
1633 20
1634 25
1635 24
1636 17
1637 14
1638 17
1639 22
1640 16
1641 11
1642 20
1643 21
1644 15
1645 12
1646 15
1647 12
1648 20
1649 14
1650 21
1651 24
1652 18
1653 27
1654 16
1655 24
1656 19
1657 22
1658 18
1659 14
1660 11
1661 16
1662 12
1663 12
1664 17
1665 16
1666 26
1667 23
1668 17
1669 16
1670 11
1671 15
1672 21
1673 20
1674 19
1675 21
1676 23
1677 17
1678 20
1679 21
1680 21
1681 21
1682 17
1683 16
1684 23
1685 16
1686 23
1687 13
1688 22
1689 19
1690 19
1691 19
1692 14
1693 16
1694 15
1695 14
1696 15
1697 20
1698 20
1699 26
1700 23
1701 13
1702 13
1703 15
1704 17
1705 12
1706 21
1707 23
1708 22
1709 30
1710 20
1711 17
1712 13
1713 8
1714 13
1715 16
1716 22
1717 18
1718 21
1719 21
1720 24
1721 24
1722 19
1723 18
1724 10
1725 15
1726 16
1727 18
1728 15
1729 14
1730 15
1731 20
1732 18
1733 33
1734 12
1735 14
1736 12
1737 18
1738 24
1739 17
1740 17
1741 17
1742 12
1743 19
1744 16
1745 23
1746 23
1747 22
1748 21
1749 18
1750 17
1751 22
1752 22
1753 18
1754 16
1755 11
1756 8
1757 14
1758 25
1759 19
1760 19
1761 12
1762 15
1763 14
1764 22
1765 24
1766 16
1767 14
1768 15
1769 29
1770 29
1771 15
1772 13
1773 18
1774 28
1775 15
1776 13
1777 15
1778 14
1779 24
1780 18
1781 18
1782 19
1783 12
1784 23
1785 17
1786 21
1787 17
1788 21
1789 25
1790 17
1791 19
1792 16
1793 27
1794 24
1795 15
1796 21
1797 15
1798 26
1799 23
1800 23
1801 18
1802 20
1803 35
1804 28
1805 25
1806 16
1807 22
1808 31
1809 16
1810 12
1811 22
1812 26
1813 21
1814 10
1815 15
1816 20
1817 21
1818 21
1819 16
1820 17
1821 22
1822 13
1823 16
1824 18
1825 16
1826 18
1827 13
1828 18
1829 20
1830 18
1831 18
1832 14
1833 21
1834 22
1835 22
1836 25
1837 17
1838 25
1839 23
1840 31
1841 30
1842 33
1843 27
1844 34
1845 41
1846 52
1847 51
1848 46
1849 61
1850 56
1851 65
1852 47
1853 60
1854 81
1855 111
1856 96
1857 82
1858 85
1859 102
1860 104
1861 95
1862 83
1863 55
1864 48
1865 42
1866 57
1867 70
1868 68
1869 37
1870 38
1871 20
1872 24
1873 32
1874 34
1875 17
1876 18
1877 17
1878 20
1879 15
1880 16
1881 14
1882 18
1883 17
1884 15
1885 20
1886 11
1887 14
1888 17
1889 17
1890 24
1891 21
1892 16
1893 18
1894 26
1895 16
1896 16
1897 13
1898 13
1899 12
1900 21
1901 15
1902 15
1903 22
1904 24
1905 12
1906 25
1907 15
1908 16
1909 17
1910 26
1911 21
1912 15
1913 19
1914 11
1915 14
1916 20
1917 15
1918 18
1919 13
1920 13
1921 18
1922 19
1923 12
1924 18
1925 18
1926 23
1927 18
1928 12
1929 15
1930 17
1931 19
1932 26
1933 23
1934 23
1935 14
1936 22
1937 19
1938 17
1939 13
1940 23
1941 24
1942 12
1943 18
1944 20
1945 23
1946 14
1947 17
1948 16
1949 12
1950 20
1951 16
1952 21
1953 16
1954 13
1955 15
1956 22
1957 14
1958 15
1959 13
1960 16
1961 22
1962 16
1963 19
1964 18
1965 17
1966 21
1967 10
1968 24
1969 17
1970 22
1971 12
1972 14
1973 13
1974 22
1975 19
1976 14
1977 19
1978 15
1979 16
1980 19
1981 23
1982 11
1983 22
1984 22
1985 21
1986 21
1987 12
1988 17
1989 17
1990 17
1991 15
1992 16
1993 20
1994 21
1995 20
1996 16
1997 12
1998 19
1999 14
2000 16
2001 13
2002 19
2003 15
2004 17
2005 17
2006 13
2007 19
2008 13
2009 21
2010 10
2011 15
2012 21
2013 19
2014 13
2015 15
2016 18
2017 20
2018 16
2019 14
2020 14
2021 18
2022 13
2023 14
2024 10
2025 16
2026 19
2027 17
2028 16
2029 11
2030 17
2031 17
2032 16
2033 14
2034 12
2035 13
2036 10
2037 15
2038 22
2039 19
2040 17
2041 15
2042 14
2043 12
2044 10
2045 12
2046 18
2047 19
2048 11
2049 18
2050 19
2051 15
2052 22
2053 21
2054 10
2055 9
2056 17
2057 15
2058 25
2059 19
2060 17
2061 23
2062 15
2063 11
2064 23
2065 13
2066 22
2067 19
2068 18
2069 16
2070 22
2071 16
2072 12
2073 11
2074 21
2075 24
2076 15
2077 14
2078 15
2079 14
2080 19
2081 18
2082 17
2083 19
2084 16
2085 21
2086 20
2087 20
2088 24
2089 16
2090 20
2091 25
2092 26
2093 44
2094 42
2095 48
2096 55
2097 65
2098 76
2099 67
2100 94
2101 124
2102 139
2103 124
2104 132
2105 167
2106 220
2107 226
2108 259
2109 219
2110 275
2111 333
2112 344
2113 357
2114 335
2115 307
2116 361
2117 390
2118 444
2119 424
2120 462
2121 390
2122 377
2123 371
2124 338
2125 208
2126 214
2127 169
2128 137
2129 147
2130 161
2131 109
2132 73
2133 67
2134 63
2135 54
2136 35
2137 38
2138 33
2139 28
2140 23
2141 28
2142 24
2143 19
2144 27
2145 20
2146 21
2147 16
2148 20
2149 16
2150 14
2151 14
2152 14
2153 15
2154 19
2155 20
2156 14
2157 21
2158 19
2159 18
2160 16
2161 17
2162 16
2163 17
2164 17
2165 17
2166 20
2167 15
2168 18
2169 12
2170 20
2171 18
2172 17
2173 18
2174 16
2175 18
2176 15
2177 18
2178 18
2179 15
2180 11
2181 15
2182 17
2183 14
2184 12
2185 19
2186 9
2187 23
2188 17
2189 14
2190 14
2191 11
2192 9
2193 11
2194 11
2195 13
2196 20
2197 18
2198 18
2199 10
2200 12
2201 10
2202 12
2203 17
2204 13
2205 14
2206 12
2207 13
2208 12
2209 15
2210 17
2211 11
2212 14
2213 12
2214 10
2215 16
2216 20
2217 21
2218 19
2219 14
2220 10
2221 19
2222 9
2223 13
2224 22
2225 12
2226 10
2227 9
2228 16
2229 14
2230 16
2231 13
2232 21
2233 15
2234 19
2235 23
2236 20
2237 21
2238 18
2239 20
2240 16
2241 17
2242 15
2243 12
2244 18
2245 10
2246 15
2247 17
2248 17
2249 18
2250 9
2251 17
2252 19
2253 12
2254 19
2255 22
2256 16
2257 15
2258 11
2259 12
2260 11
2261 16
2262 9
2263 12
2264 15
2265 13
2266 20
2267 19
2268 13
2269 12
2270 18
2271 9
2272 17
2273 19
2274 14
2275 15
2276 15
2277 19
2278 14
2279 15
2280 18
2281 9
2282 16
2283 17
2284 13
2285 12
2286 16
2287 15
2288 17
2289 17
2290 14
2291 17
2292 21
2293 14
2294 17
2295 14
2296 20
2297 15
2298 18
2299 25
2300 21
2301 21
2302 16
2303 28
2304 26
2305 22
2306 26
2307 25
2308 32
2309 44
2310 46
2311 46
2312 57
2313 59
2314 58
2315 59
2316 59
2317 66
2318 56
2319 45
2320 51
2321 62
2322 68
2323 51
2324 79
2325 76
2326 72
2327 69
2328 76
2329 59
2330 58
2331 53
2332 70
2333 57
2334 81
2335 57
2336 47
2337 48
2338 31
2339 28
2340 27
2341 31
2342 24
2343 23
2344 15
2345 20
2346 17
2347 14
2348 17
2349 15
2350 12
2351 16
2352 12
2353 23
2354 14
2355 11
2356 15
2357 15
2358 10
2359 12
2360 18
2361 19
2362 16
2363 17
2364 10
2365 11
2366 11
2367 15
2368 20
2369 11
2370 14
2371 12
2372 15
2373 6
2374 11
2375 12
2376 13
2377 6
2378 7
2379 11
2380 24
2381 13
2382 12
2383 10
2384 22
2385 8
2386 15
2387 17
2388 16
2389 10
2390 11
2391 8
2392 9
2393 8
2394 14
2395 11
2396 13
2397 9
2398 15
2399 7
2400 13
2401 7
2402 21
2403 8
2404 8
2405 13
2406 11
2407 12
2408 11
2409 14
2410 12
2411 12
2412 15
2413 14
2414 8
2415 16
2416 20
2417 14
2418 14
2419 7
2420 4
2421 13
2422 8
2423 10
2424 9
2425 14
2426 12
2427 17
2428 8
2429 20
2430 13
2431 14
2432 12
2433 9
2434 8
2435 13
2436 10
2437 15
2438 13
2439 6
2440 15
2441 10
2442 13
2443 14
2444 8
2445 9
2446 17
2447 11
2448 10
2449 14
2450 10
2451 12
2452 9
2453 20
2454 14
2455 12
2456 16
2457 9
2458 16
2459 11
2460 18
2461 10
2462 14
2463 12
2464 15
2465 13
2466 13
2467 13
2468 13
2469 8
2470 7
2471 11
2472 13
2473 14
2474 17
2475 14
2476 12
2477 16
2478 18
2479 11
2480 10
2481 12
2482 8
2483 9
2484 13
2485 9
2486 13
2487 17
2488 9
2489 6
2490 11
2491 10
2492 11
2493 14
2494 12
2495 8
2496 15
2497 6
2498 13
2499 13
2500 12
2501 12
2502 6
2503 13
2504 9
2505 8
2506 20
2507 16
2508 11
2509 8
2510 12
2511 11
2512 6
2513 15
2514 14
2515 13
2516 10
2517 13
2518 7
2519 15
2520 7
2521 16
2522 10
2523 11
2524 16
2525 9
2526 14
2527 16
2528 20
2529 10
2530 10
2531 11
2532 17
2533 15
2534 12
2535 10
2536 9
2537 10
2538 12
2539 8
2540 12
2541 16
2542 16
2543 8
2544 14
2545 17
2546 14
2547 8
2548 14
2549 13
2550 12
2551 4
2552 10
2553 11
2554 12
2555 10
2556 15
2557 12
2558 16
2559 16
