0 32
1 27
2 33
3 33
4 28
5 39
6 40
7 30
8 29
9 29
10 37
11 23
12 38
13 39
14 27
15 38
16 25
17 28
18 26
19 38
20 24
21 32
22 26
23 22
24 33
25 28
26 24
27 30
28 24
29 35
30 37
31 40
32 33
33 33
34 29
35 26
36 22
37 29
38 20
39 44
40 27
41 24
42 29
43 16
44 28
45 38
46 24
47 32
48 35
49 32
50 28
51 31
52 25
53 29
54 25
55 37
56 27
57 29
58 32
59 28
60 28
61 39
62 21
63 31
64 24
65 31
66 26
67 32
68 41
69 30
70 32
71 39
72 25
73 23
74 26
75 36
76 21
77 38
78 34
79 29
80 27
81 32
82 29
83 38
84 31
85 29
86 26
87 28
88 33
89 30
90 38
91 22
92 42
93 25
94 21
95 32
96 24
97 28
98 31
99 19
100 41
101 26
102 22
103 36
104 27
105 28
106 40
107 30
108 23
109 36
110 27
111 29
112 23
113 31
114 23
115 34
116 33
117 44
118 33
119 36
120 37
121 27
122 26
123 35
124 29
125 28
126 27
127 40
128 32
129 38
130 28
131 31
132 37
133 24
134 24
135 29
136 35
137 40
138 30
139 26
140 31
141 28
142 32
143 40
144 30
145 30
146 32
147 36
148 35
149 26
150 31
151 28
152 33
153 35
154 29
155 37
156 27
157 27
158 32
159 38
160 24
161 32
162 33
163 37
164 41
165 26
166 34
167 26
168 35
169 36
170 33
171 33
172 36
173 26
174 38
175 33
176 27
177 35
178 47
179 39
180 33
181 38
182 28
183 33
184 34
185 48
186 27
187 38
188 34
189 31
190 33
191 30
192 37
193 29
194 32
195 31
196 38
197 36
198 24
199 27
200 39
201 36
202 34
203 27
204 21
205 27
206 35
207 33
208 27
209 31
210 42
211 35
212 35
213 45
214 34
215 40
216 27
217 35
218 32
219 48
220 38
221 30
222 30
223 36
224 39
225 29
226 31
227 34
228 26
229 31
230 26
231 35
232 28
233 34
234 34
235 41
236 41
237 35
238 30
239 28
240 28
241 31
242 41
243 41
244 36
245 41
246 29
247 34
248 37
249 37
250 29
251 28
252 43
253 41
254 37
255 36
256 34
257 33
258 34
259 48
260 37
261 36
262 42
263 32
264 38
265 35
266 29
267 31
268 37
269 41
270 41
271 39
272 40
273 30
274 43
275 28
276 31
277 38
278 29
279 41
280 35
281 42
282 42
283 34
284 49
285 31
286 37
287 41
288 31
289 23
290 35
291 29
292 29
293 36
294 34
295 38
296 33
297 25
298 22
299 40
300 46
301 28
302 41
303 35
304 53
305 25
306 46
307 33
308 43
309 38
310 38
311 25
312 42
313 40
314 36
315 40
316 42
317 37
318 27
319 28
320 27
321 34
322 43
323 32
324 35
325 34
326 34
327 35
328 40
329 33
330 30
331 28
332 34
333 37
334 31
335 32
336 30
337 37
338 36
339 35
340 36
341 41
342 34
343 40
344 27
345 36
346 36
347 26
348 32
349 34
350 30
351 45
352 43
353 33
354 32
355 32
356 29
357 36
358 39
359 45
360 45
361 16
362 31
363 38
364 37
365 25
366 41
367 34
368 31
369 41
370 33
371 28
372 37
373 43
374 32
375 27
376 39
377 38
378 26
379 30
380 35
381 36
382 38
383 38
384 35
385 35
386 26
387 33
388 37
389 46
390 30
391 47
392 42
393 41
394 44
395 44
396 38
397 44
398 35
399 26
400 37
401 31
402 40
403 30
404 35
405 32
406 31
407 33
408 41
409 37
410 39
411 32
412 40
413 37
414 41
415 40
416 46
417 48
418 44
419 47
420 36
421 33
422 34
423 32
424 35
425 30
426 32
427 29
428 28
429 29
430 43
431 31
432 39
433 36
434 32
435 36
436 39
437 35
438 43
439 33
440 25
441 34
442 50
443 36
444 38
445 29
446 27
447 44
448 36
449 37
450 35
451 36
452 32
453 37
454 39
455 41
456 31
457 31
458 22
459 36
460 32
461 32
462 40
463 47
464 33
465 41
466 34
467 36
468 37
469 41
470 41
471 45
472 32
473 50
474 45
475 31
476 43
477 37
478 38
479 38
480 49
481 39
482 39
483 43
484 41
485 36
486 28
487 35
488 33
489 41
490 52
491 44
492 39
493 35
494 30
495 33
496 27
497 34
498 38
499 24
500 44
501 34
502 37
503 39
504 33
505 38
506 53
507 20
508 41
509 34
510 37
511 41
512 40
513 38
514 46
515 40
516 46
517 40
518 40
519 46
520 42
521 34
522 34
523 53
524 37
525 34
526 40
527 41
528 36
529 33
530 40
531 41
532 40
533 50
534 48
535 44
536 44
537 41
538 41
539 51
540 39
541 51
542 46
543 49
544 37
545 52
546 46
547 46
548 69
549 68
550 75
551 60
552 67
553 64
554 82
555 79
556 74
557 69
558 97
559 69
560 63
561 85
562 59
563 79
564 104
565 98
566 86
567 69
568 46
569 63
570 49
571 54
572 48
573 32
574 50
575 44
576 49
577 38
578 29
579 47
580 53
581 31
582 38
583 50
584 51
585 36
586 37
587 48
588 37
589 36
590 35
591 43
592 28
593 38
594 34
595 50
596 34
597 37
598 49
599 36
600 36
601 35
602 36
603 47
604 52
605 44
606 43
607 36
608 37
609 38
610 47
611 33
612 21
613 35
614 35
615 50
616 41
617 47
618 36
619 34
620 38
621 39
622 52
623 43
624 45
625 34
626 24
627 32
628 43
629 40
630 26
631 33
632 47
633 47
634 48
635 49
636 35
637 35
638 33
639 25
640 36
641 46
642 42
643 34
644 34
645 43
646 39
647 37
648 33
649 42
650 37
651 28
652 32
653 41
654 35
655 33
656 34
657 30
658 21
659 36
660 39
661 43
662 32
663 39
664 43
665 32
666 41
667 36
668 41
669 39
670 38
671 40
672 32
673 39
674 41
675 38
676 28
677 36
678 34
679 40
680 43
681 38
682 39
683 43
684 34
685 28
686 32
687 36
688 32
689 26
690 42
691 40
692 40
693 32
694 36
695 33
696 42
697 40
698 41
699 49
700 34
701 36
702 38
703 40
704 41
705 48
706 32
707 33
708 44
709 33
710 46
711 29
712 39
713 33
714 27
715 46
716 34
717 33
718 39
719 24
720 38
721 46
722 23
723 39
724 41
725 31
726 29
727 42
728 46
729 38
730 33
731 51
732 51
733 31
734 32
735 32
736 43
737 40
738 32
739 51
740 36
741 30
742 41
743 44
744 33
745 43
746 30
747 38
748 41
749 43
750 42
751 25
752 29
753 33
754 48
755 23
756 40
757 42
758 37
759 46
760 31
761 38
762 36
763 49
764 47
765 36
766 38
767 42
768 41
769 40
770 35
771 31
772 42
773 42
774 31
775 45
776 42
777 35
778 47
779 44
780 39
781 31
782 34
783 39
784 40
785 34
786 47
787 39
788 30
789 43
790 31
791 34
792 33
793 44
794 42
795 38
796 31
797 41
798 47
799 36
800 25
801 43
802 31
803 25
804 24
805 32
806 35
807 25
808 44
809 21
810 41
811 41
812 32
813 36
814 36
815 48
816 37
817 35
818 37
819 26
820 43
821 34
822 40
823 43
824 52
825 33
826 36
827 27
828 34
829 28
830 36
831 40
832 31
833 36
834 37
835 36
836 46
837 31
838 23
839 27
840 32
841 29
842 37
843 36
844 34
845 34
846 34
847 39
848 49
849 37
850 40
851 30
852 56
853 30
854 37
855 33
856 40
857 41
858 33
859 46
860 25
861 35
862 37
863 26
864 31
865 24
866 30
867 32
868 32
869 30
870 41
871 37
872 41
873 36
874 30
875 28
876 44
877 34
878 20
879 28
880 39
881 30
882 27
883 41
884 27
885 22
886 28
887 39
888 48
889 34
890 37
891 34
892 27
893 32
894 34
895 31
896 37
897 27
898 41
899 44
900 35
901 39
902 38
903 40
904 36
905 31
906 42
907 34
908 39
909 32
910 34
911 35
912 30
913 41
914 31
915 29
916 26
917 23
918 36
919 36
920 44
921 29
922 39
923 31
924 30
925 40
926 32
927 40
928 40
929 30
930 25
931 35
932 41
933 29
934 32
935 34
936 29
937 43
938 30
939 26
940 29
941 28
942 45
943 29
944 27
945 41
946 29
947 37
948 33
949 39
950 42
951 44
952 30
953 27
954 32
955 26
956 41
957 32
958 32
959 42
960 40
961 24
962 33
963 41
964 37
965 30
966 34
967 27
968 41
969 38
970 31
971 32
972 40
973 29
974 29
975 28
976 26
977 29
978 38
979 27
980 33
981 44
982 41
983 31
984 34
985 24
986 33
987 25
988 39
989 41
990 37
991 36
992 31
993 27
994 31
995 19
996 32
997 26
998 46
999 37
1000 28
1001 25
1002 33
1003 25
1004 42
1005 29
1006 34
1007 30
1008 40
1009 28
1010 39
1011 31
1012 23
1013 38
1014 30
1015 34
1016 44
1017 37
1018 38
1019 35
1020 27
1021 35
1022 32
1023 34
1024 31
1025 38
1026 27
1027 38
1028 39
1029 32
1030 33
1031 46
1032 45
1033 33
1034 42
1035 30
1036 41
1037 36
1038 37
1039 40
1040 28
1041 26
1042 35
1043 41
1044 30
1045 38
1046 44
1047 32
1048 45
1049 42
1050 33
1051 30
1052 36
1053 37
1054 30
1055 40
1056 38
1057 45
1058 56
1059 56
1060 52
1061 50
1062 62
1063 69
1064 48
1065 81
1066 100
1067 106
1068 116
1069 124
1070 150
1071 211
1072 215
1073 287
1074 313
1075 324
1076 372
1077 381
1078 366
1079 422
1080 399
1081 435
1082 471
1083 470
1084 443
1085 533
1086 583
1087 575
1088 440
1089 302
1090 237
1091 207
1092 193
1093 141
1094 86
1095 63
1096 48
1097 51
1098 49
1099 39
1100 41
1101 24
1102 44
1103 42
1104 36
1105 28
1106 36
1107 40
1108 38
1109 28
1110 44
1111 33
1112 33
1113 35
1114 49
1115 33
1116 36
1117 27
1118 33
1119 26
1120 25
1121 34
1122 46
1123 21
1124 28
1125 34
1126 33
1127 31
1128 37
1129 30
1130 29
1131 36
1132 28
1133 32
1134 29
1135 33
1136 26
1137 29
1138 34
1139 39
1140 34
1141 27
1142 32
1143 34
1144 23
1145 40
1146 35
1147 39
1148 37
1149 33
1150 27
1151 17
1152 36
1153 46
1154 44
1155 39
1156 27
1157 28
1158 21
1159 34
1160 38
1161 25
1162 38
1163 29
1164 36
1165 38
1166 31
1167 30
1168 31
1169 40
1170 36
1171 32
1172 35
1173 37
1174 31
1175 30
1176 21
1177 29
1178 23
1179 33
1180 38
1181 36
1182 30
1183 38
1184 34
1185 33
1186 43
1187 27
1188 23
1189 32
1190 33
1191 30
1192 35
1193 35
1194 30
1195 21
1196 29
1197 33
1198 27
1199 33
1200 43
1201 45
1202 32
1203 35
1204 23
1205 38
1206 43
1207 38
1208 38
1209 37
1210 36
1211 44
1212 33
1213 54
1214 51
1215 73
1216 83
1217 97
1218 129
1219 85
1220 92
1221 84
1222 87
1223 64
1224 63
1225 39
1226 33
1227 23
1228 40
1229 32
1230 40
1231 37
1232 32
1233 28
1234 25
1235 39
1236 31
1237 40
1238 33
1239 34
1240 21
1241 35
1242 23
1243 35
1244 24
1245 34
1246 24
1247 18
1248 21
1249 27
1250 38
1251 39
1252 16
1253 32
1254 21
1255 24
1256 36
1257 30
1258 21
1259 36
1260 20
1261 26
1262 29
1263 19
1264 29
1265 21
1266 29
1267 27
1268 25
1269 22
1270 26
1271 27
1272 26
1273 24
1274 31
1275 18
1276 19
1277 14
1278 19
1279 23
1280 36
1281 33
1282 38
1283 43
1284 35
1285 47
1286 50
1287 47
1288 50
1289 42
1290 43
1291 45
1292 50
1293 45
1294 34
1295 42
1296 40
1297 31
1298 39
1299 31
1300 29
1301 21
1302 16
1303 24
1304 33
1305 27
1306 29
1307 27
1308 22
1309 30
1310 19
1311 20
1312 35
1313 20
1314 24
1315 24
1316 22
1317 16
1318 27
1319 24
1320 25
1321 27
1322 28
1323 26
1324 26
1325 27
1326 22
1327 20
1328 23
1329 15
1330 21
1331 32
1332 26
1333 20
1334 23
1335 26
1336 25
1337 25
1338 23
1339 17
1340 27
1341 17
1342 17
1343 29
1344 27
1345 25
1346 23
1347 24
1348 17
1349 30
1350 32
1351 19
1352 31
1353 27
1354 33
1355 35
1356 48
1357 45
1358 43
1359 46
1360 52
1361 63
1362 60
1363 80
1364 105
1365 112
1366 147
1367 140
1368 165
1369 306
1370 389
1371 386
1372 400
1373 365
1374 309
1375 282
1376 337
1377 248
1378 202
1379 215
1380 249
1381 155
1382 125
1383 85
1384 109
1385 78
1386 85
1387 56
1388 36
1389 25
1390 26
1391 19
1392 43
1393 25
1394 26
1395 23
1396 17
1397 20
1398 24
1399 26
1400 20
1401 21
1402 18
1403 31
1404 23
1405 21
1406 29
1407 18
1408 24
1409 23
1410 24
1411 19
1412 23
1413 31
1414 24
1415 29
1416 20
1417 21
1418 19
1419 23
1420 17
1421 25
1422 19
1423 25
1424 18
1425 18
1426 22
1427 17
1428 28
1429 24
1430 22
1431 26
1432 26
1433 23
1434 21
1435 27
1436 23
1437 21
1438 28
1439 27
1440 28
1441 16
1442 26
1443 20
1444 23
1445 17
1446 19
1447 21
1448 18
1449 27
1450 31
1451 22
1452 30
1453 21
1454 22
1455 18
1456 24
1457 24
1458 17
1459 21
1460 21
1461 21
1462 36
1463 24
1464 21
1465 18
1466 20
1467 21
1468 22
1469 24
1470 23
1471 16
1472 31
1473 29
1474 23
1475 19
1476 27
1477 18
1478 19
1479 20
1480 20
1481 17
1482 29
1483 18
1484 26
1485 22
1486 21
1487 20
1488 17
1489 24
1490 16
1491 18
1492 20
1493 32
1494 19
1495 21
1496 28
1497 19
1498 20
1499 27
1500 26
1501 20
1502 23
1503 26
1504 27
1505 21
1506 22
1507 18
1508 22
1509 19
1510 22
1511 18
1512 22
1513 14
1514 17
1515 24
1516 25
1517 21
1518 19
1519 20
1520 29
1521 20
1522 25
1523 22
1524 21
1525 21
1526 20
1527 20
1528 16
1529 23
1530 19
1531 15
1532 24
1533 18
1534 18
1535 27
1536 21
1537 19
1538 10
1539 26
1540 22
1541 21
1542 23
1543 25
1544 12
1545 12
1546 22
1547 31
1548 18
1549 25
1550 16
1551 20
1552 14
1553 24
1554 17
1555 24
1556 23
1557 16
1558 29
1559 23
1560 20
1561 13
1562 22
1563 27
1564 15
1565 21
1566 29
1567 22
1568 22
1569 22
1570 19
1571 23
1572 16
1573 22
1574 27
1575 23
1576 21
1577 22
1578 16
1579 23
1580 19
1581 17
1582 25
1583 24
1584 18
1585 19
1586 17
1587 19
1588 16
1589 21
1590 19
1591 17
1592 18
1593 21
1594 21
1595 19
1596 20
1597 23
1598 27
1599 18
1600 18
1601 11
1602 17
1603 19
1604 23
1605 23
1606 18
1607 21
1608 20
1609 19
1610 20
1611 23
1612 18
1613 14
1614 21
1615 23
1616 24
1617 22
1618 19
1619 23
1620 17
1621 21
1622 22
1623 17
1624 21
1625 15
1626 22
1627 22
1628 16
1629 26
1630 17
1631 21
1632 16
1633 16
1634 25
1635 17
1636 22
1637 17
1638 15
1639 22
1640 21
1641 16
1642 16
1643 23
1644 13
1645 12
1646 21
1647 22
1648 11
1649 15
1650 26
1651 27
1652 7
1653 16
1654 22
1655 19
1656 16
1657 19
1658 22
1659 25
1660 21
1661 21
1662 19
1663 11
1664 16
1665 15
1666 18
1667 20
1668 12
1669 21
1670 13
1671 16
1672 17
1673 14
1674 22
1675 13
1676 23
1677 16
1678 21
1679 27
1680 20
1681 19
1682 21
1683 22
1684 25
1685 23
1686 21
1687 22
1688 17
1689 16
1690 11
1691 17
1692 13
1693 23
1694 19
1695 22
1696 23
1697 15
1698 12
1699 20
1700 15
1701 21
1702 21
1703 22
1704 19
1705 19
1706 17
1707 13
1708 19
1709 26
1710 23
1711 16
1712 23
1713 18
1714 26
1715 17
1716 15
1717 10
1718 19
1719 25
1720 19
1721 16
1722 15
1723 12
1724 18
1725 12
1726 24
1727 24
1728 13
1729 13
1730 29
1731 14
1732 16
1733 21
1734 26
1735 20
1736 20
1737 11
1738 11
1739 22
1740 19
1741 16
1742 23
1743 16
1744 24
1745 18
1746 12
1747 23
1748 22
1749 28
1750 31
1751 22
1752 20
1753 18
1754 16
1755 12
1756 16
1757 19
1758 21
1759 18
1760 19
1761 22
1762 18
1763 16
1764 19
1765 19
1766 33
1767 18
1768 20
1769 20
1770 18
1771 22
1772 13
1773 18
1774 21
1775 19
1776 19
1777 31
1778 15
1779 21
1780 17
1781 15
1782 25
1783 19
1784 25
1785 20
1786 30
1787 14
1788 21
1789 22
1790 19
1791 16
1792 22
1793 18
1794 23
1795 15
1796 22
1797 16
1798 19
1799 13
1800 14
1801 15
1802 21
1803 8
1804 13
1805 15
1806 11
1807 13
1808 25
1809 15
1810 15
1811 18
1812 14
1813 20
1814 16
1815 23
1816 25
1817 25
1818 22
1819 23
1820 16
1821 24
1822 35
1823 26
1824 25
1825 29
1826 24
1827 26
1828 34
1829 48
1830 39
1831 35
1832 66
1833 76
1834 88
1835 119
1836 167
1837 152
1838 89
1839 82
1840 95
1841 96
1842 120
1843 139
1844 101
1845 94
1846 94
1847 77
1848 67
1849 51
1850 29
1851 30
1852 29
1853 28
1854 37
1855 44
1856 38
1857 39
1858 20
1859 17
1860 23
1861 12
1862 13
1863 16
1864 19
1865 12
1866 22
1867 20
1868 14
1869 10
1870 22
1871 20
1872 17
1873 20
1874 18
1875 18
1876 24
1877 20
1878 15
1879 18
1880 19
1881 22
1882 15
1883 18
1884 13
1885 16
1886 19
1887 26
1888 20
1889 19
1890 19
1891 21
1892 14
1893 19
1894 19
1895 20
1896 13
1897 9
1898 12
1899 22
1900 17
1901 21
1902 17
1903 14
1904 14
1905 16
1906 15
1907 14
1908 22
1909 19
1910 13
1911 17
1912 25
1913 17
1914 16
1915 11
1916 19
1917 20
1918 13
1919 16
1920 17
1921 13
1922 19
1923 11
1924 23
1925 29
1926 23
1927 21
1928 14
1929 17
1930 13
1931 17
1932 16
1933 26
1934 16
1935 20
1936 22
1937 11
1938 18
1939 17
1940 21
1941 14
1942 18
1943 18
1944 23
1945 16
1946 17
1947 19
1948 21
1949 20
1950 21
1951 16
1952 14
1953 15
1954 13
1955 20
1956 22
1957 20
1958 24
1959 13
1960 11
1961 14
1962 21
1963 13
1964 15
1965 13
1966 16
1967 17
1968 22
1969 19
1970 23
1971 9
1972 13
1973 20
1974 19
1975 24
1976 21
1977 15
1978 12
1979 10
1980 13
1981 9
1982 21
1983 17
1984 15
1985 16
1986 17
1987 16
1988 20
1989 18
1990 20
1991 23
1992 23
1993 16
1994 27
1995 13
1996 12
1997 13
1998 19
1999 13
2000 18
2001 20
2002 17
2003 19
2004 18
2005 16
2006 12
2007 14
2008 18
2009 19
2010 18
2011 10
2012 21
2013 12
2014 17
2015 18
2016 21
2017 23
2018 16
2019 21
2020 21
2021 17
2022 11
2023 22
2024 17
2025 15
2026 13
2027 20
2028 19
2029 24
2030 6
2031 15
2032 25
2033 23
2034 11
2035 19
2036 20
2037 11
2038 10
2039 12
2040 10
2041 11
2042 13
2043 20
2044 24
2045 19
2046 19
2047 24
2048 20
2049 15
2050 20
2051 18
2052 17
2053 16
2054 24
2055 22
2056 23
2057 19
2058 18
2059 9
2060 15
2061 20
2062 18
2063 21
2064 25
2065 19
2066 19
2067 18
2068 18
2069 29
2070 26
2071 27
2072 31
2073 44
2074 35
2075 41
2076 44
2077 51
2078 49
2079 61
2080 73
2081 73
2082 67
2083 106
2084 137
2085 194
2086 222
2087 182
2088 181
2089 181
2090 173
2091 206
2092 260
2093 284
2094 324
2095 318
2096 305
2097 296
2098 270
2099 272
2100 253
2101 259
2102 311
2103 378
2104 354
2105 317
2106 291
2107 288
2108 282
2109 243
2110 212
2111 127
2112 124
2113 127
2114 104
2115 74
2116 63
2117 44
2118 39
2119 26
2120 28
2121 23
2122 20
2123 30
2124 26
2125 25
2126 16
2127 27
2128 24
2129 22
2130 24
2131 16
2132 10
2133 27
2134 15
2135 12
2136 16
2137 15
2138 17
2139 14
2140 18
2141 19
2142 22
2143 13
2144 11
2145 15
2146 15
2147 11
2148 20
2149 14
2150 15
2151 15
2152 19
2153 6
2154 17
2155 12
2156 19
2157 13
2158 16
2159 15
2160 20
2161 13
2162 24
2163 15
2164 15
2165 9
2166 19
2167 28
2168 11
2169 16
2170 19
2171 16
2172 16
2173 16
2174 23
2175 14
2176 18
2177 22
2178 21
2179 16
2180 14
2181 11
2182 19
2183 21
2184 11
2185 12
2186 19
2187 12
2188 15
2189 18
2190 17
2191 15
2192 18
2193 13
2194 14
2195 12
2196 19
2197 18
2198 18
2199 18
2200 24
2201 14
2202 13
2203 27
2204 22
2205 18
2206 12
2207 12
2208 10
2209 14
2210 13
2211 22
2212 21
2213 16
2214 20
2215 17
2216 19
2217 27
2218 12
2219 12
2220 11
2221 14
2222 21
2223 22
2224 13
2225 12
2226 17
2227 20
2228 20
2229 15
2230 11
2231 14
2232 14
2233 14
2234 11
2235 17
2236 12
2237 15
2238 15
2239 15
2240 12
2241 18
2242 8
2243 11
2244 11
2245 15
2246 10
2247 22
2248 14
2249 16
2250 14
2251 18
2252 13
2253 14
2254 21
2255 14
2256 14
2257 14
2258 12
2259 17
2260 16
2261 16
2262 14
2263 12
2264 11
2265 14
2266 9
2267 19
2268 12
2269 25
2270 14
2271 17
2272 22
2273 10
2274 12
2275 16
2276 13
2277 24
2278 17
2279 17
2280 20
2281 18
2282 19
2283 20
2284 33
2285 20
2286 24
2287 24
2288 32
2289 28
2290 31
2291 50
2292 44
2293 81
2294 57
2295 79
2296 60
2297 69
2298 77
2299 63
2300 91
2301 84
2302 99
2303 90
2304 74
2305 74
2306 67
2307 75
2308 63
2309 49
2310 52
2311 51
2312 67
2313 56
2314 60
2315 36
2316 37
2317 31
2318 26
2319 27
2320 28
2321 21
2322 18
2323 13
2324 20
2325 14
2326 18
2327 23
2328 12
2329 13
2330 10
2331 14
2332 10
2333 13
2334 21
2335 15
2336 7
2337 17
2338 15
2339 14
2340 16
2341 16
2342 12
2343 10
2344 14
2345 12
2346 9
2347 11
2348 15
2349 9
2350 12
2351 16
2352 8
2353 11
2354 17
2355 11
2356 10
2357 13
2358 12
2359 15
2360 14
2361 14
2362 10
2363 17
2364 17
2365 14
2366 15
2367 17
2368 13
2369 13
2370 12
2371 12
2372 11
2373 18
2374 12
2375 8
2376 12
2377 12
2378 10
2379 13
2380 8
2381 4
2382 8
2383 17
2384 13
2385 15
2386 12
2387 17
2388 16
2389 12
2390 13
2391 17
2392 18
2393 9
2394 11
2395 10
2396 11
2397 8
2398 17
2399 17
2400 13
2401 11
2402 22
2403 10
2404 20
2405 16
2406 3
2407 18
2408 19
2409 10
2410 12
2411 8
2412 7
2413 17
2414 12
2415 17
2416 15
2417 12
2418 10
2419 9
2420 12
2421 10
2422 21
2423 13
2424 11
2425 10
2426 12
2427 12
2428 19
2429 12
2430 8
2431 15
2432 11
2433 12
2434 14
2435 7
2436 18
2437 13
2438 12
2439 8
2440 16
2441 17
2442 11
2443 7
2444 9
2445 7
2446 16
2447 16
2448 13
2449 11
2450 19
2451 13
2452 10
2453 5
2454 7
2455 14
2456 13
2457 12
2458 12
2459 16
2460 8
2461 10
2462 11
2463 14
2464 12
2465 10
2466 7
2467 8
2468 14
2469 15
2470 20
2471 10
2472 13
2473 17
2474 16
2475 12
2476 21
2477 7
2478 8
2479 16
2480 16
2481 6
2482 10
2483 12
2484 13
2485 7
2486 8
2487 10
2488 7
2489 12
2490 12
2491 14
2492 11
2493 16
2494 10
2495 13
2496 13
2497 14
2498 18
2499 14
2500 16
2501 8
2502 12
2503 13
2504 7
2505 16
2506 10
2507 10
2508 7
2509 18
2510 15
2511 11
2512 17
2513 8
2514 13
2515 12
2516 13
2517 15
2518 16
2519 10
2520 8
2521 7
2522 8
2523 11
2524 11
2525 19
2526 17
2527 11
2528 13
2529 8
2530 11
2531 11
2532 11
2533 9
2534 13
2535 11
2536 8
2537 12
2538 9
2539 12
2540 9
2541 16
2542 14
2543 16
2544 11
2545 16
2546 13
2547 17
2548 12
2549 10
2550 11
2551 11
2552 22
2553 14
2554 17
2555 17
2556 15
2557 10
2558 13
2559 17
