0 9
1 7
2 9
3 11
4 12
5 10
6 9
7 8
8 9
9 13
10 11
11 14
12 13
13 15
14 12
15 9
16 9
17 13
18 13
19 17
20 14
21 12
22 11
23 9
24 7
25 14
26 14
27 8
28 13
29 18
30 16
31 7
32 7
33 11
34 9
35 11
36 20
37 12
38 10
39 8
40 13
41 11
42 11
43 17
44 13
45 13
46 3
47 5
48 16
49 19
50 14
51 10
52 8
53 10
54 10
55 8
56 14
57 8
58 13
59 4
60 15
61 9
62 15
63 12
64 13
65 10
66 10
67 16
68 12
69 16
70 12
71 11
72 9
73 7
74 13
75 14
76 5
77 10
78 8
79 14
80 14
81 13
82 10
83 5
84 10
85 11
86 13
87 8
88 11
89 8
90 13
91 16
92 12
93 12
94 21
95 14
96 6
97 5
98 12
99 10
100 14
101 8
102 10
103 10
104 14
105 10
106 10
107 15
108 14
109 19
110 8
111 17
112 15
113 16
114 10
115 13
116 15
117 12
118 10
119 13
120 10
121 12
122 14
123 5
124 14
125 16
126 13
127 17
128 9
129 13
130 12
131 12
132 11
133 10
134 11
135 15
136 10
137 10
138 18
139 10
140 15
141 13
142 13
143 15
144 10
145 10
146 10
147 16
148 26
149 10
150 7
151 15
152 15
153 12
154 12
155 15
156 14
157 15
158 17
159 9
160 16
161 13
162 13
163 5
164 10
165 12
166 7
167 14
168 11
169 19
170 22
171 16
172 7
173 14
174 14
175 13
176 16
177 16
178 21
179 18
180 4
181 15
182 13
183 18
184 13
185 8
186 12
187 16
188 15
189 15
190 13
191 8
192 14
193 12
194 7
195 13
196 4
197 11
198 20
199 10
200 10
201 10
202 12
203 14
204 18
205 16
206 14
207 10
208 10
209 16
210 13
211 11
212 13
213 13
214 17
215 17
216 11
217 12
218 19
219 13
220 15
221 11
222 16
223 18
224 19
225 21
226 15
227 8
228 10
229 12
230 9
231 12
232 8
233 19
234 14
235 8
236 7
237 16
238 9
239 10
240 17
241 16
242 10
243 11
244 4
245 19
246 13
247 11
248 10
249 13
250 17
251 15
252 12
253 9
254 14
255 15
256 16
257 12
258 15
259 13
260 6
261 21
262 26
263 12
264 18
265 11
266 13
267 6
268 20
269 16
270 18
271 13
272 21
273 17
274 10
275 15
276 10
277 11
278 16
279 13
280 8
281 8
282 15
283 10
284 10
285 16
286 14
287 9
288 18
289 13
290 21
291 17
292 16
293 14
294 13
295 14
296 11
297 19
298 25
299 10
300 12
301 22
302 11
303 8
304 10
305 10
306 14
307 8
308 14
309 16
310 11
311 14
312 6
313 11
314 13
315 10
316 8
317 13
318 15
319 12
320 12
321 14
322 13
323 17
324 13
325 13
326 11
327 15
328 12
329 15
330 12
331 13
332 16
333 9
334 16
335 17
336 5
337 18
338 18
339 14
340 10
341 11
342 15
343 15
344 14
345 11
346 11
347 13
348 18
349 16
350 15
351 11
352 10
353 14
354 18
355 19
356 18
357 13
358 11
359 15
360 15
361 14
362 10
363 22
364 8
365 9
366 16
367 10
368 15
369 19
370 15
371 14
372 15
373 9
374 22
375 14
376 15
377 18
378 20
379 10
380 15
381 14
382 17
383 9
384 15
385 14
386 13
387 11
388 11
389 9
390 18
391 16
392 13
393 13
394 14
395 8
396 12
397 15
398 12
399 10
400 14
401 11
402 7
403 16
404 22
405 19
406 18
407 15
408 10
409 16
410 7
411 18
412 17
413 23
414 17
415 16
416 15
417 11
418 13
419 13
420 17
421 15
422 14
423 26
424 15
425 14
426 12
427 24
428 13
429 16
430 11
431 11
432 10
433 18
434 12
435 5
436 14
437 11
438 13
439 15
440 21
441 14
442 7
443 13
444 15
445 16
446 13
447 16
448 13
449 15
450 15
451 14
452 12
453 12
454 17
455 10
456 12
457 17
458 11
459 15
460 10
461 16
462 11
463 14
464 12
465 12
466 19
467 15
468 11
469 14
470 12
471 16
472 9
473 13
474 12
475 20
476 16
477 15
478 14
479 20
480 24
481 20
482 13
483 11
484 17
485 19
486 19
487 21
488 15
489 16
490 20
491 16
492 19
493 25
494 29
495 20
496 14
497 20
498 19
499 25
500 30
501 43
502 37
503 42
504 26
505 39
506 30
507 31
508 36
509 31
510 39
511 44
512 44
513 26
514 35
515 32
516 47
517 40
518 43
519 40
520 43
521 41
522 44
523 33
524 23
525 20
526 12
527 29
528 16
529 23
530 10
531 13
532 12
533 14
534 15
535 17
536 15
537 14
538 14
539 13
540 22
541 14
542 17
543 13
544 12
545 16
546 18
547 16
548 8
549 16
550 20
551 19
552 15
553 14
554 18
555 24
556 15
557 15
558 26
559 16
560 14
561 12
562 16
563 16
564 16
565 12
566 13
567 6
568 11
569 7
570 9
571 12
572 13
573 16
574 16
575 12
576 15
577 21
578 11
579 16
580 10
581 11
582 18
583 10
584 11
585 14
586 17
587 14
588 16
589 16
590 13
591 18
592 16
593 8
594 15
595 13
596 8
597 17
598 16
599 14
600 12
601 17
602 14
603 4
604 9
605 4
606 14
607 15
608 16
609 15
610 17
611 17
612 14
613 12
614 15
615 19
616 19
617 13
618 9
619 10
620 11
621 16
622 13
623 13
624 11
625 17
626 13
627 17
628 18
629 15
630 19
631 20
632 15
633 17
634 18
635 8
636 11
637 21
638 10
639 15
640 16
641 15
642 14
643 11
644 13
645 11
646 11
647 14
648 15
649 18
650 13
651 19
652 16
653 9
654 13
655 22
656 19
657 12
658 9
659 17
660 7
661 15
662 13
663 13
664 9
665 10
666 9
667 10
668 8
669 13
670 17
671 19
672 17
673 8
674 16
675 18
676 15
677 16
678 16
679 17
680 16
681 9
682 13
683 11
684 15
685 15
686 13
687 11
688 20
689 8
690 12
691 15
692 16
693 6
694 14
695 19
696 15
697 10
698 8
699 15
700 18
701 16
702 7
703 9
704 14
705 12
706 19
707 8
708 10
709 18
710 11
711 13
712 19
713 11
714 13
715 15
716 12
717 8
718 18
719 14
720 17
721 13
722 15
723 13
724 8
725 10
726 16
727 13
728 17
729 11
730 19
731 12
732 12
733 17
734 15
735 17
736 17
737 26
738 10
739 12
740 12
741 12
742 14
743 11
744 12
745 8
746 11
747 14
748 16
749 13
750 14
751 15
752 17
753 13
754 12
755 7
756 11
757 15
758 17
759 10
760 10
761 14
762 17
763 13
764 5
765 9
766 11
767 5
768 10
769 15
770 7
771 17
772 17
773 11
774 19
775 15
776 19
777 9
778 7
779 18
780 12
781 8
782 13
783 8
784 9
785 11
786 14
787 10
788 19
789 13
790 12
791 17
792 11
793 9
794 14
795 14
796 10
797 9
798 12
799 14
800 6
801 13
802 12
803 15
804 12
805 15
806 13
807 9
808 10
809 18
810 19
811 10
812 10
813 15
814 15
815 13
816 12
817 9
818 16
819 15
820 14
821 14
822 18
823 16
824 11
825 15
826 12
827 10
828 8
829 15
830 14
831 10
832 12
833 16
834 11
835 16
836 20
837 18
838 16
839 14
840 12
841 15
842 10
843 18
844 9
845 17
846 13
847 9
848 9
849 16
850 20
851 20
852 14
853 11
854 12
855 12
856 10
857 15
858 12
859 11
860 12
861 11
862 9
863 9
864 10
865 10
866 16
867 8
868 8
869 10
870 11
871 10
872 9
873 11
874 6
875 10
876 15
877 13
878 23
879 13
880 18
881 14
882 15
883 9
884 13
885 17
886 16
887 11
888 12
889 13
890 9
891 13
892 12
893 8
894 13
895 8
896 12
897 9
898 17
899 7
900 14
901 3
902 13
903 11
904 15
905 12
906 15
907 7
908 9
909 17
910 9
911 11
912 14
913 17
914 8
915 7
916 10
917 14
918 11
919 10
920 8
921 10
922 9
923 12
924 11
925 16
926 10
927 15
928 18
929 19
930 9
931 17
932 15
933 13
934 14
935 13
936 15
937 11
938 18
939 18
940 16
941 15
942 10
943 11
944 12
945 13
946 15
947 20
948 9
949 15
950 11
951 13
952 9
953 12
954 12
955 10
956 12
957 7
958 11
959 11
960 17
961 15
962 16
963 13
964 14
965 16
966 12
967 13
968 7
969 12
970 14
971 16
972 18
973 7
974 18
975 10
976 11
977 16
978 6
979 16
980 11
981 12
982 13
983 11
984 14
985 16
986 17
987 13
988 11
989 16
990 16
991 17
992 15
993 12
994 23
995 15
996 22
997 27
998 21
999 23
1000 29
1001 31
1002 63
1003 58
1004 58
1005 45
1006 41
1007 49
1008 46
1009 41
1010 68
1011 64
1012 48
1013 60
1014 74
1015 89
1016 107
1017 101
1018 136
1019 121
1020 109
1021 132
1022 124
1023 169
1024 199
1025 250
1026 202
1027 191
1028 160
1029 117
1030 127
1031 85
1032 79
1033 57
1034 50
1035 36
1036 26
1037 24
1038 24
1039 12
1040 15
1041 15
1042 18
1043 15
1044 16
1045 15
1046 17
1047 20
1048 19
1049 12
1050 14
1051 16
1052 14
1053 20
1054 10
1055 7
1056 10
1057 8
1058 15
1059 14
1060 13
1061 14
1062 6
1063 9
1064 11
1065 17
1066 11
1067 11
1068 17
1069 14
1070 14
1071 14
1072 17
1073 9
1074 9
1075 10
1076 20
1077 13
1078 15
1079 11
1080 11
1081 8
1082 16
1083 14
1084 5
1085 13
1086 17
1087 13
1088 5
1089 12
1090 19
1091 9
1092 6
1093 18
1094 12
1095 13
1096 12
1097 9
1098 13
1099 11
1100 14
1101 12
1102 13
1103 8
1104 5
1105 12
1106 12
1107 15
1108 10
1109 8
1110 10
1111 14
1112 15
1113 11
1114 11
1115 11
1116 13
1117 10
1118 19
1119 14
1120 4
1121 10
1122 14
1123 11
1124 13
1125 25
1126 6
1127 15
1128 16
1129 6
1130 12
1131 9
1132 19
1133 9
1134 15
1135 9
1136 17
1137 17
1138 9
1139 20
1140 10
1141 9
1142 9
1143 14
1144 20
1145 11
1146 21
1147 22
1148 16
1149 28
1150 31
1151 14
1152 30
1153 32
1154 42
1155 34
1156 29
1157 39
1158 30
1159 30
1160 17
1161 25
1162 22
1163 15
1164 11
1165 23
1166 20
1167 13
1168 6
1169 11
1170 12
1171 14
1172 11
1173 20
1174 12
1175 13
1176 11
1177 11
1178 9
1179 10
1180 17
1181 10
1182 7
1183 11
1184 13
1185 4
1186 8
1187 17
1188 10
1189 13
1190 9
1191 11
1192 5
1193 4
1194 4
1195 11
1196 13
1197 13
1198 14
1199 15
1200 11
1201 9
1202 16
1203 16
1204 13
1205 12
1206 10
1207 10
1208 8
1209 14
1210 14
1211 15
1212 11
1213 4
1214 12
1215 2
1216 12
1217 16
1218 7
1219 10
1220 19
1221 4
1222 9
1223 14
1224 11
1225 14
1226 12
1227 13
1228 9
1229 11
1230 14
1231 7
1232 10
1233 14
1234 14
1235 9
1236 11
1237 14
1238 6
1239 8
1240 15
1241 13
1242 8
1243 10
1244 10
1245 11
1246 9
1247 13
1248 11
1249 7
1250 6
1251 9
1252 11
1253 12
1254 8
1255 11
1256 7
1257 8
1258 14
1259 6
1260 11
1261 12
1262 12
1263 14
1264 15
1265 12
1266 8
1267 7
1268 7
1269 9
1270 15
1271 7
1272 4
1273 4
1274 6
1275 4
1276 6
1277 10
1278 5
1279 6
1280 17
1281 15
1282 21
1283 22
1284 12
1285 19
1286 24
1287 35
1288 23
1289 30
1290 27
1291 23
1292 33
1293 38
1294 26
1295 45
1296 44
1297 54
1298 67
1299 79
1300 57
1301 79
1302 82
1303 83
1304 104
1305 92
1306 78
1307 68
1308 86
1309 88
1310 69
1311 74
1312 62
1313 53
1314 53
1315 42
1316 39
1317 38
1318 32
1319 26
1320 22
1321 14
1322 12
1323 15
1324 8
1325 15
1326 6
1327 9
1328 8
1329 5
1330 11
1331 9
1332 6
1333 6
1334 10
1335 7
1336 7
1337 11
1338 7
1339 12
1340 8
1341 12
1342 5
1343 13
1344 10
1345 6
1346 13
1347 8
1348 8
1349 6
1350 8
1351 9
1352 11
1353 6
1354 7
1355 13
1356 7
1357 15
1358 7
1359 15
1360 6
1361 11
1362 14
1363 9
1364 10
1365 10
1366 8
1367 9
1368 12
1369 8
1370 7
1371 10
1372 9
1373 13
1374 9
1375 9
1376 6
1377 5
1378 6
1379 11
1380 8
1381 11
1382 9
1383 12
1384 7
1385 4
1386 5
1387 5
1388 8
1389 4
1390 11
1391 10
1392 15
1393 11
1394 5
1395 7
1396 8
1397 10
1398 3
1399 5
1400 12
1401 8
1402 13
1403 9
1404 11
1405 4
1406 9
1407 8
1408 7
1409 9
1410 10
1411 9
1412 8
1413 6
1414 7
1415 4
1416 10
1417 10
1418 9
1419 6
1420 9
1421 4
1422 5
1423 6
1424 4
1425 7
1426 6
1427 6
1428 5
1429 8
1430 6
1431 11
1432 12
1433 13
1434 6
1435 8
1436 12
1437 10
1438 7
1439 11
1440 9
1441 8
1442 11
1443 8
1444 8
1445 6
1446 8
1447 10
1448 11
1449 13
1450 7
1451 7
1452 11
1453 10
1454 9
1455 5
1456 7
1457 7
1458 6
1459 13
1460 13
1461 9
1462 15
1463 10
1464 8
1465 9
1466 7
1467 9
1468 10
1469 8
1470 9
1471 9
1472 9
1473 14
1474 9
1475 7
1476 8
1477 8
1478 14
1479 10
1480 7
1481 13
1482 9
1483 9
1484 10
1485 7
1486 4
1487 8
1488 5
1489 4
1490 6
1491 8
1492 6
1493 9
1494 7
1495 7
1496 6
1497 7
1498 11
1499 5
1500 6
1501 13
1502 4
1503 5
1504 11
1505 7
1506 8
1507 7
1508 11
1509 13
1510 11
1511 5
1512 8
1513 9
1514 7
1515 6
1516 8
1517 10
1518 5
1519 10
1520 3
1521 8
1522 8
1523 4
1524 8
1525 9
1526 10
1527 5
1528 8
1529 11
1530 8
1531 7
1532 6
1533 6
1534 3
1535 11
1536 8
1537 4
1538 8
1539 5
1540 4
1541 7
1542 6
1543 8
1544 7
1545 5
1546 8
1547 9
1548 9
1549 8
1550 5
1551 8
1552 4
1553 8
1554 8
1555 7
1556 6
1557 5
1558 3
1559 7
1560 7
1561 10
1562 8
1563 9
1564 10
1565 6
1566 7
1567 9
1568 9
1569 8
1570 6
1571 4
1572 8
1573 11
1574 4
1575 4
1576 14
1577 6
1578 8
1579 9
1580 7
1581 8
1582 9
1583 9
1584 5
1585 9
1586 10
1587 5
1588 9
1589 5
1590 9
1591 8
1592 10
1593 9
1594 5
1595 5
1596 6
1597 7
1598 10
1599 6
1600 4
1601 9
1602 4
1603 4
1604 5
1605 6
1606 7
1607 4
1608 5
1609 7
1610 3
1611 0
1612 10
1613 6
1614 5
1615 5
1616 3
1617 4
1618 7
1619 4
1620 4
1621 3
1622 10
1623 2
1624 6
1625 8
1626 9
1627 7
1628 6
1629 8
1630 5
1631 9
1632 5
1633 4
1634 12
1635 6
1636 7
1637 6
1638 11
1639 4
1640 6
1641 6
1642 7
1643 5
1644 9
1645 5
1646 11
1647 12
1648 4
1649 6
1650 5
1651 6
1652 8
1653 8
1654 8
1655 10
1656 8
1657 5
1658 10
1659 7
1660 10
1661 16
1662 9
1663 6
1664 5
1665 11
1666 10
1667 7
1668 10
1669 6
1670 6
1671 5
1672 3
1673 5
1674 8
1675 5
1676 4
1677 4
1678 2
1679 10
1680 3
1681 3
1682 7
1683 6
1684 13
1685 10
1686 7
1687 10
1688 11
1689 10
1690 7
1691 12
1692 7
1693 10
1694 4
1695 7
1696 11
1697 7
1698 5
1699 7
1700 8
1701 5
1702 8
1703 8
1704 10
1705 8
1706 10
1707 8
1708 3
1709 5
1710 7
1711 6
1712 8
1713 13
1714 13
1715 9
1716 7
1717 6
1718 3
1719 5
1720 8
1721 2
1722 5
1723 7
1724 11
1725 4
1726 2
1727 4
1728 8
1729 8
1730 9
1731 6
1732 7
1733 5
1734 6
1735 12
1736 13
1737 5
1738 10
1739 15
1740 16
1741 14
1742 24
1743 21
1744 20
1745 17
1746 21
1747 31
1748 39
1749 47
1750 54
1751 37
1752 26
1753 31
1754 29
1755 29
1756 28
1757 39
1758 49
1759 48
1760 45
1761 41
1762 46
1763 46
1764 43
1765 53
1766 46
1767 35
1768 42
1769 31
1770 39
1771 30
1772 22
1773 24
1774 26
1775 17
1776 20
1777 25
1778 13
1779 11
1780 15
1781 11
1782 10
1783 9
1784 5
1785 8
1786 4
1787 12
1788 11
1789 11
1790 5
1791 5
1792 10
1793 12
1794 9
1795 3
1796 6
1797 7
1798 6
1799 9
1800 4
1801 12
1802 6
1803 12
1804 4
1805 5
1806 11
1807 11
1808 10
1809 5
1810 4
1811 6
1812 8
1813 11
1814 14
1815 8
1816 6
1817 6
1818 4
1819 6
1820 6
1821 3
1822 3
1823 2
1824 11
1825 6
1826 12
1827 8
1828 10
1829 12
1830 6
1831 5
1832 7
1833 6
1834 8
1835 3
1836 9
1837 12
1838 9
1839 4
1840 7
1841 6
1842 6
1843 13
1844 10
1845 4
1846 6
1847 6
1848 6
1849 9
1850 4
1851 5
1852 8
1853 12
1854 13
1855 11
1856 7
1857 4
1858 5
1859 8
1860 9
1861 8
1862 6
1863 9
1864 9
1865 6
1866 8
1867 8
1868 4
1869 13
1870 10
1871 7
1872 8
1873 6
1874 3
1875 8
1876 10
1877 11
1878 5
1879 6
1880 6
1881 4
1882 3
1883 6
1884 6
1885 2
1886 0
1887 3
1888 7
1889 7
1890 4
1891 6
1892 4
1893 8
1894 10
1895 10
1896 5
1897 8
1898 11
1899 11
1900 6
1901 2
1902 7
1903 6
1904 8
1905 8
1906 9
1907 4
1908 7
1909 10
1910 10
1911 4
1912 7
1913 10
1914 8
1915 7
1916 8
1917 8
1918 7
1919 6
1920 6
1921 2
1922 8
1923 11
1924 11
1925 4
1926 8
1927 4
1928 8
1929 8
1930 6
1931 13
1932 8
1933 6
1934 10
1935 7
1936 9
1937 11
1938 7
1939 1
1940 9
1941 10
1942 8
1943 7
1944 9
1945 6
1946 6
1947 13
1948 11
1949 7
1950 10
1951 8
1952 8
1953 5
1954 2
1955 4
1956 7
1957 13
1958 7
1959 5
1960 7
1961 8
1962 6
1963 7
1964 6
1965 9
1966 9
1967 4
1968 9
1969 13
1970 3
1971 4
1972 9
1973 6
1974 12
1975 8
1976 9
1977 10
1978 8
1979 13
1980 11
1981 8
1982 13
1983 14
1984 14
1985 14
1986 19
1987 13
1988 29
1989 21
1990 24
1991 26
1992 39
1993 36
1994 35
1995 63
1996 46
1997 62
1998 64
1999 81
2000 94
2001 107
2002 129
2003 131
2004 125
2005 142
2006 160
2007 175
2008 182
2009 182
2010 159
2011 144
2012 134
2013 139
2014 114
2015 123
2016 120
2017 132
2018 110
2019 94
2020 106
2021 91
2022 90
2023 68
2024 53
2025 35
2026 47
2027 24
2028 23
2029 14
2030 17
2031 17
2032 14
2033 4
2034 11
2035 10
2036 10
2037 5
2038 3
2039 14
2040 16
2041 6
2042 9
2043 6
2044 6
2045 8
2046 8
2047 5
2048 5
2049 5
2050 6
2051 8
2052 7
2053 7
2054 5
2055 4
2056 12
2057 5
2058 7
2059 5
2060 7
2061 5
2062 9
2063 12
2064 7
2065 5
2066 4
2067 6
2068 8
2069 6
2070 7
2071 8
2072 5
2073 8
2074 6
2075 4
2076 9
2077 6
2078 7
2079 8
2080 6
2081 5
2082 6
2083 7
2084 10
2085 2
2086 8
2087 5
2088 6
2089 4
2090 5
2091 5
2092 9
2093 4
2094 8
2095 2
2096 4
2097 2
2098 7
2099 9
2100 4
2101 7
2102 6
2103 5
2104 3
2105 5
2106 5
2107 3
2108 8
2109 7
2110 7
2111 9
2112 7
2113 4
2114 6
2115 5
2116 8
2117 9
2118 3
2119 7
2120 13
2121 7
2122 8
2123 6
2124 3
2125 5
2126 8
2127 8
2128 7
2129 7
2130 5
2131 4
2132 9
2133 6
2134 6
2135 5
2136 8
2137 5
2138 5
2139 8
2140 7
2141 6
2142 7
2143 6
2144 3
2145 4
2146 13
2147 8
2148 4
2149 4
2150 7
2151 6
2152 10
2153 3
2154 5
2155 4
2156 2
2157 6
2158 5
2159 2
2160 6
2161 7
2162 5
2163 6
2164 6
2165 6
2166 8
2167 5
2168 7
2169 5
2170 6
2171 8
2172 5
2173 8
2174 11
2175 8
2176 6
2177 11
2178 9
2179 6
2180 6
2181 10
2182 7
2183 12
2184 13
2185 10
2186 8
2187 13
2188 11
2189 16
2190 14
2191 16
2192 17
2193 14
2194 17
2195 12
2196 18
2197 23
2198 19
2199 12
2200 24
2201 27
2202 38
2203 33
2204 39
2205 31
2206 26
2207 36
2208 43
2209 32
2210 39
2211 22
2212 28
2213 26
2214 28
2215 29
2216 26
2217 22
2218 31
2219 20
2220 17
2221 17
2222 15
2223 22
2224 13
2225 16
2226 8
2227 7
2228 4
2229 4
2230 3
2231 5
2232 4
2233 4
2234 6
2235 5
2236 9
2237 5
2238 1
2239 3
2240 6
2241 7
2242 4
2243 3
2244 4
2245 3
2246 6
2247 5
2248 7
2249 5
2250 7
2251 7
2252 7
2253 6
2254 6
2255 7
2256 3
2257 4
2258 5
2259 3
2260 5
2261 5
2262 7
2263 9
2264 5
2265 7
2266 3
2267 10
2268 3
2269 6
2270 4
2271 7
2272 2
2273 6
2274 8
2275 9
2276 3
2277 9
2278 7
2279 2
2280 5
2281 5
2282 6
2283 5
2284 5
2285 4
2286 7
2287 1
2288 11
2289 3
2290 3
2291 7
2292 8
2293 9
2294 4
2295 4
2296 3
2297 6
2298 4
2299 5
2300 4
2301 3
2302 5
2303 3
2304 7
2305 5
2306 9
2307 5
2308 3
2309 3
2310 5
2311 6
2312 6
2313 8
2314 5
2315 1
2316 6
2317 2
2318 5
2319 5
2320 7
2321 4
2322 5
2323 6
2324 9
2325 3
2326 3
2327 4
2328 10
2329 2
2330 6
2331 7
2332 2
2333 2
2334 6
2335 7
2336 5
2337 6
2338 4
2339 10
2340 3
2341 4
2342 6
2343 4
2344 7
2345 8
2346 8
2347 4
2348 5
2349 5
2350 8
2351 5
2352 5
2353 4
2354 8
2355 2
2356 5
2357 4
2358 2
2359 12
2360 3
2361 7
2362 3
2363 3
2364 6
2365 9
2366 8
2367 4
2368 4
2369 6
2370 8
2371 1
2372 2
2373 3
2374 4
2375 6
2376 5
2377 7
2378 3
2379 4
2380 6
2381 3
2382 5
2383 6
2384 7
2385 5
2386 5
2387 4
2388 6
2389 8
2390 3
2391 5
2392 4
2393 3
2394 4
2395 7
2396 7
2397 4
2398 5
2399 6
2400 2
2401 6
2402 6
2403 8
2404 7
2405 5
2406 3
2407 2
2408 4
2409 5
2410 5
2411 8
2412 4
2413 6
2414 6
2415 4
2416 4
2417 4
2418 4
2419 5
2420 6
2421 3
2422 5
2423 6
2424 5
2425 9
2426 3
2427 6
2428 4
2429 8
2430 1
2431 2
2432 9
2433 5
2434 5
2435 6
2436 7
2437 6
2438 6
2439 4
2440 6
2441 2
2442 5
2443 5
2444 8
2445 3
2446 2
2447 7
2448 4
2449 1
2450 4
2451 6
2452 6
2453 5
2454 8
2455 8
2456 5
2457 9
2458 4
2459 7
2460 8
2461 5
2462 8
2463 6
2464 8
2465 6
2466 12
2467 5
2468 8
2469 22
2470 20
2471 9
2472 8
2473 10
2474 5
2475 12
2476 20
2477 20
2478 28
2479 37
2480 35
2481 26
2482 22
2483 24
2484 18
2485 41
2486 40
2487 29
2488 30
2489 14
2490 19
2491 20
2492 23
2493 12
2494 22
2495 29
2496 14
2497 21
2498 22
2499 25
2500 25
2501 10
2502 11
2503 12
2504 20
2505 17
2506 10
2507 8
2508 13
2509 9
2510 16
2511 14
2512 9
2513 7
2514 3
2515 7
2516 3
2517 4
2518 6
2519 3
2520 2
2521 3
2522 7
2523 5
2524 6
2525 8
2526 6
2527 1
2528 6
2529 4
2530 8
2531 5
2532 4
2533 7
2534 4
2535 2
2536 3
2537 6
2538 8
2539 5
2540 5
2541 9
2542 5
2543 3
2544 2
2545 7
2546 6
2547 5
2548 6
2549 9
2550 5
2551 4
2552 6
2553 2
2554 5
2555 8
2556 5
2557 6
2558 6
2559 12
